4780
1614
8431
7665
9277
-362
4361
-8591
6969
-3719
2949
6946
-9866
6413
-2912
5132
-8022
5746
8548
-445
2345
183
2366
4507
-9080
-7320
-4623
-3025
2376
6712
8137
9158
-2944
7691
3650
-2332
-5762
-9183
-2803
-60
1526
-5449
4561
-3598
-8924
4539
8106
-768
-2250
-8219
2062
6828
-8804
6676
-593
6763
-2027
6100
-8851
8118
847
-3435
-5794
7330
1389
-5822
1927
-5907
3240
53
9786
-263
-5212
3647
-6411
-3215
-855
8960
6420
233
-1560
-4289
5343
667
-328
-3150
-8440
-2142
-21
-9704
-4265
-4169
2995
3495
-8665
7584
-8062
-8149
8772
-9851
-2681
9000
-2581
-8089
-8432
7052
-8874
-4661
-8913
-5891
-3180
4226
16
-1060
5074
-4325
6357
4721
8299
8866
-9949
-2626
-2630
8626
1737
226
-6016
-4683
2873
7801
8646
5018
-7245
-3641
-7461
8968
-5415
-633
-61
-1287
-6425
1594
7694
-139
-4023
2483
1680
-2566
-9824
8561
8978
-5389
-3439
4317
1956
234
1784
-5102
4582
-4909
-7216
9438
4525
-2260
3345
-6697
7688
-2587
217
-8513
-1772
-898
5801
-3224
5241
3220
-211
-7385
-7579
878
-3986
7450
969
-7022
4079
5304
-5990
-6851
6770
-1946
-8345
5229
-9098
4737
8920
-642
-5646
-6231
-5949
5734
-8765
-8760
-9918
7735
-3889
-4162
6401
6407
1259
-1173
-3085
-4412
8005
-7411
7720
-3440
-6534
9393
1836
-9840
195
9088
4583
-8693
-9568
-2305
-7182
6288
6745
-1457
5690
9070
-8992
-5217
-27
-1121
379
149
-5510
-1906
9762
-9598
-8237
7195
5086
-1051
-8361
5743
7812
2477
-9473
3402
-6628
-5849
4959
-5211
-8572
9013
5380
-9160
2977
5035
-6867
3037
-7581
5240
8955
9372
739
-11
-5889
-543
1467
5393
-5081
7838
5017
-3680
282
6570
8378
-3856
-2282
7016
6484
-1062
5700
4445
4917
-7019
5655
-8389
1482
-7198
-6283
8511
-85
-974
-3124
-2498
9531
-8562
-1877
6912
-7287
-2134
-7430
3950
160
3222
-9264
-3925
892
9261
-8800
1638
9571
-4897
4808
1539
817
1529
3103
-4273
3201
373
1940
-1139
-5429
-3219
5906
4456
-8093
3626
-6043
5964
107
2835
8474
-4437
-1205
-7178
-2202
2993
8543
-296
-2137
-4617
-7851
1970
2251
5857
-4385
6357
1938
3863
-5794
-6789
2198
-8852
-5195
5218
1812
8212
-3727
-1151
-7745
5989
-9188
7276
3328
5885
-8561
6275
3302
7472
-9988
-4938
-6873
7280
-1594
6868
6015
-6902
876
-65
-6295
-3891
-2732
7930
-4212
3802
6966
-8702
-6849
7846
3727
-8670
-3934
-31
-8050
-6920
-9665
4540
3314
-5537
-1928
-5522
7389
7563
-2604
-6430
3012
-4218
-7927
7094
7386
-5172
-189
331
-1580
9490
-5948
5440
-6121
-3313
5983
3412
7294
-2154
-5090
-3581
3722
-6065
-7020
-862
457
-1524
2299
-5732
-3461
252
1676
-5768
9623
4903
2263
-8093
6927
6058
4729
-6449
-3057
2534
7466
-4760
-697
-2775
3179
-4625
5764
2664
-6385
-2896
-211
5446
-8680
-320
9074
2076
272
-531
-1467
-3149
-2750
-9785
-6101
2769
5765
-5886
-7848
791
7014
1920
-4105
9079
6216
-9783
-6487
7289
3683
-3434
-5948
3223
2480
-8538
-5798
7316
-7603
3610
1811
-1611
8426
1005
2008
8936
-9235
7488
7735
-7317
-1124
-3278
-5660
3002
1271
2373
7264
9462
948
6667
-5717
1509
-7859
4767
-7376
-104
-4403
8747
5878
5263
-1967
-8166
1039
6242
-3562
1951
-9531
8661
5500
9619
7928
-7274
-3250
2956
7811
-3880
-1193
5956
-468
-4356
982
1205
428
-8558
8871
6438
143
-6371
-621
-203
-7095
4132
-7158
1914
8682
-3753
8872
-5893
-6249
7702
-987
5933
-6192
-5914
-9087
-1674
8450
-2484
-1756
-2729
8265
-4922
9454
-2657
6701
1325
-9957
-815
9613
-8947
-5406
-3741
-4755
2491
6001
-7579
9291
6438
2556
-5000
-4597
8057
9193
1179
-9131
4679
5724
-4294
-3309
-5814
395
-8739
1590
-2356
-808
-5484
-8972
9131
9553
8209
5680
-335
-640
884
-8184
4970
-5360
2786
2863
-8616
9575
5047
-1243
9997
4845
4942
-313
6615
1628
-6294
4065
7266
-8896
-464
-5832
817
4586
-9613
-3606
-1307
9314
-6103
-8680
822
8791
3711
-3864
2121
8401
-5007
5872
5965
8337
317
415
-2126
4534
-4321
-8129
-8101
8467
-5450
9946
5075
3456
-7366
-6158
7602
-6447
-7183
-2797
6485
3955
1178
-747
1865
-5741
-3637
7114
-7620
9448
-9973
8278
-7913
8277
7500
9914
-3339
-387
-6595
3098
-7294
-3455
-3716
9105
-1723
7388
-5888
3972
-968
8164
6502
1701
8333
-8078
9341
-577
1193
-8340
2419
-6721
-7717
4154
-7851
-4479
-8106
6163
8450
-8031
-1370
9273
-9946
3355
5860
572
1658
6728
-8042
-472
8287
-2412
-3731
-9600
-822
-6397
-345
-4710
132
3858
-7696
2208
3715
-8529
1422
8386
8155
1739
7970
5791
-1474
4266
-2455
-8455
66
2923
-5765
2548
-7099
3888
-5475
4057
-4237
-7673
-8710
-750
8680
-3449
-9826
8631
-8737
1828
-6536
-4298
-8966
5076
8398
-8329
4049
-858
4327
-1931
-2003
7374
5415
3456
-5198
649
8500
-8330
-4321
-9573
6067
3564
-1214
-5610
-3274
-7303
-5746
-9005
-2044
-6233
7555
309
8746
-2076
-2795
5962
3172
-3178
694
-1796
-5911
4485
800
-991
-8424
-8743
-5144
-9149
-2070
5915
5539
2086
-1477
7608
8216
8472
2969
-9584
-2131
-2902
9822
-4215
-9897
-2918
-996
-4575
309
8908
3866
-3349
-8023
-4
-9305
-6706
-1317
5830
5395
-138
4064
6341
-6812
6201
-82
155
-663
-7770
1022
1982
9586
-6745
-2937
-9612
-9454
-9185
-5315
-6852
8164
-6289
1932
8353
6995
-6191
3790
6745
-1995
-8456
-8
6943
-2616
-3115
4265
-2391
5084
-1636
4409
-7665
-6443
1836
1474
7931
-1978
-9472
1073
4302
-2794
9312
-8267
-6755
2324
-9796
4385
-8665
-7816
550
-4023
-2141
5985
3257
4027
-906
4997
-5636
-7669
4573
8847
2332
7919
-9838
-2212
-7361
3255
-6768
-4087
6846
2907
2377
-7037
878
6126
6563
4128
-1924
-8410
3289
9144
-9721
-7585
-3533
3747
4257
-6752
5704
-4255
9417
-6981
1463
1545
9980
-2338
9318
6885
-8170
1136
-8085
-3022
757
987
-5752
233
4993
9725
4611
6138
1628
9089
-9828
-4236
125
-2901
-2024
-330
2574
8690
533
-6436
7541
6858
-3955
-4549
-3115
5355
-9245
-2186
-4225
-1662
3743
4615
4921
6659
5000
-6976
-6291
-1060
9118
6216
-1143
8702
3860
-787
-7729
-4530
-1751
-6415
-4831
9624
2642
-427
4892
2382
-8154
-1730
-8161
5596
-7726
-5824
2778
-1320
-4388
-4830
6007
9539
7804
2670
7828
1514
-3885
211
-8027
-2096
5340
-773
1815
-5243
-7882
6874
7677
-9371
3266
1769
-1023
5847
3988
-188
4233
-4236
8399
-9794
-919
5406
-6795
-5348
-1154
3389
-9883
1709
4501
8101
-144
-7080
5028
-7018
8330
-265
4691
4333
8756
8978
4089
1898
-2438
8410
-3959
-9376
-3728
9244
3238
7725
-5952
-9656
379
7109
6273
-7319
9786
4813
-1895
-6007
-7482
-8816
-595
-2855
4584
-4922
-6213
-4273
-5496
-5548
-7827
897
8841
7532
8413
-9374
-7178
3670
-4993
9645
2859
532
-3537
-4136
2951
3220
1474
2653
-1297
-2051
3362
2924
-2427
-9144
456
5690
-7582
-9654
-4776
8658
1160
6838
5345
1653
9753
225
-3598
366
-855
8561
4252
-1528
3377
3757
-4049
409
359
5977
8257
-7866
-8376
3796
-55
6982
5707
4321
-3652
1172
5446
-3312
-4651
5111
9122
-925
-1228
-4576
-2928
-9242
5540
-9164
4045
8248
-4001
9491
-2965
6592
1916
7198
2923
-691
-2556
-5581
6240
2210
-7663
3822
8650
8703
7481
-4839
4490
9124
-5166
1789
6069
4797
2180
4301
5106
-1025
1136
-2645
-4444
5068
5421
5444
-2275
-2659
-9138
-1097
664
-827
-6356
-2334
2502
7954
950
-5075
-6826
3207
-9499
2814
3884
-452
-8727
-2738
-2322
-465
-280
104
1975
7605
8731
5158
-3094
8682
-9318
-4992
-7303
8272
-4329
2456
1855
-8657
-2955
895
4011
4869
9092
9095
-5512
-7598
8785
-3877
-8556
9324
7819
3508
4885
7086
-6672
-212
3187
943
-1477
-8315
2114
1819
7685
4191
-9195
-7682
1757
-3246
-3404
-5474
-1907
8506
-2350
6344
5000
-5954
5998
1858
5066
-3512
3722
4966
8833
876
1095
7420
9867
4918
-196
5190
2758
-4389
-4252
8547
-2679
9134
-1347
-9434
-4431
-1795
-6607
239
5139
-3221
-8467
-2741
-6499
4287
4378
-8364
-4019
9119
-3699
3636
5654
907
-5103
9873
-7201
-3593
-4705
2113
1189
-4892
-8209
-3654
8725
-4618
3616
996
-5593
7345
8776
-4733
579
7
-9313
1079
9130
9843
555
6300
1341
524
-9230
-6055
-3978
5981
4937
2736
-4247
-3970
-3053
-7629
-6314
-2372
-241
4721
-6524
-1741
-4742
9793
-1108
-4130
5169
-9579
-2883
-6117
5533
9519
4430
-3246
-9892
615
-9846
-7122
-8061
-4642
6306
-369
-7373
4734
3778
9336
-8892
5980
2486
-2667
-7726
9882
6116
-2280
3093
-6287
540
-5772
7115
-6654
4979
-7248
-6758
89
8763
-5928
-341
-2285
-1857
484
8491
-2570
1710
1652
-4591
877
8671
-5525
2852
-5445
5178
9030
3351
-2452
-7650
-8906
7919
880
-1094
2411
4934
-7097
-7554
-2712
-4640
6866
4820
-7185
-7578
-8198
-1321
1639
8954
2474
-8001
-9326
-1968
-8207
-9371
3382
-8478
7293
-4057
-5899
-8142
-8655
7247
-1457
4534
8319
-4592
-134
-9655
-7200
6163
2924
6383
-3121
-5686
-8641
-141
-6818
1374
1488
3197
1750
-8079
5229
-6198
-8288
-7109
1613
6936
-3155
-8502
89
7506
988
8452
716
-7072
-1648
3216
4058
-5146
1397
-7156
-4028
5223
8600
2630
7541
-9229
7499
5295
9514
3881
-4055
-4770
-5773
-7275
3706
7942
-2254
-5255
3479
-7180
-7283
3764
8778
4164
5727
220
8422
-231
8071
2503
6573
-6014
-4681
-784
9197
2104
-3337
6733
1267
-7021
9129
4898
5461
9693
-4251
-156
-4004
-5547
9157
9548
-7226
-7281
2720
-9083
-9326
-2579
-3279
-5922
-5788
64
-7107
-4988
3192
6546
2118
5837
-3907
719
2078
-9719
-7207
-2872
-8103
-6602
-99
8271
7297
9148
-1602
7042
-8808
8431
-4419
1312
-84
1863
3596
3865
2236
6967
8904
4921
6757
6402
-5320
8487
4010
-4590
-4308
25
-3130
523
-287
8156
6146
-3250
-3047
-2788
8118
6818
-9413
-4457
-9515
1564
-9626
-7429
9016
-5851
7076
-4048
-4247
-684
-8518
1091
-2967
-6306
6317
7891
-4572
-4642
349
-3349
-3000
5183
4393
6907
5011
9084
8719
6061
-2447
1594
5372
-2158
9122
7487
5431
-1896
-5344
-4798
4840
-1911
3930
-8395
-2230
-5072
-1563
-7317
-8244
-3294
9724
5596
3738
-6259
-1064
1023
7784
244
3221
7916
-611
-4187
957
4010
-61
4410
4054
6992
-8946
7565
-4748
-430
-3217
3606
9701
3773
-2983
-2521
-9779
-9801
-9886
-1657
4919
2450
8081
7177
4029
-2310
-1641
-1347
3315
2673
5201
-1041
502
-494
-945
-8424
-6867
7775
1643
5774
2862
7108
7928
1708
3105
7859
-7317
-3234
6039
9056
8771
-6749
-2217
-2726
1488
-4392
-8483
-271
7279
-8563
-1487
6907
6186
-6512
-2926
-3316
3105
-8024
2038
7333
-5761
6918
9826
9122
5551
4093
-5074
3361
5479
9951
7431
-2881
-2417
-1923
-1484
-9131
-9972
4805
6743
-5186
-3464
8479
2379
-7283
2054
-8983
347
-9400
6455
-5017
-1240
6153
-9716
-4535
-1761
-7483
8561
9336
2210
8640
-306
-8630
-1755
1344
-144
-1287
1124
-2877
9420
4892
5269
4984
-573
4859
2366
4229
5908
-2816
8226
-591
-4843
-5733
9238
-2011
6040
-1434
1285
8498
6360
-2174
-8394
5798
9713
-1068
4461
-3536
2859
2244
5487
3799
1474
-9000
-1242
-6461
-9819
9327
7549
-2338
2424
-1005
7316
-2966
6817
5213
-4761
-1209
-8885
4625
-8685
4454
5696
-5333
-4625
7581
-405
6957
8609
7551
9823
6450
-9508
2822
8185
-189
-6545
3421
-4641
2325
1455
2396
-9502
-741
403
9203
-7293
9256
4415
-2476
4537
1097
-1403
7106
-6068
-1400
5735
7399
-3496
7087
-7010
-5526
-8981
2373
-9603
-6047
-7369
8504
6069
-1797
3071
5241
6040
-3608
8609
6912
-5902
-1753
-2235
-9952
1636
-2906
6724
-4440
-4835
1335
-9312
7702
-1220
-3104
1403
6115
-5880
7311
-3416
8115
-1960
-2388
2463
-937
-4678
7230
-2745
-6479
188
-4988
8827
-9707
-3811
-4018
-3192
-6272
-7973
-866
1645
-5102
8701
-1074
4528
293
-305
-6597
8404
7931
3921
-3556
-6747
8663
-590
3981
7454
3676
-6932
6243
-94
-7891
566
-9641
-1630
4962
9429
-7532
-6071
892
-4698
2879
-6606
-3415
-7342
5117
905
7650
6708
6743
-5883
2176
4627
-3207
6064
1983
-3629
4839
-3577
-3276
-9561
-3431
3633
-5679
3338
6336
782
-5587
-5917
3143
-3162
-6999
-3222
-7611
-2789
5361
-9124
2502
1107
-2000
-2437
7873
6570
-1427
-8613
-3589
6525
-6184
-1440
3023
1731
9069
6300
5736
2820
9810
-7361
-6371
8096
3624
-6407
-9746
4211
5425
-9797
4473
-3596
1352
-531
923
8767
1869
-2790
7165
4809
-5697
-5498
6850
1194
1954
5838
-1284
7851
-1833
9529
-5257
-8640
-8726
-3006
5897
-5161
8497
3006
4345
-2719
-2444
-3552
3796
-9994
9351
7821
6776
248
-8320
9701
5195
-793
-621
2449
9687
-8162
3403
-5045
2801
5262
-4520
-2394
9841
-1117
-5016
-7190
789
-8697
-5502
-2982
7265
6921
422
8948
5788
-4337
-8842
-275
-4978
-3162
4185
-799
-8305
-864
-3442
-3138
190
-4720
-3498
-2310
-3169
4873
9488
-8207
-5776
3414
7905
-4790
-1098
5100
-4356
2428
1769
-1870
-8507
-687
-1611
-5583
-9573
6700
9259
7821
-2360
522
7187
5882
-6043
-960
-1255
-4257
8350
31
5079
-4934
-4917
-5021
6091
-1574
8219
-2182
-1178
-1008
1037
3174
9306
-5743
-9128
9532
9104
-6830
-2316
-5908
2425
99
6243
-6320
-2110
2356
-4267
-2042
-798
-6296
7913
1939
-1019
6352
6836
3892
7771
3153
3407
2982
3853
-4982
6355
-3132
8810
-7947
-5279
-129
4962
691
-6874
1856
4763
-4297
-1399
-3071
9306
4804
-9983
2503
4812
823
3588
-6002
8621
-310
-880
6869
715
9865
-5317
4176
2365
275
-9494
-9582
405
4841
-7350
-9850
-7224
-2737
-4894
-4472
5302
1222
7865
480
-3749
2170
1692
-8190
6741
-4311
-6651
2609
8720
-4175
5889
417
-9889
2080
4294
5016
-1616
7438
6408
1983
2988
4773
-5786
-3251
-2556
-9764
-708
-1280
1098
9172
-7268
4235
-2480
7704
6056
-9655
-1033
-643
3634
-2021
-2976
6921
4692
-1376
-6759
-2916
6652
9819
-9934
-4020
-1762
-1016
7471
-8658
3858
-7146
6944
3391
-4556
2050
5350
8712
-6661
8138
5081
5680
6474
-5026
-6793
-3467
4534
8146
-8583
2001
-2029
-876
5455
-1733
7787
8845
9827
4380
-5290
-8925
-6717
-6181
3628
8032
717
564
-359
9975
-5865
9688
6323
9950
-3313
-513
7851
-8948
-4358
-821
1358
-2188
-1536
7218
-8621
449
-3026
-5690
9145
-6657
-2904
2342
-4378
-1068
9758
1195
92
7519
-6190
8515
188
-1291
1977
8894
-1634
-6964
965
-6800
-4124
8206
-2974
-9094
-3308
-2489
-1046
-3356
-128
-5342
8700
-5625
9947
-7702
-6974
6567
-8812
6140
-915
6270
-7495
-8890
-3508
1327
-5171
7953
1529
-7114
394
-1981
-2890
-4119
-971
3014
-2135
8715
8669
-2662
2480
-2069
558
-1304
2196
281
8039
-1212
8212
5311
-1114
5682
4910
3993
6588
8340
437
394
7718
-4966
-5560
-9002
-3182
-9652
6197
6432
7224
-6828
-1823
4476
-8363
-5127
8538
8077
-8437
-9106
6138
-8348
-5732
5778
5428
1234
-4270
-3026
-3735
813
7032
8976
-9529
7086
-932
-8418
6700
4107
-7742
-5220
5348
-3914
6224
-8228
-3238
7627
-8965
131
-8238
1352
1816
-3685
3884
6989
-6456
8454
4409
7934
6748
4374
-9049
-5594
-4300
6607
-9418
-3984
-3202
5545
6442
-4382
-4648
6274
3774
1252
-6025
-3893
2758
3899
7692
4310
-797
2146
7445
-8855
-321
9570
-6063
2795
-4560
268
-3396
7740
7768
3428
9050
3877
8870
6414
4987
-3788
6923
-5705
-3161
2764
8907
-8787
9954
9417
9148
7217
1026
1215
3562
7315
-6423
-3439
-5108
699
1306
-3402
-42
-5361
2674
6380
1556
9298
80
-7925
4416
-7247
6143
-296
4656
3564
4176
8472
6461
-3959
1798
2941
-2663
6560
5982
-3075
-61
-772
-6341
-7013
-3071
2478
-6556
-4027
9941
7754
-9378
4909
7870
1327
-7232
-5892
-434
8650
-6448
9756
3208
5579
-3178
6819
1976
-194
4767
4534
-7861
-1247
7613
-7006
-493
9923
4607
-4754
-7915
9167
6994
-2447
3912
9478
3682
7846
2843
-314
-4268
-6078
-9243
-8686
-2781
9462
8940
-4410
3418
-1326
-2734
-650
103
-346
909
6431
-8055
-2588
6486
-6220
2996
9805
1797
-8124
-1843
-7865
-5169
4110
6042
8156
-4841
8658
-7957
6707
6692
8348
4551
8163
-9880
4559
-4466
-9149
-5971
4126
7977
-628
-2160
-9042
-5876
-1322
-9467
-9095
-8305
-3831
-4279
-4566
3077
8923
-5295
688
-1864
-8550
-8289
2336
-8863
86
-3237
-3191
4313
2249
-6142
-7149
1581
-9644
2452
5113
7690
-5565
2547
6467
-5420
-6828
8243
6870
7998
6136
-1815
-2953
-6420
-2936
6061
7321
6384
2802
-838
-8322
2298
-5628
-5347
8970
-9875
-2746
2620
-9337
5857
9007
8983
3396
9472
-3726
-6999
2204
-6636
9070
-1971
2191
-5308
4901
-4705
7244
-8542
-77
-7569
6304
-670
6217
-2660
-7180
4449
-1171
8517
-8353
-3077
-7348
-5830
3358
-4389
810
-2522
2843
-7777
7041
-1444
-9333
-324
1156
843
1911
-2710
-4887
-9911
-3721
-9205
359
-1450
-8613
-4431
-9867
9002
-1324
8179
-2289
-2602
513
-7732
8149
7835
4731
-255
-3425
-3104
-8529
3430
-8642
-3281
9274
954
1407
-7874
1630
-3743
-2097
-7105
-8461
2278
-6877
6350
9199
7114
9881
6969
-5402
1013
-3406
8875
5078
7761
-4383
-9263
9202
-9125
-6076
-1747
-7144
2592
168
5523
-1830
-2744
9408
3291
1793
-7539
-4105
-4358
-7765
937
-4426
-9179
-3846
-5865
-1027
-2642
-6126
-2388
433
1155
-5035
1063
8797
-3895
4595
3173
4531
8376
-1514
-6511
4150
7086
5336
-2653
8675
-7486
-1153
4245
2032
-1051
839
-6462
3039
4148
-9126
-6967
4947
7131
-4785
-6184
-8323
-8147
-4003
2715
4870
-1999
9412
-389
812
8580
6159
9418
-6023
-4960
872
3161
2895
8586
7735
5898
-8982
-1466
-3193
-604
7646
-2771
-5583
7757
-8133
6100
-8622
-7480
1334
4844
917
-8831
7505
3600
-2913
1631
-7502
-5654
7383
-8472
8336
-3371
-8327
-5789
-58
9687
1580
-3377
-9341
-5157
-192
-8706
-6798
3714
6916
-8894
9478
-7792
3002
381
1667
-4029
5295
-2088
-1918
-9525
-4027
8666
2420
9407
-5235
-1418
8864
9831
1584
-8923
2652
2409
3923
9430
-1987
970
-626
-1559
-7050
-4272
7326
4370
-8614
3649
-9961
-6933
3773
9059
-2944
-9489
-5414
7165
-1297
-4437
5247
1869
2529
935
7453
49
6764
2857
7340
-773
-9149
-3316
1599
992
7845
8907
4290
-4245
4625
-4190
-2495
6699
-2436
3816
3608
-7150
7377
9462
-3655
-1502
-476
2783
9061
5231
-9249
5473
692
4020
950
-1997
-9627
-3742
-5857
6383
2182
2500
-4046
-4389
-7875
-6170
-7443
-8142
-4653
2344
-5341
-5158
7433
9320
3552
-2852
-4159
1054
7440
1983
2373
9306
7928
-2623
-5509
-3343
-1445
-4965
9706
2287
-5841
-8682
8153
-6356
-608
-5386
426
-4852
4082
6797
-9876
8745
4229
-8029
-2277
4471
3363
9663
1997
1692
5606
3176
-8430
-8492
-8382
-9344
-1382
1953
-3272
-6289
391
-4233
-979
8530
-8690
3838
-9301
7420
7904
262
-9161
5719
-3090
-99
4217
7300
-3157
-7174
8321
-4773
7583
4125
5578
-2439
-1741
5007
-6742
-8672
-9600
9000
850
7626
-9439
3820
2161
2898
-1290
-865
4395
659
-167
-4246
1566
5259
6801
7185
2523
9995
-9751
2310
-636
-8693
2203
2435
-4011
-2878
-4120
-6203
-3800
-3448
3353
3469
9151
-6286
7390
-3241
4247
-3079
8673
4166
4695
-6536
-1516
2282
-5684
6099
-7893
8121
1168
3466
-2304
-3198
8905
-9777
-6151
-4637
5881
-3374
8705
6164
-3636
-394
1336
-9485
370
-8004
9821
3557
-988
-4699
-9564
1404
-5478
-5640
-4862
-8598
-4607
8134
2756
-6816
3848
-2697
8482
41
-7839
9934
-4218
-3431
9587
-2762
7735
8640
-6384
-8988
-5762
7244
5427
-3391
2092
-3868
3432
5533
-8001
4531
-6349
-5613
4776
3245
1570
-8087
9989
8361
-6775
-1157
-7534
-2830
720
7798
6110
-3968
6065
-4708
7009
7941
9743
893
-3983
4388
9474
-4663
-6363
163
4673
4517
6998
-3476
9682
6843
6278
-6467
-1935
-987
9222
-9478
8765
-7461
-7851
3426
-5658
9987
-3675
-5444
-3432
-3356
-5455
-3040
-7018
-2064
-6912
9527
9028
1233
2263
4889
-2792
-3003
326
3170
-7419
-8224
9395
190
1009
4097
6373
-6871
2469
-8127
4575
-8781
4684
-7268
7469
-7283
-4496
1968
-4085
6425
-1595
-634
-3351
9955
-5674
5673
-3028
-9382
-8995
647
-249
5202
4947
-9252
-4948
-426
-15
2691
1721
-4234
5393
7236
7298
9335
-3439
7963
-880
-8616
-7095
-2645
-2048
2770
-2736
-1694
-5776
8100
-3811
3080
-3751
161
499
7246
5480
-7781
-5141
1364
-3303
-1928
7681
2019
9504
764
-9594
1157
-9121
9350
9779
6988
4069
8048
4126
1426
2813
3342
-9666
-3976
4429
-9290
-834
6114
-3622
-9833
-8531
-4064
7903
2145
2108
-8045
-9106
-1682
-7634
2334
-7767
2328
-1281
-7675
9681
439
-6768
7560
-7086
-4784
-9726
-383
4586
9696
-4316
9786
1772
4874
5357
9394
7421
6798
-8486
1779
-6414
3762
9989
6743
2268
-174
5488
5255
-6755
7941
-3148
-226
6985
-7455
-3853
9420
-5408
1377
-8114
-6498
-2341
-2822
1201
-4090
-1106
8387
4310
5792
-3100
-6059
5500
3929
6256
8080
-7654
154
1665
-2115
4896
694
-4633
-7459
6489
3489
-7621
-3487
-6134
-6718
6313
-8606
48
6004
437
-4921
4715
8929
1778
-9493
-7907
461
7887
5817
-2485
6592
2412
-8348
-8085
-1030
-3124
8678
99
3133
6794
3590
5262
-9103
-7578
8862
-6332
4865
-4708
-5867
6929
5645
1695
7804
-4733
-4945
-2754
-5615
-3788
-1131
8964
5483
-126
3274
3949
2067
283
6179
-8554
2437
-2567
7468
-3500
-3821
3235
8353
-8338
-2371
-9710
-7760
9252
-1040
6406
5539
7108
-5230
-178
-6828
-4822
-4447
-456
556
-5403
57
6995
-1959
-2472
5133
1461
-1283
-5289
-5415
6490
20
-7172
-9761
5332
-2861
-7815
8849
-2143
-4988
6050
1306
-6453
-5057
-2491
-4338
-8757
1205
9660
-8289
-2309
-6874
-3826
3859
2343
9221
-3752
-4588
-947
-3123
-8968
741
-2003
-3708
-2417
265
9304
-1402
-922
-786
-2135
1736
-228
-179
3607
8920
-1366
3523
5159
-8470
-9623
4357
9809
-9256
5213
-1816
3936
-348
-1189
8344
9096
5403
-3873
4551
-6467
6477
-6287
7385
-7784
4216
469
-2950
-9262
-1567
8769
4149
8839
711
5883
9072
-3639
7631
98
-2240
-7122
-7508
-3024
737
7908
-8241
-3646
-2306
5003
-5278
627
-5584
-9680
4441
5429
-322
-1777
7233
-6884
8074
98
2027
-5642
-2007
-5253
-7252
2074
8910
7160
4843
6741
8755
-7308
9591
-5915
-8819
-6656
7018
-4605
-8731
-6233
-1733
7662
4161
2365
6310
-7933
-1705
-4340
-4778
334
-6573
-6131
9612
4
6883
39
4589
6739
-3296
-4563
-5623
-7870
-8956
6974
3822
-5766
7060
8252
6116
1964
6965
497
-7772
3200
2430
2255
9234
-444
-6026
-4390
1513
2436
2478
9834
6983
2816
-7148
3456
-7689
8144
8797
-4697
9082
-8924
3902
2692
-1331
6032
41
3832
-2484
-1949
9526
-2434
1770
-816
-237
9712
3030
-2831
8916
384
8403
590
-5796
-9546
-8816
-6117
5273
9361
-4216
-6413
-9179
-3611
2954
-1403
4620
-2764
-8133
-7642
-9890
-9259
1515
-6082
-919
173
1967
-7139
-8169
-5451
-2775
6675
-7071
8358
-776
-6546
4524
6699
-5762
1070
3435
5128
-5086
7980
-8203
-3477
-5743
9248
-2208
1976
9318
82
7136
-7516
812
4598
9119
9856
1855
-1673
8121
-517
9097
573
-7767
-3577
637
-1207
3074
-7664
-8649
-5850
-6223
-1477
9923
4216
-1288
-4999
6245
4741
-3635
-6007
8864
6072
9757
-9907
1802
2373
-1300
-6739
9441
9057
-6226
4959
4659
3439
-2405
-731
-9032
-8203
-4717
6630
-897
8232
-5064
422
3564
989
6196
-9591
-7892
-5328
-8774
-286
7941
1417
-4411
7502
8871
-7786
8151
4222
3727
-2660
8569
7185
-9128
-9112
-297
-1880
-8616
2611
974
7950
-7060
6877
7033
-3491
4321
4167
-4866
-944
3779
-7335
-8827
-9542
2051
3227
-8470
-3364
-3737
5779
2545
1885
4959
-4412
2155
-6956
-5628
3421
-3296
-4505
949
-5188
5987
4403
-3493
8289
-1236
1960
8598
4148
2016
4672
8306
-3380
-5461
6669
9205
-4138
-62
4433
-4438
-1271
-4955
-8479
3414
-2777
5105
-2120
7118
8770
9718
-6028
-8778
9685
-9938
-273
347
-1265
5335
2319
-422
-780
305
-5107
8387
2392
3236
-3413
-6812
-592
-6943
1265
9705
-7975
-6207
-8424
-445
4959
7005
-547
-2651
-1927
-6176
-201
9050
9841
-95
-471
-3678
5954
-447
7604
3677
8315
-2571
5316
-6696
27
-9837
4765
-7627
-4473
-1882
2513
2464
-1756
2219
-1722
686
-5473
-8496
1565
7484
5108
-9912
2060
-840
-3951
-1825
-1606
-5237
-4959
-341
-5420
7593
243
-6565
-7934
-5930
7942
7268
-9562
3482
-8583
-911
-359
1826
-8849
966
7379
5710
5900
863
1806
5328
5943
2766
6639
-9012
-6775
6151
7741
5466
-3430
-3117
-1511
8828
5596
-7163
37
-6886
-2842
-1787
458
-9393
-7139
-6074
299
-861
2794
-7149
1353
1005
8398
5975
-7082
-4709
-2858
-4648
1036
-2514
-4272
6198
-2649
-2590
9012
-8003
-4284
-1939
-4381
6437
-1099
-9594
8024
-8646
9116
1329
2241
7772
-9729
1306
-7029
7786
2495
-1254
4860
-698
6119
4953
-6242
321
-2941
-4814
-2889
9569
-8
-3411
-7010
7803
-8397
-1723
9657
9930
-255
-572
3083
231
-8697
6224
9188
-9168
-7570
629
4491
9796
5731
-4432
9708
-233
-64
-6668
-5115
-5019
-6297
-9751
-2990
-935
-8562
-1833
6395
-9530
-7068
9861
-9843
3640
-710
-7884
-8768
-9192
3745
-6886
-5247
-4401
-6023
-3508
4037
9819
1138
-8546
7843
7846
-2353
7653
633
6542
7962
7488
3569
4773
-632
5570
-94
-2183
-4398
-7124
6194
-94
1455
-1766
9050
5420
-2917
2474
8609
-689
-6219
-8928
-7585
7629
-9117
-9528
-1307
6674
6618
-1401
-7676
7928
-1884
-2155
8269
2978
7778
-588
4672
2218
-7699
-3984
-2894
3391
-8532
3895
-7309
-1595
-2256
8399
12
-9317
-1356
4710
6295
-9803
2151
6918
4025
9580
-6338
9390
3295
1055
-6737
1362
-8210
-4681
2206
-8595
-8878
-3651
-9530
638
-6600
5004
3381
3479
-7506
-4945
-1058
-1380
-4976
-4112
8913
-2953
-3229
2813
9974
2381
9116
-7609
7278
553
-2290
8514
-441
-8784
-8330
-7352
197
-1083
4599
8126
1981
-631
7744
8357
-6814
-6384
8025
5075
-7501
-1983
-9277
-4495
-9031
5714
1859
-5825
-3068
2563
2435
1904
-4023
-5487
-7997
-1511
6083
-2500
-132
4704
3358
-9070
288
-4361
-6629
4564
-8988
5468
-1477
8233
2730
-2411
-9303
2168
-3041
689
3408
4967
6184
-1710
396
1690
2985
3649
5257
2714
-7618
-7484
2711
8568
5969
4642
6541
3474
-9220
-5741
3766
-4620
7120
-4190
5731
-4615
-2416
-6320
-6911
-6395
-6185
-1338
1791
-1630
8954
2101
-2281
-9190
2496
-346
9253
743
-1005
-7136
6581
-1483
9842
-8463
656
9218
-6170
-5819
7730
-8764
1270
119
-6165
-9350
-2694
2302
9631
-8989
2394
8028
5997
1161
-7774
6890
5984
5256
-9634
-6881
-6847
-4258
-7247
3695
-3249
-2163
6441
8788
-7819
1399
-4584
7174
9032
1515
-8879
-3964
1331
-7700
7486
9038
1425
5610
8230
-625
-6105
7286
9796
6543
1509
-5568
-3646
-838
2387
2834
-2317
1087
185
6876
4348
-5021
-9709
9281
-5663
751
-7250
2245
-8856
4405
5899
-9099
-6384
168
-3026
3283
-8828
5105
1337
-8735
7244
5542
176
1708
-8949
6610
-7221
231
6296
-8487
-5802
7383
-4811
8901
3036
9043
-6099
1286
-3130
-4253
-7127
-726
9120
-4135
-7369
4398
9661
-3434
-5569
1474
6800
-161
-8592
9048
1444
8988
2701
-5450
-609
-327
-7371
3774
-7733
-7004
9967
8515
6424
-9189
1746
8290
2055
-2428
-556
1238
-3957
1421
-2776
-6535
3971
-6952
-2644
-4036
-5559
-6795
-2175
7881
-7641
-6937
2275
7250
-5460
-4622
-8042
-176
4410
9412
-8599
-3654
-6778
6321
9389
1154
-5285
563
6443
7517
-2907
-9660
7041
1295
-412
-9870
-367
1614
-2932
-9552
5550
4687
-8305
7178
4140
4368
-5592
-3132
814
-7342
9019
6254
5443
0
-2388
812
-1642
1152
-6782
8029
6508
7603
-6546
4574
1693
7831
-9232
1274
8572
4048
6626
-2071
-3632
5744
-6822
-2712
-7221
-3928
2350
5051
9264
-8832
-1705
2235
-4281
8107
-4697
-5852
-5086
5584
-355
-7689
2611
9634
5117
-6626
-6867
1161
8575
5679
4252
1074
-2084
1094
855
-3732
196
876
-3293
-8082
7804
-1222
6925
-6102
4625
-7975
1853
-2049
-9440
6056
-5727
-8281
9170
8172
-1926
-6429
8696
-9624
9719
-9403
-4434
380
3433
359
-6919
-1167
-3049
8836
-4721
4374
3300
-6278
2464
-4572
-9195
3790
-1535
-5661
-7507
4598
4241
8291
9614
6679
-449
-6564
-9508
-6848
-5255
3983
-7355
8960
-3469
-6850
7714
1725
-3987
6540
-1257
335
-926
-8189
-6550
-592
1070
1077
-6708
3177
4144
1356
9652
-2618
6725
-3625
-4760
3562
538
1798
-8903
-3427
-5076
-4781
-4343
-9492
6612
117
-1965
-305
3617
-4270
-1938
3885
-7497
7288
-6259
8528
6873
-9687
-533
-5416
-894
8890
2370
3773
9800
-3030
8484
2665
9654
-8270
3179
-2321
5598
-2481
-5906
174
3999
1641
7770
4614
-8626
-1388
-4251
3930
-4340
5796
9614
-1671
-5473
-8455
-2383
-9999
8258
-9982
6173
6664
862
5273
-9339
-5165
-6237
6742
76
-5754
-1070
-9086
-6675
-9976
-5406
-9435
-3661
3647
-5028
-1633
7966
1911
3491
-1113
2443
102
6684
-6225
2046
-4163
4834
-9354
-7624
6316
-7105
-1408
3904
5227
-565
-4752
-3595
-7670
-5693
-976
6595
8088
2457
-8465
2925
9993
-1361
3524
9408
8222
8782
4856
