2900
3127
8349
7475
-1077
924
-6468
-3979
-5731
7643
2579
5948
-1526
5450
1283
-9413
3360
8395
2924
486
-9076
-7568
5566
-7604
5764
-9081
-7373
2293
4190
-9102
9361
4847
-5301
-2621
1518
4479
441
8925
282
-2150
-8536
-9824
3740
-4035
-2903
-1488
8352
-2009
7614
8821
8013
-7869
-4045
-7060
9070
844
4145
-3969
157
-9536
9332
-1787
-5709
1068
-3413
-1351
2519
-8705
-6098
5525
7762
3274
5590
8158
-8935
1709
-6720
-6963
3653
4349
-6673
-3200
-2456
9453
4959
6018
-9688
-2334
-4011
-6167
7107
6172
1365
2621
3194
-2722
5038
1391
-2211
6950
9508
3747
9826
5213
9033
-499
5718
8859
-9548
-5527
-4309
3827
-8382
-8052
979
1086
960
-1837
2860
-7826
-5423
668
89
4841
-779
6790
-4512
-4656
4064
-9826
-408
4500
-5417
-1367
-9299
9805
2238
-9866
8536
7428
-3442
1386
6228
7311
1848
-4372
-8162
2974
-110
6464
458
-3471
1672
1
-8003
5214
9842
4215
-4267
-9857
-9414
4927
-8651
-2375
-7520
-7228
227
5831
-9827
8802
-1909
4972
-9626
7245
-3050
-8525
1199
684
9426
-5968
-250
7368
5422
-1291
-4355
-5689
4684
-9740
-7495
-1418
-527
1849
524
3166
-4924
-7622
-3442
937
6073
-9317
-9860
-1703
3203
620
-6459
4897
-6699
-857
-6829
-8725
-5447
4814
-2171
2052
-3949
3142
-3808
-4942
9107
-7236
-5526
5104
5788
4893
-6472
-3642
-7444
-7760
-9192
6212
-5102
-5172
-9560
74
-3212
8309
1865
8493
374
5359
8920
8392
-4391
-7888
6814
5203
-3845
8641
5909
8223
4578
-4314
2557
7083
7385
7750
-6459
1928
1692
7653
4263
8917
-9678
3765
6965
-3750
7949
363
-3845
-4311
614
1197
-223
7637
1994
1885
-8158
-1367
5688
-6909
7199
-9364
-8840
-9099
-3959
3907
6756
3774
1110
-6007
6153
-9143
3723
-4609
-7223
-8925
5093
7455
2932
8886
3137
-8268
-9414
3820
1451
4790
4340
7993
-9180
1023
-9306
9182
3403
6430
7490
6187
4219
1247
4932
-1195
7438
-5466
3281
-2638
1685
2284
-8055
7
-2637
7857
3709
9113
-1015
-5342
-2242
-8832
395
4200
-4246
-9801
-820
-2965
-7333
-5408
-65
1674
7995
-5803
8078
-3914
8662
-7106
-622
-2471
-7063
2031
-697
-4220
1606
-7705
-5847
6915
-1937
1743
4076
2308
-6499
-5007
2369
-387
285
5228
-2977
-2046
-7519
-7590
2376
-3589
7082
-4325
3357
-9122
-3278
-5197
7256
-3389
7463
1745
-2774
9643
5409
911
204
-7825
7083
-7973
-7487
2202
2886
2415
-3891
8629
-329
-774
4744
-1180
-7904
-3591
-4688
6787
-1219
-6528
456
453
-1161
9310
3982
-9656
-8668
-6770
5488
5599
6244
-238
6921
5673
-7789
4241
9154
-4529
-8667
-3547
-7876
-6619
8711
-6862
2027
4983
-767
-1183
1783
-6211
-4362
-3005
3976
4235
-5830
5188
-6805
-3169
58
-8429
-6968
-6160
5193
8954
-8444
2886
7349
451
-5457
9963
1437
-6096
-4226
2002
-9864
-8163
259
-9644
-4490
-2982
5461
-7186
-455
9317
7298
-1493
-9419
1777
-8130
2292
-7486
4422
2284
-4686
1999
2954
-5707
1263
-1490
4626
-8649
-5755
1266
-5219
-8263
9520
686
9759
-680
8729
8619
4208
1416
-6735
4353
5011
-4977
-3171
9065
1658
-5559
422
-9809
-375
-7110
5462
-7170
4489
-1398
145
-9968
-4758
-7233
-5264
-2747
-358
-654
9252
-5997
-2012
1432
-425
8019
2875
5275
2728
-4514
-1258
9759
9595
-6620
-7760
-9432
-1439
-7368
-9087
9368
-4882
8147
-5422
-7161
2360
-3634
7952
-7919
-8449
-5879
4566
-2468
870
3763
-9528
1220
9380
2738
-6806
-9436
2137
-5002
1462
-1786
-7552
3462
7690
-3325
9194
179
9164
-8513
9334
6140
3748
-2303
9469
-4095
4707
370
1557
-6053
6085
-1217
7251
-3445
5122
6763
-4235
-9803
6711
6401
-297
-6896
-8043
3971
-4983
-6317
-9664
-4671
555
4479
-6147
-1928
-332
7299
-6234
-4037
-5545
-4129
-8955
-7384
-3961
-6920
-6615
1797
-7174
2061
5390
2951
-4012
-5691
9253
-4127
8992
4501
-5702
-4736
-1695
-8488
4124
-5022
-5083
-5338
-6397
-9946
-3356
-8869
8436
8086
-9434
2925
2799
2398
-3072
-7567
1344
-7998
-1448
-4303
1207
1157
648
-506
1444
1776
8182
-1830
5744
891
6701
-324
345
-9369
7956
452
-66
293
8579
-9912
6848
6358
-1789
7591
7673
-4309
1939
8932
-5424
-6296
-3768
7932
7086
-3739
-4251
6148
1416
-6658
-5914
7549
-5863
-3192
-5351
5551
9962
-5340
-6342
-3790
6011
680
5630
2369
-8040
8734
2951
7610
-9837
1952
-9123
6145
9215
-9199
-107
4361
5363
-3302
1987
-7883
-2223
-7225
8648
2426
227
540
-7894
-9762
5618
-1860
9600
7541
4659
4660
-8726
-6018
-6070
-6249
-58
1902
3337
7722
6565
-3402
-4560
-7163
3947
-3361
-2909
6288
2045
-4758
6238
-7258
7866
1669
8094
-1351
6446
9966
-7264
-7593
-6858
-5688
-4584
-8733
4278
-3538
2197
-3036
-2505
60
4965
4433
7648
-5426
1850
-7111
6752
-3054
-9627
4066
3124
-2842
3270
-2839
-8248
6388
-7146
-8313
8132
-2981
889
-808
-6756
-6647
-5911
-3106
-9551
1640
5518
-7458
-4888
9550
3971
8132
3455
-3943
273
-6316
-4100
994
8286
-2402
-1438
5310
8737
1544
4041
-8458
4388
8659
-1670
-4170
-6125
-7466
-3489
-5270
1734
-3039
1171
5214
-5513
4494
4602
-816
2542
6359
-8999
-6256
-4242
-4375
-806
-5741
-6291
5376
9628
-5098
-696
-141
4777
-8278
-4386
-5761
8931
3788
-2657
2805
1320
-1777
-1663
122
3975
5123
-7721
-7775
-774
6954
-9123
-1825
1641
-313
659
-8465
-9561
-1118
4882
682
-1141
-3400
-4645
3519
2479
-9125
-520
7634
9537
134
2281
-3505
-3192
-790
-7866
-4230
-8519
172
-905
4939
-2922
-6174
-3189
-108
-4832
2014
4460
-5742
588
-4544
7223
3258
-9351
3843
3
9023
7624
-5626
-2834
-8469
6730
-3033
8618
9489
7454
-4281
4172
-7283
5726
-7942
-4164
-6891
-2757
-3835
-726
-7364
8115
8957
-4651
9485
-1416
-3361
3037
-7748
-6574
-5496
-2379
961
2239
260
-3342
-2648
2444
-5292
8417
8560
7315
-3363
-5764
2545
7226
6783
-2289
5710
-8533
-3689
9896
8857
-7909
8728
6333
5533
3065
2621
6645
1894
5364
-5503
-5437
-2386
-4708
9888
7524
5106
-456
-4574
-2297
-7347
-5419
863
6814
-3051
502
-2706
3886
-9796
-8010
-9057
-752
2787
-2827
9311
151
-47
3293
-2380
-6611
3496
7136
-9504
706
3339
-2874
954
-4271
7809
-8547
7504
1857
8994
-6512
3530
6576
-8941
8253
9626
9998
7157
3996
3466
770
-873
-6311
-2815
5039
3137
1409
-4760
-3053
543
6473
-6070
-4222
6652
-8779
-4639
-1136
9356
4076
1945
-9826
-9387
-7084
5119
9751
-161
1286
711
-2565
9230
-8422
-4080
-1654
1615
-537
-6503
1778
3718
-7812
4617
2353
-6923
-1235
-2783
737
5141
850
5332
-3844
1622
-8136
5307
633
-5882
-1592
-1608
1401
-5936
4722
-1348
5846
6124
9725
-7082
9232
7140
-1502
7585
-7508
-3392
-7010
6826
2794
5542
-7205
831
5666
5549
-3021
-1194
5073
-5950
-2941
-2424
-6214
5727
27
6267
685
-9675
-1033
8957
-1613
-1831
811
2336
8630
-4779
3995
-1142
9626
-8379
7845
5236
7742
-8438
425
2687
7383
7992
1181
2962
9274
634
-9730
-9891
-2154
7065
-5917
-2884
7107
-7653
4916
-5078
2194
2268
-5885
-7040
-130
-3602
-5690
3187
-4488
-3907
4237
-8964
3995
4319
-5781
7724
-5296
-846
-4413
-3431
-3308
-8286
6831
326
-722
6216
1835
7968
1686
-5032
158
-8227
-9766
1624
-8674
3180
4216
1940
8997
5387
999
-2332
5473
8661
4889
1780
1153
-3204
-3778
936
-3323
2965
7613
7352
-699
-1772
6547
-6028
-1842
4724
-3474
4753
-1079
-5045
-28
7686
563
7680
2402
-9469
-9603
9083
8350
-2294
2467
-8077
6149
2559
-6636
5565
-104
-7255
-6856
-8535
9542
-2695
-3085
-1340
3702
3130
-2357
274
6340
-8814
-7164
-773
-3778
6173
8354
-7825
7160
-6233
2705
-6440
-6325
5658
-4743
5528
8598
-9075
4131
8351
6868
4329
8472
-3824
-501
7373
8904
-3015
-7380
-4128
8059
325
5805
5097
-5867
-9917
-557
-519
6820
3830
-4781
-3508
1304
-2992
-1036
-4123
-6858
-539
605
-2789
2211
-7105
7489
-8119
7071
3462
8094
8500
7442
-3778
2915
-4467
-4344
-1090
8706
8975
-5206
8647
4897
-6106
5317
-1026
-7700
-867
-4031
-4803
-6120
1344
7669
3353
-3787
26
-5388
-4807
4900
-6091
-3894
-3280
-5052
4231
-7910
9269
7112
-6794
419
-2056
7153
-6903
8438
4636
-5051
387
1202
5966
-8054
-5946
2179
7977
-5903
1014
4706
-152
504
-7470
-2759
5072
-5225
6259
9
3396
1659
778
-4190
5616
5476
-8510
3330
6775
6690
-1840
-161
-1460
-7899
-2762
-7748
2383
8267
-961
-7248
-8933
-986
-7213
884
1612
-6825
-7642
-4039
-2861
9836
2600
5310
5730
-8692
8955
4125
-120
-7506
5920
-8008
-8536
-6362
1470
-2431
-3506
-3536
-2415
-69
1569
9601
652
-1077
1867
-1819
-3139
1416
-9434
2254
6464
442
8768
3455
-7592
3830
-4195
989
-7976
-2280
8722
7765
63
387
1471
-1802
477
6653
9292
-5856
8431
-1802
-3740
-7741
-5359
-3732
1077
952
-719
-6802
700
8455
-1967
691
-5402
-1715
1340
-7796
8827
698
1172
-3622
-50
-5587
-6866
4655
9472
-4083
-4309
-6467
-1975
-4492
2339
-5902
-1944
-588
-1237
-4378
-9448
-9506
-6333
6618
-8162
-2116
1120
4235
9237
4319
2338
-2192
6155
-4686
-5528
289
4826
-1078
2164
2916
-2499
4959
5513
-6475
6919
-7795
-2505
-4671
-6559
6102
-552
2552
6176
-4358
-1232
2689
7682
7267
6185
-2243
-5480
4813
-4080
-4076
-6891
589
-9717
1731
2230
-2569
-1052
-2268
9613
-8792
-3250
6916
2545
6204
3699
-1574
2559
-1415
-4173
-8782
-2022
-1389
-4669
-3415
-3080
-7515
-2445
-552
-1240
7972
-4201
-7338
-8327
-6406
-2783
168
-5989
-8640
-8626
6485
-9123
-1078
6790
8541
-527
8543
1980
1545
4237
-590
4820
-1608
-2881
-2238
-2648
4525
-5349
-5515
3829
-5875
6467
5502
-4075
9402
8503
1367
1524
1867
-4070
7666
5652
-7795
-8474
1609
7112
-7581
8226
2362
7123
1366
-6137
-4683
-4659
913
-1580
-3775
2680
8380
-5705
3420
-6107
-1666
-9150
-5911
7359
3379
-1067
-7440
-6208
6901
-7590
6346
9353
-426
5463
1775
3083
-3139
3672
26
8619
-8192
-8812
-8500
9953
7978
3853
4548
-14
4421
1273
-7367
-1123
1557
-5624
-7856
-3037
-8212
-5462
8101
-7889
967
-7980
-504
762
-8643
292
-8061
7976
-6825
1379
1655
-680
-7123
-6541
-2497
-169
-7227
-6399
4265
5646
-3412
-1912
7288
2275
-8450
-6788
-2233
5030
191
3202
-92
-8884
-9943
4403
6925
4745
785
-1747
4114
-1520
2613
3916
3975
-1926
7766
9573
9110
-9695
-1292
3980
-2485
-2095
1133
-1260
-9992
-7230
-1858
2597
-8068
483
-1150
2841
8574
-7058
-5184
-6045
3021
-9309
-4707
-3335
2962
4698
-953
1986
-9093
-9210
-5506
-1836
-6350
-6059
-2337
4593
3879
-5546
-9608
-351
123
-3248
-9329
-8004
3251
8425
1595
-5991
-2348
4124
-6821
1474
-7439
-9240
-1700
-6800
-5206
9604
-7702
7481
-1073
7987
-2658
-239
2542
6863
-3255
4819
45
3215
7607
6000
7490
3377
1571
1912
3944
-6847
1888
-7924
-494
-7357
-509
-3127
-1917
2224
-7658
-5238
-1830
-9284
8478
7540
-190
5380
-557
-2130
-8036
6449
9961
-7240
-6796
1345
8462
-7119
6101
-4803
4029
-3975
-4873
-8086
-3539
-36
3046
2519
-5121
9848
2506
1928
5545
-5293
-7704
-4209
8091
-9465
1660
917
2540
-8285
1865
1419
-9862
-968
-4912
-2196
-8874
1197
791
-6837
5553
-2264
-218
6057
9208
6930
9106
-9010
-4787
9345
-2492
-3060
2970
-8616
-9058
6423
8251
2391
9256
-6395
-9635
8326
-6631
-762
-3583
2990
5657
-3240
-2318
-2492
-2726
-4485
-2660
2886
3330
-1609
72
8623
7712
2911
-7265
-7397
8461
-5494
-4028
7034
-7338
8860
-5566
6364
-1306
-4726
-6693
3745
8018
1183
-6852
2555
-7361
-3881
-2042
7361
-5730
-5495
5381
-4154
5486
779
-330
3370
-5245
-5469
-3216
-3081
-2756
-1658
7853
5228
-863
-6569
-8827
-1542
4948
39
966
624
8856
9993
-1771
5389
-1073
-2376
-4935
3119
6938
5985
8221
-1236
9505
7189
-8991
4870
1207
-7175
5007
2137
9677
-2064
-9370
1908
5228
9319
-7044
-6100
8540
-7356
5295
-6405
6833
5918
9385
-4596
5717
2947
-6622
-7907
-4568
1913
-9112
947
-5899
-5478
7664
-7808
-9395
7336
-954
-2825
4879
-7754
-4406
-1515
-3585
-4464
-1057
-3970
-788
-7933
6304
6890
6989
-7485
-1554
-703
-8389
8069
-9428
8128
4415
487
2219
-2708
-559
3717
6059
9672
293
1905
6686
9934
5302
5066
5720
7044
2981
3910
-6445
3980
7909
-8497
-5491
-9946
-6253
9835
-3440
-7089
2863
-9347
-327
145
-6888
2522
-1746
-5743
8943
8584
6615
-9638
-1578
-7591
-1634
8200
-5413
-652
3780
762
-7819
-5979
-9296
-8544
8102
6405
4145
-2180
-9650
7882
-5466
6166
6363
-2828
-5954
-883
-9226
-3696
-4596
-1663
5569
-8091
-4277
-7094
1020
-7409
1531
-2949
-9357
-6115
-3919
-6340
1733
6124
9546
6024
-5782
515
-5395
-9436
2299
-3831
9922
3854
-2769
1534
4103
-1104
-6299
-4864
-8522
1323
318
3646
7047
-3248
1323
9937
8990
-3717
-1645
-5288
9964
-3432
-4788
-346
-5701
-3465
-580
3745
4710
6601
7679
-6680
-1104
-7198
6859
7955
8306
-9215
9463
2703
-6186
-1193
1887
-1116
-6621
-6675
-3830
2332
8811
9743
-9012
9411
-1548
-7080
-9566
-1665
7630
-1472
-9720
403
-5165
-3735
-6584
62
-4799
9456
6740
8270
-1574
-9628
-6684
8792
6473
6299
-141
2492
-6573
-7784
-4843
1822
-9959
-474
-9220
-133
-8388
9979
8276
-9058
1593
7105
-4361
-4656
-438
4447
-6699
6130
8070
-2819
9603
1746
3154
6343
2720
-9956
4267
201
2703
9091
975
9177
-9205
-4961
4575
-9567
-1684
-3498
-1826
7894
6503
9592
9722
2048
-4370
3188
5316
-8353
3584
-4100
1604
-1380
5268
-6024
-210
-8264
3007
-9227
-7890
9260
-3807
8900
-9995
9198
9713
7170
7215
-5372
-8838
-5929
957
4625
9292
8321
-4749
7085
6255
-6585
4670
-6168
-2254
6159
8629
-9608
3868
-420
9734
-277
1452
341
1679
1291
275
-7980
-4013
2080
-5263
6450
2485
-682
215
-5147
-8673
5376
247
-7038
7681
-3891
-7551
-3233
-321
-4394
6499
-287
-7270
2078
-4283
-5285
-6479
5573
-4577
4925
1665
-416
2940
-7076
-9946
-5491
3446
8572
-9819
-4742
-5952
-1691
-4675
-8399
919
7422
280
7058
7412
-9555
-2480
849
8523
2979
4423
5466
1420
-6532
-6839
-1541
7047
5324
9541
6755
193
-5541
9318
7998
8124
2018
3034
-8167
2363
8624
-2802
-3485
5529
2072
-9022
-5115
-1210
8143
-6254
-6094
323
-4565
9748
7193
-1017
-9676
-6149
4952
2165
-5138
6882
7085
9371
5841
-5408
6706
-8646
5400
-2906
7239
5797
3096
7396
-6913
3194
-2987
7514
4495
8395
-3989
-1722
9831
9385
6014
4779
586
490
-3121
-5744
8825
-2008
6022
7560
1836
-1220
2040
-8534
1861
9510
8236
8305
-6258
3455
-2209
6904
-2901
-7465
7602
5270
-8606
6434
-3021
5885
-3440
4780
-5694
8867
3347
-6446
-6230
-9766
8700
2617
2230
3285
4880
-4427
7732
8595
777
7408
4354
130
-538
-8381
-4385
7702
9016
3672
-5061
-5943
6905
2829
-2406
1123
-7749
3715
8465
6582
-8119
3279
-4624
7701
5039
-4557
4068
6805
-901
-8784
-4055
-1122
-2163
2739
-1784
-6084
-4853
-3100
7313
-507
-9497
3519
-3918
7661
8512
-2347
-2222
-6543
-4016
-3279
-5057
1302
-4418
7170
-8179
-5763
-8443
5054
-5378
-7062
-3623
-965
-925
5827
-8199
17
-146
4038
9464
-7971
1062
2203
1020
-9921
-1736
-1797
-7313
8000
4841
-9657
6634
-4827
1406
-9908
-3780
6486
-6737
-1959
-6373
-2583
-4982
-2875
8793
1600
-8327
-1219
-9471
4955
7049
5796
-4709
-3943
-2438
-9405
-7255
-7031
-3222
6928
-6048
4913
-4218
6475
9399
-2400
5794
4498
-8281
907
3428
7638
-6487
210
-2782
8023
1466
-1224
1296
628
-1462
-4558
-3754
7296
-8106
2155
9331
8800
7277
2842
4860
-8344
8726
9900
-7815
-2355
4535
852
-9274
-1878
6347
1386
1029
6657
-7424
-6440
-8834
3208
-9323
4328
8840
7015
-7631
-2397
5614
-2046
8
-6910
1382
3461
9922
4371
-7408
-5257
-4580
1068
-1043
-760
3254
-2901
-5038
9493
-9476
4616
9026
1872
3662
4125
649
-8352
-1320
-1026
-227
-4484
-7649
-1055
4034
4029
5609
9220
-3604
-6173
-3511
7720
3213
1039
-7315
-7679
-4595
4543
-9442
-8229
-7288
5448
-4892
-6037
9472
-9562
7285
5358
-2180
-1856
-6197
-8926
-7497
-428
3646
-1193
3515
-8209
94
-546
866
4615
-3101
4777
-514
3227
783
-5520
5260
3476
-3965
-1337
-6901
6896
1761
9846
1114
5817
-5293
3181
-2155
7303
9921
7965
-3956
5377
-7149
5670
147
6809
6760
7622
4357
122
204
4436
8687
-8774
-7766
-5228
1281
5627
-4131
1586
-2338
8002
-9019
-3406
-5066
7644
2433
2406
2923
-246
3514
6176
-7670
2740
4075
-6589
4551
3978
7213
6541
7108
1103
7929
1266
-4096
-8057
6657
-2263
6069
6852
2051
-1281
1997
-4955
-4989
5657
-2955
1122
4621
9580
-2640
8274
-5828
9593
7991
-3407
-8294
4251
407
9907
-1105
-8080
9887
-7164
-2676
-4935
3929
9332
-4493
-3423
-9861
5038
-8414
-7028
9262
-4445
3244
-2969
-90
-8844
2431
-8879
3636
3474
-458
9044
-5591
-3044
-5847
6189
-8047
8621
7218
4528
-4278
9650
4826
-9348
3633
-2542
8613
7776
3729
597
5291
6915
3538
-245
-2007
1246
2460
498
-518
-5466
2489
6340
-4434
-5234
2188
-2452
5445
-2547
-5135
6906
-4695
-7015
-1860
-4855
-3405
7969
-5514
-8108
39
-8170
4014
-8175
-966
6910
3307
-7676
3261
4800
1622
1658
9576
-8668
-5357
-4817
6735
9134
-1190
-6925
-4034
-6431
6536
5743
6277
9180
3327
9908
-5178
-6888
-9133
4549
8617
7666
8018
6567
4162
7671
8394
-7877
5296
4696
-721
5344
9114
-6187
-9304
-1040
-9878
1082
6358
220
-19
-6327
6525
-6746
-5825
-6424
-6477
8291
50
-7755
5140
-2966
8889
-7880
-3530
5451
-2322
-8913
2421
1168
-148
-9151
9541
2947
-1433
-7171
4794
