2370
-3845
6663
-8537
6865
5199
-4522
5072
9135
5801
-9308
5449
-753
2007
9429
4372
5017
-6916
-225
-6074
-1948
6852
1500
-7096
-2538
-3961
2828
-2064
-9918
-6792
-2806
-9808
8762
7491
7239
928
2426
3414
-9403
9758
579
7576
-7370
9710
585
5991
-5480
-6873
-8329
-9123
-3003
6808
-6524
1355
453
-7167
7974
2202
-3696
9640
-7959
-9316
8255
6701
-4486
1281
-5850
-3098
-3303
4796
-7012
-4580
-4231
7014
4359
-4073
7767
1679
8407
-5860
2111
9686
4281
6693
-7946
8713
7728
5047
-4928
2983
3461
-2452
4029
-5622
9535
3818
785
1928
8624
5933
4254
2689
-236
3864
-5624
6735
-6119
1097
-6571
-2778
6206
4803
-3347
5379
-348
-9433
4205
7376
4928
984
5077
-2371
476
4204
-5023
6191
-9954
7303
-7909
-2857
-1131
6229
100
9532
-9588
8921
6742
4827
-8494
1379
-5467
-8885
8787
-9510
-1198
1596
-1426
6265
-4569
-5362
7265
-5275
-6322
-1444
3107
3269
1232
2554
-7759
-9745
9405
-6503
3341
2729
-7701
4656
6960
-5125
6552
-2902
-5277
-2719
-8715
-7716
-1700
702
-6863
-393
1855
5406
9953
5523
-7206
5376
-577
-7561
5433
-7395
-7938
56
-1086
-1504
-5441
-6430
-285
7723
-2439
-8627
-491
7402
3797
526
3292
-3898
-5969
116
-4685
-6163
-4108
543
2836
2649
-791
-4073
-9240
-8616
-6324
177
7736
6639
-5095
-9577
-9154
7613
-2624
-9376
7333
1988
5069
-6375
-1424
-594
-8988
1616
5759
-3254
-6460
-2023
1426
4820
1520
3818
-942
577
3279
9203
-1865
-7824
-8707
-3398
3706
-6508
-6427
5815
6711
-4254
3533
1531
7642
8716
-8010
-1750
4324
3417
-4170
6409
5646
1218
-6141
9109
4749
7084
6032
-379
-7632
-5490
-5922
-7209
1143
9623
4997
-507
8043
2032
9904
3864
-7681
-3298
189
-9482
2902
-6222
5008
976
-2464
-9028
-8004
-4357
-8531
-5961
7780
-8351
-8244
-5609
-3489
3093
4724
4204
1132
5904
-6458
9435
4684
-6558
-7924
7522
363
212
-9766
1843
-8351
9104
783
9777
8297
-458
4305
7995
523
9576
9044
6634
-5606
-7221
8189
-9002
-248
-3428
-2714
3462
-8354
-8686
9142
-8901
7773
-4408
-4866
4042
-3388
-5980
-7571
-6918
-3576
-4529
-768
-2383
-4339
8350
-1467
7182
995
-6966
2456
-8271
-4368
-9113
9967
5661
-2105
-1869
-6309
-6368
-9840
-7938
2641
-3529
3667
-31
2126
3175
-4300
7258
4640
6512
-9568
5908
-2458
-6798
-3772
8332
-3938
7352
-5603
2282
-3477
9244
3789
-6236
-1257
-6297
-4951
-773
8256
-5948
-7215
-5904
5678
1614
-2974
4066
7779
-4149
8611
6334
9861
9331
-9199
7256
-1376
1362
4694
1001
7438
-9249
8612
745
-3204
8818
4087
-1375
-3431
411
-9392
-7594
-4791
-3615
8037
1262
2511
1586
8804
7315
-3925
-1347
336
-381
-7739
-221
7766
-3730
-1287
4271
9966
-635
2945
9986
7515
1262
-4534
7773
-4175
8397
-6907
1950
5348
8239
237
2796
-964
8156
-5124
447
8328
-73
2739
5474
4031
-1924
2476
-3120
-2288
-1758
-4379
2666
-9320
-6779
-7404
1029
2487
8035
3652
-9711
4034
-6593
1539
1809
-3709
-7789
4193
-2616
-8807
-152
5640
4711
-2250
-5434
-8608
-3724
-1989
7492
3779
3576
8688
5596
-8729
1885
-6542
4347
9486
8839
-3238
-1799
-7648
3219
-7231
5858
-1589
316
-5944
6373
-2385
-6516
-7858
3096
-6230
1298
-9588
-1856
-721
-7547
-4888
9827
6423
-226
-7892
8206
9211
1739
5263
-1615
814
1085
4846
-1656
-9717
3327
3747
975
29
-7760
-3869
-3388
4611
-4173
-4462
8458
2571
-7289
-9265
85
-120
1490
-3729
4647
-9264
-7197
3296
-4544
5265
9094
-9993
-4698
-6824
-5044
6735
-8955
-3741
-4104
-6488
5622
9790
6083
1168
1613
3854
3319
9059
2198
-5781
1592
3587
-2538
6200
2483
3962
-4646
5290
8510
-4973
9841
-9608
-5739
-7076
14
-2568
-8400
6962
1350
-1283
7543
-3598
-6075
-3607
-753
7906
-9937
4744
7153
9017
-4967
-8975
-1855
-7407
-4274
7973
1085
2300
6217
-6870
3342
-9193
-8338
-891
-3889
-9892
-1011
1395
-1653
8042
6170
2588
-5516
-3695
-4403
4984
1704
-8932
-6021
1542
-2321
-2921
2531
-6232
-70
-4983
-5473
1069
-2181
-3222
-3167
7634
-6160
-9827
-8009
625
5367
-568
-9695
9985
9491
7070
2843
-7411
-5647
-5394
2892
5099
4425
7836
8378
-156
609
-1903
-4112
3729
-9844
-2871
-6679
-2020
-5752
498
-1567
1327
-8829
-4252
7076
3637
-5250
2679
-8122
-1658
-6137
6720
9318
9741
7876
-5393
5054
7117
-464
-3126
229
9662
-1615
3178
6535
-6612
-9771
-1425
-4257
-8521
3467
-9492
3013
-4726
2140
-9923
-4850
2028
-9515
5515
-1020
4986
5057
7558
-6788
-8443
658
3974
9812
-8590
-9885
-7285
-2148
-6822
-160
4711
-260
3275
-6925
-2513
-800
2916
4631
5366
-4463
3722
-6044
4255
2984
-1130
9838
7750
53
8772
7810
5175
-4112
-6401
5752
9561
-5050
-737
-5054
-9729
-4193
-1984
4888
-462
477
8645
6334
6136
-1816
-166
-7636
-5594
8506
-6905
1382
-8178
-2115
3424
8834
2648
846
5794
-9392
-6320
-2244
1200
-9659
-6659
-8702
-5236
-1918
9768
8404
4876
2545
5763
1658
-8627
-9476
28
772
-2425
-2819
4319
2169
6616
-9677
2790
-803
4262
-7119
-1420
-2600
8417
9779
-2286
-8181
7320
-2737
-2399
-5833
1500
8066
4441
1106
5082
-2671
6822
-4147
-9670
3727
4983
4938
3614
3611
4380
4659
-3230
6555
9445
-9661
-746
995
2237
8794
-5812
-2679
329
-3690
-5989
-6321
-8266
7200
3073
-8886
765
7949
-5913
7904
9650
7360
7058
6454
7807
-4232
-4117
9624
1160
-8738
2465
-5602
3812
6132
9330
1494
7093
9866
-4527
-2937
1008
-8982
8840
4412
1622
-7538
-5335
-597
1623
1758
9371
8084
-3388
-6600
-7444
-1265
4323
8962
1085
7094
-4917
-61
-5749
2794
-1742
7685
3975
6428
6098
-4287
-4177
7086
-3695
6707
-7530
-4964
-3411
3363
703
1387
6653
-3750
-4040
1673
-2695
2437
-6879
9004
-5555
-9786
-5568
14
4806
6429
2186
-6021
-2845
-243
-8997
6467
1415
3959
-7264
-4451
-359
-2349
8976
5474
2896
-4207
2296
-6265
-1265
9173
2780
8376
268
-818
1167
-4605
-7237
6865
-4865
8303
6552
6625
8597
-6796
8657
6321
257
7158
8048
3324
-3455
8538
-7336
-118
-8964
7477
-6945
-8089
-7783
744
-721
-6674
-1303
7440
-4026
7194
-9926
7682
-339
-8895
7113
4615
-1388
-5657
1951
-9347
-8321
-3168
-9897
8906
3000
5785
-1474
-6699
6569
3502
-5142
4963
-2127
307
-7776
62
-7381
-4979
8603
-8240
7784
-324
-8349
3873
4772
-4709
4225
-4187
7448
-354
-5368
-8551
-3039
6792
-6482
-7883
-9665
-6272
-5388
-1769
6780
-5779
9288
-4181
239
-2494
724
-9019
-8891
-6683
6481
-3115
9587
7408
-638
-8703
3884
461
5191
-7042
5766
-1274
-38
6050
2476
-4613
-5089
7762
8370
-1700
7398
-676
-825
-3371
3521
-5222
-7120
-7173
-6079
-5881
-965
7032
348
1528
-4848
6793
2659
-7637
-1273
-2347
7281
2261
-8605
-5802
2409
9481
8667
8936
-8340
-2611
-2738
6999
-6388
-616
-9849
-2261
2998
-2826
-9369
-5089
-6584
4447
-8576
6914
-6831
3576
-7423
780
-3363
90
4576
7851
-6135
-9533
5520
8101
3797
9783
-6366
-255
-4277
-586
1640
447
-9725
1297
-8493
6306
1232
6142
6684
-994
9753
5196
6917
4936
814
-6452
-4166
-7488
-5220
-9959
5483
1841
-9285
3041
9070
-1049
-2009
-5292
-9091
-2751
-4799
7163
814
4120
-6484
-7071
-3954
4745
-5919
9064
1507
-4910
4766
-2491
-6155
7779
-573
-4781
9742
548
9065
6828
-7748
-8747
1667
8100
9765
-670
2721
1125
4959
9532
4952
-7527
4659
8878
9092
-9737
-3456
5442
2591
-1828
907
-2584
-3617
-9128
8720
-1130
-4443
2277
-3113
-7992
-1664
9162
-2466
1517
-3847
-1159
-5106
-5712
-5926
-2413
-7077
4891
-3259
-7291
-6363
-3339
7168
-3032
651
3294
3494
2184
7045
9920
7977
-7598
-8009
-5881
-2125
4057
9822
-2851
9431
5296
3002
-4766
1845
8615
7530
6478
-583
3517
-943
3391
3149
5326
3932
1470
5590
1953
-7546
-1425
-4877
6184
-8364
-3955
1056
2704
7293
4727
8840
5291
3333
-2823
-1706
345
-3104
-6817
5972
2493
2339
-1961
2162
-1719
-1750
1345
-2920
-6728
-286
28
-8500
504
-3196
-8093
1640
-5505
-5867
-423
-2796
9608
-8938
-9886
-779
9950
8308
-6068
4552
5104
-1425
-9269
4652
-8257
-9891
-3536
1762
-217
-3146
-1662
-5755
8402
3430
-1558
3552
5238
8875
5793
8329
-7223
9395
-6114
6279
3922
-2922
5591
-8154
1794
1937
5567
-7125
7146
-6019
6254
7306
2906
-5932
5954
6436
-3012
-2002
4715
3768
-1403
2390
7166
9096
4198
7236
4594
1607
-1732
7215
-8740
-6304
4969
7627
9485
-365
8990
-9985
2031
-2401
-1787
4813
2589
2327
7114
1609
4279
4891
4302
-2421
-7695
-7119
-8602
8533
-6324
-9113
572
2319
7107
-4568
-5649
2967
-6820
1168
5568
1720
-9782
5845
-9715
5519
-7754
-1211
7266
7990
-3394
-6394
-3592
9742
8335
-574
6723
-4863
-8252
-616
3225
2632
-5607
-1555
-9014
-8556
-3893
-9669
-7520
1523
9428
3296
7562
-2748
-5575
6853
3672
5525
-1600
-6554
-1411
385
147
-5821
-8263
-757
8283
5249
7227
7458
-3956
-4184
-9568
5319
-4361
-2877
5076
3069
-4625
2586
4069
8552
-2811
9763
7211
7004
9298
-8852
1752
-1634
8989
4182
5249
-8348
-3471
1909
7007
9255
8609
7364
-6982
3578
-1574
-5757
1744
-6045
-5205
-7384
4930
-2932
-6083
19
1132
183
3713
7931
3556
-9014
-9616
-7014
1600
-4719
1272
-9975
-7811
-889
-4200
-9861
7124
-8412
7132
5642
952
-4969
-8660
-8831
-3048
-9489
5676
349
-3939
6429
-1394
9041
5547
7920
-2019
3824
-6377
4872
2667
-7343
-5365
-9890
-1273
3778
1044
-5788
-6699
-29
723
-2927
7734
2152
-7492
-6764
4819
2043
3745
-4730
-4314
3982
627
-5397
1187
-3901
8264
-1520
7284
-3900
9550
6225
3193
-2834
-3227
6596
-6201
7568
-8979
1371
-654
2661
-6958
7132
6750
3069
1406
3177
-8069
-9650
-1617
-5989
431
-718
-226
6535
5958
-4157
-2949
-9543
-4162
-1159
-3145
-1327
-6797
6522
-4340
3628
8828
2606
-2314
-7923
1581
3041
4937
-8368
-8319
-570
8674
2468
-949
-7275
-6680
-9833
-6983
3291
1957
-7521
4578
-7853
3756
482
-2714
-2591
3630
1181
-8329
-8834
-7837
-55
-7077
4128
-3341
-4861
7535
4322
-4716
9669
502
-8704
897
1098
-439
8252
6187
-8181
-7155
8586
7423
-402
490
514
-2835
7203
5223
-1215
3576
7305
8611
4861
-9133
-1287
-5874
-6731
-3772
3001
-4708
-5969
6308
2949
-3188
2497
3720
9472
-9534
-1821
2412
8179
8457
7725
-5916
-6292
6711
-4161
-9207
8986
6140
-3020
2742
-5846
3542
-5903
-6128
-8873
7371
7442
2510
-3911
-7246
7889
-2664
1375
8730
-3483
9402
1443
8002
2286
-105
-543
9546
-7190
-3744
-5957
9135
8776
-4599
-9809
-4944
2529
-4275
-8837
5997
2210
3414
5171
5738
5029
-2307
-5463
-1318
7249
-1722
-4204
5768
-6109
8042
-7956
-6681
-9968
-5992
-3872
4279
7520
-3041
-3855
1389
5238
-8412
-9083
-6805
-2221
5598
7115
8928
1697
2978
-4689
1965
-256
27
-4379
7505
1475
-3234
1385
2705
9492
-2151
-7583
2535
2613
-6776
-8401
-1485
8397
4567
-1803
-5553
1003
7274
-7755
-5153
4245
-121
6643
-9575
9809
612
-2576
-3363
7247
-3855
-4894
-2687
2823
1492
-9282
-238
6886
8565
-3407
-3638
6005
8855
8833
1356
-3736
6209
-8151
-234
-6425
5003
-4024
2795
-4883
-6087
4009
-571
-8875
-2162
-3293
7213
8843
-3248
-1274
-8271
-1946
7039
2094
2850
-7680
-1643
-4508
3167
3502
4357
5618
-8020
4047
-5221
-2135
8744
-770
-2642
-7720
-3862
2910
-6140
-8088
9789
-8606
-7537
-7444
5335
8110
-2968
2172
-5515
7434
-5664
-1869
-4484
8448
-2692
5555
4045
-6158
9161
182
-2363
7334
7013
-5758
9582
-1622
-9161
-4345
-9380
-5831
122
-8811
6459
9252
2751
1609
548
1154
-8958
-4926
-7096
462
2599
3802
8373
-8264
2642
1742
4126
5497
8286
7070
5427
5925
3512
1739
9448
8186
-73
8102
4675
1184
7350
-9195
-3195
7247
3860
6724
-170
9443
-4782
-9651
-5222
2993
7947
6878
7099
-4849
3673
6808
7794
-8677
-5385
-8254
2335
-1582
8248
-8384
-8380
-5327
5890
9413
-9906
8953
-2297
-4552
4447
3544
-1653
-8761
-5728
9537
-797
5513
-1337
-9760
4147
-1606
-7184
-6691
-2193
-4240
9778
-9405
-3019
-1545
-9157
-6217
2362
1056
8392
-4606
-5832
3071
4817
879
-4281
4032
7151
9638
7461
-4588
-7085
-6674
9137
-202
-8401
-264
3609
2114
-5025
-6720
-5782
2875
-4397
9277
7258
-7723
-3170
64
1281
-4112
-650
6529
727
-8134
-7195
6607
3952
-7730
4014
-7263
3114
-8002
6485
1149
-7988
1257
6679
-9934
-2951
4736
-6064
-630
-2513
5706
3475
-8452
8024
-7196
-1601
5898
-293
1684
261
-4065
-1701
-1019
-8454
5248
163
-5702
-1095
4582
-523
966
-7900
-2544
4213
8579
1138
9207
-9405
8665
4780
-1721
7147
-3994
2391
200
9747
-9453
-3610
-1052
1511
1457
926
2868
-9954
-76
-3207
6040
2283
-3746
2014
-3871
-5632
-2214
-617
-2728
-2786
-1698
-3226
-2551
-3071
-956
-1933
4532
281
-164
6557
710
8755
-5943
2956
-1655
-8588
9163
-1097
-1955
2610
-2036
9615
-4204
-4066
-9551
-6276
-7604
734
-4083
8225
5695
-1718
3541
-2144
-7643
-8627
-3461
-7957
1500
4747
9499
2268
-5430
-4670
-9437
-9137
3889
6193
-9534
-4287
7734
-7531
-7783
1382
-6890
-1115
-6613
6184
-7854
3043
9544
-9139
-2703
4131
-870
4618
-8180
-1970
-7868
5357
-5144
-5968
1069
-9473
-6076
-6227
9768
-7396
-6196
-8139
-4817
4525
4118
760
-8486
-3040
-8573
-9401
-3332
-1423
6656
-6551
-3505
-4375
-5121
9940
9621
7482
-4890
8991
-8532
-2820
-9396
-5094
-5499
-4028
8902
2212
-2239
5715
-9190
8543
623
7115
-9869
-5449
-2050
3180
7083
-1454
-1215
6519
3573
3424
121
1932
8539
-5700
1560
1204
1513
-2203
-9005
-7445
2104
-746
-5645
-6282
-7933
4347
8340
9627
-2937
6608
-9106
3841
9009
9066
6756
7012
8156
-8061
-8315
-4906
-1504
-8326
6476
-5040
-9606
-1945
5517
1515
9402
6297
-8283
-5946
1816
9887
-7284
2728
-8842
2775
-9648
-2766
9167
640
-9225
1309
-6792
-972
98
-4427
684
5446
-2299
-1913
-1106
2590
-9563
-8579
4977
6078
-5506
4296
-3854
5509
5637
3615
7161
-4196
-2480
5786
-6746
-9308
-9650
7685
8028
2513
-9781
-4858
2057
4283
-8186
-5883
-9454
-6955
-507
3656
5633
-8603
-2919
-3985
-6160
7350
4776
-5202
6905
-371
5531
1871
-1747
-1633
7350
6771
7235
1830
-3835
-2025
9157
5922
464
-1619
8262
-134
-5440
5573
6751
-6628
6773
-7325
6876
-9081
3069
6673
5933
-4020
-2094
446
8987
4576
-7814
-997
7859
-1911
-7601
8165
-3475
