5320
1404
-6266
-545
-5389
1609
-4823
402
-6253
3614
-6279
1698
5797
3533
-7159
3234
3268
8836
-8502
-738
-2410
2022
-3199
7017
-7827
-3922
-8880
-5661
-4429
-4175
-9802
122
-4859
-8100
-5568
8860
1306
-4365
-1556
6999
6359
9161
8245
7623
-537
-3018
6825
-2956
-522
3199
3603
7111
6189
8625
9472
-9029
7480
-5596
-7380
5625
-2393
-2568
8398
-3519
-2639
2626
8126
9115
-182
556
2257
1712
1702
-5301
-3584
5883
-8342
-2064
-7363
1075
-277
-4534
9546
-6149
278
-9142
7830
-7901
1255
1680
-6287
-805
2660
-3773
5896
633
6013
5874
9178
7339
6371
-5507
-1161
-4200
-697
6180
9559
1123
-7860
-8888
-7371
-8199
-8500
5755
-3516
4087
2336
-5512
8598
2053
1297
-152
-8815
-3578
-8324
6202
7794
-8415
9982
-8276
2796
9800
3951
3846
4167
5027
6458
3216
-4225
3393
-6541
3166
-6897
-3654
4861
-5436
-9402
-2038
-8781
-164
736
-7861
-9954
-9369
-8443
-6997
-8322
7856
-1422
-7349
6828
6707
-5587
3884
2351
-8688
-4533
-7503
7640
3302
8109
-7470
-3100
-6994
-3436
-3810
7065
9754
4601
7069
4523
-1466
-7414
-7591
-9884
5867
6266
-7631
-8982
6810
1210
-3636
273
-2511
2001
-9080
3491
-13
-9460
3779
-4025
9771
8285
-9895
-7796
6991
9802
9268
-7785
9500
-5583
-7739
8607
2418
5508
-2668
-761
5756
754
6725
-9411
5840
4406
-8462
3069
1114
-7333
8656
-8446
3629
-9543
1797
-6162
7827
991
4917
3034
4782
808
-5567
-7
-7406
4064
-991
-741
9809
-8948
1229
4210
-5733
-258
-8569
3043
-8782
-162
-6704
8250
9286
-2709
-1129
-755
3240
4306
6066
9008
-1781
3612
-7733
-5758
-5782
-2127
-3832
-7823
-8825
9450
-5766
-8085
-4618
-688
6728
8241
3067
8182
-1412
-6380
-1138
-9696
-661
-1281
-715
-4053
942
-1688
-7539
3796
-2646
-8894
-1602
4127
-8935
7196
4941
-885
-2455
1420
9428
-3727
-1706
990
6175
6065
3591
3855
4703
-1084
6576
5021
-864
-4874
-50
-5198
-1838
-934
7574
-736
-848
7647
-1678
3644
-4017
4393
3005
2629
1290
-1556
-5565
-645
-7485
-582
-1427
-9171
4041
-1968
-3916
9394
-4068
7232
-5106
5229
2792
2018
4000
74
3088
7871
4907
-7925
3633
5556
9345
3600
9542
1152
8218
1346
3864
690
-9012
3772
-1543
-6409
3881
229
-4689
3942
9122
-7699
5125
9314
2462
-5469
7555
6889
-2540
9467
-9537
2867
-2555
2348
-4148
4711
3492
-3396
1230
432
-4799
84
8421
-1585
-9493
1544
-6023
4838
5078
-5149
6930
-6599
3208
4406
8315
6539
-3778
-3949
-8730
-2717
9335
-1387
-2420
-5834
5662
6724
1
-3241
8188
-519
328
-1355
-7532
9935
4251
9188
5170
6738
-7773
6302
4898
-666
9383
-7041
3104
-2935
4330
-7210
3999
898
-1018
8975
164
-1242
-2263
152
7378
-2738
-9390
5861
9406
-5357
-3734
9671
-8904
-8534
8943
-3165
-2558
-5054
4084
-4959
-6495
-8488
-411
-6077
-1992
7042
4417
-2267
4471
-8390
-2178
-763
2255
8500
8323
6217
-8489
-8128
9368
2638
6355
-456
6339
4068
1790
-1810
2466
-9323
8210
-3237
-9946
4369
4986
-2260
6544
-4832
-1129
6295
-9524
9318
-25
-4438
-5781
3078
-3017
-9393
5634
-5226
215
1830
-3802
-1657
411
-8987
-1180
1668
-6448
-3038
-975
-7817
7511
7992
5290
-5093
4505
7562
7427
-314
3751
-1855
4751
-79
5410
1281
-5841
196
-6669
-9703
-1515
-2986
4344
-5404
3824
-1753
5602
-8945
-6298
-3730
-3298
-8093
-1798
3824
-8725
5246
-6400
6071
2659
-1448
-7191
-3813
-7380
-3156
1455
-2471
-1304
-9995
-7634
-2834
-5468
-8525
-8618
-7378
-2973
-525
-1836
4393
1566
-1468
7844
9122
2265
-4561
-4155
-9025
1582
-8140
7496
-8044
-3358
-2461
8047
-7386
-4097
7114
1293
-4784
6325
7024
5176
8585
1034
-1677
6033
9530
7727
-1194
1743
-2752
4044
-2406
5555
6016
-3701
-2228
9402
-4125
-7777
4245
9466
2820
-9790
6028
-4239
4638
-4404
2551
-2864
-4009
-8338
-633
1587
-3629
9509
-6373
-7199
-9764
4495
6345
-3364
644
3654
-2791
-5449
-679
894
913
5459
-9658
6035
8396
-431
-9064
-1394
7401
-280
3418
4303
6799
-3899
-3373
-8304
4757
1881
-2998
-6209
-3421
8705
1338
-6411
4660
-8039
-5726
2355
2444
8153
2927
9783
8992
1699
-1933
2901
5557
-5573
6708
6257
731
-8548
-4895
8250
-2010
8914
4180
-5524
1004
4633
8996
959
8972
-2201
4802
-5566
205
-7813
498
457
-7536
3762
-6353
9526
-8922
1889
3796
-1013
-1918
4310
-6529
-291
-8866
3850
-9903
-5459
-6545
-4133
-2329
3276
9349
-4823
-7686
-8882
7439
-3322
-7185
-6260
-7542
-9398
-881
-7110
-4301
6491
-6733
3526
9021
2381
-8485
3110
5400
8245
1927
4606
773
-5760
-7782
4012
-4140
7704
-1965
2112
2299
2074
-5464
2831
-249
5639
-9185
9387
6121
-3949
-3825
9753
8992
1
-3431
2859
1765
-371
-3590
-610
-2506
2311
4001
6331
-6540
5052
-5732
5739
1276
-9320
1707
-4398
-7831
-2096
-6744
4172
3474
-9386
4173
1506
7902
-143
1456
9055
9423
1775
8856
2158
-2516
3896
-5492
-9214
-3162
-289
-1221
4340
6138
4374
8992
-1556
-2531
-2021
3790
5589
7925
-7324
-8547
8819
3233
7369
-4630
4761
-8490
3052
-8845
8485
-8393
-8534
7
-1946
4288
9371
7090
-6445
576
-1067
555
-6324
-8769
7393
-155
-1148
9707
-4795
-8103
7022
-7398
-8304
-8422
-9816
-815
5978
598
8141
3182
-83
3845
-8351
-2236
1509
-2212
-2775
-7498
-7144
-7804
-649
-3099
-5812
-8386
6212
4402
41
-2593
-5126
2198
-2428
5728
9844
9267
-9060
-2844
-3872
-3648
6490
-49
-2287
3636
-2602
9599
-4324
1173
-7920
5021
-7002
4293
-7589
-6541
9397
-2190
6563
1591
1735
-3688
-730
5671
-2012
-3312
7781
9543
-4963
-1207
-76
-9832
-978
9623
7754
5228
-4271
-1492
-3093
-7288
-6516
1338
6960
-6959
-4446
3931
1606
8958
6674
-8411
-7319
-6822
-517
1405
-2897
-4872
-6747
-6507
-5076
4587
-2460
-4929
-7907
1684
2422
9956
6903
-8970
-6420
-9324
6949
4585
2579
-859
8115
-638
4441
-6844
2758
-5967
9568
8545
5035
-505
5177
-6955
3493
7194
508
-4582
-1371
-7160
-7042
3256
4437
-3385
1108
1379
-2142
-8331
-2740
5577
-1633
-8536
-3504
2132
-8542
5263
9200
6961
-5709
1194
6712
7282
-4788
-3204
-5817
-1607
-2361
7154
-7564
-1383
-6491
-3120
-3043
4183
-9430
-5103
4597
-9039
-521
-2154
6302
-3359
5991
-3305
5135
-5609
-6191
-7005
6540
514
1451
8039
4120
7174
1206
6246
7665
-2186
-2618
-8121
-1347
-1819
-9492
5960
6246
-5191
317
-2683
-5982
-1718
-3342
-1943
-1603
3337
3678
5675
-1421
-925
6830
3672
314
7275
-724
2802
-4764
-898
7730
-189
-8957
5622
-1055
-7003
-1598
1111
5369
4758
258
196
1003
-9945
-8221
4260
6011
4515
-9769
2417
-7925
-4222
3262
452
677
8880
-472
2756
-6029
1243
-5987
8047
4634
5257
6020
-1508
5824
-8758
-2769
-2318
9063
-7487
3662
-6568
-8114
6725
-3221
9040
9940
8789
-380
7843
7267
-8692
4110
-366
1595
-561
7906
-10
-8906
1550
-5927
376
6895
470
3737
8419
9492
9695
-5580
4857
2630
-8025
-4548
-2401
940
170
-2187
1876
383
-9358
5745
8709
-8770
-7318
3196
8438
1719
2004
-5437
-5405
-8997
-3303
1211
3379
2128
-5743
8505
391
4580
6001
-2183
-6595
1765
-9314
6513
9559
6999
-2685
-247
-6165
2079
2528
3046
8542
-4068
5601
9274
9095
9271
3526
7765
-1298
9445
8614
-6827
4920
4706
9279
9514
-9288
9796
4382
-9511
1926
-5403
9981
9466
6308
9614
-4911
-1818
1915
-9727
770
-8226
6053
-9949
2987
-6638
7117
5239
7278
1026
1736
-8770
-3593
-8295
-4520
4187
-7529
7839
979
-1859
2497
-3508
6643
6145
1123
-6391
254
-8727
8856
5764
7933
-4826
-9863
6430
3361
-4739
3379
3386
8973
5553
6976
-4510
-122
-3484
-1393
7912
5068
8664
9274
3572
5326
-7300
-5967
7196
-8950
-7205
-4331
7082
-2639
-578
-1309
-2187
2192
-1643
-3944
-2915
-9242
2553
6006
-5249
-1678
5192
7010
7919
9566
-2417
-3556
-100
-6274
-2610
4830
-2189
7459
6102
4419
-2968
-8835
2860
-4522
4540
-3896
4131
-4879
3996
8658
7004
9965
-8412
-4351
2359
4157
-6134
-8618
-5741
7311
9600
4398
295
443
-7348
-2892
-1768
5246
7494
6094
-5297
-8357
4179
-7591
-6204
5453
5425
4211
-4259
4395
6211
-8318
1073
3196
4481
-9297
-1517
-4394
3579
-4903
705
4619
-4310
8399
589
-8955
-5686
-8707
-3160
-6834
9628
3839
-3593
4282
-7764
8429
1371
-3210
-3129
6876
9425
4262
7286
-4196
4807
7791
-9104
-5486
-6266
-420
-4031
-7026
9772
-8089
-7947
-9085
-6767
6425
8844
9543
-2022
-9530
4086
6480
6021
5820
772
6413
-8680
5517
-9926
-3969
593
8422
4207
-3381
-300
7710
-1082
-6477
-6207
4351
-2310
2576
-568
6870
-5866
-3028
4377
-6412
7697
-6023
8428
-1615
2045
5670
8061
7727
-6860
4610
-4667
6075
-8494
4150
546
-817
8072
-1168
-3677
-4759
1562
-9162
3281
-4860
1062
-2874
3963
-4530
9806
-4632
4351
7786
-3538
4144
1496
-3632
-5603
4056
-1547
-4882
551
6259
-2796
7005
8841
8547
-4413
-842
8539
4987
-897
-1381
-7328
248
7585
-1060
-1213
-7986
9045
5195
-1870
7270
9011
626
7541
7076
3044
1458
-1596
9721
2314
-3701
1809
-6753
8096
4169
-9297
-7172
7929
-8633
-790
-5860
1931
2449
-3842
-2640
7214
8166
-8138
-6420
8920
5883
-3412
-7209
-4437
2595
1860
7139
-4593
-4115
-3043
-9602
5219
1561
2679
-4320
5738
-3886
-8909
-8707
2744
-1605
-8569
-936
3228
-7726
9661
-8350
5873
7981
997
6999
3469
5664
4355
-5013
-6807
-5387
-8532
6299
-9970
5752
9536
1517
1184
-1222
-3948
7631
-3472
-9479
-4723
-5482
-4572
6939
4320
-9064
7210
4175
-9797
-576
5910
-9076
-5167
-5765
-6772
8552
988
-9018
-2958
-1520
-3201
-8592
36
-9041
5809
-8445
-8361
1422
796
5937
-1910
-2679
-6062
-9033
-484
-4975
-4229
-5703
5064
-3769
-4731
-6582
7621
1578
9293
5168
2274
-6842
-6887
-1480
-8421
7975
-3521
-7643
3915
7502
-6330
2652
2895
2242
-7472
8758
7610
-1335
-1276
7229
-3305
-4447
9313
4088
4372
9393
6946
-7487
-1363
-5738
-3353
-8860
-9008
-3053
1016
6936
7168
80
8957
5671
5788
99
-5177
1527
-8990
-8600
9285
-3745
717
9418
-7783
9936
1948
-9686
-8967
-3882
-8458
5937
2201
-9638
4103
7936
3924
-6334
3245
7464
4265
-5922
2225
-9922
3413
-7534
-6140
-3493
9790
3980
-7645
5963
5115
5161
-1879
-7111
1398
-271
-1869
7113
-5639
-1097
6602
-3735
-6803
2002
-5270
7448
6426
-9326
8868
1433
-1731
8699
-2776
195
3234
4350
1168
-954
-5469
7725
-4742
-7003
-8987
-6732
-7447
6707
10
-1317
1502
4672
8512
3501
6672
-4767
-7421
-7084
-1606
1347
-2558
1674
9619
8044
-3105
1776
-4913
-5217
4695
-4456
2439
5616
2957
-3075
3515
-2135
-3065
4620
-7363
484
-8783
-5774
2611
8641
-8448
-4469
-460
5890
-8725
8002
4520
-9767
2016
5184
-9113
-9083
-9998
-3564
909
-2353
7877
931
3188
-3604
3774
1048
461
-8123
-2246
7980
-9456
-8342
-6456
-6005
6966
4655
5681
5034
-583
3968
8793
6705
2664
8943
9100
-6859
-7157
-4876
-7584
7099
-1370
-6931
2030
4867
-6550
-9431
-9911
-6331
9668
6823
2744
5169
-7140
9540
-7632
-1414
8695
7223
6881
-4439
7005
-3899
543
-9867
6167
9437
6921
-7492
-1287
4121
5490
7870
6003
6031
4624
-6823
-6802
6162
-9417
-709
-2866
6439
-269
-7410
-7953
-1822
-9410
1315
-5679
6946
-4052
-3604
418
9761
604
9728
7045
5706
-1200
-8704
1441
2574
4918
-5829
594
-1159
7663
6146
-196
6721
4918
-7183
2587
-505
-1657
-204
4196
522
1
-9708
-3486
2123
-1883
6117
2980
5899
5543
-7710
-1335
3310
9135
3581
3619
-2964
-6005
3864
-8197
-3891
3832
-5558
7954
561
717
6614
-4280
590
-998
9737
-6683
1292
9812
-7303
9930
5915
-5120
1868
4428
-4434
9778
8451
-8120
5896
-7983
-5230
-1935
4809
4919
7642
-9053
-1027
-8716
3830
6513
-5410
-6310
-511
-7462
1715
-7823
6007
-3841
476
-9226
-9908
4658
-1636
8507
9731
928
-1442
8476
6269
3748
-7914
-9759
-7390
-5350
3636
-2645
-570
-7940
-4377
9605
-6061
1496
9516
-7516
1262
7876
-3908
9692
-5270
-9540
-2995
-2875
-8227
8895
-3816
-8532
-8153
-997
-2067
-9910
2123
7638
1964
9132
7030
-7164
4907
8840
-4599
9219
1064
2026
-9670
-1488
8305
929
-1310
9618
-8973
4939
5404
-828
9735
2585
622
7866
-4972
-8496
3288
6850
-5275
3555
-7240
-9322
9465
7415
9772
-4190
-8870
-6124
-6401
4696
7078
2694
7228
3204
6735
-1529
-5540
-8908
-9855
-515
-4140
7656
-5953
-5482
3325
-4520
859
-1724
5783
-4779
-4011
-2684
-6036
-2766
-4869
-1099
4213
3741
2501
8592
-8754
-1619
-8874
-7730
-723
4604
2671
1481
9771
-9234
-6363
-4333
7528
-1282
-4336
-5389
837
6841
3173
121
-7518
-4491
-7817
-4832
6793
617
4743
-2437
-4309
-4435
-405
6351
-2138
1926
7570
133
9258
366
-818
-7103
8785
-5772
6658
7259
7465
-1653
3237
-1120
-847
-3247
6534
-490
9453
-6650
7434
1610
-1118
-5324
-3241
7206
6308
4212
8079
-1764
6690
7590
9475
-3534
9936
3075
3728
-758
992
6997
3702
7297
6797
142
-8816
5338
-2873
8268
1704
8591
7880
-2133
9062
9956
6225
9425
-3999
-3293
8569
-2250
191
942
-1300
5952
2396
-7288
-2866
-9926
7403
-3400
1980
-1994
-5689
5069
9323
9839
-6233
5888
3423
7904
-3075
7447
-1979
9356
7967
-4778
7538
-5290
9494
-8788
-6878
-6533
-2157
8128
-4606
-1140
-1372
4245
486
-2932
1105
-4059
-7107
-1216
-1868
4603
-2485
1250
3474
-9640
-221
87
-4244
-5728
-5553
-8357
6830
150
5015
2186
-4365
-516
3902
7382
-9317
-5591
2702
1460
872
1922
-999
-5215
-2064
3706
-2409
-3277
-3061
-6875
7486
4602
-5011
-8238
-7807
1258
-2516
-8051
27
-596
4456
4292
-7387
-646
-1126
4076
-218
-4447
-6139
-6817
3774
-3840
9575
4118
-6646
-8092
4752
1903
-9744
1357
-6678
104
4772
6818
-204
8862
-5124
-5447
5551
9575
4850
-3177
6734
-2378
3488
-9461
8012
-1406
225
7697
2877
4415
5239
-7044
9505
-5456
-4967
1755
8942
-6093
4917
-2056
1491
-9982
-8837
3433
-7065
104
-7243
9727
-6110
-9698
4899
9544
680
9922
4493
232
2527
-5560
-8006
9775
-3676
-867
3115
-2912
-6470
1658
543
-746
7173
-5041
-1588
-6655
1485
4561
5843
5363
2786
-9532
4527
6263
363
-8321
-2833
5999
8367
1959
-7129
5251
-6992
-3707
9281
-1966
3429
1558
-5320
1831
-6668
5319
-7226
-7488
6837
-7111
8029
-7301
7268
-1054
5164
5825
5439
-5390
5548
7568
-536
5334
4753
6744
7888
7846
-274
8931
-9947
8724
-7904
8129
8383
-9931
978
-8694
1836
1513
-9316
3265
-4533
8340
-1573
1750
2454
-6050
330
7972
-4233
-2027
9361
-4219
395
-6892
-8464
7924
3052
1515
-7154
2903
-7257
-6021
-5285
8087
3582
93
-8765
8408
-1252
1689
5399
6237
6040
-5404
-790
-8027
4359
-2237
-9624
-2590
-1055
6736
5912
-6361
-3957
-4446
1266
120
-7
588
-1622
18
6564
-9278
-9192
-5639
8472
-2501
6589
-7580
-4655
9059
-3816
-9493
-971
-6682
5566
-5869
1219
-4276
7548
-1974
2023
-5163
7463
-5135
-2879
-887
-5700
-3738
-9372
2689
-5412
-1802
-441
3196
-2941
-7835
-5138
2607
2755
1126
-911
-319
5555
4446
-93
9993
-4573
-2837
7293
-4503
8742
5854
-2511
-4957
223
4284
2276
-3369
-7155
39
845
-1431
-5787
6895
265
3273
367
337
8017
-2161
9302
8442
-7704
-5965
-2615
7652
7188
4350
-7981
-8911
7759
-9428
-3287
2426
-377
8379
-5256
-5392
-6230
2139
-8581
5331
-5882
488
-357
4745
3385
7956
6046
-9996
1532
-6021
5762
-4524
-1050
-9134
-6765
-3821
6488
-1748
1373
9467
-8021
6232
691
4819
8181
-707
-8581
3463
3471
5359
9906
-2498
-2447
6945
-8216
-22
-9756
6321
1779
-2343
3293
5054
1239
3564
6289
-3337
-7573
3953
-805
-7405
-8996
-8012
-968
2854
4891
3154
7803
-6060
6748
7730
-817
5305
-6310
5432
9968
1402
-2587
7698
-7519
-8187
-8907
-9035
-3970
-9218
3802
-615
-8036
9614
1032
6437
-2477
-8707
-4263
-4527
1417
5064
-9809
6429
6009
-1428
9909
-9009
309
7101
1680
4735
9983
6190
9957
-5398
4122
-2799
-9831
8425
-3461
3634
5204
520
522
-2255
-3591
2888
-3534
-5857
-8611
-2779
6026
8688
-5719
5938
1698
-8658
-9192
5908
-1095
4999
-3144
3954
-9008
1112
-5135
4823
-9814
-8769
3341
4178
1589
1503
-618
-9031
-904
-2372
6599
4684
5074
4828
2807
406
5946
-5403
9140
-1688
5626
-1067
5462
-8605
-1494
-1470
-468
6422
3475
4092
-8499
-7844
6158
-7026
-7944
-8376
93
-9476
2649
573
-9087
-2775
-2966
3868
-4744
5638
-5162
-3416
-9594
2134
-5509
-7870
3791
-3013
6400
-8175
6135
-416
9398
8761
3960
-5833
-5505
-1985
8925
4691
-2003
1436
1320
5795
9000
910
8563
6001
4840
-5008
-9661
1054
-8470
9452
1168
6193
4275
-2647
-2316
1396
4912
-3536
-2695
-8098
2380
5670
-8371
-5834
7393
469
-4076
-333
3034
-3440
-2548
3876
4284
-8844
549
3616
-6833
-8636
-6742
-9782
-4532
-9244
-2838
7608
6466
5480
-813
1182
-4767
3299
1891
-379
-3522
-7948
-5629
-2523
-9231
5452
-224
8581
-5795
6883
9198
-6495
6458
-2342
-8951
9594
9025
8816
-4413
-3756
-4824
-7001
3633
5322
9014
5917
8660
3508
7558
-4298
-3143
-3914
-2535
1915
8340
2084
9176
4378
-7771
4873
-7427
-6904
2293
-8243
-1091
-450
3310
-3912
6910
-7037
6000
-2422
9222
-9849
2962
-3994
6476
667
-8599
8576
3690
247
2866
2064
4029
9905
-9505
-3245
5442
-7170
-6366
2031
-5822
-4759
42
-1479
5099
-568
-6334
-4726
-5539
-4806
7362
9949
3339
5191
6825
1354
4844
-2524
3222
-596
3032
-4947
848
6826
-8288
-5734
3759
-1464
391
-2110
-3994
5605
1984
149
-7153
5294
943
-4362
-6767
199
-3115
5282
4272
-320
-7327
4099
-6720
9590
-9829
-7283
461
-3029
-7421
-4810
-9623
9727
-1573
3620
-5197
-9231
-5036
6502
-935
2831
-4449
154
3375
-941
7912
-9508
-7965
-5431
2670
1919
9245
-6787
5014
6593
-6932
-6799
5269
-3325
36
2461
8802
6553
9991
-4409
5562
-4860
7882
-9710
-5471
-5525
3742
9746
7193
-287
9444
6212
-3613
-4866
-3183
-8976
9956
982
-4570
-5294
-9200
-718
-8559
8181
8193
8180
-6446
1066
-5951
-5713
6634
-4259
-2126
2824
4518
9552
9907
-2141
-7390
-6650
1369
7218
9447
-1558
-2006
-2562
6211
-3480
4842
-5562
9465
3672
-6323
-473
2967
-6800
-1836
-3677
7302
9541
264
6571
-6295
90
-2491
3078
-4346
-6802
6179
-8170
5734
-8121
8781
-33
-3699
-2363
1197
219
3987
8748
-4390
-7670
9123
-8577
-7005
5196
5048
-7179
8131
-2157
-7112
-7384
-3550
-5343
4550
2187
1627
9390
-5629
5365
246
-5341
-1538
-9810
7564
6973
-1770
8501
-6559
-2278
-4227
6299
5063
9631
5133
1364
-986
4612
-2811
-6147
-6815
5640
-3057
8032
4174
3151
-363
9529
1716
-4310
-2707
4684
2874
-6830
-5677
4325
-6095
8676
6360
-4867
2310
-1815
6832
2082
3047
5279
5908
-129
5688
-7099
2191
-7985
8089
1108
-7978
-4945
2800
-333
6508
5931
6395
-8389
5232
-8459
-1060
-8739
7088
-6840
6027
4856
-2068
5375
-7102
-2151
395
3462
-6362
-1688
-1091
838
3496
-3701
1155
4240
-6335
-9406
-7239
6814
-9357
-9086
-7567
-3718
5880
-1233
-7365
2921
-8408
-1928
6332
234
-7968
4337
4501
790
-129
3669
5150
-4425
-8864
-8234
2137
-7926
7755
9050
-1997
4392
296
1366
1211
-9241
-8565
-6796
4143
6324
-8995
6591
466
-5953
435
-5873
3623
629
-6358
7711
926
9856
-4112
-6116
4844
8917
1285
6212
-2260
-9510
6811
-225
-7549
9534
4523
9394
-2402
-5221
6398
3349
1757
8848
-4633
7342
1562
-8744
-7119
-5648
-9189
1061
-1483
-7496
-1232
38
2746
9805
-2646
4907
-5939
-9029
1406
-4596
5006
-8448
8248
8428
5628
9691
5325
-1237
-25
-4437
3635
1302
5104
-733
-6977
-6236
-1299
5211
-3481
-2824
873
1581
5227
947
5598
-5598
9839
7021
4482
4418
-3560
4551
-9403
-4863
-7598
8013
-9630
26
-8030
-3735
-1299
8324
1153
1676
5692
-8262
-9904
-8968
-9521
-4346
-5630
7247
8715
-7683
-8886
-4455
-6883
-9786
2891
5273
6162
-8134
-9103
-8155
-6727
-561
-9937
-3894
-9475
9034
6517
5978
-3314
9729
3195
-2428
7628
-545
-383
-409
-5164
-3525
-2306
-1509
-4898
5493
2480
-8666
7361
1928
-2047
-9697
-3435
-3046
8267
1560
-2431
4439
9056
7946
4019
8261
4740
6518
-4410
-2083
4918
7584
7589
3154
9931
-1417
-5954
-3771
-3955
-1442
4389
-2232
-1397
7778
-4814
1680
-3963
-4987
2557
-5998
-1283
-6818
9724
-5762
4646
1469
-9666
-9293
-8568
2625
-309
5707
8286
-6059
-8536
9245
-4658
9825
-3865
1908
9432
2971
2389
-7865
7584
460
5628
-2534
-8310
-394
6885
-2823
2647
1774
-3663
-6607
-6656
-8052
-4897
8049
-3803
-8345
-5227
-1546
-4147
-4002
-6263
6764
-1770
5813
3302
3089
-5157
7769
8220
7801
9687
-7310
1873
-3519
-2847
-7321
-9130
6265
9729
3898
-4738
-4749
-6950
9176
2069
1705
4946
5833
-6633
3310
-7591
933
-7105
-9609
-3801
9114
-1391
3694
-4615
-8303
3403
-3318
724
6991
-4598
1375
-9757
-5465
7693
5046
-5329
-7590
4850
-6823
-8454
-7114
-4180
1373
-2914
5792
-52
4236
-1979
-4600
9636
1466
6785
1332
-8832
1398
6160
9302
-5329
-6656
1640
-2714
-5357
-3315
-1982
-8676
4404
3904
-3385
8528
-4426
-2364
-1310
3585
5854
-9530
-3901
-8183
-8179
-5616
-5009
1418
2037
4592
4297
9212
-4535
-8638
-5643
1698
-6240
-8154
-5452
1324
-809
-3053
84
4900
7001
-9638
-5552
7776
2462
-154
6042
776
6497
-279
7753
2301
6307
-9097
2128
-9855
-5094
3065
7780
-689
-5020
-3740
-2434
6580
-4755
-4732
-9832
-4395
-6827
1648
-8554
-470
4104
3905
5158
-2191
-6697
-7261
8471
3902
-6296
9510
-768
-8850
1658
2155
-4969
6552
-1640
8635
7189
-943
-5029
-5776
-591
-6152
-9488
4534
6702
-9770
2162
-7881
-8533
2568
315
-1167
3897
6325
-7057
1402
-8579
-7592
9827
-2582
-1486
931
-9414
5461
8610
8638
8010
7647
6591
331
-6836
-8335
8013
-9069
534
8761
-1964
9801
6881
9849
224
-4287
-3537
2942
-7636
993
7043
-9917
-610
-7228
8663
-5114
-7911
8317
-6535
-8826
2110
-8436
3019
2736
9273
9295
3347
5260
8383
7951
5162
3799
-9957
-7139
-8673
-1415
-1018
-3135
-7214
-9055
2423
3362
-6566
4310
-9416
-7958
-4277
-6418
6194
8300
-3493
991
402
273
1668
-8891
-2156
-1760
-4298
-2079
2300
-5423
-6496
-3313
8334
-871
-9792
7299
-7627
-136
7814
-9847
4586
-9661
-9706
-6784
4045
-5346
-1753
6632
8483
-1001
-2586
2899
6604
3430
5051
2729
-2529
8040
4088
4334
-9641
-1034
1380
-6382
7859
-8698
-6612
3333
1946
-2277
-8761
-4846
2695
7272
-100
-4513
8629
-8757
4873
-1148
1346
3977
1056
-5163
-4744
5048
2066
1720
-5107
-1921
8838
-6878
-7620
-6844
-619
-1728
-6977
8312
7922
-2509
-2736
-4030
-7350
-4435
1261
5872
5105
-4752
-1396
1919
4073
-9347
-6288
-2825
-9766
2230
-6153
-903
2904
-5754
-8368
4848
-5760
-2788
2756
-3779
1652
4091
-7932
-897
3924
3257
6650
-7860
3002
-6988
3832
-900
762
1058
-8423
-4618
48
1249
4447
2137
5150
6457
-9573
-1702
7569
-6407
-2681
-8239
-3670
-3164
-4073
-8784
6358
1614
-2864
-1273
-7620
9429
-7501
-3967
-7297
8109
3600
-8910
5306
-9704
-5798
9213
4440
-5354
2985
-1871
-8789
8236
-4838
3895
7575
-6064
1233
5839
5855
-3535
-4981
7151
-5083
10
-6565
3919
-8102
3543
-9350
313
8101
8126
4559
5987
-56
392
2117
-6457
1606
1629
9937
-5345
-5997
-6599
1976
5290
-7596
-164
6145
8071
1541
-1798
-3372
540
-9933
9258
-2551
4991
5347
-7368
1804
7336
6278
2655
-2810
-7016
-2793
4442
2255
-2103
8313
-2899
-7152
-2226
-1079
-6924
-1120
4712
8912
9676
-5251
2521
-6415
7612
-8367
-6267
-3267
-3399
-7235
-2084
-2276
2817
-8431
-2891
-2670
1853
5495
-87
5185
7508
-4570
4578
9351
-4966
-7927
-675
1463
-280
-523
-2300
1430
-628
7644
-8311
-5549
-7096
8463
1972
3740
1785
-584
5605
-8056
1130
1311
-2180
-5457
-9019
-9947
4983
-9804
-7902
-7885
-3061
3770
-2925
5028
7393
7879
4395
-6160
-2330
-8992
-4789
-7785
-7746
-5033
-3358
4376
592
4913
-6395
6076
470
3862
-6628
-5866
-1169
3854
-8083
-8860
-1451
-8841
4211
-4180
-2988
2246
8312
3738
-9903
9623
1492
2188
9807
-5582
-7624
4193
7359
7943
-60
-1320
-4468
-4390
5686
5390
5052
-1842
5945
-3756
1738
-984
-4232
8495
1676
-9376
-4597
8861
4018
1088
-6318
-2843
-7018
8850
6740
-7338
6356
-5543
4181
-5511
-2514
-5107
-5453
6212
-6577
-168
8851
-1851
-4122
-7751
7014
-7680
7839
6283
1132
-5548
3140
-5682
2257
-6968
-5441
-814
-82
7327
6165
-5374
-3498
-6317
1093
9558
5044
2330
9465
-585
-9479
-3523
-2359
60
-9137
3472
-5547
4878
2436
7635
5419
4669
-4248
-2021
5506
-292
918
1071
-3939
9285
-9303
2850
-2763
6123
4851
-6205
-8502
5889
3426
8213
-3940
-146
5751
9251
7384
1153
-3406
-1802
2729
-8120
7650
-6675
-9957
-1967
-7268
-7683
1426
8499
2835
4860
-656
2686
-3462
-4221
4872
-1853
-9559
-7075
-7944
9269
19
2626
-6478
-560
-9750
2370
5102
-3654
9494
-2469
-9699
-1233
-8435
-8863
-1995
-8972
6904
-3779
2908
-2712
7818
-162
4119
405
-7226
7903
-463
-2568
7877
9652
7284
7189
1592
8242
-121
-7608
-9522
5533
4758
9628
4359
-8120
-1731
-9456
5515
-7179
8926
-2838
5515
3346
-1148
-1231
-7693
-9324
-6433
3868
-1670
946
-714
7996
-4936
8743
-1683
-6770
-4419
9732
-7178
2468
2560
1436
-8241
4587
7411
7341
-25
-8908
6332
-429
512
-5454
-3640
-2100
-6969
9348
-9827
-432
-3386
3222
2350
1040
-5393
4121
-4877
-5576
-9241
-8498
1230
-2443
-5439
-5746
6924
-2025
-1440
6747
-9323
-5819
-4985
438
-6944
4484
692
-4224
-9580
3009
-9259
1402
2175
-1149
1264
-2871
1865
5599
-7059
8001
-4638
7815
-8915
-6195
6339
-136
-2987
-1906
6829
-4665
-8347
8102
4360
9615
-7673
-2045
-3953
7925
1670
-8123
5772
-8501
8695
-7199
-3781
9192
-3785
2835
-5139
-2189
2980
-8451
-4465
3649
-141
-3484
-171
5454
-1175
8443
4650
1940
1963
-4670
-2435
-573
5326
9687
5265
-3569
951
-143
6897
-6649
8434
-3048
6314
-4267
1905
5659
3245
8357
-2183
-8309
9944
402
9856
-4678
5504
6458
9132
-8327
9108
6162
-5737
9861
-2052
1405
1894
-7656
1295
-3858
5554
-321
-9729
-2587
4497
-1105
6824
-2141
-5276
2209
9968
5512
5525
466
7279
1986
4904
8886
2942
-1209
8996
-6879
-2613
8869
4880
4052
3756
3126
-8920
-747
6237
615
-7988
-7957
2864
6558
-511
-4359
-6503
1466
602
-6807
7908
7282
1212
-1303
-987
2090
2345
7117
9070
8289
8275
1486
-8230
-9780
3279
8397
8925
2241
1093
1894
-1368
-3116
-5268
9572
8397
9074
7995
-1705
7842
-6759
3569
-3872
-3361
-1037
7635
2967
5416
-2073
4810
-7427
-7839
6440
-1377
9558
-9204
2291
-2638
-2384
7007
-6427
-3493
6139
-2732
-4960
-3297
1989
-1291
-3034
-5844
-8905
7991
1495
1185
-7438
-1726
1829
8512
-3133
-1154
6961
7124
4206
-8215
7206
7408
1939
578
-2721
3918
8150
-8595
1149
6769
-5586
1186
2789
-5914
7888
2548
-1811
-2188
-7569
7951
9895
-5959
-2804
6791
6663
-4301
2689
-4905
4151
5150
-1114
611
-2484
249
6943
-395
4689
-7221
7785
6916
7212
4499
5523
1113
2088
-3991
-8948
-8248
-1811
-1685
4507
5897
-8317
-5936
7489
6614
-1002
9597
4630
779
3271
-8965
-5040
9167
-8565
-728
5052
-5397
-8857
-6354
6577
-7707
5840
-9340
-1903
-2265
9206
-6225
401
-4060
3560
9267
-5939
-7554
-9092
4145
2566
4434
2545
9243
-8007
1601
-759
-1700
-845
-4160
-9390
7280
1443
8139
-2044
-6168
-1056
8533
1369
-6755
6444
8332
-615
-3054
9120
-3383
-8735
-4537
7414
5658
-7206
-702
-6066
2197
-9058
7117
2212
-5435
9772
467
1572
5577
3598
-9414
-5162
-5517
-4867
6230
-2718
-8816
5033
-7099
-8665
-3857
4329
460
6487
-479
-5320
9251
-6588
795
-7901
8881
8155
2364
-6714
-9079
-333
2183
-2163
3817
-7072
1684
368
5463
-3285
-68
-1468
-5205
5065
-4769
-4590
-3768
-7717
1852
9045
-1921
8487
-69
5151
1331
-5327
-8788
-5567
8339
-2982
-2918
9249
-3652
-3845
4574
-3420
-4409
-6267
8998
8579
1269
-3369
1157
-1340
2122
8899
-6865
3314
-9007
-4560
-8577
4430
3593
-6734
764
6901
3921
-7606
9777
-1299
3484
8515
-2868
-9719
3140
7534
-7764
707
-3221
7820
-2471
8441
1609
-4426
-4456
7297
-3284
-2083
-9355
-8358
1880
8992
1992
-9173
-7364
2192
-1376
-9216
-5545
3098
5474
271
9344
-996
-9575
-1590
65
-2242
5717
-2570
-7205
-2202
-5485
626
3994
2236
6626
-2906
-6003
3722
-7391
-4388
-3306
-1657
4174
-1179
-8542
1821
5127
2248
-3483
-8748
135
2705
-7599
7553
-1741
-3908
6341
4509
-4857
2157
5838
8557
-723
-532
9921
-4236
4195
6
998
5668
-9374
1286
5963
6256
4108
-2990
-6120
-1280
-616
-9961
7121
1104
498
-3852
-131
-2916
-9278
3509
1376
5429
-3815
7068
-7346
-1266
-5670
-1492
9507
-5943
-8348
-8647
9315
-9788
-2758
-707
-4561
-900
-8220
-5528
7015
8660
259
8473
7913
5325
6744
-4781
-8619
4940
995
-8768
-590
3548
1112
4825
6717
-8038
7535
4421
2153
6630
-3699
901
5300
-3018
7478
-8282
1136
-5093
-7547
773
-2670
-1455
-2987
3437
-5604
4155
-439
-2368
-8840
6035
2949
2100
-8059
-8536
7554
-4130
6202
-5692
-3862
3869
8937
5957
4109
4443
-9081
1834
7801
-7322
5493
3739
-553
1269
963
961
-3833
-5805
8517
365
-7692
-5215
5713
-399
-7238
7415
-1839
-5188
-9495
8839
-7032
-5628
2654
8360
-153
2145
-2662
-580
-2477
3071
-1962
-5381
-1007
-584
-7354
-2268
-3184
-4377
1625
-7833
6945
-1138
7351
-1520
6852
1337
-3236
-2821
4861
8150
3311
-4545
5366
5013
8769
6340
1904
4054
5711
-9846
9849
-4871
5028
-497
-7078
-6967
4115
7445
7329
-9060
-220
-7330
2935
-896
558
-3395
9149
-8903
-8985
3643
-8240
-8263
1569
-3493
236
6555
3344
-2210
3338
9344
-166
4400
8907
9123
-2900
-2232
-4871
1018
-4146
1988
-2002
-4582
-4073
6853
-8820
-5647
3693
-4671
8651
-6421
2087
1312
7489
-5619
2435
-9618
1679
-5824
403
-1076
-3517
-8607
1646
9681
5865
-1311
-8743
4145
9601
3383
6503
3785
-7477
-8661
1553
-8046
-669
5238
-9813
3835
-4273
-180
-3085
2654
-187
-2761
5656
5813
489
-6754
-333
8017
694
3951
-6102
6616
-1195
-9217
368
9036
-9212
8162
-1962
-4091
7195
-579
3834
-6451
6565
-5634
6994
-7460
-7462
2574
-3991
-9745
7125
-1831
-3469
8180
-3686
-2535
-9964
9148
4054
3150
5435
8081
2160
-1112
-4917
-7771
-8638
6411
-6211
834
-4356
1716
3849
7389
7294
-3590
-8812
113
-9619
1007
-7025
-9531
1837
-6212
-2212
-3093
-4166
-6751
1401
344
8003
5675
3889
1368
9548
-1085
-4061
8020
203
-7427
-8377
2165
-295
420
-296
1227
-6640
6985
-1235
9016
3152
-928
-4855
-8635
1713
-3484
-8501
7670
2516
7594
-9349
-4693
-9909
-646
1724
-346
1807
7869
3715
8117
-2459
8821
-6494
-5038
-3760
-4064
-130
3981
5682
-8624
228
-5144
-1611
-10
-2162
2088
-1720
5634
5318
7065
-8717
-9068
-4366
-9577
-1725
-7161
-1286
7766
8505
-9457
8579
-2159
5996
-1068
2713
-4911
5678
-221
-7971
-9612
-6824
6242
-4846
1539
9936
-5297
-9672
-2437
-2102
4641
2589
4231
9282
-7450
-2294
-1275
4980
-6231
3828
-2660
9331
7599
6153
-6437
-2211
3270
2781
-7528
5882
1850
2683
-9377
-1555
-4632
6400
-2823
-1360
8110
-3321
-9768
1056
-6718
-1611
5389
-62
-1468
-4940
9266
-1400
5251
6976
-6262
-9148
-9285
5785
-4277
457
-5271
-6366
508
151
2466
-4247
2584
-9475
1488
2155
-3530
-7039
1872
86
-2023
-8486
5085
9750
-8544
9213
-5627
9271
4883
108
-6369
1997
94
3981
3626
-8638
5993
5909
-1444
-3694
3988
1511
-2624
105
-6527
-7260
-9832
7869
-5732
5902
7363
-3682
-5532
4987
9488
870
2110
-1571
-8702
5152
7096
9056
-9251
-7636
-2190
-4743
-3279
5345
3537
-5997
-8269
6356
9900
2837
-7182
9158
4509
-1647
-4162
-4162
4221
2661
-6416
-689
-5267
-8403
-6917
5436
-8306
-7660
-9384
5847
-4025
-5832
6608
-1474
-4860
-4397
-3180
1144
6406
-9272
-5964
-7664
4505
-4613
-7441
-5521
-8155
-1729
3436
-9739
-2117
1046
2981
-3307
-9268
8133
416
-6958
-7863
4158
7223
-7809
3260
-180
-9629
8003
8954
7047
-6881
-7567
3766
-5639
-1691
8152
-1209
-8463
-6413
1516
2954
-4422
-8910
1664
6557
3897
9707
-1082
6099
-513
5718
-996
34
5908
612
-9066
-2622
-2767
-1750
-5675
-497
-2624
4391
