1890
-113
5619
-8263
-429
6468
352
-4058
-4022
7137
2465
-9857
3252
-8697
-4147
-3217
-6438
-2046
-244
-7689
4576
9025
1097
409
-2530
3759
4831
-3554
-3795
-1597
8764
3254
-4135
330
6764
-8680
2381
2151
4665
5060
-7906
-545
1317
9589
-9712
6198
892
-1304
5913
-7144
-9342
-7584
-9136
2242
-7555
-7920
7496
-9115
-3150
-9134
4292
-1395
8692
-3317
-3358
-5691
-1200
-8346
-360
8075
-7297
7154
9418
4156
-2439
-8196
-3300
-460
-4729
2304
7824
-3401
-1543
926
-2883
-2846
2258
1598
-2782
-6298
-7315
2408
-4950
-6421
-2485
1060
-5688
5392
5454
-8963
9786
1941
9652
9690
-2849
6839
7157
6981
-5616
-1397
5613
-7259
-5895
-9547
-4939
-3689
-9239
-2542
-6281
-2225
-2795
8673
-3203
1063
5533
-8460
-6007
8862
3114
-9631
-2632
-8958
-7663
6216
-3663
6963
9047
250
4596
8946
4726
7654
8678
-8469
-3640
6334
-1537
984
5826
2414
2030
2230
6763
-3159
4638
-1885
2262
-4796
-1495
-3398
-5685
5465
6421
1062
-9481
8864
7189
-2351
-6490
2995
230
5043
-4312
3087
129
9990
-3411
-7631
-8291
3501
-9511
959
6988
-1272
178
-1754
4163
7842
-6623
-8876
7338
-6851
3986
625
-9711
1666
-9737
8829
9129
-4493
-1255
1319
6790
6205
-2891
-3130
-6233
-648
7486
-7428
1701
-9992
-9632
-9360
7409
5500
-9857
5369
233
-9961
-9450
4065
3417
7565
-2084
-4937
-6217
3367
-841
473
-6042
2662
-992
-146
-724
-2518
6088
-2020
6665
-2232
9701
3934
-4880
-651
-4749
-8959
7632
-2881
-40
-5929
9221
8674
3549
-5301
-2473
-4510
6977
5139
7709
2335
1137
2922
-2204
-6573
-9258
-9380
7044
-9309
5069
4649
-3157
4997
-4305
6556
9853
7010
3122
1679
-2431
-6051
2027
-6010
-9335
-8477
6450
8272
2548
7601
9304
9027
-6608
2452
-4766
9165
-7978
-1486
-8401
-3040
434
5620
5227
-4528
-9219
4052
-4556
998
8601
-8566
-6310
-4666
-2217
4858
6611
-6631
-8093
6664
-5859
-5089
2198
4391
4964
-696
-8975
2377
-7595
6350
4072
2364
289
-1808
-7988
2665
2671
376
7185
-2440
9683
6721
-8857
-8845
4195
4081
-4642
9773
-5758
2822
-5648
-9398
-6462
-2675
-6188
4876
-4607
9313
3077
-1776
7671
4112
4090
412
9767
2990
-8006
310
-3169
-8606
-7025
6999
6889
-1793
-3575
-2506
-2852
-9468
-4694
-9941
-5190
-3715
-6684
-5728
-5285
-1113
5518
3520
-9045
9349
1702
4921
9241
-5999
7108
-2493
-4111
1037
-5073
-9133
-9328
6161
4037
4030
4001
-7422
-3059
-1487
691
6428
5274
6953
7010
5305
584
10
1333
-5509
1276
-5395
3845
-2266
-7382
4708
-6803
7721
-9995
-6635
4463
7533
3097
1496
-8198
7691
9588
-6811
6525
-9951
5570
-4917
556
-5912
-3008
-4599
8990
-2152
4590
-942
1571
1554
4439
-9608
4017
-2483
-125
5248
-1917
3724
-687
6012
-8967
2387
1902
-2613
-7868
6677
8155
4193
7683
-8819
8050
-4565
-7071
-9596
-5099
-8700
8192
7250
-273
-7313
7981
7134
6889
-5969
3630
-3232
5249
-3857
8822
-9727
-8267
-4358
9444
-2687
-767
740
866
-7179
-7123
8362
5751
-7494
5595
4834
5655
3291
-82
-7235
-3298
8333
-1967
2059
6364
9018
-207
-5720
6275
-6697
5741
-675
-6459
5369
-1016
3635
7407
-9308
-7674
-6271
5793
-1509
-1965
-4406
-1927
5120
-2233
-9439
-5228
3076
-3981
-5009
-175
-9367
-6804
5516
-1122
-8733
-7961
5433
8761
-929
-9297
3912
5507
2321
-8971
34
9687
3613
9292
3842
-5322
742
9899
3965
3238
2300
136
6453
-8515
4881
6438
4883
7254
4900
-9934
6275
-1637
-5986
-5700
6282
-9426
3609
-1606
-6443
9337
1541
-2753
2379
-3731
6637
-5955
2545
2006
-6451
4916
-5504
-241
2996
-6256
9954
1864
2852
9102
-8462
2640
-353
3574
1498
-1330
5087
-9558
-4227
7810
5504
-2183
3821
2223
-3095
-7034
9634
3646
5400
6241
3796
5883
-1188
569
-6375
-5950
-6617
5831
-5980
-248
6129
-6706
-4766
-9510
-8069
1733
3934
-424
-2663
-2269
4437
4538
585
-7460
8197
4503
-7948
-4040
5080
-2086
-3084
-9642
6852
-7298
-5857
9052
897
3502
-1981
-8739
3035
-9735
-5527
-4374
-1427
8413
-3416
4642
-3896
-568
2590
9129
3989
2987
9616
-1989
-9642
-898
-8714
-2109
-7057
-8355
6360
-8777
5825
2924
-4976
-3865
-4817
8812
-567
5547
-8065
4071
5622
5444
-4117
6600
-70
4929
3494
-1214
-5657
-9271
-4592
-5459
-1221
-2028
9551
-907
-8054
-6578
2864
-6507
-4629
-2019
2837
5668
8918
3989
-6072
-5212
-8437
-3323
-9569
-9274
-3672
-8286
3654
-50
-1333
-6471
3575
5532
-5405
-42
7263
-8051
1027
2612
8711
-7786
2364
-4631
7360
8716
-8697
2290
-1973
8576
-625
-9218
-6472
8961
-2814
-8641
-624
6808
4261
-1165
4728
2787
3242
9517
7849
3212
-6047
1523
-2190
2469
-573
-278
-2344
-2865
6984
222
5590
-390
7547
5814
7876
-5230
9961
8784
-5292
-2361
9084
1775
5391
5223
7203
5467
3395
-287
-3863
9558
3881
-6412
6434
-3607
-6820
3083
5446
-5369
-736
591
-8764
-5542
388
-8496
5076
4030
-527
5809
-236
2334
-3767
-9554
7514
8193
-4337
3801
-3772
-2216
-8617
1579
-3162
-3480
5042
-2651
-6058
4841
7581
-1138
-1456
-8905
4201
5708
7582
1781
-3594
-5148
9718
4030
4780
-8035
7127
-7099
768
5540
6820
-696
-6663
7891
4516
7649
-445
9723
-415
8930
-3143
-2927
112
9527
-8733
7159
-3477
2641
4768
1018
-9846
-4225
-6799
368
-8459
-1887
-7865
3605
9288
6521
-8366
1507
-3064
5860
2041
2626
3811
-3946
-3074
8934
-7401
5560
4580
6404
-2979
-1905
4872
7012
5811
2584
-4018
2954
6871
1909
1310
-7964
-303
257
-9586
-7002
3329
-5837
-4600
-8354
-8022
4828
842
-211
-1533
9762
2405
9055
5340
-1725
-1105
7725
-6995
8075
-3325
2606
-3019
-485
-1806
-1051
-5050
6036
-2415
7053
-7389
-1740
-6841
-5216
5860
104
5149
3355
-4815
5669
-5118
4353
-3505
-1308
-9225
-1114
-9691
-6513
-9909
7335
-5162
-8339
9565
4204
9612
-2743
-4568
-2611
-9077
8231
-6570
5520
-4465
7873
-1172
-9608
9053
-3336
8092
-8238
2528
7567
-1152
-683
-6765
-7052
5388
-9520
3510
533
7342
-6735
1027
7685
-7224
-1200
-9404
-4627
-1429
9624
6771
-8
7219
9774
-7832
7204
-5107
-9200
-5146
-6174
-4581
8134
-8387
4690
-4227
-5226
780
-9627
-5146
6022
-7641
-7323
-5098
419
8399
-4668
7820
4806
732
-1303
-9803
916
-7537
6521
-6617
-5846
6353
-4290
9574
-9037
5839
9051
-4381
-6095
-6833
-7355
8120
5292
9446
1722
-9469
7140
-9772
5617
-481
9388
3296
5769
-4544
-337
2119
4699
9074
8685
-4207
-6702
-3934
-9447
-8200
-4440
1468
-4908
-4728
-5550
5603
6620
-3266
-1276
-3304
414
-6022
3392
9937
-653
8147
-5280
4423
-9087
-9414
-8247
-8007
366
2541
-4624
1255
3141
-2560
-9214
-737
3923
-6620
9031
877
9903
3100
-4742
4972
4027
9549
-1833
-4629
-8650
6887
-891
3167
-272
6453
6258
8707
-7941
-63
9363
-9416
1442
-2387
-9462
-3743
-5627
5371
-2211
7638
-9935
380
3793
-8548
-9973
7344
-5657
-1827
4527
-8994
-8936
1939
-6234
3621
-81
2397
-9759
-2822
9004
-2417
-4600
2972
-312
-2927
1483
9030
-8794
1340
-9684
-3864
1746
-4017
-7208
-6174
-5405
-3235
-8709
3231
3309
3710
-1988
9680
6569
-7925
8989
3858
4096
-562
-6570
-3799
6341
530
-7838
4467
-2697
3058
-6591
-4371
5532
9865
3539
-1655
-6998
-5893
8168
-9492
2632
2838
8040
-9033
-5146
1648
7855
-5997
-9545
-9682
1099
2472
6714
-7643
6835
8200
6761
-3646
7983
-413
901
840
4289
2677
-9624
-6940
6403
2340
-3114
3616
-819
-2481
6867
8966
8721
-6196
9616
6486
-1186
-2553
4014
2356
-5165
3349
7025
1793
7454
-1565
-2678
-7717
-2896
-9023
-7190
-5230
-5359
-9110
-3677
7694
1273
-5971
-2399
6731
4348
9118
4855
-7327
-8490
-6289
-5403
5646
4407
549
-3603
-3367
-1421
-5877
8730
-2302
-3898
-9171
-8001
8659
-207
-6294
3744
5163
-1966
-7123
3274
7425
9963
-8674
7695
6987
-9276
-5396
-3068
-6327
-4190
3298
-305
-4613
-2488
-5355
-3255
-8027
-2670
7379
4364
-3661
9957
3527
-7723
5246
-6053
-7918
-6398
9680
-4429
9132
-1550
5898
7466
-4673
-7040
9681
6998
-4911
-3105
-5531
7027
-1033
2709
-7688
4583
-1535
-6858
-6420
-4592
6780
-6990
4905
5869
3538
-9043
-9145
-9149
-8166
6547
5855
2738
3807
-7506
-6512
7971
5871
-4462
7301
8496
-3919
9116
-9200
-9972
5971
-1654
6662
-4480
-4004
3622
6371
1345
-1876
-7841
-718
-5344
-1588
8203
-2062
-6272
-460
9945
-1245
2241
-4529
6582
6249
672
-5808
-8010
7652
6247
-510
-3953
9402
-2880
2171
-1905
-1595
8582
-4272
986
6893
-3061
-7922
-6919
-5857
4179
-962
2815
-7314
-5625
-5702
-9646
-7281
8830
-9580
3848
8376
-5755
72
5005
6726
-4969
-3603
-1641
4149
-2098
3619
8543
2783
-2499
3383
-5715
-6377
-6544
2655
9004
-1639
5843
3301
-3920
-8994
3452
3465
-3762
5520
-1490
-8095
-9490
-6468
9874
-4201
-8498
-485
-5063
4381
5661
3930
-1411
-6401
-7349
2016
-9413
-676
6044
-2340
8074
-7639
-4264
290
-3586
7926
2179
5177
-8002
2069
4627
3368
-3165
8403
5116
1947
-4064
-3061
-4252
-5281
2131
-1222
-4248
535
2405
6959
1099
-119
4634
-4630
-3622
5985
6956
-5733
9000
-614
-9964
-1355
4288
-616
3083
8280
1213
4257
8182
-1302
-686
-1301
1807
5512
-7520
4468
3003
-6328
-899
-6142
-4877
8909
-7757
-7963
-7579
-5647
-9493
-6483
3869
770
4284
6472
7670
-9479
-233
5822
-9012
-5988
-9807
-6179
6809
5115
-1483
2846
-671
-2125
9952
-4796
663
5096
5487
4420
-6099
2813
-2973
3542
-8088
-1980
8611
-9394
3058
-4668
-1280
-6648
-832
3880
-8126
-8168
9531
-3829
1853
4341
-383
7626
-1105
-8285
7983
-8928
2855
-1215
1697
-71
-3892
7405
-1575
-135
5454
-7525
5244
2527
-9467
-8597
1248
8315
763
-9128
-9003
1755
619
2818
8403
-6494
-5347
-3316
1339
5347
-5705
-6367
-6118
-4813
7463
-4194
-3262
5733
-135
1950
3729
-1428
3398
-2608
-2190
867
7028
2558
-8591
-3281
-6028
-9410
-3115
-7328
4305
3548
8487
9664
8533
-3081
7496
966
160
-4264
-5401
-8278
-3518
2699
8963
8333
8362
2821
5007
1410
-1393
3162
-8062
-2898
-8575
-1679
2619
4367
-8304
4916
-3236
3813
-1434
-9670
1556
-8314
2120
-254
-205
-2913
-828
4107
-3246
5871
3869
-1250
-9706
-310
-8663
-4615
-9363
-6851
-2481
6660
6612
3213
4667
9622
2405
3917
-4657
-2129
-5076
-7202
-3065
7024
983
-9898
9573
-8847
2857
5185
-1860
-3507
-3130
5460
6188
-8653
214
1015
3017
9593
3603
-316
7533
-867
-4157
5490
8556
-2025
3917
-2361
-4027
-5109
-8781
2145
3971
-791
203
8380
-6845
2357
-3650
-9573
9531
-5682
-1307
5076
5614
1522
-6528
-2207
-1550
-9304
-8236
-3530
3597
-2181
-8989
-10000
-2948
6086
-1163
1291
-2525
4799
7992
9514
5508
-4329
-2126
-7550
-6966
-1983
9246
-5049
-3912
5432
-5937
8138
988
-2138
-5937
24
2730
-3128
-5803
5401
3405
-3497
5998
-9493
42
-6285
-8429
4880
-4226
-833
4246
9424
-5369
-6937
8640
-8721
3439
-6918
3343
-6167
-7223
-1146
7360
5967
5750
3895
-2056
4225
3128
-8863
-7848
3260
4275
7327
1904
4519
-2328
1431
-3769
3708
-4918
422
3569
-5722
3033
-1495
5701
-5284
-1659
4906
1859
-7518
9189
-7158
-6807
2896
-1568
5387
-8640
9037
2452
-9018
-6126
-4572
-9090
936
-1205
-719
1071
2796
762
2453
-8156
6294
4033
4329
-4956
4832
9744
9459
7755
7973
1591
-3554
5410
8489
6430
7293
5334
-160
-5090
3778
5370
8297
812
252
9768
2453
3759
8322
168
-7229
-4923
-94
-6558
-2543
-4415
-5588
7178
2041
-860
8924
1635
2998
-8447
7936
-9379
