4010
-5787
-2770
-1493
-3290
2719
-4068
-5931
212
-5094
-8215
-5585
-7210
-3760
-7241
7220
2520
-9350
-3325
3152
-9996
-9922
-2452
4792
-2842
-7697
-7389
-502
2363
5518
-8150
-3202
-3138
-4737
-8840
-9717
9613
-4667
-4657
2478
7236
-1718
-4954
-7652
-3055
-5101
8759
-5164
4561
6067
7525
-8307
9935
-2100
-1686
2516
-6938
671
-5749
5146
6458
7474
452
-2689
-3611
3273
6770
-2368
4563
2235
-9598
-2171
4466
3079
1342
-4285
8907
-2240
-4724
-8331
-103
-4785
2216
-856
9392
-3117
-5383
-8484
2092
9915
-6952
4087
-4052
-4572
9690
-1003
4897
8687
-180
-8096
-433
-538
-7229
8482
3565
-1365
1505
6290
-8567
1140
-5535
8626
7952
7357
-7767
3189
5145
6584
-2987
-3526
8179
5463
-2512
5491
-6962
4753
6105
-696
-9026
5218
2117
-8135
1413
-8213
4215
5790
4944
4377
4139
5872
8183
-8799
9477
9916
-5634
-6692
-8900
-2684
-4681
4252
-3328
1570
9381
-224
6128
-5624
8894
8404
-7113
3367
4186
4715
4718
2172
7768
-2195
-995
-1994
8192
-7311
4921
-5226
6938
9789
-703
-6032
-7241
5665
1088
-7435
-2690
-9402
-9372
2014
-1969
-9151
-8834
2986
-9099
-9795
-7573
-3214
9791
2654
7643
-4101
3502
3094
-9649
5660
-6675
6408
-4022
1195
-3491
-7542
-9608
4467
-7409
-9186
8114
-6784
-8659
8663
8570
-8563
-7677
4297
2602
-2394
8848
9580
-5067
8152
8097
-478
2367
-6168
-2377
-1866
-1527
-1835
-6639
-277
-2701
-9744
-5031
-234
2871
-3786
-1495
-7161
890
-8582
930
-7455
9434
-5473
9652
-4703
6464
1727
7381
-1387
-2192
-2388
-7641
-9968
2285
52
777
1456
1875
5612
5282
-9907
-3319
8029
1601
2033
1954
-4470
-8439
2457
4829
5481
2928
-4015
-5894
-9041
2465
-6149
-1421
762
4891
1535
5303
-6486
-6844
-1783
-1543
1703
8433
8137
8387
-2218
-2923
-4511
2164
-5684
-193
9117
-9318
3729
-2923
-565
2146
-4697
9543
2517
-2112
-4959
-6495
2997
-3850
-5555
-2560
-9888
-5464
-1065
-8867
-6536
-7616
-4099
9986
-8509
-8795
6046
-4070
3906
-1411
-9979
-2619
-7782
-5259
437
2185
-4053
-2736
-9886
572
-5991
-2447
3164
3211
6117
-9075
-8544
-4598
-8481
2023
2357
9919
1806
-4582
7854
-2409
8243
7772
-9352
-3455
7496
1260
-8752
1890
-300
-4873
7439
1391
-9484
6781
-300
9207
-6088
5129
-6163
-1754
828
-9478
-6358
-5214
-3437
-3023
-1708
2634
2066
6208
8830
222
-722
-6660
-5894
-3559
5819
-9722
-9714
-4615
-9428
8060
6420
7222
-8569
4143
607
-8070
9905
-2177
-4414
9472
6481
-5270
-1054
2018
-41
2291
2549
9498
2578
4357
9236
9072
-6020
-2344
-7000
7034
-2323
-8414
3975
3846
-5535
9333
-8506
7396
5582
5874
-16
1397
-9676
-6472
-8870
-421
4347
3605
4251
-6942
345
-6458
2797
1772
3709
3595
-8539
-5216
3195
8036
-294
4474
9941
5265
5991
-6951
1446
-8237
6513
-3209
-988
-9705
3915
2946
-1860
3337
-1817
-2867
3726
-5895
7763
-3276
-5781
-891
9857
6231
-3612
-2913
9072
5480
-6439
6805
-1552
-8786
-1329
129
-6536
4505
-4034
-149
8893
-2159
-4479
4576
1424
1713
-5191
9260
2869
9910
-5327
7034
7481
4791
26
-5787
3235
8922
4604
-3970
-2351
5026
6391
1780
1309
9489
-4399
-1032
1901
2186
-5468
-7251
-8784
4975
9907
-9881
4231
-6849
5340
4210
-6888
3677
-383
3966
-9704
1569
6411
-8059
-3310
-8113
7248
-8375
-9378
-3478
8171
2556
856
-6086
-8930
-8410
2016
-1828
-6690
-1784
3714
-4278
2465
940
-339
1923
8966
3376
8882
8761
8788
9138
6492
-8810
-5597
2005
-6965
-2905
-1973
3230
-8601
-7498
5754
-4373
-1188
2535
6290
-2540
5146
2908
-5259
9166
-8087
-5764
2713
-7264
7796
3660
4867
4236
-2887
-8423
8513
6578
5126
-3595
9492
-2943
56
5186
2833
2832
3611
-3002
-3006
5014
-8244
-5445
-326
1847
-1661
7770
-1696
-3891
9393
1798
-8782
-7678
-8068
-5569
8224
2091
9032
-8812
-2694
-7534
-9090
-7873
-6564
-3440
-3564
2818
676
-4966
3736
9388
2172
-7699
-4604
5246
-9794
8056
-4406
-5654
-8771
-9872
-1193
-7157
-7111
-3336
529
-2439
-8200
-288
1378
2063
-8509
-5710
714
-5011
-7756
-9379
-7743
-4926
5160
2346
-223
9858
-7080
9066
-1029
7550
8750
-9654
6499
7823
6744
2351
-106
-5454
-5896
813
-7794
-209
2371
5397
837
5758
-7098
9541
4005
182
-997
-619
9119
-636
-1602
-7147
-2687
-733
6223
-1209
8106
-4058
-5541
4585
-3834
5449
-2114
-6471
-8854
6089
2572
-2769
6668
-6477
5712
9847
-8311
-2216
1634
-4341
6680
-8764
185
-452
-8444
743
-8807
3568
8899
-1696
-257
6465
-9800
1574
1104
-5910
4222
-7666
-3179
-6704
6202
4486
816
-2040
-6383
724
9672
7673
-8194
-2715
7895
-551
7950
8816
1084
-4002
3734
2761
-7546
-1032
-7807
-8605
-6106
9558
-7238
-5014
-1227
6690
-5128
-3614
9398
-2982
9390
121
9284
5231
-4920
-4414
-6848
-3027
8548
-1318
1582
-4649
7654
6685
-8599
3078
-2443
2503
2731
-6977
9493
8199
-3988
7637
5932
44
5101
6142
-1634
-1014
-366
-5855
-178
-6168
-2297
-7039
-592
7216
-269
-8608
8649
-3036
6633
4921
-5754
-7347
-7577
-721
-5984
-8633
4033
5149
-6113
6160
-5262
4757
-2444
9427
7003
1212
4518
-9876
-7025
-5681
4960
-4878
9879
-228
3858
-496
-9602
-9105
-4233
-4839
-1558
-7632
-3707
9168
2253
-960
-391
8326
-3703
932
-293
4841
-4806
3539
2416
-597
1356
4950
4200
-6663
-5214
-7174
9400
-5111
675
5342
5124
5389
8527
3793
-6834
7603
-8518
-6479
-7673
-1754
6847
9990
7705
-5004
-3219
9374
-7909
-9361
7047
-1219
-961
-2229
-1011
-8345
836
6252
-3526
8580
-8909
5568
9879
-8207
8263
-8748
6255
6762
1786
-8907
1421
-9889
-700
-9097
-9746
5817
1408
-7884
4090
-6359
-7845
-2621
2928
-4560
-8545
5887
6500
-1743
-9760
-5581
2924
7703
8185
1970
-8934
6833
-2702
7844
-4900
8871
742
-5302
9148
7104
-5990
-6476
-1893
-8372
-8184
9191
4974
-5901
-4536
1520
1685
7791
-245
9925
8987
477
2721
-8784
-3412
824
-2389
6971
9850
2366
-8885
9787
-511
7961
7582
-2926
-6418
-804
4882
813
-5084
-9832
7347
2882
-9113
-5720
-4999
-894
-5006
5124
-5309
3918
-4528
1452
6239
8743
-4002
-4060
-6541
-4409
-5559
-170
8988
4020
2518
-542
-7733
6837
1170
505
6777
-8642
-4018
9585
-5783
4559
-8485
-7129
-6072
9963
-9788
-1899
-175
4403
9898
-6202
-3934
-5074
-7706
6541
7245
-303
-2779
7118
-9836
5929
-2321
5190
8733
4234
-628
2357
6381
8213
-182
-3603
9092
-8750
-2294
3429
-4908
-3970
8877
-4293
-9853
-5221
-9486
1056
9624
-5070
-1405
-8837
7064
7607
9495
-8110
-7884
-8221
878
-6666
3986
8682
-6017
1705
9088
-1139
1993
-5376
7495
6235
354
9995
-3458
781
406
3527
8397
-8192
-4453
3380
7440
1745
4114
-778
-5598
5008
-2022
-4040
-1588
-7323
-7416
-1778
-9685
-5289
3889
3060
-9234
2656
-7596
-8014
6027
4479
6922
-3988
-2907
7051
-4412
8824
7866
7075
9072
-7216
3605
-7658
-361
4277
5872
1117
-478
9119
-7056
352
1859
6851
7907
-5752
-8655
-4082
765
604
-5238
-479
6799
-5451
-6497
3970
5764
-8664
-7389
3875
-6518
7657
-6420
566
3950
0
5362
6056
9916
-4371
-2198
-4836
-9293
193
-2970
-1544
2013
4048
4398
-5749
-5858
-1338
-2137
-700
-1212
-527
2060
-229
-4887
-3555
573
3015
2824
-6820
9821
2818
-5610
5770
4302
2152
-8452
8440
3153
-3291
-2901
-5256
-5393
2829
7502
-4710
-1351
6916
-1408
-5820
3911
-3094
8869
-3778
3761
-5639
-1033
-3186
-935
-8990
3360
-2356
7570
-7138
-9324
-5373
9033
8061
-7005
-6354
7159
-8049
1827
7620
-8216
4082
7314
-5264
448
-1375
8971
-4144
-5993
2462
211
-7443
-5393
-9720
5720
-6078
-6920
-7552
-2889
3287
-7433
-7692
-4822
-7353
4579
-8295
2637
-8789
8840
-5123
4389
8494
1522
-5427
3172
-8951
8978
-1116
4582
-2752
9838
7238
8632
-9568
-4496
9127
-2750
-6927
5428
-3667
-9709
-4810
-3442
8202
6466
1414
4901
4038
-5406
-2671
-3220
-7130
7274
-707
588
5033
-530
2668
7884
2848
4365
-3536
-981
3287
873
-8143
9273
-3282
-203
-3727
-7066
7941
549
480
6125
-828
6599
1469
-1234
4664
-7538
3360
-1862
3049
-2582
-4212
7292
-6698
-7
-9419
-7100
-4562
-6533
6754
3949
788
2100
8783
-613
-3480
-7318
-5764
9519
-2906
-5955
-7099
5499
2367
6864
348
8529
1013
6073
5395
-1696
-2926
-8437
4365
-6950
8776
8318
1988
-2885
4989
2748
-3408
-666
5430
-8418
-5367
-2254
4791
-9458
8236
-8501
9677
-622
-4187
-5845
6424
-1956
-6164
-1712
-3200
-2568
6935
-9354
-5529
3714
9822
5481
-1878
-7088
-4993
-7151
-1127
901
-9567
-9699
2855
-3909
-7162
7414
6066
-4668
-7985
5289
-7606
-2115
2379
706
-5582
7662
7493
-4857
2562
-7074
-9502
-7130
9558
5633
-4386
6085
3768
-8044
265
-7870
4709
-6151
-8038
1436
2826
-3468
-8747
1771
6729
-1626
-1149
5117
-9091
8977
-8798
-5032
-8775
8447
5115
-3438
-447
8358
-5969
6554
8179
-4490
-3812
-5036
-9936
-5055
-3333
-8193
-2565
-3389
2399
-6423
9674
-2343
1154
5436
4818
-7240
7043
-6373
-2080
8872
4094
4178
593
8703
9301
-848
6905
1740
-8935
7564
1199
-589
251
593
495
6325
7014
3043
6270
-2586
-8852
8602
8921
2345
6689
-8234
-5840
8867
5928
-341
-5528
-6697
6832
1102
-841
7207
3185
-9910
7995
-3520
-8340
-6611
-9667
-7159
526
516
-6669
4722
-5779
2307
1568
3942
9095
-9745
-1382
1976
-9587
8736
-9162
-6521
5036
-3588
9215
144
5075
1207
271
-8789
2045
4034
-2109
2649
-3923
-8529
-7470
3603
1113
4013
-9711
-8239
-1387
-6807
-6858
671
1461
-2184
8509
4289
4868
3828
9792
-5741
-10
1559
1828
-7540
-6054
6016
-6326
-9140
9105
-3311
-5609
5258
-7860
9195
-4694
9798
8500
5516
-2421
2650
-4626
3149
-7087
6620
-2125
-3852
3081
3534
1770
6323
7773
5692
4478
1660
8730
9323
-9860
5054
581
-1832
-7378
-3573
2131
4819
2524
-3574
-502
-2945
9288
-8452
-7285
2464
973
-1937
-1344
-1344
4721
8827
1234
-8053
2964
-9763
1923
2757
-382
5604
93
1674
-7388
3947
8291
-6152
2899
-9009
8198
1098
6144
-5345
-614
-6809
-5167
-1067
-4014
1618
9685
-7245
-3816
5249
-8865
7925
-7087
5003
-6803
8687
6680
-2559
-4405
9947
-6719
9292
4219
-6481
-2740
6169
-2475
4923
7039
-823
1135
3300
-1388
-796
-8519
-7336
8836
737
-6038
-9372
5909
7793
2503
2719
9330
6533
322
-4707
5018
-1518
1401
330
3415
-4673
6501
5527
3343
-4965
9667
-7346
4251
5393
-6151
-3786
-6603
-6779
-9020
7507
-9893
-817
1713
-7483
619
-5666
7135
-4383
-4088
3220
6939
4838
7127
-7066
-4645
-255
-8289
9323
1635
7358
-2567
6792
-2875
-9624
-8594
1435
-6411
6561
-1575
-8946
-5876
-1031
-2822
5237
233
4991
6658
2383
8875
4128
3536
9687
2367
-937
-132
-5271
-4905
4918
-2637
3767
-8924
-2916
6120
8425
-403
5199
-9553
-570
-4394
-4694
-3355
7451
3867
-4047
-383
963
5210
-9825
9446
-9333
-8903
3594
3277
-6816
-1836
8896
1983
9936
8478
1089
-69
-3497
-8339
-4701
2006
-3645
-892
975
9935
1886
2628
8464
-8187
-1182
-8541
-2028
-1730
-6510
1685
4146
7829
2479
1079
-3767
-4085
-7896
-7060
4138
7366
6003
-5073
205
3912
4632
2107
2279
-1906
-2304
-5601
7247
7116
-3330
-7351
-1974
6168
-3688
-7374
-7267
-5069
-2057
-1638
1167
4054
3961
-704
481
-6992
83
-952
-8147
-5549
-9453
-2161
-2638
2789
9227
7805
9748
-3001
5552
-903
9983
-843
-4738
5617
-634
-4061
8169
2878
1698
7207
-5511
-4757
-7602
6794
-434
6435
-9604
9458
-2088
3853
-6063
969
-5667
-997
4869
-5031
4760
1337
-1361
2922
-9699
-3143
5921
-5605
1350
-4764
-8748
2888
-646
7280
8922
6703
2402
1824
-1324
4211
6962
-9733
3059
4907
-9164
2041
8404
7076
-5779
7283
-4276
-9517
4056
-9921
6229
4638
1187
5669
-3483
-980
-9051
-2068
6774
-4338
4560
-8015
-6388
-1371
4342
6417
-5882
-4338
5970
-7803
8418
-7567
-9645
-4824
9733
6390
5688
6761
-3797
3335
5409
-3293
-4998
8506
-735
-3774
-2391
-7193
891
-6300
3392
-5406
-1988
-1443
1831
347
-9823
6717
-4460
-6096
-8073
786
7503
-6448
4605
8946
8178
-2401
-4935
3931
-2382
3072
-3009
7250
-1431
9985
8836
-585
4467
-7917
8256
5205
-4543
-9484
-3009
-6195
-9943
-488
1433
-8167
-3001
-1926
-3058
5389
1916
-1728
7944
9420
4307
7380
7261
7953
-6582
-1799
5297
-6164
1708
-2792
7975
-7603
-289
5473
8417
9133
9454
288
2282
-2421
-584
-7580
2204
-7047
-8615
3281
-7543
4666
4089
4900
-7126
1184
6750
493
-5984
-784
8227
1681
-1404
970
-4460
-862
-9423
4052
9745
-132
-7298
-604
4413
-8728
8434
-7690
5463
8474
1399
3759
9221
-3029
-5482
-8870
-9690
-9496
-6877
7863
-7908
8956
9297
-1720
-7278
-1228
-5256
2052
5296
5723
3382
5859
-3097
-1130
-8338
-7555
-9526
2184
-6845
8718
-7384
8665
-4364
-8691
-1940
-1530
2725
-9336
4199
6537
206
4539
7307
3788
3796
3799
-408
-7453
-2869
-7577
-315
5128
-5887
9401
-5300
5306
-369
6330
8361
-5991
-4627
-6476
-5966
4013
4384
8394
-5711
7724
-9163
-9820
-6803
575
2876
-6253
-4241
6460
7487
-8384
-4916
-9907
2566
4014
7194
5945
-2089
5392
-7236
-5393
9820
12
3150
1037
2918
-8244
-6873
8173
-7351
-8578
-8998
6315
9802
6616
2975
-7825
4597
-5377
4482
-5989
3076
-426
-7063
-4443
7447
-4712
-8347
-2583
-2767
9265
-7303
-3239
9447
-6736
9755
6836
-7008
-2066
-7704
4568
7556
-6461
-181
-6140
4993
-9353
-7680
5174
7233
9502
2681
-7515
-8686
888
3898
-7321
-5828
651
-587
4257
261
6838
924
-2944
-2780
1347
7974
2763
7813
-9973
-3581
-8562
-675
9935
-57
-8081
7887
-1754
8889
195
6679
-7472
-1637
6262
-1130
1709
-343
-6539
-3115
7876
1941
-1965
9073
4179
5939
5188
-5661
-251
-3170
-1358
8483
502
-56
-54
9148
-7371
-7053
9364
7893
2556
-3829
-9727
4090
5424
-4396
2167
-5185
-1471
-9286
-3357
7406
5171
-2311
3910
6420
-5364
9571
-7037
-9576
-2140
4642
1562
-370
2800
-4105
-9936
2828
-7536
-7291
-1769
-37
8905
7841
-9132
7525
-8736
-7793
-4960
-8987
295
-3796
3429
1084
5398
6097
5639
1204
-5546
3484
-7822
-8084
-620
5368
-186
1103
-6488
2490
-2035
5783
-4022
-799
4598
-1804
-5700
7494
702
403
-3599
-3333
-1571
-108
1374
-8680
7648
-8455
1048
-3854
-7499
9354
754
8353
8857
-2501
-10
7268
-5792
-3552
-3224
1726
395
2017
-2186
7632
5786
842
3942
-423
-3105
-9803
-3487
-6348
1561
-6281
-5327
-352
-7198
-6034
4277
7000
7580
-658
-9053
-153
5370
-9718
9719
-2673
1933
2529
9067
2397
4094
-9622
-3544
-3110
-3451
-7587
-2531
-3616
7659
7342
1761
4503
-9093
-5973
3255
-856
3628
-420
-1303
-799
7237
8095
360
-6491
-7345
4156
8913
6565
-2785
5236
7960
-3570
-7428
3367
-7655
7667
-9134
6368
-2632
5569
6699
9335
6000
1871
-3940
8538
5156
-4080
-3745
6751
1001
-7286
-9277
-185
9548
608
-9834
-5886
-121
-7739
3194
-8590
9676
-2824
-3860
-3494
-7498
128
-2180
589
-7409
4532
6492
2929
6832
-4230
8217
9891
1271
200
-4816
2185
9188
-1419
-2905
2161
3088
-6473
219
-7443
8518
5427
8435
-9645
-9671
-6489
401
-1413
8018
-6854
5167
-2714
-4190
8991
-7638
753
7824
9252
675
3911
-1477
9214
6143
-8059
4067
1593
-4205
2954
-2923
4079
339
-2489
-2523
6382
6254
4517
8437
-1382
7073
2427
3029
7068
-7537
-6044
3388
-6600
-2204
-2170
2120
-1005
-7322
5499
-801
-2693
-6675
7106
601
5197
9981
-6198
2049
2034
5730
-9671
7588
-6494
8615
-3705
2501
-7947
-9048
9083
-4792
-948
-9436
-5446
653
4951
5673
7073
-3195
4400
-2520
-5829
1174
3729
1385
2392
9522
4010
-2181
-7601
8728
-9764
1701
-1382
-5609
498
-9382
6666
9640
-3557
921
1576
8354
9895
4665
2488
-2191
1231
7872
-3130
6100
8679
5354
-3602
-4675
754
-1761
-6746
7336
-2166
-662
-3514
5746
2546
5862
-6376
-3870
2381
2580
-3612
4751
6699
4083
-783
-9725
-4668
-2702
8474
5912
4223
-7720
-8300
-4440
-898
5234
-5145
-382
-9613
4619
6925
1189
2097
-5430
4143
3456
6423
-6708
-8177
7849
-2210
-5554
4866
9180
-7758
-1557
5742
-9658
-9699
1217
6962
2125
-768
2182
-4463
6309
2110
-9505
-1355
-2113
-2892
-6184
-5933
-9798
4595
4892
-9799
169
-2590
8922
-7752
-8830
2620
-1352
9525
431
46
219
5255
4532
-1575
4164
-3589
4035
5009
7143
-5826
-4931
3506
-6305
2003
-1773
1780
3360
-6031
7127
-5751
142
8325
7954
-3404
-4988
8319
2514
-9587
943
-5224
-4293
591
9956
-8145
-7739
-9034
-9866
9837
3210
2933
-3037
3154
-1462
1188
-5502
4196
-8033
5675
-4907
43
-2435
6421
-7843
1832
-1787
1074
641
5488
1924
394
-1363
-1541
5797
9000
9677
4383
-7977
-3757
3442
-8214
9527
9784
8083
-9548
-6153
7500
3374
-6923
-4839
8722
-3066
-2359
3608
-357
8109
-4880
-5099
-2665
-5161
109
4143
5563
-9033
-7892
-5206
-6930
-4220
9495
9134
-7039
-8577
-8569
4847
-6493
-352
-1284
-2311
-8232
-8709
6932
891
8095
-6567
8717
9522
6439
8216
4330
-8926
-4965
531
4591
3075
7216
-1440
3736
3631
-3539
-3388
2238
6439
-8175
-7174
4416
8284
-7124
9113
2061
-9332
-797
-4776
8361
2546
5447
8668
6799
5732
-5389
4760
6761
8220
3455
7148
-8053
-241
7217
9040
2650
7113
-2598
3822
8232
-240
2781
3830
-267
-5436
7146
1185
5078
-8180
-4100
1062
5879
-3859
7927
-4020
7825
-4138
-4126
-5224
284
7927
1247
3502
3473
-2509
-1864
4630
-498
4842
6029
-5154
-2204
1880
9539
-8310
1318
-8702
-108
-9012
6785
-7936
-7078
-342
-5623
-3705
-9847
-15
-2537
-9265
8788
-5800
2612
9478
-3759
9168
-9941
303
7400
4945
7929
8048
7171
2840
2844
2657
-3579
1608
-6460
-1284
-2074
-9540
1929
2787
4998
-4446
-9670
-8788
5340
-4656
-6165
-4883
-2927
1862
4034
8855
-8229
-9573
7915
5169
-1279
6231
8633
-911
-2268
6950
5009
3157
-998
-4079
4085
-2307
-6470
6126
-671
-549
3554
-7465
682
9317
4311
6138
-7867
-3399
500
5609
-9177
-5467
-8505
-468
-8646
7381
-7487
3365
2443
-3822
-3442
7718
-1228
8682
8390
9668
9801
-4426
5308
7083
-1587
9210
-3842
-8122
-9288
-8122
5216
-1160
-3547
-9223
-1759
895
3640
7887
6879
878
-5801
-6274
-1174
1671
-5499
3927
-7581
6136
-4574
-6345
-8719
-8780
4101
1392
9290
9928
-1802
3884
-9539
-1645
-8324
-5323
-3754
-4094
7027
3955
-3947
-2220
-2920
3022
-6689
-8950
-9767
6607
-513
8520
3513
1513
7186
3756
-6017
9838
4377
6932
-9144
-4033
-9860
-7234
8956
-7223
-4725
8795
7882
146
3600
-2689
-4180
6254
-1146
-8754
-2316
3962
4317
81
6916
-4356
-6324
-7048
-8409
-8808
-9837
1421
-1827
9470
662
5181
780
-7630
6756
4612
9832
-3505
-6761
3086
5946
1057
574
1130
3083
6501
-7029
-6392
-4564
-8244
9018
-5812
4078
7550
7632
-4783
-3960
3140
9206
-229
-3288
-7009
5333
7367
222
1770
-3719
-635
-5858
8441
-5141
4005
-232
7335
-338
-1380
-5756
4231
-8537
4952
5656
-6286
8917
4106
-7879
1388
2133
-7884
-5205
-2217
4625
-1350
-3427
781
-6639
-4481
-7713
-8526
7993
6625
-1803
75
-7000
1617
5839
5261
-5401
-6367
3584
-6920
-6672
8815
-1827
-3630
-8755
-1373
6873
-2102
5615
7389
-5406
1983
6900
7230
8655
2555
3376
-8560
653
73
5708
-853
740
9510
-8158
4936
1163
-6296
5716
9756
9233
-4878
-7031
7418
8357
4334
-3758
-3125
4743
-4535
-5673
143
-575
-3750
-9098
9388
9371
-5564
-1602
-9433
389
-9651
4639
5441
9489
3511
4756
5940
-2988
-3676
-8464
-1373
-6809
-4348
4489
7266
-5627
-2885
4615
2741
-253
-5326
3802
-7303
-3958
-6114
8672
98
595
-3574
-3324
-9674
1568
1829
7429
5944
-2029
-33
-1060
5079
-3568
-1086
-7787
9122
-1234
-9567
-9862
-674
1642
-6508
-8138
7365
6872
-2215
-5981
-1002
3363
-891
-4820
-4383
9624
8110
-3049
-250
-9978
-5347
-9437
3628
1846
5055
-1015
3709
7486
7987
-7500
2433
2470
-2376
8299
8993
3033
-9661
6366
3915
5467
3962
-7017
-4673
145
3779
-6743
-3681
8612
-1943
1398
-9783
-9970
1470
-747
-1099
-914
3998
-6410
-1604
-1094
-2716
8955
5780
7471
5458
8028
1929
-3871
5111
4950
6111
-6333
9701
845
-82
-557
4941
4323
2822
8090
-7108
2490
7116
8311
-688
6277
4248
6811
-3028
-546
3436
-8408
1367
-9504
4271
-3013
5540
8732
416
-4768
-8721
-5702
-8657
2093
3861
7577
8790
-7285
-2797
5272
1207
-3198
1311
-9165
9713
9158
-471
-4005
1074
4240
-7502
-2174
663
7024
4601
-9611
8180
-2799
-1753
5672
6732
5389
1002
516
2712
-9790
3089
-5687
6767
-479
7619
8703
9994
2917
2958
1170
2133
6602
-1451
-1750
6999
-2836
4072
4751
7977
8301
9365
-2675
-1429
-459
7247
6902
-209
-9390
-5847
-4209
-5220
3445
-6283
8722
-8073
216
-2215
736
4444
5715
3908
639
7164
7908
-3952
-1376
5564
-6514
-9335
-7846
379
1132
5485
-9176
2034
5638
7817
9017
-1040
-6927
2188
1027
4703
-3188
3014
6000
5944
5716
-6263
9174
-205
-5132
-2967
2507
-5493
-4378
-4368
543
4486
9292
-9252
-741
8100
2212
-6990
-2974
-8022
9418
7444
1094
-5258
9533
-7233
5464
-2710
3627
4509
2362
-4451
-8510
-1780
6952
-3914
-1387
2689
-8129
-2673
2423
-2036
-6162
-1461
6017
3564
9697
5636
-1170
-8676
-8595
-9984
-1551
9839
627
4346
-3637
2695
-837
-5131
6737
-5271
6578
6625
-2592
5034
5688
-8522
4470
-5412
3764
-6899
3256
6753
-6845
-4989
9456
-1501
2040
-6584
-2358
-4626
1594
648
-9246
-8096
-1009
-667
-3890
8171
2015
1071
6637
-4857
-3142
-2740
-9499
8290
-1689
9067
-5878
-8508
-3219
1845
-1514
5094
-4917
-8262
-1748
-9909
4509
-2409
-1275
4031
3772
4540
-5701
-4299
-4279
-1710
2299
8693
-7209
-6886
-845
-6549
-1220
-426
3808
-3222
-5442
-2534
-1411
-9696
4761
-3158
-4027
-5762
8494
8796
1467
5396
5492
3316
-1401
-3298
-4107
-9111
-1798
6041
5379
3018
3540
1238
-8068
4415
5647
3972
-4143
5473
2674
-1383
8118
-6076
7867
-9944
7821
-6108
2354
5995
9574
-8410
-9358
1572
-820
-6247
-8620
6114
-5037
-7702
-9593
-3068
9306
2825
-8125
-7547
2267
-2334
8762
-8689
-5371
-5368
3709
5988
5902
9794
7715
-3908
-2978
-4091
4100
-2308
2036
2422
6165
-6193
-2319
4474
-4112
3790
3617
-8887
-8866
-1795
-2271
-2201
387
-7998
7474
2883
-4164
1738
7199
-8246
986
-9659
-691
400
-3612
-5702
5290
-8478
-3769
8093
-7631
-2471
5620
-6508
-1512
8974
4730
6372
-7470
4273
5707
-1918
7700
-883
5132
-4202
-7906
7526
9024
-1868
-858
-2200
9795
-9548
-7480
-3487
7585
-9275
8232
-1744
7851
-4129
-3777
5453
-9863
-2229
-9411
4077
-5021
-7119
-5672
-6595
6677
-6973
-1764
7252
-4043
7371
-2060
-3900
1677
-8576
-501
-9353
-8287
-6960
-8969
3144
1554
-2978
-4697
1040
-3412
-1228
-2787
-8020
-8578
6549
2543
4172
621
-6972
-4582
672
4290
-2155
2806
8500
534
-8743
-6110
7995
-5045
2563
9107
4009
-3305
5686
-795
3614
6107
-9111
-4084
9582
5310
5656
2699
1476
-4300
5767
-4548
9951
3662
6375
2381
4712
6403
-5418
-3004
9921
6783
1436
3211
604
-1816
951
9423
5242
-9506
-824
-8818
-9707
9558
-160
-4611
7889
9608
4753
9945
4369
-3294
-5791
7571
-8101
-2267
-7230
-4671
6958
-7512
-3156
2848
5725
5089
-5955
8615
-6840
-267
-254
-4673
-2603
-9968
676
-8035
4493
-642
6929
-8480
-3963
5223
3877
-9103
-7748
-5268
-7800
1275
890
5319
9761
-6301
8233
2649
7669
-4601
-6971
6996
9946
7345
-4256
8816
8047
6329
7885
1633
447
-1608
-544
6938
7282
-4348
-9238
-1308
4559
2351
3817
-6821
-2966
-8672
-3068
5993
-3293
2279
8894
1103
3657
3120
-9569
7193
8421
-1225
5992
4913
-5509
-1720
1642
6714
2154
8091
6529
-9072
-5666
1375
4453
-6274
-6490
6111
398
-8019
-6361
4543
-1454
-9807
-5241
2088
-3938
-3854
2683
8366
7508
-5246
2921
-3612
731
1804
-3963
-1687
683
3722
2927
-7802
3152
6444
6312
-7087
7788
632
1925
-8791
9993
3291
5817
8605
3328
-8081
110
3645
7288
6143
-9219
-2598
-8037
9459
-8243
-4223
6258
-4771
-7782
-2535
6413
8117
-9141
8941
-865
8067
1307
4331
-296
4103
-6597
-1463
-6686
-256
5124
-3646
8056
-8140
3996
5524
-4254
1425
5808
5739
-7146
-8169
-4130
-9724
-4265
1215
-4283
7679
6120
-4374
9373
241
-2800
6157
6874
8621
825
1609
-1692
-5354
9628
4216
-9544
-9943
-9068
-9928
-4705
-2159
-8360
-3471
5843
3230
-3153
