5060
-9374
4132
-5603
-8609
-415
-4400
-8998
-1138
-5201
-1623
-3443
6959
1281
5840
-4682
-3166
-6857
-4365
-3890
7628
-9440
-4066
-7669
-2580
-9148
4788
4868
6880
9507
2978
2530
26
-4536
-5755
9764
-4774
4059
-5659
9757
-813
9387
-6732
4804
1796
-2681
-8380
4936
-1451
-9390
1036
365
8527
-2476
-5863
9040
4531
-423
640
-2428
-4544
8645
6078
-9804
9692
-2222
-4180
7851
-8879
9281
-8789
5087
-6221
3802
-8752
5594
-4993
6049
990
-8001
1093
8091
-4163
-5357
-4699
5981
-8467
8735
-8022
9068
-8199
3434
2590
-9877
3151
-7946
-163
-3721
-9084
-9950
8120
1585
2510
3680
390
9535
1385
6272
-8560
8218
-6804
1654
-7015
-1786
-7596
-4220
-2373
3965
7058
524
810
4051
-504
1483
-2772
-7625
2961
-1898
9667
5478
4338
-7486
-2711
7346
4636
1371
2665
1726
7802
2271
6195
-3688
4501
1496
9699
225
5311
3981
-7799
-1749
-3501
8991
-3614
-3466
-1199
-5141
7604
6782
250
3824
4500
-2823
5576
9726
9
3263
2054
-3310
9115
9537
8091
11
-3396
8779
2514
6886
6006
-4225
-9882
8339
8553
3256
-1425
9994
8401
-6422
-557
9364
6792
-6888
7344
8210
2048
-9136
-6527
4225
-4907
5541
5818
4571
452
1048
7905
-1569
2577
4587
-7899
-1383
1341
6202
-9966
-6232
-7245
2234
-4374
-3467
-8044
-340
3913
555
-3402
2630
5305
1845
-2919
851
-7674
3838
-8830
-3350
965
7119
-5584
1708
-1932
-2484
-7101
-3885
335
1592
8808
6817
-8055
4976
-3894
671
-7174
-8310
3046
-4662
-9908
-2151
-2383
2979
9619
-1495
1283
808
-5065
-6057
-8437
-5204
8577
6428
-8389
-7159
6744
3874
-7839
6467
-4619
-4495
5033
-1103
8053
8994
8089
-9241
5884
9677
276
-6665
2273
-840
8558
-9859
1682
8404
-4296
3647
-3558
2926
-8740
3216
-3103
-9257
-4280
5904
-1117
-4885
-5352
-8497
-2753
-2160
-4347
5705
3533
7963
9423
-6237
-7322
-1326
505
5564
511
-6136
-7455
-6614
-3459
-9598
8133
7279
-5991
-1041
-9311
6201
-666
2348
7792
-1388
8665
-1352
-7164
-9973
77
-2788
-1693
-7842
7185
8950
-1037
1026
-1384
1575
-4362
-3287
7290
-5807
-2757
-425
-4205
4269
-4438
3095
-4750
-704
-4373
-7649
7127
-5540
2517
7537
-4787
1466
7885
7171
-456
-3556
5434
5788
2342
-4231
-1715
-5477
-693
-3479
525
6562
7003
2060
-4684
6625
1921
-1127
-3027
6905
-9185
2515
5603
9965
4923
7769
5167
4251
6042
7421
3608
2029
-6178
9453
-5427
6614
5663
-4690
7815
-1950
-2223
7428
3456
8305
3188
-7937
-1569
6283
2623
-6320
3472
-313
-6354
-7297
-9790
-8022
-233
9649
-5676
1810
-262
-8944
9869
-8350
5701
8123
-8017
-1353
1322
-2257
-7379
4361
4052
7360
-5977
-2604
2115
-2865
-1072
-9895
9204
594
-7411
-8969
7450
-3835
7225
3555
-2634
1410
-966
2404
-2207
-5240
-5008
-7415
-7252
-4220
-8912
-420
2311
-713
-2375
-7544
-4384
-2522
7294
5584
-4712
4125
5969
9520
3709
9587
-3431
2271
-3450
-8525
-3165
1568
-1588
8388
-3731
-9355
6842
-1559
-2018
8442
2502
440
-3022
-6083
9516
7891
2577
-6512
-3338
8693
-7300
-5765
9877
-4466
-4271
6336
-3499
-1226
3293
9072
6757
2806
-9444
7075
5250
3196
-1715
9081
-3943
7422
2816
3001
-9546
6606
9492
-3243
-4287
3336
-2408
2676
9870
9282
-5334
-594
-3403
-177
4168
6242
4668
-1402
-2535
-2348
3056
7489
1953
2105
3648
-3501
-8784
8316
78
2515
-8858
-6304
-2092
3095
-2668
8567
-1484
-1019
8401
4705
7589
-7786
6226
6091
6236
-8365
6472
2878
-1872
1530
2805
-6822
3198
7946
2318
-8830
8346
1267
5331
4761
1126
5191
3969
5331
281
-5298
8153
-7609
1390
5914
2983
-2646
9905
3172
9540
-5851
-5372
-9011
8871
1363
7456
3271
-8299
-1118
1323
-7078
256
-3721
4934
-9315
333
-6028
8904
9371
9658
8043
-4473
9802
-892
-8458
4665
7547
5194
7451
7002
4364
-2761
-6408
1800
2415
-7394
-713
-2928
8762
4065
7356
-2150
6825
6496
9705
4839
5845
-8235
-8694
-5626
212
5374
-6445
-2130
1941
8886
-9733
5788
-6191
2426
8564
-3610
3158
544
-3322
-1661
9519
-2172
3734
295
-6835
4263
-9527
-8254
-5418
-9440
4909
7932
6847
-9729
5718
-6116
-2890
-7810
8290
-2487
-8758
2107
-8057
-993
1260
4303
4373
-9845
-127
6332
2723
-3234
3784
-3088
643
5164
-3754
5945
7102
9499
-3252
8141
-5545
3508
-9866
-4278
5972
7017
-684
-86
-3055
-5538
5025
496
-3249
2231
426
453
-2442
5521
-2133
9154
7605
1296
-4868
3819
-1765
-1563
3705
5336
828
8338
3537
-2478
-2489
-4537
-5911
-8985
-8373
2058
9812
3482
-4035
-5524
-8902
-3978
-8328
9755
5289
-8710
9680
1944
6240
1429
379
-2082
6706
-920
-5842
6851
7153
3677
3080
8642
-9240
-893
-971
-1489
1190
-1997
5684
4597
-9253
4993
-1520
7177
-1914
-5110
6823
-9867
-9476
3488
-988
-7644
-3397
6831
-6941
-873
2676
9299
2297
765
6810
-8960
9618
-6980
-1067
-9895
8200
3478
6764
9670
-1597
-4781
-3096
-318
615
56
-688
-7906
-878
-2284
5669
-8274
5523
3396
6020
9059
1945
8668
-4659
6574
651
7936
-9124
-3319
-3752
-8593
-3098
-5364
4310
3049
6514
-56
5625
9265
5303
9162
-4071
542
3819
9342
-7300
2759
-5895
-7891
-3842
2096
4454
9603
-9763
1897
4327
3396
-4310
-7523
-3613
-7790
-1968
-2589
645
7015
-3927
-3756
3631
-1293
-7416
-2916
2340
9812
-9751
-6686
1309
9128
4653
-6620
9552
7837
-3040
6475
7567
-8812
-4968
-9545
-5156
136
7151
-8824
-314
2958
8776
1967
-8796
-7844
-2114
9586
-622
9337
5672
1463
-9559
-7309
-8826
2665
-3014
-2649
-3760
7070
-2047
8502
6236
-1964
6781
3548
4076
-2172
-7442
1930
-5130
-9650
-1366
1520
3766
7615
-2427
6030
-2803
-3670
8907
-1263
-2654
9580
-2946
-2699
7281
54
2466
-266
8362
-808
7427
-893
8655
1835
8597
7591
-2110
5382
-8516
4254
-1892
-1121
3440
-6080
-9058
237
5542
-4073
-9616
-8051
-107
-6317
-2786
-5239
5677
1867
6069
-5427
5638
3728
-324
-9209
-9238
5981
276
-7629
-4399
155
9203
7247
-6703
-3458
-7153
1135
7225
-1565
-3955
-1495
9604
4321
-8209
7568
-4002
4546
-3986
-9359
3245
-6554
6447
-1215
57
-5612
3675
6989
-1403
7568
7559
8434
-9176
816
-7063
296
5449
-9121
1519
-2272
-8245
-9623
-755
-6536
-1733
-9175
8552
8515
4187
-4831
-4227
-1077
1846
-9260
9393
1480
8128
-3963
-5712
5929
-2396
1342
-7873
585
6266
4653
-6518
-6173
-1732
-6631
5736
-9626
-4532
-3335
7757
-3750
5945
-8454
-2191
2440
-7826
1944
8434
8495
3679
2648
-5059
-6258
8461
-8972
219
647
-8266
-8687
-9811
-6576
-9818
4522
4384
5864
2056
6887
1053
-8675
2832
-2005
-6229
-6186
3102
1801
3343
-8558
-5290
8409
4132
-9232
-1929
2758
-7630
-4612
-1821
-265
1908
9231
2426
-8658
-1331
-977
-5860
-779
3663
6770
-5813
-8263
-2179
8685
-8822
-8867
-9307
5758
-7618
-1499
1065
-123
3864
6713
5314
-1604
-1608
3261
-3066
-6329
-1104
-4563
-716
112
-7169
5672
8981
5074
6446
-8497
-205
-6411
4862
-7072
2655
6178
961
-4388
-8434
-512
-5437
5002
6550
441
2197
-7476
8913
-8810
407
3318
2383
-3903
-2716
5028
-5553
-54
-5899
473
2064
-8008
919
-9654
1450
6633
6076
3278
-666
9542
6495
9149
691
5548
-7063
3878
5375
-8024
9985
4073
4754
8965
773
7937
7582
3078
3343
-9125
-7852
2555
-8843
2587
6003
-2796
-1850
900
-1761
5701
-3549
3843
-5334
-5572
-6430
-4569
-8216
-6484
-5453
-9168
6967
7050
1816
2306
8207
2937
5654
7745
-9324
5811
2114
-4270
-3770
-5008
490
7438
-1563
6989
4486
-922
796
6144
-9574
-1153
-4560
-1067
-5832
-8330
-4916
-9709
8038
3917
4671
613
-534
-2342
9641
2734
3058
4452
-6932
1767
-206
-1555
1524
244
4219
-7071
2901
4029
-6138
-2405
-6902
3630
9512
-8675
-3877
-5259
-761
305
8368
-7337
-6357
-4423
4029
-8624
-5894
3714
-949
-6491
-5012
8561
-7340
7349
3600
7553
6251
-4231
-6376
1673
-1996
-510
9199
2466
6205
4590
4926
5910
-1416
-5991
-1314
-3052
-3309
7970
-5682
-5905
-975
682
-1642
2247
-7327
1322
5685
9012
-5953
5607
2159
-4585
9965
4459
60
2218
9941
1841
-5722
5658
2376
-8121
-4351
-3374
-2708
-208
5849
-3365
5957
8612
-4844
-1673
2158
-1893
-4690
-3788
-9782
-4802
8528
139
7593
2026
6437
3341
8617
-8296
-2368
-5439
2827
-2305
-9906
3249
1184
-5220
7706
9472
-745
-3702
-6490
-3589
-7102
4883
1885
-7428
-5320
3971
-328
-4123
4533
2530
1589
6419
8602
-933
-2808
-8280
-5008
-256
3329
594
4347
-4095
-6186
3229
-2273
500
-9270
-4741
-4074
5790
-3901
-4593
-6319
7118
3639
6201
2636
-303
4949
-1852
-4358
4467
6063
-5060
1015
3636
-862
-924
-2818
9053
2911
9877
-963
-5508
6929
6851
-6459
9205
2485
-9237
-6043
7453
-3220
5612
-6554
-5770
-7052
-6114
2094
-5807
1397
5545
397
-6115
-8045
-2258
-5031
-2883
2624
-1142
3822
-9139
-5857
9829
9199
3165
-8762
-845
6516
-8024
9126
4473
8245
5882
5831
-6182
3239
-3012
4248
6884
396
5488
-886
-9173
-7225
4320
4795
7223
-8321
-2428
3917
2763
2735
-8566
-1565
-7249
3514
-6846
774
-552
9112
-7385
-772
-8060
-3327
9799
-2878
-5125
2367
3080
-8955
-3306
3872
-8933
-7612
5430
-7664
-8873
496
-8017
8952
8665
-1837
-9270
-8408
1614
-1605
3022
7090
-2642
310
3815
9221
6514
7546
-338
-1788
-5316
5211
-3877
9711
-2339
-9004
-848
-4831
-359
4220
-5551
-4607
-4398
8227
-1491
-3309
2999
-9157
1989
-7973
-5112
29
-8970
-528
8848
8610
9714
-4277
-4720
9007
1688
1589
-7871
-6801
-3982
6742
5668
-2520
-4442
5108
666
-416
-2443
617
-9054
967
6965
5721
6473
3441
2937
-3437
-7431
-4695
3908
1685
2155
-6558
2657
-4214
4545
769
9643
-366
349
-5673
-1621
-9833
7786
-8228
-587
2325
3026
4943
-477
-1827
-9425
-2597
-4872
-9077
-1008
9273
6329
6350
1931
3113
7380
-4016
8455
554
180
9318
-4794
7176
1660
-5116
-1746
6719
-1428
-8344
-1346
7985
1143
-4652
-1784
-3982
136
-8028
7703
-7796
-3151
-640
8193
-5116
-7292
-5305
-7481
6679
-9016
-8506
4685
-1732
-1983
-4195
5303
-8594
2656
-8949
3716
3834
729
2916
5746
-8699
-7262
-141
1075
-795
8431
2394
-4427
-6031
-6563
-5098
-6
-8442
-5840
5840
-1015
-7155
9537
-6042
934
8073
8983
-6579
-7693
-890
-5607
-9961
3220
-1691
2776
-8168
-5149
9859
-7523
1081
-9423
-6031
-1746
6061
-7263
4813
-7472
876
2955
6550
3078
6875
7448
4811
4699
-7021
4921
6422
-8259
3372
-8411
3300
334
-4525
-8399
-9700
-9515
1965
-2175
2563
5342
-3689
9616
1613
-7908
1039
-6214
-8383
-8978
-4085
6777
3123
7602
-1951
9774
-7035
6334
-762
-261
-6390
-5133
3463
3064
-6033
4971
963
-7314
-4582
-8880
-807
-3034
3187
-758
-4414
8602
-4332
-9928
-9676
5182
862
-1613
9246
7709
4845
-1425
3369
-1158
1956
5230
9049
8099
-8110
236
-9124
8576
6523
1279
-4505
813
2075
-3732
243
-6860
-7807
-6719
644
2477
5402
2510
684
-4027
-4293
5663
-7148
5550
-5401
7397
-7433
5333
-5015
3235
145
-2370
-3844
-9835
-3856
9225
9054
3190
-2139
-3348
-9972
3004
-3953
-94
-7087
-2084
-5878
-5430
3274
-1550
-3615
9451
-2280
-1356
-7417
5744
5565
9717
2819
251
9179
2557
-2766
3488
5416
-4317
-6349
2167
-4499
8820
7666
-7725
4738
9152
-9654
-8420
5904
1983
2981
5605
5266
9914
5099
-2502
-7702
-8248
6864
2829
-1515
6561
-6712
3801
-3157
-2922
-1468
-925
6265
-7381
-6
-9932
-4044
1724
-9809
-1643
511
7722
3036
5806
-1062
-2227
-3785
-8401
-1442
-2988
-6774
5191
-2027
9730
7099
-5780
-5194
-7983
4686
-6184
-363
-8160
3502
9307
-2958
550
-4513
7630
1644
6256
7168
-7337
-327
1980
-7060
3579
-4535
8852
5495
-2177
-5249
3842
-2269
9364
240
1545
-9641
-8142
-5455
5929
-5475
-5112
-8077
-1463
9735
6804
-3909
-148
4817
-8564
8674
-3145
-9160
-5634
9656
-5051
5767
435
-2340
8236
8588
-6539
-264
4762
65
5401
6931
4758
-6941
-2469
-5167
-9667
-6465
-8250
-6331
-7337
3636
4318
827
-3629
796
258
-7833
7818
6596
3033
-6716
-6128
-3737
-4089
2437
847
5170
9053
1407
-9354
3950
-7915
-9838
-2336
7835
1467
-1864
-5992
2017
7025
-4858
-4477
4992
1776
3488
-5254
-468
-7607
-1651
-3248
8737
-4131
2632
-1749
8516
-525
8058
-1420
-5862
17
7526
-8945
3831
3523
-5849
-6027
1457
-3945
-5155
79
2770
-513
3868
-6788
3184
-4933
2021
-162
5711
-9474
5073
-6088
820
7501
-9696
-8886
5734
-5676
1653
8553
9849
-6149
-9629
7944
9557
535
9837
2833
8794
4841
8057
-5284
9062
-6851
-2740
-768
-4713
6687
7189
6347
-3103
-5856
-4418
-613
-5674
4049
-1686
2838
-7955
1304
7927
-2816
-5024
8997
-444
2709
1652
4313
3760
4550
-2971
3638
8039
-5881
3516
-8903
6300
101
9358
5637
5461
1818
-2927
-1984
6991
6623
1822
-2195
-3130
5332
-2315
6252
5160
8845
-4493
2124
-2696
9692
256
-9559
-1052
9278
3850
-5851
1542
1889
-9666
211
-8442
8814
2315
3686
4775
-9946
-8314
-511
-6793
609
-5674
367
-8543
-9108
-8237
9973
9519
3509
5744
-3008
-6544
-7338
3695
9669
-1903
-5618
-2782
4478
6948
3646
-8478
5561
-8513
1564
1474
1811
1585
9635
-5916
8299
1600
749
412
-302
-4427
8768
5014
2460
-3348
-9584
-131
-9273
-5459
-9911
6348
4156
2279
-4055
1743
-889
7386
3602
370
-3475
3872
-6501
-3195
3136
9612
-6701
-869
2342
5744
-727
8930
-2490
-8397
3537
3302
-2093
-2347
-7228
-846
3141
4890
3057
7944
-4655
-3181
-9793
-2524
2825
-8504
-8071
5312
2178
3743
4845
2059
4471
8762
8496
-8333
7226
8534
3968
3571
-3189
-4224
-5208
3716
-4454
6875
4760
-3200
417
-3474
4063
4146
3624
9599
7318
2464
-23
-7337
-525
215
-3698
779
-8029
3133
4870
420
-2824
-1489
-3866
-7179
-1732
8027
-1758
4777
3106
-3779
-7476
7394
7862
8107
-1518
-1933
-8739
3214
-8959
3874
4040
-6902
-7556
3833
8300
7903
-3451
-6838
7945
6163
-6695
9746
-7326
-3238
3509
-3013
-1747
-1367
-121
6906
7360
7575
-5504
4816
-2187
-2087
6277
3806
8110
7927
-1803
-7753
-5405
1991
-2021
-3322
6811
9966
-5563
6161
-8996
-2524
-4268
-5735
-622
-5079
-8278
-4209
-3122
6175
-3448
-5327
-8848
-1307
-8229
-9858
-8766
331
2677
523
-5350
-7761
-8502
-169
-856
9943
1638
6150
-3646
7141
6340
-8586
7181
-3340
-7493
-7
-2278
9448
423
-295
3295
2422
2392
-2451
9078
6537
7756
3961
-1571
-9272
-4851
4183
-945
1739
-5857
-2897
1751
7559
6783
6980
9779
-6254
-7565
-689
-1763
5299
-6561
-7328
1078
51
-2030
-1511
-1934
781
4217
576
6603
-4884
-2186
-7555
-697
7269
4977
9348
-9307
-6070
2172
7095
-4827
9661
336
-3178
8444
-8023
4628
823
5906
8148
-1780
2512
-3171
-8756
6687
-3184
-1326
-6368
4236
875
8550
653
5489
6486
-2901
6687
7050
-3932
8413
4248
105
8162
1699
-1623
7844
-1737
1201
-1798
-8694
-6673
-7374
-1102
4339
7867
2711
5691
6367
-4635
-3433
1663
-4257
-8046
-5278
-300
2238
-8831
4043
6678
9757
-2639
-1934
1302
4891
-2874
4679
6635
4573
4257
-9115
-1536
6637
6229
-7351
-4995
415
5052
-4503
-2982
-1747
24
2346
-7317
-2007
8955
725
-5312
7988
9112
4804
-6593
1210
-8350
-3667
4873
-2178
-1930
-6388
-413
-3662
-9154
5833
4885
-5005
-2624
4661
-9788
-12
-7044
-2465
-2456
4996
-7284
2499
5275
2425
-1052
5822
-1796
3480
421
-8036
9841
1484
-5610
-8679
-7703
8252
-4204
-3481
-8862
8646
-21
128
-5632
-2091
-7337
8135
-9163
-6464
-2811
2767
-6470
2984
7132
1538
-7110
5760
4365
8321
-891
-9210
-5322
7844
-5583
-2784
3214
-7568
-4250
6956
47
-4772
-4606
9841
5574
-379
-9978
-4675
9172
-1014
8156
-9406
4438
4517
128
-3235
176
5730
-4455
7300
-4927
-4548
6095
-988
-3523
9409
-3749
-593
7796
9111
-3265
5881
6589
1389
-2086
9040
-3949
222
-7896
-3143
-1762
-9534
1503
-6262
-3412
-9414
-3949
2869
-9006
-1615
9009
-5762
1637
3748
5371
998
3671
-9838
9315
7455
-3662
-9951
3054
6605
-8342
-6864
2921
-5945
-6368
-5522
1439
7769
7756
-9257
-9150
-3452
263
1300
1179
8224
5467
8399
-1668
5446
1622
-1907
3779
-5012
2936
-5319
9410
3571
-9881
8900
-2639
723
-624
1202
-2094
7863
5818
7342
-2148
-6523
-2148
8677
1079
-8880
2104
-2191
-3652
8486
-399
2407
3238
1721
-4978
4650
-7146
-6655
609
4880
-1479
2270
6675
-3721
8495
-7453
8279
2669
8786
-8434
-2157
8103
-1367
94
1361
-6855
-9107
4065
3781
6941
-6592
3820
-1526
6747
-6013
-4719
-7340
8803
3171
4354
-6777
3917
4438
4628
-6509
-419
6896
-8583
-1117
-4256
-7463
-7769
-6896
-4931
643
-3406
5663
226
-4844
9951
-8209
2017
-66
8882
7453
7659
-1521
8230
-1794
9833
8223
8710
6478
-9265
2019
-6412
7380
5835
-2899
3184
7338
2184
-4698
-4486
-9513
-2773
-3843
-1939
-7944
-8976
6630
-5212
-6451
7744
5252
-3774
-7516
1276
6675
2612
-8798
-9895
6855
-4228
5103
3892
8017
6846
3911
-5697
7863
4946
5350
4212
362
-6968
5889
8419
214
3143
-5426
-8465
-7600
6677
5219
-4833
4306
3266
1218
-3996
7809
3901
9266
9942
8862
-2393
9500
-5219
6227
-4645
-4022
-8953
-5145
-1025
-4878
-4377
7222
-7857
701
5489
-2577
-344
4515
-623
-9959
-7604
1961
-5388
-3688
-4588
-2997
8850
-3142
4240
7954
9249
1528
-9866
3421
2987
3438
-6914
3048
-9795
-4189
-8603
-2237
-2154
2754
-6683
9048
-3275
6051
-779
-7807
-6329
-7635
6829
-5906
-7367
-5646
-4734
2895
614
6187
-4734
-9419
7235
9170
7948
9938
-7950
-2570
-7604
-8597
2552
943
-6934
9938
-1338
377
9953
-4925
-6551
2195
5112
-6398
6018
853
-8610
9978
-7760
-4677
7086
-2240
9383
2774
-7100
-846
5506
-5677
1036
211
-3765
2979
1568
-2276
9662
6196
-5637
6543
2489
-4275
7078
-7168
-8653
2619
-1418
2516
-1494
5450
-4077
7204
-6234
4598
284
-2324
26
-3790
7593
3106
5785
5759
-5286
3892
-1512
-8516
506
-2686
-70
8753
-7148
-5387
1488
-7133
337
1631
3805
-4490
-465
483
-2617
-7944
-2485
7048
-5846
-4822
3143
-9915
9463
-8449
-4847
-1771
459
7694
-4603
-5421
6202
-2690
3747
-8014
2053
-3017
1505
8757
1553
-1792
6670
-7985
-6902
-9673
9398
5065
9964
-5218
-8405
7562
5751
-4867
4889
1237
9725
-5798
-9759
-3514
8910
-3010
407
-4047
1281
-4712
-7643
-8348
1320
-5776
9763
3438
-8219
3010
-8382
-3855
-2336
-7221
3882
6352
-3435
7546
1272
4598
3731
-3584
-3534
-7106
2272
-3705
-8626
-4941
3493
-4142
-4028
3176
-6622
-8901
-8893
-6680
-1098
-9796
2097
57
6805
-6004
5130
-7454
9101
7051
1904
-7931
7137
7804
-4146
9382
-1196
9555
-2367
-8215
-814
6594
-9200
-7858
-4743
8620
2533
-4074
-7052
2328
1659
-1558
-6177
-9217
-2346
-8876
-5256
6915
-4298
-6641
5344
3312
-1705
-6422
-8543
-1230
4164
1299
-8313
-8792
1090
199
-9253
5763
9854
4312
5044
689
-7118
-7891
-5945
-4061
9115
2643
8527
-708
-1455
118
-1556
-9593
-5023
4142
-838
2593
-6563
7455
7623
5145
-8002
-1457
-865
-9030
7126
-5469
-2933
-3404
1296
-7263
-2935
-9403
9201
-4432
4256
-3099
-4925
-611
5018
1241
-8009
1014
9666
9707
-6103
3368
7792
2860
9385
3277
-7648
2591
-7427
3927
-1009
-4412
-4435
-9393
-2204
5077
4472
9114
-848
-4326
9554
7113
-2062
8579
-473
8156
6755
2781
9335
-3634
8390
119
2249
8046
8113
-1725
2642
1475
824
1899
-7114
8363
-5115
9757
-8011
7537
-9264
7488
-8878
-4376
6529
-9125
-4136
-891
-5818
6
6260
3153
-4054
6106
-2402
1141
2384
5336
-606
832
1122
-3939
-5476
7019
1916
-9152
-1760
-3802
-1594
4076
-3966
3608
-1752
3985
-7049
2673
-5
4430
-255
-8801
2866
8042
-664
-216
-4528
2117
6512
-5905
1877
43
7104
-8852
9471
8881
9328
-4547
2795
-9108
9893
-3448
-5815
-2321
5071
7274
3414
-2233
3813
7328
974
725
-792
-5271
8141
8559
2090
-9979
-6833
6705
-7278
-1277
9612
6767
1473
8906
-1322
-9738
3631
-5952
6497
-9064
5070
4438
-3662
5116
-3737
-9558
8908
-6152
6623
6733
-8101
-8876
4249
2171
-1601
-9948
5184
-2485
-8682
-2418
6626
1017
-2706
9538
821
-1730
-3983
5574
7489
-7605
3562
-1813
-6989
-2285
-5461
-8292
9386
-6320
904
-2690
436
2276
-2269
-7744
-7071
3742
-7520
-7808
5176
2361
-4007
7481
8534
-4628
-9811
-559
-5562
-2165
-4400
4799
-7948
-1156
-4380
-5961
-8714
-6458
-1196
-6492
-6078
-7126
-5199
525
9318
-8921
6020
5002
456
-9553
611
5044
-6790
-3916
-2729
-3558
7357
-599
6336
312
7601
4387
-2353
-3720
-2218
-1202
1202
-1262
1501
4884
-2472
3501
8235
-4052
5395
6691
374
2553
-3757
4746
7143
6644
-2649
-8517
-3223
-3103
6382
-3527
-4602
4648
-7855
-7111
-5374
-1180
220
-1871
-7809
1507
-9331
-6460
-6471
-692
-443
-2930
-5591
-757
-2102
-3736
6223
3291
-5304
8986
2985
-1884
9401
2888
5322
-1260
8951
-974
9709
-9174
4919
3692
8947
-7971
-9821
-665
-3562
-8589
3709
1138
5048
-6628
-1393
6319
4772
-9059
-8028
-4486
-671
-8242
1763
9235
-4951
4452
8148
-4419
-705
-3471
-6662
-6054
5171
-7694
-2700
-4875
-9910
-2139
-1628
-7361
9896
345
3650
-4970
-1149
8302
6140
2461
-1106
3395
7081
-5648
-5354
5407
-7834
-3219
2874
5124
-8629
7121
-6164
7097
-9726
5872
4856
-7386
8361
8110
-737
-813
-3442
-9292
1683
-153
-3898
-2973
-7160
-629
-3114
-5150
-1913
-9342
-7429
3554
-4965
-6287
8226
3482
55
1639
6001
-725
-8539
-2513
5907
1463
-2783
3940
3883
8111
5385
-2802
688
7264
5803
4160
3332
7603
1893
1403
8178
-2675
-7243
-928
1626
2092
4928
-6672
-4076
-1630
5153
-9848
-3236
-4433
-7099
1869
-3362
-2077
4620
-4452
3227
-9218
-7160
-1890
820
-7674
1936
5134
-1150
4043
7909
1975
-6204
-9896
-3303
-7994
2383
-6312
8840
5913
-8420
-1916
2967
-2757
-792
-2310
2191
1406
253
7183
-9846
9499
6403
-28
-7547
9158
2630
416
-3272
1779
-2481
-4401
7308
1182
4389
-8636
377
-422
-7117
-6524
-3935
6933
-4993
-6914
-4477
-2478
-5840
-5294
5685
-8600
-6069
918
-8683
-2543
7959
-6084
2613
6130
-6002
-4572
-959
-6726
8836
-7076
-2837
-9266
6056
-293
-7931
-3884
-2901
-6585
-7057
-6366
296
2688
-3870
1036
-4253
4924
4871
8188
3365
1649
5386
5085
-7019
401
5057
4930
-3063
6438
4118
-5331
-6780
8515
-7887
-2774
-1733
-1277
2156
7824
-9192
-8223
6870
4455
1447
2002
-5275
-1546
4892
6227
-508
-8556
4782
-9808
-1274
-3854
4469
-8029
7528
2585
-7843
-5304
-1743
5254
3853
-5924
4058
-3376
4319
-2564
-2481
-7977
4150
-3459
8017
-6952
8747
9355
-2452
-4668
385
-4627
8468
1431
-2175
-2276
5444
-8807
-6436
3945
6522
7885
-1789
-9441
9302
-5941
-9578
148
8242
-1610
-5334
6227
-2091
7115
3556
5855
8192
-1589
2573
-8264
6671
-8023
8820
5629
-7155
8595
-584
6191
5903
-6644
4861
652
-6842
-5106
9452
-7624
-9602
-8034
-2705
-1733
-4263
-1835
-8319
-6730
5733
-9219
-6445
-4538
-2131
-9171
-6095
8376
1129
-9517
198
9108
2799
-5246
1455
1376
-8582
-5048
-4034
6400
-9901
5899
6439
-8285
8425
-9514
7652
-8477
-6896
5398
3424
3863
-880
-4947
-878
-5483
9922
5384
4230
-935
6072
8367
-5349
-3668
-6485
804
-9589
-7263
4787
2560
-9457
7269
2637
8321
-5966
124
9909
-9647
-5168
7991
4975
9641
2058
-9677
-6540
649
6364
-9557
5951
6155
8531
328
5951
-190
-6844
7805
7243
1093
4211
-1703
1016
-4577
-42
7484
-2423
7293
516
-9122
6773
-5914
-8445
6692
-3034
-5990
2522
145
1875
-3717
1148
-2121
6237
-725
-8921
9048
-133
5706
-1920
1959
2829
2209
5194
-31
-6596
5541
5640
-2
862
4195
2478
-4748
6003
8238
-9035
-626
7402
-6299
-1701
7335
-3735
4703
2643
-7024
6594
6395
-302
-9974
-2642
-7813
-4246
-3538
7889
2752
-7151
9389
-8671
-4455
-8961
6535
-1581
8955
-4786
-4483
435
1388
6172
1487
-8031
-1365
-9705
3345
-5911
5826
-9828
-4618
-2725
6142
6781
4796
-9022
-7831
-6089
-2900
4629
2649
-1701
-7570
-9204
6434
2408
4337
6896
-1650
22
9765
-9755
-1659
-6785
-2783
-7087
7401
137
-32
9740
4316
5767
-6668
-6926
-6445
-6992
884
-7497
5404
4299
-9634
3169
-2504
4622
-2368
3760
6138
6473
-3280
-3971
3624
-3646
-7901
-7706
3058
7503
5199
3334
-7564
-5110
-86
-1487
-4415
-9358
1300
5753
4930
-4547
6016
5036
-6521
4434
-290
8573
2681
-273
-2629
2590
5776
5634
2315
1252
4233
4525
1448
-432
-1545
-8983
-8361
-8671
4110
-9854
-5271
2005
-6244
6757
-4152
916
-748
-2356
505
-6366
162
-5844
8114
5724
1019
-4523
-7797
-5557
-4543
-229
-8046
-1103
7078
-1176
-590
-7054
4894
-2647
58
-7236
6885
-8906
6919
-2917
-6205
-8396
6326
-7167
5069
-821
-7019
6533
-9266
-2125
2656
557
-4087
-500
-3600
9430
-2012
2122
6522
7501
3678
3367
5676
3512
-5741
-6588
57
-7720
-5356
2964
-2040
1421
5074
-5406
2945
2867
-9440
-3807
-667
4687
-8496
-333
8216
-6126
5704
1325
3133
26
4445
-8136
-645
-482
-2369
-7645
-5185
-7736
6316
-3040
-900
4315
2098
2188
-6611
2747
-2684
-8737
-9647
6664
-9894
24
9292
-6454
1710
3060
-8550
2676
-386
-5230
9203
-7872
1742
-3179
-2496
-5714
5448
9586
-5813
-2678
3257
7162
-2774
4551
-6816
-9459
-271
507
-6496
9774
-7819
6230
2072
6018
-5818
1307
-587
9546
3896
-7461
-4285
-5189
-5239
477
-5676
-3636
9171
-6965
6636
-4994
4803
4444
2057
6712
-1559
-9059
2847
9124
-2190
7176
8875
-5782
-5491
-3775
-1839
-2900
9553
-9534
-5423
3433
-283
-2741
9111
9192
7326
-4442
6401
6089
-4261
3632
6798
-531
2835
1480
7491
-8797
-1954
6090
-1925
-395
2748
-9512
8376
1558
-9827
-1336
-2069
9589
8562
-7125
-5233
-3359
8964
-4972
-1487
7443
-3932
-9660
6728
3423
4597
4887
-4815
6981
-2318
7345
9749
5147
-3824
1103
2422
7999
-7582
2397
-6688
9854
4509
-6655
-2674
8770
-5317
8633
-3079
-8984
5216
-1613
-2112
-2231
-2774
-6498
2748
-8826
-3227
-2267
-1936
2852
7623
-6477
2770
575
3733
-6283
-9125
-4170
-5573
-2588
-6230
7714
-8757
3915
-6447
1580
5756
-5806
8934
-9750
-6383
2760
-6201
7131
7632
8619
8895
-3030
-4676
-7427
-3747
6070
4996
-4161
1947
-7630
7469
3039
-243
9058
9519
7663
-8944
-3213
-165
4964
4835
5553
-421
-7539
9768
-9652
-6098
-3075
3760
-1680
9463
-2504
6196
-7012
6426
2075
2681
-9036
6216
-9154
5236
6967
-2013
6736
9642
4087
5523
-2253
-4859
-4990
-9563
-2022
8513
-5468
-6629
7976
6365
5787
9720
-7841
-7668
821
4822
3824
-8332
-1576
5241
1753
-7336
8012
-3767
-2721
6890
-8448
9413
-9496
3200
5244
7072
-3988
7906
-4855
4166
8322
4807
9082
2724
-5652
4492
6027
-2870
-399
2694
-7459
8653
3978
5568
8529
6648
-545
1656
8182
9112
5553
5056
9183
-5834
-6005
710
4719
-5465
9508
-5867
-7885
8334
8063
1862
-1052
-3480
5251
7951
5543
-7360
-3460
-6158
1408
3100
-9445
-1648
-150
5284
5369
5872
7670
-2521
-1983
486
1629
-7498
-3171
4099
-6183
7600
5459
-4721
-7590
2295
486
-4990
7084
612
-9567
1188
9883
109
7364
2610
8721
5087
-2072
4869
9817
-863
-3581
4095
7109
-2734
6717
9292
-4823
1419
2093
5265
3891
396
-7246
-1507
-1041
-7572
7813
2425
594
-7203
4381
3303
-7715
-1035
9336
-9112
4274
2877
7105
-7951
-7925
-9107
565
2701
6721
6062
4488
9687
-9378
-5614
6232
-95
2837
9012
1158
9894
2859
-4492
-8071
2610
9565
5487
-4707
3247
787
8990
-5868
-6366
297
-5454
1603
6954
9204
5100
4320
-5043
-4092
-4843
8799
7868
1811
-4560
-9279
-3402
-9099
-8690
-8782
7629
-7521
8114
-1974
-7982
-2302
-4909
5568
3823
9032
-2783
1986
6032
5682
702
-5615
-1882
-9737
-7052
8220
-2801
4344
-6957
8290
9274
858
240
-1211
4944
-1000
-3050
8579
6778
9844
4481
7590
-5930
9625
-4255
-3006
6538
-2166
-6021
-3409
3688
-2252
8399
7104
5062
9357
2233
-9064
1371
9846
-5174
6611
-9708
2385
-8527
-224
1161
-5569
4359
4042
236
-3912
8240
5994
-9516
-520
-5143
-221
3077
9454
2444
1171
-8836
-1005
-247
-4341
-5545
-6436
242
-3839
9600
-1566
-2604
4287
-3743
259
5960
-7386
-1279
-6423
9260
6001
5072
7011
-4884
-6342
-2186
-9277
4958
2457
-4713
8527
-4978
-1234
-1320
-6833
4617
-7281
-2974
6909
-7164
-5654
-3278
-3413
9833
3244
8665
936
8653
2931
-1466
-710
135
8925
-4479
-9483
3708
-1983
9788
-3904
-6548
8433
9808
4477
3681
1101
-1424
-3822
5019
-7938
-8561
-7641
8156
-5041
7886
9448
-4070
-1155
6986
-4614
8875
1828
6560
-4283
5555
-3535
-6625
-8403
-8577
5451
-633
2752
9216
-2535
3151
8588
-4718
9037
-9490
5456
-9465
-2885
7152
-1536
-1448
1844
-6110
-656
2419
4359
-1098
-8577
3191
-7558
-9715
-9701
1222
1565
-7387
-1321
-828
-2621
1365
6069
674
196
-9031
-646
9361
-7535
-479
-351
-5006
-3432
9703
-7615
-1394
4801
6317
1990
-111
8214
9747
8282
4081
4212
6342
2209
7685
-4964
-6802
-1379
1745
98
7792
6791
4380
9719
-761
-5580
7707
-6063
-97
-5766
7635
7433
8573
-7606
-4333
5740
-8337
3600
8877
5117
3537
-4704
-8241
-5410
-7214
-7799
7262
388
-1734
6703
-8090
868
5978
3499
-4544
6706
-7973
5523
-5380
-9256
-2036
5298
-562
-9520
7334
-5964
8222
259
-5966
2915
-4644
-2224
6119
4610
-2067
-1532
-7864
-8588
7373
5928
-6886
-2769
-7175
8376
6249
-615
7959
-9999
-1327
7965
-9993
3005
-5688
6232
-8510
5699
5921
-7019
-9274
3507
-4582
1641
-5542
9868
-764
8928
-2851
4258
3708
-6670
-3794
-7241
3038
-4489
-8483
702
9371
-8848
166
6085
-3800
-6074
-667
1354
9561
2838
4942
8111
2270
3720
5799
530
8053
3233
6173
239
9616
8270
5371
5045
-9272
2962
-8648
-6221
-8345
6881
9063
5553
5128
-1107
2088
-6343
-7794
-8673
-2815
-7441
7616
1128
-5879
-4947
-4695
-8463
-7047
1013
5583
4034
-1119
-5701
6615
-7388
-8320
9658
-9925
1522
835
-6116
684
-7120
3108
-2146
3960
532
3995
-9832
-2519
7921
-470
-6481
-843
-5881
2422
713
-886
6265
8981
-547
9426
792
5744
-5642
-891
7499
9866
-5527
5652
7812
249
5263
7802
-7472
-6325
9074
7983
1007
3948
6786
-1008
-7839
-3626
-2165
-8861
5594
8169
-2969
4094
-917
-2695
4820
-8304
-6110
1280
6750
-4636
9187
-9749
7078
-682
-8163
4606
-7245
1881
7514
-9261
-8955
-9459
-4438
6882
-7441
-9872
9196
6457
-749
-8512
-2511
8127
-9741
9280
9420
-7269
-2230
-8959
-2415
-4029
-5843
101
5948
-3130
8291
-3191
-1576
242
-1788
-3034
8929
-6165
2554
-3875
-4457
240
-8362
1083
-1054
7112
2130
2599
9720
2005
-3491
-2749
-2585
-1033
-7339
4703
-7956
-4533
7874
7774
8876
-5219
-2137
-4995
-373
9669
-9987
-2633
-1596
8885
782
2681
8038
-2454
-4894
3164
-5841
