4550
6968
4868
7104
-6018
2921
-1761
-3599
7615
4937
-3487
7280
4299
7980
8437
2523
-8341
3813
-6129
-7195
7541
-6353
-7857
-2732
-2336
-485
-8324
-607
-7981
-5100
-2614
2511
-363
345
6624
514
-7902
-3073
-7641
-7274
1430
-4781
-8757
-320
7878
3505
-4139
4563
-6652
-6532
-6856
8788
-9927
8770
4311
1806
4505
-849
-2615
3386
-2231
-8948
-1292
3066
-8626
-6213
558
6716
9120
7565
7872
8128
7286
8355
1494
8095
2756
-9062
-8844
-4587
2426
4926
-5056
-994
-7649
5788
-9475
4776
1961
5294
1457
919
1476
3407
4075
-8447
-5405
-7544
-4307
-6100
7744
-193
6118
6706
7356
-6175
7879
1294
4908
7197
-5375
5894
-7716
-7758
5706
914
-4878
-2571
-1482
-9225
-4955
7839
-5645
-287
-2568
3243
606
266
5200
8182
3090
6833
1265
5551
3854
7872
9836
847
5848
6213
-7772
-965
9371
-1170
5398
-5471
-4954
6205
-1966
126
-8319
2205
4353
5634
1207
4456
-9392
9278
-6368
303
4989
-6912
8949
-3723
-9858
7425
3750
9591
-5203
9006
-6114
-1702
1817
-2128
-1225
2424
4597
-3099
-4218
657
4125
6832
9281
9000
2984
9061
-7433
-4605
2859
-4322
6783
3125
5194
-6685
7188
-6615
3965
-9975
1852
-1361
-2453
-670
5193
7756
-957
6672
-6463
-5543
4761
6678
5673
3683
-7775
-9115
-1896
-1331
-9027
-2795
1081
-7733
5303
6824
-6869
8812
8117
-5820
-9430
4790
-7442
-7353
5669
-5102
-2227
-3499
-3304
5056
6871
-3723
-610
4779
-3356
-5992
-6850
3240
531
-4696
192
-2278
498
1346
8918
8850
2762
3271
-5211
-7215
8695
-9099
-4719
2965
-62
-1033
-5221
-1265
2155
-9212
4183
-5955
-2105
5354
9059
4692
5568
-7936
1611
-3388
2077
7027
-6401
-189
-167
1684
2495
-404
-6693
8147
-9230
7213
-9804
9433
6486
-5820
-1105
-4967
4950
-8702
5170
-8808
4022
-3047
9281
-6030
-4314
7622
5192
-6360
9664
5580
6082
3612
-7359
5981
-5287
-4751
5231
6640
4737
-446
-4873
6809
6085
8817
7364
5448
-579
-6711
6821
-3453
-1921
268
9485
-4717
2159
3726
1942
158
-290
1218
8619
-8353
-8927
302
2840
9578
-898
8374
2443
4950
841
2228
2191
2528
-3180
221
8971
7629
2388
3768
-1883
-3188
8571
1400
3563
7822
-4431
6560
-7648
8239
-7424
5584
1018
4366
711
-7743
8095
-9983
8118
-6061
4957
7063
-6363
2068
-4475
9204
9155
52
8237
-7527
-6151
-7139
9407
4909
2930
5365
1534
-6147
8535
-8169
-4762
-8113
6435
-4393
6579
-2699
2769
-6952
-7790
7264
1401
-5657
1360
4674
-415
-9555
2072
9476
914
-6196
-4142
-2912
-496
-6668
-4187
33
-9739
-5778
5032
-9587
-9790
2382
-596
-3647
4207
2280
6456
8385
240
-1732
7469
-9365
9910
-730
-3740
5011
-7836
-1939
-5859
-867
-1579
1324
-5365
-2584
7286
3908
-9563
-3041
-522
-6409
-2051
8692
-1265
5918
4882
5386
-8137
-352
2874
-7768
5535
9826
-775
-1458
-2978
-880
5948
-79
827
9251
-1421
-654
-9913
-1488
-783
8875
-1843
7388
8798
961
4707
-6732
-7194
-1755
248
8953
7214
-3136
6942
2379
9874
-8110
6664
-2065
2020
-7694
-706
8403
7537
8730
-4934
-4466
-4260
7371
7044
-6038
9459
3142
-2282
2288
-3219
140
6836
1689
-9227
-2818
-1644
-8501
8280
-4801
6431
1934
-9868
3526
-8314
-980
-5466
9072
6614
3509
6005
2116
-8062
-8801
5999
9252
-5400
5472
9796
5215
9690
-142
-951
-2108
1665
-1802
-8329
8183
-9214
9487
4633
7612
2747
-1805
3915
-7209
-782
5411
-1606
-8500
9159
4025
6281
6695
-8669
-3354
-4479
5908
-126
-5527
4610
-7785
4398
1086
-8401
-4885
9897
4743
-4445
-7000
3207
-6672
-5830
-2736
3436
-8237
-8077
-2839
5748
9357
2292
9668
4292
3696
-2405
-4800
-701
-8504
-3978
-5491
-307
4907
-3450
9477
-3811
4693
5184
-4841
1682
459
-8872
-8227
5518
2980
5343
1307
9474
5064
-3693
-2792
-8502
5857
4130
-9161
4750
1896
4336
2408
-4565
-9472
-6668
2225
-1294
8185
1804
-4377
4444
2030
6178
-1153
-3251
4296
2020
5533
-9047
-1132
-7485
-403
-8288
-9195
1296
-1672
-8057
-1948
4225
-9813
7831
59
8336
3951
6514
6371
-4692
243
-8004
5096
9036
6519
4581
7392
-4404
810
-2620
1278
5721
1621
1216
3559
8530
-3990
8278
-9629
2477
-1442
7243
7534
-1198
4350
6115
5702
6043
-8413
9609
1513
3397
-618
-4623
7655
-7024
-4557
740
9896
-7263
-7510
8003
3925
6227
3695
4044
8979
-6758
3098
2017
9779
314
-9446
-5624
3182
-8960
7871
4342
-1821
7054
-3499
8677
-7804
-905
-5804
2704
9502
3946
2440
-5889
9177
-1998
3154
3316
-2256
-8258
-9705
1800
1710
9331
7818
-6738
-2496
-4056
-2792
5855
-7750
-2563
-3784
-3649
-426
6012
486
-5003
6654
-220
-4626
3627
-6869
6417
1864
6960
-1766
6650
-4894
-463
-785
-5828
-4750
-1130
-6302
5089
-940
8555
-4712
3632
7264
-9593
7069
-4346
3189
-5142
5314
-6381
46
2883
-2905
3804
-2917
-4805
-379
1542
-9211
1825
-7104
-9524
8482
82
7758
7458
-7821
-6034
3663
-8416
-3302
-3609
-3082
1189
-493
-283
863
1366
4176
-260
8359
6025
-9113
4336
6465
6261
8724
4818
-6784
-4783
9547
5269
2480
5398
-1514
610
7582
2431
658
-5277
-7739
-2133
-4122
8125
-9068
4528
-1289
9711
-1064
-7566
7222
-4490
-5002
-167
285
-3561
-3701
520
-9325
-9902
-7502
737
8580
1536
-4875
-184
-1404
401
-4439
2037
7307
2795
-3823
-7658
-5700
6263
-5560
-7743
-5219
-715
-4597
-9684
-7427
-6347
3456
-6752
867
9809
-2215
-3187
-172
7361
4567
-8261
-4936
6383
-7461
7846
-9918
-2730
-8924
-7166
175
3257
2862
9629
-8037
3847
-3310
-820
-2870
-3917
2633
1998
8764
-1416
-6790
-62
-706
1017
-8720
-1342
5334
9375
-8818
-5388
204
7754
6454
-4713
2076
3771
-2326
9114
-3420
-9549
-2916
6812
8300
8168
4150
8562
4759
520
-1940
5680
6590
2405
1030
-9510
2997
-9129
8209
8593
3340
529
-3227
6914
-1480
-6574
9873
-63
-5638
-1902
-8057
-5523
-6164
673
2771
-3940
224
5632
-785
4516
-7812
3336
5951
-6881
-11
-2338
3261
-9568
-8649
-7538
9117
-8095
-6226
-5628
7436
9410
5973
-660
2167
-6864
-6777
5425
6958
-3786
5813
-2253
1498
9093
847
-5604
8584
-7140
705
5463
-1474
-5099
9259
6352
-7473
6066
-9738
-9310
3815
8857
-4806
7537
-8126
-6740
1608
1673
2562
-8316
8574
2095
2314
6293
2124
5773
4347
8257
-5508
2403
-5885
-8267
8314
-9521
-5866
-7292
-7650
-7439
-5622
701
9889
2014
-4340
6067
-4320
-2733
-6199
5217
7102
-2736
7904
-8316
3842
2514
8465
544
-737
-3644
5054
8423
-5717
-1659
2165
-4611
5836
-52
-4503
9801
-4074
7167
7850
4332
7430
2834
-894
9427
1548
-1396
-3303
-8779
-1438
8276
-9901
-6896
7093
-4883
2337
-8686
3457
5568
1221
-1990
7924
8838
-5923
4718
-2533
-591
6058
-2249
6939
-857
7682
-9132
9735
-7618
-2938
3136
-8306
-8385
-9978
-3858
1860
-53
-8884
-2304
-5890
-1658
3817
-3284
-3978
-1326
-2618
9745
-8405
-5250
2574
7381
-444
8732
6008
7704
4325
4808
-955
9047
4763
9504
7647
-7885
-4201
-9807
582
569
7172
5738
7422
8536
6081
1383
48
2554
7143
3770
8667
-5228
-9743
-2684
-7105
5088
-2668
839
-5995
-6990
-9964
-5109
123
4314
-8237
2726
-9998
9688
1569
1854
-897
-9789
8963
-2629
9736
9829
-8830
83
-7406
248
6096
8853
5565
9861
-177
8483
5886
-9758
-839
-9581
7366
-4922
-2581
5124
-8643
7388
684
4716
4816
-8758
5264
215
-2917
-5402
-9484
-6483
2670
-2551
2054
-9665
4135
-6045
606
-3706
-8279
-2484
9868
6588
3085
3588
-3436
-1872
3634
3344
-473
9262
-3542
6591
4115
-8061
8427
-2466
9690
-626
8045
3042
-2107
7358
-8159
8582
2627
6724
4014
6091
6319
2718
6152
4601
-120
7477
9221
2330
6372
2635
3141
3997
-6890
1072
4337
2264
9943
-8932
7313
-3108
-8278
-9031
2180
5654
4397
9349
-2185
-6061
-5245
617
2717
5023
7556
-2639
-2529
-8065
-6371
8507
1888
-306
5482
2877
-7571
-8568
-8528
3022
4402
2333
4147
-3805
2518
-333
5063
-9588
996
3855
-2440
-2441
1339
-7938
-7638
2118
-4821
3627
-5239
-8323
-7396
-6279
532
1095
-3240
-4753
8989
-8292
7091
-544
3438
5662
-8081
-1978
533
5793
7913
-5093
6520
-1259
-40
-8990
6049
-9436
9442
-6715
8158
2585
-1024
-5583
-3532
9917
-4907
9359
-1972
-3641
-1905
-7726
4346
2601
-4600
4622
8841
-1326
-1467
-8317
7332
9238
7054
-7922
-4836
5604
-8720
-7786
6150
-4123
5765
-6974
-149
2258
4714
7902
-2163
-9684
-6044
6747
-303
-9867
-5789
-1862
-7032
-6509
4087
5666
-8428
-9335
3979
4360
2782
7214
-9287
6526
-1360
9740
-5071
4294
9881
6581
5451
6100
-9787
-7154
6824
-9485
-1510
1547
-566
5115
-8337
-2595
7356
6231
-3947
-7951
-6186
-603
5600
-9993
3055
895
9741
-6268
5645
-9827
2338
2291
-9580
-1073
-7720
9524
9214
-8861
1525
1804
-5890
9660
7501
2119
7967
-7954
-1640
5651
7876
7226
716
2214
-7128
752
9275
8718
-7358
-484
-4437
-103
-4010
4112
3113
-8914
6328
-1024
8535
6728
5913
-2556
-9225
270
7134
-2167
-1609
-3209
7769
4420
8934
-8890
-8034
-4180
2242
-1074
9063
-3516
2687
-6267
9434
8658
-5537
7770
-8091
7185
-5172
-541
4058
-6101
8944
-6891
5110
-8887
331
-720
2280
9299
529
8970
-7142
8376
45
-8971
-7837
-8019
-3950
4991
5885
820
-4919
-3580
-731
6014
2000
4908
3199
-6957
8492
-8164
5022
-9821
-9196
1957
7991
-7575
-6804
2737
8113
3908
-8699
-4798
-806
5798
-4127
-9735
6649
599
-402
-3266
-4525
-360
-6546
9080
-559
-2657
2063
5354
5140
5680
-3184
1882
2751
2726
-248
9649
-4479
184
-5541
-2084
8795
-9531
5528
5062
-1740
-9864
-9384
-5333
-374
-8528
4404
-1058
5697
-2612
-8277
-6700
-7112
-2301
151
2058
2169
5507
-1660
-7841
-1868
-2317
-5376
8611
-8217
-560
965
7916
-6405
-3910
-4213
-5623
-7281
-3864
-239
8202
-3108
6997
8895
-6073
5474
6829
-5153
-7756
3295
267
-3111
9069
-5280
-6191
-4225
2768
-3314
3517
-9394
1928
-4720
6595
3801
-472
-5228
7946
6727
-3364
2695
2269
-3212
4191
-4966
-1959
9471
7676
-4007
651
4091
845
866
6265
-5675
-1735
-535
483
-4268
9469
-7638
1873
5440
6572
6319
-385
8357
7188
9917
2793
1553
-9000
4298
-2616
-949
-901
-5564
-7740
-473
-7768
-4267
-8726
2471
6014
-2519
-7157
-8056
6217
-414
-163
6946
2810
-200
1749
2066
-8162
4256
2637
3981
-9581
-3513
-1307
-867
2362
-3565
-6445
3953
9768
-9933
5134
7494
-7516
-381
-6823
7689
-6955
3519
-6575
4215
-4300
3298
-5321
-1926
7003
-519
9221
3227
-2085
9213
-4455
-4225
-6167
-8082
9510
3871
-6888
8372
-5814
-3719
-6578
-6451
-5344
-6476
7163
-6728
-5991
-878
1437
8085
-6236
3241
4029
-1123
-9703
-4191
-8981
2527
-453
7183
3061
3470
-9793
-1260
-770
2963
8815
3483
-9697
-7737
7319
6093
1200
4664
-7733
4723
-602
-724
-3524
-7906
-2619
880
2231
-2744
-8179
631
3537
-2175
-8656
4954
1775
-8131
-8983
-912
7691
-6722
-9737
6029
-6735
8685
-2245
4846
-9807
-5283
9455
-4901
4051
5205
1217
-1542
-7557
-4576
-7012
-5725
-3668
-3131
-6258
-9766
-6746
-6991
-9858
2246
-8352
1221
-6943
-4587
3479
-3589
1719
9444
194
5387
-4734
360
2928
8511
-2325
2402
-2172
-428
-3735
-8484
-2821
1346
1378
6786
-6715
-5765
-3215
7159
-7533
3980
5307
-7181
7468
-41
4796
-4873
-1265
8537
4567
1083
35
-2865
4229
-1378
2084
2386
5592
3868
-2307
1627
9965
9141
6728
5511
7039
3104
-5459
5326
-4944
-8490
8329
-5064
-2865
5112
-571
4119
-4736
-902
-3884
6098
1713
1044
-7285
4337
-8117
3336
4434
7536
6992
3168
449
7147
9394
-9294
2600
2594
8718
5531
8220
-3462
-2158
906
6687
-3305
1190
-9195
-8756
2833
-3125
-5816
-6100
-4356
9192
-7039
-9537
-3553
-4515
3434
2343
-855
-7468
3914
-5463
2368
8010
-1729
-503
-6742
6848
-1863
-9632
-6506
-4880
-6428
1404
1740
3018
-665
5744
-3580
9679
5432
-6385
-8060
-8882
-5544
3111
2851
-4740
4872
655
-1554
7556
5798
-898
-7730
-2171
5715
-4319
5397
-8362
-2086
-9869
6795
-7132
5478
706
863
-8547
4506
845
-6837
1827
4767
-2499
-4645
4964
-3295
-9550
5571
-885
-2590
2119
-7864
3068
8221
2649
-5498
1872
-9743
8384
-5503
-1532
-4479
7292
8681
-4964
-9199
-7882
-2026
-7592
-6438
-5534
1476
-5037
-4294
6761
-5406
-7041
-38
7695
-6818
-8194
-1924
-5233
-9981
6706
-2388
346
214
-5934
-1815
-8776
-1440
6996
9295
4019
-1594
-9006
-3113
-5061
-1690
8640
-9627
8934
3149
-2229
-2598
8109
-4489
9835
1218
-8717
-8947
3250
1161
-991
1575
-2068
-4686
6983
-8577
1518
7449
7543
1456
2499
1915
2882
-5143
-977
9219
-8746
8612
-2742
9338
-5463
8387
7568
-5929
9640
8349
6970
-1567
4564
-586
-6570
-6473
-6144
6738
4900
3771
-4041
4983
-7479
1515
2199
6860
8026
2368
-3108
-7239
-6495
4117
-5174
-4746
-6354
-7694
5108
610
-2116
-4024
8174
-4246
-4268
-9798
3500
-1140
7590
-3600
-6323
-5421
3139
9708
9328
-3869
1011
4530
-4167
-4132
-6104
5715
-3720
9793
5666
3614
-488
-5987
9880
6395
8919
5597
4914
5541
4257
-7736
5781
-876
5307
6629
-7453
6278
2291
-734
-1975
-5869
-353
-4156
783
-8575
4505
-4039
-2724
-9371
2908
-3214
8662
4111
8980
7843
-8422
1224
7320
3063
7940
473
-3672
8693
-104
1088
-4301
2227
-7309
2662
-6692
8072
6717
5820
-3110
-9669
-5316
321
-387
8788
5445
8531
-8439
-2997
8757
5682
-2114
-6196
-6604
-5852
2858
-5186
-4668
9380
8265
6629
-9337
1564
-4359
4581
-2130
-1054
3326
5808
3703
-7479
-6505
-1866
7475
-7741
-4985
-9666
-9780
-2612
-4385
-4578
3233
-891
996
790
-378
623
8288
8850
-3818
-8905
-8656
2261
205
-2869
6750
7660
3474
-33
3871
5744
-5012
-1017
6185
9029
-3848
-1656
738
65
9591
1680
-3836
-9307
-5844
4462
-392
1742
-9662
-2455
6854
143
6213
-9822
439
4122
-9984
-1269
-3891
-5196
-6591
-7159
-5059
5231
-75
5087
-7454
5838
-2808
-4852
1906
-8113
-1800
1582
-9691
702
8592
9619
-9583
186
-7902
1201
994
3378
-6734
7504
-6998
-5410
6120
8953
9108
-9423
2628
8661
-4809
6828
-5226
5686
-5590
-3866
-4127
689
8237
608
-3127
-8829
176
1057
3091
-2943
-316
-4678
-8512
-4343
119
2108
4640
2580
8903
-6224
5858
-9522
1554
5809
2901
2866
7838
3173
2489
6437
-1003
2305
4612
-4759
-2001
-8617
8741
-7982
-3833
-3272
2704
-4407
-8525
4495
-3122
7854
-1434
-6593
-8023
-1353
9775
7008
-9886
9601
-6330
2605
5819
9587
541
7354
2349
-8852
921
-7240
2315
1496
1285
-6252
-1189
6346
6293
5731
-8518
657
-8553
-58
-4223
1730
-2714
5306
5450
6910
-1692
-7291
-458
9500
8112
-5466
731
-758
6729
-3839
3197
1312
-1704
-6193
-9609
4318
-46
-6731
7835
-9119
5464
6773
-38
9571
-8575
-6565
-3367
-2541
-3318
5203
-6297
6874
-2594
-3473
8007
-1111
-7916
-8498
-2745
7436
6812
-7138
-5202
5129
1665
4841
3939
-2245
6445
-9698
-5351
-5543
-9202
-8835
7469
3856
816
-5700
7822
3059
888
7367
-8319
1165
-7659
-133
-3475
7952
-2037
2922
94
-555
-929
9215
-3293
4103
9527
-9163
-2928
-8913
6227
-8479
-4730
-9334
-2631
-1298
-6945
-9385
-5572
2987
-4876
1672
7090
3551
-924
-8761
8105
-9047
-2215
-1668
9408
-8296
-7902
-1585
-3207
4078
1973
6243
8097
4800
6632
-1046
5373
-2508
-9203
829
-8252
4297
3254
5388
-317
2409
9455
171
-5764
4818
1986
-3804
6999
-1495
-4688
-8809
6157
5470
7980
-4865
7740
1264
4566
-3538
5517
-6583
3735
-5611
-2622
9378
-7728
-996
7174
3577
-3458
-9261
2111
-9861
-120
2926
-8260
-2165
7538
-4167
5881
1628
5135
-3046
-8944
-6073
-6680
-5970
4027
2632
-2104
163
6364
-9978
5206
-3403
-6470
-9116
-7022
-3917
-9221
7911
-8055
-7500
1964
-2657
598
7276
6695
9863
-9486
5529
5724
-4358
4691
7095
9241
8381
-9552
5860
3908
3099
-4396
-1651
-4940
9741
-8210
-377
-104
-4394
-4166
8881
9472
9049
2074
1094
9326
-1727
-9208
4061
5587
9876
3898
-4927
-9149
948
2631
5944
-4735
3322
-9805
-9966
-4565
-9041
7646
9879
5792
3282
511
-7436
1476
6145
6706
-232
8438
6461
-3905
-6247
4272
5193
-3913
9686
9530
-5338
9567
-3118
-5955
-6701
-6968
-3851
8954
-8674
7789
6236
-6475
-5236
5280
-3192
-5587
-8908
-2568
6591
2380
-5586
5491
-1467
3601
6202
2726
3335
535
-124
-9552
-2654
-5006
-6144
-4101
-8863
-1297
-1595
-9043
6718
922
6193
-158
-568
795
3892
7796
-3116
-2850
6193
-2921
-6823
7487
4499
-897
373
5478
-8070
-9617
-1685
-8291
2407
1411
-8285
-8201
-9148
7098
1235
4857
-124
8529
4841
3027
5943
9742
-4134
7332
-984
2551
-3340
-9440
8478
741
-4947
-741
-2099
8605
651
630
1084
8699
6365
-4948
6448
6346
4170
8359
8270
4801
-1038
9388
1572
-2601
661
-8451
-1576
-1005
7918
-6000
-6722
-1756
-9230
-3450
9697
-70
-334
9901
2197
2292
5029
-9903
5011
9594
-8219
-737
4802
-8449
-1394
3821
-455
-7575
5518
7506
64
-2110
6570
3204
4102
2633
-9360
-2098
5315
-9213
9801
7391
7265
6634
-5530
-5559
3342
-7742
4312
-7803
8605
-2162
-2006
-5691
-9973
-1972
-7965
4848
-8251
2923
884
8466
-4816
223
6699
-2958
-348
-772
7308
3163
-7601
-9410
-4028
-604
-7157
-6679
6125
9919
3909
-7716
5482
5301
-5445
-9941
-8389
-3229
-9494
7640
-6991
-7713
9787
7239
-5608
2992
-9316
7158
-3164
3351
-9434
5841
-9736
-7298
4694
3411
7517
-7256
-8495
-4937
-1906
8238
9753
7065
5590
-7533
-6173
-2659
156
2786
4490
5134
-1279
-6889
6271
-6248
-8830
8913
4867
-6684
-1377
8406
3026
-1869
-4203
6428
-3269
3092
4307
4981
1105
9698
6178
-3533
9996
-9793
4356
4701
-6212
1407
4345
-7396
-2446
9042
5030
4436
-7777
-263
8215
-6497
-6425
7737
-4374
5935
-8000
4913
-2200
-4788
-5875
-257
1449
-113
-3142
6388
-8502
-5441
-2375
-286
7000
6053
3353
2646
-2102
-1936
-9337
-9824
-4417
5043
5834
-9083
4096
-3394
-2864
-5115
-5040
-8386
5062
-5542
7292
9067
-4315
2171
-5691
9482
3884
3412
-9050
4551
-9277
-557
-6841
-1716
-7624
-9468
4006
776
445
-5240
-9631
841
-4051
-8500
8301
-5109
2788
3383
6140
-6569
-9355
-8712
-5775
1270
8351
-493
331
-4246
-673
5175
5124
2631
2181
9816
8980
-3058
6030
3389
-8867
1023
-169
-6983
4426
7274
5647
2209
5509
338
8484
4710
-5080
-9171
-266
6501
-2907
-6799
3894
-8644
-2535
3661
-4677
8150
-6736
8327
3840
5937
-3491
3379
4546
-2554
3945
-8942
-8076
6388
1883
-8086
-2253
6076
4759
2012
8303
-4637
-987
7396
-5268
-2461
-3455
1233
1400
2376
6807
-1350
-9636
-7512
4872
-3504
-1953
4201
-5166
7576
3820
-4635
-3297
-2553
3102
-1974
-2358
-114
-2038
3149
-6534
-8247
-1428
2608
1371
-7383
-6200
4353
9808
-7319
8893
4736
-433
4166
3363
3339
-7809
7121
-5246
-9168
-667
3043
3165
-833
-8118
-5756
2433
1243
-419
-8860
4896
-6119
4150
2209
-7169
1900
7859
5248
-653
-1351
9770
8377
-6757
189
-8144
4355
1254
-6585
3907
21
725
-2401
357
-635
1381
5229
-3888
3635
2156
3775
-435
-5423
-8523
716
-129
5820
4992
6095
6215
-3973
1339
-976
-1971
-4604
8161
-8379
-8265
4520
-3214
4469
-4076
-4019
-2647
-2607
3892
5951
-3230
-9263
-54
1204
-9932
4485
-8710
9368
-2997
6560
-1163
7075
-9702
8032
4912
1637
-3823
-5273
4801
1122
-8184
-8562
-2655
1337
-1702
-1620
794
7198
9924
6073
5825
-7785
5373
1094
5367
2580
-6503
454
-5355
-5529
-2898
6771
875
-9128
6133
-6176
7991
1963
-5400
-3390
2044
7698
-230
-7771
7024
2763
-5549
-594
-2932
1458
-1269
-4983
-9419
-4036
3991
-2456
-6115
7075
819
3380
9087
-1666
-2103
9663
-4086
3876
6091
-167
-5317
-4703
8439
215
9597
5810
-9374
386
5214
-3052
9137
-542
1566
-3791
-991
-9178
-7408
-4447
-6716
-67
-818
4350
7232
-4697
-3663
-6565
6803
-1503
589
6753
533
2288
7242
-1929
-3524
1182
7345
-6586
-5574
-2701
3490
3535
3603
-5305
-186
-8302
2539
8622
-8498
-6272
6926
8388
-8008
991
6661
-4566
-6926
5998
-3798
7797
-1725
7890
-9889
1921
-3530
-5345
-203
4789
-35
-5257
-5895
-5468
-6703
2648
-2765
-131
-9690
-5286
-2922
9558
-6880
-9721
4770
2629
2889
314
6803
3551
-2615
-1120
8613
3208
-6262
-8552
-6718
-4072
-6902
8945
-5929
7425
-8399
7433
-6043
-1991
-8149
4557
763
5058
-9551
-9236
1800
-9289
8038
7728
438
7589
-2439
-168
4885
-172
-5175
-7561
-6953
5282
9394
-790
5964
-4362
-1358
-4194
-7042
-8202
7672
-4772
2891
-8348
9936
4736
6186
-3479
-6035
8000
4919
6846
9955
9192
-5884
5521
9232
1184
8127
-4522
-3997
2434
2096
-3657
-6552
3617
-7054
7447
-5478
-1110
1165
7418
-8401
-3608
-4169
2326
-9857
3235
3934
-7940
9327
-1409
-3668
8064
3349
-4749
6214
-2334
-3052
-6461
-7830
5806
2645
954
6350
-9400
-2212
78
753
8738
-1011
8571
-3423
791
-3766
-8747
8904
7914
-1194
-7732
2879
8435
-6407
-2363
-3677
-5829
9565
6185
-9159
9495
-1929
-7021
731
-1612
-690
-4964
-8433
2003
-5081
-6990
-5391
-2954
-1558
8698
113
-8077
-807
5766
-1518
-405
-7427
4396
-1406
-5924
6984
-6715
-611
-9461
2571
-8755
-7047
-2109
-1680
-5354
-3842
-6357
-8028
4959
-2871
8224
3495
-1310
4932
1702
-8550
6264
4875
5954
-866
-7194
331
-3093
5927
-8652
-2051
-3827
2019
7056
1354
3057
4282
-7386
-555
7278
-3088
-6960
-8946
8623
723
-1115
7061
2953
5502
6950
-5869
3854
-8193
-3722
-5208
1361
-3212
-3554
-5306
-8038
-789
-7082
-7025
7258
-5945
7414
-3547
-8095
-8159
-4170
6654
-280
8547
-6636
4396
8744
-8334
-115
-3657
-7050
8618
-6503
4945
8269
-2483
-9483
-2293
7803
-8744
2683
-3441
-7915
-7705
-1401
-2745
9864
-5567
6048
7155
-1652
6493
-449
7417
3009
5171
6126
1109
621
-732
1813
-7658
-8921
875
-6975
7940
6866
8134
7017
-6480
9977
4945
5373
6667
5248
-479
749
6490
6087
1370
2634
7724
2076
-929
-4146
-3828
4243
-8649
3014
6550
5598
3883
2398
-9928
7643
7056
-7665
9332
-3978
-593
-4728
-9794
-2139
8473
6151
6134
1584
-5935
-3831
-9919
4306
4609
-885
2664
6086
-5398
5921
6118
456
-330
-4919
6096
-3049
-3103
-9405
-2894
7977
-8849
7628
-8805
417
-91
-4322
2911
2277
6805
7083
6194
-3603
9997
7590
2935
-3286
-7709
2598
-3068
7608
6192
-6533
5207
5955
-6345
-1797
-3133
-2993
-8090
9023
-9853
8550
7832
-9832
-6585
-3452
-8639
-3911
-5055
3423
8318
-591
-8634
-3401
1530
-1980
-8520
-3764
5038
-8364
4622
1462
-8617
-8459
-9611
-6482
3388
6178
-4347
-3346
689
3979
4928
1507
-1123
-5135
6372
-3
-8336
-320
4975
-570
-8683
9159
-1239
3647
4539
964
4929
-3050
1081
-7339
577
-3430
-46
-7915
-978
-570
5165
-3659
5752
5667
-6679
7004
9164
7431
8741
-9591
5889
-6901
2488
3780
6208
3203
6365
9828
-2225
-9629
1569
-1816
-510
-5705
4350
-8113
-4180
3549
-8637
-4543
5815
1211
5889
-3444
721
-7916
-349
-1606
-4868
999
-8232
-487
9122
-1356
-4915
3044
6178
7273
9806
8486
334
5125
-1781
-9139
-9547
-1311
-5222
2592
-3295
-8562
5533
1861
3109
5973
-9825
5961
9274
-8513
-9312
-9048
1275
3991
-2937
8242
173
9262
-1580
-7218
-7141
-7284
1185
-8769
9270
3926
-7416
-316
-4898
-9903
-1035
1489
-3487
4704
9115
-8302
3912
-3194
-4301
-5911
-6388
5665
4520
5810
-6141
5441
-5969
-3993
4957
-4123
3283
-6252
-8833
9959
-3709
833
3706
-4577
-8930
4460
7597
6456
-2915
-6329
-8514
5472
5967
8098
4134
1212
-7507
-7450
5108
-2684
3684
9435
1301
7895
-3076
9683
8246
-1967
-9898
-580
-5910
2661
-3668
1628
-8481
2645
9617
3862
9226
-1401
-4289
1239
-894
-2434
-3656
-2720
-1116
4167
-2507
-9643
8990
-5395
-9864
3071
-831
-1846
1063
3553
-3411
7220
9822
-4819
8353
-6386
-3702
-7588
3523
615
1596
-8403
-1544
-705
-1966
-5151
2604
-5391
9914
-6915
7161
8511
9431
-5296
-5062
3129
7731
-3369
-6618
4533
-5595
-9067
-7555
-8330
-283
-2357
-2993
-1979
7346
7091
-1922
4777
2900
-5083
-9799
-4732
3390
4243
4676
233
-3275
-8737
-7871
-9380
-1116
-6122
-2983
-6019
2947
-1767
-2585
720
-3208
190
7673
-1189
-9461
6705
-1267
8218
-849
-217
2189
-7651
4192
-1098
-5376
-8893
-1125
5085
-953
-9652
-3321
9471
6711
-9129
-8939
-6347
-1158
-5700
6140
2620
5322
-8973
4202
8714
1138
-4048
-4637
-4085
-879
9043
936
-2770
-9167
4967
-2865
9616
-247
-1263
3482
5444
-1763
-9910
-7720
9023
6227
-7732
-7224
5490
9978
-3210
-9365
878
4396
-6880
7838
-8315
-3081
-7059
4424
-8777
3924
-3075
7056
-5554
7978
6473
5453
5252
-982
9318
-6112
6292
-2962
-3061
8515
1709
-2533
7061
-3188
8615
1301
-1310
6293
-7176
1093
7982
8956
8509
-5041
5353
8071
9002
8581
-7069
156
-3145
-4766
311
2282
-7076
-4224
4893
-1797
1491
-3048
-6826
-930
3512
8757
2705
3146
5155
6687
1865
-3729
-5237
-2320
3070
-2289
-5368
-6772
-2974
-954
1289
-8039
405
7903
9938
-9875
-2700
-1612
8303
-8434
-6885
2789
-8021
3386
1113
-9554
-6262
7643
-4823
-3156
-7372
-5823
8457
5701
9092
1052
7249
-8623
-2882
1041
-9040
7261
-3921
-5818
1357
-9387
-8228
1262
-5048
5177
6890
4973
-3081
7718
-1713
-5573
4437
-2474
-357
3170
8146
-4009
9774
-5376
9930
2244
6748
-909
2627
4070
6696
346
-662
-8401
-6183
-1649
9972
-3824
8831
-845
4983
-3413
1502
-766
1305
-2985
6820
6855
-4844
7343
-4272
1184
-8620
3760
-5319
5541
-4935
-4768
9537
-4759
4542
-9973
9913
3925
-7791
-9134
-2370
-9091
-9309
2145
-9360
237
-5930
2689
-9236
4580
6240
-6324
3415
-2596
-1187
-9057
-1457
-4158
-6652
4461
-6312
6750
8265
2485
-3508
5335
-6006
-2662
-2735
3419
9356
-3849
-8617
2305
-7483
-5266
-3484
499
9309
-7250
-7973
-2196
-8148
-7495
-1808
-5893
7263
2079
-5089
7975
-5678
6511
6035
9411
-752
9572
-140
-538
-9703
-1209
-9778
8216
4472
5863
4682
-3764
1801
9408
6588
6849
-9541
4991
1850
-199
1055
-3606
9237
-161
1686
-6838
2728
2653
-7699
-1398
-4130
-7653
-6544
7126
-4103
-2048
6527
-8640
-2399
-9284
2341
-6896
-350
6515
9173
-4592
-3343
4156
-4960
-851
3516
-9672
-2712
3287
9676
-2849
4480
3477
2728
9494
1482
-3952
-9745
-6099
6413
3076
-5635
-7198
-2625
6154
9333
-4812
3491
-144
794
-6959
-2879
-5157
8826
9371
3730
3525
3445
1917
7645
3666
7859
1630
-9784
-3493
-1056
-5006
-8989
-1712
7076
9589
8745
-8450
-5442
5591
277
-806
-5620
-8018
-6697
-6459
7268
-1095
-6070
7768
1698
1861
3091
-109
-2440
7444
-902
-109
-6680
-8354
7435
7223
1801
-5537
-6416
2361
1864
-9862
9655
-6868
-9971
5473
-6399
738
-617
-5869
-9026
-6629
3424
-7011
5086
-5161
-7602
-3009
2618
5700
934
285
-5160
3404
6734
4831
1767
2555
-5150
5455
5357
-5376
1935
7363
1748
-6688
-7944
-4250
-1835
-395
6687
6594
-7635
7758
-9841
1300
-3098
5280
-3454
6646
-3319
5627
7061
6695
6532
3187
-912
-4712
-2875
-2886
9612
-1613
4610
5923
-1454
6312
4427
1947
8807
9926
4754
8096
-1297
-4616
154
7611
-3765
-254
4947
3604
1639
8893
4215
4507
-3041
-3193
-1738
8130
1726
7634
6904
-8498
-931
9133
6652
-1898
-4006
-9520
-2626
-6469
6643
-2054
6592
1736
-6309
-5025
-5167
-7445
-2641
1705
2830
1063
-437
8498
9153
8817
8056
-6749
7557
2142
7283
-6863
4426
-530
8228
7678
5713
-85
-4249
-2847
3836
-3358
6722
-2249
-6743
2157
-9622
-9270
-9455
-8541
5195
2441
8102
1196
2052
-138
9844
-7908
-2562
747
-5741
6886
3899
-2219
3854
-3972
693
-8743
-2552
-8119
410
7124
339
2935
3442
-6545
3575
-7295
-2135
