9160
-5017
7641
-4700
-1121
1904
7368
-378
3041
-5281
7519
-1578
-5386
206
-5978
-9741
-971
-6900
-6927
3906
-3712
-9441
-2656
-6080
-2616
1385
1178
-4257
3773
9781
3821
-7867
5821
6426
1102
-1235
8314
-3919
9762
-3302
-7220
8352
4071
-4305
-8627
622
7319
855
-7922
5224
-2649
-1017
8105
-7753
-8154
8075
1490
3954
2210
-5942
82
-7600
2111
-2584
1809
9871
5610
-1801
1103
120
-5924
9749
-9608
2013
1078
-7542
3412
875
8978
-3518
-2686
-9981
8364
6508
820
-8562
-5346
1380
2188
-4767
5649
-6270
-4590
-5760
-6998
4694
3291
-7926
6258
-937
8497
-771
2287
-2272
-4330
5481
8950
2530
6586
3107
5752
-7198
-7500
8678
9203
1528
-2269
-1203
845
-7444
-5200
-3714
1240
8066
9947
783
4869
4119
-2574
-743
5442
1079
-6983
6066
6594
563
-1089
-2393
-3566
829
4261
9650
8672
8977
7129
4970
-5077
-2873
9346
94
-3228
3016
5951
-4248
764
-7634
8435
2806
5925
-617
-3502
4928
1784
8690
-9525
3495
7644
6781
1184
-3774
-4689
616
-6131
2974
-8992
-8746
-8441
3527
7638
-4306
-4742
-5497
7740
-9644
3068
-2771
-4062
-3294
-3793
8037
-3638
5640
2572
2727
-9007
-1061
-8042
-2715
-1829
-5551
4711
-6108
7503
5018
-7831
8006
-5129
5519
6425
3366
-3422
2676
2756
-3337
-4745
5902
8310
7186
8885
2313
-8165
-5150
7845
-9874
6511
6548
1805
-5542
7027
1375
-9791
-6173
-9175
-4734
3903
6418
-3544
-5922
-9768
407
-3683
4229
-7188
-4919
647
-8401
-2726
-6901
-3029
-8563
-3939
-1753
-372
-2732
7842
1440
4558
-9210
1018
839
-6232
-8124
-2139
-3258
9160
9877
9580
9232
-2572
647
4095
7416
-3049
-4731
-5295
-7607
-4164
5391
-4324
-1716
-8333
1146
-1764
-3516
8003
-3631
-2629
-9695
7112
1137
-9151
9414
5901
-7398
-6922
3525
5264
-3524
1673
-37
2901
2775
4971
-9191
-1504
-5247
4470
4106
7295
1012
7969
-6313
-9485
-9596
-1084
-3377
-7597
-2938
-9443
-5356
1735
-9425
3744
172
-9448
-7417
6218
-2324
3114
-7400
1462
1494
8234
-3040
-2585
-7806
207
7746
-5733
6469
-3145
-8162
3814
6912
4314
-2771
1171
1517
1466
-7332
-3586
-7122
5968
-5620
8091
-2619
-183
461
-2428
7979
7677
-7714
-6293
-3782
8256
-5162
1915
2645
2501
4224
-2200
-7599
-1317
-3914
-9139
4669
9587
-2190
-3269
-609
9725
3370
8003
8574
-2666
-9183
-6159
682
-9091
-3475
1117
-4561
7399
4601
-7561
-3289
3470
-3094
-482
-3392
6878
962
-7584
-8379
-9410
8425
-8759
801
-3132
-7507
3536
-7019
8699
5462
-875
8977
-9276
-5149
3980
-9610
6377
5115
-2992
4969
9102
1408
5996
-2584
-2520
9839
5045
5615
-568
850
1932
-7777
441
7435
1469
-1529
342
4278
6913
-5055
-2188
-210
8429
8795
5617
-920
-7280
-3741
-2423
2299
6679
642
-987
8740
4544
9820
-5381
-1915
2472
-8970
5363
-9870
-1503
4028
-2856
7866
-804
-6390
8609
-23
6812
868
3319
-1455
3225
8829
3432
792
2092
9710
2714
-1621
-9912
8165
-3488
6407
5885
-7558
-5466
-5389
-7992
8520
-7193
3258
-2623
-2825
5012
-4201
208
-7030
6343
-8950
1844
2685
-8572
979
-7070
5622
108
-9244
8137
4846
3524
-5893
-2221
-2046
-3604
-6550
-3443
6381
469
-3683
-7602
-8891
1684
-6495
2501
-6553
6218
9846
2319
-3364
-4577
7701
2561
-4059
-6367
-3431
8093
-9887
9112
-7361
-5595
2125
1739
9829
-9590
-1204
1446
283
523
-538
-9683
1137
-8403
-178
-3479
-353
-6112
-3442
4296
8971
-6257
571
5159
-5524
-5771
-6683
8532
-6143
7240
9443
996
7287
5395
3753
9672
-1732
2721
-3618
-9574
-4052
9651
6415
-8219
9727
-4130
9515
5900
-5902
5538
466
6067
8232
-1534
-8642
3418
3461
1735
-776
-5443
8483
-9751
4932
2595
5651
-6476
-9258
6019
7928
-5058
2466
-2037
2854
-2405
6554
9031
-983
-8177
105
-4741
1220
1728
7833
8876
5915
102
-1311
3757
-368
-2024
-5481
-4438
6183
-3409
1433
8039
-5347
-9314
3162
-2463
-9597
8662
8698
7415
8483
-4643
-3184
4261
-4241
2607
4257
-1382
4406
-2078
3793
-6953
5592
582
-9154
7485
8663
-155
6045
-2627
-277
9344
-1507
-7174
4833
-894
-9666
-6816
4265
5764
-6061
-7028
-4902
4298
-2276
3987
-2347
7282
-3074
3931
-650
1243
-8695
698
-7212
2425
3106
-351
-7709
114
8638
2363
-9632
6940
4901
-232
3212
-9416
-7344
-6193
-2153
3754
-710
2732
-9413
-1747
6426
-7147
-7404
-3129
5827
-2407
-3504
-9996
4467
3108
-6981
6750
-6913
-8735
-542
3961
1373
1309
-2857
-1393
2369
8446
-3770
-5575
9838
5674
9279
7894
8552
-4218
3853
-5416
-3885
1354
4942
-775
280
9302
-5434
8753
-8390
6486
3100
6487
4547
6496
4769
-7700
4961
-4527
-161
-1380
-3174
-5516
-5823
-6708
-873
-4439
-5434
-8377
9639
-828
8077
-5416
-1044
5208
-752
2293
-9509
4894
9571
3878
-5744
1998
9823
4938
-9801
7676
-3899
7465
-7600
-5179
9378
5241
-9427
7285
-3428
1220
-8845
-4176
4903
-1057
-9496
7540
9593
2075
-3637
-9476
-6497
-8001
8794
-8571
8357
2190
4664
486
-1783
5241
6072
9752
-3699
-1684
-588
9843
-4501
-2214
3146
3143
-6145
-9906
9350
-7333
-3529
-8424
5749
-5378
-1943
-2825
-7710
4028
3802
5396
109
9290
-1402
-3995
5795
9109
-4489
2443
8502
-7169
-6976
-6262
-8880
-2510
-6706
-4133
-8289
6680
4063
-7162
-7204
-7122
7504
-2240
-4142
7060
3704
1213
-4860
6828
-9035
2263
-1998
4032
5173
8123
-7122
3200
-6169
-1992
-6906
-8311
-9163
812
7500
-9741
1299
2761
6984
3005
4221
-6797
3283
-4672
-2372
9735
2049
2617
1268
9235
422
908
4919
-5098
-9643
3463
-9214
552
-8565
-8775
4520
-2389
2811
3564
-8550
-3550
-3548
2384
4503
4150
7563
-2466
-955
-4202
3424
8500
6335
7398
-8250
-6928
-4633
3443
-4263
-7178
-6285
7473
-923
5001
-4171
-6116
6432
8687
1898
-5129
-25
-1389
-3035
-6642
-160
9947
-8997
2297
-1853
-2215
1440
-6480
8958
8455
8501
-1898
-9579
-9599
8293
-7507
7892
4749
8457
-760
9685
7494
9037
-4606
970
1568
9552
-4791
-1014
-8396
-9107
-1017
2425
9904
6800
6528
1749
1330
-9743
2740
7209
-2484
6938
3459
-7155
-9697
2318
2127
2685
-9711
6785
7161
8254
-3307
2827
-4254
-525
4949
-8241
8381
-7305
5809
-359
-3439
2734
-3616
5428
-445
3796
8890
7505
-3237
1210
-8383
7071
3259
5629
-5920
-9913
1605
929
-8104
6178
-2623
-5423
-4189
-8370
279
-6891
-4924
-937
-7113
-1356
-9180
-8726
6321
-600
-8791
3572
3929
8051
-8685
-5796
-3455
-3337
2949
4284
-2024
9285
-6106
415
-7650
-4094
-4889
-5422
-7258
-8926
-5333
-2516
-4241
9588
-9707
-4464
6080
-5150
-5830
8516
-281
1305
2596
3248
9400
-2387
9202
-5633
-3109
517
454
947
-578
9030
1939
9605
-9535
9492
-9853
6567
-5983
-9562
-4928
3196
-6471
-7382
-9093
6571
-2839
2727
2683
7114
2648
-793
-7569
4924
2401
830
-2452
2602
9764
-2175
9280
-8535
2876
5587
8305
5649
4590
-176
-9631
-965
6666
-6815
-5907
2358
9799
-9769
6998
8521
5837
9273
8882
-5027
-412
-9938
719
-454
3961
-3740
-9930
-1067
-5249
-8638
1356
446
1317
-6966
3713
-2488
3777
1809
5859
-1365
4304
-5594
-2614
7784
-8754
-7905
2849
6635
5074
1843
-6953
108
5625
3768
4254
3213
8355
5098
7878
2286
-3041
7157
-2632
-2698
337
9107
-3928
-1225
8115
2101
-9022
-4344
25
-9058
-9712
4541
1684
-2602
-1576
-2725
-3557
2773
-704
-9018
-4924
2096
6352
-5218
-5661
-6973
3316
-2454
9261
4478
3821
7598
8686
8528
-1381
-8150
9633
-9605
-5275
-9159
-5578
-8443
2312
-7257
-2186
-7108
-2002
2705
-2326
3243
7193
370
-5702
-5662
6102
5571
9252
-9151
-7671
-1459
-7187
8172
6708
8239
-5945
9515
3527
472
2305
6841
-7349
-5200
-2384
-8004
1304
9860
8785
-5502
9930
9838
-3759
9055
8712
4124
-9144
-7891
-2584
1595
-3693
3520
9966
5467
-2484
-1108
243
1443
8092
-5266
3961
-4989
8475
3940
1462
9269
2939
-5130
-2771
4306
-3703
-5126
7385
3535
-5964
1108
2708
4622
3998
1110
2299
8026
-3886
-2434
-9858
-6291
8675
7851
-9907
3597
-3529
-9089
-3215
-6474
-1470
5584
3689
5836
7949
-160
-9638
-4040
6877
7908
8689
-6204
-9297
-2332
-4963
-7925
-4348
-6402
6563
8593
1473
-7229
-8464
1875
79
-8381
-3668
-8652
6504
-1169
6096
-3181
-2392
-3351
-9582
-7737
2825
2862
6466
601
-903
-9239
-8202
-6191
8142
9953
-7746
980
5350
4332
-3332
-240
-1156
-1905
-9423
-5536
5503
-5830
-8138
-4607
7436
-7570
565
-9620
-3964
866
-5779
-1037
4285
-7097
7903
-4961
1360
-2978
-3884
5794
9596
-7764
4554
-6657
-5276
-2752
4449
9505
-8745
3680
9819
-8961
2558
7469
-2344
480
9246
5832
-1004
4103
9733
6863
7575
-612
4047
-7625
-5997
5368
-8729
8068
-8450
9523
-5532
9785
-3738
9314
-7892
7142
2916
-1538
6493
3013
5411
1419
-3443
-9358
1725
-4204
-1499
-1548
-6361
-6015
-4729
-2742
784
9807
3891
-1084
-9867
-1282
6305
-1254
6283
-3636
-7552
-1118
-4856
4951
1260
5484
-3965
-6425
-3417
3530
-1457
-5402
4491
1573
-4564
-1174
-4118
1738
-6979
9036
4647
8121
-7519
-2352
2143
-1653
-7640
-4170
7827
-7126
-6734
8251
-4478
-7821
6231
-5030
8054
7674
-6221
4706
-9030
-8988
6357
-128
-185
-532
2088
6255
1102
4753
4981
-6997
2500
884
-9434
-5202
1546
-6355
-7717
-7687
-1557
7787
-2494
8967
-779
-6125
-6230
-5843
-1162
4408
-7914
-5624
8684
-2537
-2101
348
129
3190
-1331
9731
-9871
-2568
-2523
-205
-9747
-5934
-3471
6379
9491
2574
2084
1727
1810
9547
-4172
4971
9681
1831
-9420
3999
-167
5037
-5896
6807
1407
-3505
7250
-4904
-9196
-9094
7061
4113
-3053
-1670
5744
262
-434
1540
-914
1384
-8534
6970
6120
9039
1457
-7685
-4119
8131
5634
5414
9344
-5013
-3275
-7215
205
-926
-4161
2167
5481
-6761
-3640
5817
-2369
-6128
-2899
-1140
7182
-5060
5503
9811
3683
-2465
1605
8994
4072
-1668
-9866
-1845
-8775
6140
-7166
-4233
2343
-5673
-3131
4660
2334
-3594
3073
5946
1243
-397
-8121
-7271
-7606
-9549
-1707
2494
-8116
3487
-4218
-5120
-6527
-7065
-8745
7487
231
-6072
-1520
3540
947
-6571
-9996
7493
5398
-2393
-9574
-5829
-7691
8425
9731
-4672
5046
7006
-5000
7452
-251
-54
5317
8103
3251
6494
-3766
8883
-6546
-4666
-6895
-2931
-3370
235
-5343
9559
4295
-189
5468
-9749
6623
-5014
-5978
-6428
-9866
3147
-1330
4061
1588
851
9244
-5267
-150
-8338
-6333
-7110
-5775
-2069
1439
-3085
-5108
175
8360
4384
-4542
-2197
9125
-1730
-9784
-4219
-8540
5128
3697
3689
5255
8911
2553
7775
-9375
-7029
9185
2703
-5481
8209
-4574
-781
-6897
7862
8548
-2579
-5370
-7993
-2411
9276
5819
9528
-4662
-9545
2852
-2147
5518
-9496
-11
9338
4109
-1268
6851
8133
5955
902
-3980
2377
-1738
-3407
2076
-6519
-1310
-1360
8725
3175
-3915
9944
-8085
-9789
-7229
-964
-4254
2442
5151
-6425
-8085
-8302
-324
-8065
-2847
6442
-6116
-9381
-3207
-7971
-7237
-8281
1310
-844
310
-5791
-2706
7564
7508
-566
-4464
-2072
5492
6385
-3438
3721
-5885
-3365
-2837
-2872
-8896
-5273
-7396
3361
2982
8768
-7539
-6893
-5915
-3042
-4036
5643
1954
9221
-7643
6745
-5127
2455
9727
3935
5795
1786
-6141
4039
-6003
-8975
-46
2401
-3739
-7752
2084
-1929
1009
-8261
-9856
-2421
-5776
1879
8143
-5408
288
-1480
-1627
-6419
-66
-9206
-9699
-4738
-8890
3989
-6515
9080
9410
7754
-8847
-8208
1859
1505
-8786
-6782
9240
4974
9426
1689
1790
4234
3873
-4622
-6238
8809
-2825
9882
-8841
967
-6048
-1515
-2780
5429
-9073
-1036
4237
9445
2083
-3036
8163
153
2684
477
6783
2165
-7583
-1388
-7256
7180
-5364
4464
6327
431
-8082
3794
3397
4395
-812
-5301
212
-8395
-4364
2757
-5415
-1111
-4932
8998
8187
-6763
-740
-8017
-5306
-2341
-9960
9535
-2202
-8758
34
8744
-3355
1753
4235
-729
3654
-2036
-2075
7155
5888
6412
-5480
7110
-9049
4972
248
8085
5999
-1390
672
2984
8327
-70
9740
-5412
9699
8182
3960
-1624
392
-9092
-9269
9447
-2705
6764
-1714
8554
7313
-5626
7797
-9810
-3854
-5565
-138
-208
2624
1929
2307
-2494
-6507
-5011
-6898
-9407
-7481
4637
3926
9888
6668
-6354
-5610
-7840
-2425
-2736
-771
9386
3896
2506
-7268
-7489
9183
1398
5197
-1366
4595
-1420
-7292
7370
-804
-5457
1761
6745
-2565
5467
895
4525
5680
-1668
1293
9918
2358
-3737
7811
-5587
1944
-6787
9279
-4100
-2476
-8290
2479
485
2764
4679
9895
3194
-6925
1038
-3972
6774
4195
-7881
-4732
7644
7848
-4870
8860
-18
-4674
552
-1292
-792
5633
481
937
4799
-4895
-6322
704
-9539
3245
-2398
-1004
3235
-327
-3280
5736
-4159
-5796
2094
-1460
-22
-8442
-6512
-5570
5714
7657
5985
-8221
1638
-8579
-2532
-5608
-5667
4987
-2402
4914
-7235
6013
-2852
8202
-9346
-6137
-134
6422
-3240
9686
1814
-4664
-4845
-8202
87
6526
-2872
5537
-7628
5066
-5251
2650
8093
1565
-9780
-6202
-8940
8988
4683
7041
-7388
5610
6028
9314
434
1982
6393
7480
-8074
-2300
4128
8539
-4936
1068
-766
-7386
-8984
-3043
1403
-9712
-4603
4891
3747
608
2068
-9342
5529
-7261
1498
-2731
5132
4406
9010
736
-1266
1163
7185
-6036
5957
-5963
-5688
2815
-7088
-1347
6716
6371
-6522
-6883
-93
2484
8280
751
-5988
-9391
-7515
3068
-6423
6027
-9846
-3135
-6832
-984
-1621
5891
-8905
4915
-4277
2670
1907
9627
-8817
-3474
2038
8546
611
8026
-752
2365
-4449
-1742
-933
9770
4578
-4977
3927
2311
-5624
-12
-8650
4781
-4121
-9173
1530
-9045
3934
2694
-8219
-9338
-2759
-7240
869
9130
-3838
422
-5268
-3545
-9811
-1569
-4208
5277
-9982
129
-92
-573
-6602
1375
-5349
8114
5297
-9707
-1792
3284
1773
-4304
-2097
-7039
4247
-6917
1862
4632
-8392
-3957
1175
4487
-6482
520
-3707
-4280
-666
-4526
6066
-6895
3364
-6598
2003
-4860
-396
-8714
-1858
9718
6348
846
301
4165
-9426
6905
4278
-9134
-8128
9089
-7898
-3354
2873
7199
-1128
8153
6408
-534
-5482
1604
-585
4102
3538
8610
5610
-3651
3759
6646
-3803
-7750
-2180
-77
1986
8364
2679
-5614
5358
5824
6305
-9514
5804
8541
-2340
8920
-8245
3198
-9353
3245
2627
-6764
511
7650
9269
-7669
-7564
-8412
-535
-997
7188
-8262
4789
-7836
2297
7494
7926
3134
-5617
-5704
-8978
3285
-9237
9782
3802
-2837
4928
7221
6120
8511
-9381
5421
468
-8622
4982
7832
4582
748
5519
-8972
-4703
-9545
6729
183
2276
-7630
-1105
4766
7479
8705
1135
-9209
-1855
-6062
7048
3053
-9583
3820
8249
792
6113
264
2109
6366
-6075
7207
2094
1439
268
-2825
-161
7920
9990
1968
1658
5347
1621
-2138
-553
-2366
1814
1182
1767
3207
9998
-5048
-9266
-6422
5544
-2342
8117
-7211
8369
3302
-5379
-8056
434
-3603
5593
-7505
-9212
2409
5505
-500
-6505
7617
-9188
7726
-7189
3487
9191
-4674
7890
-6913
-8660
7260
-5446
9377
5364
4634
-7435
7377
-5941
566
-6795
-8070
-194
1455
-6333
9754
-8603
9395
1880
9226
-4931
-1352
1328
-7429
-4316
8936
8204
-468
5014
2035
9457
9482
-7300
-5774
6799
-1999
1222
3324
-7157
-339
-9382
4347
9538
4416
-1162
626
5631
-997
1864
-2858
6748
-1133
-2048
2315
-1550
-8261
3193
-3130
-6946
8606
-5796
-7836
-4564
2005
-107
3909
2853
1891
3909
-7679
-6667
4413
7448
3132
4752
9746
4849
4536
-136
2965
1738
162
8106
6188
-5185
8861
-6832
-2337
4105
-1048
6166
-2993
-4382
-4098
1231
1492
5512
3649
122
-8999
-4079
-5499
2547
-763
-162
-4997
903
-1726
-3397
-9927
5850
-513
-1855
7348
-5982
3989
1265
804
-9175
-5246
635
-9399
7887
-835
-5816
713
28
-1494
4966
7107
8334
1759
244
9852
-4106
4945
-9110
7081
-19
9219
-3100
-5890
5543
7223
2237
-397
-8866
6516
-2136
-4305
-4811
7847
7521
7240
-6870
-6446
4169
-9553
-8086
10000
-2305
3355
-9179
6201
-9862
-8911
7907
110
9701
-694
-5517
-8779
-5746
6641
48
3584
-1787
-9927
-2777
-4298
3135
-6301
-4661
-4639
-3635
5585
-18
4677
-1137
5402
3552
-2085
2328
-213
4085
-1602
-2588
7655
4094
-4860
-234
-4393
6256
848
-5815
-508
2291
7474
7415
4598
3415
-3707
-6430
2910
4847
-741
6184
-5178
8632
2655
2437
5808
5555
-4025
9339
4806
782
-1341
-5967
-1154
-3693
6146
-862
723
-9611
-7980
5237
-4860
-2946
3825
4950
-972
2405
-739
-6979
-4760
-4816
-8111
4542
7695
9971
-1102
8259
-9571
-9710
5110
2225
-3311
7888
-2335
-7089
-5456
6594
-9874
-850
5860
-9502
-5839
8513
6340
-2869
-9737
-8167
4827
5120
1260
9332
8822
-3854
6628
427
-3933
1624
-1835
-9762
-3698
6341
8097
8785
8840
6731
3502
-5382
2544
8169
8016
5750
-1279
-4655
9175
9177
9448
5175
-2995
-3380
2853
-6480
91
6963
-7310
-3221
-1947
-2810
-687
1804
-7922
-8784
491
8489
5808
-325
-6791
7087
-11
-7289
-7231
1097
7317
-9691
6519
-3926
-6321
5347
-9287
4795
-6487
-7358
-2565
4023
-2087
-8618
604
-3937
7220
8044
2751
-8460
-7505
-399
-855
3464
4029
-5546
121
1713
-7166
9751
4602
3036
5280
7606
-8592
-4377
-8416
7342
5309
2598
9435
-9891
5874
-1937
9816
1229
-1134
-9168
5996
-6806
-9135
7945
776
-9061
-5462
-7870
-9238
400
-2261
3156
-6118
5905
-6741
-8663
2026
-3632
-2183
-9254
3257
9954
-2219
9363
-9724
-7680
3721
9228
-6878
1933
-6055
1458
387
6875
-5034
-6814
9973
-1754
-2549
-6935
-3042
-7603
-6735
5868
5416
-8105
-4918
-9377
-298
1495
2034
3850
6328
6876
7235
1994
-8734
3307
-3805
-8006
1084
-2387
7353
-7560
7844
-5523
5625
-8901
-805
8226
9249
-2632
-7850
533
-4149
315
5796
8591
9753
-3381
-1267
-1010
-7806
7001
6085
-6494
-702
-7646
5557
-6223
1582
-4080
425
7899
-499
-2554
-7429
3839
-8667
-7070
6416
5832
545
-9512
-3973
-5887
7715
-2783
5913
9031
2301
-3658
3523
5486
3512
4832
-452
-7548
-4658
8163
4820
2923
3404
-8860
296
5920
-3647
1721
4387
6883
7134
-5025
-7405
-8361
3700
7814
4158
663
-1013
2432
23
-7371
-634
-6814
3361
-7446
-4958
1226
7441
-9883
-4262
9911
-7222
8664
-6158
-6939
-4034
-6030
-9741
8218
7222
-4539
3804
1119
7152
-5375
-9911
-2789
-418
-1495
1875
8789
-1075
-5730
-2030
4344
-2676
4070
5317
-5534
-3329
-3709
8942
-1434
-1859
4464
5002
3141
817
7279
656
-1613
7136
-9413
-532
1565
-4488
-6849
-4138
4726
5020
-8540
-8219
-4882
3541
-9547
6191
-401
-4941
-732
3996
-2598
-5007
-6711
2692
-9291
7160
8080
-6691
2231
2181
-7605
6290
4709
8378
-9507
1305
2081
6252
4937
2740
2191
5373
5442
-4391
9453
-3579
-7491
-6794
-635
4165
836
4860
-8878
3817
4298
-701
6465
1958
7585
-6236
2604
7107
7630
-264
3538
4711
-8275
-4675
7501
9750
5997
2850
-5821
-777
5254
-4871
2340
-4842
7436
9953
-6589
4181
-8215
-5271
6177
489
9857
-3203
-6105
2485
8727
8086
-1229
-7718
-6160
3945
1625
4040
1794
64
5765
2381
2489
6349
-5913
7815
-3470
-8559
9064
-7635
6668
6414
-4098
4163
7604
-4132
-6174
-3255
-1501
4127
-1342
-4563
6275
-2083
8772
8981
6803
-1109
-8425
2439
-8736
4897
-307
-7804
-9958
9898
-5463
3791
-2665
-5466
4789
-5991
8254
5803
5598
-7373
2509
4488
488
-7115
2917
-6972
5426
-8265
-7105
4820
6726
4562
5397
-8555
9755
5588
-1975
7108
-7499
-2675
2938
-3694
923
-5234
-344
-5945
-1080
-8700
-8245
-2102
-1237
1098
5723
9433
6996
-6400
-8956
-7497
8209
7610
-3798
-3219
2849
-4929
-2107
8986
5137
9361
2750
-2635
1345
5116
3695
-8152
4913
-1205
-6673
9765
-7193
6492
1011
8138
2473
-816
-1415
5873
2035
3401
2972
1224
-3682
-6520
3063
9688
7401
1439
516
-9504
4388
5725
-2015
3045
-9467
-4724
3751
2975
5802
-4102
-7137
-9473
-1915
8253
4427
4041
-9021
-4263
-7060
2327
3746
-1782
-4671
-6867
-8394
3317
3424
5734
-8813
7505
6648
7374
-3785
-4959
7070
8684
8779
-9884
2805
2748
5872
-6985
4985
-9045
3647
-4841
-2676
2357
1272
9846
-2263
-6596
4315
6505
-5631
1064
799
-3937
-4473
7060
-6528
9675
-6980
3439
-2912
-4142
8376
6907
-7220
-4157
-9428
-3704
-7347
746
606
7064
687
4884
-3363
-3526
9875
3881
9027
4293
-6196
9907
1312
5057
6282
-7334
729
-1941
-8833
-579
5306
-652
-5602
-9718
-7893
-5052
-9886
3056
3178
9150
2502
-2797
-6367
-5884
-3464
-6276
-2585
4841
-2293
-8796
-5442
7289
-2461
1034
-7017
-5072
2287
5258
-5673
6641
-1625
-4551
4168
7585
-7037
-3481
4270
-6061
3742
423
-3571
-7683
-4989
4787
2631
-526
-7887
6305
-6128
400
9913
-6447
2320
-500
-9478
-8942
-115
-4444
-1966
7916
5091
-6200
-2514
7719
7054
-2444
-4527
4097
3690
-2183
8435
2101
2563
-9332
-5930
-2378
-3131
-4615
-1882
5485
-9101
-2206
2761
-2920
-314
479
-4527
-7841
7813
-5666
6120
-9716
-4984
-5014
-3347
7656
-2635
-5616
-4979
-9626
7984
-1974
-3613
-6215
3359
1968
410
409
8120
-5449
5571
713
178
-4139
-651
4260
8157
4030
-8383
2692
5034
-4517
-4045
-7200
9725
7454
8755
-1154
-5331
2330
-4170
1841
8985
7258
6192
-7763
-6593
-1155
-7037
4240
6223
-753
-9706
-2781
585
9919
-4326
6700
-1352
8619
7202
-74
-2116
-8560
-4792
-1305
328
8283
-9395
-8937
683
1351
-505
889
-5742
-7848
8854
1250
8137
740
3560
3842
3341
6749
-160
-9554
2000
-2651
3208
9064
-1894
-4244
-1094
5127
-6122
6297
-7795
-9951
-1060
-6788
9013
-1972
15
5122
6878
1639
-5386
-4567
2739
-8314
-6713
-470
-3111
-2707
6711
-3690
8630
-1766
2887
-1801
-239
-821
-9139
-958
1217
8176
-5110
-4536
519
-8572
6879
-2357
7412
-3256
4972
-4598
-6348
-4002
-2976
-1950
-663
-6768
7449
-8505
5727
7205
-8042
9253
6718
-5352
-5470
7823
-5027
-9724
7786
2062
4707
-6085
1611
-5112
-6246
9075
-1557
-7002
-2073
-5240
4604
9158
-9658
-1499
-9632
4918
8620
-1518
1319
-9425
-3566
-1117
-4214
700
-5137
9164
-2453
6244
2182
5668
-4433
-9184
-1390
962
9039
4318
852
2343
-6889
-4041
-6064
-5771
8618
-5751
-2454
-6764
4073
2698
-5170
-9831
-2504
-7158
1891
-2776
7850
952
1398
-8060
-1333
572
-1057
9804
-8168
1296
8767
4043
9459
-7570
3547
-6041
4453
-6915
9467
2932
3206
8511
1197
8356
721
-8726
9403
-321
-1651
-5743
1440
7613
2562
1332
-3369
-7444
-3587
-6491
-2919
-3234
5762
6624
-8736
-736
-3218
-2950
3958
8319
3131
9643
6203
6624
8842
20
4897
6481
-4603
-8046
-2629
-4
-2419
1164
-4694
3954
67
1824
-8489
-9295
7834
-1171
8788
2239
-3638
-9926
9037
-9793
-2707
-6235
-4146
172
-5996
-3349
-7671
8906
9387
2167
-2775
5747
361
-817
148
2846
9553
4686
888
3431
1156
5661
-8765
6525
-1322
-7438
6507
7506
7030
-706
3226
-8188
-9111
-13
-7774
-3701
5559
-2638
-3202
-8053
9978
3741
1984
5299
-4539
-2161
7117
-9027
-5633
-9269
3469
-7411
3728
-2256
-8595
6928
-1888
1019
-9814
6994
-5181
-4258
6470
8403
-4601
-2545
-7761
4983
-2414
2835
-9482
-5949
-5219
-4457
535
6248
8831
-2693
-3948
9643
4093
-9250
-8038
-8572
-5439
-940
9873
-803
-8828
2022
1423
-235
4223
9796
-819
-3117
-8128
-7173
1802
-4830
1619
-7904
-3676
-2172
3273
-5696
-9353
8485
7208
5058
371
-7609
-7208
-2402
-637
3356
1765
-5037
8441
9965
-2931
-1669
-4047
4880
8552
-9540
-3484
243
-3970
-7372
2477
5703
-3116
138
4378
285
-2022
-2750
-3433
-4102
-693
-850
-8765
7746
348
-4906
-4630
-9888
2296
9415
649
5676
-3236
-2693
4831
-2252
9801
-628
8520
-2858
7676
3535
-597
-7829
2052
-1733
-2120
-2158
-3842
-8037
5551
-4466
-2089
62
-5784
-9755
-7717
2697
8047
2893
8267
-3931
3148
-9222
-1206
-8660
6779
-6162
-9587
8440
-9952
-59
7309
6788
-456
1276
-7384
-3581
-7767
-3413
-2503
5200
-148
3594
2687
-775
7621
-3578
5933
4696
-1224
2421
3501
-7452
-1323
2316
-5688
-5019
7332
-1866
-8679
-8463
-5264
3824
-6001
-3707
-8698
-6516
8605
-8521
7567
8931
-8107
8787
-8522
-7334
-6052
-223
-9921
6948
-1064
5334
-5475
5336
-8464
-459
-3240
3240
-227
-169
4458
4181
-3193
-602
2901
-4853
6663
-9918
-6441
-3654
-8922
8133
1560
3413
7100
-6271
6599
3714
7978
-4208
-1502
4161
-6397
3629
-6759
5808
-5894
-9382
9568
4517
4938
-2019
-7233
-2669
-7507
-9656
300
4804
-3172
-993
-577
-7212
9575
-9752
886
2748
2961
-4870
641
980
-4079
260
2219
7843
-8635
-8338
-8351
-8135
1419
1283
-9110
-3822
6523
-1999
7672
8575
4485
-3592
-5035
1295
-5047
-3303
-2161
-5346
-2694
-2345
-860
9861
-5444
-206
-6097
7731
1808
171
9761
-4799
-1796
-3907
2221
-5682
-2980
2360
-3772
9090
-442
4053
9138
7686
8813
8195
8222
-8866
3381
-6549
7481
-901
-3509
7353
1783
-627
4194
-8408
5940
1138
-943
-9524
1396
-2475
-3647
6897
-4314
-4221
-5707
-4039
3854
-5838
-3830
-1297
1735
-1827
5199
8926
5902
-8760
-3452
7783
-4498
-2359
-4004
1585
6728
1996
-160
-4764
-2672
-922
4431
4788
-810
-5974
-2742
2329
1423
-8792
2046
-42
-4786
2018
8800
3960
-7343
-4183
-8270
2900
9943
-7082
-7368
1701
1516
-4001
453
-9987
-8762
3239
-1692
7403
-389
2587
-534
4332
-6573
-5424
3435
8016
-6217
8908
4147
3767
3229
-1544
-6177
-5803
4015
7572
3079
9324
-9419
-4246
-431
818
-6733
8818
-2526
-3327
2119
-6998
-4453
1633
3700
-1461
-1682
1164
6750
-9424
3900
-4894
-4314
1094
4214
-489
7145
8895
5439
1085
-1002
5212
-5080
8242
8000
-5457
-3544
-3082
1846
7203
8618
6226
-7375
3954
3335
-8164
4378
-2267
-2652
-7820
8488
-8283
2386
1562
6090
-2727
3608
1781
-8044
-192
-2362
9868
-3183
1341
1097
2509
-6124
5329
-2396
-1324
1240
-8474
6104
6766
9232
6260
-1711
-3336
3400
6865
-1919
-6050
-5834
782
-9932
5148
-5611
5873
9048
-7145
-2754
-9158
4687
-583
-382
7234
847
-6068
-7968
6971
-4517
-5053
-8232
6056
-2573
-1098
1067
2435
7808
-3870
2275
7432
-2868
311
-9242
2948
-6083
7795
-4526
-8000
-7080
2030
-5194
9707
3123
-5974
9958
2580
4193
7605
9362
-6095
2687
-7802
1555
-405
4457
-9080
-7618
4501
1936
-988
-8018
1902
-4861
-6875
-1724
4209
2866
8410
-8026
511
-229
8549
3393
-3027
-9503
-1361
7610
-9658
-571
-7524
-8272
-98
-5995
7927
-5966
-5603
4386
-7689
-6575
-9006
4928
2397
-2428
-4602
-3530
-8531
8523
70
4917
775
3520
2216
5388
-9839
806
4973
-7252
6695
4922
9514
6133
8635
6804
8291
-5366
2451
-3415
7371
6887
5612
968
3814
-8493
5164
2658
5482
-433
-3975
-1838
-8753
-2989
-2026
-3852
-7144
9322
-1460
2458
8448
-4965
-9622
-6031
1590
-835
9738
9312
-2361
-4404
8427
-3521
8642
-5205
7367
5634
4960
9193
-8685
1968
5828
-6942
5761
-4153
5113
-2916
999
-503
1127
-4930
-7070
2945
-6022
-6031
6811
-8863
8957
1379
-4818
-2314
-5969
-5971
1937
-3174
7824
3007
945
4500
-1225
-9201
3162
1196
-8666
-6033
2279
-4001
369
-9008
-8528
-8415
2401
-7660
-3566
-5844
-1939
-6631
2234
2701
-4868
4327
9199
5904
3294
-2594
-4288
1022
-4279
4098
-1293
-7196
6948
-3124
-6153
-8751
7942
4469
7753
-5216
7855
1633
-9139
-1595
5772
9731
-8696
1289
-4073
-9225
474
-1067
-7191
3380
-1312
-1356
-4341
-1699
8737
3805
-3717
-136
6555
9318
3738
2319
-5986
7185
2201
-7577
3394
4473
-3195
4123
496
8185
-4938
4349
-7724
305
-8428
4010
7910
-4925
-5919
2524
8565
-2475
-8847
-1268
826
-7948
7628
-8581
-7895
-1073
-9771
-3241
8562
-6012
-4090
-3288
-9860
6284
8613
9988
-5190
-6328
-8060
1464
9782
5495
-8839
4688
2149
5812
-9181
5271
-2901
-3793
-5732
-4535
-754
4237
-4554
1561
5305
-2432
-5589
2012
9075
388
-2616
-5065
8687
3415
9190
-3003
-6396
-2821
-4885
-8754
-136
-6425
-1217
-3411
-6626
-734
3258
-6435
-5048
7146
3762
8251
-8461
5438
-6253
4542
-879
4215
6906
-9548
-5960
-4966
8385
5085
5924
8543
-6806
9349
-8817
-6690
4120
-3068
-8271
-9597
-4174
4930
2241
-1493
7596
861
2823
-3233
-8637
7951
3701
8323
-9945
-1408
-7303
6915
-8085
-9993
-802
-9235
2048
8506
5594
-4904
-1644
4864
5816
1958
3843
9798
7718
4356
9010
-2370
-5301
-9693
-3898
5278
-2744
7155
-8139
-3934
-1201
-136
5268
8054
-2576
6708
3084
9889
6504
-8958
2482
2495
291
-1744
-8102
-7840
2277
774
5706
-4950
7019
-77
1184
-3070
-9740
5031
6544
6947
-946
4146
5978
162
-4528
5146
-2430
-8260
-2762
6963
2707
513
8259
8750
-3842
7308
2494
694
8620
-886
2831
-325
4244
-9236
-4239
6757
-7546
-7962
7328
8099
2290
-547
-6496
6744
2956
279
6855
-2165
4075
-378
-566
-3110
2369
3948
1483
-7823
-6260
-5816
-2251
6710
8690
5421
7944
6076
-2615
7906
-5015
-1606
5093
-4826
2050
-9701
-4001
-2224
2649
5245
8630
4649
-6381
-7170
-9730
-7485
7031
3619
-5157
2859
9636
-825
9997
-8391
-7935
857
-2862
-3641
6988
9687
679
7298
-4291
4416
-35
7343
4882
-7515
-8688
-9352
-5890
2841
8096
-9502
8055
2307
-6672
-5539
883
-2627
5709
5463
6356
1252
-8956
1628
-1922
4989
-1518
5484
-9715
-5656
-7555
6013
-7860
-983
7167
-122
4738
7632
8879
9240
2045
-4468
-5352
-754
-7416
6163
-9545
3484
3255
-5793
5616
9017
-8570
-3917
-9933
-539
-6530
7648
8710
4097
-712
2209
558
-6139
-2701
5554
1225
8288
-5092
9008
4582
1520
7383
8466
7913
-6530
7795
5241
3933
6073
3804
5780
-2606
-1038
-4717
-3579
1392
-4226
9681
-8761
-7377
-9754
3158
879
-8668
-2313
3488
-2085
-2219
-2540
7595
4971
-5939
-1631
6134
-2087
-1957
-4510
3545
-3830
-3763
6893
-8027
-3416
4406
-8470
2008
7470
7575
-5679
7446
4162
9564
-7751
7275
172
8887
-7722
5079
-4885
3556
-5670
391
-8639
211
-8662
-22
-1997
5548
8383
-3645
5677
8794
-6963
-6989
-7437
564
-7361
-8445
4239
-2588
9964
-482
-5149
6811
5678
-6029
2992
5342
6770
2042
-9115
-7553
-552
7254
-1224
-7039
3380
4830
-4578
-2438
4949
-1809
6806
-1423
-9735
-357
7599
-8972
3716
-4369
-8438
-6865
5365
3999
-4936
-6282
-8391
-8387
6090
-6948
4898
9967
-8297
-5781
-2097
3343
2826
-2131
8901
3222
-663
881
8306
-4919
-7213
7788
-5187
9245
-5897
10000
-2890
992
-5005
671
2302
-9952
728
5525
-9239
-1186
9857
-9595
-4511
-5212
316
-468
4204
8322
-2423
3493
-6476
-4864
-5505
-1337
92
158
9087
-6544
-8681
-9294
-8855
-2569
1330
2662
-3068
-2094
4430
-9186
-5054
-3326
-4269
-729
-429
-2478
276
-4502
-2939
-529
-9433
7144
3582
2723
-7186
-8105
-4629
9315
-9101
4013
-5717
-7954
-1128
3338
-8213
3983
-9175
-1684
1968
-3424
-549
96
-8363
5405
-3559
-8624
7871
1418
-7919
9361
-871
-8016
-3694
9281
-3983
-4919
-9998
-8272
-6498
-562
4191
7739
6792
-5005
5912
-1732
-9851
3697
211
8858
6950
1547
5529
-3929
7327
96
-6665
7739
2235
3719
6820
-2342
-9280
9569
2315
-7003
4455
1703
4447
-8714
7567
9005
5167
2343
-2052
-6258
4859
-9608
3036
-8768
-7388
-3896
-6387
-8143
-9333
-6189
654
-8350
-395
4199
-8276
7717
-3002
7122
7252
-2004
5080
2996
-1087
1525
8190
-8921
9990
-6365
394
8731
-3525
364
931
-3851
7375
3666
-4064
-27
2203
5092
9893
-1662
-4410
-9231
-5410
-3816
4552
6954
-2000
6075
9031
4565
-5800
3908
2699
-2751
-7422
7449
-6998
-1116
9652
1893
5075
8004
-9204
-4039
-1600
3175
-1862
2332
4946
9343
312
2355
3407
6329
-5517
-9640
-1970
-1519
3045
-976
-5641
-4401
-3431
-9765
-7474
3781
-7491
-9854
-9359
4150
-4383
3097
2143
-5509
-1469
8093
-4067
-5220
-5796
-1342
-2552
8475
3866
-2827
-4823
-534
-1718
-2938
949
-9349
-5165
6610
-5864
8928
1884
-5542
-8872
-7498
3519
-2117
-5129
-2032
-9964
1937
-7274
-9591
8776
-5611
-1219
-9193
-8691
-6632
8993
2684
-2260
6588
3929
9267
8687
-4977
-9933
2862
-4113
2024
-673
-8159
-9488
2545
8623
-9422
7902
-6141
-8333
-3395
8537
3904
-4910
5901
-2662
4426
-1668
6459
-8998
-8373
3014
4672
878
7175
-889
-6902
-7491
1028
7552
-8077
4807
1835
-6808
9809
9315
4810
-7285
-618
4017
6361
-7926
-3086
7301
1582
833
-7652
8171
-1104
6282
7997
-417
-7152
-9194
9114
6730
820
6773
-2322
-1484
-104
9630
5755
9997
4741
2711
9973
-5955
3805
4087
-168
-1812
597
-6214
-6741
-3482
-6398
3463
-4539
-3531
-2459
-6858
7584
817
3589
-7449
1343
1335
-3085
7164
5479
8597
2586
-9273
2968
-989
3277
-3041
688
-4122
-3597
1410
1826
5987
7935
5523
1521
-2143
-9714
-31
-3245
4642
-3576
-6829
-2705
2449
5903
2927
-6291
-5110
-1149
7072
8298
-4076
-2610
4415
-1654
2326
-6049
-9974
-5961
5100
91
9443
1410
2182
-8533
832
5389
1172
-1378
5584
5948
7590
-4375
2182
783
-8118
-2656
-3090
9525
-4419
6480
-2052
-7995
7754
3205
138
-4143
3907
-5123
6474
-3420
-5180
4712
-961
6124
3386
3467
-3644
1788
3228
6613
5444
6070
-9025
-9994
7675
2918
-943
-1401
-3277
-4729
-7575
9453
-7652
-8410
-5557
132
9925
-2665
-7025
-7010
-2710
-7415
-8404
6879
5299
-393
8450
6385
-7453
2249
-3214
4776
9781
2702
-2878
582
5142
4983
3716
-1340
-6690
2895
1844
3981
-2654
3792
3280
-9320
8319
-6639
-1344
-2568
3328
-6778
5722
-3730
7068
-2024
7743
-6742
5576
6397
3973
-5871
-8530
3173
4596
7506
-3139
3898
6235
-385
4800
-7887
4367
-2527
1350
4390
6359
161
-5693
-9561
7140
1129
2144
-4404
1363
-1994
997
-6378
5996
-7187
-8467
-9063
-2984
-2842
1021
-193
-1068
2650
8035
-3623
-118
5420
2511
4256
7101
8398
-8524
4180
-2077
5145
-253
-5591
2831
-8207
-4632
-1495
3887
-2668
36
-4054
-1417
9455
-3397
14
3694
1647
-8149
6345
2623
-6288
-54
-5210
-9476
-2063
-1060
4981
9283
360
5486
8816
175
7574
-2450
4850
9936
7236
-2474
-1568
4599
-8543
2534
-445
-5501
8089
2690
3728
7191
3119
-6410
-2379
6631
8298
7776
-2690
1157
976
-7942
-1207
1163
-6011
49
3820
6264
-4645
1398
-6150
-4564
4745
-2993
3328
-9132
732
4962
437
8194
0
101
-4196
626
2987
37
-3904
-9868
4916
-3579
-5780
2343
8005
3604
-6167
-7560
-3803
4653
-735
-5489
-1328
-2294
1898
1307
8531
4311
-7784
1713
2020
3868
8838
8604
8795
-9721
-5969
-9479
4148
1229
-8306
2337
617
-1427
8446
8895
9682
-7636
2995
-9705
3204
-868
543
7717
1823
3696
-899
-8661
-3541
9390
-1932
-5846
3512
8393
5541
4849
2531
554
-6287
-3492
-682
-5763
692
-2939
509
8596
-3915
-4401
-3206
-8389
-5575
-8672
8759
8568
-9123
7263
8306
-8270
9064
-9928
-8090
-9669
7524
7282
-2741
-6946
3401
-7319
1640
-5424
-1629
8956
2866
-1011
2113
7766
-8570
5339
2951
3024
-5794
4703
4824
-6745
207
-6521
-398
-9183
4231
8957
-9063
-2932
-2598
-1935
8769
-6756
216
-3600
6474
7734
5797
3307
938
1796
-1386
4595
9662
-9064
1429
2570
-7583
4786
2558
4344
6345
-9621
-6494
3495
3074
-7897
-3711
-8442
-9549
4490
659
-3653
-6795
4785
1861
573
-7746
-2156
2651
-3989
9579
-5225
-9920
-1164
-4181
2016
6711
6600
-4638
1375
-9294
9325
9225
2629
-4467
8317
9406
6332
-8832
112
590
9356
-4160
-9142
800
-6714
4425
9760
9345
9292
2317
8042
2622
4090
5429
7134
-5190
3183
5878
966
-8807
6263
1861
3788
7667
-4921
3876
7549
-3956
-9601
-3943
9479
-9145
7216
158
-3314
-6019
4854
655
4256
8253
1116
-5669
2537
8182
1084
1008
-5791
2763
-4040
-4847
6799
7839
-8765
-3744
1317
-5252
5960
-4847
549
-8633
-3699
-8956
452
-5901
-4945
2933
8740
6561
3083
-6719
7444
-9962
-6639
-4967
6181
842
-640
-2147
-6829
-4951
5419
9201
-8752
-80
-997
2399
6675
708
-3485
5466
2879
-3694
6772
9468
3711
1595
-5101
-7686
3324
2774
7973
3975
-6062
-4973
2881
-1952
-2421
-8061
1350
511
2127
-8727
7502
5029
3912
119
-9466
4614
-5722
8759
8171
5671
8497
-3953
-8714
-5363
-3236
-537
-3664
5930
4196
5212
-2182
5038
6495
-9921
6136
408
-1643
-3160
-9077
-4163
4015
7742
-1463
-9476
-3211
5826
1011
-1002
-1746
-4680
6379
-9423
-5093
-9126
1016
6767
3799
-594
9212
-548
1486
8877
4731
-3181
-5003
9714
3194
3347
-3472
7266
-5972
4110
-1782
4158
-1616
-9064
8568
9871
8707
6470
-1712
7140
-8238
4621
3874
4599
6430
104
-5025
-2013
-7851
1312
9518
6367
2778
2588
-1186
-9550
-9150
-1297
-1892
-3981
-8117
8822
-9017
473
-2928
3539
703
-3460
833
3952
-5788
-9084
-851
-1214
-4449
-6720
-4294
-6660
-6681
-5603
6706
-5031
-7381
7960
-7193
-4234
-8568
1950
-8343
-8799
-4221
-1076
978
-6766
629
-6799
-4544
1766
9094
8362
271
521
-4237
-3015
2404
-352
-6429
-2456
4573
1794
1608
-4296
-3142
-1100
-7012
-1823
4357
-7272
-5804
-8218
-3418
-414
8763
-9279
-7558
-4034
-7025
-3104
3427
8079
8530
3594
-9566
-4726
-8195
-5391
172
-8069
3437
3122
-5757
8438
7960
934
-3576
6217
5006
-1951
5435
662
2196
5016
-6131
-4183
8228
-6958
3405
5360
1983
-2946
5569
-3464
-5505
-1711
8937
-4470
-3564
-4266
1678
5446
5374
1976
-9759
-9139
-224
9942
-2818
9754
8782
722
-1931
1302
-7548
1366
8782
-3985
6265
-5702
8539
-6821
6666
6899
6140
-7937
9161
6593
1169
-6407
-9524
-7085
-8426
7870
4182
9888
-1731
-3012
-269
-938
-8697
2525
-4199
2817
-4098
3715
-6955
2823
-7146
-2418
3351
-4946
-2421
4403
-9956
5770
-1717
8944
7793
-8668
-945
3472
3334
4802
-137
9305
-1965
9992
-7202
845
3843
-7158
-2254
-878
-5050
808
541
-4744
-4687
-1213
-5194
-7967
822
-3648
295
-2756
4601
221
3713
-92
-2566
6814
2529
5171
-3372
9819
3327
6667
-9345
-8317
6777
2310
3415
-4149
9793
-7485
-9688
-2600
-5116
-7129
1889
1979
-570
-8459
-106
6347
9301
1295
9942
162
2035
-252
5384
-3290
9823
-5700
-6511
-4187
-4029
543
8555
1061
-4206
538
943
6486
8290
-22
-8050
1929
6775
-8128
-8037
-8965
402
-5885
-4552
-381
9605
4162
9261
-2453
-1945
6658
-4578
-5757
476
8535
7401
644
-7033
537
2895
-6077
-1334
-3815
6626
4439
5462
-6234
-2405
3358
-2651
-6389
-2382
289
-3180
5086
-9967
-3113
-2481
-6115
-2700
7225
-7785
-9073
4139
-4946
3709
-4162
-2219
6911
-5795
6289
2940
6143
-1018
9047
-160
-2528
-8562
9750
6897
-1041
2034
-2834
3521
-2900
-4521
232
-2518
-4208
-9546
9883
-6080
741
1114
-3332
2170
896
-6050
-1011
9671
1020
-8903
1003
3886
2530
-2320
-85
-1679
-7954
-8640
-1508
1307
7271
8066
-7155
-1871
441
-5648
8821
-29
3712
8628
-7342
4280
4599
-6225
1523
8652
-7028
-5123
-6187
-5594
634
2726
4185
1963
-7218
8971
8351
-6021
4200
-9425
-2631
7882
-4202
-9235
-7134
1549
1437
-7792
-9244
-9103
7642
2066
7414
1391
-6619
7947
-5548
-4708
1061
86
3490
2477
2329
-8815
-1622
8343
-1478
8706
5879
9228
8241
2001
-442
-6776
218
-8822
-8745
8259
-8629
3125
5788
-1565
-6375
-4496
7074
8737
-3683
4651
-3181
-5564
-3345
-6730
-5941
9694
-4792
-474
-8961
4943
9834
-9902
-3955
-2627
9438
2204
-419
6072
-3510
4462
8616
9356
1207
9025
1170
9478
-6803
7302
-6227
-8493
-1579
-5922
4960
7408
1496
-7191
8405
-5721
9754
-5287
3077
-960
290
8300
2613
-659
-1455
-1416
-3042
7224
-718
610
-5294
2739
6115
1858
-4101
-8051
4099
2413
-9602
-2495
-8888
-1032
-4913
-5309
3352
-7919
4712
-416
-1472
-1117
-6085
-3167
8048
8744
-109
-5891
1144
6460
6746
-4145
3210
425
-9961
-45
-8841
-9854
-4214
7510
6945
9598
7230
-4932
-9242
492
2294
-323
-2858
-4358
5404
9468
2990
6703
387
-5951
2440
-2593
-7166
-9159
3143
3114
-3049
-8962
64
-4142
-1909
-3793
6545
-8148
6996
-1815
-7954
-6483
8624
3494
-9138
8544
6832
1950
-9010
3868
4214
-8731
-6060
-7120
-3590
-5673
5096
-5825
-5200
3513
3521
-2065
-3928
5059
-2337
7200
-326
-6850
-8856
6393
-6976
-7580
-6880
-2263
-4258
-7383
1500
3385
2535
-3817
-8298
9876
-5268
-3643
-5336
4939
7695
638
5230
2905
9349
3706
1737
4401
-8718
331
-6588
-5433
-32
-8951
-2566
-3117
1353
2215
6050
-3819
1579
1245
2472
-2450
-2256
-7574
1328
-4479
8104
-278
9438
-3813
-8308
3530
6839
1559
-3942
-3146
3123
9984
4547
4019
-5825
-4758
1298
592
9885
8544
-6721
-879
-1494
6383
-9572
-9702
2606
7083
-9352
8596
-29
-4948
7538
641
9220
7120
-629
-9666
2893
4944
-5804
4910
2266
-2082
-5457
5517
2357
4287
-1247
5944
2285
-1455
3728
4639
808
5674
-8213
3907
3532
3050
-8357
-2753
2393
6621
1727
-2919
-8822
-9584
-8932
3101
3277
3334
4656
9970
-7112
923
9024
6058
9598
-8067
1574
1834
2919
318
-3403
-9099
-1542
1849
-7499
6571
7438
-9509
-4779
-8540
-7056
4057
-2233
1006
6488
-6280
-8529
393
-9321
8023
6032
-7965
-1804
-1810
-1277
9350
145
-222
9496
6958
-8146
3338
9194
-7103
-9052
5154
8199
9030
2775
-9133
3735
9767
-2721
-3782
-9185
721
-3928
8619
-7205
-9796
6775
7895
1807
8366
3392
3733
-1488
3084
-410
2793
7956
-6055
2566
-6513
1635
3228
6919
-3796
1670
5563
346
-9504
6026
4704
8904
7810
-2678
-7893
9581
8842
8135
349
-6577
1711
-2606
3932
-4157
-2045
-593
-377
1473
5056
-6111
-3050
-3006
9946
-5985
-5405
8664
-5446
-4006
-5083
-5198
-479
-5782
-8275
-3004
1586
-2534
-4807
-9141
-4105
-2328
3829
4718
9832
-6636
6482
5593
1824
-2793
-4531
761
1874
2957
-6452
-9268
-7850
2924
-2651
754
7673
-5856
-5477
4687
-9509
6455
-4043
-4374
2177
-1789
-8094
2714
2632
-997
182
-442
-7407
-6359
-9072
-6997
6835
-3850
863
5139
-289
-8973
66
-4926
9580
-400
-2052
-3198
-8630
1226
-7493
-878
1338
880
-5108
7511
1911
4316
638
182
485
-3813
3255
-1252
5931
1195
7344
1566
-8299
-6638
4786
4638
-7393
-9468
9264
2329
-5050
1430
8319
-4658
-3979
-1932
6947
8552
5849
-7981
1046
-6814
-1112
-8453
-6569
7338
-870
-2477
-9336
-1954
-8037
7668
2616
1005
8813
6350
1011
-6889
8509
343
-3123
3297
-6631
-9364
1847
4454
2907
-8516
-372
-9279
-6764
-7412
6350
3154
1852
-6911
-7684
-8657
-4541
-6268
1027
-9327
1705
-4312
-3155
-4268
-1180
-6374
2435
-5967
6502
-4285
889
-9403
-6312
-8862
-4981
-5966
-9852
-5465
1355
-1139
-9871
-764
-4566
3587
3391
3491
4565
825
9040
2206
-4368
5023
1902
-1202
6481
-1035
9048
-1407
8391
6482
952
8826
8661
947
7706
-2679
3856
-8406
-4232
4814
4146
1263
-6691
8727
-3042
7056
5399
4900
707
5562
-7528
-5741
6116
-4612
-9831
3503
-3355
-8838
-4839
1146
3420
334
9494
6777
-9090
4886
-5222
2784
-2439
9661
3792
7436
-5913
5838
-6583
8336
443
5780
-2683
7133
7677
5824
5635
-8351
-3611
1673
7464
-6886
7244
9821
7818
7814
4439
-1476
-9195
8507
-5057
-3485
-767
-3058
-3230
-3361
-6464
-6353
598
-8579
-3189
-4541
-9241
4563
9872
-9372
8898
-2156
-141
-364
-9325
-3849
-565
-1734
-5338
5726
3724
-3522
-4720
970
-1878
4006
6362
-7546
3288
5714
8938
9991
-8431
9708
8289
9688
9585
-3005
-9899
9710
-3170
-9562
7364
8974
-4950
3021
7594
-7063
-3697
3249
-8875
5857
6427
-7634
-294
-7227
2625
-9654
4070
-5606
1754
-6660
8729
-5168
4470
-647
-3329
5279
4260
5153
-1532
-8908
5465
3558
6500
-92
-7566
1940
1980
-3906
-7432
-9930
9658
8754
-7396
-7196
1310
-1847
6447
-1126
-6094
-2039
-7742
-9775
3133
-7504
-3554
7843
158
-2233
1157
-1205
4330
-3340
-6949
-2642
5633
6487
2327
-1326
7630
-2655
-2278
-8394
-421
1825
3718
97
-7563
2194
-8127
8093
52
3181
-26
-2154
-5463
-7122
-9987
4106
-1043
-9681
-1533
1335
810
-1693
-9410
5257
-4686
-8324
3754
-1203
-5281
-856
-2548
8939
-8565
-448
853
-2009
2928
-7781
-8996
-7167
-8212
-200
-5074
-4531
-2874
268
-6933
4393
-6035
804
-160
-5641
-3453
8872
-4278
6646
1780
-6957
-8130
3807
9272
8702
268
-4808
7753
-9083
-4458
-7523
5305
405
9831
-9328
8206
4785
-8134
-2149
-4112
177
-9276
-5518
-4521
4422
-3732
-9291
9331
1256
-767
4016
-3751
-5296
1749
2592
9636
-3579
-4996
7991
-7987
-7611
9521
8679
5205
4974
3100
4876
-6632
3752
6744
-2695
9482
-6123
-2467
-9211
-2436
7439
1229
-5261
8077
249
-856
4881
-470
3009
-3391
-2784
4985
7114
-698
-6569
3022
-1048
-4993
-6103
9993
3208
-4742
-9687
-8246
-6344
-5858
292
1901
3716
-9081
618
4016
3038
-4190
4558
9234
5225
8749
-1026
6661
3062
-1175
-2189
4543
-4667
8631
7711
8275
-9114
767
5124
3539
4974
-3639
-5937
-9349
3808
161
-4139
5193
8630
-5235
401
6033
-9805
-1665
2593
3263
3683
8696
2618
580
-4578
2030
6664
-9982
3434
-9536
-7448
-8348
-9398
8912
4877
-4071
-997
7106
-2781
-3400
-718
8298
7084
-9933
5600
-8640
3532
-9701
-4842
2068
8873
3471
5707
7765
7540
3030
9180
7076
-148
-7200
-5286
8707
5708
-9084
6639
5718
-923
2739
-8818
3991
-4062
-4921
-1437
-4570
-9684
-2615
1421
-5761
-1273
-65
5825
-7700
9466
-9940
-2431
-4066
-2719
5490
4236
6352
-9952
5009
-8004
-2672
8899
-2718
5313
-4626
-3422
6425
-2524
4788
-3367
-4389
1686
-6146
-347
6986
6562
-4941
-6622
-4561
7469
1671
22
-905
-8405
7675
-1438
-8127
7735
-6179
-1562
176
5331
5064
-6000
1421
2879
-735
-6235
6090
1451
2545
3413
4063
-9824
-7507
4880
-2488
-6411
2165
-227
-125
6679
-1888
4006
-2430
6843
368
-8263
9222
9528
7125
3838
-1413
5876
-3151
3526
-317
-5228
3022
-1872
7762
2415
-3969
-6827
4124
-6518
-6634
-3631
9101
-4072
8259
1575
4370
-5194
5610
-3034
-5213
6305
-8137
2619
4859
4504
6393
8497
-4486
5815
-3706
2755
-8103
8321
3342
-2242
6151
3263
-1468
3134
371
-9042
8418
7375
-494
-7808
9285
9502
-83
-9331
-8067
-319
-8183
8781
-5026
-4511
-6649
9588
-9664
-9169
9783
669
928
8166
-4074
-4826
9629
-4108
5434
-6410
1686
-8227
-1892
7759
-4692
-5106
-1873
7233
9161
8180
7779
-9494
5252
-6355
7594
2678
7372
-924
-4395
9138
-975
-7485
-4754
9211
-2575
5777
-1411
-7368
8281
-5108
2421
-462
-6122
-3212
-1329
2923
-2720
2572
-7874
6878
2570
191
9101
7385
-622
-1900
2570
-2971
8066
1201
3507
-8204
2099
1483
-1575
-42
-3157
-7307
-10
-1651
-1343
9124
7837
5848
-2390
6962
8649
9838
6230
-8286
207
7460
10
-6862
10000
-7584
-5694
-9709
1614
4296
-4883
2572
8450
-6253
1576
-4453
9568
9087
5259
-3035
-1962
7405
-6076
-1723
-6950
2832
-2972
5477
-9401
-1295
-9165
8894
-7985
6302
-9301
8570
-3732
-2150
-1901
7510
-8816
-2197
9013
-6107
-7272
-3029
-6064
-5114
-6554
6311
-9626
2103
6001
-5390
8307
9835
7632
6862
4387
4195
95
6766
-109
-1958
-4549
-9095
-7808
-6105
-6330
8090
-9163
-8529
988
4184
3372
-4381
-1144
-3412
-3606
-9886
2918
5834
-7757
-6134
813
-4068
5458
-5136
-9080
6331
-8745
6824
-2847
1436
-4618
1270
7406
3824
1241
-4893
-5255
-7489
5745
-5418
4170
1432
-1950
-9336
-5705
-2077
3959
-3138
2147
-1709
-5760
1109
-2963
6758
824
-7110
-1388
7455
4744
-9506
8950
7393
-9606
-1232
5074
4981
-4432
-8058
-6709
-6336
9133
6688
4985
7775
9963
-7394
-1490
9488
9595
8492
-8069
-8459
2536
6703
-7350
-6043
-8543
-2099
-3971
-1380
-3692
-9187
3857
4544
-7802
-9794
1059
785
3153
-1685
-4330
-1201
1790
-8057
-3119
1982
8316
-7330
-3328
-298
5577
-7176
-4714
2986
8989
6319
-1373
-3379
-5284
939
985
6236
-335
-8159
-9002
-9584
-7844
1686
848
-7654
-2317
-9462
466
-2011
-8541
4845
-8290
-3280
-8135
-7899
9504
7273
-2813
-3396
3226
6290
6420
6534
-9844
-1618
8861
-3060
8477
-5552
-9016
4271
1577
-5949
-1826
-4548
-6483
5304
-3334
797
5089
5227
-7714
7360
-2347
8748
-1971
-8981
7452
-3590
3155
-4903
-9943
5212
8661
-6735
1451
-398
7355
-9944
7374
9684
-9136
2086
-390
-325
7300
-9039
1946
9010
-585
4057
5031
3605
-9614
-5726
-9371
1113
-352
9413
-257
9326
-8033
-7939
-1314
7904
-1926
9548
-8378
569
662
3316
-1009
-8968
-5458
7448
-9516
5560
9540
2328
-516
-7144
8306
-1768
-3984
2981
3372
-3279
-37
3692
-7287
-6569
9287
3909
7458
-3148
8431
-1842
1964
-8454
-683
-3978
-7125
-6499
4036
4283
1197
-3122
9488
3914
5479
3994
7730
-3551
7626
-7393
4534
9862
5743
8207
9309
9974
1983
-387
-606
-5121
-6753
3305
8953
-3965
-9452
9927
-6136
-3942
3862
-6743
5913
3009
5462
-5517
-9933
-3727
920
8684
7678
4949
2604
6831
-6858
1530
675
1901
1408
7769
-2344
-3090
-2337
1946
-3527
2548
-2065
-9642
-6925
-8391
6133
-4243
9031
2325
3531
-4625
-7244
-9464
7308
1023
-6577
9331
-7678
-8389
-8090
-5848
-2222
8411
-2338
5218
3553
6230
502
1297
4280
-4457
1505
3658
3470
-1526
4737
-9734
9999
-9860
7641
-7631
2255
1587
-3067
-1634
6228
-3613
-5462
-6846
-7031
-9879
-8706
2460
3811
1102
2897
-154
4047
1385
6130
5052
8472
6270
4380
1548
9879
-9226
320
-2822
2319
-3693
5949
-9647
-8235
-3031
-8169
-3926
5441
-5105
-8856
-4359
-2359
-2717
2940
-3901
-1047
-9655
7274
3569
-5232
-9928
2554
6847
4575
6909
-4115
-5170
1476
-279
5239
-5242
9979
-7267
-466
4835
3779
9077
-3671
2672
554
1291
9130
1738
-9821
7293
6862
-3030
9839
-6960
-5492
9293
9107
8158
-7078
-3999
2022
-7835
-6823
-6355
-2679
-8278
-3725
-4999
3034
7825
-5769
1624
-4438
-8365
4188
-4882
3545
-8075
-8595
-3288
-1207
7889
-4341
-4725
4121
2815
-7901
4062
5742
-2113
5236
-8649
4709
-2852
-320
-7239
9970
7959
-7620
1742
-1723
6171
435
-6707
472
-9521
-6680
-9608
-8212
-2931
-1001
9775
-8645
-654
2369
1361
8662
-1510
-96
5414
9379
-9865
2603
-9485
3824
-4430
6680
9269
-1793
-6167
-782
2765
-3391
1982
-4291
4095
-7823
-5167
9241
-5581
7838
-1211
1249
6755
5119
-4882
-6788
5127
1703
-295
-597
-8203
9741
-725
2496
-2844
8859
-3918
3643
-9948
-8370
-1278
1957
-3052
-3375
-8350
-516
9807
3052
-9384
4195
-3295
-7293
5389
-740
7070
4508
1798
-7690
6998
-5940
7061
8925
5934
-8340
7257
1561
1995
-4133
-5881
-838
9707
-6211
1952
5969
314
3400
-1000
-7086
-2835
-7300
4413
-8364
2946
-330
-1020
9412
2117
-4525
3795
579
-656
654
-2226
-1050
4042
4054
-4666
8390
9036
55
-1233
-8651
-4942
9943
-290
8660
1061
9413
-5433
7968
1687
-7997
167
-4296
-9397
-4239
-7828
6125
6808
339
7735
168
8230
3587
9934
-9969
-5217
6035
-1418
4315
-7475
-2774
-1799
7172
4224
8471
-8418
-4665
-8526
9426
-4140
-1117
1903
5874
-9286
1607
6890
-8725
-8708
1581
-7423
-5105
-8738
896
-9111
-4857
5492
9735
-3839
3166
-3622
-4685
3041
5959
1937
6533
-696
9504
2345
2805
5535
4409
5556
9896
3355
1275
-9555
-1902
1670
4835
-4741
1453
-3930
-8212
-7836
3467
-6028
-3130
-8156
2684
-573
-9718
-3255
-9841
1243
7968
-5709
9415
3512
-2876
9853
-6633
8637
-4491
-4631
6649
-3084
-3259
9640
2494
7042
2545
1473
-9798
-8365
1470
5533
7209
9177
6693
1917
819
-9315
2
-9561
6929
-5368
-2818
-2763
-3386
630
-6684
8712
1942
-928
8428
7110
-1233
1959
-3481
6449
-7885
6694
-6846
-6471
-7537
-6615
-8125
4378
-9082
3782
-2551
7884
-9376
-2459
-2360
-8127
6264
-1402
-8459
-3016
1275
257
4905
9972
-4210
5789
71
-7421
4220
210
6304
-6771
9468
-205
2964
9891
-5925
-1908
-2133
6532
-6653
4227
-3856
5388
-219
-2006
-6381
-2971
-4867
4165
6261
-5420
5746
-3072
-6757
-9842
-2064
-3190
-4443
7136
3560
-5804
-82
-3326
4406
7228
8997
-6778
9668
-6315
6780
-7300
1914
7672
-1935
4619
-8167
6353
-1126
-8893
5519
-4772
329
8201
9164
-9883
-3753
3881
2631
3171
9501
5385
-9414
8459
-6891
-3695
-9260
4598
8660
2580
1551
-2017
-1790
-8064
-375
1537
8019
9949
1038
1689
-5298
-6016
-1558
1110
-1462
-1617
-5736
4729
440
5311
3453
4027
-7873
-9832
-1984
-1448
6753
3345
-183
3926
5336
-7382
9995
380
-3399
-5183
2941
-1656
-2977
63
-770
8974
-2533
-877
-103
-1693
5745
1331
2573
2409
3811
2369
-129
221
-3825
2257
-837
-5136
-6414
-100
9554
-2495
-5174
-8836
286
3247
-8112
-3348
5194
162
-247
-2178
-5544
35
8918
-454
4771
9286
8242
-9593
1076
6911
1064
-9375
-3703
1379
2898
8456
2930
-9345
2509
9616
6917
-2210
513
-1094
4216
-2646
1993
5993
-8226
-8498
4601
5584
357
-6898
2828
-2551
1997
-79
-5917
-5691
3775
-7011
8230
-8878
4735
-7493
6933
-3758
6403
-98
5928
5505
-5427
4793
-1778
-3737
4658
5269
-7540
2518
2282
-6929
-9937
371
195
-5817
-4661
3630
4986
4560
-9428
-2347
9765
-3317
-8860
-8481
-2870
-2415
-4184
5137
7896
-3839
-5682
-2895
3782
-6036
6480
-8114
-2449
-3008
-2364
988
-76
6716
-5418
7673
-4404
-4335
-3496
5824
-7441
8337
3389
-8892
9228
-962
9573
-8362
6446
1442
-6089
-6557
-4267
-3688
3868
1461
7016
8537
5303
2055
5177
1832
8775
8418
3512
5389
-5682
7203
-1751
4350
1741
4758
-7109
-7076
3190
1302
5462
6631
1935
405
-6529
-1406
2769
-7764
-4810
5454
2225
-5004
-822
1397
-7001
-110
-9827
6682
-6801
2541
-4374
-6895
9121
6886
8997
-9911
3201
1756
-371
-5639
-9415
1579
5193
1781
9036
8728
-8189
8182
6035
-8002
119
9037
6639
-8863
-1796
4422
-8319
-6468
380
-2960
8725
8010
320
-3560
7441
8305
3253
-4316
-2041
2038
-3437
-9803
-5623
-1766
-2709
-2348
-2007
-9513
7076
9706
-4450
9362
-5057
-5562
8828
-7575
-5921
7690
7919
-3117
3517
6944
-550
8664
6154
6464
-3702
-7149
5443
-141
2117
4688
-8015
-1415
-5910
1669
8746
-1381
2481
-3857
9038
-5784
-1200
8234
4412
-9395
3614
-7831
2117
-5273
-9175
4883
4915
-2864
7883
4112
5289
8178
-9179
-2648
-2910
-5569
-2311
6914
-126
-4347
-6800
8247
6144
-8439
-5861
9304
-830
3863
9908
1170
-4680
-9721
-9928
9043
-127
8579
809
1844
8318
-888
-7257
-1031
5054
-6043
2993
3464
5352
-1692
-8358
6472
8603
82
7565
-7383
1353
2016
-1901
9413
-9029
9682
5257
-5701
3962
8269
1283
-7040
7756
-8230
-763
1298
-3942
7050
-4060
9418
9401
-1848
7928
-4875
-7590
-1537
8092
-8779
-611
8735
4144
-2664
5174
3659
7156
3293
-6772
-2999
-9656
1818
7766
69
-2818
-5618
5890
1487
33
9458
-1237
-6179
-949
8320
-4981
4279
-7858
-2238
8866
-6824
6647
3437
-2752
3320
-5652
1130
3940
-8035
-9308
-7383
9792
-2483
3044
-6696
-8214
-623
1052
-4620
4406
-6928
191
269
-5119
-5473
-8862
3347
243
2247
-6439
3457
-8266
7322
4201
8838
-9028
-6320
-5845
3654
9849
2452
-121
-7393
-9092
2251
-1955
-3635
-5904
2309
9953
4760
4926
4216
5920
-899
-6062
-3162
-4499
-2786
-8447
5729
-4788
3329
4623
3989
-418
-6033
-40
7056
-2673
-9934
9236
-8703
-178
-7013
-6678
177
-4126
-9391
8550
-7557
2237
-8168
-7363
3009
1875
-6210
-7669
819
-4839
-9372
8615
-8887
-2633
-7255
-3986
-7353
-7895
5911
5344
-3758
-388
-2295
-223
-6711
-7597
-2488
-1170
-522
517
-1466
5106
4732
-2250
8029
-8653
8338
6590
4253
-3253
1655
1614
4796
-4892
502
2013
-1851
4826
-7118
-6538
1738
-6282
-3619
-8510
-8436
703
-5414
1587
-2349
-4622
8270
727
-6867
7506
5382
-8313
6668
5191
1763
-5090
-7532
-3801
-5740
-6453
3456
-1108
-7198
1342
3178
5704
1047
957
6876
9496
3634
-9838
8731
405
-8998
5631
-3403
5476
7587
3442
352
-7244
-3254
2277
6744
4798
6905
-6711
-8781
8194
-8790
4382
3897
4957
-5780
-3243
6337
3063
5863
-9934
5310
7577
8001
7779
-8875
-3551
4718
-4426
8830
-418
8440
-6400
5102
5482
904
8245
-2489
5927
-4476
-269
-8974
-2581
5751
4877
-2033
-6937
8306
-2450
2498
-998
-9430
6369
6376
-6588
-2814
-1401
5092
-2230
-5881
4191
-1591
4121
8051
4809
-9328
-9672
-8870
-7060
-4773
-9421
-2515
6560
-3100
-9184
-2400
9148
-7920
