8610
-1290
-5174
-6379
-9926
3451
-3445
-3500
-73
-5818
-3524
8278
-999
5631
-7067
-8496
-656
9883
-437
2344
7547
-1736
4896
-7336
7975
3205
5807
535
-5337
-7527
-7624
9677
264
8978
6615
-792
6343
-5138
4901
-5690
-8571
8699
-5915
-3281
-5259
9163
-2603
715
6192
-5213
1848
438
9992
-3639
4070
-4136
5766
-9458
-4540
-7760
-1454
7391
-3190
-8642
-5451
7824
3046
4939
-354
-5446
5234
-3730
5743
8995
6157
-2951
-5873
-576
5728
-4669
-9835
2839
4253
4949
8739
-3394
1124
3312
6821
3691
-2892
7748
-205
-2784
7045
-7949
8490
4758
3558
6672
5369
-3536
-6088
-17
1299
-501
-9935
3248
7669
1587
-7389
8644
8228
6606
8195
-3199
6895
3843
1157
3997
4207
-2026
479
-3742
-8592
-7670
5097
-7445
6542
-1108
9162
-488
-5264
-6381
2565
4165
9585
8641
-8893
9973
-1590
2582
-2581
-4139
303
-8088
1857
3131
6226
2845
9849
-5221
5591
3715
1365
-5332
3303
-8678
-584
9975
-8631
6434
-9966
-2760
-7939
-1097
-8899
9379
-3249
-6787
-9063
3631
6884
-977
9311
9954
-5541
6302
4915
4594
8989
5598
-405
3908
-9399
-5172
9414
5320
-7666
-3094
-3831
7044
8737
-8047
2569
8269
-4184
-8432
-8254
-3034
-2101
1682
-2344
-9989
3106
-3845
97
5594
-8225
-5582
5425
3130
4477
-2313
-7617
4792
6580
8421
8913
-6295
7854
8406
-13
4683
-4823
-7832
6487
4490
-9477
-8460
3268
-1723
-7316
-1229
-2661
85
-179
5870
9028
5611
-8993
6439
-4773
-4827
-3086
-129
-3424
-8655
3702
6511
-2122
-6796
-5296
-622
-9163
-4469
8866
1734
2577
2892
-2470
-541
716
-3767
-4811
8070
1452
-4017
6325
-1228
8189
-2183
-736
-8812
7242
8419
1157
-5860
3308
-155
6349
-4009
-5212
-6437
-1818
9457
8682
-2289
-8693
-1987
86
4889
2076
9204
-9866
-8935
-7284
-4849
-312
-4359
239
-1655
-2780
3477
-4753
2484
5099
8759
2886
-3290
9446
4682
-1954
8404
-7606
-4679
7725
-6567
6900
-4976
4037
-578
-4281
-9280
9883
-5885
-6304
5457
4162
1252
1638
-5823
9125
-124
-1653
-8812
7975
-4649
9372
-1433
5586
5887
5523
5785
4305
-4877
-3075
4702
-8632
-1479
-5994
-194
-4630
6686
4748
3755
-3547
-5782
-6901
-4439
-2273
4236
5004
43
3642
3628
2575
-8250
-374
4368
-9332
8244
8166
8540
2646
-9172
-1899
5520
7224
-1035
-3253
-6910
-2289
-9705
698
-5462
-9691
3633
1866
2989
-7875
-8069
1222
2195
-9647
638
-3833
-912
-9769
4727
563
-163
-5674
9413
-7221
-1102
-180
-9117
7556
5546
-1455
2587
2880
-7837
6555
-4877
-2538
-4747
-4204
-277
6483
-145
115
2846
-4405
2038
7651
-2419
-7807
8511
2062
-4677
9788
1657
-8875
-9698
3923
-8633
1038
-3057
-1268
-9958
4612
1434
8108
-1406
2061
-7097
9946
4259
7774
1215
5942
5282
-1046
8847
-9079
4121
6771
1434
-7517
6064
-1599
5040
-8482
-5548
1072
-6317
-7352
5933
1599
-7787
-579
-6577
-831
-7968
-9777
4985
-9342
-6425
7412
2844
-7539
1205
1642
-1286
1649
-8056
-5185
3638
-5335
-9377
-1126
6309
254
-2931
-3925
8810
-2768
-224
-7766
-4941
-8561
-7600
1713
979
-4546
9556
-3212
-9537
-615
-1857
-3801
-620
5694
-90
-4766
1912
8005
-4307
-7162
-6451
-1926
2651
5198
-8765
638
10000
-7807
1682
6224
-9534
-8469
9242
-5186
-668
2714
2993
4745
4806
-148
6626
8144
-5511
2076
-5610
8238
-9031
6086
4112
-4294
3104
-160
2612
4414
3146
-5933
8114
-5786
1680
767
4917
1348
-558
3056
1344
-4730
-9459
-3188
2247
9321
-8879
9428
8685
7205
2065
2294
49
-1723
8503
8694
-6783
-9158
6427
1709
432
4000
1325
8770
8420
-7831
3659
-8272
-8598
3832
-1692
-3001
-3246
1247
-4045
9706
6867
-6530
6406
-95
-8990
-9993
8733
4294
2865
4913
7389
6605
3461
-1366
-2454
8352
-7847
6433
1507
4092
-3317
-5012
1587
-6903
9611
4811
-1319
-4640
-9963
-54
-1891
-503
-4888
9171
-4931
-2232
-9828
-333
8035
-6479
-715
3056
-8695
-1740
-8157
-1656
4885
1277
2106
-5188
-1837
842
-243
6088
2079
5911
-9695
5056
-1747
-6656
-2028
-325
-5664
7023
5436
3490
-3934
-8673
8008
1899
3456
762
-5741
7976
2064
-8648
-2439
3740
-7420
-9976
-7562
7117
907
-3862
1734
9286
7662
2579
-7779
1809
6493
2185
-6997
-1942
85
-2672
-2965
8096
-4320
1061
2552
141
-3538
7125
-3119
839
7710
-1689
-4497
7768
7763
-3854
4315
4530
-7762
341
-6175
9153
-1137
-1551
-2635
7678
-2216
-6033
9640
8034
-1844
-9462
-797
-7875
-2421
5213
8576
-1612
-5448
-7582
-6940
2944
-892
8955
9774
7083
8254
1624
4882
-1811
-7102
-1913
9345
5621
3871
-1730
-6861
-4073
9485
7680
-4619
-4164
9360
-707
6243
-9831
439
6582
2142
-8871
9196
918
-1919
3530
-8637
1142
2887
-111
-4544
4396
-8353
7513
6730
-8798
1135
2522
7501
206
-5499
-4885
-5335
-215
-5089
-6622
4434
3171
-9210
-3334
9860
2765
-5698
-6106
-6267
8959
-6389
-5848
-2806
-8536
2413
8276
4222
5641
6777
-9866
4731
-5300
8197
-4905
-831
9549
6517
3966
-8225
6465
4986
7528
-1639
8043
1401
-3552
-1531
-4411
-8986
3823
-7257
2020
2166
-2405
6987
4368
4176
821
6971
-9546
-8416
7393
-401
-7566
-2269
2035
-84
2437
-3921
-7042
-2294
-656
-3372
8952
-8836
-2385
-8049
-4155
-1191
8620
3036
164
5342
-8482
6551
-3368
-4472
-5861
3347
996
8358
3706
-8468
5089
4022
3688
-5192
4206
7431
-9721
-2278
-9914
2758
-2503
8161
-9113
4588
-9234
6205
3539
3146
1235
-9667
5167
8985
-6655
-1149
-6900
7657
-5127
7483
9320
-1175
-743
-3565
-9059
9115
-562
-864
2987
-2729
-4196
4371
6465
-5190
740
7636
-6610
9509
-7424
-4064
7716
-2897
-1790
3423
-4103
-6684
7527
-3369
-3356
-2077
5179
809
8090
-4709
6927
7259
6716
-557
5067
46
6334
3235
-3805
-7803
-4031
-8994
6988
6720
-3645
-4893
4183
-1393
618
-8511
-279
-9171
-9754
-9058
6181
2987
-5289
9713
-7448
9789
9807
-9663
173
9671
-7930
6605
3005
1406
9495
967
-6855
1185
9743
-6174
-6867
7644
-5543
3533
-5761
-5598
5508
-2449
-6195
-3498
-3275
-215
-2879
5159
-9221
5694
457
-6054
-1439
1875
-568
-4370
3629
9651
1318
-6981
-7845
-1273
-1071
-1508
6351
6227
-9283
9610
7969
-3992
5580
4434
-2851
776
-3546
4018
-3702
7285
-6550
1199
-8942
2598
1327
3151
-6679
-1986
-8319
-5443
-4504
-2603
2592
-9695
-4813
-490
-2055
6879
-6627
-7771
5372
7114
-766
-9394
-8764
-6387
-547
-8633
1157
5605
-2841
6410
3525
-7637
-5070
-7987
-1409
8253
7971
4750
-7585
-5748
-4014
-4149
6428
1258
6035
4452
-2297
8146
3236
9651
8368
-7088
-8579
1770
-3373
5919
-8606
-795
4008
3679
-4913
-5301
-1069
-416
7254
-2349
-3074
978
6551
-5954
3917
3472
665
3501
3346
9546
99
9832
-7119
1577
-9890
-5699
-9625
2181
-2391
-5734
9440
7251
3691
4302
6095
6507
8750
6573
1664
7733
-1619
-4689
-8900
-3164
9756
4614
8140
5338
1837
-455
-9482
6454
9631
8879
-6221
4134
4883
9459
2878
-2342
5408
976
-7428
71
1893
7150
9122
-8850
-4859
8737
-940
8930
572
-7555
2665
-2456
1471
746
2208
2917
7203
2453
-2773
9934
-9153
3225
-3993
-5241
-3390
8490
8654
-8609
8300
-3117
5531
-9617
1694
-8623
-5438
-1696
7330
-9864
-5530
-7795
4522
3150
4962
-701
2919
-2589
-2603
-4147
7896
-2808
6398
-1336
177
3636
91
-3731
-3421
6799
-8717
9847
-5357
8733
8390
-4951
5957
-5342
-9296
-4912
1797
6252
-272
8040
7990
5039
5521
1651
-3044
-4055
-9204
1237
1583
1684
3644
7519
-1180
-2023
-2434
5946
-4450
7473
-445
544
-9234
9613
-2147
9241
7943
-1274
3005
-6628
-3457
-254
524
-4354
3168
5629
-7765
9613
-3136
6829
6840
-9574
-1676
674
-1360
4780
-4483
8951
8889
-4637
5740
-6641
-9282
9134
-807
1832
9567
929
3095
-1805
-468
-5160
126
-3094
-2543
-1295
3639
8470
-4081
8734
4831
-2472
3736
8744
-7723
2734
6643
-1791
-4009
-8842
6590
8163
9700
-6223
-6576
9941
-3609
9530
-658
-1115
-603
-8049
-7255
-6194
-8370
-5331
2962
-9502
-3334
8717
-8272
-9381
-7815
-6274
-5676
-2194
-4033
9730
4213
6080
416
5229
8970
-355
9116
-9661
-329
9599
6053
-636
480
5014
917
-9542
-1876
9071
9678
-6183
-2806
8585
-7138
-4881
-413
-6840
-6237
7699
-8843
-6177
4456
6641
2957
6158
6188
-7233
9663
3916
6425
1724
-5506
-2950
-8212
-277
2713
-617
-1753
7284
4024
565
583
9780
5051
-3075
-804
5935
6781
-302
-2194
-4926
-4007
6781
-1710
-3328
1287
-9186
5650
813
-9652
-2635
-4847
-8388
6236
5382
-8983
8788
-1722
481
2490
-3977
8756
9592
-7638
-8632
8473
-9260
-6620
7994
7068
1474
3769
5114
6773
1451
-1562
-8259
-6206
1814
7772
-2590
-7668
-5106
-8345
7374
-7396
-6366
-7256
633
-9617
-260
-8752
-7567
-6149
8895
-7059
5795
-6132
7797
7412
1835
8084
4496
7591
-1714
-4540
-1901
1396
-8400
1468
-4389
3409
4659
-2331
-5183
7925
-9960
-2535
-7899
-6977
8516
4107
-6956
-7747
-1813
9772
-3181
1144
5170
-467
-9137
-6788
4958
8213
-2341
4777
-435
-4726
-7209
4971
1787
2517
-8078
-316
-5089
7852
657
-8355
-2743
-5596
2157
-4201
8768
8025
-7640
-3947
-2108
-5170
5057
2140
-7399
2701
-9148
-4088
-1655
-1313
4939
-2500
-4935
-49
6260
-1337
8166
-6909
8291
6033
3430
9154
-7326
-8845
4797
-3561
3065
-6533
-4845
-6101
7018
9888
5697
1120
-3055
7001
-3950
-9896
-9840
-4391
-2542
4562
-3301
-8235
-8270
5034
-1462
8146
2345
4216
9208
-7346
-2767
5297
-3240
-1176
2091
-2446
-4804
-3936
2871
-9094
-4802
4057
3710
-6069
-7514
-2095
8139
2126
-2715
-8572
84
-9064
476
196
5573
5994
-2575
-89
9504
-1956
8417
8172
-6845
-4758
4145
3901
649
7772
1154
-8422
-9545
-7146
5220
4408
-3596
7404
-3883
9619
5413
-1272
2788
3948
5259
6273
3484
-3464
363
9871
5572
4114
2025
5496
-4842
867
-4330
-8189
6462
-824
-9728
8002
-7231
-1308
7802
7578
-846
-6502
-4952
5803
-1300
-6417
-1877
-4822
-1287
9560
-5318
2614
1423
-6155
1468
-4414
-5909
-1862
3087
-6882
1869
-6510
3636
6927
2926
-1261
-2369
-9177
7806
6688
1338
6998
6721
-4259
154
-5322
8668
9588
-9227
7035
6861
-5787
-2934
4349
-5108
-9384
-2363
7597
6261
-7596
5022
7463
-9504
9381
-6991
5197
-5127
-4241
-3562
-2871
8346
9458
9876
-5799
-5709
-6678
-3405
-7759
-5215
-1457
-9101
9656
2582
-6011
1202
-6612
-1426
-3749
6174
-1670
-9912
1317
-3883
8333
5309
-6567
241
7107
2762
8730
-5518
9031
-2971
6858
-3054
-6551
1732
-8081
-9406
-7886
-3445
-3561
-2190
2110
6636
6232
7801
-8983
6276
-7534
6162
1137
-1490
-6172
-9645
-5488
-5221
1871
5431
3208
-7929
6903
-2306
2533
-7010
-8493
-4484
5755
6063
-9989
2355
-8962
8972
1543
-7877
8476
1189
1552
-7083
-3442
1130
-6490
-3970
-6294
9904
2916
8488
-1186
4895
-3626
9103
3816
875
9905
3327
5285
2209
716
-2773
2656
-8668
-9460
1657
-4181
4236
9638
5234
-9448
-9492
8575
-2922
5922
1326
5867
540
3516
-4530
-1079
3910
-3897
-302
-4364
-5681
-872
9819
-6469
-2052
3267
-643
-1723
-2392
-4948
-7451
-9046
-8442
7282
9976
-1636
2637
-422
615
2554
2144
3457
637
7205
5098
9092
-8157
-3717
-1443
-4832
5343
6773
-7142
3304
863
-4678
979
-1262
-9494
4854
2441
-4865
-4793
4352
-208
-8856
-400
5330
-3657
-7286
9197
9153
5680
-927
1210
1832
-8481
-3278
7561
7316
-8537
-45
4234
1423
4833
-3626
-9075
-2111
-8401
5357
3406
-7525
-4435
-2388
-5313
603
-4180
-6678
-5706
-8273
9963
8240
-904
-5014
-1504
-6689
-5758
-2654
-8186
4084
-4295
-139
-1579
9055
-1405
-1604
784
-7618
1022
6229
2257
-1313
5654
4827
-2444
8148
6955
9612
-3224
-5921
-3459
-4014
6624
4271
-5606
-2234
4361
5379
-8762
7632
7305
-1144
-5795
4456
9382
-1567
3753
-4494
2944
9999
1672
-2905
6247
-4839
9186
2610
6173
-8
-9124
9550
5706
1894
-6311
4243
-7983
-853
8834
-1293
-1089
6365
-8930
4341
-7439
-4676
2432
9639
-4308
-6560
9182
-2812
9425
9535
8626
4698
6012
195
1181
2517
3337
-9348
-5084
-6586
-6358
2506
-437
-2703
-5062
1694
-8466
8972
-8380
-9435
-2947
1671
155
-3245
-9949
1106
-9929
4473
-5801
4637
3607
-5858
-2063
-3271
-1984
9685
-7333
-9291
-4228
-3931
8186
-6685
5038
820
5235
-8015
9338
9278
3732
8791
-5376
-4198
-5291
2913
-3045
5655
18
-9655
1666
-575
-413
4198
4103
-2859
-7501
-2696
4433
-8235
-1861
1259
9884
313
-4981
3915
-246
-1986
9426
2163
-2024
-3437
4161
-1620
9059
-8879
2872
-3777
-8871
-5412
68
-1684
-5012
-939
-7578
734
-3146
-5998
8571
-6206
8922
1179
3060
-3927
5301
-1659
-5517
-6216
6789
-7471
-9673
8245
-7478
-4995
-9760
7728
7083
371
-4239
874
-8568
2690
-4561
-6110
8844
-5284
-3070
-2468
-1963
-1151
-2207
2933
-6479
-1565
9653
4504
-4460
-9198
-5389
2998
-3457
-4236
-2032
-7692
-3341
1034
-3930
2353
-807
-3710
8132
1007
2060
-577
5279
5662
-2445
-4806
8231
6517
5509
-4867
-7059
-972
-471
-7821
9862
6815
-5891
4370
-4407
8254
2286
8365
-7468
-9949
445
-4354
-238
-3975
-1831
-745
-7828
-6259
-4633
-9432
5624
1858
-6439
-3588
9260
-3156
-9096
-1396
-8488
5686
-5406
9201
8001
-5267
-6979
-8213
-644
-5529
-8019
-8480
-5596
-7227
-1482
-5142
-5984
1093
-277
-8486
-7775
-8482
2285
1919
-2182
-3186
-2693
3265
8538
358
9407
2835
-3943
-2937
-3898
6299
4782
-923
-2199
-8707
8113
-4297
-4877
-2298
-5323
-3535
8952
-111
7695
9335
7312
217
8649
-5586
-5486
-4056
-7976
-3903
8617
5630
7759
1198
-1258
-6364
6664
7884
7549
-7071
699
9613
-5843
-172
-6531
-1160
2068
8027
-4020
4367
2398
6061
-6076
1164
-4272
5788
-5083
-2703
57
-7414
9524
101
6602
-4110
9339
6245
5354
-3868
1547
-3106
-8413
7388
-7597
355
8918
-2658
-5728
-9052
5393
-1372
-3853
4802
-6581
-5269
-182
6662
-8427
-8453
-3199
-2340
-5353
-3618
-6939
-692
-8009
-5765
-1758
-2769
-448
3960
8633
-889
9203
-2451
428
-5188
-7476
-6547
6943
-9305
-1237
-1005
1776
5557
-4491
2282
363
6800
-947
-4210
8725
5016
9249
-5453
-1255
-1692
4770
-258
9930
3550
-5991
-4319
8224
9744
6517
-3218
6222
-2338
-7673
-7938
6551
1578
-4450
2915
-3102
9319
-6446
8767
7376
-9271
253
-1414
7015
-4337
9468
-9264
-2067
5527
9229
-5433
-5252
5377
6774
-5279
-4684
-7253
6029
-5015
2042
2463
7398
-6739
-6403
-3351
2445
5246
5923
2568
-9974
9908
-6627
940
6349
-7512
-4488
2247
569
-7913
2902
-3274
-3977
-2675
350
9446
-1151
2723
2430
5048
4269
-151
-4347
3230
5511
-2212
-3946
9152
-6077
-5883
-1829
6589
947
-4849
8260
9864
2803
6068
-5183
346
3909
-6475
9138
-4199
7085
1216
105
-107
-6896
9574
9194
1186
-5140
8181
-1623
2374
-6935
-3482
4223
-3960
9807
1230
-7390
-9791
9007
9547
-3362
-911
2999
-2296
-6063
5712
-141
-6241
7131
5692
9445
-735
6087
3448
-4261
-9720
-3609
4771
4525
2658
8617
-6790
-2601
1723
3083
-375
-5169
4269
1499
-5588
-5420
8806
169
6452
-567
-994
5796
-3091
-6403
-1172
-6110
9181
6568
-880
-2182
6003
-2152
-8822
8975
-3709
1751
-5796
-8151
8109
-2852
-3921
-3460
4872
-1268
1192
438
-8325
-2986
-3302
-5760
302
2947
8150
-7377
-4552
1865
-8065
9552
2349
7303
-9473
9095
-9707
-7717
-6060
534
-8266
6700
1377
-4241
6826
4849
-9485
8245
2132
3319
-4193
7183
-7637
8094
7895
-6321
2341
979
-4619
3313
-5521
7188
2292
8359
9847
-7931
9920
-9721
-7214
8264
8364
5189
7979
-4608
3631
4119
-3492
-2170
-6410
9834
-130
-111
-2041
4935
-3093
5258
301
-2027
-7464
-7889
-7918
9808
3698
-8536
-853
8145
-2930
-9447
-5824
1488
-5390
3254
4945
2823
8377
-9871
-6600
-8911
-5211
-7151
1560
-3398
953
5387
-7681
629
1644
4282
6846
5197
-5456
8413
7658
-9976
4151
-8176
1033
-4651
2842
-6083
6380
2673
2958
6637
227
4855
-825
-4827
-5251
-726
6192
6484
5286
2614
6961
7561
-4256
5396
8808
-1056
2595
-7813
5254
7462
-7588
-6769
3468
675
604
-4659
1200
-6572
-5914
-9727
-5192
-9854
-7702
4458
940
1124
5840
-664
-5197
2934
-877
-5320
9543
7647
1653
-4737
7908
2190
-712
4762
-1002
0
-1580
964
6608
-417
-3439
6901
-1712
-7861
-9085
9917
2582
5601
6896
-5398
7058
-8293
-2473
9176
-4029
-9830
-9733
-100
7135
4742
-2322
-1190
-2500
9666
-1531
7634
-2084
8068
-4460
2083
-197
2998
3707
4178
-1598
4948
378
-3820
-4069
316
5197
1894
2602
7909
-123
-4462
3874
4094
-4544
-8168
-1607
9677
8280
3411
1973
-6323
7880
-5364
4679
7898
3504
-3413
88
-2974
6066
6075
9275
-5445
-4180
150
2087
-3474
1808
-5564
4332
-8729
2453
9732
6204
-276
149
2070
-7511
-5568
3433
7900
-8992
7364
8096
-7109
3920
-3672
-607
-3454
8987
-7669
-2212
6061
-8856
-928
9208
-3048
-5967
5854
-3060
933
-1375
2038
5483
-3865
-9980
-5752
2392
2520
-1955
-9860
-6330
6861
371
9613
-3604
9574
6190
-9868
6163
6694
-5774
4941
-1925
6224
4905
-1279
5914
-920
6722
6469
6656
-8442
-1462
3353
-8305
-556
-4620
9364
1055
-5601
9759
8522
6627
2003
2898
-8486
-4018
7046
1829
-1148
9765
-1323
-6929
-9999
5484
2306
-115
376
-5743
6262
-6701
-3498
-5485
-9513
-426
-4797
-2026
2299
3997
7203
4263
7359
236
-8378
9580
3417
-3017
7738
7544
5766
4250
-9629
-8019
6793
-2977
-5274
4207
9375
9167
6811
6085
-4469
-2126
6259
5911
-4147
-6151
7743
6186
5654
-50
-5361
4275
9870
181
7027
3632
6955
138
-3750
5835
9287
4864
-5707
-9314
2889
-9244
2317
-4405
1841
-8484
8322
-7849
1022
5547
-4028
-8850
-1976
-5023
-1596
-9986
4461
-4623
-2389
117
1213
335
-1542
-4465
-6542
-1107
-9878
9711
-7690
-3036
-1467
-3881
-3429
6432
8829
-6174
6881
3768
-158
-2523
9284
9972
4782
4632
3562
2289
2104
1501
-4772
-7730
4033
6690
-7676
-5483
-8407
4415
-2639
702
9467
-2208
9891
-2713
2403
-1324
-8650
-8621
-1356
3122
2316
-2450
-1001
7344
2999
3870
1032
-9598
5947
-5787
7297
-6385
1019
7294
263
2429
7351
7635
-1959
-1779
4207
5005
2771
8814
-3099
-9328
-791
2068
9650
-303
8119
-3843
-9828
-8652
-9637
1969
-9033
9016
2269
2598
2776
-7209
7918
6574
8567
4708
-8543
-7013
-2987
-7480
-6930
-935
-1755
-3711
-3878
-7712
-4532
-4182
2018
8098
-6306
-1601
-1591
-6874
-369
-7992
4591
-7758
7117
-404
-5904
1493
3421
-4483
2162
4340
9446
4052
-9967
-257
-5477
-3549
-9304
-2297
7072
-6396
-5003
8280
6084
4098
7882
-9309
5052
-33
893
-3385
5735
8663
-2563
-8508
8808
-6837
4495
6598
6778
-385
-2487
-8302
4489
7432
-9626
-7929
2776
3707
-6946
3787
2041
1495
9758
-5591
-5160
-7221
1735
6668
4219
-8838
-1655
6869
-3213
-1637
-5693
8717
-7031
6817
-4466
1208
5897
-8268
-1493
5749
-7837
3249
-1245
6488
-6253
-6080
3866
-5487
-4655
-7662
-226
-5276
-3655
8160
9789
-91
1195
6280
-8343
2945
-5839
-6853
3750
-6897
3828
2231
-8740
4163
-2087
-3514
4954
1298
-2753
-9238
5233
-9783
-8382
3835
-6808
1217
79
-2942
9239
1010
-7700
-6384
-5359
-6225
8856
2794
417
827
6448
5227
44
6444
-5732
-5383
-2071
-1260
7363
7113
-1743
-4301
-8249
382
-9731
3704
-4524
-9212
-9422
9326
-658
1131
-1322
7199
2841
-521
6655
8213
3258
2012
5730
-9626
3571
-9029
8917
-9884
8765
-2215
5343
3909
5306
-4306
-5027
-1945
-4935
-1840
2735
7776
2904
-1768
-6784
-770
-3949
2622
-342
-3698
4448
-2223
-125
-7235
7294
3577
3403
3012
8023
-911
-2624
6162
-6557
5848
7436
-9920
8546
-951
-2805
-4106
-2676
2468
-8126
-8992
-1797
-1144
5781
5258
-9255
-4486
-5688
-7369
-3912
-9489
-7135
679
2363
5682
-5839
-7443
-7542
922
1465
3839
5179
-6634
4255
8601
5176
-7614
-6714
4285
-5856
1448
3161
-2621
4281
-2671
-1998
4936
-388
7603
4193
2372
-4123
-4783
-7533
-166
6586
-2810
6865
4575
7833
4443
-3079
2295
3471
-7622
7704
-4337
3745
-7495
-4337
-7760
-1079
-4199
1389
-3864
-6022
8837
-7581
5932
-6372
-6884
9968
-9007
6905
6956
-8372
3330
-1703
-1122
-1626
480
3434
2548
3497
-7195
6149
8421
7346
-2085
821
-9826
6071
-7576
6723
6458
-7520
2199
-9546
-1907
-275
1819
854
-5504
3826
-9075
-1277
8864
8771
435
-2112
-6070
6344
5709
-2162
8501
3668
-1494
-4196
5519
-2062
-3836
-1021
-9200
-8881
-9704
8950
2240
-212
-8165
3596
-1198
-7966
-341
-7755
-154
7539
-9452
4837
1326
9478
3558
-9158
-262
-8657
-4733
5512
2012
4574
-9293
4216
8472
2910
-5791
7615
-6242
-6066
-871
-8640
-9038
-4316
-6099
4325
1613
-6038
7177
5830
4953
-2551
384
2038
5057
-4191
5439
1426
-5228
4586
5684
7742
-1533
9754
-3959
-4451
3315
-506
-9556
806
5176
2846
1131
7816
9430
-3463
1231
1108
-3110
-8386
2560
9109
1392
6059
-6927
-9785
-7038
-7485
410
-111
-4302
7288
-313
6104
-8423
-2225
4991
-4246
7530
7411
-6084
-3302
-3575
3842
5666
9464
1037
-5760
7345
9487
6810
7678
9147
-1947
5254
-1848
-3502
9768
725
5315
1191
-6792
-8357
-9950
-2074
8774
-1578
-8618
4336
-3519
7498
-9041
4176
-9527
-9861
788
-9183
-2137
6404
-7294
-278
-787
6491
740
9351
3561
-9062
9258
5626
-9993
-4519
927
8167
8049
-8446
-1912
-3957
2522
-5840
-3305
-1202
5782
398
-9728
-2005
2249
-1530
-9547
-8287
764
-7929
1879
-2071
-3256
6241
-9754
4758
-2462
-5775
-6943
-4783
6968
3574
9951
-3407
3787
3386
-391
-5817
911
3976
8134
2759
2249
-271
-417
5695
-6443
-7006
-4477
2288
-9432
-5018
-3338
-7113
-87
1631
8577
-426
-6921
5667
8529
6779
6381
-2318
-1628
1761
5595
3718
-7889
954
9831
-2549
-4693
3820
2573
-9900
1011
-9936
-6864
-9250
-3157
9694
-2778
5045
-4919
-3244
-8989
-7790
2342
-3910
4148
-640
-7675
-8524
-4176
9843
-1606
5466
8273
-3130
-7582
1990
4760
-3853
-5697
2147
-7603
-2462
3078
8164
-9889
-7311
5264
-3635
-3014
763
5392
4773
5673
8305
-486
-1035
-3194
6831
-9381
5510
6518
2370
4500
-7368
5777
-9990
-7916
-8189
-9553
-8841
-350
952
9427
2465
-3102
-6641
-1642
-3276
6101
3416
-6549
-1271
4127
-9609
7830
-1767
-4338
8606
5979
-9650
9937
3712
-7541
-832
-1187
-3793
-1564
-6758
3513
1969
-5129
650
4350
6924
1681
-6506
-7067
1490
6064
-4078
-263
-1553
-3201
-9572
6830
4575
6858
7340
-4340
-6234
-8550
-3902
-8570
-1500
6818
7436
9945
9074
-7726
-1332
-2016
5442
-6214
9686
-4566
7949
-8926
-9087
-7772
-5396
6310
-9033
-784
-2672
6021
1297
-7595
7111
3392
3579
-1755
-440
3379
-4919
7298
-2967
-1799
-7124
-6217
-4716
6363
3796
-708
7054
-4051
1985
6827
8093
8658
9046
5602
-7491
3303
-6779
-2550
-1706
457
3630
-5455
-2678
-8382
7512
6334
9695
3
-987
475
312
4330
9847
8568
-1930
-8288
-124
-7325
-9284
4915
-920
-5218
-7694
9625
8359
3584
-9378
-7978
5683
8043
-1921
-4043
-6878
-1719
3573
-6758
-2529
-9484
-5072
-4196
-3432
2904
-1050
-127
-5282
-1030
-9371
-1756
2981
6965
4470
6941
4573
6460
-298
-6869
9037
-454
9628
-4923
-7279
-5323
6646
4111
2834
2758
8330
1143
3582
-613
-5416
-8430
-1044
-6028
-4903
-8652
-4558
-9129
7442
-3463
8308
-8585
-5556
-6475
3086
-6937
-9610
2330
9197
6785
2701
-3698
-8175
6886
1499
-8592
-6182
-6351
-4817
2093
-5914
-9938
-7216
-1229
-8410
-4623
-1415
-8712
-5202
1196
6052
1706
6207
2736
-9946
4288
5404
4051
-5755
-4764
-5090
-1908
-6302
1671
1416
9537
5358
906
6584
5904
-316
-9503
-3202
-1611
-6045
7487
-5207
1977
9497
-5018
-6640
-7010
-3035
4527
-6276
-4695
-5356
7139
538
460
-3188
835
6298
-2953
9330
-313
7330
-7795
5332
6345
7975
1742
-2320
9532
-5748
558
8128
9240
-3491
5748
-4236
4645
2462
6441
1699
880
9193
7531
4227
-2834
1668
-5
4418
9786
3327
-8349
-1868
8007
3415
4050
154
-5899
7747
-9326
3152
6700
8094
7165
2854
-4773
8412
3667
2825
8219
-7589
7693
5597
-4604
-2117
-8698
2919
6612
-1228
-3542
-7876
8839
-4837
-2225
-4514
6467
-9799
1729
3950
8193
-6274
1307
-662
5816
7320
2042
-1561
-142
-7872
-4945
1766
-3005
-330
-2356
9374
4456
-4059
-4031
-668
8863
-2971
-2038
4774
1096
7571
8434
4576
5095
2756
-8317
-1215
2276
6009
7022
3990
-7276
-5251
-5963
8442
1214
9025
-6549
-2323
2881
3073
-4563
8582
6894
-9789
-2337
2760
1192
-8231
3506
-4925
2703
-3943
-8212
-9163
-7134
-1522
-8650
8278
7549
-2400
2609
3400
-1485
1564
91
-675
2181
-410
-6419
3245
-2027
-758
8725
2421
-1090
-2862
3287
325
4060
2404
-3351
-856
47
-342
-3381
-6352
1964
1979
-5131
8999
-3958
3534
1734
-4523
6242
6338
52
-5679
6727
-7319
-9606
-2831
1347
-5475
793
8104
-7248
1096
-8241
3074
3326
907
5318
8782
-3203
-9205
6125
2335
-8459
8851
-2978
444
7471
-1899
-6485
-5130
8070
-295
-5984
-1569
4612
986
4628
4799
-4665
-3547
-2685
3467
-1265
355
-7676
9658
-9522
-7015
5591
-166
1533
-9803
8818
-1579
8037
4305
-6564
1068
7696
9637
9893
-315
4228
3831
-3850
2857
3264
-7533
7677
480
7621
-9088
288
6936
8204
-5951
-604
4538
-2562
-2775
-6539
-8007
5183
-640
-7208
2192
-8635
1648
7579
-4471
8625
-218
-4653
9381
-1394
7160
6114
3749
-2418
-8457
-7918
5323
5846
4208
4744
2496
-8711
-5297
6252
3635
-9659
4247
1227
-255
6899
-5892
5151
7081
-5846
-9250
-8070
2510
-8184
9553
-3645
7310
-5869
5830
49
2450
3360
8698
-9586
6502
-2508
-6835
-1406
4740
-4262
5067
-8213
2600
-9883
2097
-4807
-8924
-836
-3516
-4346
128
8029
-4677
-1621
9323
-5073
3284
-5667
-8028
77
2775
6814
-2419
-1012
-6152
5227
1958
5594
-8274
-8313
-6484
-9670
-6983
6811
-3851
3154
-9334
2923
3741
6892
2162
4182
-4320
1974
7291
-829
-1443
1529
-5166
999
-4213
960
-1699
-9249
-3069
5
-4278
-4806
-7885
-9731
-3493
-3773
-557
-2750
-8053
-6926
5599
5516
2947
-9319
-1303
4598
6622
-8395
8457
275
9223
7038
-768
7686
-7561
-9231
6465
-5459
-7671
8282
-6831
5997
3569
-5582
8385
4718
242
-3500
4079
3369
604
-3232
-9891
-6006
-163
2314
7862
7327
-9918
-6595
-6929
-5143
-6196
-4024
-3478
-4237
-1755
2508
-1415
-5802
2995
-3140
8698
-9976
2242
-8613
9299
-5022
-3603
-4933
-7811
-1261
622
5316
8243
3558
9577
5500
9718
-6351
3906
3844
-8919
-8698
9954
-4957
4893
-1847
-5064
9561
7891
-3002
8205
-8497
-8419
7928
-5855
2489
-4581
106
1760
4367
7577
-5605
5104
-4862
-3594
-5780
-3619
-5470
8339
1831
-570
5882
4801
-7756
508
8652
5172
1007
-6851
1235
-7238
-2625
805
-6490
1848
3394
-1989
-7038
-3416
-2198
-6072
-5756
-5647
-5073
-8380
6746
-6785
3682
-5153
-6741
5752
1164
-6206
3992
5639
211
8474
-213
5834
2731
-1779
-5448
-1700
-4975
1401
-567
-244
8047
9446
-6105
-6394
9347
9690
167
9024
-2258
-5136
7421
8008
-9145
1172
517
8332
3839
3507
2570
-9564
337
2235
-4882
7551
9273
8191
-9028
-7441
-3720
-7124
-3335
9456
1681
-8337
-9876
5368
-7034
-6350
3262
-2611
2835
-6261
-3469
-4993
9736
-6941
-3092
-33
-5329
-617
6801
-2550
-4017
8667
7324
8998
-749
3128
3940
9431
2525
1603
-9150
4151
3569
4097
1505
7829
-1864
-2839
4641
-3814
-7555
9173
-1635
-5571
8806
7199
-2972
3763
5563
-6309
-7756
3785
2210
-3873
-68
-979
-6816
4118
-8011
1240
-8791
-6369
1683
-6770
7606
-536
-7869
8599
4137
-2820
1909
-8002
453
7041
6156
-3707
-6135
9409
4256
5144
-1647
-1010
-1259
-2712
6710
6086
-398
922
5701
9710
-3001
-4813
-4201
-6096
97
1
9548
1514
1791
927
-7773
5685
6791
8340
1310
3667
-8181
9171
-6806
2514
9559
-8689
-4741
4298
-1209
3914
-7119
-923
5807
-102
9395
-1229
9157
-524
4736
-9055
1588
-3972
-4303
-7985
1213
-280
-8083
-1179
-6078
5003
-3635
1900
-9340
4347
-2739
462
-8944
-5180
-9035
-7543
856
5062
4074
4093
-7785
6279
9558
-8661
4997
-7976
5365
-4234
-7368
2944
2588
8527
-5636
-8552
-6715
1041
7804
-9752
9084
-551
-3631
1684
1255
-2990
1129
-1765
-3055
-6925
-5423
3863
-5716
1587
8060
7343
5529
-9274
-6048
1116
378
-5647
1729
-7786
8585
-8881
-5169
3001
-1775
6979
3496
-3052
261
9931
4043
1546
5072
-3545
5338
-2078
2955
7971
-1620
3473
-8322
1999
5890
-5884
-2413
8149
-3158
3771
-8030
-9873
-1672
-6792
-6004
7386
8328
9119
4521
925
4102
5399
-9993
-5120
6739
-629
-7119
-4863
6229
2162
-9865
-8858
6957
3426
-8768
7896
7473
-3844
-5140
-3755
955
-6837
9129
893
7824
-767
-9215
-2628
9026
-4072
2067
-373
-2103
-4260
6865
-7567
7724
5822
9576
8266
-8072
47
-9059
-1917
6531
-4217
-200
2132
-6764
3301
-6404
5247
-3356
5461
-8992
8017
-9774
-259
4889
-4913
-3470
-4606
-8030
-9572
-674
-2291
3262
-4968
-6580
-4274
-4014
-7501
3838
6284
-7748
7677
682
8349
6286
-4110
-6814
602
485
7412
8709
-4607
3111
-3490
7372
9982
7410
-6385
-796
-5415
-9823
-7264
3361
-8281
-3868
-9764
7208
-3128
-8222
-741
-2650
390
5875
2213
-5646
-4779
2628
1093
1641
-8102
7181
3477
-3652
4056
2977
4677
5500
-5054
-4426
-4176
-5919
-2311
8496
310
2560
-7173
-1797
3228
3241
-8848
-7081
-8066
4259
-6764
-817
-7990
3893
-304
3585
-4821
-453
-5931
-252
-6231
-2311
1145
-8113
-1489
-4423
-6849
-2578
2483
8510
-7692
1680
4060
-3635
3052
-7657
1826
-6042
5638
-5795
5119
-8506
-6979
-6576
7959
3259
9713
-3960
-2405
7258
9461
-7780
-291
7123
-9903
-6387
-6235
-4780
-7217
2258
-9088
-5413
1574
-2969
3283
1452
5914
5517
287
3820
2395
3676
4413
2074
-8966
1156
7185
-7636
8633
-4890
-1681
7467
-3533
9884
1645
-7025
1917
3854
3283
3651
5958
-8676
-1461
3753
275
-7645
3350
4099
-1813
-203
-810
-5921
5372
5730
6268
-1189
-8097
8610
9208
-4395
6090
-8498
-5429
9778
-6254
7865
608
-5102
-7708
2037
9887
4569
2678
8623
6100
-4632
-7458
1176
-9694
-3865
-5006
-3866
1550
-280
2792
-3449
9470
502
-144
-2824
-4055
-1291
7356
1883
-7525
246
-7579
1977
-5687
-8814
-9473
-4345
-4632
3807
-5562
-757
8140
-6183
3095
6179
-589
-9930
-7236
6506
-2450
1937
-3215
9432
1439
-794
5568
-1838
-1979
770
-9562
3054
4657
198
-7215
5034
450
-5741
-2945
-500
4310
-5607
-5990
8919
-5341
4589
-4074
6318
-1106
-5770
-7513
9160
822
9901
7512
2961
2490
-3391
-8116
9736
6066
5148
-5915
-4737
4395
8562
1451
3679
-8609
-3989
-9127
-3826
-4161
-2869
-4185
-8623
-2810
-1268
-3233
5544
-7836
-51
4923
8137
-7883
3978
940
9065
3326
27
4274
-2885
8743
-6720
-28
5605
-4330
-4899
-87
-9108
7171
-25
3988
4239
-1790
-4466
8682
-3267
7393
2824
-5640
4661
9310
-4175
5642
1374
-8792
-7400
-2278
4849
4097
5972
8539
-7555
-7871
7862
8404
7982
-7162
-2669
6268
-1022
-3887
-1554
9265
4171
364
9996
7805
805
-1073
-6402
-7696
1194
5506
9291
-3712
9864
6178
-6099
5607
8190
9230
-2641
-1071
-2909
-8274
4744
8873
7816
3034
5018
7328
5097
-8545
-5068
-5684
3356
-9073
-952
7444
6784
-2972
-4364
3451
-8470
7596
6964
7753
3955
-5526
-5830
4407
-1607
2826
945
430
-4584
2376
-2284
1577
-2606
-8092
4843
44
-7280
-9485
-7499
-1821
-7621
6579
-2795
2951
4428
-5437
-7637
3692
-1750
-6601
2573
-2740
-123
-9068
-312
-9798
-4592
8028
-8298
2021
-8295
-1374
7714
-6548
10
7883
8510
5512
6435
-2452
257
6333
1639
-7556
9152
8687
-9095
8828
-422
-9373
7619
-8186
-1129
-9007
-5589
7491
-1641
5531
189
-8077
-997
-4492
-8499
-3832
-1647
1117
-1023
-8468
-4044
5519
-3085
-2785
-6111
-9743
-7643
-3276
5333
-8378
-5886
4865
-8870
7074
8420
-5538
-9465
9287
-1020
5731
6260
1488
-489
7976
7865
7558
7922
-9807
4278
-8225
1538
-2829
-1683
-4736
4144
9432
-3073
9344
4903
-467
4780
-3413
6177
5069
6859
-4732
-7890
2380
8865
-4023
3054
-5964
-9577
-3971
-274
-9592
-1674
-207
-2506
749
8859
-6849
-3805
1615
2865
3688
-2000
-9980
-1704
-6750
-6334
8577
6708
-6261
6395
-4739
-7889
6678
2773
-7232
3150
-7627
-7411
7045
3138
-8439
-7762
-2266
-5279
-7424
9911
2126
7847
5250
6442
-7336
6397
-9030
3374
-8925
-5902
2385
8695
-7625
-6064
5326
-7209
3457
-5774
3049
4366
-2102
-2845
-9959
-2390
-4454
8492
-2626
9198
-6961
-5783
-5588
-1906
3611
-3713
-6828
3580
6659
4174
-3060
7325
8212
1740
-5931
7335
5610
1911
954
-9826
-3650
-616
-710
-3640
-9607
-4828
1449
6301
6234
-1654
-2287
-3511
4254
-7905
-7222
3366
-5003
-9781
2890
-2889
674
-6505
2690
8249
-6042
5527
9322
-3681
-9639
4814
-291
-181
-9396
-1613
4635
-6859
-2255
9008
2738
-3439
9077
-3652
8637
6713
-6806
-6609
-5750
-3352
6334
-978
-8114
1454
346
-9516
-9452
8543
-7453
-9094
8098
-2739
9644
-4975
2578
-3023
5896
711
3362
4178
8949
-9725
-5684
2937
3714
3470
5847
7727
-4607
-3502
-4238
2138
-5454
-3396
-532
-298
-9396
-1039
9234
-2988
-293
-7129
3001
8717
-3420
-1380
1401
-6896
-2963
847
7558
-2072
2022
-94
9357
-923
6816
7741
-3315
-213
-9296
40
4804
-8167
-6493
-7590
494
-6296
1306
7972
-2523
-6938
-9784
8091
2483
8453
6389
-3601
9556
4737
9927
9657
4104
7955
2768
5699
7056
-1123
-6789
-1919
-6105
6074
2222
7059
9655
-9855
7243
9933
2684
3362
39
2131
-6963
-293
-8439
6114
-6739
-3216
-449
-322
9519
5698
-651
-529
-5841
-2505
-3062
-7816
7229
-2158
-7724
5915
5362
7321
8078
2417
2537
-313
-2249
1341
3167
4620
7404
-5666
-9928
-3280
1841
841
5480
-5935
667
5820
4327
900
-6878
9404
-6972
-8725
-4197
6105
-9129
-8734
9010
-6574
9430
-3916
4936
9784
3824
-4227
8687
-7004
-8075
-1087
-1129
4971
-1952
2615
4387
-4010
-2498
1349
-2898
-3479
9243
-5349
-2886
-9057
598
-9350
4681
-6126
-8617
-9285
8334
-9581
-6147
3495
-3248
-5936
7318
4909
-9890
8168
-821
-1426
-361
9516
-314
-9647
-910
6320
1545
6464
830
5867
3759
-5826
6608
1383
-8053
-9658
-5994
-2054
7442
5062
-2414
-7972
245
8675
8977
-6755
4686
-6334
-2479
-9581
-2631
-5316
7342
-8429
-5399
9018
-2215
-2360
-1358
9343
-2972
3793
-1579
-8318
-5845
-149
-6579
-8600
5428
-9824
-594
-7454
6544
-3483
2780
-3660
3161
-5102
-2570
6443
703
269
-3325
-8949
8020
-4284
4755
-1716
2811
4742
-3854
-3320
-1307
-7456
-1570
16
1374
8093
-7455
2455
-6982
5748
-2615
-9082
3570
4505
-6712
1297
-1232
-9101
-642
2446
-9523
9091
5086
7451
8983
4457
3897
-1591
-5058
5474
-6624
-920
3786
-3982
3691
6671
-5655
8335
94
3468
-268
2418
6791
-351
-2773
-9138
-3768
-6380
2299
-8408
3845
-2843
7740
576
6709
6116
3280
-5562
-8275
-1122
-5792
4483
-5542
-397
-1848
256
-9308
8192
2661
-5971
-2382
2237
5104
4609
-9611
-956
5545
3155
-5834
3728
6268
-283
5142
-9521
5453
-59
1524
6606
-2262
6609
4132
5883
-3650
6162
2908
1587
4549
-1375
2748
-9090
1757
-7466
-8215
360
5156
-3730
2371
9185
-6658
-1188
3472
-8316
-3093
-7648
3608
-3850
-746
-2276
6470
8704
6830
7426
7132
-6488
-4160
9590
2797
-6701
7829
5021
7599
9044
-4997
-1705
-9282
7662
6242
-9900
-5588
388
-3753
-3702
1880
2749
-1670
-2140
1135
344
5162
9310
-6189
-5728
976
2355
1606
-7207
1492
-8284
6053
-7289
1026
8614
5648
2967
2068
-7625
4602
-8616
1352
-9104
6840
-2958
2304
117
-4755
-8276
-7123
-4994
3675
7029
-9413
8855
71
-3278
9285
4596
-2574
-6660
3966
9687
5028
4944
5005
-7817
7846
6920
3458
-142
6902
6480
-7114
595
8409
4170
687
-4763
-7128
5988
82
-8319
9761
-9036
2310
880
-1489
-7233
9202
-7963
5636
577
8427
8180
3824
1588
-5992
-6722
3879
6047
-115
-8743
7177
-2368
8132
-6389
3170
5593
6664
7427
6369
-6035
-7473
9897
-774
1265
-1527
4147
-2910
6130
-1524
6551
9846
4744
-9705
-5426
-6968
-4259
-6432
-6258
7149
-2234
-6864
-3105
-4715
-6502
-8414
-2921
362
-3326
-4919
3791
-5013
-8962
2031
-7859
1136
495
-9330
-1407
-7821
-6845
1306
2216
8114
125
-4681
-8741
-714
-4259
1877
1587
-1727
7878
-6692
9731
2238
-1323
9692
-2788
-8651
-4317
8374
-2635
-8686
5473
3528
-535
-5607
1014
9413
9968
-6215
-5957
-6425
-2511
-9216
-2274
-2878
-5645
5170
183
7
5849
-1444
-2719
3700
-6934
-8499
9857
-4938
7460
-1841
-6347
-2107
-6235
8978
-8291
-3672
5564
9396
-6577
-184
6742
-4103
206
-5598
3977
7692
-9843
4388
-9492
3238
-8368
-6589
2908
-2595
4983
1209
6550
7281
2383
-8775
1961
2406
59
2073
9906
1771
-5954
8695
-1734
-6018
-7622
2868
-571
2654
-9528
-4816
-7119
-5290
1501
-2542
-6720
3987
1787
-8606
2718
-7974
-670
-3596
9712
2441
7546
-7268
-689
-8193
5032
-9151
5216
-4488
8960
8258
-213
-642
-2856
5367
-4901
-397
1994
1675
-4561
8376
3140
3171
3210
4734
-6409
477
-834
-3048
-8967
7574
-2624
-4050
5777
-3500
1682
-4407
7363
-7078
8625
6272
7343
-7993
1665
-9469
-637
5962
-2819
-2900
-5949
-2529
8409
-1931
-1940
9215
116
7000
4161
-3957
-8429
4495
-9744
7756
-960
3924
4813
859
1420
-3841
-6584
-6188
-1876
-843
-5900
-8604
7208
2652
-5383
-2071
-8535
451
9426
4871
-5303
-9306
-6163
-9280
-8392
9962
-9441
6202
3999
-774
-4181
6569
7797
-8126
8016
-8104
2761
1550
-6341
1566
3062
-1051
9232
-6631
-6106
6516
6756
4040
-713
-8783
7708
3831
-8142
7824
9151
-3456
-258
5085
6289
-5244
-1663
-7800
6828
-5558
-8606
9951
-81
-3256
336
-4130
2457
-4484
-5213
8181
-3166
4951
-5932
1994
308
6377
6059
-6255
1387
-6417
3573
-2781
2982
-5708
-1874
-878
8632
4626
4428
-4967
9496
-6155
-1657
-5950
5724
8765
291
8205
-646
5564
9694
-1686
8507
8863
63
3681
-2202
-1967
-903
931
-3655
-3015
-5884
8933
-6682
6885
4493
1243
1474
-6964
-1793
-879
-62
4985
-1660
9279
2916
387
5949
-9023
2121
-8878
-2808
-1743
8770
230
363
-7153
-6153
-6145
-8626
-5483
7662
-8997
7972
2957
-7369
6586
-10
6508
-2459
8866
-7234
9379
-9873
4772
-1294
139
9195
-1243
9516
7047
947
-8788
9778
1242
836
-4280
-8466
-965
-6896
9828
4346
-9259
-7421
-5822
-1216
3272
-5760
-6250
3051
-1915
-5450
4579
-9696
-8346
1202
-1992
-3789
-4372
-3305
5649
359
8205
1940
-4741
6177
-8447
-4103
9923
-5261
-1393
4497
2850
-4637
-4914
5790
-4992
714
2668
9429
-2982
-6753
2672
-1827
-9030
-801
8820
2078
7115
-5094
-6643
-9006
-1538
4641
-3674
5770
-4271
3288
-6032
-5996
-7963
-5245
2093
-4399
2233
-9819
4386
-3424
7409
8120
-1968
-9030
-5534
-6866
-8747
-7880
3507
9035
-883
-9222
7926
9081
1102
1550
-8776
-6248
5771
3193
-1849
6704
9741
-3863
2015
7113
49
998
-976
3852
-4894
5685
-4654
6812
-1621
8789
-4102
2045
-9688
264
767
-3812
6092
5538
5613
-89
4803
-5463
-6380
8072
-629
8569
1792
-5647
-2037
6591
1145
-7310
292
-2154
220
7617
1444
7944
-7453
-7316
-1087
1009
7015
-277
9549
-6001
4580
-5627
305
-7604
2269
8402
-2066
3420
8998
-7933
2453
-9197
17
-498
-2468
7449
2571
-2318
2115
-4204
9284
7799
-969
9182
3900
-6641
-6182
4671
7606
5786
5057
-4192
-5225
-5659
-8741
3597
3668
1615
-5047
8011
8765
-6072
-101
3304
2026
-6575
1186
-459
7456
2515
-3381
4850
4003
-9301
-2274
-7637
-9143
1759
4157
8568
4681
-7805
4478
-2368
2191
-9747
-8613
1786
491
1779
-9963
-6956
5315
-4996
1769
-9853
-1282
-5833
5466
7394
3140
6693
1582
1356
895
-3778
-7217
-9356
7986
8793
937
-3726
6693
5223
5690
4271
-9728
6136
8443
5370
5917
7115
-2760
7224
7919
9290
2364
-7390
1069
-6909
-4541
6497
-7160
299
8930
-5764
-5687
-3502
7519
-5173
4269
-4749
-6572
9885
3850
4959
3802
601
5653
8222
-2279
9758
6445
2137
2409
2463
-1793
-661
4981
9713
3269
7452
4861
6028
-1709
2256
3838
4729
-8579
3008
504
6571
9690
3244
8262
-5397
-6745
7924
3251
-701
-5499
-9447
-6647
-4050
1409
6482
-2578
-3017
5628
6180
2958
-8596
-2646
2843
-151
-6001
6107
-8315
-5272
-5268
211
1951
-9529
3698
-4981
-7113
-1253
2869
-2484
-5755
4307
-2653
7216
-1155
-5191
-1372
-6640
-6261
-981
-6412
1003
7753
9695
-1780
-2290
3586
-336
8159
4165
-3841
3267
718
-9666
-396
7184
-656
-5212
9167
9147
-1608
-3527
-7360
9345
6804
3963
-1421
-2867
420
-662
6083
-5542
8112
-4061
-3365
-918
-3012
-3185
8818
-6799
2118
7597
541
6200
3906
8949
-1144
-8932
8120
-2622
-4914
7464
-8792
-3757
7853
-9876
-6171
-4770
-8288
-1317
1938
-1827
8420
-6511
4173
-9662
-7759
8497
-3097
6473
8152
9708
7842
3022
3505
2068
4389
6894
3022
7914
1922
-5269
2726
9940
-2646
-9114
-3568
1117
-1630
8659
4876
7417
-7072
-8742
-9461
-7267
5405
-966
-439
9093
-6513
-9558
247
-697
6013
-535
5332
-3749
6851
-8571
-32
-1987
-7315
2220
3745
2639
-286
-6103
6727
-1797
-638
-4323
727
180
5554
-5821
-2296
-6511
4644
1254
3681
-5662
5206
5228
-4614
-2740
9883
-4351
1745
9347
2094
-2530
258
-9283
-4413
9683
-4386
-9037
6976
9400
-8359
-7951
-4558
7446
-7111
-2213
6647
-1407
-9413
9814
3496
7403
2263
9724
3842
6891
-2661
1350
6452
-1976
7794
-7404
5380
-3571
4620
1870
-3895
4889
3548
5560
-7652
1568
-7326
290
8259
4284
-5723
6670
6028
-7647
8057
-3315
-6349
6749
-3457
-8386
6604
-6754
879
-530
4569
-335
156
-5120
-7686
-4966
4048
-1067
4304
4222
-511
-7807
4361
9684
-2875
-5233
-6736
7187
7526
-329
4591
-8136
-8976
8603
-5036
-1698
-8555
-1174
9035
-9899
5317
-8579
-9900
8371
-8857
2719
-1762
-8761
5374
137
6520
6443
-5095
-1575
9130
-7671
-534
2017
-7293
6686
-6044
5347
-231
-7535
-6284
6300
8700
4545
-1912
6179
757
2522
-5847
-5073
8135
7645
-6368
2516
3613
3877
-4980
5127
2475
9110
2948
-127
-6998
3032
2114
3420
-1288
9485
1952
2827
4451
-3729
-3243
-6858
-6963
-19
5321
429
8148
7911
5610
-5520
-7338
5635
4547
6814
6226
2998
2928
-3793
-517
-5729
-7977
9939
-154
-4461
-8677
-4544
1538
-9940
-1374
8668
6344
-1644
-9997
893
7744
-3881
-6091
9495
5592
9664
-4837
-9407
-8277
-1735
-8827
635
-4477
4141
6778
-3767
6493
-8483
2357
-8082
8089
2032
-351
-2246
-6005
-9425
-5128
7178
-1556
1880
4371
7336
-13
2266
-2222
5240
120
9972
-2468
326
-4917
9581
8205
-5180
8318
6901
-2176
-6793
3354
7193
4899
-8228
3870
-4385
3351
-6905
9958
2711
-2484
8425
-9152
6102
-4751
-783
1708
4739
7816
-1057
1874
7884
9212
6324
-9462
-6543
-3855
3005
7179
-168
9711
8951
895
-4438
6078
-8829
-3842
-8110
8394
1360
-7149
1835
-2966
-7004
5446
3642
4522
-547
-298
-4652
-7785
-4465
5536
9675
-9366
-1938
-773
-6366
-2423
8552
3155
4593
4685
-3842
4623
2576
2645
8872
-3324
-6672
8130
604
-2737
2930
-6415
6892
9777
9520
2503
1972
5267
1795
-6858
-9846
-3958
-8369
-7609
-9220
-127
-4617
-2430
-870
-2366
4678
-3154
-3246
-3542
2623
-124
-891
-3073
6421
-2437
9667
6659
-791
9231
-8573
7570
4190
-6013
-3833
1716
1929
-8509
-6803
-9453
-3668
3814
8933
5411
-6847
-2687
-4714
7219
-6748
-6891
-4000
5763
-6136
7842
-43
-2312
8480
9688
4217
2481
-6336
-1810
-8810
-3357
-71
-453
7827
4815
-5919
-7121
-40
-1598
-5110
-902
7140
-8122
2540
-6475
4616
4183
628
-8188
-2199
-2583
6021
7342
-8990
5273
1130
-5703
8397
-105
-401
5487
-3683
-5799
2511
2064
-9430
-3114
6006
2624
-8207
-8114
7460
1430
-8241
-6931
78
-5883
-4666
-3269
9688
-5837
4640
5627
-3599
8984
-34
3040
-5080
-8925
-551
7029
-833
7573
432
9853
-8208
6365
5209
-1037
9133
7273
-3825
-1239
2199
-5605
-1193
8352
-8677
8383
7192
9600
2223
5026
-5922
6354
-8097
-5398
4777
-2302
-6938
-6360
2991
1120
-9714
4327
8778
-7693
4560
-1548
-3428
-1759
3820
9369
8313
8392
162
-4446
3628
-9113
-8612
9279
9510
7670
-3911
5563
2116
-8541
1058
-8441
-262
-1754
-6693
7717
-6077
-4672
7331
-3807
1117
5902
2969
-3765
3274
-1156
-350
-8691
-9303
1573
4900
4615
3858
4726
6410
9898
6887
-5176
6719
-8689
-4155
4451
-9870
-5599
4949
-4141
5365
1470
4165
3286
-5284
6030
4781
-7900
-7246
-6036
8631
-7738
-1122
-5107
-3075
-7146
51
263
-8701
-8046
-5307
-3453
-4780
-7626
-4140
-9449
-7941
2252
-3798
6626
-732
8491
7602
-3001
-4065
-6678
2082
-5018
-7547
-629
-7578
-5233
6617
-8505
8860
7115
-4009
9172
-7628
4266
5026
-1805
-2560
-3758
4872
2147
7441
1980
3757
9735
1913
-5754
-9184
-6205
3384
-554
1967
-748
-4168
-4489
-4627
1242
2533
-1291
9218
-4618
-5660
8612
-1173
2384
-345
7405
8292
-3608
-5166
-6310
-706
8068
-7762
8559
8795
9936
133
7914
-4893
-5399
-8041
938
-6846
8553
4482
-2477
-7722
-8278
-7605
-1686
9631
9480
-8361
5587
3152
-8554
3228
2143
4575
8090
-3907
122
-6849
-917
7895
-6977
3086
5704
-7737
-8771
4968
-7100
-2878
-6828
8927
4264
-6155
3528
5996
1576
-9487
4703
-1467
-1072
-5593
-2702
5783
-1894
-3005
-9390
9371
5365
-7280
7089
2127
4388
1737
-5044
-3154
7422
-946
-8076
-2604
726
807
3465
-9471
-8240
7881
-7683
-4694
9778
6387
-4666
-7379
-7887
-7228
7895
9821
8185
-8879
-1433
7914
-9065
9547
9824
8004
-3900
-6847
-9765
7914
5511
3551
8854
-5220
2557
-4865
5512
6527
7462
-140
-8709
6502
2291
3246
-3881
2350
5134
402
9202
3062
-741
-4825
8765
-8867
4072
-9355
-7119
9999
8538
974
737
-2659
-4243
-9542
-9093
1727
376
1786
-5967
9033
7255
-784
-1155
-7969
5326
-8966
2376
1458
-9059
-6494
1553
-3041
4135
3364
-6331
-1622
-8810
-6862
-5080
3336
-9836
2924
3359
1872
-161
5355
6667
-6186
-8196
-1044
-7063
-496
-2379
2176
-1235
-9017
5241
1275
9662
5234
2492
5515
-1720
-7439
-9194
-9809
-924
9515
7799
7610
-4810
-8484
5032
3193
-4233
2679
4662
-6207
8908
-3362
-9337
9394
-7433
-1470
-3383
9781
-6949
-4188
9313
-3068
7093
4509
-3391
-7382
-1958
-5787
-4174
-7053
-1576
1136
2519
-6581
5293
-2698
736
-5267
-8427
2235
-3197
8097
8290
8507
4373
-7432
2981
9514
3496
-9578
2972
5391
2632
-3457
8634
3474
8146
-1959
7940
8169
-5001
-3838
10000
6772
-6489
-6009
-3166
-1332
-6230
-4286
8166
4440
-368
-6017
1696
8351
1508
-4115
-6767
-8871
-5042
-7262
-2126
-3630
-3626
-6741
7734
-7496
-3518
9131
-6855
-3407
-9727
-7985
6066
4170
3500
4854
4371
-6749
-9335
-6926
897
-1360
-2196
-9181
-3699
4432
-2900
-3646
-9951
-4685
-8780
4802
8855
-1435
-920
9774
7690
-7976
9657
6028
-2363
7576
-802
-197
748
7934
10
-7628
-3358
-5862
-6672
4137
-8408
-9453
-5724
-4914
-8463
-7708
6609
-7661
-9559
2385
7697
5985
4362
2137
-3610
3055
1777
-7832
-6181
-6413
-9646
-996
-4877
-223
3062
-4358
3193
-4146
1339
-4507
512
-7083
-2744
-1414
-2930
-5974
2437
-2293
-7566
-8606
1638
6502
-8500
9110
-8888
5771
-8502
1081
7054
-7368
2719
7334
5999
7454
90
8274
-382
-4764
-6577
-3674
9719
271
-7312
6583
163
2589
8080
-5058
2732
-7182
7110
6878
1149
-9466
5956
-3450
-2241
8304
7288
8569
-1984
-3515
-513
7449
5047
5966
7656
22
7685
3281
-9551
5383
-603
5308
-9695
2586
-6951
9587
-6494
8473
6897
-8769
-5981
-7932
-5252
-6972
2694
4802
-8190
-4712
-4231
-2777
-1973
1454
8616
-6194
9187
-5097
-2513
-1976
-4215
-2903
8499
2694
4837
6011
2245
-7466
-4279
2383
796
8526
-5337
-5297
-6047
9729
4877
3219
-4712
836
2739
-316
9887
-2755
-5306
4078
-7916
-8050
-7442
7936
8200
7694
5640
9920
3953
2742
-615
-3081
6579
5349
7251
-8723
-4971
6253
-8145
-5512
-2354
-6245
-1525
-1221
2158
1725
9421
6484
-7200
-7599
-7788
-2299
-440
7986
7050
-4018
-1657
8819
-6573
8050
-5367
-82
-4865
8395
-4313
-4043
3284
-2816
-8252
9205
-5413
9716
8115
-5978
963
-9635
-4205
2106
-7644
3899
-3762
-1897
7483
-4245
-7629
-3594
-3533
7146
7374
4220
-1251
2038
141
-4637
6479
-1883
2408
-9104
-8298
8261
8635
-2518
-1103
3613
3196
-6238
1653
-6834
7814
5630
-1157
8644
-8218
-3926
9294
3872
-345
-6036
1149
-3289
2452
8172
6251
-677
6349
9297
9266
1224
-2885
8501
-8236
1351
4252
3621
-9262
9162
-2339
-4748
2126
7921
6618
-1514
-9247
3555
6464
-348
5918
-3061
-7425
-1100
5533
-3742
1082
-2704
769
3519
4536
-3994
-2007
-2260
4913
3564
4284
9361
-8738
-3394
-890
106
6972
5795
5523
-4624
2829
-8248
-4925
5059
-8666
4589
8236
1562
-4880
9435
6896
-6989
-3896
-6999
-5170
-8169
6546
-4900
-8848
3047
448
-1876
2403
-5923
1521
4011
-9773
9763
-9972
7493
5593
4628
-6913
8829
8209
8491
-7470
-438
-9339
-6425
-2108
-4802
-7012
2593
-8315
5749
-2468
-2492
-2556
4524
309
7362
105
5579
7365
1423
3751
-2086
-8183
4512
7858
3763
2469
-5104
5303
-1276
6827
171
-132
9891
-9730
6703
-9970
8886
-6952
-7622
-5031
6324
-6128
-1972
-2251
-4729
7214
6379
2203
-1105
-4322
-7362
7925
-1588
6119
18
1902
1815
6548
-4924
-521
-5357
-2608
-9230
1208
-7855
1405
-6743
4777
1420
8343
9356
9705
5301
-7023
1075
-115
-2628
8832
9728
4140
-3855
6294
7186
-9180
-9910
3749
-8711
3670
9222
-9190
5610
-2769
2317
-8064
-6010
-8416
9376
-2636
-6252
-6226
3107
-8608
-196
5226
6325
1252
-8704
-5137
-3097
-2976
6171
4367
-8006
-2845
1364
8066
-3767
-5347
1137
-9070
-1940
123
-4311
8946
-7213
-4296
-7054
-5803
-1302
-9798
8400
-1990
6604
6504
5009
-3146
9827
712
2634
3815
3177
-6928
4625
6363
5417
2639
-6077
-5801
-7814
7245
7692
8704
2973
9856
-1313
3854
-3363
-7192
-9807
-3211
8128
9751
-3426
-8106
2466
8988
-4347
1683
6948
-4194
5554
1788
-2103
2041
-8711
-9798
-3806
8768
5131
-6386
6577
-8100
-6097
476
1284
8720
4652
6618
-3779
-7530
-1464
-593
6859
-6860
-6654
1692
3860
2626
-7593
8706
9328
-8786
-8041
9121
-3951
3956
7363
-1109
3963
-9282
7499
1649
-8411
-8396
-5788
-4727
-1297
-7499
8249
-991
-2289
9227
2134
-1447
2984
-3158
6783
9694
1576
-6712
-3546
1886
8706
-291
5450
6150
3290
-1954
7210
2641
8992
-6383
-9619
-396
7231
-2627
-9354
-5366
-8710
-6325
-738
5119
3524
6357
5692
-1099
7138
-2865
-2361
4126
5850
-325
5975
-2054
258
-1577
-1940
9120
-4346
3299
7484
-4711
3412
-1185
-3070
4201
-2850
2908
-4761
3728
5726
3194
-939
-9190
8913
2310
-1249
-1085
6992
8276
-4839
5646
7981
-1123
-181
8646
4697
-741
-5863
-6094
5294
5164
4542
-7874
-3959
7914
-6436
2413
-446
3174
8854
-6996
-1883
4197
9490
-6840
-8842
-3876
1656
-4907
-5198
-8474
-2744
-2868
-6750
9658
4952
3823
-1191
-2536
-3000
-7432
-1878
7306
-3099
1121
3790
-3686
-5574
-1732
6143
-8787
-2238
1328
-9008
7253
5398
-7966
-1498
2995
-2883
8433
8463
8007
5122
-2012
6914
115
1288
8840
-3427
-9762
2276
2480
-8524
-5222
-1922
-4835
7810
-9902
-2249
-6478
5148
1003
6473
-9617
-4650
-8924
4101
3228
7575
-6690
7279
-7858
7321
948
-7452
-99
5778
3636
-8574
5911
-7502
-6332
9284
-5305
5492
-1301
9421
-5901
6997
8769
-3107
-4249
-8229
-6216
-3912
-9352
-2219
-2417
9863
-14
1006
-7583
8197
-5580
-2139
-3816
9164
-6967
6264
-622
5869
-4163
450
-9303
505
-5284
-7172
3258
-7345
5424
1596
-6965
-3049
7247
-6601
-3295
-34
-3874
4786
7470
-9762
-8308
2913
-2371
-4377
-2252
-9624
-4007
933
-2544
4101
5888
-9523
-9567
5888
5160
3078
5106
-6875
6387
5148
8203
-3921
-7363
5793
-6170
6023
8979
3132
-694
8902
7848
-9747
7363
-8249
7710
4853
-7512
507
4239
-4801
3631
7783
9128
862
-6175
-187
8252
7380
-8428
-4545
7863
-5232
-6879
-6340
-1584
-4269
8402
7058
-3935
-2956
-6813
-52
-3248
6978
2489
-9893
-4935
-505
-3117
-9736
-9223
2158
1978
3004
8426
-6094
3174
-8799
-4785
7386
3267
6549
-6390
8367
4952
2165
-269
-9300
6040
2178
8636
1834
2083
-1298
3012
-3814
-4751
-5911
-1291
806
-4031
-4382
9477
1041
7417
-899
-212
3974
-6202
-5883
-3847
-7608
4435
-7522
-2553
-9524
-9583
-1681
-6727
9056
6490
-2480
-9673
-7001
-7282
-887
4672
-4340
-4820
3864
7417
6529
-6535
3636
7461
-863
3467
-3899
