8290
-7607
-1934
-7721
4258
-1518
4773
-693
626
-7224
-3375
-2527
8737
-124
2062
-5615
1952
6335
-2737
7045
-3802
-8964
2007
-170
-5947
-3550
5209
8415
1185
4286
1275
1940
-8418
-5092
-2543
4449
213
6018
-2188
7430
-3282
-4631
275
-7011
3939
3457
-404
3610
-8556
-3640
-3216
-101
-4343
-1359
-11
-723
8579
-9531
8551
9268
-4760
7993
9795
-3171
6104
6864
-1696
1095
-252
2066
1103
-7428
9220
6592
9815
1686
4349
9789
-896
-1497
5872
-6960
-1029
-3656
3222
8178
8183
6630
3345
1849
-8291
-2334
2425
-2071
5215
1069
9043
114
-8270
-9559
2543
6335
-9553
-4286
-1834
-971
-4263
3683
2068
9845
2744
2261
920
-7307
-673
5353
8582
-9117
7227
1962
-5506
559
8039
9821
2532
-8710
5671
2240
-8890
5987
-261
-2159
-3281
9819
-6660
-9645
-6550
-1269
-8117
-6446
-908
-6777
-8017
7817
2766
-919
-1426
7861
584
-3393
-5020
-6802
5406
-6534
2834
-7595
9504
2773
1858
4295
-4154
-642
-5108
-9405
5914
4561
-4537
-9355
-4439
4030
5515
2047
-122
7344
7142
9930
-5452
-4215
-3812
-7938
7492
9086
-6868
8691
-4247
541
4753
-4922
8592
-637
-5234
-4988
-8371
4732
-3651
9234
1260
-5401
-6425
3570
6926
9182
6236
-9705
7226
1255
6597
-2226
-3733
4789
3550
3225
-2505
-5415
-9973
2309
9726
6688
-1484
8059
-4087
8967
-9146
3460
2806
1098
-5322
168
-8525
-1733
649
9240
-965
-4994
8243
-3530
-680
7575
-2561
-3334
-3150
-246
-3667
6677
-666
-9517
8553
-5167
-3879
-4969
2143
6885
5192
-1131
9958
7447
-3340
3361
6429
5084
-2703
-41
-1170
-488
6504
1178
2990
-8534
-4278
7585
-4280
-2151
7844
1882
-1222
-576
2883
-6584
-3046
-402
-6151
8334
4059
7864
914
-2459
-9899
7953
-7471
-4832
2812
-7042
2023
-1670
9917
9295
2964
-3440
438
-6540
-4034
5085
-9558
7839
-2261
-5789
8693
-6502
7953
-4810
-8090
9573
-1656
-2071
4224
-6204
-7851
-6434
-7219
-1732
9064
8388
-8730
-6208
3710
9038
2132
8722
8048
-829
7155
2434
-2864
-2811
-9223
6369
-723
-9286
6880
1896
9099
-2473
-4987
-8658
-6257
7508
2759
-8050
-2463
5514
-6159
5401
1301
1462
-96
2080
4423
-4082
50
1091
-6371
8196
8759
-4128
1646
-6294
679
4934
2993
-1657
-5928
-1523
9352
-6170
3196
-8483
-6172
6003
770
1370
-1513
9881
5646
1030
8514
-5154
-1305
-5313
1267
-7285
8797
7286
-1007
4882
59
8163
-3619
9632
-8
-4675
-2717
4309
-4744
-2561
5617
265
-9358
-7979
4091
-7329
4687
6330
-5846
-5190
-4141
-5508
-4925
5183
7104
6813
6299
3869
-6340
8862
-4239
-7042
-4216
6274
-9161
-1710
9630
-4828
-8053
9360
-6186
-4927
575
8589
-7023
3870
5865
-9303
-3092
-103
-9080
3741
-3756
-1021
55
-8326
-6258
6370
286
-8379
7480
9517
6264
6141
8556
-6481
-9792
7034
-7939
2737
4340
3977
-3736
-5898
809
6541
4683
6534
2117
4999
-2843
6163
-8686
-1552
-9616
-9673
4520
-3569
-8161
-1189
-3073
2987
4334
3802
8267
3946
-5897
322
-8311
6127
-4294
-7907
-8985
1910
4954
9583
5130
9272
9806
4527
8193
388
-8425
-9274
3746
-681
-9509
4205
-7421
-7275
-3602
-6371
-9486
-8098
-2376
-2051
5720
3228
3868
-8777
-5624
558
3289
7693
1902
1313
-4369
3359
9437
-3244
-2829
-3509
4963
3843
-8181
-4552
-7358
5565
-9778
1871
-8696
2981
-8534
179
-2219
-3815
-3881
-4932
932
7726
8927
-3513
-3886
2242
6761
-7773
2885
9079
5060
4098
-9956
-5496
-9544
4771
-1785
-3093
-9809
-6573
3481
-6790
1996
-5345
7263
612
-2211
-2035
-2870
-8299
-1755
7670
6106
6915
-5359
6121
2473
6570
1912
6598
2675
-8180
1316
1338
-500
2290
-6538
-3031
-653
-5655
4669
-3529
-6842
-2509
-8948
6407
6167
4528
-9754
-7717
-2664
4094
-1726
3045
1236
-9167
-4805
-2384
-5914
4933
-1817
9835
-788
-5679
-1193
4018
140
9845
-2096
3917
-6443
4136
-8182
-8830
4066
4840
-5970
8083
5863
-2428
-2247
9743
1659
-4436
483
9838
8850
-2228
-9585
4352
1512
5048
-1336
-7022
7111
-7626
3555
-9889
7581
4779
-1227
2599
-342
-281
4086
-6778
-2151
-27
-457
8769
7677
1517
-2982
8409
-6098
7994
-8549
-1873
7632
-2788
780
8277
-8181
-2560
-6114
-4175
4380
9582
3233
-8497
1649
-8773
6060
-1306
-1006
1053
-956
7965
7426
-4118
-5543
-4227
-3612
-8445
-9507
-2177
-7691
7414
-5170
-199
-4286
3309
5087
4642
-7966
-9104
7926
-4768
-4515
-8259
5751
5630
9333
-8056
4547
1032
-79
-2840
-9505
-7791
-8034
6519
-5219
-2397
-4588
-3272
8051
3996
5447
278
-2778
3762
-3562
3470
-5360
-5820
6983
-8345
-3599
1473
-4931
-2037
3543
2451
9723
8075
8359
-3685
7306
-7529
71
4826
9812
8374
984
7887
-7109
8158
-7249
-8893
-5437
-8400
-1041
-8841
1994
3375
-12
-6455
-6030
2765
5836
-3080
3254
-7778
6931
-8464
5653
2077
2433
-8645
-1482
2027
6520
-3861
-9326
-6212
5583
-1577
5296
9283
7715
3766
6065
9217
-9373
8786
-188
5791
-2764
2000
1941
3506
2894
642
3122
-7738
-6758
-9630
6340
9882
-8355
5026
1613
8212
-3869
-723
-2549
-2047
-1525
-9894
-692
1759
-3924
-5118
6997
1763
5304
-9799
8431
2897
-4587
-4361
-5392
-8042
-1131
9646
-67
6191
5482
-1102
320
1333
364
2563
-2466
-2931
6131
8829
1666
753
3165
-3465
6080
-8349
9992
8924
-7257
7031
-2241
-5047
-9803
8774
-4056
9637
-7279
7274
6756
1288
-2570
-1848
-7908
-8940
6891
-6975
5639
8380
-1962
4633
8445
2958
7283
-4701
7196
-1821
3148
-9811
-5070
-1410
664
-3253
-4441
-696
2134
4229
4367
5780
-2912
3939
5015
-2428
-3472
-9818
-3974
9958
3341
3912
9305
3212
9960
5510
8142
-3790
9772
-5851
366
-9579
-4395
4160
6149
-2500
9817
-5647
-2860
-9028
3938
-3375
1404
7424
2862
-4178
6783
5325
2360
4361
1491
8420
-6794
-5785
-9925
-8863
6069
-7452
6537
8206
7023
-745
4526
-6519
-7314
3961
928
-7259
2110
6881
9301
-5577
-8544
-1017
7665
8183
1392
7605
5635
-5539
2464
3607
9743
-8224
7256
-9474
3356
4544
1209
-1492
158
-2901
8681
3037
1050
-5383
2010
-7993
211
344
-8464
4042
7734
4323
4129
-6950
5772
-9444
-3688
2930
1395
-9694
2378
-9820
-3866
515
9688
-4254
765
-1259
7111
-2249
-4815
-1263
6759
6256
8051
4638
7554
2693
7387
-2322
8711
-5317
-2719
-6718
7616
-4480
1142
2305
4170
-3918
-2231
8411
-5572
-1326
9990
-4730
-145
2588
-6298
-9910
1630
1826
4237
1574
-7913
-9429
-8111
8526
-9500
-4578
3195
4456
-6992
2278
9203
-7970
-2321
-1211
7682
1355
-2440
-5760
-1612
-2700
8890
6253
-8314
-2911
5585
-1949
-3689
9208
4745
-630
2759
-9341
9440
1718
4208
7827
-3279
1326
-4114
8419
-6912
-7626
-1397
7342
-4530
-3553
-7353
924
3049
-2502
376
5246
9732
-2710
-3690
4581
-9016
-8033
-6764
3964
-1478
6759
-6061
5747
-8622
-4735
9460
4984
-1987
9923
7710
1977
5633
2903
-6900
3590
8131
4797
5351
-97
-9957
-6042
7759
-9312
-470
-3516
-7479
8826
-730
-7173
-8635
-7999
3460
1982
-4539
-3941
9954
-3529
7557
1030
-1315
3788
7418
6844
170
692
-4381
-8935
-2591
6654
-3047
-1346
5452
6593
6697
-7312
-4137
4521
-1134
-6782
-4385
9269
-8722
1932
-8638
-3034
-5149
9867
-9861
7729
8740
-1266
5344
9772
-5264
5777
-2159
1832
9465
-2054
-6561
-784
-9949
-6227
8852
1645
-5843
-343
-1698
9020
-4887
7990
-9313
6060
80
3588
2682
9678
-4296
1732
-6685
-8760
-5556
4425
-1733
-239
7635
-8437
-3237
2065
5951
-2327
9468
4648
-12
423
-2649
5451
-8505
8603
-7743
-8003
2196
-1594
7912
1016
-233
-1003
-6350
9189
4483
9775
-7334
-6528
-7768
5482
143
5544
-167
6740
7928
-4315
304
-301
8909
5920
3407
-8171
2568
-6696
-5040
-92
1789
6065
8324
9089
-6842
-9011
2134
-9001
-1627
249
6351
-4016
-8607
2023
617
-4234
1146
-2828
-939
-9213
-5446
7219
7258
4685
5407
-4418
8669
6235
-7004
4910
-7402
1231
-3941
6793
-2508
-2720
-200
-2256
-6749
4171
-808
-6427
-827
8065
-8082
7123
9264
164
-7386
145
-6877
-9116
-9724
3635
-8182
208
-5733
-2171
-8623
4541
-9390
321
-3028
5430
-1228
-9172
-9229
127
3356
-7418
-2737
3178
-6960
-1601
9713
-5006
-6265
2680
-1803
-952
-3592
-2263
-2416
-3607
1857
-109
-9940
-1984
8352
4553
-1490
9505
-4770
-6343
7167
-5874
7058
6112
6863
9622
-51
6404
-6390
7961
6950
-6881
5940
-5651
9166
-1006
7100
8763
4452
-8314
78
7642
-5207
-7542
-9003
1977
-9652
-2507
-973
8437
-3878
-2096
-5538
-5703
1641
9858
-4021
7088
-831
-3807
5935
3213
-1344
-7904
-1880
7132
-714
-5920
-3972
2029
-3040
-2562
-7988
8376
-7578
-8689
9412
-9091
-1136
6627
3645
-7582
6582
553
-91
301
-8266
-2918
3164
3577
-9588
-7954
-9096
8761
-7924
2399
-6046
590
-8470
9393
-3789
-3293
120
-5225
7979
5853
3350
-9013
-2655
-9548
-9581
3021
5389
7633
5151
3630
-9756
-3460
-7763
3249
7676
-3104
-328
-2269
5265
-367
8143
9776
5848
8994
2682
1142
3973
-2054
-2728
585
-3406
2558
2196
-1683
-1894
9594
3878
-1029
5726
-3085
-6716
3027
-7004
4921
3392
-8267
-8266
8214
6911
-3195
9859
2
5845
-7950
-2617
8967
6679
-684
807
9865
4624
-7652
-1303
2454
-2220
2616
8713
545
3213
4637
-7831
2385
6293
8207
6299
7848
-4342
-742
-9792
7151
-9566
-7403
413
-700
-3651
7799
3555
-3424
6051
-7269
8146
7320
-3410
3498
3791
2733
64
9524
1639
7292
-1068
9608
-8594
2925
7689
2789
-8192
-4025
-5165
-7075
8843
-6900
-5919
6264
-3235
4207
-8588
-1108
-8926
-7258
9420
7570
-9784
6223
9127
6808
7018
-6480
-3563
5435
7839
-5907
-2280
8576
5694
1779
6041
3873
8945
8887
1079
4853
-3598
6393
7908
-7880
3765
-7503
-48
6985
-8179
7135
8393
5368
-9504
7393
3019
-1333
6130
4646
-4812
-8784
-4835
-5797
126
9914
7862
-9701
-4287
3768
1414
-1474
1650
-6213
4758
-1547
4505
6026
-2561
1244
497
-3744
-7502
5759
8815
9448
3240
-3143
-1708
5633
2848
9377
8247
6376
-3499
-6198
-7551
-7967
-4236
-6302
5469
-255
-2001
4263
-1461
-6756
9186
-7506
-4678
5855
5621
908
-4607
9017
2004
-6249
3947
-6870
7864
-9159
3083
-5195
-8916
-775
-9954
6752
655
1809
-3619
-8068
1517
8585
4801
-6602
400
-1323
-7240
-8218
-762
7894
8189
7200
3539
6931
-8399
6247
-9893
2803
-3361
9173
1955
5917
-5955
-3041
8099
6409
3001
-4721
3507
-2384
7174
-7818
8414
9239
55
5725
3432
3664
2446
-7388
4928
-3694
6517
1743
-2693
2267
-3979
9792
6147
1660
5972
1904
-8283
4555
2778
7884
-3578
-475
2911
-3516
-743
3813
-7895
-7447
7263
-61
-9133
-9232
-1965
-3284
5720
9527
8456
2517
4941
8538
-8077
8880
-3552
-6913
-2900
5690
-3793
-321
202
2986
5203
6339
-2680
-8694
-5765
-3529
2938
218
-5530
5802
5889
-9716
1634
-925
-1996
-3470
7636
7261
9885
-6776
3897
9710
-9976
9911
9167
-1008
6608
-1408
9541
2799
-8374
6065
4596
-5572
-743
2324
2845
-9007
2414
5461
-5965
9563
1289
-3880
-3606
3386
-4645
-7797
-2464
-5590
9658
9578
7526
8895
-2888
857
6254
-8808
1511
5343
-9005
-509
8959
-6448
4636
-2377
5553
-6630
-9570
-6230
-8395
-7027
6375
4073
1159
9601
6539
4537
8576
-2015
7075
4935
-5298
9098
-8928
7835
-5165
-4647
-8812
-6180
-4607
-2668
995
-9432
-6974
-9272
-7600
-1369
-2539
-4833
5027
3336
5224
5577
-2750
2930
-7724
-9887
-346
-3367
896
-6407
-3227
2343
-2449
5610
-4451
7576
-6312
-6757
7845
5323
-3660
-553
4263
-2229
1982
3554
4434
4021
-8386
-2128
9634
4736
6175
-7189
-273
-6948
8598
-6904
1048
560
2831
5932
-7582
1478
-5593
-3448
9264
268
-9933
-6017
-913
-1403
-2552
-3971
-4448
4055
-3537
-6522
-130
4726
-7151
747
5209
9970
140
-5603
9343
969
-7162
-5940
975
-214
8499
8102
1841
7782
4352
1030
5075
-2817
-8435
9884
6021
-5593
-1473
-4311
-4452
6222
1393
3805
-4607
-3678
3603
8949
-4538
9646
5457
-2183
-8189
-9934
3919
-3045
5208
-2556
-7926
-6283
-8329
-9961
9905
5101
1998
-6815
7893
4668
5998
-7089
884
7884
-4294
3760
2475
6754
-7314
-3073
4069
-2542
-3503
2452
-8435
-3519
-4176
1856
-7921
-4471
-8454
7231
-2360
4889
-7360
-4736
-1230
2438
3776
-3367
-3348
2067
4434
4741
-7021
1348
6031
823
7820
5577
-1790
6492
-2198
-4510
7871
-2187
-9446
3721
2469
5644
7079
-9125
6417
7364
-3846
-444
3292
5330
5075
-9509
5522
-2157
-7732
-7576
769
-1352
4891
-600
2937
2247
176
3914
2046
-729
8423
-8961
-3039
567
-6632
1691
-4687
-2296
-3021
3949
5388
-2733
-8962
-5698
505
1944
-5609
9009
-6873
-7953
-1349
-554
2864
-4284
-9124
-7058
-9290
-4208
6587
5672
6003
9337
6527
-6304
161
7264
-2804
305
-4106
9863
988
9496
-4856
-5245
6514
6916
2835
-3132
4661
717
2527
1030
-6051
7405
-4968
8497
-7981
-103
4445
1322
7034
2480
-6213
8453
-9396
8533
-3704
-8691
9730
1085
-6389
-9029
-4539
6077
-6872
-2581
-8464
-1451
-9044
-1640
8222
-8676
5860
-8422
-921
9078
-5201
-4329
-5333
8987
6175
3521
3707
998
4766
-8428
4800
-2479
2889
-4750
3385
-4572
-1391
8450
-7755
5239
5971
-8712
241
2133
-2857
4651
-8546
-7103
-3780
-8620
3
-667
-3692
-7558
2955
-2192
-9603
-9562
2427
2128
-7271
5812
-6578
-9423
4171
5671
-2138
-8386
-8595
-4615
8239
2847
-4630
6870
-3245
7272
6018
2767
-653
-5505
774
-4480
-2301
-8914
-2922
-407
-2854
-5805
-4949
5246
-3935
-3763
7503
3259
5356
-2271
-5392
-6559
8282
9284
-196
6327
-3335
2218
-1514
-1018
1119
-1951
-8014
-3364
7036
9348
-6050
-379
-8995
-2463
-3534
8274
6776
5014
-2607
-3130
-6276
-8216
8550
-51
-283
-589
308
-4404
-2258
8741
9072
2916
9848
1423
-2633
-3457
-7330
4207
-376
-6751
6571
-272
-1402
4600
9528
-6670
6683
-9398
-8539
7172
7531
4446
-3197
-9757
-292
5112
-7816
9134
552
6789
-9667
8854
-3543
1644
4483
4473
7474
-1966
7702
4342
3662
492
-4434
6702
162
2705
-6416
8225
6494
-8699
4620
-4555
8809
3494
-6975
-8617
-9465
-5740
-4711
5268
-8866
1500
-5821
-2894
-2700
-8666
-7707
7640
-7078
-5025
-5927
50
66
4597
-4231
-1837
3069
9396
-864
-9183
-4511
7176
4789
-135
3679
9936
8333
-6433
-8902
478
4914
3797
5267
-7596
4534
-6029
-7231
4507
793
-6323
9505
5965
6386
-8826
-836
2744
-141
2706
7269
7775
-2166
2676
9349
-783
2628
8952
-4891
1015
2391
3714
-7636
6911
536
3253
1260
-4029
-7775
-7074
5864
1353
9372
7874
-1124
-1266
6678
-9455
-8162
3128
-3820
9293
-7028
3907
8772
-8485
4245
6848
-9464
3480
6395
8258
2340
3578
-1800
1349
-9875
-2864
-9577
-8138
6810
9297
-8411
558
-9883
-2386
3876
6563
8162
3273
6297
-227
1779
5546
7487
764
-8593
8775
-7727
828
-1877
3932
-4713
6510
-4266
4738
5302
-527
-3063
1539
-4659
1865
-9716
1838
-9652
6985
3389
-9809
-3395
4494
-7032
5706
-9284
-9235
-8570
-7370
8849
-3575
-1252
-3316
-7182
-4376
2098
-220
-2421
7063
-4315
4056
-4503
4983
-4267
600
2888
6755
2950
2921
-2301
-1212
3743
-5677
-6228
441
3746
6746
-1856
-8086
-6608
-3870
-1959
9382
-1636
-992
7291
5089
-4070
-4465
5237
4846
-8416
-9848
8348
-6798
9192
-3208
6015
-5550
8489
-4153
-7995
-7007
4615
-5217
-3040
-7326
9567
6737
-1636
-3914
-5624
1256
9820
8263
-829
-6355
6176
-4197
-9506
8010
-8183
524
4859
912
8744
-7242
8701
4490
2441
-6554
9787
-8521
-9462
2399
5652
-4545
-9178
-3237
6838
-17
5933
4117
-8992
-4358
908
-2766
1174
-7279
6298
9784
7687
-312
-5695
1456
-4955
-584
-6612
5678
8389
-5634
4497
7224
1407
-5483
-7622
-6498
4278
-4996
7777
6963
2623
7717
3396
-5030
6927
-8110
-8699
2069
5282
1795
-6676
7691
-9918
-9371
6295
-3596
-8253
3573
8581
7875
1883
-8079
-925
-7228
8651
-907
-3530
-4356
-2726
-2484
-7632
-6707
-8975
3132
-9237
-637
-9184
-6811
6673
9783
-7954
89
-5059
5568
1140
4309
3899
9472
4687
-9716
3871
-7300
-2926
8293
-4602
-9431
2744
-434
9298
5573
-4963
-2604
7403
54
4423
-1016
3629
3511
3706
4892
-1454
4640
7405
2693
4154
2539
8320
1217
1554
-1988
-6171
-830
-8388
-6307
3511
-6906
-2378
-7535
-6630
2166
-5534
9649
-9234
-1831
9608
-9811
-1491
2768
-8593
-817
-7471
-9499
-154
-7935
4369
502
2958
7220
9925
7586
7972
6988
-7800
-4491
-9496
2784
-9714
5737
1223
5766
-6342
-5317
8752
8989
7395
434
-3617
7247
3997
5033
-6743
559
-2316
-5185
-1130
137
4924
-4656
7421
-3104
-7320
8644
7958
-7959
5564
-786
8283
-9550
5630
2178
-5644
5820
8545
8229
-5586
2188
629
537
-278
-2901
64
5376
-5188
1917
9251
-8105
-4682
-5543
4380
9940
-9661
-6559
-5219
5662
6394
-6818
9416
-7662
-7609
4294
-711
-1485
-9387
5514
1711
-2434
-6439
-421
6229
9419
6928
2430
7586
9776
5034
7406
-2919
8490
-3830
5736
-9312
3008
-1233
-2594
386
-292
8618
1768
6182
-662
1431
3331
-2721
9559
-8013
-9954
-4648
-7730
-9082
-3859
1973
-1332
-6708
-6207
-5754
-8493
-1910
-9653
9002
5999
-6132
2678
4141
-3344
-3931
-7970
-9670
-6636
-7002
2893
-3495
-4515
-1719
163
932
-7328
6951
1513
5971
6199
-7288
-6867
6052
-1511
-9810
-8798
-2217
-4397
9310
661
-8899
4761
3926
-1168
-375
-742
-5845
7659
9995
-9065
-7587
7548
9514
2062
-4045
4533
-3754
4757
-3495
7724
-3551
-9112
-6322
9401
6586
5974
-2308
1180
2008
897
1097
-8715
-3011
7352
-9757
-150
-4564
-305
-8228
9476
-9566
-6703
-2502
-5983
-6476
3696
3637
1660
-7309
-4933
-766
-180
-6311
3467
-7913
1062
-4369
9278
1778
-8501
-6300
4681
-9968
-3432
-4898
6817
-4686
1084
-9723
-8963
-2937
5360
8486
-1842
-4899
-4404
2785
2105
-2321
-1057
-600
2307
6132
-2004
7768
5794
-3571
743
-9151
9156
7443
-8008
4462
-7004
3908
-846
-2111
730
4442
1145
5053
-4396
8296
2845
-1440
-3081
-9644
-3143
-1617
-7570
9942
-6558
-9693
-9188
7111
-4002
5609
-2843
-3016
-6707
-9359
2898
-4014
48
4428
6358
3517
-2638
-7656
-1893
9756
-5228
-5126
8262
3432
9590
8314
9219
4756
6830
8886
-8889
8527
6563
2842
4456
2382
-8461
-1402
-360
-8572
1749
-6785
-911
928
-5114
-4419
-9849
-2654
3430
4524
4796
1960
-1209
8360
-6520
8770
-7917
3220
-3880
9717
4451
2403
-5575
-6055
-8420
4957
-2597
-2174
8120
-5622
1512
-7192
-2742
2831
7147
-4855
7592
5745
261
-3864
8465
5308
5434
7685
1441
-2878
9462
3083
7141
9331
7834
-2792
-1396
8020
6314
3708
7942
-1958
5177
689
2843
4899
6628
-7816
-4182
1389
-1126
-4215
-5863
3546
-3556
6915
6333
-6468
1562
-4915
1423
-7172
1872
7718
8099
-595
-2964
-545
9035
623
9372
8321
-9316
-9790
4007
5984
342
-8264
176
-7240
-4174
5023
-9075
-7741
5748
-8883
-2435
-3688
-645
2728
-8002
1136
-8037
3802
-3553
-3182
-6365
8605
2666
-6843
-8219
-6485
-3213
-930
-842
7638
3274
2925
-8276
6478
-6564
9369
-2284
3406
8292
-1887
7556
630
4780
-6067
8074
-5867
2563
7397
-8156
-5042
-8011
-8191
-9073
6692
-8608
4010
5089
-2343
-7578
1298
-9118
-9131
-5190
2950
-8217
8603
8239
-7366
-1275
-4884
-9524
38
-401
-2975
-346
-6484
9199
-6197
502
-8411
5472
-6199
3988
-5564
2364
-9169
7667
9206
7515
-1415
-3416
-6862
-248
-9809
-7907
689
-9003
-722
7261
-3695
-9871
4592
-1930
6693
-7965
1891
3429
521
3485
-9096
3495
-7163
-9448
-1148
-8671
7526
4496
1128
7551
-9629
6772
-1803
-429
1865
-2350
-807
-2170
6399
1127
2442
-6691
-786
7484
8451
-4265
-6743
-9353
-7690
-7603
-3963
-6812
963
9695
-6670
5800
3477
-6252
1543
-3032
-3668
6480
577
-8248
8544
7890
7161
-566
9508
1924
9029
-5962
-7241
1329
-1193
2343
-1779
3541
-8248
-3721
6885
1629
-6579
6313
-6043
-6035
1380
8315
3857
3982
-5509
-3852
8947
-400
8434
2832
-476
2520
-6286
-8690
1639
-4491
-5531
-4605
-3931
1857
-7460
-8396
-8421
7075
-6242
4728
5400
-4046
-4966
1719
2435
-1833
242
6463
4970
-3066
-6664
8344
-8637
5121
3792
-4183
8395
-4266
7859
8141
5937
3053
2298
5540
-1447
7718
8061
-1363
6831
6225
-45
5059
5576
-400
7260
6493
-9586
-7022
3465
-3598
-1109
-1866
8610
-3220
-4921
3560
9213
8241
4499
2055
1340
-6443
-7288
8381
6857
-5176
-8798
7292
8396
-3121
8987
-146
8522
-5652
-537
-4373
-6207
5136
-4624
512
5646
2087
3014
2793
-2190
290
5211
-3704
7497
-3083
1628
-3521
4478
-2365
2106
-8010
4237
3624
9415
293
-8525
8265
5881
1338
4666
2608
7601
218
2089
-9645
7389
-1081
7368
-259
109
9578
-6404
2307
5917
-9140
-2390
-1924
-894
5561
5506
-5103
-2098
3267
-4139
7094
3564
3916
-8763
8766
350
-8438
7390
-7137
5351
3107
1299
5095
-9421
-4591
8058
8891
2237
-4493
-919
-1271
-884
-7166
-9153
1645
-7637
-859
7985
118
-3656
-6117
-2276
9936
-9800
9966
-8949
3910
-108
-5625
-6269
9803
586
6253
3155
7081
-300
1878
1606
4673
-9667
5733
-8092
-7801
-8605
3485
-3979
-2505
-5097
644
-2317
8102
-5320
-5400
7038
-6293
-362
6308
-9829
9000
-8379
-1474
4867
-2535
-6210
6710
7443
9412
-406
2534
-9321
9162
-840
4703
2609
5099
1718
-6146
4068
-5178
143
-4481
-9025
5493
-7271
3235
6943
-8750
-2405
-1923
-6514
8722
7411
3742
-9742
1035
9815
-393
1458
-2168
-4393
9572
-766
8254
-1628
6356
-2343
-9276
8020
-1164
-6869
7495
-2462
-9331
8371
-4287
-2103
7641
-4072
-9469
-9437
4996
15
8908
831
8678
-4387
-327
-9994
4350
8890
-7608
-3771
1577
416
4065
-8954
6719
5067
9191
-3219
6480
-692
-5759
5327
7609
-6822
-8572
-3078
-5262
4245
8401
-7143
-3707
6274
9710
-7965
-881
-2789
-226
-2068
-8503
-3995
9417
-9624
-6873
-6037
-8239
-6116
-5692
-6781
-3665
6573
7668
-8878
-5185
9248
-9189
-5432
3055
5702
5911
4043
6066
-7118
3100
2421
-9919
6516
-3766
-6323
4787
5281
-8442
127
-3304
9745
4454
5991
-6769
9523
424
-2723
-7416
7836
8623
-7876
-3532
-186
-5836
4202
804
3649
-4297
4235
3924
-401
-1177
9494
1924
3600
6111
-3547
1477
-6190
-7461
-1373
-3551
-6575
2066
6279
-6142
-1110
4547
-7943
2493
32
-7510
8772
-1726
777
7297
8924
638
-7927
9498
-7674
6882
-1912
-4212
-3416
1669
4759
4240
2944
-1675
9216
-6171
-9208
-6159
-2262
-9573
-4730
-7671
3957
-7533
-2787
-8466
-4679
-6884
1098
-2625
8210
-4887
-2323
-6174
-4251
-2644
5513
9841
-825
2508
-927
-2217
-798
7137
-4306
9472
2090
8663
-1788
-901
577
5341
-7645
5551
7043
2704
-1395
-3305
7508
-4090
-4974
-7466
-6537
-6525
-2268
-3495
5890
-9800
-5628
5770
-3548
-4903
-8316
-9494
7562
-9314
9123
8760
-2750
6303
-2842
5524
9264
1701
-5090
6352
7475
90
-6540
-4892
5621
282
8603
-7618
6570
2340
-6335
169
5111
-5977
7519
4424
4417
5939
2275
-1666
-4927
-7647
-6753
5043
-6967
9074
-2108
1497
-2406
-5077
9968
-7577
3904
-3969
-768
-9502
1335
9145
2356
3074
9936
5139
-2762
-3929
-1522
3943
84
9934
-2152
9397
5287
-8322
-7544
-2140
-4374
485
938
8913
-7579
5881
7334
8265
6398
-1059
3048
-278
-4408
359
9869
4616
-2271
-625
-3696
3103
-9123
7326
-6884
-329
7537
3170
5258
1189
-2740
6329
2440
6677
1039
-230
6055
-2725
8545
6816
-539
9189
6808
1159
-981
-5476
-637
-1914
5200
6514
-5329
-3079
-4498
4177
-9791
1699
1474
-7596
3821
6124
8733
-2514
-7820
-6661
-8167
-6635
2028
6456
-3994
5364
-3116
7191
8360
-7460
8771
-8766
3962
9283
-2507
3021
-1334
-653
-744
7896
5203
-8495
-3582
4207
2541
-7115
1402
3707
7827
-6655
471
381
5952
1514
-7817
-8832
-405
3457
-2116
-4763
6381
-3154
-3
9590
4259
3002
-3498
-5764
9527
-8489
5186
5990
-634
234
-6876
6939
5701
-2744
9339
8580
-6952
3469
355
661
9555
-389
355
-1785
-7046
-2047
6043
1519
-8724
8256
3002
-2534
4054
7101
7089
-1982
-1036
-977
-8425
-7330
1015
-6979
-1625
6669
4472
7017
-4287
566
-2410
8325
-4921
-1465
2228
5978
-4318
6792
-9404
-7381
8570
7490
2116
9488
1958
1870
2271
8376
-6575
3908
-177
-4816
-7223
1077
5487
377
-6333
-5714
8011
-4129
4175
109
3499
7065
-9244
-3148
-730
-7528
4396
-4472
6799
-7589
3765
2645
-6655
3323
-6188
-220
8483
4939
-3129
951
4742
-106
2250
-405
1252
8088
1666
-113
9616
4892
-9933
9601
-3471
3626
9031
3456
8906
-1101
8611
-6990
-3445
7982
2676
9664
-2462
5546
-8844
-3937
-2498
8476
-5139
7646
-6729
-5657
-9830
-9176
881
1896
5971
8579
-6617
-3502
4958
7755
4750
4786
5408
-8494
1262
6486
-5505
-2217
-1071
6345
-6626
2252
3049
-8912
7551
-3938
-7351
1740
3619
2473
-7487
8021
-8364
1476
988
-2052
7132
-6998
-2570
-2712
-9419
-8520
7432
-9589
-9976
4195
1340
-1714
-2513
4716
-9898
5984
-844
-6302
4065
8125
7742
1940
7473
5748
1285
-2164
5859
2588
5761
7186
1996
7601
232
-8247
6426
4574
-8330
4570
-6214
-6950
2303
8451
521
5173
3209
-313
-8352
-9119
5694
-1670
773
718
-8583
6784
-1430
-6831
-943
2563
-7516
7557
6811
-5065
6979
5683
5716
-6398
6584
495
9614
2486
-154
5484
4929
4018
-6084
7529
-7908
1290
5302
2967
-4438
6009
-2308
8174
-554
1730
-5603
-2864
-3446
-9171
7665
-7163
4246
8869
8524
2620
-1875
6027
-1802
6010
5102
-9778
1289
-1375
-8410
-4291
-379
3986
-6235
-5603
-2590
-4732
-4956
-7311
6853
1294
-6394
7748
1591
-8757
-8140
801
-8751
-8603
4252
-8057
1956
2566
-6421
7872
5878
-509
6635
7022
725
4437
-2778
-8156
9355
-6840
-1520
3558
8792
-9209
9058
6392
-6540
4116
-2277
-5639
9207
-9861
46
9595
8980
5814
8666
3866
-7154
-5937
-2327
7685
9678
-6585
9802
4959
-1488
2596
3647
5593
4154
-9252
-7535
-4338
-5169
9725
-571
1511
-4229
-5502
8958
4712
-295
-374
-5735
7834
-3429
-3019
4067
2489
-962
-3840
2993
4505
-3417
1148
1777
-1961
-2538
-8852
1098
-4926
9498
2920
1014
-8654
-2464
1753
-67
64
-5282
-2028
-1568
-330
8651
-6058
4061
8610
-6480
-9715
-7139
174
4482
1380
1395
3582
-190
-3446
3062
611
5246
3298
-6997
-6357
-2208
-9293
1992
314
-4384
7731
-2327
-2980
-7139
-9935
4188
9174
-7531
-9140
599
-4505
-925
-3982
-6393
6553
1472
-2237
5623
-4690
3198
526
-8796
7632
-4158
-9253
9900
8694
2603
-6513
3096
2572
4253
7059
-5559
-4898
-4088
1956
4509
137
1721
-8727
-8465
-8885
9280
5102
-321
-127
6224
6714
-5939
-9725
2296
368
2446
3786
-3525
-450
7721
5793
-6660
2458
4250
-9454
9961
-5621
5209
-8595
-7588
5015
1195
-2004
-3551
2536
4905
-7694
3432
-7041
1932
-7181
-6965
6281
8482
-9768
2245
-412
4425
4539
5001
7016
-2851
-969
2069
-6053
-5366
-8217
1467
-7382
6079
-2262
3226
9505
5837
-4095
4064
2858
6610
-7188
-6504
-5932
-112
5801
2655
9993
3295
4668
-841
4284
2443
2413
2791
-428
3343
-8852
3043
-3928
9722
7769
-4505
1229
2238
-3732
-1724
3964
-9494
-2063
1952
660
-9935
-3955
-1021
-957
9429
-6248
-2392
790
-7781
4567
-5339
1540
-5873
6066
1277
7641
1134
-8287
-7132
-3019
2565
6502
7687
-7474
9384
9342
1105
9647
-5038
-4113
-8369
-6693
5134
837
6765
6662
8777
7988
5474
5205
-2185
-8618
-838
-6375
-4672
5893
2632
-5294
-1123
2977
6965
8708
-712
720
7572
201
-2654
7548
1287
911
9508
-2838
-8604
4134
-9582
-5870
-7996
2287
-8013
8250
-3419
6391
4376
-3961
6011
4343
-3306
4669
-9194
7632
1170
-2906
-867
3839
7406
-555
2254
-1090
-5987
-8414
62
-1153
8367
-1293
7592
6613
9949
8852
-1038
-445
-6851
9586
3063
7519
5997
-954
-260
-2695
2313
6080
6469
-2234
-5733
3745
4674
-7563
4619
-8417
-3443
4044
-2504
-3633
4702
-9721
181
-6839
5674
-7621
1405
-8415
-807
3785
-7045
5453
-161
-5355
6862
-9773
-8657
-3536
-299
5132
1033
3738
1589
-5028
3660
7189
-8019
-9122
-1049
8182
-8342
4348
-5719
-8115
-2774
7278
8431
-5922
-9241
-6383
-5560
-6112
8487
-9238
340
315
-728
7754
3188
-4957
1575
-6188
-8423
8629
-9964
2758
5312
863
-2147
-4597
7998
-6341
-473
-2467
-5252
-4490
585
8924
-1679
5694
-4654
-1813
2550
9498
-4828
-9247
3120
-2887
-7863
-7
5646
-8100
-5952
-5441
-4569
-7039
3542
2203
-5702
-3546
8045
-4812
-3375
6593
-7237
-8320
2479
9365
-1857
971
3298
-6345
-2536
9166
6627
4351
443
5340
-5349
-989
6424
-6355
-7908
7333
-9364
7474
3696
-4766
6047
9003
-8791
-1682
-567
-9298
3777
-1591
8783
-225
2722
416
6782
2206
-7597
-3833
5538
-9329
9844
-3002
4967
2622
-579
-9430
-8091
9547
4774
-9407
-37
4249
-9551
-9529
-2538
8022
-9430
2206
4057
-5979
-5584
-1467
-830
8309
-9740
5896
-5729
-1624
6305
9176
-1454
-9193
-6108
8871
-8101
-3602
-4423
832
-2946
-6097
-5034
-9474
4202
-2624
-8892
9403
-5110
6259
-1342
3678
9064
-8037
-6044
6672
-3586
3554
7615
1587
-7011
-5407
3361
1640
5042
8442
-3551
-8754
4242
-7095
7418
-542
-888
-3150
-4174
-7978
-5249
1656
-1413
5272
-9699
138
-938
-2054
6508
6542
-7361
7591
-3300
6924
-7654
5687
-5384
-8853
9132
8029
8582
585
9488
4002
7020
4920
1707
-1578
-4751
-3656
5489
4304
-6050
-5837
-345
1532
5919
5653
-1787
3862
3403
3174
3652
-8129
6477
3956
3817
903
7599
-1346
9043
-9217
7495
-2383
9022
5662
7330
3785
5415
1597
-2568
-6239
1821
1038
-7829
-8071
-467
3632
9345
2683
3755
-4869
5816
-3981
9540
-6129
5209
668
-733
-4438
6990
-2057
-5228
-4520
-3037
6524
5462
9787
8356
4137
-3529
8823
-2754
-4851
-4944
-9121
-7621
4001
-6846
-3740
-1262
4104
6759
-2030
1998
-2488
-6098
6726
7625
-6318
-8228
7887
8553
-3295
3248
8127
660
3992
-972
1795
-5286
7575
-1363
-1162
1665
5086
6306
2520
-8751
-4196
8243
-7326
-8469
-3124
4717
7118
-9524
8755
-430
3414
-3703
-5647
-6615
8670
3964
-6747
-2381
-7727
-8038
-1171
-1277
4769
-6966
-2988
-4260
-5048
4300
6186
7334
8164
-9697
4104
-1870
2556
-1377
-5564
-4792
-3985
-2650
7154
-882
2411
3122
1443
6187
-7064
2018
-1256
-1415
8046
7167
8030
3233
9484
3535
1022
5212
9664
-396
-9916
-2241
-7845
-1492
-3618
-7647
5681
1555
-278
9898
5099
-6367
8536
-1704
-5723
-8531
4277
4013
-7023
-7198
-7494
-9896
8457
-648
9438
3983
-8942
-6854
-577
4405
1671
-2632
458
4373
8140
5688
-3268
7731
-5474
-8679
1698
-1041
-9508
-7210
3176
3250
1671
-488
-39
-4010
-9717
1948
-6988
-9889
4387
-8826
-3207
-7466
-8978
-2327
-6046
2584
-6496
3966
1439
-2083
-7836
9515
8813
8098
1559
2222
-3036
2233
-494
4513
5896
2060
9422
4793
2913
805
-50
1514
4312
-3609
9576
-3408
-7555
2166
423
8741
8250
9277
-9837
-8104
-1631
4834
-4839
5105
671
-2117
5086
-4684
1298
-5754
-2182
-4409
1266
5453
1423
1734
-440
-5919
-8070
774
-5935
-60
-8837
-7755
-9668
-5119
6041
1079
5124
-5835
-9013
1541
-1375
-6112
-4592
7189
-1526
9528
5214
2809
5637
-8158
8622
6569
-6313
7997
-8126
1918
-9142
-5581
3508
86
-6700
4562
3130
-5825
4307
-3347
-9545
3501
-1893
-6245
-5211
9830
-3735
-7741
-8693
-8108
7536
-5353
1601
5257
-4260
-2266
-5797
-8581
-3319
2110
-8513
-4301
7981
8928
-5354
-170
-7967
-4379
2736
-5245
5824
-1037
412
5346
2330
9245
-6682
-9875
34
-3734
-5165
4597
-1914
8192
7565
3313
8569
7369
-4920
-9758
5299
-1947
-7537
8969
-886
-3136
-3998
-9421
5133
8093
3459
6710
8085
-5257
8707
-5275
468
-4830
1843
3924
-6535
-5310
-8209
7043
8675
9468
-9719
1538
-4326
-4927
-3645
-4146
-1694
8846
1210
-5706
2094
-1916
-6335
5238
-8325
-3461
-9948
5545
8258
7583
4528
-7647
-2034
-1892
-7035
-2108
-7870
8846
5819
8238
1761
-139
-1647
9936
-4640
-3588
7719
180
3395
8487
-585
-9588
-5840
128
-1202
6653
1930
-2512
2349
8587
-551
-5398
-7627
-6864
9274
4675
-6915
-5108
-905
-7972
-640
-8665
-3085
808
-6515
-3518
-1113
2356
-9371
2252
-358
5556
2551
-3623
-6711
8388
3864
6060
7807
-9520
-3719
6504
-6531
-3562
-1144
6054
9033
-3928
542
9484
-419
43
1900
-2519
-3155
-8680
5294
-6516
-5627
1671
-8035
3598
8421
-5748
-3458
-5079
9703
222
-4393
1151
-5803
-725
-8767
9691
-6559
7104
1565
-514
-8373
954
-7421
-7280
1124
7367
-9482
7487
9273
-7894
4621
881
-5136
426
-2895
6688
7844
-3845
-8599
4646
-697
-7817
-390
7319
7603
-4957
-744
6761
6576
7446
-6941
887
5239
4744
-5267
2401
3844
-6657
7501
6461
-9842
9576
-3525
7929
74
-1435
-171
7644
-6392
-9204
3254
-9953
-6180
9917
-8057
8862
-7469
-1214
-2732
-6830
9273
5051
8709
5580
1759
3377
8815
-2816
-5489
3378
-6729
6032
-5925
8911
-1608
9249
2803
4357
-3723
9529
-8174
939
6038
4241
6396
-3129
6582
-6968
8986
-4788
-3526
7499
2995
-4037
-588
-3526
-8175
450
-2327
-3654
3135
3376
4157
343
-5884
-9941
-7529
4719
-8272
9296
-1668
-5748
1656
1266
-9685
6066
3842
-2922
-7644
7889
-1693
-6505
3348
-9038
157
-8657
9276
-5792
-310
-2081
-5809
-747
1751
3305
8083
-1952
4277
9700
8648
-5078
-4061
-9878
8334
-7039
-7484
3363
-2070
3020
-6627
-5739
-7898
5333
6582
6641
-8830
8688
5466
-5736
4243
-3722
-8002
-1948
7741
1277
-292
-3119
-4633
-4728
-9562
666
3973
6908
-7870
-1454
-8571
2643
5522
2858
3408
7699
-3411
-2384
7671
1594
852
6393
-1096
-1948
-298
-7698
9859
5945
2886
2479
2155
-6814
372
6954
-2536
-5133
1190
2402
7110
-8796
3907
8907
2212
5599
-5694
9525
4426
2572
-1456
1276
-3187
-217
7181
-7254
5749
-5394
-7148
4547
-6357
-333
151
-6370
1426
1698
86
-552
6735
3385
-1759
3271
8540
3715
-5416
8772
7968
8718
2566
3581
-2098
-6076
-7839
-8286
-5736
-531
-3580
5714
1537
2145
6010
6483
5423
7173
-447
5119
7563
-7695
-3690
-5185
7305
225
1305
-5289
7389
1178
-5412
-3761
5200
-8533
-508
-6112
-2129
4868
5352
-4802
8196
1018
-5262
9636
5575
4503
-3469
6805
710
-4734
-8346
8334
-833
-8445
-3686
7851
-8398
-195
-8185
4242
-8718
-2991
6315
-6982
4962
-73
7226
8916
2600
5213
947
-1532
8989
-1233
8968
8602
4551
7754
9348
4333
-1671
-7663
-5640
6724
1467
-4697
6083
7728
-6084
2291
721
-3149
1620
-3792
-9675
8032
-5119
6708
4279
2909
6723
5786
4911
281
1105
-8118
1306
-6433
9614
9821
-7492
5666
7263
-3332
-9146
9747
4073
6917
-2170
6093
5248
5337
9357
-5838
-8135
5780
8961
-9886
208
5476
-3110
7318
9270
-9197
2944
-6359
7238
2960
-6834
4371
2163
-2134
6906
9428
9456
-7180
-289
9566
5080
-8791
5340
-5568
9277
-60
-4758
-826
5526
3640
9669
-9200
-8347
-1823
6113
7349
-5135
8133
6037
-8105
8089
-657
-7935
-2464
-7243
-9863
-3333
-1417
9867
7853
-4067
8116
7162
-8938
-5438
-1763
5493
3763
-2078
-5164
3667
7583
1528
-230
8897
-8402
-7074
8520
6145
-580
6079
-4262
-5232
-9645
4058
4866
2785
7594
7943
-7531
-4537
-611
1774
4906
-322
-8817
5010
5975
-561
-4723
-7923
-7210
-729
5099
1512
5359
9481
2913
-1464
-3647
168
-1858
-4690
-5134
-2000
1382
-5058
-6825
1042
-8731
9713
3452
-8857
6943
5072
3610
-424
7170
7431
-9171
-7845
-5667
-3297
9842
1479
9488
2140
-3962
-9633
-7502
-8595
-9541
3050
-6780
6755
-3615
3300
77
-3366
-3327
-9977
7889
-2061
-252
-993
-8953
-7631
-3128
6402
782
-5387
-8875
1383
-3295
2288
9035
-9139
5859
-7872
-2021
-3769
1659
2324
-1760
8111
-738
8231
3766
-8498
2483
3280
9049
-3345
6133
11
-5628
9625
-6257
4621
2562
-2055
-9243
2731
7360
-1745
-7652
5343
-5337
2990
-2184
703
2727
-4347
9120
-3281
-1738
-8046
6806
-8533
7982
3455
6289
-8571
-4318
5752
-7487
-6635
-8570
2624
6556
-8481
-8861
-910
3059
6349
-393
-9161
6000
4352
2975
-4673
3416
3968
-8882
-5962
2438
-8436
-6927
-4737
-2122
-1516
-1453
7897
7330
-4256
-367
8785
4615
-1813
-2955
8148
8561
-788
2160
-641
5782
4208
-361
-7276
5916
-1701
-9155
8445
-6177
-5225
-6028
-4427
-7504
-9618
-5497
9965
-5623
3949
-4331
-9239
7962
-3415
-1583
658
-6670
-5368
4409
4155
3372
-8220
-4963
-4267
1533
-989
-3194
6440
-4904
-5160
3896
-164
-6924
5400
-2795
-2458
6824
1399
-1476
6572
4928
4357
2797
-3640
1515
2386
-9491
-9528
6227
2988
2132
9982
-7847
-3347
2916
-7519
-966
-2685
2305
7459
6402
1281
-9551
-262
8087
-1540
-5872
3292
-4438
8729
-4939
-6619
-9206
1947
533
3754
-7166
-5363
3066
1778
-313
-8154
6592
864
5558
-7581
-9946
-9935
7564
6401
1194
-8817
9287
-7691
-1558
-8959
3733
-8142
8491
6401
-4607
6920
-583
-4721
-2010
-1003
1791
2473
7488
-5569
-9461
-452
-6910
-3570
-5742
-532
-4237
-4067
1891
-467
6117
-8208
791
3879
2604
5189
-2504
-924
-8332
6381
7269
7137
3167
-3892
-7892
2294
-5473
-5309
2101
728
-5159
6356
2530
7630
-7729
-6008
8374
-9750
-3907
5816
1253
3164
4857
-5630
-4426
5946
-4153
9474
1938
-1304
1987
-9278
8968
-7979
201
9935
4854
-2746
-6289
2031
6234
4530
7601
2674
-3404
-301
2152
8716
-4785
-3801
5883
8394
-2097
-4296
-9740
-8456
-2485
-5571
-5899
-8419
-8799
5689
483
1112
-4084
3180
5493
510
9299
3903
3459
6402
5719
-6941
-6884
7762
3575
3629
-9205
7864
-3370
9820
-2247
5435
-1653
-6522
-9268
8278
-1483
-9958
7381
-2852
6468
6043
-1201
-5853
1127
3054
9714
-6135
-6834
-1869
8454
3458
-8404
-9590
4599
1952
-8203
-9517
-7611
-4836
3230
7712
5949
3666
8810
-4335
8216
4313
8043
-411
7892
-5865
9705
-867
-7129
4770
9742
9466
9098
-9703
-7751
-2272
6117
-6518
-5623
-1099
-7922
3507
9049
-8666
-688
882
8593
4797
-6887
-6790
6672
-2154
-6486
-2948
2016
2663
5641
-2878
-4533
-9095
1798
-985
711
-5972
1556
-8328
-6308
-83
-911
4988
9093
-5762
-7517
-4419
9134
-5163
4896
68
-5678
-7822
-3658
7317
3574
-1413
-4923
-5893
4360
-239
-7570
2612
-5267
-5813
-3898
-3396
-7966
-7055
-8526
9601
2301
2728
-3177
5637
-5948
-6384
-6678
-4186
-445
-3807
3681
-9805
9472
-6860
-2294
-932
2339
-3604
-9129
-4764
-6113
-3808
6290
-874
-4336
2770
3331
6425
626
-2645
3661
-9310
-7375
8636
-8885
-6483
9252
8345
-1544
-4032
-7367
9930
1136
2281
-2431
6030
4995
-8734
-5929
-5529
8031
-7443
-6864
-3769
2918
8184
9090
173
-3539
2272
-8114
-8743
2552
-5071
402
2024
-3510
5185
9050
2207
3335
-755
5537
-827
-6226
-7106
4506
-1944
8630
-1804
7283
-9381
6580
-4845
7436
-2228
8045
2376
9287
8054
5852
728
-4887
-7606
-7539
-4687
4680
6751
-4166
7601
-8180
2534
-4373
7950
-8480
-8258
6121
9100
-1433
-7006
-7973
-3296
9960
9366
-9979
-1750
-5950
-3790
7996
-3716
-4880
-1454
-5686
-6344
-305
-2301
-9643
-4495
5715
9725
-7090
273
4927
8433
-429
2129
-1192
5846
-917
-7997
-9958
-1668
3819
-2289
4757
7864
-7724
7459
-3800
-9042
2304
7305
-868
-7912
9893
5526
-807
-6903
9697
8302
-8204
-7295
1246
893
-534
-4725
4194
9089
-1354
-9539
-5551
-7336
9188
541
2349
-9088
5718
-9707
9217
-485
4651
8130
8439
-716
8522
-2712
7146
6246
8200
-5797
-2011
1670
3331
-9800
8209
9493
9952
-6328
-6566
-1085
6255
-3093
-3549
4102
-1509
3496
-2404
2657
-931
9886
8053
7547
8563
-3579
3582
-4844
-5988
9472
-7148
9614
8432
9490
5104
5598
-3013
-6373
-8134
-9452
-8180
1455
6130
8876
-3181
4414
9690
6386
-5828
1172
-6661
-9938
5937
9983
203
3947
-8092
6768
3134
6003
-5963
762
5671
5145
650
7150
772
8955
3458
1326
2146
8311
-7195
3998
7487
-2570
6880
-7129
-1815
-2470
-4608
7468
-9739
1733
7360
1074
5153
-1226
1067
4810
7855
4524
9762
-1140
-6483
7569
-4163
-4921
8924
3570
-1559
-363
4705
-6669
-5782
3077
-9652
-9544
-6003
-2497
5477
9137
-9179
3761
-7011
5101
6125
4383
-371
-8124
-1039
8628
-5969
-845
8915
-5638
1746
8726
-4838
-9761
-1662
3909
5828
-6708
9030
1077
-8445
4334
9323
7395
-9870
-2624
-2710
-7369
4030
-3306
6340
-165
3604
9874
371
-2709
8183
-1684
-8934
-5668
5542
-6134
8411
-6493
3445
5304
-3922
4959
8401
1366
-7719
2790
-2464
-4556
-2602
-7629
-7111
9726
6148
8574
8141
8459
4135
-6597
-9872
-7800
-5679
-1518
3662
346
2476
6507
-8667
2594
-9861
-7365
4939
8352
-5933
-9022
7134
-9220
5387
9624
-342
4120
-4633
994
-6151
-23
3309
-361
4542
-1395
2364
-3833
-9788
2984
-9304
-2098
-35
-529
9265
5910
700
-3670
-7732
5203
-4755
-3604
-4655
9385
3486
-1915
-5407
-1829
-1696
4474
-8374
-5299
5903
-3789
-425
-2894
5532
-5468
-7220
-7397
-1367
-2204
-7726
-298
-7905
-7711
-549
-7114
4588
-8690
-2356
5106
-6194
6753
1143
2556
-1215
-5185
3358
-304
-8397
-6461
5070
-934
726
-2872
-8456
6559
-7641
-9184
-3610
4364
-6079
-3235
3685
3352
5481
-2639
3447
3412
4269
-635
-1838
-5255
3921
-9903
3365
5618
-9010
-5108
6017
6334
-6204
5351
-4217
5234
5678
3967
2800
7079
-8877
1385
-856
8725
7408
-7529
5520
3146
6415
9693
9407
-8453
-8351
9046
-8497
-1925
9026
717
-3376
2566
-7901
-875
-7272
7115
-6114
6157
-6550
573
-9108
-9774
1897
2695
2939
9463
216
363
-7275
4727
-2915
-1886
-4329
-7638
-3384
-6440
8085
8957
5854
7910
3917
-3691
-9629
3155
-8267
8833
8461
-4896
-1878
-3347
-1606
9279
-5646
-8001
-5715
8186
5263
-6251
-5550
-9620
-5982
6582
-7171
4504
1628
-4386
1980
-7147
-1802
6968
-7819
-4715
2352
-2219
3740
6168
-4795
3345
5104
-9717
-6822
-725
-3057
-3827
1341
923
7979
5686
9563
-3033
-5222
5557
4687
-8288
-9240
-2806
-9326
2315
-1608
-7869
-7806
8863
4395
-4181
-8741
7250
1783
788
-6939
-6912
-9924
6128
1423
2519
2755
-1650
-2337
3725
-7987
-2403
-5206
-8101
-234
9933
400
2253
8943
-7476
3966
1380
-6291
-1917
1045
-5646
-5059
2098
2523
1588
-223
-6287
-2874
-5420
-2864
-460
-7194
3150
2620
-5139
-1332
8488
-6314
-7352
-9653
-925
1245
84
3743
-4018
-9434
9786
-1740
-7296
-6829
-4092
6997
-4248
6136
-4292
-5726
-6208
-7739
-279
-1410
-2829
-4774
-3288
-6346
-6402
2678
2194
-125
2674
-1667
-3299
-3627
5695
1054
5662
-6872
-7192
2539
-4626
-757
-3712
4076
-3174
-9566
8118
-9121
6660
9758
-8616
-5780
4669
1606
6682
9426
-3063
-8978
-824
1579
-3751
1727
2253
1685
-2545
2052
-8780
3397
5470
248
547
-5323
-7977
-587
610
-9761
-6807
-5502
-9656
-9322
2469
-8696
667
6165
-3225
-5317
-2049
2309
7167
8616
2559
7738
5619
6973
4836
-7985
-8603
7837
-3073
141
-147
-7045
9437
6835
-2493
-2727
-4823
-5418
5853
3501
-7727
6226
-4076
154
3633
3152
-84
508
-386
-4166
5002
8115
-7348
-739
-9990
-2316
7610
-1773
7094
-8737
6673
7143
6092
-5962
9008
-2531
8639
1471
-5261
9354
4312
5962
8919
-8674
9323
7101
9890
-2928
-8684
-2291
-8710
-5498
-1340
3783
-14
-4379
-8523
-8347
-8657
1086
8982
-1803
-419
-6350
3580
9780
-9863
1413
3162
5428
-155
5038
-2219
9627
2124
-5452
7300
-6334
-2775
-6578
4214
-1555
-5506
548
-8954
-7409
6388
-9335
-9034
-5739
-9821
-4058
-6534
-4600
-8891
4892
5041
-8585
-5123
-9020
7709
-1500
-4481
9639
-4064
7562
-771
-561
9925
2679
-9229
8653
2455
-1886
-841
-6360
-328
4472
9024
6959
1091
-4533
9083
9628
-7959
4980
4336
-922
8309
-4199
-7569
2993
-5025
3703
2221
-7626
2925
9079
8386
-913
-1908
-5414
-7833
6291
6423
-4272
287
6580
6399
4338
-7359
7962
7149
3734
3742
-2179
-7512
8066
-4848
6324
-298
-3967
1837
2098
5940
4418
3025
-183
-5382
-9940
-668
-2194
-406
6463
-517
-4103
-3684
-7526
8288
-3739
4651
9982
7779
-823
-3044
-8837
-354
-9875
-7110
-5659
-2763
-3585
-1287
-7971
-8001
5036
-4072
5139
-4788
-3494
2183
-6125
-7265
-1377
1977
9562
4164
7913
-7179
-103
5352
3067
343
-2981
1285
-1410
4161
-4956
-7958
-9199
7463
765
-3594
3528
1340
5875
6952
330
9685
2036
9494
1678
-4321
3961
5774
3999
5149
-7115
4842
-2917
-2180
-416
2904
1708
-3038
-495
-5538
5564
8572
1615
1467
-3679
-4496
-909
620
4724
-3118
565
4340
3038
-7222
-3392
4782
-2046
5416
4015
8329
-3687
2900
3973
-3614
4677
2410
-1979
-8739
9104
-6842
4065
9274
791
2228
2940
-8886
-5604
-6112
2118
-2599
3787
5338
2416
-9860
-8168
4651
4740
1735
-6635
4047
3439
-2425
3107
4687
-1682
-9832
5664
-9731
-4597
4573
2030
-6402
2632
-8070
740
5311
3318
-6013
5201
-896
9257
3714
-982
4494
-242
6488
2377
6954
-4435
8324
3252
-8829
-3920
-4053
872
-13
4661
4120
-6348
-2986
3157
-7553
-712
-3928
-8160
1700
-1240
-40
-9090
1828
-3189
-5988
-2532
8659
-425
-1863
5680
5420
5054
3477
-7162
-2285
-9920
-9331
5136
-4539
9011
-8255
189
-4268
-9620
8424
-9310
6364
-7156
-6992
-460
-6098
8264
2154
-5592
-5398
-2394
7080
6438
2829
1320
7184
-5573
7370
2989
-8984
-4931
1561
-4086
9398
-9441
-4597
-192
-7076
6257
4936
-2501
-9192
6852
-3605
6088
-5732
6666
2963
6000
-5919
-3300
-4964
8425
3909
-6146
-6445
8808
-3787
9379
2082
-9958
6060
8739
-1642
3827
-8117
2352
1648
4062
968
-8663
-548
-1015
9130
-2405
-1144
6357
6256
-4341
9153
1703
4907
3518
8079
227
6136
3561
1916
-4179
-9178
2013
5867
-2255
-9139
-8550
-1665
3242
-2917
-273
1888
-7961
7616
6841
-1651
-1070
5919
4484
8385
5624
4699
-9746
7210
-6400
-3692
7381
3433
-6896
1464
5624
-8831
-3068
-7721
7422
2077
-5124
-1946
1815
-7747
1266
-5202
-4543
-5065
1392
-4411
4392
1636
-7733
5445
-3831
-3035
-1701
5383
2521
3347
-7581
6648
3530
-7188
-7687
9777
5749
-2157
-140
8190
-7674
-3888
-1356
2059
-2590
7797
-4377
9488
-2729
-3804
2916
7017
-4110
5913
6232
4250
3867
9330
4153
-8206
2907
-798
-9746
4398
9978
-7990
9387
1309
5899
5359
-5984
2874
-3948
2402
2766
4176
3725
-511
8152
-5473
4597
-9504
4721
7958
3335
5868
-6408
9176
-9743
-4638
8758
-794
3076
9645
-923
-8890
1138
5909
2850
2358
4422
9649
9693
-5631
-6711
9867
3543
-8270
197
-8063
6754
5801
-4896
-2332
7569
-7985
-4881
-3276
7762
-9743
-5611
-6498
772
-8394
9699
-5802
2435
115
4029
-6371
4715
-1833
5826
-437
8228
6619
2094
8773
5891
-6151
-1600
8329
9635
8294
8845
-6458
6063
502
9074
-8259
7728
-2385
1024
-359
-7909
-7716
-5310
7884
1055
5692
7371
-3576
7807
-4972
-5230
-3270
8553
699
-1088
2239
-2483
8221
5846
9845
6933
7634
6220
-6532
-3956
1673
8929
2311
2307
-4910
-5341
-1297
513
6078
-1602
1745
7917
-2175
-8285
-2173
4463
-8084
7240
7686
-8423
6161
-5015
6880
-2591
-9088
-8152
-7910
3745
5369
-3064
-966
-1118
-3303
2948
4304
-2495
-6316
6533
3998
910
7993
9371
-9645
5402
6838
5722
-6316
241
847
-6940
-9353
-3188
-463
4976
5537
-8840
7837
103
-418
-6840
5143
-8941
-9959
195
-7517
7357
-5506
1676
-7428
-650
7183
-253
777
-8086
-8864
7280
-4363
-8387
-6140
-9488
8479
-5257
9308
9216
-9125
-5622
405
1524
8796
-9600
-4174
-9696
2094
194
-334
6199
5783
9746
9604
9487
-8270
-7296
-6871
-3472
-2830
-2030
809
2734
9865
1126
9383
6943
-5277
7055
-688
9485
-9149
2075
6610
-1472
-1832
-1871
-473
6020
7377
1011
3107
-1614
91
-3565
4908
-4580
-5905
3549
-3947
-6610
376
1414
-1606
-7538
-4797
-257
-5064
3924
3523
4900
-6076
-4824
-8275
8128
-4168
-7235
-2803
9045
4498
6975
-1418
6669
3225
909
8042
9236
-8313
-2776
-9353
1024
-8948
1848
3012
2823
3978
-9540
-9877
3384
2081
-38
-6843
7766
-4168
-6743
-6709
1468
-2865
-5197
8999
-480
6875
4703
-6301
-5046
9352
8533
-8165
-8693
4871
-738
7488
-7118
5886
-418
5399
-3482
-1300
109
-7185
-6652
-3801
2127
-4047
-4652
-239
-269
1705
-7153
1604
-1430
1429
-335
7144
-6468
-1031
-471
-3467
-6279
-671
1542
-3225
-7985
-3231
-8142
-675
8947
-1795
-3058
9142
5798
5622
-3977
9570
4170
104
9144
-9275
5098
-5415
-2145
-7946
2433
-6796
9608
-106
-662
-5421
-7056
2102
-7530
3728
-990
-6208
-9880
-5738
-1427
4333
9095
-2888
-1958
-6879
-9504
1228
3924
-4541
698
-2690
-2071
-5727
7091
-5629
4179
-4527
-8502
546
-6366
-1649
683
5472
2036
956
8303
-1687
-362
-269
-4889
309
5929
-7102
-8176
-3224
-6225
3777
2391
6449
727
9730
5472
-2847
6353
9147
2137
4917
9265
8478
-3798
-4655
-9603
2979
9293
-3102
-4481
656
-5790
-6952
-4220
-9783
-7943
-1315
-9365
9959
1965
7647
9062
6714
7901
7447
1375
5957
6232
7856
8856
6607
2161
-1981
5097
-6989
6120
-5703
-4058
-2184
3350
-3903
-6191
-3696
-4332
-3980
-7174
-4848
-6807
-1041
8208
5874
9272
7941
-1033
2283
-4080
-3002
2886
5618
8940
-6170
-3537
8860
51
-91
7194
1714
3474
-2733
4137
-1440
-2064
6673
6138
6498
-7034
-413
5392
-6940
4163
-7939
9007
5664
583
-4305
-9586
5168
-5154
3500
2054
2126
6527
-7136
5510
-4149
1745
4857
-4251
-2600
-2725
-4232
2175
-9769
-1133
6452
-4631
-119
-4217
2865
6794
6656
3338
-7164
4860
9594
-6186
-3517
7831
4054
1436
7359
8238
-687
-183
-3081
1238
-6161
-3693
6130
-316
6958
8499
2378
-974
6926
-585
2444
-8021
-5493
6160
9343
-7819
3068
9399
2728
2197
2591
-5602
-7399
-5667
-9183
5874
-7139
6149
4170
-531
2859
5442
7868
5632
391
-8704
2725
-2720
-2840
3873
4280
-6504
-5291
3304
6995
8596
-8651
-2288
-9647
-4197
-5382
2618
-4037
-3410
-6507
9325
-8449
8845
5196
7884
-537
-3149
-15
-9712
-3830
-6159
4169
-7092
-1866
-8644
-2292
-3061
-1417
-6472
7257
7096
800
4059
-2795
-2908
6147
-4921
3186
3041
3443
-744
-6004
-8900
8672
-3863
2054
7231
-711
1530
8383
-9184
4054
-531
7023
2463
7074
-4566
8415
8223
-6775
4196
9645
-7009
8701
-4381
5515
-290
2292
9338
1926
-9183
-5962
-3485
-3212
-5269
-8234
-704
-9984
7738
-2107
-8771
-8520
-1736
4181
3842
-1774
-3080
9117
-6875
-8065
-9526
2921
5177
-3818
2959
5148
-5484
6806
8299
1282
-8453
7320
3799
-1741
6537
6983
3054
-4242
4997
-6900
-3748
-9502
-3636
-1629
-1362
5160
-8488
6761
877
9608
2512
2200
553
8264
8917
-8435
9684
9738
-5615
211
-3736
-4246
8207
6194
-5055
-8150
-4116
4834
2252
-4461
7052
-4811
-2942
-6042
-3266
7506
2962
5472
-7042
-6932
137
-4512
8377
1018
782
