7480
-5353
7518
5943
-6081
-5451
2795
-3994
4472
3885
-5915
5264
-2164
7353
6628
-885
-6620
8704
1056
2551
-5152
4715
9707
8724
-9095
5326
-8789
6201
7807
1346
-5221
-9439
-7868
-4042
-3090
-5217
766
864
-3800
-9118
-4409
1950
-2801
487
1114
90
-6825
-2044
2599
-6243
-3013
2851
-463
-1328
-2875
-1999
-8489
-8110
-4124
1298
4732
-4438
5168
-4493
-473
2143
3335
597
-1040
6284
9789
5493
3615
-4684
-2269
-1608
-8150
-6167
-2701
5678
3076
-7111
-544
8568
-5677
8751
-6310
-355
-9435
-432
8569
2914
5195
-1601
7967
6781
-987
-7736
6647
962
748
5862
-7791
8881
7127
-2933
-3757
9972
-961
-2955
1154
-546
-956
5287
-8734
7876
88
-6907
3044
2844
-4976
7507
-519
-5970
7561
9069
4220
-165
4240
5466
8595
-8415
-3341
-9176
1984
2985
-6857
3259
7687
3374
4372
-2756
1470
-7030
7856
-1901
5025
9278
9040
-5473
7941
-4182
6325
7699
-233
9112
7916
9516
4601
-3935
5898
-4268
-4793
9697
-8634
-8931
-7179
8312
-7449
9
999
6337
-6781
-6826
2858
5104
-448
6590
-3556
4011
-8912
-8479
-4894
3923
5735
3939
806
4851
-4363
1754
-1019
1116
-7594
1688
7144
-640
-8881
-6312
2835
5036
7555
-1759
-6538
2763
3496
-7863
-2499
-5947
-8160
-5354
6132
8799
966
3459
5715
-4156
4621
-1720
8911
-2085
-7629
3038
-9768
8776
-2263
8532
-2538
3280
927
3247
-3315
-5366
-255
4156
-9134
1350
-8751
-3415
9118
-7729
1795
-840
5947
-4170
-4123
9923
9136
-8492
4429
2546
-8797
7797
-9516
-2023
-6237
-8426
1355
480
6060
7030
-1007
5425
-8532
4803
-5684
8753
-7255
1835
7173
-9182
-1741
2530
-1002
-4486
2833
-8953
-9493
-7718
4030
-5839
-9176
-6784
-4996
-6416
-6776
-7143
-3865
7157
2880
-2574
-4338
-9555
6977
5554
-1697
-5067
-2241
4092
-1632
1476
-1194
2488
-4599
-3850
-5739
4052
-4946
-758
-6706
-9676
2371
6474
-233
-1945
-540
-4558
4781
-7882
7671
-4944
9470
1449
6641
-5074
-2135
-5865
-8125
-6131
5178
7862
2892
-463
-4717
-3067
-6521
-1703
6892
-8165
-8150
-8935
-2421
7398
4734
4041
-4255
-4842
7805
4279
2504
-5147
4342
4219
-1131
-4305
-2754
-6674
7446
-1144
4993
-301
-629
1169
6177
7563
-7237
5070
-3546
-2558
-8759
4714
-9528
-6834
-9050
-2436
-3601
7436
-5802
1415
-9479
3528
1804
4841
4212
9031
-9451
8715
-6394
-5500
-1673
-7261
-3199
8657
1177
8524
-7569
-4710
1512
-7571
-7524
-1814
-9962
-4419
6998
-7206
-4961
3717
-7747
-3477
-6946
-4520
552
-2765
-7716
-5240
-5269
3890
-9940
2560
-193
7122
-846
1596
-1510
-5919
-4762
1918
-7841
268
7306
3082
6591
-9947
4363
9883
8298
4873
-344
-6171
7746
8977
9359
368
8239
1482
2794
8064
-2465
4694
354
-7062
3499
698
3209
-33
-3219
1077
9696
-2601
-630
-3755
-5413
1214
5630
5839
1449
8681
-41
9987
1862
7532
-9112
2936
8607
9380
3770
-7027
-1392
-3197
7620
7178
5096
-7943
7682
-9744
5667
-5948
1590
-9930
-6980
9698
-4418
-8880
-7730
4015
4716
-9359
1013
-2233
1470
-3862
8604
-3854
8841
-2610
9987
-4496
1435
3706
-4785
2257
-9497
8125
-7421
760
4674
-5921
1603
9958
4714
-8066
-9822
-4078
1540
-2783
-8067
-831
-8662
-4685
-1013
-4797
-125
-8016
9369
2730
-4184
3301
-7203
-1777
-5392
-9187
-8414
258
-816
5448
-5208
-3351
-2870
5486
-988
6986
6334
2626
-731
3948
-3700
-96
-7333
5073
-8872
-9891
1745
-4700
7867
-8348
5823
-1876
-5322
1634
8926
-223
2602
2846
-1002
6941
-4877
4314
-8989
3794
-2675
9691
-5390
3721
-4377
5157
4509
4058
7302
5671
-9397
7811
-9190
-5297
1045
7719
-4432
14
7900
4400
-6782
-277
5378
-317
8678
-7002
9173
-2620
-2272
-1593
2400
-3469
-9710
7814
6545
6394
393
-7026
-8835
-3316
6109
-799
-5604
-545
1003
6685
6317
3243
7783
7435
6738
2478
7290
-6818
-6599
7468
-9458
3994
-2901
3999
-5905
3674
9364
8620
3223
9476
-1764
1405
1107
127
9072
-9613
-3126
3822
5211
-175
-797
9006
-6880
-7664
9417
2919
-4294
4145
-3394
-8001
8117
5815
-7417
3300
-2858
8565
3188
-9855
-1476
-5198
-6251
-8865
-6383
5328
-3008
1463
3968
-6021
8826
-6697
-6058
2663
4647
773
6703
229
4466
6755
-1606
2300
8928
-2796
-4685
5100
9921
3453
-7904
-8006
-152
-6234
7809
-6692
1570
7966
-2601
7897
2066
6630
9319
8458
-6765
-1117
-3414
-7923
8106
7040
-7859
6029
1487
-2104
-4898
-3176
-5633
-3202
-32
-4664
-8059
2108
2144
4037
-3609
8265
6600
-4000
6721
4243
-7523
-3763
964
9358
-6296
-1752
5121
-6414
-8584
-2055
-2759
1743
-277
6525
9535
-8981
179
-3731
-577
-237
5613
-4532
-1186
9993
2185
5450
-5877
-3888
2301
-2327
9577
9564
-7660
7201
4606
-874
5963
3232
2016
-8874
-5656
-1611
261
6747
-8749
1081
-8618
1151
-3299
-5637
4698
-6294
-7627
7507
1720
2696
-2418
911
8640
5078
-9713
4663
-6974
-2711
3124
5247
-9232
-2053
5718
333
4312
9116
-7002
321
-9969
849
-298
8245
5893
-9343
-8517
1210
-4637
-186
2173
-876
-4370
1188
8703
-2197
5467
3778
4150
-8119
-6360
213
4452
-5161
-5703
-5160
-8962
-5079
2134
4351
-7147
4470
4954
6935
166
-251
-1774
9211
-2149
-491
3004
-611
-399
-4523
8186
6099
5749
-1357
3678
-3552
2887
4812
7207
4806
1680
-8848
6417
8380
2324
-4291
-5818
4987
-4520
-102
-6519
3533
-2693
666
6049
-8758
-2731
-4666
9980
9200
1519
-941
-5271
-3691
5153
-5971
5779
7204
-5060
-5395
4437
1631
-8266
7218
8119
7630
-4666
-5424
7943
6150
-5372
6476
9388
1030
8935
3622
4141
7240
684
-751
-7933
-672
-8326
3860
2231
-2575
3079
3347
8809
-9229
6307
2811
-2091
6817
2931
6594
-8540
8707
7353
-6575
-9652
1063
1943
-1262
9770
-8941
7499
-9812
5720
-3002
-7498
-5419
-6119
6817
9944
4036
-3938
-3546
49
-497
-4860
6669
-7310
7867
-273
7389
5344
7579
2981
-9610
2218
-2320
-6066
-8420
2171
-6624
6000
7039
7834
-7104
1371
-6908
4770
9529
3433
-4367
-7365
-3764
-5511
-9016
-6567
-3851
-6051
-3831
-5946
-3288
6094
-2985
3759
2682
923
-9314
9610
-9710
3538
2473
-9149
-7013
868
-8460
264
353
615
-901
-1362
6171
6416
-6783
4696
-6269
4666
-5312
7187
-6417
-94
-797
6244
4417
-9762
7744
-2019
-9365
-9522
-5263
3076
9436
-8835
1714
7403
-8271
-7027
462
-405
1917
-9086
-7053
2966
-3644
8452
5443
3368
-8802
6882
-3432
6749
7174
-1447
7274
-3413
-3536
-44
6057
1190
64
-1672
-9737
7457
-270
-9272
-2791
-5446
4200
5895
-915
-1334
-9544
-3404
3872
9335
7712
-4919
-2688
-3173
470
9521
-416
-7533
-5399
-8460
3512
6553
-616
-7646
1990
642
9798
3036
5337
6930
-5785
6363
5291
-1509
-6124
-531
-7477
799
-3058
8494
-3066
-6899
3594
-8056
9759
-4097
-4845
-1425
2316
-109
7138
-6992
-1875
1779
-5004
5244
8805
-62
2448
-507
292
-5238
-4030
-8683
8553
-4311
2827
-2262
2922
3784
1501
5188
9676
6140
-2837
-3051
-3307
-2054
-8048
-3514
2460
8134
-8740
4652
8073
1519
3482
3013
-9345
-3354
5522
7682
7879
-8843
736
-7487
5906
-7108
-5988
5029
-6407
-5817
-488
7137
1601
8125
-9100
-687
-1007
-4721
9911
6923
-6433
7831
-6911
-6471
-5394
-5269
2491
-6273
-3940
-9590
-1716
396
3206
-6216
-9850
-1630
2006
-1364
-1668
4596
-6340
9201
449
7024
5621
-9517
5111
-8563
-4913
6854
2994
-1257
7288
135
-8181
-1655
-8785
4172
-1946
2684
2045
6477
-5668
-3385
-907
-1344
7640
677
6449
-5648
6875
-9147
5957
-2041
137
1558
-971
2207
9976
-5339
-7391
-3731
-3701
-8908
6667
-9379
-7788
999
3139
7172
-8624
-3386
-7361
3009
-381
-5702
4420
-7717
4082
-9705
-5226
1299
-9085
-3520
-4686
-7227
2000
-4884
672
-1290
-4392
-6100
-7438
7870
-120
333
-7249
-2638
-2714
-5174
9732
677
3370
191
768
8976
-3154
4987
-6761
-3881
-2653
-4324
680
-6421
838
-4273
-5437
8612
7724
-5924
-6081
7279
3305
-8391
6487
2697
8879
8016
2311
-9679
-3739
8269
3587
-126
7729
7000
-4496
6838
1588
1889
-3639
4479
9099
2505
-1139
-5701
223
-9451
-4946
-1255
-9700
-7697
7950
-8471
1547
5623
-4089
-2214
-5189
9726
2174
7418
-5597
-5940
-560
-199
-2296
-3568
-6904
-6042
-409
692
2969
52
-65
-3444
6528
4923
9734
-3164
7603
1084
-6544
1753
1581
3593
-804
-8185
-365
2972
4902
-5160
-8410
9457
6576
-1731
-6565
-516
1594
-8301
-8125
655
8836
-3702
4321
-1716
6081
-909
-2857
-2028
4420
-5845
8093
8537
-7224
3239
7585
6386
7019
-2821
9072
-2122
-5664
-9268
-9398
-7434
-5498
-8825
1981
-1595
3383
6665
3790
-6559
2052
-6664
9937
4698
7338
-8718
6669
-271
-4322
2497
5808
6294
-4996
6085
-6598
9049
-6745
3019
-1591
-8555
-2097
6325
-9500
5371
-808
8771
5255
-5312
5960
-6166
-2776
3340
9663
2880
-2385
-2151
-9540
-3832
-2989
-7167
7911
8174
8876
8752
-1672
3096
-6615
2462
-8463
9570
3417
-4852
-978
9897
3350
2495
3440
-2454
1398
-6353
6117
-9724
594
-3212
4023
7454
-2935
-4526
8507
-4866
-6714
-5831
-864
7897
-9615
-5992
1087
-1035
-923
1547
-8477
-5264
8804
-3016
3168
6323
3286
389
1214
-1799
-9961
-5636
-9813
-3957
-4649
-2325
2153
8734
-5387
8591
-581
-9359
2740
8756
8119
8505
-8992
2532
4849
5006
5692
3957
-3881
8264
3386
-4939
-5597
6340
-608
5980
-5980
-1055
-6746
3658
3567
9815
-8423
8714
5422
8467
7995
440
-7191
-1467
5297
6294
945
-2936
-922
-2977
-4518
9459
-1442
4176
2767
6139
2555
2478
7586
3479
-7120
-7235
-963
9943
-7408
-6713
-6892
4032
540
-1772
1784
5228
678
-398
-6981
-8308
-7794
7585
7968
-1388
-6840
-2787
7563
-1155
3504
-3911
-1863
1682
2549
9707
-5933
-9007
-2179
7466
9385
-3899
-2110
-7862
2959
9002
7445
6224
3141
8457
2368
-2449
5142
-399
-7703
-34
6671
-9089
-7566
1877
6320
1591
7574
7045
601
-1942
8397
3121
-8966
3927
28
-497
5347
1941
6144
5403
-3976
7387
6247
6244
-1273
5377
2841
-4279
4473
-1487
-2782
6188
-3222
-6626
-1336
-4607
7822
-7261
-1707
-608
4284
8761
-6441
2536
-4607
-4977
-1941
-9408
317
-1204
6123
-9034
-668
-9293
-9248
3925
4500
-4869
8171
4385
-8137
-1447
-2763
-8151
-9779
510
9005
6912
2292
-9473
-2207
-1952
-1067
8062
9609
-1733
-2619
5443
-760
5346
-6426
8282
-6990
-604
-7176
-5607
-6354
8865
-9054
-4411
-5898
-7056
-2658
-7179
3831
-6089
2250
-5759
-6413
2737
4355
-8424
-4601
-2993
8000
5496
-3118
2375
-8553
-1608
-4276
-3130
4214
6749
-3369
1214
-8090
7790
-7068
6033
-5306
-1667
8088
-4008
4283
-6019
-3173
5946
-6378
-406
6823
5446
-9225
6334
2776
8206
-1266
-5312
1336
-7876
-5930
-3332
8399
-2223
6069
2064
6496
8326
6256
-3310
9009
-144
2122
-1008
5124
1867
-6101
9802
-8008
-312
3035
2094
-9916
9740
1523
2869
-2038
9392
-6261
6945
4215
7694
-2938
2153
-7496
6164
3177
1350
-6279
5188
8437
-8714
-1654
-5269
488
-1619
7761
-2272
-5215
-494
3683
8540
-4815
-6609
7075
-8826
1718
9120
-4277
-1757
-329
-6058
2109
8144
6427
2295
-7601
-8750
-1328
9488
-1529
6422
7439
5706
-5727
165
3050
-4069
4854
5832
-896
3487
8110
5264
-7973
7750
9299
-5014
4673
-6761
-9984
5494
-4462
-5002
3529
6542
3973
7114
-8298
4248
-7551
9818
-4904
-5463
-5979
-6046
4999
-3476
6348
3624
-6216
5957
-8445
241
-947
-4804
7067
4927
-3923
3859
1058
7533
8328
-7171
8941
-9585
-8726
4513
-1657
-4971
-450
-4913
7944
-7398
-8429
-5805
4089
9128
1676
2794
2164
4803
-8256
897
7563
6950
-5074
-6717
6995
1099
9963
-8388
-6399
9948
1353
2604
-4295
-2517
19
-5183
3810
520
2416
-3862
-6038
-5076
-8488
281
7565
-3275
-4960
2359
-4046
2386
2474
1599
-8120
-2216
8404
404
5874
-2313
-4226
-9877
-9877
-8608
7594
9235
7136
4973
-9829
-3855
8853
4322
-332
8488
5427
-7979
-3071
-3727
-8766
-5376
-9858
-2766
-2761
-2099
-2235
-4317
1809
-5505
9650
-5865
5102
8972
-1696
-3311
-2001
-2489
-9029
-9440
-3393
1741
7942
-5874
-1744
-3034
-2733
-3271
5693
-1281
7986
-9302
1703
-9412
2624
5689
-2695
7331
-4263
-5019
4202
346
-8925
4880
7694
-9215
-774
4712
-8696
-2148
-7252
-9072
-3627
561
7813
-4751
-3076
-5744
9387
99
-3717
-5873
-7859
-8138
-4187
2283
-7337
6566
3585
-775
6600
-690
-6827
6663
6442
-1825
-5235
8826
2876
-5245
-7577
4474
-7929
-3102
-9499
3712
-6279
-4326
8191
-8210
8453
9669
-6419
-7062
8177
-9966
-7886
-1140
1085
-9534
-3234
2801
-1903
3947
2401
-2779
-6826
-6082
-4962
-3712
-1311
-9426
-3254
8193
-7290
-1333
-8779
-3978
7601
1663
-1813
-1603
1639
-2030
2831
-3974
-3357
-1219
-3819
-1973
16
-6957
-5804
-9908
9573
994
-638
2344
-1640
7340
1546
-5886
5617
-9276
8633
9561
-4769
5274
523
9911
-7802
7934
-8975
-1510
-9915
4164
-2352
-3647
-243
-6249
1720
-8412
-7622
-5642
7374
4455
-4724
1696
368
-9633
6157
6733
-6349
-2785
-5086
-4394
5347
-3956
-6676
5531
4549
-6358
-1821
-8093
6208
-3539
3955
-6732
5044
-9622
-627
4009
789
3555
-2196
-9249
7104
2792
-8549
2817
-846
-6972
-5587
-8601
9482
9224
2948
7785
-3638
2363
3853
4883
-6311
-2916
-5540
6168
-9831
-6977
8808
6185
104
9226
1515
-1784
6086
4433
3482
-3763
1781
-8999
4464
-1917
-251
579
-1263
5756
9469
-6638
6161
-7782
-663
-5613
-2167
9701
5677
-5430
9162
7879
4215
9949
-1881
2603
-3959
7614
1906
-8989
-2148
-9280
-734
-8941
6987
-1948
8805
-6379
2982
5866
4980
3245
9339
7106
3477
-5872
-9341
-9873
4660
2215
7312
-4339
2289
6866
-5010
-9881
7235
8085
828
-3874
-4665
-7134
-5363
-236
-5535
-2076
2664
9435
-7250
6659
-90
-4890
-9484
7477
-5559
8299
6868
6272
-3476
-9294
-9909
-46
3311
-2293
7288
9964
-1478
1198
-2208
4276
-4101
1968
-5540
-3915
-8622
-2334
-3407
-3444
-4286
-8908
8978
1761
-4558
6276
8814
5954
558
-4457
5418
9146
6111
-3526
6831
-4577
-966
2361
7953
-5517
-1690
9210
462
-5119
-1504
8346
7882
-6177
-8333
9969
828
-1937
2094
-8219
6274
-7045
-2505
4370
-2635
4265
8816
-749
-7112
4588
-3184
859
2095
-6406
7022
2910
7883
-5944
2437
-7022
8293
5311
-8968
5871
501
1442
-6569
-3284
-6012
-1978
3246
7911
-3297
5384
-3222
-7584
450
867
914
-4400
3380
-4295
6144
5939
-6196
-8651
8148
5824
4325
-8746
-964
-7610
-5179
-1346
-8622
-6569
-710
-9176
1071
-3481
196
2059
-4763
4396
2061
-5058
-6254
-4353
-7470
674
8582
-8094
-1641
-4159
-1875
9848
-8543
7610
5562
-5893
644
-5499
7174
-2621
-7951
9753
-7219
429
-6853
-6330
-9524
-687
-532
767
6171
-5833
1874
-9147
6724
9964
-398
7407
-2193
7222
1490
6572
2040
3396
2953
-3810
-5512
-4853
-4560
-1926
1787
-232
-5522
-3223
-5552
-2836
-4388
6555
2072
-6973
-379
913
5864
9972
-2581
-4003
-4945
3503
-4790
-1164
3990
4262
4164
9769
-5652
9130
5580
-9698
-4143
-4278
-3620
128
-6458
-1856
-7735
6940
1978
-6640
-5518
-7174
5441
5184
3061
5442
-7413
-5687
-1853
7343
3015
-645
2927
9790
3781
1826
7872
629
2618
3564
-7508
-5713
-4870
6725
3118
-4719
1546
2237
-9003
7981
-4935
9468
-4052
-3168
241
9963
1697
-519
7889
3348
-4639
3527
-9467
-6753
-5454
-9784
746
-5868
1298
-4587
-3711
-6885
8464
5817
-7842
7322
7183
-4966
4317
-9421
8255
192
4440
-1470
-933
-6132
-4000
9825
-4048
-4920
-4410
6191
3062
-2569
2524
-9909
-7694
-9652
-6580
-9333
9683
5358
4560
-5143
-8954
-4867
7121
-8189
-2338
2970
-196
9360
-9734
7441
-4258
3712
-613
905
-4618
9249
-4970
-758
9119
-2832
-3886
2280
1413
3045
-3688
3585
-7557
7737
-6325
1630
8598
9834
-2345
8421
-2252
2939
4674
8865
-2884
-8690
-1734
-4475
-7310
-8671
3614
-6506
-4074
4901
-1663
-3850
2024
-8089
9042
-4454
-8158
-2963
523
-7846
-7894
-5641
5049
-2916
8313
4708
7070
5456
-1224
9356
-7183
-6775
-7424
7760
-2351
2949
-2767
-6624
217
2887
-7536
3635
-3755
949
8318
-6904
-1958
-4472
2685
-215
6289
-4658
9228
-2130
-6824
8052
2559
5674
514
-9725
7576
-1085
-621
-3868
-7183
-9175
-1639
5245
1404
5247
-2067
-6914
-3588
3381
-5449
-4516
-3595
-1422
-569
-1791
4089
21
199
9764
-9082
5033
-1076
4370
-2470
-3766
2009
2697
7077
1079
9929
-5726
6679
3093
4092
132
6468
4220
1471
-6112
9565
-9320
-3139
6618
4088
1035
8838
-9419
-7036
1361
3292
-6281
-2558
4145
-5844
-1410
7280
4776
5067
-9239
-4590
3155
8903
3879
-2508
-5706
4729
-9316
-9525
5125
-754
910
1108
-5816
-9282
6978
2006
-4312
-6322
3210
4866
-4576
3673
5268
-7039
-222
-5730
-2781
-3092
-848
-6872
8214
5542
1765
-7338
9782
3999
3232
5564
5635
-1319
-5082
-2279
1387
5750
-9664
-61
-883
-4712
-8745
6139
7052
-6451
7760
-831
-4716
406
9063
930
-8549
-272
-6035
1921
-379
3782
-1610
1235
-994
166
-5892
6513
-1181
-5543
1748
4691
-2088
4308
4538
7033
1434
-5974
5097
-1998
-1356
-9261
3076
-7373
3580
8213
-7073
2537
-5136
-7020
-4567
289
4975
1484
2337
-270
-9752
-185
-581
-3561
-3935
-9847
2089
-9442
-3870
-1764
7591
-5202
-8624
2079
6160
-4570
9488
-7329
5607
2725
-620
4808
-6661
-7296
4419
4103
-805
-1672
-8255
-2419
-275
9490
-9740
-8047
2309
3980
5930
-731
1634
5367
4627
-6220
1074
9099
-6298
-9062
83
5784
-1407
4081
372
-9550
-7354
8660
838
-906
3692
-3501
-5303
-9792
-9011
4508
2029
1327
300
2607
3090
-5260
2812
-5699
-421
-6028
8881
3255
221
-4530
-6123
2735
8277
6363
-3627
-1794
3592
-7766
6105
-2373
-5653
8375
-540
-3896
6674
-6603
3780
-1641
-7908
1766
6683
-8151
-8858
3158
-6888
-964
9479
-8926
-3251
-7130
-2606
9238
-8924
-7647
-9291
3194
1716
8768
2740
-9273
-7522
-9308
5329
-4955
8051
7395
-2588
9559
8241
-1998
1719
4066
8150
-5155
8903
-3475
-1331
-5922
-9443
-2857
6812
-3271
9662
-7419
-2553
7078
5287
-8414
8954
5710
-6535
-4942
-621
5639
-7500
2595
2341
-7312
-7273
-8918
5794
895
-8332
7694
1831
-1317
-5729
8056
-1701
-6892
-1024
-2659
9386
-4141
8572
-7166
-8358
1944
5529
-9357
-1328
-1887
-448
-912
2206
-675
6715
-8906
7849
-6531
381
9427
-3705
4152
-5923
7141
-7027
1559
-2594
7060
4132
3382
-6234
6231
2078
-4782
4131
-3512
482
-5831
-702
8267
8345
-9857
-9024
9104
-5826
9759
5327
-557
7759
4460
9061
5861
9573
3701
361
-2521
-7960
7248
306
6299
9722
62
2532
-2062
-4975
-7531
571
4461
6888
9244
-6494
9188
7041
6417
5828
2262
8207
4115
-8076
-7743
9961
-6051
3740
-6469
8123
6852
-4782
3491
-5756
1438
-7534
-1944
-7227
-4380
-5239
-7629
1784
9271
4871
7914
-2150
8446
-5215
-2338
6805
7316
6106
-2741
-1345
621
2055
-7721
-5815
2887
-6970
-8607
-289
-2819
7578
-4925
-7767
-4200
3818
-7611
9117
7338
-7710
5660
4024
-9856
2268
-2463
7794
3725
520
71
-3821
4069
-7493
6344
2171
7137
-3336
3121
6626
-3232
-7186
-8784
-7707
632
6041
58
8297
860
-8523
-6191
9345
8282
3633
186
-5491
-7016
3613
925
-8685
1157
8638
1804
5224
-3298
-7150
-2052
1270
7179
749
2292
3546
6545
-2839
-7353
9420
-3132
3808
4982
-3958
-2919
8419
6882
7049
1982
-6802
-1143
-7741
-7979
-3740
-6802
-4072
6978
-7173
-4791
-4433
-384
-1339
-7993
-8787
-4224
-1917
-7236
-5233
-5336
9243
438
4674
-8574
431
4578
-6051
3619
3259
-909
-1847
-5020
-1742
4721
-165
3925
-546
4567
6695
6424
-673
2603
9060
-8532
3072
-9463
-2078
6788
-8770
-2801
-5321
-6970
3845
-52
9429
2825
-7357
-7422
6996
-1599
2209
-3423
-9524
6845
-6457
1984
-410
9427
5468
3315
88
-3722
-6078
6665
7408
3259
8108
51
-7780
3748
-1891
-2213
-9721
2702
-1808
-2051
-9335
9998
-3912
-6356
8874
-1144
8508
-103
-1688
341
9487
-4910
-5340
-897
-9592
3923
-2670
1511
-5972
96
-5905
6941
-426
4828
-5954
1013
-4335
-9681
-2057
780
-8752
6361
6746
-2610
-9714
-9841
-9103
6840
-6704
5859
-7247
-9689
8501
-5185
7627
-6519
-2025
2420
-2218
598
1529
8782
5047
5490
-6919
3197
-7403
-3935
2342
2367
7061
-5476
-8871
1374
4437
-3612
3978
2196
1882
3281
4742
-6262
-9876
1991
-8219
5603
-8796
4163
-1058
4109
-3127
6077
-6347
1955
-4483
-1676
-5189
5698
-6247
-4386
-419
333
9864
3987
-8361
-2187
3795
-5062
2438
-119
6404
-1700
7823
1546
-7425
-225
-9157
6236
-4984
596
7289
-8329
-2234
-4181
-9476
4917
7241
-8739
-1385
-1373
2035
1956
-5919
963
-6633
-1321
-6748
7116
-8007
6183
-5485
524
-3977
-1386
-86
6762
7348
2143
-2829
8919
3714
-3980
-1617
4925
-8803
-3514
9378
3849
1559
-3095
4996
-2369
-5746
-4022
-9031
5474
-3074
3384
-4133
-4725
-7909
-6023
-6245
-3876
4197
1361
9535
8452
-3248
2197
304
-5250
7457
-4665
-8090
9285
4397
-7586
-2140
-7371
-8331
9282
-2082
1687
-5420
1165
-5222
3164
6956
-88
8140
-3840
-9748
-9527
-9830
5988
-6373
-5354
-2779
7839
-4383
-4753
-9042
-7471
-8324
2545
-8172
2383
9002
-5443
-2150
-4232
1602
-3128
-8693
-1755
7893
8119
-5564
-2036
2788
-7440
5899
-4063
5155
267
2293
5124
-5365
3456
2449
4297
-8042
-8875
-1842
-7862
4220
6547
8123
-7485
6151
-9101
5679
-3426
8600
-1615
664
6106
8448
-7462
584
-303
4247
-4640
7697
-3558
3580
-1001
2578
8823
-9708
6103
-404
-4719
-7418
-5113
-1568
-8044
-6873
9385
-9692
-5749
-8077
-892
5778
-1152
9552
-2870
7369
9498
3524
-7688
9377
4258
6105
3266
1392
1785
3376
4726
-9036
-9938
2046
7999
2202
-3704
2310
8375
3570
3964
-7533
-3281
3922
-4833
-9475
4952
-9913
1626
1862
5937
-2759
-9592
-9172
-9329
9591
-3444
133
3018
1141
5236
5560
-5452
-4970
-5870
-7985
2973
-3389
3956
3194
5578
6699
-2010
-9647
-2440
-7826
6095
-8539
2891
5858
-9581
-6590
3935
5538
-3875
-2663
2765
3298
6022
-8249
-9673
-9344
-7154
2263
1053
311
1819
9642
3826
-4339
748
5040
-2357
-8790
4738
-6475
-1742
-2836
5556
-4344
-9902
-9555
-354
3601
-5419
-4102
9759
-1652
-2678
3217
2710
8258
5691
9328
3209
8691
8432
-7410
-5501
458
-9599
-2419
4128
-6416
2582
-8930
-2170
-9909
-376
1639
-9987
246
654
9895
8927
965
3499
358
-6221
-9542
-613
339
8070
-1389
-1614
-9193
4292
-7654
-9543
7694
6011
2590
-4583
873
8401
4535
9428
4513
5657
-6461
155
1908
-2805
4369
6098
-8285
-6586
-111
8864
1068
-8266
-3556
2178
-3312
4118
-6497
3954
-1401
-6762
-7753
-2957
-7650
-6269
-2285
-5411
6736
-2854
8014
-1857
-6504
-4305
-2067
-7710
-205
9744
774
9291
5145
7975
-5530
-9444
-3264
6561
1494
6831
130
1130
5133
-8910
-8010
-7067
-9863
6044
62
2172
-9891
-3312
-5522
6612
-4280
-6908
3383
-869
446
1427
-5415
-7753
-2489
-9987
3938
8977
1003
-478
-4860
-3500
-9172
-9714
5705
-9829
-1088
-7794
2364
-8129
-4841
-2750
1168
-986
-6712
8542
568
8210
-1583
7232
4087
-661
1666
7504
7774
1261
-6193
1693
8634
-370
4907
-3147
-5581
5124
-7827
-7294
-9978
3621
8773
3843
-8908
-3988
-9811
-1485
1588
-3821
1828
-4816
7272
4958
-6135
-4352
-6289
4426
4019
5664
-549
7947
8925
-2148
-8171
4447
4197
4974
-749
4252
-3359
6393
-2044
5602
-5994
4952
6798
1475
-9288
-7032
6068
-3051
-5719
-6780
5114
-1
8947
-3429
4673
-4316
-7577
-8189
-4461
-963
2668
-1292
8427
-2039
1857
6646
5687
-4742
-2274
-2671
4469
3917
6179
-1744
9497
-4672
6505
2150
-3771
-8592
6526
-5227
-11
3142
8703
-1812
1466
-3364
-7410
1348
-2798
892
2361
9915
8598
4318
9018
5590
2830
-7521
4383
-6996
-6886
7719
-5420
4673
8138
-8691
-6265
3734
7342
9012
8737
2247
1715
53
556
-5823
6900
6230
7935
-6651
-4475
-105
1152
9038
2199
-3309
-8209
-1233
8414
-67
-6325
-2947
8204
6908
3216
3975
-8321
-3294
1927
4977
5667
-9486
-3503
5626
2928
9440
-3622
6865
-531
4623
6639
3770
2694
-4279
7691
-3576
-6773
-1732
-5484
-7622
7064
1045
-1145
-7277
7684
-6828
-2569
4224
-4162
-5299
-4243
-2548
5887
4102
-6985
9850
-4589
-7869
5509
-4223
563
9764
-3817
3873
-5792
-6073
9283
-3245
-7876
3133
-9412
-2098
-8739
9883
-2765
4089
1133
6510
7141
7779
6676
-833
1380
-7741
1496
5788
6457
-549
188
-4479
-9222
3578
-4560
-9934
2471
2094
4917
6344
-7665
4605
8472
7219
-6882
-2915
6506
-2947
-6613
-3655
-5252
-3561
-4173
1879
-4983
-4388
-569
-2491
-9186
9384
2668
8188
-600
6058
-2539
-8987
5654
4139
8051
5488
-7568
-2728
3524
-9868
-8700
5449
-231
-2207
6739
-5377
-2323
-7
9673
-8538
5413
7586
575
359
-4088
5570
9779
-7854
-5330
6488
2537
8001
-8817
2113
-6354
-390
-8397
3551
2556
-7199
-9063
-6749
-5208
-501
8958
1177
-7406
2859
3286
2271
9938
6359
7198
720
-3340
5165
-9054
9666
-3306
5792
-1405
9811
-7145
-8519
8761
5956
1623
6154
-2165
-5696
-6206
3158
9357
-4829
-3061
3868
-5227
5091
2945
5300
460
715
-656
-3475
-1615
464
667
-9695
7563
3361
-3695
1262
-8714
8034
8864
-545
-2192
4405
501
-4633
585
-9780
6501
-4377
-3778
-1238
7703
-1562
-186
-2600
7829
-8616
9521
-1599
-8027
1340
2754
-2532
2470
6687
4010
8170
-1086
6719
6706
-6145
5366
-5540
-8070
-4229
8590
6734
2256
-8309
3301
6088
5519
4560
-549
2006
-1633
-6655
4997
6801
-8902
9468
9143
-8306
2633
4075
4058
-3188
-9920
-4556
3517
-9746
2568
894
-7319
-5269
2433
829
-855
-950
1172
204
-9467
-5439
-7025
1078
6827
-6848
5291
3162
-9298
-404
-3054
-9514
9752
-9175
3889
770
7513
7231
5082
-1676
7898
5546
6369
-274
-1640
-6738
-157
-4992
-1639
5693
2275
-3586
1844
-5357
-6924
-4795
-9102
6043
-2828
4543
-2882
-1049
760
3534
6733
-2366
-1594
-6824
2780
4867
-6388
-945
4325
6743
-1996
-6615
-8985
-84
9860
-8946
-4364
980
4406
7191
1280
9913
-6030
4810
-8915
1486
-6417
544
-5493
-7769
-7992
8592
-5108
627
6859
7070
4916
3974
-7101
47
7832
199
-7426
3060
-3026
6941
9944
-5649
-528
7698
-8428
5586
-2775
-5798
-6119
4076
-7438
-4692
6912
5837
6125
7669
1495
-510
-9225
-3064
1251
-8770
5568
-5371
2521
3485
-5751
9472
6161
1560
-5957
4727
-9515
-2338
-4042
7224
8358
-3992
1577
8054
-1408
5781
-9424
-2894
-3481
6873
3546
-300
-3831
4998
-1898
-7852
9211
-6226
5895
-7276
-2678
9594
-5470
-5244
7676
-799
-7665
6199
2170
-2236
5588
4752
-9598
9055
-7381
-5855
-5272
-1873
3417
-9547
7799
-5606
-162
-2100
7810
1867
4623
644
-9575
-4727
-954
-922
961
-1639
2141
-8219
-5477
-8114
-2742
-7568
6203
3086
8003
6649
3145
5727
954
2041
-748
4481
-2930
6222
1407
-6333
-7450
5799
-3975
2629
-2110
7605
5348
-7462
7647
4432
1902
4104
6598
-3585
1179
2301
7311
540
430
-6249
4497
6311
6085
-9388
2823
8903
-4819
-1061
-3776
-9089
-4965
7218
13
-6173
4903
5069
6065
7886
-6286
89
-6591
4256
-9792
4343
-5299
6040
8266
6009
-7638
-2435
-5103
6961
5442
-4383
7371
-7457
9238
1498
4874
-1684
4715
2386
-5883
-8745
-7357
-3608
7495
-5911
1895
-7338
-5607
-6946
2913
-4022
4774
-9761
5793
-8800
-8379
-2290
803
9779
6926
7291
-7077
-1935
7789
3874
8245
-3094
78
2122
4000
7967
-1954
-6917
4302
8336
-9179
-8243
7771
-9977
808
-4118
-8455
7750
6101
5959
5687
5947
1545
3473
-7326
-4338
-2090
4178
4091
-6232
-5202
9023
9913
-473
-1264
3290
7191
4716
576
4841
-797
601
-4970
-6594
-2493
6252
-3096
899
-2547
-1242
7166
-7415
-6699
2669
-5554
6284
-697
-4727
6130
6331
-9560
7174
8796
593
4410
5834
8383
2568
-9939
2940
-5558
-8473
1734
547
-4301
-661
-2771
-2179
-6760
2420
-3803
8510
1932
-4374
4012
-7423
2809
-7672
-389
-2436
1732
-8133
7205
-8916
-4575
8360
-2263
6820
2421
5243
4514
5181
9877
2079
4517
-982
-6246
6727
-8149
8595
-6586
8345
-6198
3859
7026
-2462
-4559
813
31
9181
-4804
-5117
-2005
-4859
-7567
-6103
6604
-7847
8001
-9548
2198
-1393
-9130
8327
-828
7566
-3947
1361
1914
-2153
3187
-4746
-8840
3895
33
2518
2806
-2437
-4428
-7442
3200
2443
6485
9809
2234
-3571
7877
-6648
-7029
-3306
-9072
5598
7566
-8378
-1253
-2765
8342
-5022
-2831
2487
-1858
-6612
3082
9749
7202
3859
7922
-4293
-7060
-1811
4222
9732
3192
-2997
1672
2398
2402
9990
5488
-4897
5597
149
-1189
-9979
-2085
-5019
6931
5743
-3620
866
-8720
9223
-1244
5959
2333
-7076
5511
8140
-8566
978
2871
5410
-1381
-568
-9306
-266
9864
-5243
770
3714
-8973
-6453
9306
6932
-9760
-924
2051
6009
-2753
-2333
-4521
9125
-8414
4755
-557
709
1389
-4249
-4753
-9584
3822
4098
5294
7676
2679
-6369
1779
-7455
-9403
4522
-9941
-829
-1221
2212
-8639
-9200
-7803
3641
-359
-9110
-4059
-4293
8392
-9701
-6238
-5851
-1293
8472
5424
-9199
1028
-7409
-877
7963
7558
7001
8102
-643
6221
838
1204
4697
-6506
7387
-9223
5843
-6496
-8367
2174
2659
8117
1183
5992
2080
5851
-1767
-8
-3373
1248
7324
-6497
-8322
-5465
-7739
-7211
7485
5965
1269
-922
-6420
-8360
2960
-4995
3860
-7669
2695
-215
-9718
4549
6993
4707
-7202
464
-3574
5464
7062
-260
1556
-9498
-5584
2270
-1022
-9146
5914
-8994
-7604
-1841
-7699
8355
2597
1187
5828
-4432
5851
1053
-925
4247
-3377
-3296
8178
-6717
-8028
168
4589
-1061
4707
-7116
-8868
669
-4611
-6455
-6968
-3664
2846
4278
-5993
1605
-6935
1737
-12
256
5421
9126
-894
-9771
2551
-2566
5741
-1421
-1897
-1971
-8898
-5372
-7641
2314
1808
-989
9921
783
-3768
3875
-9398
8212
277
-824
-3829
447
1855
416
-4216
-6497
8337
3359
7960
-7174
-5050
-7979
4919
7307
-9593
-1810
7785
8636
-2634
3281
6365
5301
-7377
1666
-4391
-5789
-8011
5917
9755
-5741
5841
4829
5714
-6746
-4763
9331
1072
4569
1770
-7803
-5654
2967
1382
3734
6671
-4456
-514
1762
4418
2585
4860
394
-4462
5177
6927
7163
-6085
5343
3300
699
1704
2465
9029
-2660
-7719
3517
-7290
-9837
-5859
-8732
-8807
9295
-1676
7198
-7059
-1757
-6021
-5896
6958
6654
-187
4442
4845
8376
5108
-4319
-9186
-6908
6692
4565
-5407
5774
-6498
5851
-7689
-237
2100
-2222
3312
-1829
-3124
-9908
-6807
-6167
8410
-8293
-9688
2414
2407
7252
1975
1318
-7647
7732
4118
-6768
9607
-7885
5935
6009
-2444
8580
689
-378
-8404
1240
-6357
-8154
-8132
7810
-8780
2659
-9670
-8794
-558
-5423
1568
-8338
-6580
-7198
-2235
-5964
3200
-7253
1842
-284
-9196
4420
-3177
-9125
2473
3688
8483
-4187
4018
3300
6012
4737
980
-4810
-7869
5994
4552
3249
9235
109
-2501
-7797
-7847
-5105
-6619
-2199
810
8308
-7635
-4073
-3990
1035
-7276
5592
-6253
2253
2443
-7387
-5819
7588
6170
5815
-3069
9581
-768
9386
7219
-8535
-7129
1582
-8899
-4593
7953
-7330
3126
-2438
-2606
-1311
9101
-900
8081
-7347
2232
3133
8993
492
3930
6774
-4636
6175
5981
-2661
3139
-2193
2983
-3353
-9595
-1355
-8038
6558
8349
-2604
8947
6058
7593
-3179
2136
6133
6097
-8251
929
3180
-2650
5917
-2734
9927
6758
5693
2520
7511
-3514
5681
-8549
-3529
8412
6263
-6147
-3142
-8353
-904
7611
-1410
-8010
6868
-1027
3116
1972
-3838
-9
4229
3279
-8624
3778
-7676
-5989
6967
7016
8796
-3201
9965
-8614
-2139
6781
-7231
6277
-9618
5564
4641
-5159
-1578
7376
-1600
7566
-876
3521
6940
7341
-9677
9126
5294
3031
4750
-1708
2536
3918
8933
6443
1060
5515
5009
-7049
-3911
-6614
8966
7374
2789
5388
-3026
-1083
2355
9824
-2660
2867
7250
-3460
2879
1155
8990
8471
9488
-2272
-1257
-1748
1801
-5032
-1204
-9002
5997
9605
9374
3065
-5627
-3020
-4952
2769
-6785
-9916
9130
-2325
-8442
558
4892
-2252
3508
9146
-4237
1039
-8317
9749
2356
-6586
594
1261
1903
-4927
8420
-5050
130
-2404
4667
-314
-1672
-1646
-6358
5418
-2507
-7307
6844
-5582
762
-876
-3823
-2292
-8859
-8025
-3425
-7072
9912
-7475
3467
324
851
2040
-7494
8102
-9008
9552
-7055
-6038
932
3525
-2138
5151
-2669
5442
1481
-3276
4367
2564
7217
-9764
-8893
4154
-4890
8555
-620
6221
8243
9124
3614
3023
1395
8961
-6331
-8941
-2332
2871
7563
5587
-6333
2525
-6026
9790
-3748
9108
-8411
7461
-4023
-1032
-3847
8747
-6114
-7377
-897
-2572
-1524
3314
4499
-5834
-5515
3266
3061
3766
-2168
-6128
2046
9664
-2293
-4189
3967
8184
-3693
-4897
-9903
5117
3619
-7391
1397
4598
7338
-1681
1162
4962
8525
3717
-1096
3629
8225
-2984
2275
7131
9116
9847
-4342
-3553
-4301
1065
-7208
3336
-2286
5299
-4905
4944
7685
2543
8005
-3013
-7350
5855
7741
9439
548
5751
3051
-733
-7337
2216
-5039
-1807
-9104
5474
517
-263
3700
-5669
250
-3025
-1451
3138
-5100
7270
-8339
-884
9028
7737
-618
-5434
-3292
-1380
8934
-1853
853
4643
-4922
-5253
7027
-5279
3874
-6349
5642
1864
3490
-4831
2255
3542
-7179
406
7162
4041
1580
-7846
2597
8847
-8697
-189
2511
3191
845
2347
-360
-5452
3894
-9648
6997
-8074
-8336
5763
7291
7812
-2969
9683
3690
4007
5641
-8070
-1454
-6106
4055
-9342
-2624
-6143
-9475
-5539
6467
4921
-7776
571
945
-6418
-5445
6062
9099
1916
9985
-9281
-148
-6126
-723
8659
-6890
3793
-7756
-6022
2344
9099
-1436
6047
-1128
-5228
837
2986
3436
3716
3203
-7705
3653
4038
-985
-1311
-292
-9942
3433
-5780
-2032
5205
-7438
-7082
285
-7130
-5148
-1918
-9694
-9907
4496
3283
-8698
-7269
7378
-8730
-5579
-8789
-1555
-4960
4522
3591
-3611
6209
1976
2290
305
5107
6445
-2931
-6396
4507
2304
-7083
-9167
9313
7872
3868
2203
2771
-3132
1120
-6647
-3351
-983
-7016
-818
-8439
-206
511
-6985
3394
-69
9368
-336
-2170
-6287
-2369
-476
6332
6349
3467
-4411
-2391
-5285
-7197
8601
-5847
-6156
-320
3087
7183
-317
6037
-7014
-9391
-7533
-9938
-7504
6304
2333
8292
-7324
9289
6488
-4707
842
2255
-6757
-9516
7344
8283
1036
-5040
7895
-1765
-5368
7811
-7645
8787
6191
1670
1564
-2943
639
6488
-696
9464
-5248
4682
-3911
-3422
9048
6996
-4459
-2317
-3480
-5217
4602
-7364
-3917
6771
-2741
884
-3928
5107
6039
-5548
6198
-5502
-4684
6510
8171
-495
-8612
6908
-8911
-5400
4133
-6807
7751
2168
-6779
3836
-2944
7286
5132
9545
-9371
4805
8849
9779
-4384
-2996
-8562
-1877
-3781
-596
5859
-9633
6038
-2867
6087
4488
-5378
1312
6914
7687
2044
-3749
467
9320
1674
6476
-3707
982
-8859
2989
3619
6787
6971
-7400
-5168
6277
-1034
5760
-4974
-1739
-7754
5716
7461
-1802
-9669
-9871
-6362
2023
-1722
870
8341
8832
-5157
4104
8620
-9579
-71
2121
-6682
7763
1288
-5626
-7665
2214
5582
9921
-8168
-7642
-3221
4696
-1467
-2067
8276
2213
-5449
-9911
8245
-5938
-3725
-6621
2350
-4355
3048
-8246
5181
406
-6505
-3989
7419
-3136
9300
-9683
943
3977
4162
-1047
-9241
9197
751
8857
-9163
-2568
-1490
9221
-2866
3920
2068
-9899
4684
-863
-7863
5607
-6311
-6591
-3565
-8099
-7462
-2546
-9828
-6145
4077
8793
-3247
-6489
-2442
-5172
9169
-710
1013
7970
-5962
-7603
-2379
-9448
-5711
-6695
932
9002
-8995
-8283
-331
7295
6422
-966
-7330
4416
-8387
3329
5923
2772
-5828
1036
7032
-7274
127
6679
-2144
6983
-9450
1546
-3273
6407
3789
9433
1180
-2913
-7999
9935
-654
1372
7544
-2182
9115
5396
-4873
5534
1373
1413
-9993
3973
-8223
1539
-2913
4707
-2539
4964
-6120
-5547
-5457
-8560
-2319
5228
1129
8091
-5073
-3784
-4699
-1771
304
1069
-8942
-4436
-3850
-9755
-2068
-5586
-4532
7316
6527
-3346
-7737
6895
762
9622
3542
8866
765
8028
-9465
740
-9383
-6101
6512
-4347
-1161
7534
2249
8544
4731
7163
-9159
9056
2761
-6324
8410
-4628
-6248
-7963
8883
-8438
948
1418
4072
-3946
-315
-2322
-3611
4766
9271
-5472
-9050
9672
-5011
1212
2264
4618
9002
9668
4882
5663
-9215
-5938
-5041
-5647
-9924
-2214
-7173
-9109
175
323
-6612
4800
-5252
-51
4139
4514
-4139
-8541
98
-1408
5672
9008
8728
3898
6871
-8500
969
6698
-1645
189
-7705
-655
-5805
-2657
5410
-5597
2196
4828
-9545
1421
9113
-2634
-6258
9430
4171
-1231
5936
3312
-8944
9953
-7601
-6055
-8615
-6430
5603
931
-2484
-9018
-4163
-5592
6040
8251
-433
-8989
5635
6105
-9568
-9192
1889
-8184
4827
-8298
-4027
5627
8334
-6567
6358
-1740
8115
-2427
9296
7544
-4800
-4292
-9983
8069
9596
-8875
-7545
4299
-1638
4806
8623
9741
-3238
-9814
-3595
9900
2989
-2366
2293
4259
5227
-9625
-4722
-6937
-2840
988
-5460
2882
-6326
5500
-1933
7818
-1448
-1602
2843
5626
5441
2571
-6923
2517
874
7426
5133
-5965
-1098
-2341
-3169
-4620
-6610
1017
-9904
8563
4685
6874
-2903
1672
7715
-1537
5649
3560
-2757
7458
969
7951
-4752
2501
4467
-5029
2967
5377
6812
-1230
5235
-1480
-3335
-3004
7370
-9370
1369
-1896
-4127
3675
6371
-9551
-2428
8688
9887
668
-6404
6073
6010
-5603
-2973
306
3332
7158
870
-3211
9705
581
9873
1433
-1996
5122
5670
-4726
1550
-7855
-4615
9289
6666
864
6209
2433
-9731
7488
7086
8774
4316
3434
-7933
3072
5217
-8602
3730
4485
1416
-2327
-1086
2775
-9688
2526
2849
8234
6664
7995
-7903
-9013
8174
-6771
-3548
-5884
9102
1836
3668
-9200
-210
2446
790
-7442
8079
-8695
5084
9549
-2150
-701
-3859
4899
5984
8220
-8175
534
-8915
-1987
-7786
1676
-4904
-7534
3941
-5153
-1236
4509
8058
-6361
-7442
4220
-4448
4620
-9346
6049
4827
7528
-731
-6582
3096
-5048
6871
9005
2665
3502
5916
-4489
195
7406
3745
-1510
-387
1991
-8146
7733
9623
8409
3605
-6228
-5211
-2824
3272
9091
-5118
6769
-4386
-9391
-4979
3249
-48
-8185
2455
-4828
5648
8072
7539
-7846
5024
-6309
-4575
2393
7936
2740
-24
8818
9331
5825
-7889
5794
2259
2436
279
7654
-1299
-6953
-4808
731
8607
-2361
111
-6320
-5523
3291
-5262
-9631
3800
-2296
2819
-130
7198
-3991
7396
-9439
-5099
4614
-9506
3036
-7776
6455
9297
-9285
-2797
-4637
5792
-3363
-809
-7686
-343
-193
6048
-287
-2925
110
4487
-6699
5905
-3166
2081
-7676
5427
8277
-7244
9901
-9659
-5351
-7955
-7695
-8447
-1880
4790
-9025
1391
-6327
2897
-6413
-4261
7387
-4032
6924
-3289
2084
-3634
-3081
7841
5680
9665
862
-3881
8678
3690
8251
-4247
-3577
6839
8101
7387
6368
-4755
-2200
4833
-5782
-3943
-5230
-621
1016
-1868
-2928
288
727
-9431
8813
-4119
-4913
-4243
1811
-8277
3660
6846
-5088
1555
2120
-3413
5800
2211
-8190
-9345
2637
90
-1437
5186
4580
-7977
-170
-4407
-5069
-4422
775
3838
5718
-3816
24
-5358
9628
-5206
-3101
8157
9453
-3668
-8763
5681
1999
4587
-9241
-1356
-1659
9799
-3241
-3665
4238
5157
-9127
-1637
-8278
7549
1067
4787
-7542
8958
-632
-3329
7216
-3098
-1048
-3461
-5216
-2439
-6318
-3477
1155
-899
9651
5111
-9322
9708
-5779
948
-5346
-3858
2823
9899
-1361
5403
-2225
-731
-1666
-4612
-5247
1089
-3146
-3087
-4704
9674
1660
3621
8568
1156
-2569
-34
4837
-7538
-7340
-3408
6316
-6347
8363
7971
-1478
-1612
4174
-5722
-9295
-3374
632
-5192
9693
8884
9140
-7414
-5907
-7746
-5202
8854
4341
9844
8151
1659
-5033
-7980
2148
5999
7597
-7413
-9580
6463
-2963
2024
-3574
7477
-7957
6583
-4143
6195
3011
-6565
-8381
5447
-4058
-8869
7189
-7851
3281
3435
-8659
9141
9045
-7108
-5859
-3340
1756
-2983
-5156
-5996
1815
-1460
1394
-7562
-4511
9010
-7149
7748
-2476
7873
3411
52
-7510
1394
7655
-6043
-1822
-6921
6380
3188
2951
-3231
-3255
-4960
-3900
1646
-5350
5662
1827
-2055
-4546
-289
8855
7971
6839
-9645
2404
545
6952
-4513
7713
-2445
7911
7351
8707
-1433
558
-7078
-4283
6330
-3195
6376
-2439
-6731
-7983
-2641
4872
-6272
-2244
4568
-5107
-4333
-1688
-5899
-7829
-2038
-4874
-3776
7835
8274
-8361
-6423
-382
7403
-4144
378
-3738
-1301
-3974
-7316
-8580
-6718
-1059
-1471
8900
9830
-8535
7173
6188
8828
-7767
4282
9671
-4316
-1279
7984
-6190
-3168
454
7289
7888
3510
8674
8994
8739
4198
-6911
3880
-6987
4573
4041
-9127
8069
-5397
-3318
-4992
-5458
9667
51
3323
1931
-6903
2650
3653
-5291
4286
-4423
3737
-9396
-4948
6642
6713
-619
3803
-9853
-2629
6386
4097
7573
3102
3227
7664
4243
-5206
7223
-8897
9175
-4822
2141
-9570
3982
3408
-3987
-2982
-6578
-5802
3573
7391
-4462
-8693
9303
-5303
5836
-4018
6766
-143
3333
-1913
-9068
-5822
-2966
9268
-3443
4143
2511
-6655
-4880
-6176
-3332
5321
2588
-1421
-8829
-5382
9107
9852
-6599
-2517
-933
5049
2761
-2733
-1233
-8567
-495
-6246
-3012
-2212
3477
3197
4039
-4689
576
-3018
6866
-5244
-9375
-4224
6587
-7265
-2050
-5172
-3832
-8798
6058
-6491
-535
4948
-3341
-9637
-2051
4390
4497
-4083
2750
-9720
-5091
4239
-3224
7124
4942
8732
7203
-4061
-1446
-9512
-2052
-2824
-1647
9314
1594
-9399
4122
-8505
-8446
-8657
-130
-5135
7959
7263
-8312
-5381
977
-1862
-6481
7069
-4842
2753
4321
-24
938
-8082
-5029
1279
-5746
-6489
6233
3544
-8713
-8130
4463
-4598
8284
5502
-7493
-2574
-7693
97
3507
-9274
-6620
9041
7658
-9863
2906
-9319
-634
4967
3549
-3731
6251
8123
-2093
7262
5495
-5435
6783
-6587
-4016
-4531
-6600
-4086
1859
-7500
-1510
6063
3436
-574
-5241
2227
6984
9454
-3883
3428
-890
-988
7666
-8880
8059
-8015
-470
8476
8291
6382
-6408
-4818
8340
-5912
-8501
1458
5194
287
9138
-7446
1155
6920
2999
8029
-830
-7472
-1113
-4643
-1236
-103
-4791
951
-4419
8250
-3818
-2942
-6545
-7391
-9410
2840
-8229
-3993
-3758
-9204
-2344
1248
173
-5323
3269
-9327
5958
-3659
-1014
-1355
1775
8041
-5561
-2773
-9404
-2870
-2989
-5629
-533
-4713
-4735
8592
7610
-589
5388
4235
9544
783
-3611
8865
5192
9383
1945
-5540
8755
326
-6205
5771
286
8254
5355
2890
-1568
-2605
29
-7808
2717
-2349
-2086
7181
-7019
-4704
8915
-3631
3661
8
-595
-7488
2181
3838
-9889
-727
-7193
-9682
-8226
-5381
375
-4858
-4573
3517
-4120
-1520
7397
-5452
805
-6356
7754
-6813
4099
2875
8667
-1558
-4668
8121
5903
678
-8395
-8305
686
4748
2412
-6206
2242
5393
2923
5449
-9619
9549
274
6463
3558
1934
-7210
6084
3441
7901
3157
-6565
-6782
7891
122
9927
-7789
4161
-4473
7462
4968
-2423
-2314
-6761
9262
-2656
5936
5689
7773
1951
5740
24
-9844
6355
4430
8911
7578
-658
2204
8443
-9696
-8064
-4764
-1022
4356
8482
-7787
-375
-828
7955
7845
-9374
1420
-1629
-1512
2206
-7221
2938
5990
-729
-3036
-1483
3016
3885
617
3828
9977
-7416
6675
4251
3931
8744
-348
802
4667
5998
7477
-4244
-2759
5892
-568
5083
-3922
-1888
-9345
8550
1492
-984
8394
1949
-1902
-3442
9253
9213
-1476
-2478
-2584
7239
4548
-9992
-5854
-3391
8123
-9241
4090
-4426
-7356
-1301
-7074
1397
-2227
5800
-6347
4649
-8691
3160
-5207
-2009
-6247
5325
8550
4886
-3133
-7541
-1594
-4155
-2266
288
9763
3732
6222
1006
9473
-5667
2706
2542
-8713
9390
7975
-7456
6785
-1904
-5466
-585
-1806
4400
6200
6547
-995
-1072
9414
-6725
-5999
-6462
-3198
-2147
9036
5351
-2991
-9269
-2946
-109
5202
-3476
5862
9949
8244
-2916
4389
8102
-7703
-2082
3221
5567
-5852
-1746
-1099
-6222
6085
-932
7274
5768
19
4606
-8675
-4448
4786
502
445
2260
2549
4165
2895
-2562
-626
-6013
3728
-3368
-5741
7423
2354
-6397
1559
8857
5969
4385
-1262
3409
-7932
5
168
9352
5460
-7222
-6637
-1190
7236
779
2842
6216
8028
-6129
2382
3517
6713
1852
3043
-2470
551
-6753
529
2696
3654
5087
1760
4655
2388
6929
3340
-4933
-3056
-7382
-6091
-1350
-8760
5497
-3172
6191
2716
6048
-2947
5425
-143
9440
-7125
3076
8635
1245
-2165
-2419
6035
-7283
5903
8011
-4140
8889
-9900
7036
-7856
8356
-9625
9801
-5937
8579
-3328
1050
-8420
3754
-6696
5315
-4701
-2706
3229
-5542
4968
-9237
6135
7979
-7287
-7413
-8596
-2912
6006
-8309
7959
1139
8733
-2261
-5060
9870
1533
-8362
2585
-6169
-4237
-5196
6528
4989
-9935
-1910
-931
-2498
5063
-5654
-3640
8169
2678
3106
750
9456
-2892
-8538
7908
4360
-1325
8966
9565
5875
-4398
-6183
-2692
4178
-247
5444
-4494
-8431
9244
8945
4606
-9913
1268
-2992
1053
7742
-2170
-9288
6617
9695
5454
1220
3962
9984
-458
8725
9279
759
-1936
-8927
5233
4736
8184
597
4013
406
-1645
-2966
6108
-3125
-9876
9580
2953
-2671
5501
3901
8640
8125
1679
6559
-4101
-9440
-8008
3191
3661
9976
-119
-8576
-4983
734
-5420
-2175
-9446
209
-8187
-5096
7340
562
6653
5089
-5361
525
-1732
2841
-5946
-6358
-4492
1436
6452
6527
-5884
-7720
-5823
-786
8075
-7730
9951
2718
1254
9267
7706
-3178
-7458
-6303
3333
5266
5241
-5663
-1522
-7852
-9864
-8762
-9423
3089
8363
-8786
-6552
-5732
-3640
7973
-7126
3544
-6361
4621
-270
-929
7775
6650
5440
8176
8955
-8655
1763
-8213
3005
1764
-2889
-7531
475
8550
3819
-3734
7715
-2961
-4785
-399
6975
-6032
-8142
4804
8526
6123
3004
-7357
8336
-7681
-8127
8903
3944
8529
-5313
4835
6802
-1746
956
-4642
5022
-2545
-3115
1864
-8917
-2923
-3199
2324
-6428
-2355
3059
-5854
506
-9412
-4860
2587
-6485
-1522
209
5663
-263
-6374
177
9883
-5346
-6932
-411
-9149
-4164
-4028
8572
-8300
4858
1840
7218
-7773
-7786
1947
-5188
4953
3163
-1365
8561
8101
857
-9284
-9238
9279
-4727
-3306
9881
-1281
-1273
8048
7460
-5447
9568
2264
7761
-942
