4870
4640
-891
3799
-8035
2665
-7764
-984
-9858
5634
-8197
-3001
461
-1526
-2085
3093
9339
9137
-4362
-9650
-4852
4388
1189
6671
-9020
7203
3910
4115
3685
-8256
1843
4745
-6984
7308
-7763
8209
-2980
8095
1126
-2307
-6076
-6429
6048
5592
-4927
-5050
1144
8521
-9642
115
-1665
9534
3235
2423
-6554
-8048
-8765
9828
9411
-6874
2169
7024
8600
871
3790
6541
1776
-7978
-6109
-787
-8201
-7772
-3109
8111
-9756
4097
3011
7513
873
6264
4260
6879
4059
-2852
-6914
1566
-2620
3888
-2807
-5587
6195
202
-9916
6949
3985
-5619
6401
-1670
-5055
-8212
4139
-3879
-3525
-9877
1810
-4454
9279
8770
-8848
8660
-6337
9056
5529
5258
787
-5798
-9425
6938
-7547
-6930
6503
-6795
9087
5795
-1128
-1043
-2790
6093
-7843
-4637
2320
5640
2822
-3444
7341
2249
-1034
-1619
2301
9331
3954
7145
1564
-653
-6770
-1381
5040
250
-8366
-7906
-5200
-7654
-9313
1583
-48
-3205
8718
-5018
-7276
1902
-1943
828
-7198
7730
7347
3230
5136
2012
-9225
-5130
9824
-7691
-1561
2864
-9574
8455
6381
1442
7591
-980
-940
-1135
3841
6533
7775
-2501
273
-1402
-4521
7753
-1622
-3701
-7960
-9097
2353
-569
-7952
4679
-4910
5153
-3042
-7
-9157
3412
-2476
-2539
-4935
5991
-5722
-8244
-6267
4608
-6680
-136
5041
7179
-9196
3679
-3274
9737
-7048
-6561
3647
-8671
-8416
-4498
-2693
7145
7544
5583
-4914
-3171
-3024
3832
8976
-1802
9657
4162
-3115
4744
2625
341
-5455
-3092
-2303
-5352
-9131
8133
9080
8505
-4360
-3881
-5584
-7754
-3234
-9623
6386
8859
-7342
501
-8299
-8793
-1041
1811
5389
3455
-905
8421
1284
-379
-8204
764
625
3336
-5839
-2094
-3964
-6096
-7497
-819
-7400
9915
-2623
9877
-2494
-7210
3215
-8612
2189
925
-9229
4777
5180
5754
-2219
-8393
9352
8382
5003
3969
-5891
757
9619
643
5497
4962
3212
-9131
8237
3490
-4475
-8993
-656
3818
-7944
4926
7461
-9427
8444
5080
-3508
6570
6610
-6524
8719
5659
6671
-8591
9022
-83
201
1412
-8971
2105
3695
-5807
471
-2193
-5397
-9296
6683
-107
8680
-7569
1473
470
-7836
-6406
-8634
4674
939
1688
-6883
8710
215
-5741
3463
-3020
615
-4286
-2177
-2512
5776
-287
2614
102
-9187
2836
6143
5065
3616
-5014
-356
-1948
9947
-4084
-7379
6127
-92
-5421
-2531
4362
4866
-9329
6734
-8821
7595
-8881
4409
-6458
-4062
3793
-9705
-6015
-803
-8399
6274
-5868
6544
-9396
-5121
-1261
-1324
-3503
-9349
-4411
9046
-5172
-1200
-5682
-4049
-2891
-964
63
87
1852
2350
-2352
-9726
9716
2379
-208
1516
5161
2408
-4651
4155
1507
9774
-3899
-2953
3648
-1879
8624
5477
3726
-2576
9450
2146
7020
9832
3604
6916
2177
740
1934
-8592
-5230
9853
4550
6353
3647
-327
-8368
-5792
4957
-1641
8407
-3152
-4015
-8609
-9036
-7594
8247
7729
-559
-7730
8006
4189
8290
-7109
1380
4435
-5271
-136
-5975
5462
2015
-3555
5965
-503
2190
-7684
-3232
-5371
2906
2712
4395
-462
2525
-5291
3845
-2113
757
-9719
-2048
5230
-8520
5536
1647
3580
388
-9376
9258
-9709
-2519
2976
3631
-8309
1291
-1604
-8759
9875
-2417
-9173
-5057
2631
-3521
3616
6677
6108
-9096
1693
-2497
-610
-3320
1814
9491
2162
3921
8677
-1916
-9326
-7185
-1847
-2229
-2469
5944
-606
-4938
-1035
4587
-338
1053
-3749
-5287
8455
-2458
-7092
7013
-8730
-8288
948
6362
302
-6991
-4772
4184
6081
-625
-194
-2675
-9374
5758
-6544
-2769
7020
6385
9825
-7589
-1751
-3512
-7633
7721
4081
-5406
-8787
8406
-5347
-4352
9825
4018
-2641
-3481
-5700
-8010
-1511
-9279
6714
-5284
-4427
2152
-2572
-6331
9940
-7544
7244
-4241
-7123
-5087
-3369
3180
-5126
-1776
384
-8592
-2050
-4064
5974
-2547
4146
474
-5714
2005
-1075
-6035
-4014
8689
-696
6620
9939
-4888
862
8161
7963
9230
3573
8881
-7409
8057
-2794
-7125
8485
-3969
-6104
-5872
-1746
889
4003
5710
-6121
4170
-2756
-5204
8695
5523
4680
9715
-7764
-4179
9835
-9522
-7182
-3947
-3783
5989
-1767
8573
-82
-1251
6419
-5566
7407
706
-4343
-9452
7252
-7672
-9244
4447
-8317
9702
-7432
5458
3525
-1520
-7114
5558
-8774
-8256
-4786
737
521
446
-3546
-6201
-1369
-4071
-1606
3088
6845
-2258
1456
3227
-7436
2887
-5403
2322
1758
-1003
975
-3336
1109
-3887
-9717
-858
-712
-2478
6324
-23
9896
8159
3286
-1228
9919
-2794
-9951
7564
-9385
8023
3292
-1050
-9555
5812
-7520
-9197
-8832
-7782
-7530
2673
6360
-8925
551
-6750
-9841
6352
-3526
-8799
6053
2292
-1492
-9076
7033
303
-9852
-3255
-8183
-9067
-4419
2954
3036
7024
-93
8591
304
1639
-548
3140
-2971
143
-9070
1598
7139
9423
246
-6562
-8619
-9163
-4519
-7526
-1329
9200
779
2413
-3840
2354
-8529
5794
4664
-8427
-5620
4031
3165
8277
2431
9052
-6164
-6675
-5216
-525
6591
4237
-9947
4501
4791
5257
3288
-7337
-3706
5914
-1405
-5784
-2295
-9796
7754
7825
-4924
-5591
4835
9157
2554
3474
7757
1383
-8723
-8561
-2184
3942
-7031
-608
3262
8432
8291
-874
3100
-4766
-2398
-5844
799
9537
5470
-1711
-822
-2347
-476
-5396
-1264
771
-4178
-8895
-2917
-598
-4325
861
7273
6730
-1687
-8575
4873
-3682
1982
2378
1964
-5564
1040
-5112
1716
-5093
8047
9313
-2235
-846
-8950
7237
6166
4598
-2006
-1179
323
-8286
2832
2952
-1871
-6487
7806
8517
-1986
1515
-9433
-1303
-2083
5473
-5417
-9387
-3495
8443
1508
6585
-6938
4171
-3418
8937
1603
-3172
-9650
-7839
7080
-9773
6782
-489
1107
-8026
-4477
-573
-8172
5486
6901
-8958
-4885
4935
-9646
3107
-9160
-3212
466
7984
7855
-430
9450
-6686
5518
2760
-5918
-7772
3510
4519
-6455
4968
3998
-6261
-6518
2365
1914
3170
2216
9795
3716
-6498
1414
-8788
3994
6101
9338
1585
3734
9322
2207
8502
-2024
8136
927
9212
-1360
-2440
1657
-4478
4783
4574
2473
-2875
5583
-9985
-1611
-877
-2072
-6799
-5720
6657
6786
9653
-1952
-1561
922
5565
7795
2160
-4787
-6515
-6793
-6219
8183
-6237
9177
-927
1932
1742
9772
3577
2989
-3608
4789
-2503
-5546
-5337
715
9311
-8249
-5169
-4139
-6950
6984
-2091
-3088
2669
146
-1263
1889
1317
-2284
6232
-6232
7522
2971
-2635
4436
3466
-3757
-1746
-9065
7255
7258
2091
-7786
-4054
-4653
1450
-5902
-7045
6935
-4326
5739
-2026
5525
5628
8568
1989
3669
9308
-8550
-2551
6726
9179
-8653
-9949
9784
-8225
3029
-4922
-7391
7578
8722
-6443
2192
1869
-1407
6926
-3815
2634
936
-3400
-646
-2573
-7366
-8960
6834
5729
7516
8207
-7580
3612
-9028
7381
-821
4673
186
8266
-6815
-7659
808
7050
455
8815
-8030
-7769
-9959
6988
9333
1348
-4347
-3324
289
-4393
7848
-2634
1420
-5958
-5411
519
1550
-9291
2086
-8493
-404
-2973
-7915
1359
-259
-8272
-6387
-6130
-842
-2627
9276
5539
1877
5800
-4997
-9374
-3185
-7392
-424
-8795
-5775
7338
-7127
3427
4318
-5922
6992
-1597
973
8858
-3232
-2158
1681
-9417
-935
833
6576
6778
7892
8153
-942
7464
-3419
5577
1458
4661
-2571
9494
-3419
-4393
-4420
5892
-8609
-1611
1702
4983
-4918
-922
-4289
1664
-9650
4443
7686
9976
1630
5596
5100
2070
-5088
-5657
1254
-6506
-5364
-9311
-2193
-4472
-1121
-749
6481
-5992
-2959
8057
2243
-419
-4248
6732
-2249
-8669
9764
-7851
-6648
-1346
-7334
6197
4108
-5198
-4991
6989
-4667
-7670
-1021
-1627
3274
-4129
-3573
-8539
-4906
1438
301
-5814
-74
9362
-3335
9074
-6527
9347
-2308
-2926
225
-9079
-7021
2916
-791
3640
3059
-3515
-6746
2718
4278
-9400
5279
4171
2046
878
2195
-8414
8146
3360
130
-6638
6403
9589
2037
-8840
-4188
7900
-682
245
4020
-9776
9278
6491
3027
5102
-4810
-1241
-8533
5008
3424
208
-5644
-3101
-9167
2827
6313
-339
3381
-4437
9376
-7690
-3099
-4276
-300
9493
-8205
-5413
7649
-474
-4829
4794
7343
2691
295
-9608
-8216
2561
-6602
3891
-5976
9352
2569
980
6753
-4437
689
9568
4422
5899
1635
860
5896
-3583
-3465
-2281
-5457
-7953
9403
4946
8806
6233
3063
6497
-1649
5476
-377
-2905
-3602
-7367
-7598
-4903
-3314
1088
9197
9017
-1996
-9904
6701
-295
4446
-2292
-3562
-8077
-9256
5999
1610
-533
-8584
-4408
-5775
8030
9327
3809
735
-3684
-4922
-8816
-3629
8124
6473
-6462
8197
-642
-8259
2690
-8756
-6457
6425
258
159
4384
-3390
-7092
764
8669
-6761
9002
-7982
-4274
-136
-4950
-7713
8547
9286
7141
4624
-6678
5791
4474
-231
-1543
-9546
8077
224
6685
-4132
-4384
-7383
-9895
8289
8449
-1070
-9215
-8196
-5008
-7033
3658
-3764
6563
3442
-5146
8470
5390
-6022
-6011
3512
-5790
-5258
5193
6288
-9470
7779
6230
2772
-6947
8702
2384
-1124
-705
-5578
-3377
3522
8055
9319
-1710
-105
5246
8417
-1552
2537
4414
994
4709
1455
7789
-4872
7051
8947
7907
-2849
8948
-7251
3900
9845
7665
-328
-2962
-7607
3826
5974
8611
-7013
-5534
-3120
3604
2431
6589
-4721
7148
5309
-8770
6523
6627
-4884
1089
-180
-7483
-2775
-133
-140
-4555
790
806
-404
-858
-2678
9364
-1736
-5852
-7399
-5711
3116
327
-7393
8769
4886
1406
4618
-2313
-1502
-9886
-8586
-5900
-104
-4213
-370
-4476
-9876
-9473
396
8527
-3313
2010
9904
7438
-9934
9933
-8175
-9774
-6489
8282
2716
2234
8563
208
-3345
-4201
4535
-1907
7486
-1423
-5231
-3702
-5448
-397
-7296
-836
-117
9541
5119
6669
-1621
-7462
8382
1803
4175
-5409
-1438
-1352
-8794
4050
-5780
8085
-5146
-7339
-9408
-5322
6484
1071
4064
5692
2330
4073
3133
8032
1551
1315
-1042
6004
2107
-1532
-2366
-1625
-1768
4536
-4988
480
-9733
-9897
-5777
9054
-8860
-3076
2720
-8403
6909
9890
-4051
4546
7721
4741
5883
7984
-5062
-6128
2143
-6038
-6768
-9625
-2506
6656
9787
2586
-5401
2495
8762
9708
5095
1720
42
5429
-2496
2623
-524
6435
-8418
2047
2451
3335
-3569
9951
-8717
4409
5936
6943
7588
2542
5071
2096
-3087
9580
-3177
-6140
7087
-9838
4532
4874
-421
8674
4393
5099
6051
-5171
-9620
-7116
7545
-495
-417
9577
8437
8103
-9539
-7507
-2647
8536
-5641
-5962
-661
9174
-9372
-7148
767
-1618
825
8767
7451
-4576
2718
-2920
-711
4276
6044
999
7834
-2936
4657
-7498
7516
-699
6074
3769
-5643
5526
-3097
7226
-8263
-7586
1058
4538
-6590
4550
-9729
-4784
-226
-2654
-5283
4148
5132
-9488
-7663
-4359
6084
-1907
-4311
3075
8741
4774
-5504
-1510
-7915
6152
1672
-2885
-334
5801
9357
-3243
-9064
-8555
4438
6725
-2637
-66
-2804
-992
8450
6327
-9507
-7931
1158
-2679
6699
4134
1356
9172
-5639
-2150
9894
-556
6262
-4541
7348
-6349
-4887
9265
-1837
-6381
2489
-3520
9103
-3221
-4857
1773
4613
-1888
4465
9839
-3572
-6475
-1319
-8669
6011
-274
-2129
-4933
-4260
-1362
3723
7668
-3158
191
-4264
5237
2632
-2551
2776
-102
3304
-5088
4007
7836
3525
-5541
2899
-9538
3362
9069
3650
-7077
4573
5460
-6082
-5858
-4063
-1044
9618
2474
-9452
-1312
2313
-2013
1902
-8935
2652
494
6027
5509
6283
4709
7817
-1875
-281
-3281
2235
-4486
8987
7721
-3586
3409
-475
-5737
3028
4124
1949
5412
-6512
-6548
-6423
3236
-4369
-2609
-8279
3549
-2836
4710
-2869
-264
4444
-2005
9163
-1958
3246
943
1298
-7231
3917
-9239
-2013
-6496
-5989
-2430
-3909
-5625
7842
8967
932
-8649
7067
9754
1634
3213
-1253
-3295
5489
-1990
2443
-6483
-9009
5101
-7613
9767
3661
779
3213
1575
8915
1257
-2077
8100
8260
7918
8981
3928
9771
3140
-1606
-2991
-1293
-4865
4766
-623
7269
2215
2228
-5339
-7351
-4382
5421
5566
813
943
1960
7946
-6677
-3291
-5404
541
8113
2781
-6347
-4070
8353
7998
5285
1677
-8844
-616
-4373
-5008
-6049
-54
-2440
9764
8110
1503
671
-9094
3259
-6855
8766
-7843
-502
-4234
-493
9078
-5899
6402
-4200
-1465
-7091
6939
-9273
9576
6004
-8884
-3851
-8890
-9087
-2526
6711
-3820
3899
-5360
3591
-7620
3019
2188
-8216
-5630
378
-1155
-4985
-7709
-6628
-9968
-269
-9023
6930
4441
-6830
2394
3778
623
-3477
-4793
-3151
5627
-6896
-481
9016
-1695
-5806
4209
8553
7062
-718
-1139
4151
-3311
-2163
-2125
-6453
9239
-1883
-6882
6542
9541
1776
-5032
-7667
7776
-7193
-3357
7586
-1031
9846
6186
5850
2641
4912
7948
6820
-2999
-8601
-1180
4196
5538
-1993
5573
7140
3838
3454
-9237
9279
-8359
4622
5902
5767
-9539
261
-8028
3948
-1087
2164
-339
-3817
-6422
-1312
-1073
-4183
-2006
-8703
5104
5955
-8349
-6142
9897
6183
-645
-7843
-466
4874
4304
7904
7784
6873
-1138
-2127
-2481
-8280
-5176
-8902
5192
-5958
6071
-6817
-5126
5905
1017
494
-7179
-9343
8322
5616
-5743
6235
3383
-9027
-9588
-5980
3431
8377
-9737
-9169
4779
-747
-2339
1864
7659
-2331
3166
-4044
2491
-8477
-7543
-8257
-3842
-4950
9390
-9073
7712
-7743
-5489
-5423
-6230
194
191
-3940
107
-3727
-771
-7603
-3544
7817
7908
3392
5648
7428
8073
1512
500
-2419
-6464
-8597
-2229
5289
9673
-66
-3932
-3487
-9501
-812
-6847
1067
2432
-6382
-7532
8353
-3574
7371
-8636
6238
-5515
604
-2252
9439
7575
5877
9515
-5243
906
-1542
-7018
-1269
-2558
-6694
-7414
-9742
762
-952
2788
-8027
-5321
4632
-5301
-7617
-3250
-1610
-4907
9343
162
2149
-7503
-870
6358
2987
-5393
-6977
329
3170
4330
-4142
2961
3973
4889
8843
-1728
5174
-4079
9498
561
-7452
2197
-9607
-4433
-6536
-1223
3451
-4148
-7167
3488
-5564
4412
9547
-8616
2113
-7877
9926
-6918
2829
5209
4157
1831
8652
-9179
5936
6497
8072
8621
-6863
4989
-4999
-3524
3569
9186
6881
-9670
-524
5019
6932
5443
9432
-4086
-8809
1131
-7984
-4575
-6937
4043
-191
-3983
-8375
8649
6675
4770
3362
-8924
558
5130
2719
3206
-8096
-2131
3594
-9704
1806
-5706
-7049
-8054
5077
-6617
-2732
5720
-7019
5199
-4931
-164
8268
1726
-2364
-278
-7179
5531
7607
-2191
-8646
-9872
3325
5216
7473
2305
3573
-6975
-4412
2445
8392
4381
7805
8168
3902
-5207
-1390
-5212
814
-8963
-8806
-4228
-6770
7480
1716
5700
-3341
9499
7709
-4407
-9317
6316
-6188
9441
7863
3420
1153
8213
5125
-604
4415
-9
7570
8600
8510
-7847
-5121
2980
5946
7907
-2384
-1639
5429
-2100
-753
-5544
-4056
3749
2863
6639
-4540
9890
620
-2154
-8914
-4176
2412
6739
-3590
594
4196
1631
-6463
5242
4791
8442
-3740
8882
7168
1401
6388
7456
8168
-5216
6934
-7454
5500
3880
1150
3910
-513
-3465
9372
-9745
2517
-9630
5814
-5229
6691
419
9711
3840
2735
8886
6936
4411
-998
-6528
-727
-8563
-3627
7087
-2829
-9581
6161
-74
-6759
4683
9139
1568
3573
3987
5547
8437
-2050
6145
846
2671
-5617
9490
-6349
-7598
5278
9950
5879
-6912
-660
3021
831
-514
-2357
-4512
-2505
-5977
1302
-6470
-1039
2347
-6478
7189
-4023
8416
-3742
-9605
-5254
-3625
-217
8306
6724
-1105
-5910
9934
2116
-397
6512
6426
6719
-7773
6183
1462
9430
2790
6746
7412
5591
-3990
-7651
-5666
1594
-383
-9372
-8675
-8338
8148
-633
-2955
6030
-4788
-264
-6353
6639
2857
567
-9735
-1531
7241
179
-8400
5973
-1455
403
-4177
2048
8037
7493
9751
2316
6051
-2809
3941
1347
8289
961
6399
-1011
-5563
-1802
-638
3661
-2816
6530
-2055
-1853
-809
-6680
4442
-17
9070
-3033
-7918
-2223
8086
7287
-5639
9120
5373
-2204
-3032
1631
9616
-5211
-8561
-6174
-9502
410
-7172
4269
2353
1047
-35
-3113
-5591
-3175
-9758
-7710
9242
-6057
-4405
-1667
-4810
-6542
-3702
2040
-6063
798
3979
-4833
3656
308
7431
7591
-2747
-6236
2211
7511
5787
3282
37
5080
4031
-3760
3215
-615
4423
-1068
1645
9544
-6685
-81
-6265
7006
-8270
-852
9745
5620
8750
-2024
6582
-4237
-4281
3576
-3276
6841
2487
-2433
-9151
4378
-5429
6207
3578
-7731
-8280
-9028
-2924
-6724
7329
9069
1939
-582
-4816
-4941
5818
-9739
-3875
1513
1959
9490
-1661
2504
-3461
-1848
5259
4376
3575
2486
2710
3230
-8354
9912
-8072
-8881
-7472
-9573
9103
3630
-9116
1085
-8333
-8154
425
-3381
-2420
9078
5310
-7380
-7294
6919
3629
-1080
1601
-3148
7310
-9268
-8716
-5840
7168
-2745
-2542
-9942
-6146
-8586
-408
2079
3502
8495
3172
7925
-5165
1102
6102
9353
920
-7414
419
424
698
-8420
-5606
4408
4212
6548
-1538
-9594
1100
-9468
-9839
-8942
4165
8324
9272
9523
-1577
3964
-2502
-4473
9416
-4121
9355
-6583
-5988
-7482
-6297
8892
-7786
-8717
-4406
-7335
3378
-3855
-9631
4134
-3058
2168
-3855
3891
502
-4823
9826
4132
2767
-4682
-7762
8633
-1934
6347
-7136
3772
-8568
7466
3027
356
-8358
2193
-9117
3806
3796
6730
2022
2467
5495
4043
306
5881
-5124
-515
6301
5033
2073
-5996
-5395
3023
-4072
-3896
217
5661
-1690
-5823
-9949
8536
9067
-8080
-1861
1143
-470
-5739
5914
523
-9688
-6245
-5250
6328
2902
-300
-9871
4221
1015
5570
-1603
-4510
4097
-9568
7304
-1556
8786
2854
-7468
284
-2606
5587
-6217
3123
6353
8314
5337
-2238
6776
-8481
-3872
-1511
9633
-7468
8410
-1816
-5393
-7248
-862
-1184
6990
7944
-9073
-3947
-8070
4652
-8238
-2809
2224
7377
-7995
7466
-2143
-3724
7796
-5429
-6247
-1622
4586
-7158
4136
-2842
2595
-4090
9114
4697
-3973
-9833
985
1126
-9683
3284
-1902
5844
7582
-1176
4635
-6641
-8622
-3460
9722
7558
-8609
2339
4996
-772
1236
-7320
9085
-6400
3575
6033
-2699
-9361
-1548
-9269
-8492
-7091
-6257
-5178
6764
950
-1070
-8110
775
-1740
8265
3868
6447
129
-346
4145
-3357
5649
5827
-169
-3699
9239
-4334
7317
1694
-6899
8206
4045
6767
-7749
8252
-805
-9904
-762
4257
4020
8207
-1061
-1828
-4183
1211
-9048
-7040
-4717
4448
2040
1900
-3552
-6932
5904
893
-2241
-5922
1329
2353
4476
8907
107
8188
9682
4154
6366
790
-7027
-9642
6553
-6175
-3150
-781
250
6429
4901
756
7505
-1632
-3771
2235
-4535
-4453
5425
8176
1796
2191
570
-6522
-1644
8443
-7243
-213
2165
-8041
-4611
-3190
3858
4957
6649
2417
1885
5163
-6927
9705
-1215
-1398
-2807
4647
-9975
-7190
-1370
-341
-5110
3158
-9775
1366
-9648
5088
7698
5927
-214
6856
3841
-1001
4948
-63
-5779
3339
-6770
-3359
1141
2875
-2334
-4545
-2948
5079
8079
-7423
5932
2312
4331
6987
1779
7655
3003
-196
-7533
-8687
9519
8921
8230
-4895
-1569
-6994
6980
4940
4517
-8247
5474
-4980
7808
-2964
6902
4411
2875
8030
5882
-5999
5
-2074
3031
-7486
-3400
8192
-7745
9574
9367
7628
-1547
9432
-3379
6819
-8587
-6048
9965
-731
-6955
-6692
2387
1849
9660
-8534
-4199
8126
-4454
-2466
6572
5710
4176
740
-9997
5396
5932
-4906
-1856
8970
9466
-3069
-8216
1211
-8679
7057
-9357
5426
-4489
-4859
9097
8432
7884
5406
-3704
-1633
-6908
-6922
-50
5291
9153
-1005
9440
8186
3181
2343
-9548
7938
5723
5336
-8090
5016
7897
1686
4958
-9289
6996
3616
3935
-7607
3710
-70
-5042
7673
-3933
4702
5567
9564
-2985
-404
-7162
6575
-4809
7080
-2420
-3131
-7602
7172
-3920
-2514
288
-2903
2054
-5288
6746
-9992
4345
774
2837
-46
-9093
5452
-9664
8754
-9992
-1366
4479
-5993
-9503
-5261
-4482
7708
2094
7438
-3633
-7926
-3550
5037
-2048
-6229
-8245
6873
9084
-2559
-5385
5128
3787
-4173
9873
6220
4455
-9717
-1402
-9271
9191
3888
7324
4555
6466
-3306
9309
1800
7598
4552
-3970
5639
4244
3322
9901
7536
-8549
-6188
-1041
-2332
9799
4328
-4372
-7183
3778
-4378
8898
-494
-5951
4603
1408
581
5856
1718
3629
-8339
-8837
8767
4332
6471
-9526
970
-2932
-1517
-5922
-9510
3701
3121
3274
-3680
7878
-5220
-3717
8417
-7219
2014
-2061
-7146
3203
3735
5538
2881
-6242
-5846
-9968
-9861
-7366
7310
454
-9783
1759
-980
-1289
-3392
-7437
-3809
9439
2041
491
-3462
1025
-375
-5962
5890
-6798
9974
7189
8909
2916
1639
153
3630
6548
3133
222
-547
5722
3938
2448
-7087
-4989
-4107
9954
-7703
3500
9262
-3493
-1592
4678
-253
8302
9214
799
4147
-6537
-4838
9278
940
1090
550
5051
5298
177
8547
-4724
-154
-7914
-9970
-7573
7542
-8617
-1405
-7728
2065
1230
-6459
3063
-8574
5164
-6190
7734
-5457
-6972
-4313
-9879
3509
-9962
283
5668
2233
6363
-4651
9223
-5630
7379
-2534
-4585
-7419
5589
-3881
1998
8903
3687
-8761
-3312
-4766
-3961
7944
3941
-6164
-1878
-1241
1198
-4099
-3396
-2120
5941
3384
-4240
3574
-7440
-2182
9838
-6967
1719
1682
8200
-466
-314
8703
6631
6286
-9072
9070
-2296
9909
-7174
7285
-2790
-8980
-3806
-7155
1065
5346
-4552
2637
8212
-3067
3351
-9978
3938
2820
5300
3338
-5606
9313
5220
-3275
-3516
-3887
-3402
-4766
-576
-8536
9582
-1285
-9179
-3985
-5101
7849
4071
-6393
-2670
3492
4567
369
-4628
9820
-2671
7195
3570
-8637
7513
-1478
-4034
9748
9981
3989
-9237
-1357
-9266
5500
1293
8370
-5417
-7480
-8558
9050
9490
4221
-5439
-5855
-3069
3336
1494
-8119
5931
-2860
3224
3711
-7238
-7973
-8504
-3020
9502
46
4372
-352
-9477
6002
8119
-360
927
6909
-7802
1352
9092
3526
3933
-7266
2188
-1597
6370
5629
5655
-5085
2706
8368
1449
-8872
8662
-5837
-1590
128
-9054
-1107
4596
-9046
-4456
-1969
500
4588
3059
9178
-746
-4614
-9610
8310
4698
-8445
-141
4480
-574
6013
-3250
-9908
-6655
-9057
-2018
8810
-8883
-2958
-223
8329
-1880
6320
-7320
-8692
6057
-8478
7479
-998
7080
-9890
878
3933
4555
1303
-3766
-8471
1412
2353
2056
-8394
9437
-5542
5924
-4544
-1906
9857
-5721
-4925
725
7198
-8226
-4488
1168
-2430
5390
-44
-4706
-6713
3635
-1353
8567
358
1458
1455
4935
-3827
9732
-3011
5939
3394
6502
-6761
-9700
6190
-999
4354
-5392
2887
-4951
3682
1887
-270
-9558
5248
-418
9288
-1109
2905
-9919
-3130
9628
-2866
-7778
2286
-364
3834
-258
-8960
-2762
7095
5642
9409
-7954
5391
3976
2811
-369
218
-6078
-7185
-8628
9149
5568
6422
1710
59
-4676
2764
7147
2419
-5242
-3578
9872
1148
-7694
-9743
-2125
5971
7496
9495
-5027
6908
-8571
-8368
-3603
-9428
-3565
-3532
3762
-2089
1329
-4675
8368
7209
-2958
-7544
-3261
-595
4752
-1930
8358
-1796
-2734
2981
9067
4943
-4423
9684
-9736
-3205
-5283
-1414
6181
4158
-6782
-1709
127
-2062
2267
-1283
-950
-19
77
-6161
-7245
2180
-2937
-2278
-2188
-9105
3100
9725
8802
-221
1467
8529
7867
8426
8374
-8650
-155
-6813
-632
-3659
6682
2939
-4515
723
653
3953
-1741
8888
4286
8822
994
-6999
6825
-1654
9533
-9702
-1730
-5596
-1676
-8393
44
-9089
-4855
1632
9638
3296
8174
-9237
4695
-2564
-3177
6223
1580
7752
-9030
9688
2540
6752
-8026
9791
8470
-3481
-7430
7904
-5894
3553
-3806
-6628
2942
-3291
-1932
3844
-1771
6190
-1012
3393
2982
-2572
-7283
1906
-9231
8475
2876
-6249
-6319
-2690
3901
9876
1281
-9155
-4607
-5927
-4882
-1948
-2154
6453
-1482
-7091
-8414
7212
-1731
4882
-6803
-7870
7433
-9865
9404
-6216
6163
59
-1596
-820
-8489
4387
8875
5146
-8365
-1874
4140
-5468
2644
-4955
-8315
6853
2681
-1427
4148
2191
6192
7434
8577
-765
-4061
-4658
-3597
2069
4201
-1875
2900
9593
4469
8307
-4378
-2158
-9607
-9685
-2844
6974
-2745
-7934
284
2666
635
1885
-5455
-3541
-1358
-6071
-8545
6115
210
2525
1979
5507
-5956
9438
-626
2817
-9209
-8947
-3551
1333
-1862
5835
-4301
9646
6493
-5475
1063
-8814
-6520
266
7032
-1647
-8735
-3989
-2800
-9842
-21
7958
-8125
-3593
7892
89
-894
-4199
5943
-7292
-1385
192
-214
-9113
4518
-6707
-3758
-6440
3927
-8458
8945
6994
5739
-7106
-2512
-9400
-6538
1741
7219
-7369
-1476
2623
-8612
2733
2150
-8866
6200
-6962
594
-9724
-7383
-1792
-1827
-3615
-2574
6025
-5189
7628
1058
-9959
-7181
-5357
-3428
5427
-8566
4131
7886
-2183
4193
5393
-8016
-8923
-536
5767
-4257
-5705
7269
-1284
-9214
4361
5714
1484
6909
9646
4878
5836
7661
1071
5275
-7128
-5405
-3761
-9876
3271
4156
8903
-3239
3298
-1921
-66
-7042
1527
-741
4750
6308
-2058
6040
-8259
-4767
3801
-4080
2758
-9204
2467
-5413
-9095
3861
6955
6766
-8678
-3855
-6560
4439
1929
5204
-3003
-1819
-9311
537
7248
-6867
5033
-9770
7799
6172
8006
6474
5839
3882
6493
-9323
-5417
6102
-4955
6056
-1003
4917
-2316
8280
6610
53
-2982
-7877
3556
-4428
-9267
-4838
-4530
-9545
5001
-6099
-3909
-4811
8055
9187
-6050
3329
-1120
-4459
-4502
-817
5443
-8741
-5698
3868
-198
4139
-524
-8104
-6249
-1905
5421
3714
-3254
-7116
-9746
-1539
970
-6614
-559
-149
-2564
5123
-3151
-8730
-5317
5839
2409
6785
-5835
-2289
6817
-8122
-7407
-9059
-5364
5773
3422
5856
-424
-7097
7894
-6890
2729
3860
-7291
1606
-1625
-8454
9825
-8860
5018
6957
-5333
5892
3857
-1401
6012
-6980
-5073
5927
3447
5169
5524
7994
3344
1085
-6301
8728
-3667
6685
4892
-1044
-6666
-4918
-2120
-660
4097
9322
-7953
2925
-9206
6445
2470
-1423
1378
-5108
9159
-1684
33
-1460
9432
-7461
6897
-8855
-3053
7101
-2372
9144
4623
-6133
4803
-7194
-4421
3218
-9308
7143
-2127
-5331
6761
-5200
6213
3292
8132
-1766
-7348
5736
9405
-963
3107
2092
1705
-7758
2606
9303
152
8600
-5716
132
4608
2553
8633
9599
2350
-4973
-8391
9996
-6595
-8261
2794
6361
-6979
8217
8348
-2506
5368
6410
601
1646
-1078
-8025
-7895
3749
8351
6479
777
7973
-9117
-8520
6192
4505
-9153
-6885
8506
4932
915
6113
-8908
-9609
1202
3453
5213
-1848
8513
3848
9936
8183
-1973
-883
-3321
1013
9858
9898
6280
-9291
-2051
-8274
-5785
-899
4472
1575
2269
9023
2418
-6103
5077
-4970
-8880
827
3706
-7737
-2177
-7962
-2128
-2197
8926
2911
7578
502
7827
9526
3955
7916
2588
8545
6442
-6135
8806
-7216
4602
6429
868
3062
-7909
-3993
4427
-6948
9513
-7045
-5677
2054
1602
-2352
3179
-6980
6438
5882
-1206
982
560
-8807
5423
545
-1921
-3206
-1607
9296
-4650
-2526
-7917
9710
-2002
1243
-2171
-6438
-8467
-942
-7510
-6741
2176
-8575
3071
-5933
1430
6633
1586
5753
6955
4055
937
-6721
-6421
4172
6790
4444
4054
-8979
-591
-389
5689
5981
1010
-6365
7721
-5421
675
2462
-5355
-8467
-8192
5213
8879
9491
3971
234
-3816
-7940
-4549
-1968
7995
-1938
711
-7581
-7528
-4567
6160
-2971
1469
7101
777
868
-1786
-3520
5349
-6542
361
8469
-803
-2464
-626
-9079
4318
9708
-4126
7764
6180
-579
9542
-1146
-7715
1939
6208
-1376
-2297
-2826
-2908
8344
-6452
-1313
4754
6497
9564
9284
1983
7453
6997
2155
4971
-621
8850
169
9867
-7990
9842
-775
-7975
-2893
-3292
-1958
-337
-5966
4233
9880
-2173
-9754
-9054
469
-4861
-3374
5307
7871
1794
6991
-2802
-7286
-175
6297
9571
-1501
-8368
-7816
-359
-6978
-1192
7009
3092
-8923
8298
4222
-2947
-5641
147
1126
-1001
-3586
-2814
6720
-9678
-2806
-1869
3900
1316
-4253
-3788
3585
-8335
-4941
-2247
4809
5190
7463
-1044
944
-2528
-1013
5329
-7934
-9514
9522
5548
-6036
7385
-3469
4525
-5389
-2645
-1889
7205
4646
9605
1963
-726
5501
2317
9304
-8941
4072
7737
5958
-9559
5798
-1692
4018
-32
3558
-8852
3012
-8802
7436
-442
3466
-3279
-3447
4848
5019
-7231
2389
6888
3218
-6595
9487
-2866
-3573
5071
6499
-3140
-1449
9581
1774
5254
8721
-4913
2102
115
2339
5541
-661
422
-1104
-6644
-5106
-7196
-6051
4881
8301
8431
-954
4503
-6939
-4408
5063
-7505
-6590
2941
4576
5506
-6245
-5829
9005
586
-1507
7525
-2835
-288
-7101
2167
8963
4213
-46
5501
-5025
-2364
3178
3287
-7126
5953
5256
4492
1783
6227
-9440
-1442
1249
8166
-2480
7383
-2903
-4385
-5413
9579
-3970
-7235
2436
5604
728
8636
-8169
2890
-5358
8769
2450
-2847
-3161
-3213
8618
-9114
3330
3640
-6217
1563
9448
-3988
9074
-957
-3548
-4448
-1511
-3271
-3618
1933
-4894
7592
-8522
-6848
6181
4807
-4965
6267
-8693
-7461
-8265
7423
5007
-3034
-4211
9141
2994
-1813
-195
371
2481
3972
-6975
-2382
6689
7101
-9102
-1611
-3730
-2940
1723
5026
918
3498
-9643
4092
766
-6757
-99
-1533
-713
-8047
4830
-3598
668
5704
2737
4051
-300
-7381
8704
-4277
-4673
-3853
2197
-76
8180
2075
-174
9178
6865
4757
7833
2022
3514
6476
-9326
8463
1160
7090
7541
6032
5964
-7191
-3192
-4159
-4207
8089
-2644
-9714
-475
-9662
-8290
-312
4846
4824
387
-6467
-8903
-7244
-7938
-6245
7585
5024
9984
4900
-9870
7113
3564
-2579
-2294
-6610
-8038
-8048
179
-6469
3329
-9006
9613
9843
-6780
-5291
8269
657
-6570
-3244
-4044
3391
-6985
2382
5748
-3373
4656
4254
-1598
9932
6299
-7180
5748
3938
9895
1776
-8205
2720
-1491
-1072
-535
2687
5187
-2661
-7258
475
-6989
-30
-8992
3373
-6845
-3767
5573
-6083
9879
5109
8296
8395
9648
1321
8823
-5775
-9288
-6088
-8876
1381
4094
-8491
-4429
2164
-9113
5708
8746
855
-9570
5645
-4747
-1618
4393
-779
-6948
3384
-1989
3026
-7495
3069
7333
-1618
-5837
-6909
5576
3221
-894
2308
1687
2503
2370
-4440
-8634
6712
5859
-3509
6352
-4026
-3552
9839
-7174
2926
154
-5586
4128
1100
-1054
1008
522
-5802
4913
-6706
5948
3179
9549
-2916
694
8460
3747
-4954
-2301
-8440
-3686
-8901
8307
-3801
-4666
-2437
5095
7535
532
8868
1247
4440
-6286
9159
-5376
1918
3269
-5792
-2056
-3223
-9735
-6758
-1175
-1931
422
2953
-7480
2190
-5131
-746
4742
5941
-9345
-2317
2350
-9453
-906
-915
7140
7887
-781
-2803
-9409
1964
-3585
-2148
7891
-7195
-3474
-3831
1487
6894
1155
2151
-1957
7935
3331
-3437
-965
-1779
-1299
8395
-2239
8271
653
5848
3855
-6833
4829
-8970
1685
-9490
5736
-5767
8685
3897
-660
-5698
-1647
-5704
3188
-4592
4481
-6240
5734
-553
6378
7458
-9229
-7937
-7946
6984
4838
-9884
8619
1206
-8191
1037
-3781
-4583
-8467
967
-4843
-6166
9535
