5380
-1639
-6050
6324
2040
2411
-668
7015
-9702
4394
-9526
9216
-6665
3699
9687
-4358
-8204
9187
1661
2935
3371
-4904
7329
-4566
-2252
594
-8070
-2460
4426
9261
-2654
-2872
2902
2717
8730
-5066
2471
5634
3217
-1532
8087
6393
2591
-5727
-5817
2833
4774
-6882
2757
-9753
-7148
-3729
-122
9014
-8080
-6072
-4030
935
-7552
-5005
-8378
-1201
5156
4246
2201
-6581
8606
793
7935
2278
-6127
-1589
5152
5711
5136
7838
3642
-5277
2262
6951
-3026
3577
445
2252
-1854
-5030
8350
8413
9480
4731
9062
8766
9694
-2314
9089
4958
5466
8355
-715
5859
2237
8303
3091
8469
3028
6187
-1870
6781
877
1569
-9475
-8965
-5180
6882
6090
-5188
-7635
5292
-6937
3878
-4657
5530
-9047
3164
7717
-4048
7887
2764
2753
-5869
151
-3026
-1619
2699
-5640
695
1926
3553
-6819
2457
2610
9452
9831
3888
-4869
2246
1752
4802
4071
9349
5357
-5465
5598
-1413
2876
2258
7196
-2371
3467
-7645
-1959
6209
2111
-8003
5116
-6702
6189
-6137
-4904
7913
-7999
3507
-1367
4436
3340
5667
-7751
-2228
7200
2851
3693
8902
-1872
526
6838
1702
-8105
485
-1194
-6472
6172
1578
8179
-2598
-2315
-6769
4486
7827
-8772
-8440
-5647
4652
-4396
-8893
9267
-3334
639
3948
-5100
2347
-5262
-4767
-5982
-2470
7016
1569
2262
-8871
-6629
-9180
160
2860
-15
-2975
-6847
4075
-7169
5146
-5811
-639
7455
-2684
-8105
1906
2964
9387
-7500
-2767
-4813
-7236
-6816
1075
-7371
-9608
2685
-828
-4626
3484
-9639
6733
7540
-3885
-1408
9675
9951
-7741
1614
9158
6332
2870
-1018
-1031
-9190
2390
3675
6527
8685
-2436
-5187
2889
4514
-8010
5267
-9431
-9870
-4967
5739
-7502
3202
2198
7602
2830
1952
4994
7963
-6204
-1488
-9573
-2277
6118
-7415
-5784
-593
-1730
-7074
3370
5381
-8384
-682
1639
-5399
-6086
-1589
-2148
7717
8767
4040
8181
-6347
2549
-5187
2724
5471
3457
9182
-5096
8286
-6530
-8439
5601
952
-4861
-6753
7576
-2615
3685
558
-4846
9961
-4520
-78
-7695
-1635
-766
6375
1579
5026
-4001
-5256
5421
5901
-8198
4968
-582
-7821
-4229
4963
-7754
-2396
-8829
-697
-6862
-2055
-1852
-2951
708
-871
-3024
-5044
6084
-1388
944
473
-466
7306
7087
-6000
-9903
-568
-8476
6044
6383
-964
-8074
-3703
2219
7082
-4746
-9603
7209
-7576
4458
1957
8239
-1300
3547
7000
3457
9686
-4966
7485
1008
5372
1451
2812
-3417
-3577
-1761
-5097
-9615
-2292
-46
-2285
5465
-7620
9568
9429
5524
-3453
-2521
6795
-7781
2195
5241
-8321
4659
4884
-3953
-7686
7116
6780
1990
3822
-5250
2669
1322
7295
-8083
-5615
7462
8910
-2895
-7855
1260
-6409
-7993
-3039
7213
-5085
8210
6235
992
-5079
-1079
-2273
1554
-5427
8910
6791
4297
2340
-9674
9146
-926
8401
5797
1090
-922
2168
-3609
1601
1416
-2723
-3731
5988
-4093
7210
7825
5109
-6995
-9301
8232
-9326
-8754
6670
8013
499
-9004
16
-9936
-7376
-8447
8972
-248
-79
1231
5990
-8716
-1170
-1587
-2435
-5357
763
-4745
1933
8644
2847
8736
-4334
-6299
-9519
-774
-8583
-666
2474
449
-4298
-1330
1301
805
69
-4969
776
6431
2204
8167
-1692
8104
-614
-6286
2385
-4369
8489
-8706
-3422
-1293
474
4824
2420
1639
-6495
9289
-1635
4723
5791
-978
-4269
-2841
6855
-7897
-9585
5865
2528
-8711
7209
259
2711
-773
5050
6329
-695
-5387
1151
-9000
3769
-6772
-3993
9616
3186
-1242
-7749
6408
-8256
7017
-3723
7752
-3057
7867
8725
8267
-8177
3874
5961
6945
2285
-6575
-821
-7644
-8028
3944
6652
8166
5840
6890
795
4982
-9416
-5007
-9382
-9763
8986
4114
9996
-2434
-4328
-678
-5124
3025
-4026
-6153
-6446
-8160
5893
-6019
-7050
9643
-3944
4545
7006
3853
2558
-5859
-1250
-5816
9278
-5617
-5892
4162
-3270
-9072
8545
2656
9216
9314
9529
7319
1590
6604
-170
9986
-2873
-1113
6507
-2247
7859
1000
-9416
2661
4890
4197
-3656
7245
6418
-8173
-2539
9320
1916
-6793
-937
-8381
3499
-6266
-2315
-4536
-4990
6375
191
9452
-8879
1925
2553
-5901
8462
7136
-2447
1983
1494
-8762
9558
-4826
-1215
-994
-5062
-2446
-6415
4885
3100
9788
8180
4624
-2981
7850
-9417
6639
9067
-9394
-7781
-708
4666
6250
-6863
-6203
-6691
-4989
-3078
-5323
-8031
9922
-5410
-5262
-834
3995
-2520
-58
-4732
-2683
7381
-788
-2818
-7602
-3736
-6603
-7653
1620
7166
5198
-3547
7480
5113
7474
-5351
850
3563
7687
6274
7990
-7263
-1
-8686
-9996
-4383
2273
-5084
-8266
-3985
528
-1575
4688
2600
-2442
6170
-1421
8468
-9474
5688
-3087
8365
2956
5705
9072
-6507
3656
8678
-7222
-2938
8562
1280
-2475
-5185
9518
7793
-6504
1875
5379
4955
-8261
-7598
2175
-359
566
586
8243
2045
-1426
-4321
8503
6651
4783
6405
-5818
3387
6181
7512
821
-821
186
2204
5426
-5677
1637
-7898
6339
1133
7701
-9517
-4362
4399
8211
7682
-9821
6688
3617
-2433
-1036
7716
8661
-2912
3028
-376
3058
-9299
-1741
4062
-8384
1229
-767
-2160
8563
-1983
-8301
-5201
-5247
-272
-6097
5079
-2823
-3604
-3836
-3874
-2140
2508
8475
3330
-5467
-7027
-757
9207
9565
-5229
3601
-378
-7735
-8559
424
-1952
-6753
9873
4042
-7738
4700
6137
-7147
2156
3494
-2111
2164
-9942
-4290
-5735
-9850
-4817
5850
7356
198
5559
-1323
-2143
-8993
-2245
4345
2849
5827
-6250
-3783
-6456
-5905
6617
4929
-3269
-2480
-5482
1858
5310
3910
-8914
-1248
1067
-6505
-309
-2520
-2218
-3212
9873
5314
7531
-8596
2051
1996
7959
-9209
-2303
1105
9246
-6920
248
-4602
-9133
9179
7181
6028
-2855
-9944
2699
-4723
953
-2821
-7857
-8612
-2083
-7077
-9432
5204
2276
4535
666
8374
7048
-8144
9834
-9430
-3611
-6924
1607
9838
5250
1063
7072
-6143
-9104
7927
-9846
3660
2195
-9814
6050
-7548
-213
-1045
-2193
6148
3150
1491
6846
1186
-9969
-3185
-7881
-9717
-9207
8330
5687
-3869
-8232
-7608
-1759
-7533
1639
-6439
6410
-3919
2315
-8212
2483
-2701
6229
-6401
-5883
4703
8752
1605
-1893
3305
-4462
-8004
-7580
3943
-7334
-7865
2617
3043
-3079
1136
8744
-1229
-6152
-4381
-8149
7569
2979
8673
858
-248
-260
-7342
2675
507
2768
-663
-6284
-5407
-4092
4113
-5844
7504
-1693
-4090
4822
3868
-9639
-6355
9955
-6934
-9178
-7986
1848
8221
-6862
2046
8879
2312
-4654
2713
-1312
3437
577
901
-277
-2215
-5282
-7211
-4331
-9556
3270
-2945
7059
-8516
-7518
9112
-2197
6977
-6424
5595
-5488
-9177
-7938
-43
4400
3257
6956
-3588
1178
7054
6111
-6332
4865
3530
-7050
-4448
-3764
-3902
-4082
5972
5923
-1572
5606
1405
-3620
7294
477
-3872
3715
468
7289
-3716
-3414
-8876
9151
-7258
-5055
7890
3801
-9255
2775
4290
7345
-5944
-2050
-7306
-9105
-821
-595
6664
5504
-6406
-4282
-1646
-1800
-1582
6748
6835
-5968
2797
-6035
-6869
5099
-6795
-4973
4938
5935
-671
475
-3229
5240
6278
-8065
8389
-4833
-5236
-5248
2791
-697
-2350
-5398
-4828
9918
3202
-7771
4253
1012
6460
8860
-6776
5416
-542
-7220
4988
1915
-3288
206
-7371
9246
-6264
5681
-1408
4769
-5550
-3907
-2241
-2266
2933
7650
572
6360
-5185
2270
-4592
5779
-1328
-5575
-6825
-9700
4728
-2493
-8095
-8603
1777
787
-1520
4308
3254
-8392
6118
6219
3712
-8763
-6158
7485
-6687
-3288
5550
-535
-3200
9772
2558
-573
-2266
-8024
3297
-7079
-7823
9745
-5249
8811
-8871
7060
4922
-8683
-3521
5091
1072
-4765
281
2997
-2216
2564
4564
-8889
998
-9949
4037
2311
-5541
6043
-2654
2310
-4848
-9633
-5648
6409
8318
1806
2258
-6571
5552
4640
-1109
-8085
-4918
-1711
5745
659
1816
-3007
171
5992
-5379
6459
-7340
5614
3354
1748
6846
-5009
-1078
4080
344
-8820
-162
5534
3942
3180
1805
7887
-7296
-1296
-552
4930
3396
1148
694
-8076
-3973
-9447
-2242
2320
-1823
-689
6500
-9318
1627
-4373
4838
-9841
4602
-6327
384
-7118
-2355
-9458
9139
-1305
-4738
-1503
-5836
6815
3318
471
2877
-3484
-5608
637
8623
-5631
6751
3733
-3336
-6779
4486
-3018
7889
-7050
-1272
8573
9515
-5664
-3233
8170
4711
-5753
9267
-2244
-9364
1949
-2621
3753
-8018
7475
-9376
-7025
-6326
8340
-1595
8160
-3368
1154
-2880
-8406
8573
-2628
6796
3375
9392
5624
4219
-5352
3462
-4597
-5485
-5625
4362
6286
1580
2052
-8690
-1212
9509
6569
-9321
-8738
3469
353
5796
9061
4373
4130
5163
-3344
9976
-6813
5574
1518
-6435
-9791
4188
-9253
1903
-7431
2971
-5727
-8373
1716
5801
636
-4906
5394
4072
-176
-4900
-1054
-698
-6773
2317
-7386
8762
-9809
-4684
6658
-9938
-398
-2547
454
-7789
-2185
6799
-1090
4745
9622
-6024
-7078
805
4417
5505
-4628
-9418
-9026
-535
-3840
690
-7913
-4266
-4448
-3926
-1612
3747
9786
-5335
-5669
4197
8032
-7351
-6472
9626
-2272
7530
-3232
6313
7360
-2553
-8547
-4077
7038
-6478
-8647
9576
8119
-9470
-10
7041
-2112
-4320
9976
3958
9262
-2531
-2439
1066
-1471
6054
7995
-6945
7297
3745
-3013
-1407
3264
1212
4616
-5319
9809
-98
-8665
-405
-6284
-8953
980
-1046
-7107
-1017
8221
-5363
855
6547
-4030
-4037
-5885
-6597
4460
-1147
-2030
7755
-6074
-6387
-6329
-316
-1566
2666
209
-3800
-1085
626
352
8833
9674
5410
-411
230
382
5061
8870
3507
119
6240
-5942
7964
4106
-1458
2285
-2032
6815
6196
-5067
-8895
4104
-6863
3875
-6136
-5482
5232
-1977
-8993
1867
-5395
1571
9997
-9965
363
-1644
-3328
-7351
3432
543
-2374
-3803
-9016
8552
169
-1265
-8942
3473
5157
-4995
-2708
8807
-5850
-345
9790
-9816
2016
-9054
2446
7658
-9886
-3462
-6310
-2888
7726
781
-3488
-1882
-1889
-7444
-9741
4872
3923
-1023
-4063
-4878
5489
-8295
-1054
-241
-9075
-8568
9235
9526
1665
-7671
-6745
-8408
-7275
-1141
-4508
-7406
-2326
-7576
-4153
-2052
-8613
2175
9992
1567
6757
8401
-5672
7115
-5752
-2942
177
5333
-4549
-430
5224
-1587
-468
2669
9346
3920
-1423
-2894
-1967
410
-5979
7063
45
-7521
-3135
7812
-6357
39
-2284
6831
2246
-7845
-4525
-8719
-8751
-2026
-7118
-6500
-3295
7282
9430
-2475
4710
1204
3295
6317
697
8171
7161
9640
-8147
-9279
-8957
-6542
-3951
-7032
7914
1281
-6401
9322
-3106
-6152
-6611
6410
-3283
-6429
3299
261
-2793
5119
-8590
-9969
-5809
-8534
-4167
-5391
2102
5889
-6445
-8217
-3526
-4337
-2877
-6685
395
8764
-5411
7861
4986
6559
3422
6628
3229
9680
5830
-7168
-4154
-7328
8360
-3553
2508
-3764
-3603
6832
7637
-2430
-9790
-8237
9413
9471
7212
-1945
3684
-2134
8066
9328
-7086
2472
8691
8415
3178
5038
-6159
-9300
1919
2191
-5777
449
-8667
1925
2503
793
4603
1800
7468
-1618
2866
8136
-4591
-4852
-3958
8412
-6325
1296
-776
4329
-4450
-905
8796
-7882
-6867
1178
7111
-873
-2692
1075
1856
4623
-8792
2331
1164
-6216
-6821
-7223
6888
-5710
-1638
4453
8024
3639
-5406
-7149
-3581
-574
-459
-6989
-3593
-7106
8978
-473
102
4583
7676
2004
-7159
5571
8485
-9848
6953
5543
9166
6127
-3389
-9221
4850
-9588
-1793
8332
6739
-2795
-6278
4629
5173
-2688
4733
4917
4857
8094
-8957
-9595
6762
-394
7692
-7695
6658
-671
3240
5429
6188
-3343
-4166
9959
2092
-1666
-7562
9817
-6093
-6279
-7253
-6047
1183
-4197
3345
-9126
8479
4046
6307
5250
-8301
6347
-4395
-9736
-1353
-7295
8644
-5259
-8912
6089
4363
-5122
-5588
-5526
8315
6287
8945
-2045
-9388
-129
-6541
8428
6272
8151
-2738
6701
-9655
6828
-5729
7415
9373
1218
1765
1751
1644
844
2358
3291
-9320
1357
-1260
5780
-2875
-2256
-3735
-3918
-6720
367
-5195
9268
3586
303
1990
2449
7665
5571
5088
-3211
-9480
1276
3125
2135
-1535
-7619
3650
3548
-2231
5131
531
895
4805
-9493
2939
1379
6709
-2562
479
-9912
-8551
-6983
9841
9364
-6201
-1452
-3220
-2890
2837
1044
7416
-7376
-2566
2629
3985
5272
799
-7142
3773
6118
-5005
5349
-3742
6664
-2965
7954
-1189
-6216
-7687
-7504
-951
-3065
8505
2983
961
4443
-1894
-715
9020
1734
998
-6206
-5168
3981
-1808
5309
4279
-6363
857
7753
-6496
-6462
-7542
2037
8267
-957
-4490
-7832
9752
1609
-2525
7174
-6145
6159
173
5913
1326
5864
3929
61
3921
8041
7218
1768
-6967
5028
4460
-7586
9831
-6876
-6404
-4161
-9979
9675
-2951
7748
5261
4159
-5171
9190
-7804
-9470
-2240
-7306
8217
-2093
-4605
1875
-7935
4050
8819
-6479
-3742
4039
2179
4379
-1286
-4168
918
-8305
1518
185
-1464
8200
-5230
-2881
-5621
311
-4341
-5806
-4626
9667
-5801
-6822
-3123
7381
-2122
2987
2997
-7370
1639
5992
2686
-3675
-1271
5776
7894
-2074
-3459
6505
1077
2733
4977
-9946
-3411
-9872
6978
1903
-2684
-7790
1603
-7284
-4992
630
-9428
8540
-8652
-5184
5695
6084
-6817
4763
981
2620
-5061
-8063
-3556
1713
152
7940
972
-6545
-4514
421
-8516
-9291
-3371
2489
1309
2074
-6757
1492
1319
-3590
-6332
7584
3624
-3993
-8032
3693
8430
9625
-8106
9445
7940
-2602
-618
1966
5377
-9782
197
5718
5920
2176
4418
544
1015
5390
6983
7629
5306
-964
6833
7763
-4129
-4350
7700
-5693
-2037
-3706
-8764
7463
-1088
-741
8027
-4290
4515
-8291
9190
-6420
-135
-4301
1096
9385
8506
1663
8472
-9855
9831
376
-5671
-8573
837
-4650
-7858
294
6608
-754
-5809
-1937
4312
-3636
7639
-614
2514
8060
5855
3904
-5450
-1126
9848
9349
4664
2062
-285
-7146
-4401
-7798
-4767
6599
4754
3538
-6280
5988
-1716
-4865
-4313
5397
-8324
-3375
8462
-81
8883
3337
-4312
-4440
-1511
1434
-7763
349
7254
7169
1056
5789
8813
4326
4249
-8517
1659
-2096
616
-1789
-7743
-3513
-7641
-575
7727
6900
3401
7467
8113
-3724
-660
7223
778
5634
-1081
-9772
108
-7238
-6401
9260
-2969
-9533
1993
2130
6965
-7789
-7636
-9714
6826
9103
-3877
-7872
6897
-1362
3641
6287
-3665
3826
-8769
-520
6114
-7669
3044
3517
-4617
5808
2609
3997
-5494
2977
-570
2927
9948
-3481
5055
2054
9330
5059
-2311
-1403
-9229
6250
-4817
1539
4018
495
-4575
-900
4212
-4187
9945
-9721
-8192
9883
-6548
-7467
-4115
493
-5317
3829
-221
8099
1412
7361
-276
-727
-7353
1137
-5082
-4159
-3263
-796
-6328
7062
706
4131
7486
6143
-1152
-347
7120
-1579
-3987
3437
-8748
-2592
3933
-1507
4277
-4922
-8712
-5864
1440
-1782
-7027
-1727
6224
3678
102
-613
-6378
2571
2878
6854
6329
8637
-9278
-4955
-8858
6630
-3892
-7728
-9389
5749
808
-8316
8138
-2095
747
8649
8859
-9860
-3866
-5987
-732
8279
-8536
3947
4947
-2708
-8554
-7366
-9873
-1289
-9762
7723
-6404
1417
4187
1268
1251
2949
4069
5343
2726
-2805
8960
-3079
-5694
-4822
-372
3546
7669
-7417
6076
-8183
-4573
-604
8617
-6516
2903
6880
9113
-5154
-8191
7675
-9395
5270
-8469
-4996
-3524
8822
-9393
8418
5791
-1048
4378
3647
-5675
-4588
1796
-7668
92
-9924
-920
-7009
-9327
6321
6548
5403
-9661
5817
8200
-6376
6328
6498
1379
677
9408
4682
6739
3089
-2323
6996
923
2716
8325
-9105
1705
619
6708
-437
639
-9520
9450
4464
-5466
5850
2496
6046
-2522
-9043
-1709
-7904
7032
-2206
-4047
-6752
9871
7374
-6585
5716
2988
-1039
5955
-3683
-4033
253
7876
-3133
-4580
-4571
2873
3488
-2279
-3341
-9438
-7542
2714
1737
-2266
-1719
6897
-2596
2661
4149
-7780
-2647
3016
7923
2210
3459
-3476
-5530
424
-8839
1950
-8746
5594
7107
-8399
9793
8908
-9912
4878
8072
-9982
-8200
-1040
8691
3136
-9495
8318
5966
2090
4154
-3174
-5596
2318
7905
3498
916
7444
-7015
361
-2357
-3842
8793
-5013
-6451
-1297
-8839
-2277
4631
5887
2988
-1606
-6448
2790
-8362
7428
-195
-6662
9129
-3744
6758
4538
-5675
9664
-453
7181
-7688
638
-9016
2826
5685
3313
5972
-9451
-5985
7998
-8313
4484
-2296
2135
-6797
7968
-4297
-6271
9780
-7402
-8269
1658
6370
4960
2935
4793
1361
8260
4912
7066
-5897
4211
8087
-9493
8745
6888
9487
-3913
-9006
-7700
-3491
8396
8198
4762
2204
383
-1205
-657
-815
-9138
-1040
-5676
3308
-8794
536
-4776
3743
-8638
-3544
1559
1702
8589
-6089
7373
6583
-8134
-7201
-8795
1613
8930
-478
-4878
1384
-443
70
-2626
-7697
-2111
5015
-2619
3203
-9390
1522
2069
4760
-7338
-677
-8236
8082
1657
4671
-9089
6937
1190
-3604
-9122
-7810
-4814
-2975
-3580
-4297
-6645
-3501
-8808
-5102
-3652
-8826
4214
1802
716
2264
889
-7073
3860
2677
2474
3015
-3521
-5583
-5257
-4411
3763
-8238
4747
1961
-2462
9666
6861
7954
-7439
804
7672
-4946
-2800
-8078
-3000
89
-5912
3531
-1559
-2227
-637
-4090
-3873
7416
-5380
1309
9876
-682
-5988
-7901
6539
3397
-8907
6556
-8647
1687
3799
1009
8005
-8418
-111
572
7184
-6266
-4595
8730
9591
-4456
-6998
9582
7773
8415
9348
-8254
-2168
8324
-8740
6523
6244
383
-6015
-765
-8837
2061
-5950
9260
-8057
-2727
-8043
8989
-7468
-4075
9534
-1761
6400
-752
7825
5808
9321
-7168
-8882
3123
-869
7278
3453
5811
-755
8896
-1043
1981
-24
1709
5952
49
-4220
-6896
8846
-8097
3855
3054
2912
-8732
5901
1185
1988
-6260
-7462
-9088
7710
-9192
4109
-6522
8781
8085
-5379
5895
-963
-8242
-1863
-3577
3048
-2539
-7071
-6473
5592
3211
-3167
6519
-578
-3006
-4721
-1294
-8391
8880
-192
5896
-4439
-385
2744
401
967
-5321
-8428
-4376
2489
-4978
9997
8382
-5992
7691
-1289
6310
253
-3972
3488
-297
-2481
6535
-710
-1868
-2512
-118
1852
2062
-1546
-5338
160
2955
4803
7518
-7792
-4632
-4366
5698
-729
6040
5635
5579
7755
8215
-5717
-8920
-2552
2700
-2056
5755
-5367
-6917
3348
2603
3067
8608
2278
3513
-8689
8213
5507
-168
-4387
-7371
-3850
-4619
2920
-3046
7709
4330
-3384
-1643
3959
-1500
-7818
9455
-4445
-1185
6044
5707
4868
6802
-2245
-8297
-9074
928
15
5243
3571
7210
8155
3642
-7526
-3500
80
8385
7018
3434
4979
9429
9804
-2429
-3620
-6558
7032
-3982
2991
-354
-9486
2006
734
5888
-8119
-9739
-73
-1944
4989
9214
-2474
-9673
-1765
4161
-9479
-4148
-1464
6062
2127
6947
2036
4987
-9089
8950
-763
-2163
-2773
85
390
9076
53
-2228
-1119
7107
8018
2847
-4658
7766
4190
4351
-5632
7497
7405
933
9678
-3550
9463
-2091
9049
-8674
-4558
3363
6766
-2502
-7205
1116
-8341
1153
5407
1841
-7465
-3368
-6721
-3504
-4475
6135
-2297
8592
3647
9977
-788
7579
7455
8360
9615
1393
8849
146
7203
-3698
-8023
-4135
-2313
-9654
-8630
3633
2351
-9235
-3679
7866
-1794
-6793
-4206
1085
6267
-956
-7891
-2407
-4679
-8520
7753
5679
-4142
9538
-1756
5409
-7457
3331
-2069
9951
264
6264
-4952
4797
-2711
3898
7278
9163
2883
-7426
-9794
-2169
7430
2247
6029
-5669
4990
7318
-4042
-2803
-8145
8854
1572
-9346
-8021
-3571
-4523
4839
-9307
1944
-9408
4028
-497
495
-934
-7766
-6042
-3614
6384
-8807
-1217
-2030
1367
-2261
8233
7068
8529
-8801
3898
1705
-4408
4800
880
6774
-6756
-7109
-5682
-3183
9958
-4751
9451
-5662
1736
-1394
-4780
-1906
-7149
-7187
2684
-1991
-433
2131
-714
4777
9555
-6030
-5694
9964
2568
-7639
-6410
-1244
2712
-5027
-4870
4243
4459
150
8828
-4951
-7739
1375
-4604
6491
8621
-2235
8000
-8129
-5233
-131
-6115
-1620
2007
-3774
5119
-1424
4068
6794
6579
5702
7338
9971
-9046
-1216
4274
1497
4027
8171
5497
-1033
4858
-4151
5666
-883
-9893
6251
7164
4868
-4253
4541
1758
-3870
7674
8375
-8050
-944
2180
-5196
8354
9076
-1076
4601
6029
-1352
5949
7187
2421
1198
-8182
-1818
8028
6410
9480
-9241
5450
-204
-1209
-5385
5549
-7751
-1111
-5301
346
-2532
-1818
-6511
9640
-808
-2659
6983
-123
6343
479
3956
-1338
3483
1599
-1282
-1878
-8005
-9018
-4897
-6096
-4087
8043
382
-8589
580
-1817
2774
3171
4040
8336
8014
-3948
8961
8264
7975
129
-4209
4350
1629
-769
3060
5113
7388
2473
5885
-1595
7815
3553
6768
1698
7890
-2576
-468
4701
9662
-2436
9138
-9208
-2890
-7273
-2289
-6137
3764
4379
7539
39
3388
-8602
-602
4732
8961
3794
4164
-9516
-1112
-7565
8525
-8368
5077
5958
-7877
-7251
-8482
6308
5427
-5639
6535
35
-8217
5488
6419
1115
-2009
-7897
-6890
2289
7637
-1572
2892
3417
1128
-4792
-3830
-6756
996
9605
-3404
-2124
1151
-2435
7366
2763
7386
-1683
-2312
3997
-5572
9026
-3844
9592
-3735
4080
1572
-7360
-2972
-8215
-1439
-2680
-3290
7342
7734
1452
3269
-242
-5313
5335
6697
4538
8264
-8152
-6240
-9905
-8733
-9094
-2048
-3632
-879
6192
9676
-1608
-2192
-262
-5387
1176
-5219
-4654
9406
9512
-6483
9772
9879
-7184
-9489
-4405
7604
-4673
1444
-9542
-2627
-7252
6293
-7539
-473
3855
4362
-2796
-7902
-9395
-8608
9125
-353
4314
-3594
-8502
-7672
-4751
124
928
-8982
-2760
-6434
-6891
-4764
-9634
-7824
6381
-186
-5229
-7967
8370
2924
5952
5327
412
7090
3195
-9872
8976
748
2694
-8210
4055
9500
-9261
7752
6956
-2597
554
5182
1993
4061
-7407
8074
1672
144
5385
-4051
-3991
2294
-6813
7269
2012
7770
-7347
9918
-2026
1383
-8529
8835
-7937
-7994
-8084
-2428
2710
-5520
9525
-6204
-1248
83
-7232
-9328
-4582
2798
3558
1506
2207
3673
4310
-2073
-7187
-1924
3387
519
-8594
-2866
-2635
-3568
3824
-1985
-8803
2039
-4853
-745
7514
-734
-9731
6168
359
-4658
-7096
-857
6555
-6799
-2404
2624
3930
4228
-3322
3211
499
6302
4710
1420
-7911
6894
-7164
-4111
-1769
-7244
-6543
1485
-8578
2559
5536
-9369
7526
-7286
5531
-5372
-2041
2994
-7466
8244
1755
5450
-8509
-1785
-5525
-5908
5047
-4108
-1696
-8525
8465
-9981
-4971
8605
6320
8265
2813
-8834
-985
-9527
-6885
7077
-3171
5275
6099
-1471
6809
7085
-8008
-2506
4023
-8255
-754
-9418
-9892
-6248
-8858
300
7466
-4837
1388
6679
-2601
5678
-8055
-2315
-9706
-3520
-9305
-4058
919
-6584
-6021
5208
-2308
8636
-4125
-7930
2096
130
1750
7686
-3244
1080
-34
-3073
1659
-8685
6091
-8567
3071
-4293
8630
-3979
-2682
-2436
-7381
727
9707
521
-7600
-1511
5964
-4323
882
-9526
7128
-5061
-3082
601
1082
457
-8939
-4565
-5542
5068
8842
-7885
2997
9278
6005
-4830
3794
7247
2484
-3558
-7950
-5801
2785
-1894
-2577
-9124
5721
-3349
-7972
5779
9649
-7491
-6479
7377
8401
8605
3376
-350
6729
-1697
-3295
-3510
979
190
2568
-4192
7833
5454
-2770
3261
6361
-4037
8162
5467
4574
1490
6924
401
338
9848
-9494
-7347
-464
4861
-4140
-4631
-5080
143
5414
8235
-9423
3921
-3866
-3358
6587
-3316
-2346
278
4061
-2613
41
9509
-2222
6327
6904
-1912
-8713
7914
5095
-4150
-6665
8647
6103
8249
-4958
-7150
-9834
6008
790
-9869
2534
8301
7092
669
-3735
3454
-6141
9538
9612
9460
4030
-1938
5275
1367
-1032
-530
-1394
1692
-2133
-108
-8283
-1847
-8424
5133
-5285
6747
905
-826
-4512
-5565
795
1462
6138
-3652
6345
1163
3178
-2111
-9972
3974
4898
7124
2125
-4336
-4016
-192
-6458
6245
-6004
-8226
1629
9116
-3295
8756
5376
4395
-5473
14
-3607
9871
8624
-5126
5099
-9612
-8837
6379
-1113
-1547
3768
2170
-3806
2434
3161
-6630
6334
-2890
-7126
9171
1996
-6573
7305
4372
7931
6448
5928
6693
-6105
2203
-6020
-9634
-2424
-3982
-6463
4344
-2749
-8900
6950
7482
7946
-6945
-1741
-8195
-3647
9583
1670
-3484
-1488
-9790
3143
4495
3555
2536
-6287
-6451
3051
-3496
7263
3974
3379
8898
9145
-2092
-4814
-3715
-6935
-3608
7971
2709
189
9118
-4757
7651
-1050
8742
-8333
-7556
3708
-2516
-5930
7497
9490
-125
9255
3674
7684
205
8418
2665
5377
-2089
-3697
8375
-1131
-4605
-882
-9650
5621
-702
3039
3914
5276
9955
1130
-2333
-558
-903
3420
6784
323
800
-1583
-3593
-849
3774
-3187
-6543
8613
-6960
1512
-8281
1363
-5601
-4110
3053
-1506
7991
-4160
9139
2113
-7347
4988
2953
-9632
7940
5152
66
-3570
7886
6068
2908
-8475
5305
-394
9745
-9877
1263
-970
-7411
854
7141
-8766
-8160
6154
6795
-9401
-831
-5471
-957
2717
-4251
-9398
8255
-2214
2345
-5436
1005
-8881
-2722
-7789
8368
-6951
4930
7969
-6737
-7222
-9942
-9979
-6898
8149
-7889
-8830
-4167
-9729
-2589
-3615
1597
6221
-5944
-563
-3980
8187
9301
8665
-9820
8107
9561
9667
-4248
9257
686
-9975
-7263
-5972
-1014
1850
3289
5460
-8617
8835
7305
4175
4318
-3736
-2090
-4794
2703
2590
7936
6026
-1715
-5189
-3789
2626
-2734
1460
6135
-5043
-8483
-2136
7978
7812
4872
8556
-8545
7646
-1890
7388
461
-1949
-4946
-4020
-6067
-3523
4446
-2124
-3873
-4387
693
2734
4263
-8963
6155
8494
-1773
3053
-1719
3886
-9918
-7516
-1797
3376
-1287
5662
-7590
9246
-586
2970
-72
3516
-8037
4396
5030
-3391
-8291
-4572
5982
2871
-9113
9001
-9469
-4298
-440
-318
-4308
-3163
2491
2336
-5557
-3743
2011
-4791
9626
7234
6773
7473
7639
-2724
8316
9603
-7618
9208
2094
2542
1758
-6061
6857
8410
-9696
-7584
-9520
-9839
-6665
-9355
306
-5554
805
-1257
1998
-4571
-9215
869
5004
-3404
7193
-6609
-7733
9555
2063
6723
-2036
-3687
4136
4063
-7033
5983
1189
1882
-8615
7178
2732
-2224
9014
-7639
-1158
-7015
-9455
-7343
-1562
-863
-7591
-3643
6745
9645
1353
-9254
-8827
1274
6631
-6080
9253
-5213
-3332
-6389
-5064
5748
654
5959
-2660
-8411
3835
1584
1390
-113
4197
9062
4036
2943
6862
-4739
494
-7837
4320
3066
8912
-4509
5563
9940
8397
-1711
-4864
9741
5097
8734
1782
6054
991
216
598
-5987
-4414
-1312
-1038
8447
-2890
-7959
-4978
9554
-6817
2123
-5042
-4553
246
-2108
-7686
5472
9142
1745
-2363
-2259
2148
992
-4835
-3325
-2495
4135
-2945
-4759
-2476
-7427
7659
6319
6320
-2937
5161
-383
2209
845
-2189
-5326
2080
-9658
3668
2557
-9535
2100
8269
1655
-5624
-2373
-5492
-4245
6019
-9834
9517
4448
6683
4911
-2298
7285
-6247
-744
-8561
4570
3860
7265
-3161
6881
-3596
9050
7366
-3775
1336
5698
-2759
9349
6554
5321
-7619
5966
3346
-9653
-4389
725
-759
2073
6723
7507
-8332
8683
3793
3046
-2388
7026
9342
-7590
7627
-8988
3347
-7014
-5625
9006
7670
-9181
3750
-60
732
-1990
6267
6582
9458
-2972
-4742
8719
-165
3764
3845
9003
7853
-7443
9812
-1188
1015
-2852
9082
8310
-4565
4636
-5334
593
8648
-2717
1407
5937
6399
6366
-9804
-9598
-7450
4807
9703
2361
-3976
-4991
-6451
-3577
-4931
-1243
3688
-9096
9168
8026
-1483
8648
-3000
-5469
7360
-5432
8338
7228
-2688
877
6781
-1499
2839
-4174
-9847
-4617
9241
-6455
2046
8571
827
4420
451
-3765
8742
-8076
8200
5424
890
-7815
-2926
-2089
9413
8635
1858
1036
5989
2574
-4514
-748
-7690
9441
-3043
4496
8204
-8335
7456
1559
2143
-1844
8331
-2144
4814
-5067
-6507
9485
-8173
937
7901
-5095
-3037
-2075
795
-6639
-811
9930
1882
9314
-9281
-1490
3544
9313
4473
-4525
4052
-9880
4084
-5447
-2924
7149
7257
-4606
-988
9562
4291
4763
-5999
-1571
-3689
-6935
-7351
7437
-9217
583
-1275
4429
9560
-1946
1090
5081
-3680
-683
843
147
1994
-6259
4068
-9066
-6379
4975
-4573
3015
78
-9860
3029
274
4084
-2200
1982
4570
-1295
47
-9297
9586
-5728
8449
-5391
-6736
8483
-2673
-6782
-8026
-2966
-1914
7262
-3694
5544
4717
1251
-714
-425
-9690
1735
8707
-3137
917
-5750
-2155
4131
-9756
2058
4200
9137
-9896
-1260
4369
3429
-9342
9168
-6412
-8709
184
8957
-2782
4794
1280
5621
3523
7632
-4646
6374
-4033
5205
928
-1828
-9856
-1800
-4617
8344
-4770
-2783
5358
5530
6553
7782
-3060
5224
7552
1660
-7824
-260
3771
-3967
-237
9195
-820
-3003
4396
-7217
-8029
-6658
8668
-3257
-9772
-6968
-1184
-5179
-2711
-106
8520
272
-7673
-6226
-6273
7876
6852
-4405
9418
-3491
8361
-331
-7114
-3657
5618
-5749
1891
4323
3112
4381
-1480
9287
-923
-371
-6147
-4727
-1277
8537
-6987
-3207
7243
6467
-7935
-8601
6161
-7463
-4076
6536
8560
-3008
9220
-5723
-3066
-9018
751
-9114
-1505
-442
2968
-7810
8756
-204
2923
-5762
9405
674
8448
6493
-4633
3104
7063
-8892
426
8461
244
-5362
2668
-4094
-7469
-3300
-9079
-1981
-5003
839
-8307
39
43
7671
-4269
-8913
5328
7074
3617
-7746
-629
5865
1764
4632
-9727
3455
-5345
-7604
3635
-4892
7014
-9237
-156
-8268
1394
-2855
-8662
-621
-5461
-8459
7950
-9792
547
-1034
4266
9728
-8828
-9550
682
3051
-8543
-878
4858
-8020
-8732
8252
5406
-1993
3893
-5587
-5728
8893
-5940
4326
-5307
-7322
-5537
9278
9565
730
7685
5375
8485
7574
7859
-4000
684
-1294
-6127
3662
-7263
-4997
6645
7022
-7940
-5515
5540
8946
-5197
3516
2537
3337
4597
8822
3779
2763
-1550
5310
6196
6814
-4697
1548
2085
-5286
-7103
-9231
-1266
-8503
-6715
-7183
-413
-3833
-195
-2768
6868
4659
-994
3778
-57
3287
-8509
-778
-2826
1509
-8344
3458
-6757
-6586
-2665
-4435
9101
-3087
1015
-655
-8946
7377
-8806
8511
3193
5643
6043
-4506
5577
-9504
3698
6263
9969
557
6066
-2060
-9286
-5647
5185
-6972
5047
-2811
3891
-2787
6349
-8949
350
-8222
830
2657
8296
3757
7672
9965
-9635
-6383
1499
-6304
3062
5544
-2800
-8705
-5863
2431
-5040
8696
-5700
-3079
-9401
8660
-142
9993
-2979
-8221
-7252
-9575
-2295
-1312
3958
-7080
-9822
-8559
8743
4283
9178
5688
-4831
7260
7246
-8915
4221
9734
-7271
-8485
4378
-3517
-6992
9926
-698
4495
-1469
8930
-8097
-6934
-6936
-2332
3975
1671
-8771
1070
4171
-1124
-5213
4452
3000
-7262
-3205
-6829
19
-7316
3114
-5176
-4079
7256
-4040
9081
2150
-3214
-8947
-3190
-4194
-3200
3032
4394
5612
-8200
1723
2656
-5296
-7311
6515
899
-7098
4242
-1132
9412
869
6449
-6968
126
-1503
3111
7433
6146
-9130
3894
-6784
-1593
-7983
-3276
1074
-1273
674
-3626
-8029
2167
5334
6570
5369
7958
-2105
-3335
9013
-595
372
-7468
6356
-6116
9943
8178
9082
-3429
3310
6459
6901
8936
-3559
7051
7582
1342
-4517
-2246
-5244
1921
-5273
-8821
2708
-2465
9789
8878
672
3607
-9970
-5821
-2084
-1713
-1484
-1535
-5309
-7418
806
9431
-2758
3671
-3429
3362
1528
-7175
4733
-9351
-4513
5220
-7176
5277
-7406
2196
6622
3014
-9796
-5917
85
2888
-7095
-6245
-3158
6406
-1035
8681
9810
2528
638
7236
4307
-1284
8821
24
-8412
9469
-2038
-2022
-6556
2957
3180
-349
4703
-6720
-9964
2762
7562
-4839
-8628
-2574
-8512
-4663
-7943
9654
8370
-3734
9596
-2084
2836
-5218
6515
-9626
-9114
7670
-3301
9216
-2085
-4716
-7994
-6555
848
-3305
-6823
-1864
5225
2500
-1325
-9278
7928
475
-3906
-779
-4907
3917
2805
9773
-4824
1150
8042
-893
778
3583
38
7584
8205
-6786
-3175
7384
-6021
734
8512
8940
630
7671
-1871
1265
-8899
-4050
1912
-990
7456
-5894
3177
-3357
-7121
2447
-2457
3142
860
-630
1148
-5657
-208
3755
-3458
-3842
2641
-7148
6062
-4695
8302
-2924
-1272
-5924
5239
505
3732
-2648
-9828
-1533
9811
4121
711
3208
113
670
-9622
5238
5207
-5974
7716
8697
-7262
288
2832
-6024
-683
-2476
7401
-676
-9837
1887
-9088
9203
-2511
-1328
3348
6331
1336
-2407
2382
631
-5575
-7528
-8658
-4636
-7004
-8648
877
-6065
1446
7112
1933
7073
2840
5577
4249
-4712
8341
8630
8680
9146
-6210
9580
-7704
3298
-7966
1488
-8485
6070
5717
3250
-5422
7545
2248
-8280
-2192
8485
1238
6159
-5769
8783
-7706
-6845
8452
-615
3552
7773
6055
2602
-2201
-778
1054
1693
-2839
-7320
-4668
-1256
7266
-2951
-2149
-2284
-3409
3707
882
1100
1895
2692
-9331
-4648
-558
-3890
-2274
-6129
4344
-7590
-3921
6125
692
-9204
5550
-7238
5256
6516
810
469
-2408
3125
597
-532
-7805
9719
-8683
-8566
-274
-3075
3391
4949
-5657
2806
7354
-8193
-2305
-4249
7954
-9491
3052
-7328
-5225
5043
-90
-3861
-5166
-3405
2462
-3578
7171
6291
-17
1605
-3314
-1121
-2302
-7132
-9487
-1134
8983
-1162
-7625
-6989
8145
1653
4331
2384
-6362
-8078
6474
-2192
-1981
1936
-1113
8828
8692
2231
-1750
-4069
-8077
4387
7026
3498
6192
-9838
4785
9535
5623
3201
-3729
7068
8370
4892
4737
-4130
-746
-9486
-7376
1097
8354
9353
5632
3098
4994
-9032
8533
8057
6942
7766
8605
2628
1076
-513
6635
7872
-6663
4669
6827
8016
43
4716
-4033
621
-5286
-1264
-2332
-3861
-9475
2075
6528
3166
4749
2806
-3148
-8451
2843
5601
1807
-412
6662
1471
-2480
2146
-1155
-3054
2859
-7376
-8739
4137
5137
-2172
83
4725
7915
-310
1907
-4803
2029
-7507
-3152
-4688
-179
-3993
-1854
532
-8496
2405
6496
4931
-1428
-663
5378
6796
7204
7587
3432
-1864
-709
-1109
-662
-9113
8147
4123
792
7195
-6930
-9768
6434
-2423
3792
8243
-9260
3924
-1155
5666
-699
-8551
-5742
4624
5534
-6245
986
8108
-1107
5708
6602
439
5165
799
4793
5393
5093
-8169
-6442
3203
-6135
-3307
-94
9208
-178
5750
-8806
8699
-7616
2470
-5948
-6256
-4366
6746
-922
-7101
-6860
-4575
-8300
-439
-4076
5781
