5030
2404
9754
7956
-507
-5354
7064
3717
-1395
2239
-9419
-5343
-5571
-7207
-3859
-4086
7204
7584
9073
5184
6296
-6016
-1766
618
9998
6442
-4855
-3627
-3776
-8644
-8438
223
-6225
-7225
-3432
-7507
-3542
-2675
-3163
-6312
790
-3270
5497
8448
-7351
-2777
-7182
-3273
4627
3053
2488
-2234
-1541
5582
-4393
-4655
2111
3338
-5574
-9428
8134
8928
-7952
6940
-8195
5899
9664
9708
6714
473
5089
-6470
-3134
-623
5702
6408
-9104
7415
4268
-747
-3279
9365
973
-5764
-4379
3772
2002
-7145
-2151
-55
-7225
-7939
-360
907
-8258
-5737
-4675
-9750
7187
-2452
1330
-5997
2715
5557
4955
-2515
-2896
7374
-3195
8697
-2199
-4405
-9648
5912
-420
6376
7157
-9733
7543
-4153
-7490
2034
-8755
-6919
3189
338
-4850
5389
-6282
1004
-5947
-2428
-9479
-6868
-6367
7992
2590
298
3046
-830
8628
-9305
-5353
-5812
-3575
-6857
1507
3381
-676
-5634
-578
8036
1338
-9561
-6538
-2638
-647
9209
1091
-6696
1151
7525
-7164
4395
5068
7219
2255
722
1054
-2845
-3377
8007
-8810
2778
-7567
-2808
-8121
-8310
-117
7937
9538
7737
5332
3801
2151
7174
-6283
9115
7713
4401
1173
2155
-791
-6820
-5628
4240
-9709
-9904
4411
-7490
-6322
7657
3505
-1224
-8322
891
4143
-3507
-244
9072
7084
7703
-2285
5071
-3121
6620
6332
4393
8567
-5622
-6638
-6431
9471
-81
6300
4922
1963
-4961
-9230
6697
6440
-3868
6303
-3139
-9056
4161
524
-4456
573
1064
8308
3972
-788
3923
-7733
-3477
804
-9116
-2313
2926
4806
-6472
8129
-243
7804
4517
7836
-630
964
3501
4248
6319
-3433
3759
5092
-4187
-5556
-4407
1712
-962
5762
-8683
-7121
6766
6477
-6520
5756
471
9467
7688
-4785
9648
-2705
-4910
-1230
-3400
-5652
-6492
1812
7189
-1598
9097
1416
-6847
3285
-8153
-9621
6205
9595
-7360
3762
-5716
-9105
-3128
5876
3729
2441
-7231
2823
-6820
1866
4472
7394
7754
-1990
9492
-8134
5569
9238
-7439
1830
5083
8310
3846
-8846
5341
-9229
-5560
6840
8026
-7254
2165
-1110
-7538
7883
2851
7726
-2258
-2151
1860
-9428
3766
-1856
-6487
5867
-1486
-1957
-7393
1718
9513
-5059
-8320
-5974
54
9963
422
3030
-9631
9320
802
-8382
-9890
-8962
-8414
8059
-5445
-3150
2914
-3368
-3126
-6041
-28
-4922
1564
5539
-2184
6633
-3315
-8439
-3747
8900
4087
-6062
-1194
1143
-1805
6289
1801
4382
5267
4638
4029
620
-4871
-5958
-5351
8380
4776
1375
7785
6135
2147
8143
481
-7735
8713
-8529
-3559
-2513
-7857
-9954
7782
5586
-4739
5371
-8498
5844
-3744
-9261
-3343
-6238
1596
5219
-8477
-9151
3038
-7304
-5983
8146
5907
1508
-9941
6345
6593
389
7645
-2775
-7136
8273
5522
4828
-389
2983
-6128
-8996
9443
7911
-69
1633
-6527
4874
-5036
6200
7765
7249
8881
6193
2519
-5413
-3744
-8285
-4947
-9268
2277
5695
-5148
5495
-4870
3354
6165
-920
6105
8711
-7479
1235
-5184
-8704
-1098
-4527
500
-8132
-6911
1388
-3096
1285
3467
6867
7776
2441
-1121
-2050
9442
5560
108
849
3764
-8369
1411
-7292
-4454
-3059
5241
-7922
2907
1409
-2578
-6049
-1218
1258
-2751
5153
-8923
9078
5061
-6694
-532
-6570
-4902
-5262
2309
2964
-9418
-9633
7974
6354
-4456
-3451
-93
5485
-5803
163
-9375
2712
-1076
160
9755
-2154
-12
9192
6432
-9506
-3458
-5365
-573
9715
5157
-6086
-4164
-825
-6102
-7562
-4883
-9065
3683
-3192
3431
-5284
-5546
-872
-3047
-3919
-3542
9786
-1085
-6263
8828
-4798
954
8275
-9730
-8978
1393
-9753
-8020
-9160
-2691
693
6553
8879
1671
6929
-4734
-1462
-494
8217
1599
1940
9942
7749
-5917
3773
-9001
9582
-3386
3259
-3607
-1493
3469
5090
-407
-4759
-3552
-1998
701
7024
-5669
62
-1713
8159
5321
4491
2672
-1723
-8719
1037
-3780
3580
-1343
-1459
4969
-6831
1015
9309
4618
793
-9155
3166
-8137
1683
-4407
-2547
-1927
8652
-6895
-3103
-9320
-3870
6399
7034
3105
9262
5954
-4494
3937
-556
5294
8068
4369
-6526
4215
-6551
8739
-8627
-7536
1618
-3845
-7215
2654
9961
-3159
6852
-7123
-2985
-1829
3061
-8869
-5552
-3100
9977
-4732
-9964
-7289
-8550
4424
-2739
-515
-966
2736
8857
-788
-7306
6423
8511
-8764
-4118
-7676
-6145
-200
7758
7967
-3642
-7283
-2142
-2157
6279
598
-138
2017
5945
-588
-1567
-4091
-8715
1449
-1897
3413
5113
-4356
6088
-1660
1526
6975
-6509
-4399
3541
7271
-98
2608
6534
-9820
3184
1464
590
-3882
2360
-4953
8474
-61
9871
-6471
2057
-3308
-3593
8451
-1168
3107
-2015
-4918
-2963
2390
3880
-67
6336
-9867
-4887
621
8389
967
9357
4792
590
3974
-2677
-245
-8283
7318
9275
-8628
8002
-105
-4881
-717
7272
-9455
-7121
2456
-1186
345
-6762
-6164
5550
-9484
4179
286
-6436
-7407
9655
4877
-514
3671
6909
-6105
7286
8071
-8663
3164
6352
3501
-791
2340
6701
2627
-3884
-422
-5578
6281
-3017
-6891
-6990
9182
8408
-7383
-2711
5671
5951
8454
7590
731
-8088
-2601
7842
3186
-22
7220
8250
-8823
-3553
7255
3831
-3075
-7321
-1427
-2929
-9271
-9305
-9817
-6365
9954
6675
-8143
4999
9894
695
-4843
4900
4611
-125
4332
-3639
7159
9491
-5098
-24
-7618
-7482
-6866
-5049
-4501
9453
-3410
8540
-2878
-3277
-4799
8168
-8423
-7301
-541
-2810
-3736
-4337
7136
-63
4837
4218
8045
-2033
-2676
-4396
3475
-5391
7735
5647
-9217
-4320
-1343
7060
-7497
4132
-2132
-5499
-3206
-4740
-3348
-2446
-524
6594
1075
76
1468
846
-7868
-84
-266
-2015
6183
-8626
109
-777
-5169
-472
-6406
7169
-5187
9126
1039
6114
2193
-6713
1763
-4516
-2670
8671
9834
1927
-9360
7445
1256
-9905
9876
-7465
-6838
7164
4037
-8990
-821
8527
-6771
6278
-1181
-2822
1622
4467
-4811
-1171
-9368
-5468
-5950
8972
-5424
-719
-7304
2150
7008
-1857
5738
5636
-4434
-6903
7700
-690
5944
-2800
7902
-1743
1827
-1000
-331
5447
-2320
2001
6065
4091
9209
8676
7005
8770
-400
1731
7669
-6775
-7603
-9686
-8630
-2508
-6641
-6991
-6816
7802
-2794
-9378
6463
3423
-3995
-7338
4785
1824
442
5458
-9548
6842
4035
3373
-7093
-4012
6027
8705
2523
9849
-1835
-7943
-3373
-8610
-2406
-3122
-4286
-7035
-8876
-5518
7217
5289
4955
-377
4001
4727
5975
-2248
5325
8987
-3039
-1222
-7480
-1315
4281
9806
240
5909
-6875
-3236
4151
6929
6977
6362
3295
-864
-4583
514
-4462
-8512
9783
2199
5864
8461
-2827
-6423
1803
-1365
-4728
7577
3053
4613
-7041
4690
3694
-6690
2072
5835
-9593
4873
5792
-6805
-5982
8372
-536
228
8965
4728
-7075
-9931
-3939
8148
1887
9153
5537
-7207
-9534
-92
6479
-8298
-6761
1109
2465
-844
3764
9608
1086
9458
6618
-162
-3953
45
958
9010
3640
-4528
2228
7370
-915
-6813
619
2597
2816
3712
-2617
7445
-714
-7655
-1731
1104
-250
3831
1259
2890
-7901
-1837
5572
2051
898
9948
-8764
-1783
8715
-8268
2547
2787
7554
508
-1582
-6461
-1029
1701
-9521
3508
968
-6720
-1875
7451
-4648
-4616
2945
-8360
-9229
-4903
5721
-2807
6910
-9895
857
1201
1383
5081
6677
-9034
3850
4507
3764
1585
-9150
427
5122
-9830
-7063
-7028
-8738
-2220
-8026
5891
-3470
-4413
-5066
-8255
-8260
-5859
4224
4083
2266
8663
-3261
1696
8322
-6330
7363
2390
-1313
7704
2964
4352
3884
1832
1076
4939
9227
-1759
1685
-465
-3235
215
-4420
-5069
8218
-4115
-6318
6028
-4610
4671
-9206
6763
-658
-8433
5599
-493
8436
-8904
-4642
5521
560
4079
-2049
-9013
3885
8712
7155
607
6626
-3460
-5845
-284
-4935
-2626
2297
4364
9860
-4296
-986
7633
9698
6663
-5800
3008
-659
6428
-356
9095
1659
-5608
7728
-5096
-6219
-2450
4711
7823
-1777
-400
-6592
-986
6931
-6314
-6029
-7423
-8821
9001
8922
6878
8483
101
-9727
1671
-3560
-1522
619
9400
5616
-1454
5573
-1975
-9726
-9240
-352
-1277
8495
-9633
-4892
-1426
526
-5559
-7199
-4542
-2340
-6975
-224
-591
6700
8862
-8048
2804
7415
6635
-6853
702
-6562
7511
2370
-6136
-7154
-4789
-6449
62
1997
-8462
-9025
5922
-3007
-2726
7332
-5391
8114
6623
5845
-6011
9886
-3426
3230
-1051
2586
1786
4400
-609
8232
2545
-2077
-4354
-6531
4042
-4459
3410
7526
-1458
2451
8211
-5128
2668
63
-2107
2240
-491
2010
1039
-8506
5075
-2565
-3446
4296
7051
-1112
206
9121
5226
3026
-3735
-2727
4086
-1026
7457
-3601
2217
9342
-1471
6141
442
8135
-1302
2895
1184
-5887
-6502
-6241
4407
-1169
-8673
1741
-2214
3493
-7193
-1982
9671
4562
5069
-5149
1567
6845
-5845
1511
869
-8866
9816
6474
5261
-5769
5006
5446
-7724
-2486
8580
-2069
-4894
-5033
5920
5468
4740
-6102
4811
-8495
-4732
-9725
-3159
177
2246
-9233
-9423
4436
-4669
3961
6594
9989
6514
-4353
5020
4420
1401
7363
4913
5545
-4712
1210
1316
-8313
452
-3717
2277
-7910
-3642
-5758
-8138
8918
6590
1874
-2351
8697
2083
1936
-5137
-4731
-7311
123
7149
-1505
-2532
-7162
4995
8637
-51
-4037
-1857
2033
-7329
5851
7913
9068
8850
9864
3383
-4966
4348
3669
7690
226
5208
-1480
-3199
3243
-3176
-8268
8361
502
-9818
-4183
527
3773
2753
54
8415
4150
7624
2311
5092
-741
-6071
-183
5696
8958
3571
-4818
-7754
604
8319
-158
2596
-5842
6701
-6930
973
1984
-5884
6249
5368
-9092
-3984
8402
-5047
-1043
1876
447
-3309
-248
-867
-2644
-369
5602
2920
9882
9400
-2924
-2591
-2052
-8369
-9682
-3842
5016
7239
3333
-6330
5466
-4137
-2468
-2577
9184
8275
6564
-1854
-9700
4065
9311
-9278
-3379
4823
2012
6057
-9248
-7158
-6354
-5426
-679
698
-8455
5736
-9035
7004
-3611
-1336
817
3848
4162
3641
6976
-2158
5488
-8713
5783
-3454
-4420
-6073
-9629
8999
6573
7838
-4463
9476
-1728
-7243
8510
7759
4336
3360
1036
-5460
-1229
2331
-8895
2580
8408
-4843
1959
7722
459
2056
8696
-5903
9
-4893
2498
-4119
-6949
-4349
2900
-5460
3439
-753
6014
-2930
-2334
6526
6051
-8591
-2803
7589
-1117
7038
7206
-9054
-2294
-744
-9371
3152
-6494
-7263
7387
-5591
4805
5910
9108
4016
-1293
4319
-2119
6316
4728
6806
4209
-4628
2356
3500
-9758
-3602
4462
8680
-5447
2517
-7983
5351
2900
6091
9475
3392
-3432
8983
864
-3225
-9961
6147
-8398
7763
-1068
3607
-1464
-204
3373
-1855
-2704
-9348
-9210
-9482
6272
-6463
-3252
-7235
-9634
4438
5408
-4367
-9028
-260
5446
-8321
7346
-3500
-4814
6241
-2821
4678
6030
842
2896
-3418
3739
-8204
5778
-8852
3496
-5978
8479
-9160
-8504
6223
7440
4233
-5153
1851
5251
-7073
-7368
-3067
1332
-7092
-4213
-1111
8819
-7486
5134
1302
-5807
6746
6959
6594
6931
2446
5721
-8154
8416
5303
1061
-5046
4781
-6029
-3835
1671
4698
9918
-682
-2233
8840
-599
5713
-3505
-1923
9874
-3062
3645
-3214
9946
6487
-6920
-332
-3662
-58
-7940
-1375
2278
8415
4683
-7602
-177
-555
6292
8017
-6807
5881
-3933
-916
5205
3933
-7240
-6368
-9728
-1757
8411
9265
-5717
-2942
-9170
-2939
5398
-4567
-7069
-7543
-4675
-6821
4740
-1805
6032
9868
-6357
7597
-9374
-6916
7258
-8468
-6122
-17
1443
6387
501
-82
4825
8943
125
9633
-686
-8803
-5675
8110
5267
3062
6703
6136
2884
-1269
3634
-8968
3348
-8600
388
625
7429
1309
8674
-9506
7244
7721
-9568
9817
5491
-9974
8983
1396
-3161
2210
7653
-1533
-2447
-4018
-5816
6233
7628
-822
-5023
766
8489
-1841
-5465
1217
-21
-9074
6928
9377
2238
-6886
-925
-2764
8126
6530
-9747
-435
-7476
-4372
-7263
877
2825
8103
5919
-3937
9362
4246
-7015
-9969
-3457
8246
1308
-4861
-8645
-2126
1125
-3655
-4343
1554
9919
8942
1490
400
1089
2705
1776
2358
8774
-2049
4447
-4822
367
7256
-5587
-289
-7730
6575
-6464
-1614
-7538
-1229
8341
6900
9810
6525
-8464
7640
2131
-9866
2826
-1311
5206
1911
2381
6186
-1089
5207
-1970
-9875
-9082
1248
-9267
2967
7139
-5997
9001
3298
-5650
-1889
6447
9463
4532
-2114
8104
4803
-6508
-5244
364
6835
-4264
111
6055
-1103
5593
-4541
-2065
-7790
-73
312
6083
2596
-1998
-8595
-35
-1920
-6024
-5975
4208
-7215
8193
-7795
9177
4633
2805
1337
5264
-6238
-2894
6308
-9706
4902
-2511
-1053
-629
7758
-6767
154
-8129
1931
-8307
1318
-6612
2751
9345
-3271
4775
6342
-6105
3213
2770
-6775
-6222
2204
-1740
-3025
-9909
-5138
-8339
-7408
-8159
517
9085
4470
3552
3601
1686
8978
3528
8676
5560
-7897
4648
-1569
657
5959
-3239
-2083
3235
-6551
1432
1295
1056
-9400
-7013
-8165
-4923
-4762
7909
2096
-6534
6748
1138
7829
5620
-2493
2659
-9305
-6579
-2994
-4457
1091
6159
5963
-6435
-8856
-3912
-3141
3374
1367
9803
9427
-4235
-5109
2682
8222
-1615
-1766
4686
-6671
-511
-1616
4806
1853
6387
-850
-6433
1883
3665
7703
-9032
772
-4845
-2729
9333
-260
9762
-4942
-4480
-1951
-3304
-6874
5512
-9800
9948
2748
6335
6075
8175
-5016
4107
2705
3147
3185
-5278
-4366
-1499
-6642
158
-1571
-8634
2218
7268
8577
-1214
-8000
-1994
2933
7715
-5475
-8222
-9215
1193
1744
-756
-9661
-2319
6908
6991
2000
8857
2016
8906
2147
-3502
-7135
-6177
1325
7220
2210
-4091
5099
-8989
6206
5220
1455
-16
1230
-6356
849
-6058
-5341
8984
597
-4610
5670
5934
-4982
-1856
-627
6619
-2979
236
9395
-2375
571
5785
3208
-1609
-2195
-9516
9986
-5690
5998
6767
-6058
1800
3641
5346
-7493
4307
-5269
9117
-1759
6394
4998
-300
3573
5371
-1345
-3586
-7466
8717
4558
2700
9387
-6060
-6703
-6241
-2589
-4893
-8661
-1487
4883
-2041
-523
-4387
-1207
5088
-8357
238
3744
1272
-1044
8609
-4235
-3575
-9319
-3803
6214
-4600
4988
2049
-3982
-7112
-8571
-7844
-284
-9931
1615
-4447
631
-4875
9746
-6520
-4119
-8589
729
-8237
-7065
5181
8374
9873
-8726
8859
-6832
5330
-3512
2045
-8451
-1936
7553
-9653
3685
-6093
3659
3167
6750
-7268
610
2346
5274
-6107
-3697
-9640
9475
-6712
8942
-3121
-8482
-2125
3388
-9465
4554
6428
-2302
-4504
-4046
9090
-7273
9663
-5692
9341
5571
-280
-3402
-520
-2953
6384
9418
4411
5027
-6319
6023
6590
70
2343
9204
-4946
2597
-5081
9615
-743
5435
-3980
-8449
2897
-2141
-922
-1590
3492
-8144
-781
5376
-9108
9019
-3910
635
-7043
-4558
3348
9339
-9168
876
1576
2018
9864
8331
9564
5465
-7857
-6333
2596
4355
-8155
3055
-4923
-2695
-642
4151
5178
-5430
9622
5513
-2168
-6796
4137
6475
314
-2204
3352
-8816
1393
-4123
-4987
8336
-1088
462
1360
1642
-7697
-4792
-8102
9641
487
-455
-6710
-3273
-452
9643
-4628
2519
-8256
9313
-670
8863
-9827
-3935
7235
-2726
7490
-6963
7817
-8916
2982
-8325
7467
-136
-9366
-2177
6189
-3280
-4401
-1887
981
9773
-9115
-2972
-707
2928
-6452
-1932
4404
5934
3804
8419
-2345
2011
2815
4306
3642
-1495
-1110
9233
-1172
7458
-3226
5727
6076
8920
7777
2464
4203
9995
2184
-154
1319
7280
-7215
6562
2901
8917
-7091
-7742
-7649
-4984
-5074
-6303
5995
9838
3425
926
6693
-1651
6348
8631
-9134
-4695
4028
-829
5813
3403
910
-2234
7029
2085
6173
-7451
-4555
-2575
2070
-3317
2464
-2966
-7808
684
6847
1748
-9422
-6850
9881
524
5031
5909
6675
-308
7973
-4026
156
-9906
-384
-9013
4360
6833
4840
-7001
7468
-808
-5467
-820
1467
-6357
-8919
-6102
-2008
-5112
-8307
-4119
-5200
-980
-5144
8906
935
-6011
-276
3633
1037
4702
3636
-3382
4911
-8424
-6958
3971
-540
-2115
6805
-1809
9452
9602
3159
3410
657
1057
635
-309
2450
-9031
-601
5993
-3657
-3684
-4853
-2055
-3260
-5089
-8112
400
-7115
-1591
2328
-7859
7628
-9872
9044
-7507
-861
7534
6021
9778
4300
-8105
-5643
9399
8113
-8617
9004
-3361
304
2052
6147
3266
1545
-7262
-6324
-8269
3235
4175
-773
-9911
964
-3035
-7315
8458
-3141
8701
7059
-4550
2104
5185
-3254
7612
2565
-660
-8033
2805
-4230
-4999
7347
-468
3191
-4109
141
749
-5510
-4747
555
4649
-5937
-7220
5809
-8175
9352
7086
5110
-2443
8632
3411
1165
2224
83
-5261
-9223
2869
-9943
-9958
3959
-8454
80
-9998
-904
-5909
-2881
9846
4283
-8754
-7685
8915
6747
-1927
-9754
-2254
-2569
2715
4597
-1584
-5146
2303
-8465
9319
-9789
6650
5528
-8584
1746
160
-6044
8526
9609
-7901
-1335
-2403
3823
3332
-556
-5616
1615
9158
5531
5553
3419
-2995
-9389
-6515
1877
8318
9407
-1593
4026
-7268
4786
3461
-5596
-8418
-8240
-2385
-8965
-7121
-1525
-2859
-821
-9647
4790
-298
-4183
5646
3052
8672
-5635
-1511
-7116
-6122
-2730
-1408
289
-285
2533
2545
9863
222
-7734
-9231
2007
-2686
-5889
-4848
3833
8623
-6635
-4806
5235
-2829
-200
-4163
-8258
-9254
-9057
-1853
6139
-7656
-8885
-3621
7798
8097
-3406
-104
5353
-9371
2282
-3725
3515
-7377
6520
2563
-6762
-9038
5389
3934
7441
8135
2857
-6616
-2469
-4147
3561
-4754
8324
-4304
149
-6638
-8802
2093
-1476
-6797
-1199
-3849
-4773
-832
-591
1533
-6576
4701
9659
9531
-9140
4882
-7729
-9680
9991
-4247
7277
-3708
8353
-6813
9207
-9376
9491
6098
9285
1046
-4696
4445
5343
-1891
-7641
-8492
-1331
3066
-9058
-652
7378
9274
-6665
-4965
8938
7821
2112
9569
-6109
-1922
2643
-8385
6984
9245
-7642
-8167
644
5662
-5264
-6418
-4710
1272
-8746
-2326
5667
-6512
6209
-7689
-2274
-1116
5362
-3226
6010
8013
-8855
-7849
-7963
-6698
-239
4823
-6133
8580
-6375
-1299
-2190
8179
7864
-6448
6527
6438
-8703
7510
8424
-4410
-5407
9724
-1119
4093
-1219
-432
9073
-8723
-3192
435
-9470
24
6233
1774
-757
1336
-2432
-3797
7999
996
-6603
-7869
-5544
3563
-2220
-9494
-1832
3579
7902
8489
4920
8967
-1736
-1486
-5645
7291
3182
-3866
2921
2498
-4530
-3741
-7507
-2196
-7388
-9535
2964
-464
-6654
5891
3906
569
-5131
4892
-8137
5004
-2162
9140
9468
-1104
2324
-4713
7452
1240
8417
1295
216
2665
-1380
839
6403
-1161
4133
9623
-8328
-4164
-3227
7538
3758
5634
-4665
-6808
-5280
-3133
4734
-6499
4835
8480
-1743
9108
-775
-2839
-905
2863
6966
711
-5786
1733
166
250
-7988
-3806
-1345
-4791
5712
-2264
5757
-1859
900
3318
1780
8350
9744
2232
3224
-422
3771
-8675
-9850
-9415
5137
-5842
2010
-8636
-5768
-3047
-1568
9154
-2074
-3697
3865
-613
-9408
5933
4856
-6077
-9811
2011
1674
401
8649
8542
1007
-7365
-9743
2172
5731
-3199
4525
-2572
-1405
4878
2643
-6976
1415
6270
5973
4158
-5084
-4001
9222
-5841
2549
3587
7249
-4017
1358
6324
1582
-2657
-5105
-3529
1693
-1620
-2421
-960
-7552
88
-1023
-8064
-1312
275
3765
9265
3693
9935
-6832
8615
-5031
5911
-3851
-9638
5275
8812
-6937
6488
562
7732
8980
-190
1202
2612
-5299
6907
9728
7048
4969
2143
5465
-5058
3885
-6225
6110
4573
-4882
2804
4807
-2134
-9725
-9603
-748
8722
1131
2291
-8619
6701
1801
8709
-3137
-4795
-5755
1269
-3397
-2218
5592
7480
-3857
-196
4795
3156
-1041
527
9577
9006
3405
-7078
-165
-1625
7569
-7650
-2979
1470
9814
352
-8582
3981
-7190
-1315
533
2454
3854
-4159
-6040
6601
-5066
-5975
-9496
3805
7565
8187
-320
4643
7308
-5873
7081
1542
-9961
1493
838
-7071
3520
3161
-7404
6343
-2047
5642
8526
4515
-2176
9582
-4682
-3331
-54
3440
-9742
-6011
-1482
1201
4316
6173
-1172
-262
-2205
6678
-4240
8446
9300
-8793
-6807
313
831
-7541
-3599
7814
-651
-764
3841
186
3184
6825
-4189
-2807
3801
8323
-6949
-1343
753
-9080
-6574
9889
-8826
-9128
-3445
3997
95
-4652
105
8054
3804
-72
-7846
-4544
7649
7573
3787
8317
-4823
-4631
-2686
-6679
9355
-7982
1331
4129
1566
-7781
8241
-7623
8181
-6138
-5997
-1481
-9382
6822
-5503
-9314
893
-3041
-6362
9417
-4246
929
-1785
8551
-2104
-687
4633
-8768
6889
8066
-7540
-1481
-2464
598
-7174
7297
-1372
-9917
5031
9744
-6948
-1331
-2605
1775
-7168
496
-1240
-6799
5826
-4674
-5632
158
-5480
4343
1445
-5098
8176
-7301
-2160
-3095
-2764
8786
-1272
-7891
-2253
2471
-194
1343
8733
-7585
818
2071
7567
-5514
-7186
-1611
-6253
1326
-4446
-5959
714
4736
3771
8398
9965
-1344
4052
3789
-9581
3660
-5735
5241
-7838
-4198
-933
9611
-5324
5133
-1643
4295
-1423
4925
-8449
5975
5994
117
908
7516
-3203
5913
801
-4556
-8712
6458
-1362
-7624
-7775
-2277
2882
9566
-181
-4674
6336
1691
-4628
9359
8296
-2652
-1448
-6820
-6453
3935
-3529
-2674
2762
7537
2741
4263
-5210
2221
-3704
-6421
-1747
-1264
-13
-8739
7910
-2813
-4860
2330
4746
-9679
6864
-872
3291
-6170
-2518
-3445
6324
-3273
-2154
-108
7220
6365
-8415
-2388
5666
-8273
-4823
-8504
-6846
3416
-5104
8604
6622
563
-2500
-655
-8364
24
3377
-3175
-5437
5240
-5063
6605
6980
-2618
-524
-7605
-2368
-6604
4838
-4468
-243
356
1007
6444
2268
4183
-8232
4637
9102
-2550
-8647
-4470
3112
-6957
260
4785
-3203
5144
-7325
-5864
8229
8908
-4862
-1753
9707
-3427
-7355
-6029
5932
164
-5305
5022
-4043
-7714
8092
4902
1617
-6222
-9772
-7103
-575
4623
-322
-6888
1577
-5540
-4712
2225
8959
-6264
-1067
7327
2638
-2314
-761
-792
-7005
7554
8483
-4138
4260
-3966
7915
-4617
6880
-4923
-4183
-6394
-2405
143
4411
696
4672
-7032
414
7967
-8947
-4948
-8713
7715
5920
3281
-3374
-5630
-7583
-5568
1951
3827
-4471
-1446
-1071
9724
-2183
-3652
-5793
-5677
-8489
8571
-722
-1539
5066
-3854
4572
-1174
-1798
-3551
612
9139
1100
-3618
-4651
-3982
-7318
-218
9931
-705
2990
7214
-6614
-3450
1047
-5292
1184
1873
-2905
-8715
5297
7053
-5803
-8989
525
1952
-8244
1020
3590
646
-4081
6656
1220
-7049
1674
7597
1317
-2794
3824
-2401
7376
9568
-7974
763
-7418
8283
-5483
899
-5989
5843
3561
-302
-7723
9385
-1584
2606
-1227
9292
-8722
-539
2697
3844
715
5521
2134
1012
4113
8969
4840
-7791
-9478
6322
3792
-203
4407
-6582
-869
8426
2182
7162
8078
-5238
-777
-4513
6471
-8942
8020
-9189
-6699
8561
2398
17
2746
3392
-3975
-7320
5981
-9698
-6504
355
-7877
8641
3551
6913
-2736
-5060
-2181
-9991
-5851
6070
-7417
5571
4294
-2552
-1700
3621
-4320
-8225
-6603
-1966
-4704
41
-4808
-8240
23
-480
649
2971
7663
1992
-3503
8542
-1826
8570
7976
9579
1191
676
8265
5372
-7371
1337
6872
6002
9939
-4984
-4302
-5076
2764
-5202
-727
-1156
664
1868
-9014
-1451
-4353
8852
8765
-5262
-3676
2822
6041
7473
8306
-4783
-4429
-3524
9252
9108
4890
-5212
-3629
-1977
5163
7470
-991
-2668
1619
-7172
-5349
1147
-6282
-8674
3471
-5299
-1469
149
-3546
4195
-6982
-7808
6038
2475
4205
-9970
-6697
6146
-4906
-6893
117
4290
2451
-5336
-6103
-8940
-7210
5304
8319
1356
1868
-9268
4940
-7841
9480
-6575
-6854
9552
6207
5872
-686
-5111
-3725
8647
7963
278
4304
-3037
6977
9082
7326
9079
3304
7813
6146
-7352
-9349
155
-1329
4254
1013
3968
2166
2394
-4614
-3698
3981
-4241
-6498
710
-8275
5320
5315
-334
-8057
8489
-8922
7658
2617
7234
-986
-7639
5901
-1426
7834
-4285
54
5607
-3328
-4715
9025
8818
-3175
1869
-7425
9353
5295
1559
3435
1744
880
-7814
-2338
-1356
2145
-8394
-170
-374
-301
2593
75
-6077
-6039
7281
-6150
6668
-3604
8398
2804
263
-4753
6336
-259
-7292
5031
-4715
6069
968
8493
2567
-1632
3526
-8347
-5360
1296
-5894
3012
-8471
-7978
-6275
2892
1926
-5462
8337
-9665
734
-969
-5071
5760
6846
1756
4490
-9141
-6204
3571
-6722
2493
9960
9072
-6182
-6985
-8134
-5833
-5307
-4076
-2953
5847
-543
2709
-8766
9704
5012
-7622
-2154
7853
-4693
162
1935
2934
4055
8811
6753
-5830
5365
-2032
-7238
7093
-4936
9551
-4489
7981
-7081
3360
-8865
-9823
7404
-8613
7743
768
-7951
4131
8383
-7514
2607
7245
-5786
-1592
-6485
-2487
-9089
-850
4033
-3117
469
115
5448
8557
5
8675
8052
982
-2549
-713
-4908
-5878
-1795
8047
-9479
-3977
-3214
7383
-6357
6255
3073
-2249
-5377
8817
-4228
2280
1960
-7259
2622
-3817
-6696
2880
-7901
-956
757
2903
-1267
-7924
1675
970
-3102
7152
-3723
-1401
-8377
-3538
-6321
3824
3197
7539
8847
4491
-1717
-7066
-4935
2530
-9779
-9067
295
-1878
9258
-3683
-4544
4708
7841
-2657
-8256
-7030
-9709
5530
-86
1146
2250
1959
6645
1549
-595
5826
-8332
-6131
-6525
-1775
696
5661
2977
8992
-2185
-912
-8700
9622
-8875
-999
-5924
7206
-5810
7791
-9241
-7762
3945
5424
-724
-6016
2510
3539
5574
3875
8351
4577
-357
-8282
-2152
3426
-2984
-5502
1698
9070
-2865
7102
-868
3122
-3214
-5810
6868
4039
3443
-6570
-6268
-8025
9981
-1473
-6788
-3389
3977
-2989
180
3578
2145
3899
2414
-3914
8084
-4189
-9345
328
-9069
-9687
-5602
-7201
105
3982
9657
-5391
-9482
-287
-2752
2638
-8019
5458
4698
2539
2751
-5920
-3795
-2743
-9724
4938
5384
1229
7469
6628
3594
-569
-9385
8646
9582
7531
553
1378
1815
-7309
4150
-7808
5946
2697
-2763
185
-7825
5523
-3616
5296
-3893
-7496
-4208
4144
-4119
2102
-9768
-8680
7486
7436
2314
-9521
5048
-50
4240
-6265
-8672
1179
9394
-9907
493
6616
4131
4647
9687
6009
9327
-8651
3934
1386
-3717
-9506
6812
-9724
-1044
9539
9510
-9277
3849
7653
9558
9563
-2131
6976
-6628
5571
6974
-604
9226
-2341
2943
-8441
7297
2477
9711
-9885
4631
-2615
2521
-9413
2132
8896
-9941
-6230
3196
8276
-2649
-4208
7734
3439
-1443
4708
9863
-7797
1367
7769
301
5380
-1389
6159
-7025
2735
-7044
1877
-2332
8383
6608
-4598
-7118
-5994
-6797
-2026
-8051
1740
-7747
-9251
6642
4436
-6200
7861
3824
8013
-7144
3582
572
1663
702
9435
3026
-5814
4233
9708
8607
-6052
-7747
3577
60
-9946
518
5969
-1908
5551
-3619
9425
9870
-502
-7315
-6338
-2626
4603
1456
-5333
-1930
4302
9963
296
1512
261
1595
9768
-3251
-9444
6317
9790
5606
1779
-6074
7375
-7359
-4815
-9787
-6466
4972
-3262
-3884
975
-3848
6362
9753
9608
-8157
9662
4985
5030
-4544
9691
-4432
5666
6817
-6322
3794
-5025
722
-5773
-7226
-8666
8320
-6795
-5682
-5003
1221
-2353
-4008
4484
99
-6300
3589
3866
-9795
-4116
4111
7936
3964
7777
-2641
7814
-4783
6217
5358
-8120
8906
1411
-745
3745
5015
1285
-9733
9076
-942
-344
-9184
2111
7759
-2622
6872
7517
1044
5491
233
-9379
6600
-1540
-9853
-7464
-8928
-8501
3242
-7408
-1410
-7608
8370
60
4588
6755
-8444
-4881
-6300
7705
-2661
6836
-2542
-2158
5012
-2570
-5786
-4763
-2772
774
-7809
-3141
-1841
7967
4388
85
1271
-1166
-8865
7974
1492
1593
834
5512
-4224
-1591
-6834
2744
-4334
7769
-1478
-2188
7812
-6349
-1691
-4958
9686
5024
-1840
4960
6905
7439
1443
6814
-7061
-6706
-4542
-5614
8585
-9346
9867
-957
-8906
-1661
-9241
-7582
6223
-9004
8997
-7157
6590
-8826
-189
-3353
-1798
1257
2150
-3252
-2048
1980
1938
6947
190
8818
2812
-191
9724
-5176
7154
-9699
3463
6074
4376
9313
-1182
-2266
7475
-3212
-1194
-1167
-2169
-1765
-8600
-3872
7303
-381
4346
6544
-2356
-8402
-5199
-961
-2844
-2339
1076
-8370
3493
2275
-6171
2245
-4162
1946
607
3529
-303
-3605
413
-7183
3320
2513
-3085
-8688
-3689
-3957
-1084
-1657
6356
9679
-1224
-2758
-8242
6660
1381
-6760
-4396
-7305
1640
-8705
4708
-8310
-809
-7708
-7990
7816
-5817
-8014
9569
-590
-7207
5961
-1568
4762
-9060
3039
-6693
7113
5628
8724
-5052
8940
-69
-8462
9058
6301
-4698
9101
9419
-4755
-9541
-4235
-3147
8818
-3753
8975
4264
-9162
-9279
2041
9858
97
-7395
-1442
1229
-2726
5485
3330
-8091
-305
8719
-6366
-1624
1519
-2993
8822
-833
742
-4065
6709
5367
-3348
-8335
-6073
-9706
-8959
9451
-4113
-1742
1875
9672
3744
-4817
6374
78
3774
8474
-6607
-6601
7522
9811
-5378
-2994
2165
-3963
-3023
-9664
5821
-8882
4927
-8195
8539
1543
5297
-214
617
1420
-3575
-3552
-718
-2898
-226
-1960
5007
-2855
3288
2850
5839
1396
-5126
-7175
6694
-9762
-3474
5707
-4357
-6739
-2874
1276
-970
4613
5831
6649
4187
4782
-2954
-1911
5684
-6940
2110
-5412
-8464
-730
-3018
5669
-958
3186
1402
3286
-7435
9959
-7943
9535
-5773
-6398
-1076
-8239
3320
7464
786
-1074
8836
-3370
-9064
8904
3450
4406
2624
-5201
5127
4023
1368
-7095
-6871
-9578
6837
-4921
-1407
-2019
-3959
7482
-6792
8505
-8610
4443
-9356
-1082
-873
6324
1517
9984
8069
-8810
1974
9723
3495
-3603
-6461
-6155
2309
-8794
-280
63
1467
4630
-7543
3089
1278
4676
2227
-1611
-3157
-1220
9004
4901
4207
-8588
-5532
1853
-2723
6501
-9536
2738
2854
8306
-2022
-541
-8693
-8217
799
9794
-1365
3923
-6503
-5857
9858
6147
-4197
-7389
6831
-9715
3543
9382
-9540
-7492
-5856
3882
-7751
3114
9232
-6489
3516
-9465
-2691
5189
8114
-2867
-3609
-9618
5160
-2886
2994
3887
8574
8224
7096
-1766
-9926
3540
-538
-6860
7276
2881
307
1595
-187
-184
-2131
-3379
-3804
6295
-8855
9800
8865
-3005
6122
-4331
-8385
-4516
7030
3025
-8288
1008
5800
2059
6884
4850
5223
-5795
-6649
1645
6128
6254
4878
-7104
-3510
-635
-1914
9772
-4976
-8265
4311
-13
9648
-476
-9006
388
-1212
7330
6120
-4529
-9972
7413
-2112
2795
7207
1434
5239
-7610
7398
5173
5898
-2333
377
1591
-5430
211
7502
3345
-4563
-4079
6200
-3019
-2005
-4712
-3624
-2211
1181
-7871
-942
-1077
-3965
-3393
5607
5788
-4700
1136
-1496
1608
8711
-5790
1072
-9526
-1861
-5669
9187
6538
21
-6101
-3536
6994
-5414
5276
9532
8232
8123
1020
3884
7810
4552
-1044
-8438
-3110
-920
-6740
-3182
9496
4804
-6935
-8283
3177
-1698
-4069
-9985
1352
6623
-8773
-1576
-2677
-9606
1736
-226
-7153
-781
9345
-5959
6408
2080
4207
-2497
-8666
3333
-1374
-8624
5929
6678
7757
-7606
-1169
-3546
-3623
1308
2770
-6082
-4206
-4160
5228
-9398
6923
-5308
-8926
4458
-7938
934
8531
-2191
-2875
2775
-1483
4792
4660
-7347
-7160
-9736
8705
4520
-5462
545
-2776
-8192
643
-5974
5788
5992
-4630
-4421
5684
-6797
2863
-6922
-1574
-9305
4458
-2799
-1380
7489
8558
1797
-5759
5952
5771
7817
4134
2751
-5455
7732
8754
5208
3180
-5029
9732
7398
5645
-472
-4072
1918
-2392
5129
6958
-8042
4673
1196
2840
-5730
-8988
-5287
-1234
7977
-8403
6379
4521
-1730
4591
-3004
-3704
-4763
-4807
-4439
-4818
-7502
-9394
-2078
1155
-355
8129
-7195
4783
398
-4943
2156
8709
-2609
-3991
-1686
4082
4249
9147
9533
-8775
-638
-5092
-440
7882
6628
6049
-6279
-8316
-8683
8680
-2332
-9288
5114
-5855
-3537
-2380
4583
-5863
-9429
-856
-2845
3847
-685
-6811
-1858
9208
9367
8737
-7331
540
-2562
3254
-1910
-5808
1
-6447
9443
-2925
-9653
-5223
1195
961
-170
-2508
-7597
3788
4293
-2734
-7674
-6358
-5630
-2575
-2049
-3833
1685
