9490
-4388
-5219
-6234
-1922
-5860
-3384
-8108
-3032
6905
-4340
9463
-1013
7570
-9149
2809
1999
8444
-4907
-5180
6498
3796
9763
-1516
69
339
8660
-8190
-3828
-6189
-4145
1019
578
6703
-5738
-8484
6603
5898
9519
-265
4396
-1404
7662
-548
-6353
3830
-1812
3447
5347
-1209
-3402
3556
-329
-8211
5458
9546
-9190
3444
-3862
1639
-648
2060
1426
-2569
-3894
-1052
-2923
-365
4343
9890
8093
-4902
-8984
-5353
-3254
3438
5464
6308
-2603
-1466
4147
4868
2449
-6746
-1364
-8286
9016
-668
2686
-2342
-8025
-9131
-1224
201
4737
-6156
-8120
-7777
2053
-3727
3925
-9562
-8358
-1104
-341
-690
-4737
5811
-4229
4393
5298
1323
8772
5356
-3521
-8412
2814
3436
5738
5908
-1426
-2823
8142
-1143
-883
1043
-3732
-312
-2637
3214
-4311
-9669
8155
-5414
-3598
7057
4420
516
-7422
5905
2579
115
4678
-2006
3559
7837
-1348
-8988
-8629
5025
-274
9529
-7046
2974
-1275
-127
9790
-4245
-416
-8456
-461
-8480
-6906
-7740
-2169
430
1301
1122
-3134
4655
-4799
6321
-3993
2781
6866
-9827
-6496
2998
1068
7420
6643
-7096
6858
-5799
-2602
-1876
-2722
9355
-1037
-3053
-6609
-5835
9821
-1875
-8757
-5633
8528
-1294
9341
-4528
6962
64
9491
4485
-8462
-8178
-2683
-2245
-1214
7608
-712
9231
-9114
-4204
-7845
-1623
-2212
-4952
5514
-569
9575
-8751
9714
-4315
-4822
-5529
178
6554
-7
8027
7344
-2470
2564
-5077
7741
-9816
2237
-9294
-7527
112
5537
-2444
-8173
3350
-4725
168
-415
4746
-8435
-4209
-5027
2446
-4255
-1720
1862
6872
1648
2725
-6760
-1674
4426
-2471
4380
-4204
-8221
-5649
7731
2281
9103
93
7421
-1242
-222
-7846
-1463
3166
5034
9184
-9367
8014
-8846
9757
3920
494
-4486
1887
-3194
-8031
-6592
1014
-6651
2752
-8129
-2046
-8406
4242
-9875
-1709
4653
-4334
-315
1395
-987
6500
1978
9561
262
467
4021
-330
-2045
-8143
7825
4244
-307
9514
-207
-8899
-9100
-276
7425
-1213
1859
-4531
-9718
2148
2026
4914
-1234
-1155
-8970
9483
738
5293
-2643
7489
-5581
-2895
3931
-9452
-3505
-1252
4526
-8596
330
-2016
-6774
-9655
8296
-7614
4835
-184
-550
3532
-9301
-2656
4821
2444
-5529
-357
1700
2072
2704
-3129
7404
-4488
-6829
-5194
-2331
-4521
-6984
6676
4651
-4434
-8237
-8896
-5429
4135
-3580
5977
-9310
-8783
-3669
1030
7611
9837
-1652
-1087
3750
-1614
7000
557
8584
6999
-5681
-7336
4776
-4784
4417
6217
5930
-2905
4568
-6549
-5154
-2882
7128
-6670
1704
3556
-2809
9774
8011
9765
3772
2294
2516
6876
-6176
-9276
786
1886
-8915
633
8032
1588
-4781
-980
-7812
1733
-1065
-76
-2456
-6347
-946
4049
-1730
3898
-4274
-5648
-4148
571
6367
-100
-8959
809
-8196
-6407
9012
4144
3020
3111
-8638
-7455
5697
8784
669
5391
-5152
2219
-1081
-9720
3495
2525
-2441
7778
-8728
5994
-8410
-7322
8390
9892
9721
-615
-9787
9410
-338
4883
3118
1896
-9033
-4021
1871
-6362
-4049
3066
6824
866
3273
-3131
8544
-4743
-8110
-2863
-103
-4408
-8698
1843
4624
3299
-2024
4485
1379
-9282
-2889
-7105
-1193
4347
-4461
-1529
4390
-2248
-6573
2321
-8254
-6025
4581
-9188
-2431
9003
-8030
-1953
-5943
5845
-1345
2945
-5784
-7865
-6860
3170
-9555
7861
9061
176
6848
-4034
-7569
-7909
2230
3093
-9937
-7280
-8353
-2907
6893
5745
-3347
8571
1117
-7630
8851
4120
-5065
5705
9225
-9339
1490
-5957
2964
6741
9844
-9145
5326
331
-6982
-649
4352
-5342
8806
4045
-709
4486
8970
4893
-5389
9649
-2664
-4132
-8220
-6878
-1605
-2922
3873
1044
8146
1147
-3570
8687
-2783
5659
7327
7086
-3305
6547
4877
-7671
-3580
-511
675
8029
-6918
-8964
-5572
-3857
-3217
5071
8051
3592
-1466
-2687
-4591
-9971
-3899
9958
4370
-568
-9253
-6028
4683
-7670
4865
1631
9027
9677
-9304
-3729
-7642
6395
-8706
7584
-5032
1956
-647
-8388
8334
-4038
3562
2373
2358
-3148
3354
2636
8810
6400
-3240
-9468
-9365
-7096
-2902
1867
-3451
-570
9045
5967
-2493
-4445
9742
-9721
3018
4195
4283
8960
-2963
4627
-8841
-8524
-6508
-4644
3418
-9318
124
9788
-2392
-9983
2928
2288
-6971
-1077
-4468
-7368
2016
-3223
-2081
2867
7720
9043
9307
-4294
10000
3913
6679
378
-3026
-3809
6485
-6690
4745
-2521
-329
-6316
3088
3943
4570
-4560
-8861
7783
-9477
-7099
9577
-66
-3358
2689
-6800
-4518
-4547
3353
8956
6306
6759
6086
-2884
7808
-2609
8373
3114
-272
745
-8161
2883
2011
-9191
-161
-5825
-2723
3062
-3896
7776
-9628
-3904
2387
1334
2909
-7435
-5599
8033
3281
558
7913
-4441
-4585
-2613
-2341
4401
-8277
-4428
1781
6152
-2418
-9266
-3649
-9911
9118
1898
-5775
7154
9204
-2880
-5752
470
4160
1365
-6912
3587
4435
-1845
-2800
805
2975
7100
5056
158
5568
8102
-1025
4970
-7995
4967
327
-5805
-6878
2806
4105
-6550
-1588
-6527
2852
-4254
6111
4210
-1206
-7673
738
9530
-9674
-5825
4281
-1798
4151
-7414
-6798
2365
-1957
7056
2317
2221
-7216
7374
2587
-9822
-8868
-2362
9755
2120
8580
-6074
8961
-9355
-7450
-4063
-185
-5469
-5935
8809
9504
9825
5421
-5495
1273
4824
9700
8500
-3822
6947
-1623
-6716
2096
3841
142
4210
8225
-5785
9713
-6469
-9875
-9592
2322
3821
-4768
1890
-7021
-5774
7070
8712
5571
1279
1167
297
3305
329
-8715
2210
8142
-8438
-328
5956
1743
9329
-4749
-7616
-7484
6956
-8890
-6227
-615
-8851
325
2366
485
-4431
-2065
9380
3815
-2513
-2390
-6991
600
7804
-9252
-4646
-5304
9218
9368
818
-5797
-5443
8275
-1064
1087
-1147
-5323
6760
-9984
7374
-7451
-6782
-2037
-9067
-4607
-1454
9039
3653
8158
5411
4189
1735
-3906
-2863
5482
1102
1248
-1433
-5177
1367
-3676
8604
-1367
-1589
-7789
4841
6578
5691
-4079
8765
7101
-5719
1917
7960
-5454
-6939
-3648
1736
-8395
1261
-6991
-1485
6396
5617
-7307
7063
-9891
-2696
-2407
-135
6391
-2788
-6001
8075
-6645
4655
2
-6970
-2535
4757
301
9665
-2121
4040
264
8461
9085
-6091
5984
7561
7822
8349
-7870
4685
443
-9217
1561
-9430
5786
-9228
-6067
-3387
-2794
-8359
8777
9537
5864
6448
-3728
-4688
-7258
5964
6428
-5313
-5462
-7685
1418
2881
-4500
8644
15
-9431
3815
3586
-1992
-3537
7876
-4474
-6310
-8416
1671
-5639
-3008
-9264
3897
181
-9086
-4678
5127
7757
6448
3894
-9117
9505
-8782
5758
-4382
1944
3176
-4686
-5556
-9518
-7277
-6145
-1206
4888
-3005
-2422
6390
5625
5799
-2545
9310
-9227
-2218
-5609
2630
7172
3133
-5910
-7031
-7497
-3736
6939
5922
3683
-9385
-359
7642
-4260
-6607
9630
1959
3877
-5072
9581
7356
7576
82
2842
7040
5523
-5570
-2466
-1296
69
-4137
-3716
-752
-5920
-7309
802
-7145
-3583
-7812
4116
-3529
-5448
1411
-5036
-5910
9150
-2363
-189
5373
-9008
3945
8989
-8989
9138
866
4701
323
5766
4635
-5613
5497
386
4675
578
1647
-9339
-3498
9424
5379
5848
-9315
-8836
-8591
-6988
-8609
-8721
8873
-8159
-375
1207
-8352
6902
6749
8044
3292
1657
9759
6233
-7189
-7004
-603
8900
6334
-4801
-9523
5758
-202
-6891
8794
-3537
339
4987
9524
934
9337
1953
4514
-6764
-1939
-8801
9579
4134
2744
8174
-8843
6554
6428
2125
-6025
-8749
-3700
2183
-7628
2721
3356
2585
8002
6490
4228
-1683
-5186
-225
-7073
8431
6109
8401
-6697
4367
-6779
3869
8086
1204
7101
7286
-6296
-1663
2926
-9818
-6490
153
2491
4555
4226
-255
-967
-7661
8789
8977
2689
4754
-8769
2936
-9036
-6950
1372
-8649
-950
7873
186
-2814
2864
-9169
9156
-5704
9094
2895
2302
-2472
-2937
486
4871
5197
4330
3899
6972
2210
-5020
-7080
-6637
-1633
7132
2733
-802
-289
-4090
-7413
9574
-4005
5981
-6010
-3013
-634
-1934
-2047
-4426
3064
-6734
7169
3272
-9638
-3264
-8482
2477
713
4327
-7442
-7502
9225
-9116
-9910
3936
2397
6290
2798
3179
-8917
-9989
-1038
3567
7681
2905
-1943
-6481
-2192
6078
9749
-8873
454
4690
540
-8767
2099
-3709
6610
-9948
-651
5847
6552
4608
-2348
3856
8984
5669
9188
9062
-7902
-7314
7055
-2412
3289
1718
-6241
-8468
-2601
-8317
1486
5779
-2080
5307
-4216
-9482
3324
-9150
-4273
-8052
5202
-7222
5633
4188
6188
-1086
-5474
9965
5063
7599
-2598
4078
-3603
-847
-6232
-3690
-4056
-1670
-1030
-317
4877
-7044
-1140
-3093
8398
6703
1435
8593
-832
9521
-5619
3644
3019
-8875
-168
4963
-4416
4797
-1835
9911
1914
3717
-1751
857
8597
-1347
5081
7856
-1437
-1804
8258
-1895
-9845
-7539
-191
9408
-9583
7736
2735
-8551
5693
-5256
9184
9584
-2607
7478
-2477
-1605
994
4126
-3872
-9559
3168
7800
-8672
-7024
-2952
-129
6787
582
6517
-3666
1274
-1342
3810
-7115
3620
5407
5380
-4303
-9870
-1914
-345
765
7542
6327
-7720
3558
-1963
2958
8296
-4574
-5161
-8010
8399
-6114
4954
-8298
-2949
-6713
7831
-5822
-2196
6797
-8327
-6631
6627
8971
-4796
-8747
-354
6526
-562
-3499
7711
6764
-5026
-1176
-9138
3177
8645
9702
-4837
-5036
-720
852
-2494
6053
-2040
-9958
-1521
9118
6315
-270
6018
-3615
-9188
7107
-8709
-7429
-9119
-1589
5382
844
7371
-8027
5874
375
-310
9834
8114
7666
-5180
664
-4499
-7994
1349
-6935
1778
-2486
-6410
888
6823
-9390
1942
2341
-937
-7973
6563
4094
-9154
8679
-6316
-7896
777
-2476
7423
9444
3525
-5280
-4165
-1245
3412
6080
1264
-4750
-9345
6051
-4748
4437
-355
711
-5743
-6818
-1292
-1424
-5818
6195
8572
9328
-7761
3180
-7314
1500
-3436
-9659
-2776
-8338
5547
1414
1431
4288
9366
3476
-2852
-9476
-4094
1657
2532
5332
-8489
-8932
7625
609
-291
-6615
5634
3255
9604
9212
5815
7374
-6029
3354
-3366
6915
5487
1419
2417
9803
6151
-4843
-7370
3041
9714
-9265
-1253
3668
-9823
-6402
546
5466
4136
-366
-3877
6810
-412
-2276
9727
-3106
2638
3952
9836
-4989
-998
4802
7560
9224
-3628
-9295
-3469
-4862
7940
3260
8456
7021
3180
578
-3929
-9481
-9869
3088
8445
-8262
-3392
4088
-2626
3265
-728
-2737
-5112
-6244
3480
3335
7120
8988
978
5125
-3378
-8379
6082
5948
-1862
-9064
-5861
6481
-7573
-1562
7336
-930
-4817
5172
-6759
6897
-2883
2301
-6498
-2566
-3517
-8543
7673
-4270
5380
-5703
-3399
-8302
-7586
-9769
5945
-9463
4479
-6593
2568
9994
-170
-9055
-4246
4084
-1262
5249
-6538
9150
2886
-2090
4281
-327
6987
9756
2549
9741
-1346
7634
-3699
5816
-9314
-3807
-9345
-9736
-1940
5101
-4079
4830
-8040
4653
4149
-6845
-3145
-1246
8394
-7021
6103
9349
5919
-2694
-5966
-7742
4544
-1329
-1920
55
8048
-2278
-8037
6321
4130
-4351
-5771
-7623
8483
-8311
4415
6782
-3630
1228
2020
-8646
1189
-4009
-5785
-1388
-5317
9899
1620
3241
2376
7407
-8977
5107
1625
-5571
-7851
359
-8359
-5275
9492
-6876
-867
-4113
-8705
-4990
4414
3808
5654
-6864
-3365
-4847
-9758
6166
2260
6653
-6225
2871
2595
-7261
-2696
-932
7162
2102
-4243
5574
-8027
-7234
824
-1444
-5801
5932
-5264
1024
2169
5678
-4010
-6919
-3672
8267
-6908
6600
-9300
-7921
-5676
826
1707
8347
5806
9312
-4127
8806
1020
-6884
-6856
5301
-9349
-6813
8478
-1434
7655
-5911
2685
2885
371
1266
-7443
-8750
-121
2967
9065
6044
-3686
5721
7995
-8499
-8804
7814
-4023
1806
-870
304
6015
-6623
-6599
9819
-137
2677
-6186
2363
7342
7998
2187
8799
-1935
-985
8727
1877
940
-1554
7415
-3404
-1032
5343
6430
-7842
-4969
4847
-5619
-1961
6119
-2052
-4188
3958
6479
7873
-1006
9037
-3676
-265
-9416
3318
6892
-202
-334
5724
6375
-5342
-1389
-6230
3666
-7438
-7922
-5472
3354
-7043
9214
-8516
-7898
3367
527
-5910
-9396
-3940
4753
1701
7791
-4749
-3838
-4282
-7693
4247
-680
-7739
-3838
-3191
590
2576
4048
3306
-8091
9515
9264
6445
-6295
6232
4218
6583
-3792
-5036
-8510
7447
5745
2901
-8552
2302
8500
-1050
9393
1309
-423
-4154
1816
1377
5017
-2856
7883
-6795
9857
-8599
-9525
5758
1530
2525
-905
7760
-2992
-8563
1847
5632
-7367
7704
5904
-7100
-1535
3179
-2243
6275
-617
-8693
2665
5562
109
-1258
7614
-8993
8780
-4732
-2565
-2827
7325
-1939
-632
9211
8847
8619
-7108
6151
-9223
1887
-2699
6995
-171
-3510
9950
-8347
-691
8632
4301
8932
5106
4175
2813
-4006
7903
2820
-8880
8617
9822
-788
-4996
-4234
6462
9823
-8015
5279
-9772
8665
-5062
2214
-6324
6468
-2329
-2666
7555
695
-934
9171
-9903
356
-899
3679
-8135
-9752
-8198
-1102
6666
9469
-950
7699
-9568
9501
-5746
-352
-1707
8961
1427
1101
2062
7131
7815
9201
-9283
-4301
4555
-2402
-5638
-5046
-3729
5033
8775
-5093
-82
7400
6055
-3025
2389
4177
6661
5642
4159
8951
2688
2579
-5499
-5631
5782
-4133
-4157
-7631
-6930
-122
1874
-2430
-9448
-2751
5091
9048
2950
-5182
6958
1681
9838
9890
4393
-4814
-1288
5181
6665
9335
-4947
7958
-7878
-3179
1376
8587
3886
6271
-1534
4262
-4954
8723
8961
-5331
-842
8349
-6386
2106
-1065
7671
-9756
6024
-8049
-3158
771
-5674
2641
-5420
8835
4002
3400
5187
-8850
3155
6434
-8694
8479
5399
4704
-8881
8879
-9113
-3990
9968
8242
9646
8289
1562
-2994
-3177
9325
-6080
8702
-8165
-388
-4889
-2064
-8130
-9941
1921
-2655
2282
-9260
-9875
1885
4990
-7597
-8062
-2515
6557
3885
131
2648
-760
-3763
8828
-4135
-7487
-9860
-5115
-2782
-4996
8764
-9929
-3177
4765
8963
8400
5169
-5294
-1203
5561
1252
6960
8507
-3083
8118
-4308
-8122
9339
-4781
8720
9309
3648
-8659
-7600
9390
-1352
-9614
9006
4693
5036
-9985
6951
-3510
-5718
1181
2672
1839
-4804
6190
9697
283
-2421
9677
3703
2916
9269
-3090
-987
-8063
324
-3656
-7611
-546
4731
-1888
2617
-6616
9297
9005
-3986
296
610
-9247
730
-1043
9096
5941
9236
-7572
2635
6297
-9952
9
9772
7626
-5172
181
-726
1096
7846
-6639
9274
-2554
-120
-1083
-2115
3495
8609
3070
-3341
7281
6341
-1763
-3479
-5897
-321
-6328
6216
-2781
-988
-5951
-4067
-9185
-8791
9266
-4383
1284
-7188
-7872
-8174
-8628
9132
-9394
6741
-2628
4702
-6216
5835
168
-9731
5729
-8096
7630
-7676
1929
-8344
4981
-4238
-849
-4358
-1236
-9592
-3225
-4914
4859
-7958
8404
2609
22
6676
1903
7349
9240
-1653
-1798
2980
9271
-4210
-6125
-5765
8933
-2921
-8159
6649
-5922
7450
5989
-1542
-1795
-40
5860
1511
7081
-7530
-4706
8167
9397
3843
4631
-2096
5323
-5633
-2693
-8962
-900
-7873
-7715
-6857
3846
1299
-5428
-3888
-2567
-5340
880
7632
8536
-311
-7951
-7900
-1092
3596
3751
-7617
-8266
-3992
5903
-8255
1652
9323
-9192
-9597
-9437
-2366
2919
8367
3168
8914
-664
5880
6966
2044
3612
-6988
-8628
-7391
1045
-5559
8737
-6973
2510
6119
-4698
-5176
9937
979
-3090
1035
84
-6922
3995
3558
-579
-4250
8721
3786
2743
-8683
-8121
-4357
3642
9602
-2668
-6915
-3431
-1632
-5561
5358
7552
-8543
1135
-2654
8900
-1547
-8165
6148
-5869
5522
-9201
2560
5720
-9223
2874
-6524
1516
7528
3824
8968
9068
-7785
8890
8843
-824
753
3744
9431
-1197
9653
2063
-9829
5171
-1067
5329
-3407
-3469
-2802
-4843
-43
6530
-2756
5123
4685
563
1233
1997
8136
7956
9760
2324
6310
9971
-8160
-6753
7916
-8423
9372
-2328
7875
1337
3415
4245
-9728
3000
-8999
6339
1612
2933
-3726
-7836
1976
-8539
-4879
-3756
5441
-7302
2988
-6520
4889
-2967
-6619
200
6304
-2824
-5888
6585
-5315
4484
6735
8729
8950
1950
-8800
4428
5128
-6504
1960
5251
5278
-313
8919
-2599
-3374
-5624
1236
-7975
-8040
1207
-7664
2893
-5623
-6022
1202
-7413
-4023
9992
3558
8152
-4060
-1364
6975
-7969
-2724
2975
7238
-7621
332
8477
-2117
-1612
5593
8419
-5671
-7971
4193
-2568
5919
-3295
6585
2395
-8696
4703
-4549
5048
8130
-7954
-2386
7144
-7475
8754
3038
-7639
6320
-3064
-4881
-5465
-4178
5392
-3773
-8861
-7620
2029
1129
2713
-9528
6133
-254
-1096
6870
2648
-9684
-1380
-4461
8445
-2882
-960
-8932
-9490
-467
-5505
7782
-1702
3054
403
3993
3929
7838
9550
5854
5884
5091
-8962
8755
-6105
9748
-8725
-6624
-8543
-8370
-8814
170
823
1066
2723
-2475
-2433
-6663
426
-6184
9316
-8972
-4117
-9499
-5178
553
-6081
-8272
5549
5162
5823
3930
-566
1709
3192
3626
-7700
-8404
-7513
6471
2036
-4359
9791
-1913
2554
-9810
-9941
3372
5536
-6742
6944
-4383
6998
9163
3857
-8865
-8784
-7718
-1657
1250
-2769
-9212
-1326
860
987
-9116
2090
-9061
-6295
9390
-8543
9837
9368
3937
-3781
4344
-4326
7584
-8069
-8755
5113
-2684
2978
-5777
1483
53
5907
5508
4451
-2046
-8091
-5648
-9187
2523
1545
-7570
-1140
-9832
-8518
6416
-3467
-1077
7203
1346
9937
-415
-5943
850
-5384
-980
5184
3089
4915
7508
-4768
-6034
4320
8065
-4203
-3866
5666
1460
-5489
-9767
78
-7990
6714
8491
8717
440
-727
-9096
8453
3049
-5728
8112
-3180
-6978
202
-4948
-1110
-4808
8746
5038
-1990
-3247
8224
1313
-8082
8923
-9734
9060
6910
-410
-5523
-5318
-5077
-3521
-2882
7643
4735
-5722
5185
-9735
2358
-7343
-9467
-3213
9874
8791
-4118
3066
-5137
-4892
-6214
130
77
7201
35
-7544
1675
2238
-7250
9258
-3114
-8382
-7197
-3320
-9070
4290
7388
3247
-526
-5195
-338
6071
-1969
-5512
2176
-799
-17
6489
514
-2186
7078
-2703
5716
7473
-3485
-3279
-6429
1570
-6925
-8862
-6602
8870
3690
9084
1862
-6118
-2711
7389
81
-1251
-7558
8425
7814
5945
-5657
9301
-8307
3759
5543
-9946
8999
9282
-7368
7221
-2576
-2016
-3597
9023
-6945
-5667
-3334
-6428
5669
-6583
8064
-7975
-1428
8731
-1379
1375
-9918
1493
-391
2374
-5014
7031
7009
4655
1190
5131
-5790
-1178
-9504
-1303
-8861
-8460
7143
-8713
-8693
3899
2543
-2662
-2412
-1142
-5143
8805
-2406
-2538
2813
5149
6219
-7469
4875
835
7747
-1042
8330
-4816
-595
-6156
-4199
-490
9226
-6991
-3314
-9549
-6617
8979
1290
-9546
7471
8306
-1183
9483
4042
3458
5605
99
8140
-1861
7971
8257
-3119
1611
-8015
-2791
-9082
3798
4386
-2342
2298
-9401
-5951
-6118
-2460
-6676
90
-3982
-4191
5158
5934
-4782
-3182
5921
64
-5759
-2118
2313
-8151
8099
4886
-5771
-3721
-2346
-5219
-2548
-7374
-4599
-2241
-3749
-6619
-2317
2185
138
-664
-6723
-878
8771
-953
2981
9657
2545
3721
5957
9601
8120
-3152
-9132
7458
6819
8986
5479
-9791
-5489
-9980
-2947
8935
107
3987
189
-8155
1157
-605
-5991
1291
-4899
3600
-7631
4241
5833
-4612
-6101
7641
-700
-4785
-6403
6346
-4803
4682
-4560
-9969
7598
-5605
-557
7142
4863
-5486
-1910
-5942
-7869
-4175
-5611
-9853
4015
-6854
4520
445
2498
-4492
-9078
-4836
-675
-1782
-9926
-7211
4204
-1509
1060
6218
-5975
7055
-5238
-1740
6481
3600
-768
-7000
9220
-4511
-1601
-7836
-9929
6743
9635
-2379
9892
-1455
81
1679
1402
-5238
-2615
9063
4546
6895
-7939
6929
-4475
-3528
-4907
-9123
-1289
9473
-3721
-6712
2083
7896
-2643
5647
1072
-658
-8085
3210
-4374
9491
182
-7588
3410
6137
-5999
2728
7195
-7308
-1305
-5981
-9899
9602
-7278
-6197
-8886
2820
4505
-506
-5520
2968
-407
-4269
-4770
-2573
-4204
3823
3021
3912
-6946
-2428
8740
8992
-49
-9790
4658
6680
-5052
9410
1711
3689
-3751
-5731
583
6137
4801
-643
6383
-2321
8169
2168
3071
-1405
8630
-1365
2421
-1022
-8446
-403
6045
-5052
-9327
-5163
-1286
-4733
9811
8191
5547
4966
6854
-9354
-7117
-2528
-6378
-6884
4550
-8215
7699
-8911
-5881
2232
5141
5556
-5537
-4832
-187
-9819
-899
-2926
4531
5282
5296
-9004
-2366
7762
-7664
-1858
1014
4538
3200
-3661
-5598
4573
-8471
-1257
8776
-2750
4087
-1001
6416
5362
-7792
3867
-1058
6242
537
6399
-6456
-9741
6328
-9843
3418
-1218
-7320
-6781
2373
235
1550
-6513
-9499
8606
-8328
-8307
4173
332
3230
922
6955
4564
1729
-6942
3331
1875
1441
-9921
1849
-7693
1421
-9104
-677
-8244
6087
1794
7946
3072
654
-326
3264
-1669
-6515
-1861
-4880
4871
-5869
-7277
7831
-8573
6113
4640
4435
-7585
-1986
-8318
-5147
3928
-4133
6920
6124
-9353
-684
-274
1663
-3902
7965
-9123
4170
7629
9697
-1467
4443
-6245
2205
372
7002
-3930
-2
-2077
2100
6533
6863
2091
6654
-2578
-9950
-1638
-8740
-8554
2428
6949
1355
-6349
1760
-3433
823
1294
-3793
1781
-1433
4576
4776
-5790
-4991
-3606
-5877
4148
-1733
2342
7368
-8021
2549
4685
-6622
-4379
-6542
801
4236
-5930
-2413
2907
-8639
-1552
-6018
6180
-6018
-2964
-3748
-1737
-9655
3653
-1722
-3060
5939
-7378
8901
-8909
-7509
-4175
830
-7687
-7185
1235
-2806
9830
-2970
-9533
-6467
7331
-8196
-8827
6860
1635
406
-1252
-9561
-2754
5736
-6389
8692
7632
-1305
-8098
-6926
2223
-2248
-292
-8934
4703
-5140
1499
5094
-849
-9484
7383
-6785
-6010
-6415
2938
1271
-1515
-3074
-2116
4933
-1750
3615
-1367
2711
6436
7128
1600
7136
8323
-4510
3961
-1793
9280
3446
-719
-9605
-9710
3861
-5073
-3934
-8356
9775
1677
-8859
7930
8079
-3617
-118
-3716
6339
-7672
-4114
4315
3366
2183
-2131
6803
33
6014
8008
-9351
812
3718
5189
9285
4847
-5586
-1674
5270
-2953
1826
2302
915
-5563
-3558
-4468
8086
2710
-4022
5633
-6492
5099
-1654
-3027
3978
8986
-2465
-3789
-6649
3223
-6205
6611
-2020
-9288
-9292
9404
-3084
1943
9833
1501
-7051
-5859
1789
-4023
-9909
-8545
-1838
4326
5591
-9998
-1739
7015
-5527
2621
-5035
6397
-1798
1330
-6576
7986
4309
3170
2050
-6765
-2604
8730
-3599
1588
3470
-2443
6266
7687
-3376
-5831
7462
9414
-3942
9692
-7181
7667
-523
-3898
-7368
-2757
5123
4154
-1790
332
9414
-8532
5454
3318
4821
7448
-4396
7883
-6636
6465
-3319
332
7548
-5510
-246
-253
572
-6543
9682
-7881
4907
-1190
3188
-6315
-4282
592
8261
5292
2902
3385
8273
-4098
-7019
3540
-2058
2189
9903
6932
4216
-9434
-6604
-9719
4607
2746
1243
-690
794
621
2614
-9299
2006
-4647
3574
-5796
-5161
-145
954
9638
-2271
3599
8981
1335
7922
-8592
482
3954
3844
-6761
8397
3502
-7822
-5173
1851
42
1260
-5511
-9891
-7606
-9676
7445
-3649
1265
5053
859
224
-4726
-900
-7450
4619
8064
-7062
5916
214
3288
-586
1036
5652
7517
-1929
4954
-1925
-5908
-7086
-7652
-9252
842
4861
9105
9545
8084
-4390
1383
-3244
-5097
9076
-6869
8001
-8034
-4343
2434
-9846
-169
-5751
1504
9067
9201
-4974
2845
1567
-1481
-4386
382
8181
2479
-7739
7347
2030
-6285
-8414
8860
-1000
8224
-6661
886
989
9792
-960
-5208
-654
-3325
4718
-8351
-7598
6968
-2842
-9543
6336
3495
-6101
-2202
2205
111
-7890
4921
7354
6431
934
-1506
-7936
-5803
-3589
-7288
-5302
-1172
-2508
-8222
-2957
1679
6265
2001
-7126
-1927
3433
2556
86
1943
-489
7575
7108
-6462
-7162
-8094
-8175
-1574
-4665
1035
-6633
-7624
5436
2358
9841
-7109
193
-7819
2151
8410
-9438
-7194
-9526
481
-7672
990
-1430
4161
6331
-45
-831
-8613
8376
1624
-4278
8053
-2664
7923
9013
6050
6806
-3951
-6954
-6854
7904
4623
-7182
4015
-3300
9543
2858
-6367
-1083
2789
6056
6550
507
2660
-9253
-2333
-3880
-8981
-5231
-3830
-1950
-6940
4159
-8335
1004
-5054
5141
8496
124
-3186
5119
2650
-6842
1775
-3885
1238
6425
6497
-2855
2615
-6042
2308
-7025
-2599
6765
5396
3330
-167
4336
-2549
3063
-7508
-4706
8943
-9915
537
-2993
2007
-4148
3970
-7633
9960
-5918
4706
8362
-2813
-2313
-904
-632
-180
9592
2514
-4810
-7019
-8493
368
-2640
-1706
-3469
6824
7846
2549
6729
-8688
6398
6021
-3070
4072
-9398
-6672
-6746
2835
1924
997
1591
-2256
5195
-1334
-3811
-6446
2452
4014
-5505
750
-5007
-2764
-5172
-5485
-3113
-1357
5233
7567
-1527
4742
8679
2301
2765
8968
572
7445
-9165
-1676
5049
-4435
2431
6217
-9363
-265
-9566
-3730
-4079
-9584
-3213
7788
-9351
1260
-6074
-3838
1819
4914
6830
9577
3138
-6246
-3384
-724
9383
3156
7628
9842
3645
2147
-1117
-2512
5993
-9927
-3120
7563
-2885
-1427
-6404
8166
4521
-3217
-515
-412
7071
3224
6144
1
-8674
7491
-2725
2408
-8925
-8092
2361
9280
-9045
-1565
9147
-5504
7536
1927
-3106
-7221
4164
-8913
3569
-3670
7251
-4716
-2745
5583
-708
2937
-1900
-5527
7312
-4988
-3875
-1875
6546
9843
3792
9099
-9665
-4414
-2324
-3493
-4669
7561
-2616
5045
6682
-2574
8823
7779
-7473
5573
-7661
-3383
-8438
1136
-7687
4901
1176
4525
-6831
7859
60
2370
-8243
-23
4430
2630
7174
-1256
5930
-7121
2931
-4460
-7714
3289
-241
-8330
9220
-8770
-5168
6300
-1031
653
-6916
8408
4772
5337
-7493
-2718
-4037
2890
5765
-4541
3751
-7129
6393
-6400
7009
335
6785
3648
-2569
7800
-8666
315
-1950
9852
264
6182
-4857
1078
-1785
-6754
-1460
8838
7228
-1378
4130
9239
1935
-3221
8621
-1890
4052
-8900
-8979
-6476
2280
4627
848
8836
-4146
4681
-9183
8352
-2737
-6049
-6555
1525
-5922
-9860
2570
-633
7562
1546
849
5139
8671
-4478
-4172
-7111
1955
291
-8840
9733
-7021
-9157
2369
-7594
-6833
-2006
-389
-4006
-3596
3244
-6078
-4410
-9533
-7597
-9915
-7059
-8241
9189
-5798
-7923
-718
-7640
9663
-3959
9821
-6814
8610
-7150
-2825
-7156
8997
2030
3058
-2443
-3899
-3205
-8111
9258
5079
-4533
-6373
573
-3310
-5093
-7797
711
-3763
9074
-1444
-7703
-1743
3593
-3113
-211
9630
489
2583
6185
-5725
7117
-9551
3754
8929
4116
8669
-8650
6018
-6103
2002
8787
-3857
-5460
-8311
-7907
-6968
1062
-1106
-3689
5213
2947
-7797
8469
-5404
9294
732
2714
-7308
7371
-7049
3879
-9382
-3288
-996
1590
9655
-3695
8818
-2088
-3363
-91
1426
-1379
1228
-3234
4012
-4438
-6656
-5784
-6466
-8684
6440
1745
5451
1399
-9235
-1181
-6654
-5757
-28
-9312
-6939
9285
-1902
-9648
1197
-6380
-7056
1981
-3897
9858
3690
-6709
-3583
-4271
-9787
-7688
7118
-3540
9827
8986
4085
-209
-1184
8128
-3603
-2927
-6811
9591
-6251
-9486
-9735
-8259
-4307
-1013
-5828
-8437
1769
-9422
8096
-7914
-2706
5718
2246
-7709
6636
-2124
2523
-1178
-5531
-2024
-3483
2209
4643
2707
6782
2173
664
1980
3699
2573
-4282
2839
-8447
-1005
-3066
-7453
-7618
-5675
-7194
3040
7228
8942
8121
4735
2097
1910
-857
1976
-7732
4622
-2057
-4311
-3567
9903
-1014
-6225
5637
-9605
-7262
4762
-6353
5902
5925
-1507
4386
6473
882
1634
-3942
1549
447
2000
-991
-2947
-170
-3389
-4909
1754
607
3858
-8768
8325
-74
2913
204
4434
9494
-2644
8323
6109
-8909
7339
7539
-1892
-6740
802
6988
3137
7189
-6253
3975
2188
-8824
1819
9786
6645
-6323
-106
-7271
-8340
4705
-3869
-96
-7020
1440
-6258
1347
-2480
-5119
-8498
8001
624
-6660
-5248
8655
4722
-3472
-4802
-9994
4622
7254
-9777
5446
5825
-1917
-5385
-3101
5060
3946
-6032
-1085
4918
-8249
-4655
-1930
64
2129
5032
-1028
-8160
4695
6948
-2307
5777
8467
2063
189
4205
-1646
-8847
-3312
7846
-2737
8261
6217
-4047
4392
7133
7736
-1652
-5791
6479
2856
-2931
-8774
-4425
933
-7537
6343
2782
6812
1237
6239
-1513
1539
-1513
9623
-7515
-6129
7863
5051
1894
-5090
925
-7308
-3478
-4752
-3656
9266
-5857
5601
-5864
3699
8798
-7300
-6090
325
8430
-5318
-6390
-438
478
1080
-117
-9669
-3174
6755
7544
-5360
-8261
3244
1530
-4419
-6555
-9029
9388
3695
6701
2157
274
-3410
8351
-900
-9003
-6860
-843
8312
-4513
7593
2167
-7658
-612
-5333
-2171
-7589
5788
-82
-8279
-1618
6839
2886
-8283
-4051
8524
7872
-1331
8512
-4649
2183
2324
-9505
-5502
-2345
-7352
-4651
-5115
-4500
-1756
6249
-1220
7673
-9507
-1696
7906
8049
4171
-8869
6624
1327
-5372
-1820
-94
-7227
547
-29
-7875
2855
7658
-2154
812
2849
194
1632
-7035
-7031
9009
9216
281
-1311
-1190
-3871
5085
-5235
-9109
-1918
844
-2982
-5193
-9703
9285
-4431
3503
-8798
5008
-6181
-218
2213
5384
-9263
306
-2953
3120
-5521
6861
8062
-6044
518
809
9997
3038
-3633
8745
-8242
-4506
144
-6737
9057
1470
3957
8528
5342
586
5044
-6924
-2954
428
-3923
4575
-1137
-303
-9513
-7766
-8870
9418
6284
-2630
-270
6844
-3258
61
-797
-3564
-6453
7176
-269
1740
955
5015
-5846
-952
-3427
8523
2349
-7839
4621
-8959
-3260
2721
8463
401
3552
-1406
3560
-1670
-9367
333
-9207
-1778
-5645
1060
-9980
-1640
-3287
6146
-4055
-791
-2112
2547
-3900
5314
-1572
-9423
-4594
-2294
5561
-2801
5304
8353
-1170
-5829
-9062
-3418
-1523
-1132
-3033
-7861
-2968
9625
-2128
-4044
-3216
-5018
-7695
7716
566
7733
-1241
6586
4232
5104
-1618
2458
-9224
3245
-7672
-2697
-5522
-2118
-6830
-783
-7767
6200
8021
6005
-5020
5885
9312
-6258
2307
895
-9773
-6003
3249
-3342
3506
-6226
9240
120
6658
3172
9784
-7322
6137
8911
3974
5372
-4934
6695
-959
-7138
8673
1963
1317
-4924
2825
8435
-3652
5266
2405
4580
7033
-4260
652
6436
-1712
-3434
-6429
5591
3840
-9006
-4713
-9025
-9880
4814
5441
7787
6246
7501
-7108
-1183
9478
9241
7292
-902
5060
-4678
-6895
1231
63
-5228
6145
-4773
6876
-4837
7339
-9811
-6279
-4933
805
9071
-846
7771
-7545
-2028
9922
15
-1201
1884
-6745
-5289
-9733
131
230
-4878
-8957
-2958
752
-5873
-1312
-7312
-4149
-2183
-3526
-7693
7798
-1611
-7336
4959
9575
-1356
-1906
363
1529
2246
9647
-5199
-4259
3832
3678
-7409
6876
1552
4054
-2379
7396
5865
2973
-8541
-3326
-3717
1260
9654
4833
5165
3945
-288
2471
-9755
4329
3643
-9996
8812
-7517
7228
6047
9995
-8529
-4083
4958
-4105
6000
-3945
-3630
6506
4753
3313
150
-592
8420
634
7357
8582
-795
9807
-9129
-3270
-2543
3428
-207
-6554
-1048
4500
-4515
9151
-3357
-1097
-8837
7018
2780
-5752
-8918
-3190
5167
9227
6218
857
7435
-1903
-7838
9328
4020
1821
-8906
5130
-169
-2883
5077
6938
2419
2412
9750
-2924
5193
-3054
-8006
2639
-5792
-9439
-1871
-7399
4751
9463
-7154
1041
-9618
-1813
-8399
-5146
8104
-4539
-545
5676
2846
214
474
-7120
3950
9503
8052
-3999
1236
2954
-3413
7207
-9111
-8372
-6347
-4581
7626
-9651
8253
-7393
-814
-1432
2815
-9189
9680
715
474
-2820
-1630
3914
-1493
-3729
4357
-4790
-386
7600
7919
-5933
-6777
8676
3836
-6932
-9137
2363
-5164
-3427
-1266
1270
-5602
-2717
892
9836
6022
-7684
9468
-5132
-7452
-6351
-1396
3287
6741
-8873
-8660
-4610
9602
-4722
-477
8229
-5503
193
-7921
5488
-6958
2433
8173
7742
3799
-2060
-6847
8976
-6802
9641
-5360
1105
-5082
2682
-7347
8531
9825
-4899
8487
9017
8190
-7887
3847
-5111
2798
642
-6022
1997
9469
969
9738
-7771
-3779
-6645
3087
605
3811
-2102
2505
1668
-3309
-388
8012
-8477
9571
-1367
1347
2120
-1581
-3401
-2272
-4690
-8520
3876
2090
8147
9948
2212
-3462
9141
-5695
5911
5165
3129
-3849
-5145
-7005
-7991
-1020
-1961
-6118
-6414
-1732
-6844
4207
6590
-5213
3340
-1973
7326
4320
-4895
-9774
4874
6005
2125
9907
-3259
9870
9593
-2121
9116
-6492
-6464
-8402
-2236
-3210
4560
3346
-3977
7772
-1712
5947
2976
-2687
-798
8168
-4914
2602
-4397
5287
-8557
-6900
4690
-5549
-2955
-316
8594
-998
9649
9481
9147
9882
564
5019
-8962
-801
4367
3003
7184
-6469
3475
6827
-2063
-6233
5116
-3456
-5995
5601
-3352
-3614
-1914
8351
-5823
9730
8644
-5956
-2165
-4304
-4461
180
5941
-7962
-5657
7824
6903
-2974
-9599
-8009
-6984
-4954
7002
-1249
-6246
-4537
2013
4863
-86
3883
-7705
9928
1275
5040
-7417
-6371
-4289
9124
181
-5757
3964
3941
3733
-9398
-3084
-4140
-6283
5871
-6390
-5700
-6991
6713
-8451
-4825
-7907
4039
5377
-858
-3665
9246
-6599
435
2449
-2852
4293
9885
7474
3328
-5885
-8
-2122
-6245
-6774
5876
-4123
-8604
-9716
-1673
7298
5372
6292
-6313
5195
-7748
-6188
4749
-9754
7901
8871
-3499
7411
3186
3149
9531
-8842
397
7382
3030
2530
5784
-8453
-2870
5618
-7041
-6943
-6491
-8549
-5895
9871
-3772
-823
1988
3479
-4381
-8077
-1284
3603
5846
-1788
-5576
-1780
9862
-5215
-49
-67
-8481
2952
9180
3794
-4287
-3167
4129
2990
-1095
5525
9551
8514
4741
2076
4877
-3086
6080
-5002
-3141
902
2376
-4255
7903
-3390
5418
-3635
369
-7406
-6130
-7129
-4787
7608
4455
-2724
-4567
5923
-9512
-4737
5385
-2558
2512
6185
1238
-3428
-6822
6961
-4276
-2269
-6196
3289
9699
5646
-6952
-4164
8743
7565
672
-8409
-5387
9191
-5735
2482
-4763
-2710
-8280
-2461
-7689
-1707
-7727
-2584
-4229
2916
3375
9064
7909
5154
-6290
-5279
-3174
5149
-1585
7999
-5233
16
633
7654
-8658
-8237
2567
6430
2423
4282
2907
-6249
6674
-5849
-9056
9331
6643
9218
-5464
-109
379
-3678
2415
-8074
8475
-8728
-6357
-77
-4478
6388
-9594
7800
4878
4565
2351
-1168
-5772
9455
-8394
-5939
-8052
2687
-7841
-3188
7157
5316
4798
-6393
2053
2882
9831
9347
6675
927
-8134
-1469
7704
1527
7538
4393
-2536
-9829
-8351
7901
-4556
3345
-3740
-9096
-9359
7410
9919
-6435
1615
1112
-2349
-596
9303
2099
-4273
3265
1801
-5843
5453
8658
3907
-6168
1627
9585
-9893
8218
-2847
-5408
-543
3120
-1216
3798
-8557
4236
-3042
-3978
-9182
-2178
7455
-997
-6084
8795
-8206
-2250
4199
-5757
2406
-7829
-2434
8669
48
8033
8429
-4772
-2586
-2390
-7693
-7808
5422
-1303
-2469
3499
416
-3160
8427
-4677
-2487
2205
-3264
-9009
9915
6269
-5588
1265
5938
-8083
-4220
1288
2618
-6860
9818
-180
585
8026
-8662
-5817
-115
1382
1845
7681
9803
5107
806
2931
3617
-7797
5997
7740
2260
7105
427
-222
3618
9544
-9231
900
-2799
-2103
-1469
-3340
-229
9356
-9666
3138
3128
4610
-6843
7708
-5231
4827
-5712
9994
6424
-5325
-3407
-7582
3850
-561
8133
6765
1922
7011
7930
-474
-2813
-9644
-6772
5005
3898
-9897
1074
-9369
-1014
-5051
785
5262
2237
-3089
3399
-6835
-8808
5161
-8228
465
-8132
-5556
-845
-1278
-5255
2356
4738
-4100
2987
-3971
2179
-964
-6878
8590
6124
-4835
-6215
3775
-1574
9801
5622
4300
-7393
-5530
4426
-3708
-7001
4974
5854
-7289
-7583
753
-1140
1001
-9734
-1129
-2597
9786
-2269
5399
4240
4650
-6932
1796
9751
-8091
-2903
8440
4726
3790
6153
-4520
-1793
5357
8537
2126
8975
-6713
7900
-89
3997
7864
-5866
7662
-2547
5681
1590
-3887
9338
5935
8575
9624
7460
-8772
9484
-3593
4774
-7324
-1410
-5661
6904
2859
509
8044
2422
6719
-4251
5744
-2033
1593
-6959
-4453
-4780
-9993
-3609
-7146
882
2348
-9456
3236
482
-7551
-6376
5929
-307
-5550
-5053
-339
-8857
3850
-125
5503
-8334
-6827
1699
1249
9254
2934
-9008
-860
-5197
5863
803
-9890
-2110
6616
6198
2577
-6253
-1307
4935
-7595
7509
-3908
3984
7270
-7923
-2778
-2122
-8297
-7081
3432
1559
5377
-9929
-4917
-7631
-1133
-3313
2188
-3242
-9485
5161
9253
6225
2952
-6542
-7023
3172
9231
5838
-9171
7762
1003
-3427
5454
-6522
2222
-1082
5470
8087
3843
-3331
7517
5445
-3060
-187
584
6753
3109
-5363
-2900
3770
-6267
-7361
6103
3110
8474
1167
5709
-2014
-8643
-6248
-8447
-8112
3728
-6860
-5155
2762
-4216
1532
-161
1727
5098
-4979
-7541
7310
9208
-9791
-4629
-6219
-9700
2323
5631
4282
1624
3425
-7413
-7024
-885
-3875
-9267
9185
8770
-4190
6612
3839
-6383
-8259
-4543
-8164
7675
1718
-2373
-478
-7544
8857
4224
8936
1006
-7862
8877
8010
9623
3184
7816
-9347
5955
5970
152
-5987
1905
-5086
6608
6801
6854
-9263
-5386
913
-1696
2226
572
-9194
215
-8066
-1808
5821
-1982
5844
-3936
65
2151
7391
-5331
-2091
-6069
7046
-7656
-706
2129
-2055
-3748
-7493
-8308
-8313
-4036
-7238
-1828
-6376
-3740
-2039
875
-7333
-7046
7943
-4773
5664
435
990
-3192
-4316
2543
3328
-3407
3382
-3867
-4876
-6394
-9608
8041
3441
5666
7515
-5615
-8203
-1908
6666
1475
-5381
-7239
4158
7593
1976
-2405
-5897
7453
7861
3265
-1366
-4455
-1113
-5867
-8718
-7383
5222
-289
-2303
260
-2970
9249
-1571
-5310
-9534
-4006
-1546
-3862
1713
5436
-544
2431
2312
-8218
-3245
4644
-4836
5673
6050
2564
-9435
-7028
-5487
-5733
9162
9233
8069
1050
4258
-7820
-2586
9114
4899
-8083
-1473
-3016
-601
3793
7771
1584
1458
-4343
845
196
8634
-4199
-4376
57
1517
-8802
-4614
6058
3589
-8161
1904
2877
-1160
8378
8052
2178
8177
6465
-2538
1183
7254
2113
3175
-353
1678
-8096
-6711
5355
3882
-9993
7327
2455
-9530
-4070
-5998
-2168
-471
-1390
7785
-3229
3348
-2555
6906
-7399
-3431
8092
-1751
8150
5192
2124
6841
-9631
-1379
2012
-4903
4887
4859
5327
2526
-853
1305
-8166
9561
3664
8093
-7640
-2205
6182
-1190
-4874
1496
-134
7839
2820
-8066
-629
-8458
-3727
2677
-5947
2816
5237
-4572
2680
6260
-8245
5241
3717
-2644
-2809
-3333
367
-6672
-905
-316
47
-9356
7131
-9203
-476
2909
7247
9733
9234
7054
-1354
-7040
-9355
-3196
-1737
-668
1381
-5867
-9690
8828
7195
-8056
-1196
7624
4892
-4088
2046
-7158
6958
5867
-3047
2550
4221
-949
-7758
5118
1454
-458
-5608
-5779
2346
-2194
2961
-4389
-5689
4429
3028
-8539
-828
-7648
5200
6013
-7732
6314
-9413
604
7233
-3050
-8476
-2468
-861
8896
8014
-23
-754
-5126
-4946
8203
9607
-5225
79
5905
1362
2763
-499
-3902
2448
101
3090
-44
-8317
617
-1465
-9520
9913
-369
2628
-8309
4605
8612
-3774
-7413
9369
3842
8771
-1955
9314
7590
524
8274
-3981
1776
-3500
9421
611
98
-4070
-7274
-7198
6004
-5569
6483
-2412
-6917
-4990
-7874
-2208
4556
2658
-5787
5231
-7903
7908
-6366
3456
8133
-1124
9405
-4656
-3028
-7470
8949
7202
-2082
9207
-2900
-5510
9349
-4071
-3655
7854
-248
6697
-7848
-1262
-4402
2056
-5684
835
2127
6958
7246
-1567
9842
-562
8787
6478
-3814
-6852
-3915
1583
-3493
8723
-3521
-6530
-3862
-180
6343
-2520
6717
-8956
-2123
9313
6530
3332
-6206
7276
-9140
6206
6410
2386
151
2084
-4241
7884
8404
-8290
-6134
6089
3369
4190
-7781
-9982
-3839
466
-6319
-9813
3476
-5833
-1760
807
8556
2141
-3119
-963
889
5972
3686
-4560
-2216
-7995
9538
-8136
-514
1435
-4900
-8225
-2956
8769
5020
6115
-82
-4780
-9213
9560
-1007
-6083
-8376
-4651
-3652
-3303
2362
-6092
9166
-7815
-7430
3729
2255
-1834
3709
6284
2191
-7687
-5731
7876
9928
9209
-1199
-5625
-8676
673
2770
-5917
611
6332
8609
-5493
5177
-1848
-4219
-6577
2905
5459
-5517
-6225
-4403
410
4546
3896
-9331
7446
1526
8249
-7131
5614
1325
-3520
3737
-3956
-6136
8052
4926
-1533
-8956
-1002
6746
-2
1406
-7436
-1647
-6780
614
-2306
5434
-4304
4638
-478
6129
-8505
5861
7882
166
-9690
6853
1374
-450
-1172
2233
3127
6254
5657
5605
-7091
157
458
3866
3428
8698
-7967
7986
-5810
507
-2817
-6661
-2979
-1997
4802
3828
4029
2895
6168
-3429
5397
1077
-6904
-9355
2198
-3659
6916
9298
-2753
-3048
-5528
8610
200
7037
7074
-7187
7869
-8819
2050
9540
2924
-7495
421
-8700
6045
-5516
1385
7982
4779
-1815
-6197
-7511
-1048
1935
805
-9429
5451
5620
-5715
-5399
5174
-1845
-3206
4798
4045
4136
4905
4705
9697
-9586
-4346
8202
8870
1898
5200
2453
-6386
-6092
-315
-8709
-7865
-7767
-2552
-8334
-2250
2945
-9636
2815
-4326
5225
9139
-2390
-7466
-9328
-7946
-6454
-8086
6477
9397
5753
8264
1794
8555
9696
526
-6657
1757
3405
5491
-3625
8310
9599
-3912
8164
1562
6460
2536
451
-8622
-6632
8241
-9241
4205
-9320
7640
-500
709
-2258
-9054
2667
-3864
4572
-299
892
696
7844
6298
9685
-902
1925
1361
2658
8617
4695
3209
2489
-9653
-7854
-9273
7880
3874
-1055
-8871
-316
-617
6610
8936
-8101
-5767
-6822
-1627
8555
-1675
-7409
-7260
-654
-9593
2202
3935
-1215
7978
-6090
-9859
-4466
-9110
4682
2779
-5133
6858
4572
-9810
-2191
4887
-2114
-9160
8266
-5048
-2417
-104
-1458
7720
-3857
3469
9031
7428
-505
5595
-1675
6359
-5796
-8440
-4792
3217
-8119
7608
-9512
5312
-3275
-5739
3406
-8214
-2353
4125
-3936
5964
-6835
-9676
-1749
-5737
7238
6987
-7525
-8576
5263
-5331
-2189
-9661
3338
-8153
8303
9940
-3513
-6940
-5497
3882
-7242
7262
5397
1762
1536
833
4683
-9263
5892
-5336
-5076
4582
-4371
9293
3930
774
6251
2278
-1651
9068
5872
6269
6531
-1105
8947
-2588
-5000
5923
2261
-2185
-7374
5528
9389
-2930
7874
-5514
-9640
4545
2617
-3968
-1742
-2012
-7871
4543
-4153
-7470
-9468
1842
-2338
7480
5775
-6860
-1539
-40
7560
2200
6090
-9663
5377
3939
1653
-2749
-229
8042
-9324
-6583
9119
-607
3564
-8610
6398
2187
5888
-2321
3223
408
-8226
1361
354
7672
-1400
-6180
6131
-9379
-2529
2685
-9976
-5855
4449
1321
-6676
-1269
2734
7973
8082
8263
-2101
-4518
-1374
2944
-4306
-7173
-4361
-7750
3011
5785
-1893
-466
306
-8776
2743
5668
-4709
6514
9982
1151
-8834
-7784
-1008
7390
9094
-1941
-9948
9871
-2015
1844
52
-2845
6000
-7032
9112
5576
9806
6853
-1259
136
-4802
3249
-1515
5709
8267
-9432
9885
5100
-3551
5306
-6946
2800
6670
3502
-9409
7254
2978
6343
7574
-1401
-4955
9374
3652
-8663
-4407
-6672
-8514
7282
3182
4546
2689
5069
2854
7999
-610
9
382
-6839
7154
-7168
-9971
-8845
5324
-6871
-2861
-7384
-5475
7529
5050
4288
-1637
-4108
4454
3376
7879
-8913
720
957
-7883
-5688
9213
-2198
-3706
9274
-11
6624
6544
1486
-1343
-6609
-9196
-9026
-6342
-2720
-9842
529
-2654
-89
2945
-1020
-2693
-6461
6808
5973
8640
3608
7882
-1967
7156
9545
-9681
-80
5616
412
3156
2073
-1736
7087
9331
2955
-8666
-9742
-6582
3110
-3613
8454
-1856
-4258
7694
8643
-4792
3193
4805
2749
-4115
-4164
9195
-8149
9810
7963
4533
8173
-4823
5610
-3592
3919
-8502
9471
-2844
3235
5612
-3863
709
1330
-4902
3310
8467
7194
8363
7070
-8303
9336
4185
-5319
-1480
8189
557
-4291
-8840
-5013
8562
-6649
1043
-8001
-1621
-592
-1400
2268
-6672
-1327
-5028
3338
-5808
3251
6438
7871
7638
-8820
1524
-7095
4585
8749
8834
2778
-4818
9428
-8495
-1481
-3068
8461
8681
7085
9104
-6478
-3481
-2229
5678
6467
5284
-6120
5100
5996
3674
5781
-8066
-2125
642
2885
-8801
-2774
5359
8690
-4545
8093
5269
3086
4980
-5607
4769
146
-9770
5886
9507
9656
-5694
-6429
2425
-6510
-1671
6675
-2713
-4443
977
-9533
-3975
1237
-5752
3992
-62
1964
-6714
-9089
1284
2048
-8050
-8592
9121
-9915
-7587
8595
6984
-1098
3216
6840
5127
-2154
9266
8191
4270
-2480
-209
1349
-8910
7311
2728
-3492
9923
-8580
-1103
5289
6668
3041
4070
1898
4518
8952
2485
5023
-7170
-5069
-2929
8938
3310
-7145
2995
-9629
7838
-3993
-6659
228
-722
5892
3763
7095
18
-3769
7132
7308
6469
7581
-8452
-3626
-1990
9628
1100
-3715
4559
-5450
-6577
5030
-6429
-7550
-43
-5978
-3710
1998
-5407
2812
1754
2185
-2923
-9100
5643
5942
4934
-5282
9329
2337
-2981
8883
-2312
658
6601
-9368
5392
7316
4963
2702
-3549
-3207
-1606
101
-7996
3631
2108
-4113
-2917
8911
8687
9189
-739
690
2799
-380
5280
-2
9316
1977
-1653
4877
8996
-5284
4340
8211
7029
-3772
-2546
-3858
-6020
1056
1021
-6499
8465
-5137
3770
8223
-5373
-6226
-4374
5517
-5096
-1918
4503
4259
-4681
-3097
3527
4453
8193
-1926
5138
4156
-7253
952
4989
8264
7053
3704
-6181
-7739
-8072
6184
8149
-4376
1893
93
-5471
-6639
-6773
8812
-3539
5216
9215
9787
5913
-5147
3032
-9435
1783
6307
3026
761
9506
9743
-3732
-3998
-9093
5293
2915
1556
5395
-3447
-5555
1002
-2936
5873
6035
-6752
8971
7037
-4137
4532
-8163
-5314
-6745
-3379
4429
-4124
-5330
-9984
7746
4012
-9491
-9059
-1914
5094
-5262
8758
-8641
6085
4955
3499
5607
2960
-6105
6943
-1177
-1241
-9208
3300
9707
-1257
-7706
9011
-531
7709
1703
-3522
982
9668
-9657
-5802
-1190
-3779
6145
3129
7322
8806
-7828
9923
-1800
2645
7404
1795
4216
-5967
7414
-7657
-6057
2549
-2229
-7069
3019
-1995
-8990
-2821
2998
6483
-4104
-8657
-6226
-6877
-8370
-3325
-5352
-6425
-5555
-6564
-2765
4059
9054
-2559
-7849
-9847
8801
8987
-87
8993
-6673
3565
9170
-7954
1650
-2562
6680
1180
-4958
3896
-7373
9812
-644
3286
2356
3863
7881
5071
350
1209
1024
-1206
-9327
-2483
1601
3929
-74
-3888
-2922
9329
-5176
-704
2153
5826
-5949
3170
6862
-1001
-3480
2492
-2082
-9668
-5579
4706
7472
-9659
1651
-8365
-8210
611
-2409
-4737
5333
20
-1241
-8182
-6
-1844
-8289
1034
5641
-5924
6515
6431
9780
9217
8221
7639
-1668
3298
9582
-8410
-345
1205
8358
-280
-7291
3983
6908
-7801
-7997
-3370
-5591
-9317
-4727
-409
8951
-3208
-1922
5212
7259
8451
6674
-3327
9563
1680
-6763
6173
-4466
-9290
991
-4785
8678
-9262
370
-2467
7586
-9928
-6039
1158
-4292
229
2008
3293
-3145
5166
2675
-7353
8615
9233
5602
549
4843
-8440
-1897
3458
6944
-1472
-908
757
-3567
-4160
-2365
-8393
-8269
7438
-491
9100
-5545
1727
598
8645
-7018
-1787
5729
2872
3138
6796
-5009
-778
9629
9217
1312
5558
8204
-1851
-7247
-7886
-2702
-3820
8231
-8035
2288
6617
1705
-5556
-9632
-3576
-7992
1997
5887
8445
2356
635
1603
-8834
9944
-7126
8360
-4588
-4639
7331
-8313
-208
-4390
-7051
4754
6488
696
1346
2567
-6054
-3613
7952
-4768
-3933
-1818
-8307
4326
-3896
1089
5347
-4922
-7627
3116
-1413
6685
-3164
5115
7304
-9390
-1489
-6576
9528
-5331
-6443
9471
2105
-6581
-204
3455
-8570
-4501
7934
-4152
3033
-3489
-2407
-3683
9563
-9807
-4949
1476
-5608
1303
2170
1762
-1752
-9003
-3183
-7998
4111
-7108
5846
-2276
-2025
-819
-7985
-5223
9081
2947
2751
-6710
4438
4059
891
1278
5929
3839
7938
6818
-3869
-6321
-1341
3138
2896
223
6244
-4306
-7796
5068
512
3893
-9835
3741
-1471
-3578
3822
-4070
5293
2128
1586
331
4956
-6389
-2009
2419
3883
-6011
-3380
-698
-1817
6841
-8169
4700
3367
2973
-2026
4248
6379
-8191
-527
-917
-7730
-8624
5765
2518
1463
-3492
-8941
-7127
2852
3075
-1704
-6634
-9282
-7963
-371
7257
2249
4961
2696
9164
-460
2072
6469
3212
4532
-246
5920
-9083
-7662
-7025
5719
6489
-4711
3002
7874
-3523
9865
-3563
-9703
2581
-7689
-5755
-6721
-874
-9154
-9375
-2476
3289
7799
8029
7161
9523
-4850
3152
-6006
-7270
2014
-1862
-591
6032
-8849
2014
-1259
2629
823
-9637
-343
3868
-593
-508
8661
7965
-9613
-7085
4723
-1194
-4312
-4316
7979
8715
8750
4849
-4151
4285
-7842
-9523
-332
-4351
-9216
2359
892
-8394
-1360
-5319
-9164
-4341
5421
5073
7361
6947
2554
-4503
8000
-5602
2020
-9911
6881
-2428
8377
8079
-6149
-7327
-762
786
-6396
-5781
2295
8870
-2563
9013
9291
3227
1930
5408
966
6177
-3739
-3076
-9582
-9096
-1288
-2862
2633
-9702
4583
-9517
5989
9583
5769
-18
1869
2438
-8865
9452
9474
4307
5493
7412
-2536
7690
9496
1273
848
-7277
9857
-8436
6022
-2001
9857
-2636
-5755
-7288
-7339
766
9127
-4816
-6649
7225
1663
9458
7250
-5720
-8360
-5448
-6444
-29
-1823
6964
6174
8138
6472
-1838
3208
-7584
-9059
-8408
5200
4562
-7979
-9108
-464
-5340
3819
-2034
-545
-3717
5423
7238
1259
-9363
-5100
2496
9056
-3748
4323
7235
-6670
-8723
-1158
-2910
614
-6490
-727
9863
23
-1291
-1147
2855
8774
-7707
-6719
4221
5964
-2946
2222
7724
-4981
399
6945
2614
-2185
1860
-8827
7563
536
-1998
-4143
7045
5866
-3963
5250
-4767
-3014
-1115
-444
7727
-9554
7057
1417
-9884
5736
-5119
2630
3235
7569
-1239
9721
1982
9381
6686
6212
2946
5655
3980
2257
-2204
6150
5659
2893
7482
5303
2421
-2240
-1884
9117
-4689
-7920
1558
2000
-5169
-6898
-6967
-5365
5514
5122
-5728
5935
-2751
3898
-7241
8607
3081
723
7671
4298
234
-6644
7227
-2520
3342
7527
2349
-991
-2788
9115
-9500
-5224
756
3575
-846
3788
-1804
2830
-73
8724
-546
-5096
672
5263
1773
-178
-7099
321
-6890
534
1151
-4027
-8601
-143
-9880
-535
5851
-4409
-6216
9360
-1317
6032
4983
-3322
-204
5506
2841
-108
-2063
9463
6253
-937
6100
6719
4542
-3462
9225
2994
7813
9717
4183
2779
5637
-9063
1724
5318
6350
4785
389
-5709
-8273
-8158
907
6893
-9384
-5070
4180
1183
-1821
-4879
-8052
1050
8095
-493
9654
-8206
8902
-9593
1738
7141
-4638
3562
-6610
-6169
3564
2816
-1865
756
4898
2671
5659
-5854
-3456
9468
633
3094
6452
-7370
-6683
7201
-7990
-5618
-4090
-7800
5900
1960
-6317
2817
9096
7580
-4168
3946
-395
-9596
7583
-1445
-8495
-8630
-4984
2616
-6345
-5185
8939
9320
-2142
3563
-2107
-4932
80
7630
4183
8969
-3488
-5223
-2094
-4783
-8180
3727
8858
2579
9569
-1418
5346
4078
2157
-5384
2155
5887
4764
-1462
1358
-6598
-452
2649
-323
-415
-7001
4775
-4266
1945
7355
6056
-8536
-9313
3343
-765
-519
-8477
-2808
2821
8929
9902
-7773
9992
-5960
-6830
9637
4990
9618
1324
2049
5021
3710
4732
-3894
9569
-3310
-3977
3648
8366
-7877
-2437
5477
-8333
-8188
5510
-5814
-8090
9753
-9693
8998
-2022
2634
4716
2079
9563
2133
7350
-1798
-8394
4636
2349
5004
-7386
8882
8445
8329
8738
-4967
-4972
-9649
8089
-7826
-2214
5750
-2218
-4592
7530
5089
2663
2051
-8461
3206
-4984
1633
-6897
-1943
6246
5595
1573
-8403
-9626
5843
8750
7820
-3252
5225
-2461
-8188
1881
9311
-3809
-361
8314
-4952
6244
144
4586
1227
-6233
-7059
2130
2659
-9431
-2054
-8028
-1086
1189
-4306
-1385
-1821
-6258
-7031
-391
6683
901
3360
-6096
-7976
-1173
8133
-1949
-1002
-7669
6729
1406
9687
6867
2518
-9351
2186
-7797
-6702
5657
9616
-1623
2814
5414
-6823
3678
-9020
-3964
2501
-1099
-1745
-6528
-1046
-669
-2480
8665
-5933
6739
-9202
1135
7927
6623
-7414
6355
773
4555
-6714
3950
1474
-1587
-5905
-5197
8557
-8396
9214
-9931
6154
-1473
6499
-8621
5609
-7870
4119
7896
8847
7002
7071
-1651
7723
7223
6761
7389
-7576
5
9134
-5500
-5805
-7572
-4826
-8951
8027
4586
-7183
-4465
8571
-9358
-8472
-8212
6183
-4418
-9251
1297
4664
8047
9125
76
2541
7447
4979
-8173
8172
544
-4904
4230
2701
1751
6402
-6685
-9761
-5266
8912
-3219
-9321
4100
-9009
7181
1483
8191
7944
9089
1327
-8070
-3799
8393
487
9029
-5444
-1668
8160
1545
5806
-2828
-6165
5600
8857
3370
2785
-3927
7308
-3875
6350
1749
4072
-6651
-6276
1422
1608
-4036
2811
7694
-2365
964
3114
-9196
-2384
-5050
9866
1339
-5991
5963
-8532
9465
-3628
-9476
-7583
-5252
-4269
4126
-5902
1123
-3685
-4912
-4252
-9242
-2256
-7541
-5738
-522
7810
3391
-5810
5954
986
-8693
4383
-2471
-9496
1798
8926
3024
-6935
4027
6222
-3033
7694
1143
8529
-4714
-2175
-3135
2495
252
-9926
8412
-5646
-5450
-5802
-4201
5656
1948
-4421
7856
2603
7971
7459
4163
-3819
-2923
4753
6766
-4505
5370
-7649
9419
-5905
2984
5139
-9822
2570
6587
-1493
2933
5248
8657
-7405
-9450
-8809
-1757
5854
-1955
-4459
-1964
-1020
6350
9240
-675
-7339
2317
-8998
8058
-7280
-775
864
-363
6576
-9644
1798
2774
-4715
-47
8448
-6735
-8494
-9305
-1689
5769
1201
4744
9112
4517
-6185
9386
-6296
-6542
-549
-3594
-7264
4419
1531
-4579
-6263
-3099
-9185
4830
-8767
9547
-1833
2214
-624
4146
-8659
4552
841
-5483
-841
2390
5407
6331
5800
1908
-4914
-4345
-3148
3723
2203
3383
9325
6052
-9221
966
-5076
4055
5141
193
1439
-7844
-7069
3977
-1239
3021
-258
8145
-214
5844
3386
-2170
-2234
6919
4561
2777
-9766
5836
-7068
9693
3818
5486
4064
-8184
7714
88
4910
8420
-5129
-3394
7883
-6007
-235
9698
-888
9936
-6583
5593
-2439
6045
270
2017
-3260
2131
-1817
204
2990
-5079
-6497
9894
6568
-6882
-462
1550
-4026
-3062
-5647
-9463
6262
9914
1273
-1749
953
-7354
-4746
2057
6844
-1767
-6953
113
-64
8410
-2193
999
6025
8178
1942
-6427
-1544
-1596
-7332
4591
-3474
5792
9210
8536
-6389
-5101
8718
7488
-6041
4553
5398
7838
5410
-8809
-9955
-3407
-6511
4639
-2296
-7184
-7581
-866
5962
-3657
-5358
-5999
-1672
1966
7558
-2779
105
-8689
9382
-2074
4490
-2182
-6851
-4884
343
-3740
930
-4400
-7636
1100
-7190
-9758
-4049
-4892
8548
3636
-6011
9476
-8379
9791
6187
4411
-2263
2943
4606
4661
-4314
-7432
6991
-8096
-8321
-5887
-6818
-8689
-8905
3311
-4602
8408
-6355
9261
2542
-4752
2842
-4650
-9994
1532
5697
4543
-3333
-5378
-4851
-7674
804
-8873
7484
1166
1411
-7854
-8575
3156
3101
6976
4577
1207
-8112
-3925
533
4328
3328
-7566
-3030
9076
-9465
-5595
4512
-7391
-591
-1517
-1289
393
4400
5819
-8930
1484
-9075
9668
-4817
-2800
1235
-1243
-8331
2582
-5594
-5790
8836
-4638
-2573
-8565
6879
1717
7058
-629
-9005
5792
-6506
-2510
-9812
3322
-8313
1304
92
3034
-9849
-5242
-949
2561
-6109
-3547
6007
1532
-2428
-9269
2842
-4564
-5897
-3440
-3803
8730
3760
8446
-7480
4879
-1263
1154
-5189
-7022
-7339
-7729
2031
-3113
-9268
-7223
765
-2535
-7101
-4935
-5900
192
-9314
8379
-3965
-7141
7753
-910
210
-1929
6275
4507
4231
2035
-9163
4791
-7698
60
4761
5638
9419
-4457
8492
-3276
-750
1805
-7255
4073
-3440
-1005
8446
-7494
-8776
1214
496
8127
-3189
4461
-1618
-6537
-1891
-7646
-7319
-8300
8646
658
-8827
66
8127
9457
2302
1219
709
2767
3643
6382
3985
7620
-1680
-7206
-6290
1732
1647
2775
-3227
7497
-210
-8870
-8917
-736
9470
-9185
-6029
-4887
-2688
1162
-7226
5477
-2253
7180
-3316
-8382
5447
6826
8940
7211
1528
2692
-7265
9333
-3593
8920
2359
2343
-3722
-2807
-4351
6934
-3970
-9904
-2956
6785
5304
9837
1132
-7396
3585
-3267
6712
7590
1778
7462
8176
-726
-2070
4480
-2788
-9789
-9709
-5016
-3462
5644
-2906
-5246
-9387
-8259
-5638
-2148
7847
309
5364
8231
9114
9040
-8852
-6536
9679
-8437
-5742
1365
9327
7061
-3511
8519
-6642
-6453
4529
-3301
2867
-8154
-3965
-8254
3714
-7098
-541
7772
2784
-8901
120
4944
-6603
-4803
-3290
-9437
8513
-955
7841
5425
291
465
7839
5319
3877
-3208
-3665
-267
7466
9721
1384
-2294
6837
-1586
-5756
-135
-8739
-262
-4132
-5912
-8794
4498
-9464
-5602
-9816
-9996
-4142
-6330
-6335
40
-354
7324
9223
-4594
-1587
8193
-9723
-5468
5143
-3361
-3898
7926
-9966
3624
6707
4389
6872
4941
4015
6881
-8495
4560
6679
-8979
8781
-2428
9621
-7837
3998
-6133
4069
7598
-2525
9122
-7118
7369
5069
-3699
621
-8854
-4188
9181
-8968
8064
2420
-5059
8075
6534
-271
-9220
5526
5623
9735
-5124
2852
-2055
-2508
-5736
-3488
125
4570
-8613
-2988
2518
3372
553
8632
-7010
-2805
1142
-7315
-9511
7678
-7065
-6406
258
3416
-9470
-3602
3518
2216
1766
-3926
3578
9275
5068
9521
-9609
4897
-1285
955
-704
-9905
-8991
-2397
3105
-524
-9773
508
-56
-8920
-2770
2814
1210
4700
-7072
3917
973
-7044
2906
-5506
-5260
-4971
9191
4303
5003
-2111
1852
9444
6397
-3558
2366
7514
6313
-4006
9690
-7480
5392
1847
915
6324
4488
-7789
-8290
-875
637
6470
-2443
6112
4285
-5350
-8073
2049
-6194
-7689
5688
1767
4483
6526
-9674
9958
-4061
-5488
-7987
3288
-7422
5206
3472
891
486
-7826
374
2170
9002
-9684
-7635
8977
2086
-8931
5072
-1354
698
7813
-2252
-382
8449
3543
7111
-1344
7794
-2764
2607
-1993
4
3291
7126
-5335
3836
-1824
8487
-3358
9524
8901
-8095
2936
9747
6407
-9719
-8960
-9332
8262
-3497
-6533
6413
-3319
-5108
4940
503
-4687
-3460
328
-3006
2705
4463
2768
-6347
72
3722
-8922
3029
-8395
562
-6388
3729
6330
-9171
6019
-6592
2374
2953
9317
-7345
-6688
-7797
-19
-3690
-5614
-8375
-4297
-8154
3736
4243
4909
8446
614
3916
-8738
7652
5953
1878
4539
5404
1012
-8658
9954
-9902
5941
5612
4858
5692
160
7809
-2492
1769
-5345
6597
-8450
-3396
9071
5548
-2074
-9875
-2704
3921
-2166
9845
-1123
-9814
7592
8798
-2079
2777
8673
1680
6517
1028
-2874
-4908
238
6909
-653
-8963
1127
-1840
-9225
-8567
3709
-6275
4302
7450
7647
5101
6369
-4134
-3063
30
8972
9067
9255
8888
-6882
8435
7528
-3160
-4096
7969
-950
-1033
7888
-3002
7668
-1261
8394
4850
-4847
709
-4639
3897
7231
-699
-4684
-4518
542
-9232
7616
-4371
-5442
-821
-7218
5437
-8008
-9455
-8144
224
-6630
-1835
-3209
-1628
6186
-299
9685
-9648
-5778
2706
4683
9752
-7404
7508
1241
4606
-9586
-3764
165
-6718
3338
7384
-5955
4334
2252
-880
-9787
-7920
-5320
7665
5730
8010
1643
-8644
3824
-4084
-2647
-4238
-6456
-9843
1008
-1077
-4762
-6058
6626
1634
443
-7348
-5791
318
5644
2623
7879
1479
-9942
-2813
-5754
4577
1265
4309
6293
517
772
-6236
968
-8705
6110
-7355
6815
1453
6711
2048
-3160
-3659
-3849
-8210
5801
9075
698
7712
4619
-2924
8142
1739
-4831
3581
2710
-1382
7894
-3595
-4821
353
-2265
8703
3003
-7705
9772
-1811
-9324
249
-3487
6784
-809
-830
-6948
7685
7593
-125
-7323
-3045
8699
4319
6618
-3039
5177
-4278
-5779
6760
-4819
2762
5751
2503
5488
9388
-2371
1577
3286
-1756
-3444
3880
9890
1958
-7717
3247
-9916
9134
208
-8240
4702
-1073
343
-313
-6436
1267
-5888
5832
-5197
3331
3393
-2431
2187
-9533
217
-1149
-6761
5646
-8217
-8211
5906
-309
-6299
5780
-9176
-8064
-3373
-3131
-9643
1057
-8438
-391
7118
-2315
8567
7484
-6172
-9277
1831
-9505
4921
-3520
4478
-4095
-1374
2800
-6179
-5476
-6857
5516
5136
-110
6018
-2696
2107
3696
-8270
8813
8683
6211
615
-1454
-5409
-6417
3286
-2363
-4963
-628
7574
-7161
-8091
-7503
-1489
6823
-4430
-1518
3626
6745
-9596
-4373
8921
-2173
1966
-9140
-5456
-8457
-2060
-4957
5531
-550
1156
-3484
2156
3675
-132
-5669
-2460
2058
7739
8319
-331
-7736
-2539
8339
-1962
-9241
-6827
9596
6320
-911
3530
-1677
-3185
4964
-6158
-1765
-8537
-4427
2364
-7374
1338
7735
-428
-7546
4927
-7012
-2853
4296
4389
6790
4309
4070
1851
-857
8146
8139
8324
9212
7202
-5674
-5068
5454
-355
8043
-4765
6090
-5659
