6830
5961
-4921
3625
7939
7309
5600
2441
-3420
-4813
-3103
-8328
4153
8686
-7342
-1278
-90
-1502
-3919
7758
-8748
-4927
-2349
4280
-1008
-3999
3111
-7279
1416
-8968
-1669
-3366
-4860
5904
-7256
1487
-7995
-7302
-6154
-6140
9850
-7357
1074
-340
-189
-6134
-1727
-8165
7381
7355
9206
1480
-912
4444
-396
-4668
-7429
-7197
4224
6804
8737
8775
-8603
7427
3010
-5237
-8954
-7098
144
2131
1501
1195
243
7758
9033
-3374
4871
-5279
-171
2588
6074
8281
9258
-3848
-4096
-7884
5109
-9239
397
2205
-1173
9114
9434
-7677
9010
9501
3871
-6978
44
8011
4760
-2996
-9682
2740
-3349
-7263
583
5440
6962
-6310
-8743
2411
6103
-8314
-5365
-1598
-1090
-3402
-5666
-3602
2709
3968
-5192
3305
-889
-1664
-9271
-1838
-4106
-7779
6890
3713
5020
-6296
135
-1594
5789
-1318
7718
837
-3492
3369
-7886
9341
-3084
7617
-7053
3507
-5251
6738
3861
-2988
-8195
2518
960
1458
1119
1045
321
4708
9209
-6689
1793
1125
-8887
3867
-2710
7655
-6234
-4844
7463
5799
4697
-8658
4547
-741
-4258
8243
-9205
797
2541
4941
-2960
-5433
5501
-4273
-1260
2206
4904
-4364
2870
-8458
-5252
-8921
3644
-3590
-2129
9981
5723
9086
-5987
-2334
3372
6746
8379
-94
-3742
6795
-4749
9852
-1962
3985
-6542
-8722
-2047
-4320
6025
-4811
-4658
-525
3519
8735
-5852
5833
-5
5022
5802
-2924
5016
6822
9587
2206
1939
-5453
-6638
-9771
8870
-1460
-8643
-3682
-7032
8154
-895
9142
4968
3047
-4669
-8890
-6158
5943
1469
-9719
-5129
-3231
1040
-6386
3869
-7500
2036
1584
3887
-3615
2670
2424
-7115
-8549
-3099
-1599
-4631
-631
371
-6653
-283
291
8438
-9872
1103
3242
-277
7811
-9750
-883
-1456
-2168
-4001
-1095
6239
4233
-9080
-8196
-9285
8103
-4450
-1903
-1040
-2678
6843
4539
-5733
7125
4741
-1390
6125
4440
-3226
-5375
-6553
-4920
-9718
-1680
-8165
2754
-5652
-4760
6514
3761
-5003
2894
-8487
-664
4157
5689
2702
2755
5281
7985
-9677
1432
-9560
1181
-9536
1537
7963
7823
-585
-8258
-6904
-9147
-5367
-2887
-9613
3250
4290
-3981
-6380
4226
-7287
-5915
2703
-3490
-2202
2922
-1445
-1718
7069
9397
4858
2350
-5367
-6356
2977
5171
-4605
-6296
5965
-5673
-7732
-4301
3688
-1603
6973
1931
-9481
5510
9471
8870
8510
-6322
-8411
711
4128
-9470
6422
-3101
3577
4585
-5883
-1056
-4149
4209
-9319
4540
-8823
392
-7890
-5963
6994
4906
-7425
4265
9544
-9629
-4507
-9879
-9840
7649
-1299
4774
6315
-4507
101
-4468
2789
6819
-6972
1997
6588
497
-7276
8644
-4836
-5970
7666
6784
9198
-9601
5171
9389
2236
1728
-8031
-1890
-54
9662
-8584
-9162
-4070
-7324
5648
5121
-2567
5938
-6479
-6374
5541
4815
-915
2803
5626
-8070
2100
1732
-12
4053
-4500
6914
-6682
7762
-6982
-5042
-1201
1361
-7732
9934
-2901
7818
1188
4207
-2691
-9515
7958
-5082
3775
-3844
1676
-6623
-7516
-3889
-2832
-3789
8871
6008
1774
-3571
-3332
4272
5816
5109
-8784
7456
6582
1970
-2965
5992
7418
8933
-4560
-2384
-8463
-2435
-9629
8023
-470
-8737
-1849
8068
-8206
-1980
-2139
-7175
-7982
-519
8089
-716
7226
-2272
-1041
7398
-9257
-5872
-6844
-6387
1915
8580
-6003
-8833
-8975
-5682
-4249
4201
5403
-7429
7496
-3096
-168
4775
-9616
-3823
-802
-9864
-6967
4668
8017
6
-8892
770
8716
-8544
8426
-1426
7885
1796
4883
-6114
-4745
-8965
4055
-1466
1721
-8252
5255
2539
-847
5324
192
-9503
3802
7758
-7952
-96
-3085
-5155
1137
6463
-6509
-2690
840
4990
-9340
1597
4354
-5889
7526
-4927
-555
1125
-5584
-2842
-8967
63
-5336
2266
2362
-6919
-3751
3640
9415
9173
7458
1804
-5329
-3798
2823
-9687
8388
-2161
-5390
5926
-2144
-5467
-4736
43
4037
-394
2768
-3153
5717
6784
6978
-867
5338
-8641
2496
-6812
-2839
2288
2831
-4804
-9482
-8821
9529
9115
-5103
-9232
-6427
2047
5318
2384
-5253
5031
7807
3742
4737
-9124
-8592
1164
-574
-5761
1848
7581
-8689
3701
-6667
-542
-2142
388
-2438
-2938
3369
-4048
6493
-1976
-8223
3641
-3869
-2503
8086
-2954
-8988
9933
-3804
-6763
7291
7729
1009
-6395
-5053
-2192
3915
2459
5075
-1234
-7070
-4855
2350
-8535
-2644
9874
8701
7334
-2259
4426
-5390
2679
-9946
-4427
6484
4350
-2458
3858
-6293
1415
5337
-918
-8255
3445
-9199
3816
6013
-645
5111
-4124
-9225
-2321
-4620
1609
2066
-4220
-1053
-4319
-7078
-4777
-8474
-4814
-6369
-6640
357
-4437
-3724
9640
9963
8100
-5649
-1111
8728
3886
7054
9853
8531
-6607
7698
6302
9673
-5478
-7292
-3273
1368
-6216
5771
997
-6194
-5152
1969
3271
1647
-1487
-7799
-9708
-109
-3731
2439
-7199
-9718
-9793
-8120
-784
9896
5178
-9431
-8382
5195
-4730
4093
-7249
-7654
3389
5227
775
2628
4621
-1013
-6018
-789
4679
2880
2681
-2009
3360
4616
-6321
-8580
-9694
-5304
-4422
543
-5770
2926
4852
6363
3029
-9864
6168
-6066
2381
-937
3598
-6513
2942
1162
4637
-3489
-1082
8286
-411
9960
-569
9177
-7434
-9263
-3693
-6211
6327
-2416
-8812
9329
6342
9763
416
-7474
4560
9401
5534
-1588
2138
-7036
-2494
7545
-4577
5724
5515
-4591
-1474
-2344
-4338
3326
-8355
-2273
-5157
-8870
-6928
-4990
4085
-4378
360
-7468
-5743
4398
-6138
-3565
2249
-8696
-2814
1512
-5116
-4629
-3875
-1436
530
-1294
2617
-9375
-7718
-9045
-2525
9887
-7543
-9652
4271
5368
352
-2754
5417
-3399
-5255
8955
2598
2833
-4653
-7998
8430
-4388
9665
7268
576
-2368
8119
3816
-9871
7487
-4437
-3610
5409
4269
4278
-1840
-8982
-5797
3149
-7102
-3851
-4283
-3575
-496
-9932
-128
-5808
-8727
-2326
-8950
6394
-5497
7947
268
3958
-4768
-2701
-3074
4075
9870
-4363
7333
-6480
1179
8823
-3230
693
-6541
-8041
-1430
8660
1070
8744
-3647
-9127
-9462
-4753
-3360
7008
6994
1527
9314
-131
-7516
-7738
9670
5650
3658
6615
-6372
7293
-5302
5824
503
-4657
-6871
7471
3529
5668
-4740
7942
9308
4161
1238
-5746
8705
8906
-5606
4894
1521
-5811
5436
6737
6807
1863
7830
674
5793
-4234
-8178
4226
6408
-9863
-17
-7611
5292
3462
-9064
-8206
4680
-4847
-7885
-1358
-2828
9274
-1186
9422
4840
8002
-6974
-4538
-466
-6625
-4982
2847
-6296
9930
8046
7481
1705
-6612
-6725
2859
8131
-8396
-262
2369
1410
2773
4714
4270
-3061
-4424
8726
-4360
-522
-2019
6438
-8554
6254
-128
-2727
-8198
8504
-9711
6693
-5740
-9168
487
-3493
4186
-7377
-1411
4063
232
6858
-9074
4341
-4006
-1263
-1369
-8968
-5654
-4855
2632
6657
9549
5796
-1650
2639
5781
-6885
-7342
4153
-2801
5431
3084
-3634
-4640
-1286
-9345
9902
3781
-4960
-4814
4555
5757
-5888
8814
4907
-7640
5347
5942
7146
3668
2798
-7937
4861
-7415
-7441
843
-5343
2012
-8094
2069
9923
-9299
-9620
6630
-2525
5250
9905
-8257
-1574
1739
4587
5254
5769
-2668
-4257
7555
-1652
5470
5673
5045
-9719
-7646
8358
1522
-879
5779
7378
-8464
2435
4777
2959
3547
-8167
-3006
-784
2221
2091
-6756
9315
-3389
-7053
6963
-3197
2929
-7880
8666
4333
-939
-8419
-3557
-8098
5005
9903
-3653
174
-7974
-3938
7266
-4978
-8988
-2903
-2121
-1485
4181
-9213
-8909
-2125
-260
5392
7893
2482
-2480
6171
2044
-5420
-4676
9356
-9061
-5261
405
-5975
9120
3283
-101
-4795
-9357
-3237
3059
-1023
-1163
1352
-7630
-7734
-5233
-3230
9900
226
-3443
-1830
248
320
1778
-7352
-3037
8723
8440
3643
-6694
6423
7243
4529
6594
-203
3040
-4105
7013
-3502
934
-9361
-3753
-8174
-6305
940
-5184
-2918
5325
-6153
-6724
5154
-8915
-2314
2456
536
-9081
9363
686
-8428
4856
1386
-774
4122
-336
-2018
6364
6391
1092
-759
-1581
4930
-9374
-1014
-6148
6481
-1604
-1565
3252
-5749
2408
1000
602
-8228
-6549
-5969
127
5013
-1022
7313
-4567
-1009
3857
7077
-1196
-1803
-758
4312
7901
-3049
-7382
-5286
-5894
-8047
5654
2140
8452
-6635
-7483
-1440
-4702
1495
-8308
9164
2408
6286
4735
-6566
-7197
5168
-6142
-7437
-396
655
-4900
-3726
-3471
1528
3242
-2742
-8756
2290
679
7756
6918
3528
2693
-128
-1859
4384
1318
579
7392
-2025
-1295
5709
-7347
-3805
2015
-1021
-5768
4191
-9960
-1534
271
-4094
8637
9563
6419
1204
-5716
-9173
-9731
2319
8613
2105
-5932
7330
-5214
3588
747
6161
-582
7997
-6397
-1621
9433
2331
7687
1227
6122
-3118
-1380
-7655
-4759
-131
1742
-396
465
6171
-8112
-2851
7071
-5467
-717
-4837
-2002
4821
-5839
2600
7823
-6187
-543
9921
-6348
-8712
353
-828
6796
88
6502
3398
-9449
-7832
9481
-8481
4367
-9793
2319
-4311
4318
-7918
-6390
3556
5616
9690
5327
8674
-9153
3304
-3637
-4579
7080
3547
-4045
6249
1054
5761
-6814
6890
-7188
6336
-9416
-2612
343
-1997
-7322
3869
9162
6272
-9585
9852
-1048
-2582
8033
2361
-2395
-1626
6666
-9686
-4293
3023
6248
5275
4000
-5983
-737
-951
-73
-3082
-5439
3902
-5168
9262
-5824
3172
5646
-6184
-3247
153
9145
1469
-3475
-2700
4781
5878
7194
3591
8188
2409
1476
6171
8835
-3066
-9176
9694
9139
3315
-4258
-8097
-8999
-4766
4390
6889
-5620
3715
2919
1305
6294
9736
3737
9994
6408
213
6895
-2576
1050
-4900
1372
1216
120
723
3032
-7436
2876
6635
2855
2383
5284
8642
2120
4950
7452
2468
5981
9754
-5584
-2477
9082
-5746
9041
-2183
5571
-4034
-7865
7490
9497
7233
9930
9705
4215
5462
6750
-3158
-5807
8617
1471
-5884
2306
-1754
104
4170
6322
-8380
-8576
5513
6376
9425
-6875
-3366
59
-8911
1028
-1762
-7977
-5806
9270
-7975
9729
783
4699
-336
7181
147
-302
-1653
8112
-1956
-5917
-684
-3216
-6180
-4247
8751
2359
3549
747
5201
-5245
3052
7551
6069
-4970
-7228
907
-6841
7049
5579
-204
-6581
4096
-2010
-2369
-1728
2429
2713
-6952
7305
-5674
9179
2483
8405
3011
269
-9310
-6308
-9107
-7382
4331
-2962
-2923
-1462
-659
-760
1471
-7653
8242
9812
3524
-6980
3275
3103
-7015
-3968
-7270
5309
-8202
7454
-4683
6531
-8301
-5363
-5171
-1723
1971
6704
9732
-6603
-4335
7031
-1159
-9262
8807
-3671
-8849
-1776
6942
3242
-9298
3261
-5242
5813
2245
-3855
9086
7875
9703
9979
-7996
-8804
-4700
-8241
-8180
380
-3287
-7200
7523
-452
1749
-2820
-411
-2429
-2063
1459
-335
6847
4408
-6684
8993
-7654
4844
9100
-5089
6779
2947
3527
1674
-1464
2950
-3691
-603
5414
-4368
-7374
-8912
-8405
8382
8428
-4400
-523
-4342
-6357
-872
-8610
2828
3577
9438
8476
4009
401
146
7683
-6654
-6577
7789
-8437
7670
-5624
-9371
-5643
-183
7681
-8997
-6765
-6902
7329
-1758
-2709
-2014
-9648
-9197
1008
-6036
9762
-7905
-3062
8387
954
5318
9932
4969
-4460
-4755
-9449
5436
-7505
-3655
5922
-5130
-2654
2245
3857
366
7893
-6453
-5721
-4322
-9862
-246
2830
4573
6949
-1299
-9440
-1700
2026
1924
-473
-8525
4505
-5350
-7330
8295
8134
-2463
-8300
-6928
-7049
7971
1094
-297
-3294
8990
7840
-5802
4601
-5936
-2331
-4402
-9023
-9402
9476
-8764
-1574
-3101
-945
1912
-9436
-2044
-1575
69
9286
5903
3807
-1930
-4318
8912
-5193
-2780
6817
-1714
-614
7320
7215
-9382
1828
-7409
-5913
-598
7902
-336
9953
7135
-9007
9961
-9235
-6918
3853
-4567
-6045
-5823
7221
8145
7014
-8684
3467
806
-3136
-2205
-8753
-5614
-152
3114
1961
-4568
6924
6251
-6353
-7040
-6353
7053
-8344
5618
-3447
1965
-7832
-6192
5166
-7474
-4177
-1069
1866
-1493
1349
358
-3385
-7493
-455
-9451
6815
-5073
4778
1800
5192
3980
6156
3233
8948
5455
-9342
-4903
7004
-7683
9893
3745
2625
7085
-9903
-5297
-5983
33
5550
-9687
-8948
-3164
2857
4162
1311
4584
-820
-8537
-9722
5325
9399
3498
-9143
7343
7090
-2699
-5695
-6679
-2303
2929
-5139
-2429
-4578
-8661
-1839
5051
-3737
-425
-8964
-389
-8432
-4114
3686
-4532
-2838
3690
9016
-3453
-7476
-1748
6367
-8972
-2670
1265
7168
1338
-8739
-3565
3584
9063
2557
7547
9441
-6788
-498
6144
9577
5892
-502
-1858
-1989
-8293
7257
-4907
115
-9660
892
-6326
-9970
-1861
-8907
-2278
9219
-1976
5724
5530
-9164
5911
9232
9988
9450
-3991
-5449
-4699
4970
-4522
-7374
-9530
1747
9122
-5230
5402
4982
-888
-6952
-9334
-1470
1271
5425
7399
-600
2146
-1807
578
6995
-5875
-5748
8294
-4933
-1761
9288
9087
-8951
8601
8295
-1354
7454
6880
3003
-1285
-8207
5947
-7778
-3803
-1787
-6456
1549
3157
2375
361
8367
2332
-8479
-6543
-2948
1310
8079
9853
-6577
6147
1863
7692
9463
-8866
-9799
-1656
-7364
1095
5354
-6760
-566
2046
4723
-3979
-251
903
-6711
-9922
-597
4643
496
-4888
-5962
-7076
363
-8452
-975
4916
-3273
8444
-5328
-8907
-1247
2380
1975
-1409
739
6443
6688
-3563
-9439
5479
4764
-6380
9511
-2091
7835
-9725
9532
-1113
-4836
-5567
-3984
5834
7835
-8999
-771
-5999
61
-2244
-2859
-7564
3093
1415
-172
-1965
7568
-7570
-1469
-6691
-5900
9539
4866
-8687
-6549
-2795
-5236
-3639
-2313
150
7196
8895
-9121
248
-5391
-6291
6871
6020
-3389
7625
-591
-9902
-5887
9755
-6467
-395
-5052
4095
1502
142
4841
8926
5336
1910
3772
-5673
-8856
-7561
-7574
9653
-6017
-7622
-522
957
1676
-4516
7201
9467
1676
8487
9849
-8398
2546
2302
916
3145
-6569
9572
-3334
-2092
-3383
-6486
5457
-8613
4480
9791
-6862
1636
8537
-6736
-5329
-9867
-8578
-6432
-9312
-2420
7746
3094
8450
5050
4188
-1699
-603
5397
3339
-2567
-1228
6766
7087
-8965
2635
-2401
3023
-5586
1673
-7271
4617
9425
-7171
3114
-8524
3348
-3064
-5372
567
-9280
3664
6551
-4994
-2029
-5724
2017
4377
7521
9386
9243
-7228
9350
5087
-6748
9449
7185
-8406
4863
9577
8760
5886
3539
4970
-9610
-7287
-4148
1438
8253
6480
-9924
5603
6879
9836
6922
-1743
9980
-3540
-3601
-229
-1767
-6098
9912
6726
9521
-2489
-1955
8686
-9893
-2900
-7008
6889
-5623
1698
4041
3040
9211
6254
-4940
-428
2105
-8767
-9306
-6609
-668
9447
-9185
9168
-8515
-4056
-9228
-877
-2808
7638
-1000
-6543
3577
-2058
6
9997
-5858
3952
6844
2729
2186
9494
9800
4443
5695
2663
3078
9843
-8913
3208
7328
-9144
7400
8537
-2751
-7938
3574
2851
-3622
4072
-850
-3730
-5032
-6805
2615
-729
7254
-5882
4962
359
-4817
8149
3191
-3663
-9851
-2847
-9035
5642
-7680
-4916
8885
2974
-6400
-9035
-7164
2021
4479
237
-8880
-6248
1549
-1722
-7448
5305
4444
-7742
-8452
-6224
7426
3505
-1915
-2691
4255
-2865
-1466
3082
-6144
-2716
-6605
1352
-1626
-8796
-1768
-677
-5109
936
-3501
6542
3200
8963
2384
-2563
8555
1010
-6455
-690
1923
9091
4799
-5636
4272
5154
-6455
154
3329
-7136
7290
7127
-6743
457
2165
-6659
-2604
6099
3243
-6639
7569
-6549
8350
-1148
-2634
-962
3770
-7271
3373
4549
723
-5058
-8999
9137
5200
-5030
2465
-8000
-5107
9213
9342
-4805
5747
7286
6518
7150
-8219
-197
-7470
-1634
8076
830
7936
3658
-5518
2740
9393
3623
-2319
455
-1701
4297
-752
-2968
-1286
3472
-1464
8971
3569
-2038
-5332
-134
-1682
4328
-1019
5736
-8619
-5888
-6637
-1768
813
8283
-8780
2933
-3682
7294
-9711
5760
-5702
-8991
4948
3780
-9338
9150
7382
8148
-1720
-8688
-3834
-8471
-9933
-2909
9961
8666
8801
-7570
6510
6988
3683
-7849
-5875
5486
-6741
4804
1052
-3930
-3260
6104
-9633
5185
-8238
-649
-8134
-7268
8720
-6265
7940
-4489
-7703
7374
4481
8197
-7913
1455
-7269
-9878
-5068
6726
-7451
-7999
1112
5160
-5992
2006
8276
868
-709
-3001
3900
-5461
-8644
2376
3953
-373
4582
-8888
8440
-9732
2709
5190
-5534
-7890
1616
-7052
-8454
-9403
5237
5267
6801
-1359
7188
3986
-8101
-3615
-3064
2600
3435
-3662
2616
500
2842
7887
-5378
-4779
-1673
1758
7516
-7593
-805
-1173
-5213
3911
-1786
3802
9372
-4325
-6559
5708
1308
7065
-6648
5907
-494
-9875
9524
1871
-7502
5253
4411
-8258
-2670
982
6018
-59
3529
7811
-7059
-7133
2918
-5004
8231
1469
4500
7772
-6862
-7291
-2373
9199
-7323
-544
-8596
4321
9650
-6801
-7036
4403
-4138
7487
7025
-8461
-3071
4375
-9340
-7604
5996
5489
5410
-7987
-6947
6048
-6253
-101
4572
-7698
-4234
7693
-7324
9899
8240
6844
-3068
-6621
-1983
9157
-7406
-1360
8589
1185
4615
-4670
-4101
4601
-2817
1648
3092
2379
807
2632
-8632
-3680
-5102
-6489
3237
3896
-7159
-8323
5287
3163
-9998
-7159
-409
6457
3757
2896
-5969
-6980
9082
-8568
-5876
5011
3232
4163
6783
-9304
-5022
-8390
-3856
-1233
-5383
8700
-8866
7952
7541
1358
-4717
-3487
-5430
-7508
9428
-5955
-5610
4716
2228
-4910
6156
1284
602
-9280
-2123
7018
-3767
6252
-3592
-9753
7038
2008
-2094
-6950
-1445
-9783
673
-9890
-3537
-6967
-3233
-5580
-9275
-2147
-7374
9300
-4788
909
-478
-8144
-6535
-1487
4995
-7282
-5494
1872
1988
6969
-8191
-5453
-9047
4820
-7224
-3687
-7795
176
-2702
4622
8264
-4660
-6485
484
-6040
-1435
8202
9140
8679
5809
-1305
7522
5506
-9768
-7780
-6822
-3158
-6844
8505
-1137
-2147
-4829
-6150
-4949
4228
-8787
112
-5742
-2556
3696
-53
6804
-3168
6246
182
-1252
5600
-5717
-7729
1558
-1508
1385
-1879
-6983
-4572
-8829
1616
-8518
1174
704
-6021
7417
-9326
391
-4972
-2654
1312
-1165
8149
9017
-4599
-9077
4657
-4209
-3883
2234
6705
-6200
6853
-5190
-5388
9543
2224
-1386
-9698
-3535
-5513
775
-1548
3353
3947
9038
-5033
-7632
-8120
-426
93
7344
-2738
-3920
-3117
5096
-9521
-8549
-6649
-9903
-1986
8254
-4255
-4134
2821
-2140
5294
4409
7510
-5511
-1644
5305
-3226
-559
-6542
-4836
1619
-3437
-179
2635
-5274
1376
6847
8671
-7321
7190
7904
5179
-2015
-7449
-1449
2781
7774
-5190
-7655
-127
8316
4719
-9876
-6781
9420
5568
-701
6961
-3941
-1182
3584
1768
13
1005
-9321
-1615
-1874
7773
2265
-8894
1084
-6158
-1225
7864
6069
-9742
-1464
5929
1565
-5241
1317
8175
-4083
-4380
-7778
-9573
9179
-1858
3334
4678
-5863
-9896
6255
-4825
-3475
8010
8445
-2478
8613
-2581
1781
-9860
-2579
-6975
7899
-8848
5869
3286
-3031
415
4053
-6904
5685
3789
3723
7178
5664
2357
4934
1684
7704
5283
1068
-6550
6264
-8001
-1284
6448
-7401
-663
5727
3996
6152
5983
3164
8505
-540
3249
9311
8791
4340
-1451
-9186
2398
7118
-8056
3878
-7152
441
4399
-6312
4953
-316
-484
-6609
-4257
919
4877
1332
6125
7927
4949
9547
8729
8960
2415
1768
1881
1090
6638
8484
7876
-9035
-1539
473
-45
5021
-8512
-104
-544
3092
-3983
1404
-8302
-7630
-3381
4446
-8937
4635
6059
-1482
-7356
-4712
430
3423
2747
-8167
6490
5793
9454
8489
3754
-9674
-8648
-9274
5443
3693
4934
-3740
8811
150
-4070
-2099
-8850
-2031
-3301
-7163
-6160
1187
-6631
9938
8160
-1441
-3340
-2412
-9089
6834
9700
-9210
-3256
-3506
-1906
2802
-5681
8126
307
3828
-3350
3288
-456
521
7851
-3658
933
9087
9203
-3039
-1470
-4551
8076
-8975
2186
-2806
-8914
-8700
-2435
-6972
-5725
5064
-1063
-7633
-7140
-5819
-8800
-361
-5964
-1611
-9605
2795
8442
782
-8833
8242
4562
6098
9942
8716
8967
-7886
1489
5978
-129
8809
5018
3977
7179
6824
7182
-2348
4418
7561
-8610
954
4241
1820
-6011
-4765
6589
-4776
-4536
5086
-7145
-3396
-7085
383
-6040
-3619
-7308
-6460
3389
6513
-3348
-118
-951
-2050
-595
-8382
4897
-8090
-867
4268
-8350
4591
2595
4031
4993
6706
9123
-3192
6181
-4491
8415
-9805
972
2886
4775
6451
-1976
-7187
5464
-6721
229
2486
2150
7119
-6794
5510
3335
7940
5711
1845
4258
4885
9189
2498
-7287
2331
-3527
-1974
1059
-8596
-9638
-3157
4018
-7875
-1719
7545
5170
4458
5750
6482
-4448
-4309
329
-9560
1186
-5533
9461
9921
-9904
9623
8905
9703
4437
3116
9375
-5316
-9959
-6287
9422
-6550
-8996
7434
3633
-3426
-9711
-4594
-7804
7646
-6023
9893
-9225
-7222
-8208
-5261
-4957
-6906
-5345
-8472
2809
9540
829
-9919
7267
9573
4184
-3628
5880
6162
1314
-694
3110
4849
-9125
-684
5634
1403
5715
-6341
-8791
-8706
-2567
-6915
-3759
9620
8813
-8796
200
5352
789
-8466
7603
-3388
-3980
739
7204
-6045
-1424
1414
8176
9211
-7302
4564
5070
-6580
3100
3255
-7000
7878
1815
-6470
-2299
-4481
9433
9415
8322
-4123
8081
-6584
-8845
2199
-6433
-1588
3540
9325
3636
-2114
-9727
-1547
-4635
-7211
3881
6234
6160
-6611
-4439
-4650
8817
-777
-1604
-9800
-3218
9261
2058
-2426
2614
-8091
-7834
3143
-1930
5763
8445
466
-7094
-363
-9852
-7004
5206
3324
3578
5115
990
-5853
5367
-4234
-6799
-8834
5549
-1149
-7505
-6660
-4765
5200
-979
-3237
-1313
8796
6887
5299
3456
-9583
-7006
-3283
-8157
-4589
-8192
5403
3847
-9933
9505
-7925
-781
-6094
3526
-6689
-6143
4910
-8070
-5680
2123
-8356
974
-1128
8902
2632
-2538
-6743
-9842
8097
-4812
6826
-7060
4319
1184
-4888
2781
-8660
6961
7638
-8969
9497
-8275
-8613
7866
1739
-9886
4654
-2102
8937
-9580
3523
-5373
-9219
3041
16
3175
2146
1573
864
6442
1825
-1277
5253
-5287
-8637
-4645
2474
-3561
-4617
-7097
7569
-2061
3610
474
-2439
-2367
-1147
-7221
7039
-7019
4521
1819
-6578
1889
3054
-2695
3610
-7497
115
6748
-7366
2240
7175
1860
6827
-6919
9778
2630
-5292
-1706
6732
-8391
-8715
9684
-5274
2574
-3586
9283
9560
1927
7352
2471
7698
-2969
4385
-9749
-9536
-9171
-2255
7015
4614
7506
-1463
6266
-2667
-2003
-6232
4648
2155
-1768
-877
1393
-1361
7904
-2250
-7625
-2483
-3946
6337
6957
-8858
-8153
-2286
-3108
6067
-5627
-8411
-7165
-4156
-2034
-7562
138
-6305
-4331
644
-4929
-8484
-3544
1861
3013
8815
9146
-8467
5161
-7823
-5695
-3862
-30
8287
3151
-4341
9463
544
-2408
240
-8954
-4219
9534
-1621
282
5555
-2560
-3547
-3353
8607
-2284
-5197
-7042
1343
3855
4948
6738
6219
1114
6834
7305
-7111
9821
9194
9660
-9891
8634
-8657
7855
-7630
3185
-8480
199
8828
-7787
-8409
-9493
6272
-6378
-1395
-4307
8799
-9207
-6204
2776
6009
9413
-2800
-9090
1281
9494
407
-4872
3939
7345
-3304
5440
-3427
-5964
6801
-4439
4260
1503
3496
3092
2897
-9190
-6739
8343
288
4594
-1295
-9869
3313
-3188
-6706
-2268
-2147
-914
3376
-7889
6350
2924
-8723
-8054
-1439
2908
-6707
5012
9750
-8991
5222
-5121
9352
683
-3742
-8376
131
-5572
144
-2608
-704
4893
9527
8738
7861
5073
935
-8604
8742
7892
3864
-2921
-6940
4805
6083
-3554
-3865
5783
-237
5648
-9048
-3603
3472
2650
7902
1273
-6530
-2388
7842
-2380
-5577
-8855
7181
3617
2194
2626
9109
4970
6341
-7457
-5659
3548
5714
6419
4412
7385
-1590
-7477
-9956
-7577
-4129
-351
2971
5848
-2446
9607
5574
-3796
7789
3341
2812
7541
-5135
6151
-5874
1239
4404
-1751
-1619
-8370
-6171
9507
-1264
-3974
-5473
-5803
-3321
-5052
-8640
-8932
-9548
-4780
-8297
2534
1054
2785
5105
-659
9139
-8581
2278
3035
5969
-5429
5974
-137
6723
7895
2446
-6944
-4731
-6449
-7181
7123
8465
-5736
-7402
-3080
9893
1134
-4003
2579
1679
4018
8683
8886
-9073
233
9655
-2287
-8667
5994
-7120
-7642
-4130
1195
8358
6961
-669
-1511
5975
1283
7832
-2337
6601
4398
-9837
-5924
4100
5836
-7810
-2280
8886
8315
-7570
-2934
9401
4280
6116
9820
-7394
-2531
-1567
-8707
-1359
-3007
-4364
3503
8417
6045
-9186
-8041
7209
2270
7668
5389
5826
-4205
4747
8766
1269
6630
3988
-4067
-366
9623
-4456
-5155
-8282
-4714
627
8845
-8244
7147
-8051
7404
-8898
-872
1524
4774
706
-4418
-3146
532
-3265
-8773
-6951
2927
6487
-8232
-7177
-2962
-1242
8501
8736
-1802
6007
-1369
4640
-1827
548
4621
-6413
6350
3527
-198
6314
-5950
-1619
-7578
-8472
3604
-9682
-213
-3691
9402
5488
8752
-5695
-5629
-696
4379
3768
4173
5918
-4820
-7145
-7983
3295
-1872
-9731
-6223
9710
-9041
9593
4413
4767
-8689
4576
-7525
4900
-4777
7757
-6657
6718
9450
-8384
-916
1997
148
2651
3002
2538
2010
-1322
221
-1127
-5689
-2357
-8301
-9445
-9526
-8352
-4363
6642
4669
-9706
6846
473
3815
9549
-1633
-1444
9682
-8924
-8638
2990
41
-6054
3222
-225
-3332
-7987
-6108
-3757
5530
-1318
2276
7680
-5227
-6155
-4908
1457
-1929
4282
-5915
-5584
3073
-2096
9497
6324
-7447
4949
3953
-8802
-2286
-7835
-1450
2667
3350
-7655
5573
8872
-1815
8781
9715
1510
6597
4064
1335
5902
-2527
6655
-5586
-408
-304
-9890
7600
-3715
-8146
2557
-5108
2140
3930
7761
-5418
3441
-1068
6969
3163
-4891
-3071
133
-3569
-8039
-3734
-8571
-6156
635
-5611
-32
9641
-4349
6009
-467
8895
-1484
1882
-7609
8506
-70
-3298
-5940
-1491
-349
5246
-3966
6971
-1259
6018
4799
4933
-463
5373
-1005
483
6439
1200
48
9493
2375
2911
2796
347
1924
692
2563
986
-4391
702
-9753
-5255
476
5223
2050
-8925
-2331
-8866
6017
-4400
9727
-9072
2197
4245
7961
-3338
2706
1083
-2965
-5075
7854
-2393
-810
-3437
4813
-5133
-4994
-3494
4923
9080
-9200
-8584
9053
-5233
-6416
-7276
-5682
-8315
5258
8147
1416
1617
-4401
-7155
-9857
6341
5152
6385
-2397
2675
-709
1899
-9280
2276
4423
-1166
-4303
-3797
-3468
1911
-5563
-8043
-5714
-9375
-3606
-5322
959
-7378
9
-4564
-936
-460
-6473
-2810
272
-8551
-2541
3304
-5589
-1625
-5978
-7624
-508
3972
1110
4100
6633
-5525
8762
3844
-411
-5279
3454
9915
-343
3528
6132
-8169
1460
-48
-7919
-2666
-5009
4642
3914
-8915
-6333
-8672
-1342
-1452
-7945
1661
-2100
-1339
6311
80
-9784
-1392
-8630
1547
5351
-3593
-6428
849
-716
-8110
-3690
-8821
4471
4960
4477
-8505
-8677
-9792
-6925
-8108
-2937
3567
-2533
4194
-5929
8722
738
-5782
-7269
2891
3216
-2430
1401
4822
7562
-5122
1887
5655
-2749
6168
9421
-4770
3947
6055
-4567
-9505
6518
-8393
-3444
-6724
-6478
-4641
-6698
1615
7508
7697
-2731
-8557
3982
7206
745
-3054
591
6150
2610
-3440
-3616
-1774
3469
-9742
-4688
2071
-2463
-483
-7580
-1762
-7753
-5917
-5362
7738
7651
-7903
-8943
9919
7901
-3183
3981
5640
9150
-8021
7971
-8754
-9468
8669
-7275
-8621
-9264
7652
-4256
8194
-6800
-4371
-8943
-4003
-4566
183
110
-9231
5469
-8311
-5151
6274
-7855
7620
6273
-6808
-2105
6046
-7889
1247
-7235
-1607
-2766
3781
-7049
-2154
-3720
4151
-6406
9324
-4404
909
4089
7595
1716
-1360
5533
6557
5213
7707
7341
-8893
-1984
-8952
-9637
-446
5414
1671
5498
2763
-52
-4688
5343
-1356
869
-6653
-1327
-8305
-9721
2983
-5923
7570
-7605
-3296
5818
2916
-8094
425
-2241
-5675
4039
-592
6906
-3826
-9705
-5104
5083
6615
2795
-3465
-9788
-7671
1928
-3470
-6485
-6336
7788
9326
-948
-435
3242
4102
4012
-174
8185
6332
-7785
-4809
-9077
6536
-4417
-7665
5944
2155
-6089
-3828
5398
489
7546
1842
-1062
-3197
1292
3943
4192
1419
-8333
-8152
-8973
-485
-4048
9547
223
-4910
4895
-542
-4638
-3250
-4790
7627
-1896
1891
-4530
-4580
-4563
8713
-2770
949
9039
7647
-7557
-3973
2885
8532
3968
-5552
-458
3228
-1923
-2514
8985
-8532
9885
2574
-8724
-5979
-7440
897
9947
8521
1507
-3545
5662
-9797
8371
4581
-2988
-712
9204
-4767
-4359
2584
-4530
-2113
-8454
2989
8246
-9283
-236
688
-1696
-289
2962
-4100
3300
5540
1030
-9889
-8013
3156
5708
1243
8227
-446
9900
7992
1505
3699
-639
-1682
8809
-6090
4202
5815
7292
899
4452
-6499
-577
4539
363
5938
-1856
8761
-4585
3888
-1503
1554
5324
8682
-1220
-4143
9389
-2240
7585
1536
-4051
-746
3718
4527
-4726
4105
-2048
-6956
4855
2016
806
-6385
4827
-257
-4201
4172
4171
7604
4995
-5859
-4215
-8768
-6397
-6818
-8579
-1345
-5720
-329
3774
5865
-7375
7751
-473
-2884
3244
1058
6638
7015
4774
4605
9975
978
7528
-7963
-7676
-6430
-9258
4707
3527
3314
5344
-1740
4241
-4475
8419
-6347
-1787
8596
-5952
-7177
6810
5922
4343
5389
9054
-212
-2984
7365
-2070
-5879
-9520
3436
3368
8209
110
7891
-3527
-6651
-2172
-8064
7406
-4964
3166
6951
-7872
-508
5569
-957
8914
-8911
-5224
-9571
6776
6488
5958
9365
-8248
58
-1178
-8227
9297
-6485
8666
322
8199
4681
2262
-6099
-7747
-9892
7709
3328
-4675
1806
5659
8137
-6295
-6954
2152
-5346
-1130
-6239
6814
-7274
2180
4080
2437
-1579
-1969
4705
-4537
8604
1563
-5080
7428
1510
1551
-3847
-9541
-596
-3721
2217
-3249
-1833
1316
-2684
6926
-9578
-6358
6333
7782
3570
-1024
-1578
-731
-7927
-7478
1414
-9246
7859
936
6192
-209
9964
-2768
6430
-9930
-9661
8747
-8994
6655
-1447
-2013
5176
7994
-4785
2902
280
-1613
957
7997
8712
-3133
7860
-1868
-9766
-1353
-6779
5277
-2677
134
4268
1264
-6637
1726
-8788
4608
4150
2010
-8484
1328
-8710
8918
-6150
3815
-3374
6616
3268
9119
-5184
5703
-1301
3839
-1594
-3969
7278
8919
3643
-7022
5581
-8660
-5346
2516
-1670
5678
-5978
1794
-3232
5463
-6697
5159
-8919
3867
3730
-5723
-9220
2129
-919
-1177
5536
-2303
-1968
-2650
6353
-7574
-2895
3891
-275
-4100
5470
8270
-2250
3073
6790
-2720
-905
8675
6621
-3218
9609
-3211
6201
-3792
5792
-8831
1033
4551
-7292
7840
3547
-3818
3782
-7994
1879
-5144
-683
3117
1908
-9443
-3810
-1107
-5133
-2941
-8664
-5906
-5853
7886
8991
3310
-6530
-8408
-4895
-3707
-1672
-7837
4281
-6974
-4564
5337
-7896
-4456
2083
7748
3931
437
55
-6474
1326
-6772
-5686
7080
7073
6146
9932
8244
1328
806
9769
491
3335
3559
6543
-7343
6391
6990
443
6110
2298
5200
4697
3541
7208
8126
-120
-1261
-3928
3229
2656
6814
8665
-1185
-2546
1769
-8257
5288
-7322
-5765
4017
-6536
-321
-9211
-3766
-8892
880
-5127
-9688
2503
-7931
-6423
5797
6042
-8728
8573
1411
1391
1345
-7640
-4234
812
840
-9720
8077
-9954
4444
4387
5370
-2243
-6832
-8045
5315
1679
-4793
861
8599
3446
-1010
6872
-9441
6835
-1568
-9756
-4813
6882
9540
7710
1423
2660
9994
5922
-9110
-1375
2334
5488
3102
6356
-4931
-7909
5843
-4800
-3528
6779
5908
-3945
6099
6383
7172
7643
9526
6160
8063
-2371
2591
-5336
-1936
-8976
5674
1123
6052
-4398
9598
-4343
1882
-5096
8726
-2103
2228
6177
6910
4640
-8503
6450
-9786
-5700
4977
8707
613
7055
-9021
1426
7593
5382
7143
-2558
-9104
-6349
5188
-8792
-869
-214
5423
-5016
-2780
-7856
-7033
-9179
9960
9981
9406
-1066
-8230
-8271
3864
-8989
390
8342
3656
9340
-6960
-4425
9215
9254
-1281
-2133
-4646
1768
-9832
6803
5631
628
-5169
8000
3687
-1789
2119
799
7205
-367
-6558
3223
6874
6346
9722
413
-6203
-2246
-301
-5999
-6683
-9886
-6528
3451
-7571
5506
-2696
4774
-7045
-9813
9553
-9672
7334
-8436
-6925
-3197
451
2753
-4700
-8982
589
1150
-284
4375
4443
9932
-6772
-2330
-3025
1247
-2601
-7365
-6810
-384
3371
-8116
2402
-3857
-7138
-7404
1469
-1367
-6197
3431
-6101
3596
-5
-1354
-656
8629
5459
-8564
6933
-1412
1340
-1148
-5367
5021
8428
-6258
2638
4250
9398
4659
5297
5466
974
3628
4937
5536
49
5962
-7805
1012
4236
4893
-8275
-7568
6345
4885
-577
1334
5732
5386
-175
8544
9431
5493
229
-710
4757
6360
1812
-1865
-2894
-7177
-6477
4520
-6803
1447
-9321
-8609
3960
9557
-9400
196
4632
5905
-3523
-7032
9947
5537
7024
1671
-9632
9677
-1780
-4241
458
9974
144
-2120
-2015
-329
-1889
-1138
-6318
6577
-3794
-6137
-4890
1447
-8070
9134
-2718
-2402
-5521
9187
3252
-4087
-5164
-649
-9156
8011
-8290
-3483
-7920
8649
688
1521
4236
7550
4754
-8004
-8249
5903
6728
6702
9657
6835
7621
-767
-1418
5813
5237
-8286
-1981
-3414
-3426
-5883
-9027
-89
-3180
-6764
-9126
-2307
2357
-5231
-774
-8326
1041
7710
-731
-1
1587
5055
-1840
-8536
-9387
-6173
587
7257
3743
-5716
5303
8971
5023
-4846
7175
-2291
-4564
-9184
1011
6914
2763
9240
6882
4947
5847
9038
5829
6446
-6540
-689
-9473
5365
3172
7317
-7155
-8112
-1367
5953
9223
-5069
3458
-2662
7226
7043
6128
-8744
7456
3894
-7120
2804
-103
-879
9069
8832
4546
9302
4882
398
3468
-7553
-2460
7653
-1019
-8005
-4717
-8558
6081
5924
2544
-3848
1348
8331
2748
7898
5737
908
-5108
-3289
-2504
2785
9584
2427
2482
-5675
-4920
7688
-1029
-9535
2835
2727
-5972
-5153
8120
9837
-7840
-2215
9312
-8381
8374
-4819
1949
6939
-9221
7063
4876
5645
921
2824
2398
-7541
2059
3203
3936
-8769
2815
962
1422
-6242
-7452
2613
91
-9969
-3717
-2873
-7909
2904
3306
-3089
-526
-4289
-1905
7809
3125
-5095
-9159
-4726
-5235
2632
3445
-9408
2155
-986
-1792
-6720
-6460
-4712
-1645
7867
-9723
3300
-7041
-8995
5030
445
-4048
-6792
-265
-6479
-275
5385
-7638
-9746
503
4673
-1098
-8770
-2201
3394
7778
-9548
-8724
7099
7274
-8421
6062
-3307
-5927
658
-1082
-6043
-2794
9501
-8885
-223
2071
-6352
5513
-8469
5765
-3631
404
-3357
-8393
-6353
-5317
5876
3188
-7773
-7380
-3334
-3691
-4979
-2446
9042
2473
-8773
-2652
-5165
-526
-7233
-6482
6209
2414
9993
-5925
-1697
4768
-7301
-2119
-9771
-8670
2479
1175
3343
810
1374
-7720
-8464
4632
-8374
9527
-5741
5639
3683
5590
7194
1868
9127
-5087
-3438
-5138
-7985
-6242
-2233
5001
-7730
3741
6884
-7242
-3109
8512
-3542
2647
4583
8079
6759
-3599
-7441
-82
-4887
723
769
4380
-6269
3218
8994
5927
2878
-4585
7817
1044
-4244
-4411
6347
-5833
-1589
-7163
-2982
-9484
-8666
4889
-5187
4791
1720
-7204
3298
5725
-7546
3994
-8370
4888
-9118
-3656
-9103
7736
7524
-1527
2655
1441
4610
3084
-7863
-2068
5319
870
-4240
-161
-9078
-6416
-6072
-7098
-8617
-1865
-7481
-2018
5427
2940
-584
-1447
-4636
-4623
7745
6473
6076
8199
125
2304
-9249
-2416
1629
3643
6120
-4557
-8788
-5914
-8897
4792
5967
5016
-1932
606
-1056
-8614
5029
3662
-2270
-9887
5804
-6611
-5748
5644
-7825
8367
-9506
9307
-7120
9769
2452
3383
-9620
2710
-9842
-1679
-4650
4010
7791
-1345
6951
-959
-5027
-2221
7707
9445
-939
-4120
3473
-4184
-8797
-7329
-9531
2545
9482
-5490
-2292
3027
3306
5370
1119
9654
-9909
-3007
-5190
-8846
-1254
-4586
-5027
2778
1396
-2164
1681
-581
3982
134
3806
7467
-6394
598
4721
-3676
4370
2793
2345
9736
-405
6565
3934
-6112
4618
9930
-394
-9924
-7519
9192
-1358
-9605
-3518
7923
-9243
-6256
9259
8857
-6951
879
-9164
-4941
5572
-1120
7186
-3165
-5538
-2044
-9650
9416
-3295
-2562
-4905
-1805
-7516
3953
8246
8629
9782
9363
-98
-7966
3817
-4642
-8570
-8383
9326
-4158
-3591
-6416
6311
7452
5696
6155
-5250
-2411
-3906
-8407
6684
-1608
55
-632
7352
3866
-1071
4543
196
-5795
5268
9046
5283
8592
2190
-6890
-7848
1118
2201
8890
-6296
5207
343
8852
-6989
5430
-8550
5516
-1693
-7793
-4114
9261
-696
-6145
6136
7166
-7316
9960
-432
8645
8543
-6675
3302
-6507
7796
4646
7547
1887
5835
5783
2449
2001
8726
-3212
-1638
-355
1425
-5454
-2922
-1463
-5235
-3682
-874
3569
3126
-8439
6113
-9034
-7301
9969
4579
4296
-2583
1220
-5358
-7114
4668
-9532
-7956
6490
-5855
4230
-1382
-7038
-6522
7513
-4696
-6069
7848
6366
-1094
-4362
6729
7808
1252
8108
-5039
1101
6299
-6808
8362
1793
-1868
-5780
-6684
-1519
121
-2409
-2728
-9509
5316
-4224
-2781
6273
-3226
5607
-4286
3006
-368
1610
-9184
7323
1843
1551
-978
4278
-9765
-6446
374
2508
-20
8636
-12
6963
-5735
-6774
-2444
2138
-379
2041
7492
9503
7855
-107
9401
-8816
2794
6315
-8940
1749
-4688
7040
4292
3746
-4765
-2534
8195
-1405
239
-8074
4204
9078
-3376
9513
-8538
5796
7712
-81
5863
4394
2712
327
-8177
-1905
6411
9598
8913
428
-9688
-258
-8265
1901
-377
-3359
8757
-327
8957
0
-9104
-4335
2070
-4292
-6075
4987
2878
-7133
-6209
2358
-7634
187
9569
1913
-5656
-283
5959
6805
1003
4362
-6425
4491
-7888
-1299
-9839
-3839
850
-4848
7427
4172
-198
-3888
-9126
-5632
-6105
8374
2461
1254
9871
-2594
-4602
-6382
3516
2870
-4816
-7739
3280
-9171
7148
154
-4058
-2123
3406
-4559
-742
-3559
5594
9980
-9187
3906
6074
6922
-4954
-3287
-7690
727
-5104
1091
-3413
-4766
5053
9292
394
7741
584
-311
-2611
8577
8452
4330
7344
-5942
-8358
-8772
8641
3928
-8154
-9030
1631
7413
-6968
2984
1951
-3252
3861
8390
6608
6801
763
7239
1290
-4935
585
1268
-9652
169
-7136
596
-9166
-4870
-5450
-1090
3566
7787
3799
1151
-4367
449
-4581
-812
-6009
-4659
6810
-4257
874
7006
9749
4003
8384
4275
5398
-1130
-1253
6398
-6136
9669
7928
4476
-3981
-2892
836
5886
4687
-9587
7992
-3900
405
-6902
-9694
-5090
4383
6798
-1356
8060
-7145
-2967
-6623
-7238
-8480
360
-3901
-9064
-6004
6431
-9461
7541
4849
9859
5300
-7114
6361
-3837
-2590
-7207
8732
-6332
1802
-4556
-6666
-2965
6145
-8157
-6262
-6329
-6161
8617
-8551
39
3924
-8709
4178
4176
2007
7659
7349
5480
-4948
1112
-9711
-5372
-7290
5526
-5790
-1937
-3222
-152
-9910
3593
-6241
4455
-7487
-750
6760
4578
-9933
-2741
-613
7548
-1894
-2023
-1151
9686
-5298
9856
365
2027
-6401
-1937
-9226
-9477
-2251
-8872
9897
1130
-2617
-1828
7512
-971
-1395
3287
-338
8621
5232
459
-650
-8536
5712
-6179
-1481
4087
2162
6536
-221
4220
-7133
-5896
1567
-3967
-3410
-1556
-4812
-4943
7178
-924
-4391
-3161
-1043
2689
-2711
-1532
-3740
-4787
-7402
4768
-5229
-1517
9335
1883
4602
722
9435
7546
2980
8741
1203
-6425
-6137
2392
7113
617
3741
2734
4461
7040
5920
-6133
-3335
-7243
-3170
-6676
-7027
6461
2583
9180
2370
3814
-1109
-296
6344
5228
-6787
-4601
2508
8582
5414
3559
-9043
7009
-7086
-1872
-8888
7049
9724
-6626
2932
-8622
4908
-7917
-6895
-2254
-2583
8251
-9932
-9526
-4386
-9868
4189
-2013
-1156
2970
6947
7115
-9485
6198
1245
-4844
-7781
-7160
-9535
-7721
-3840
-2411
5570
-4286
363
-3670
9504
4319
-8013
5922
-4903
2553
1905
1000
3223
-5241
-6607
-2110
9329
63
7751
5054
8224
-3736
1885
8667
-719
5184
90
-7206
-2518
8020
-4754
9598
3564
4463
3383
9227
9542
4620
-6340
863
5331
-9301
6398
1293
87
6991
1423
962
-7406
5117
676
-9574
4333
-2773
8983
4187
-9775
-3677
4319
5401
7988
-9242
1593
-4727
3207
-1565
6149
8709
-1429
1799
3020
-6011
6250
2761
-288
2095
-9231
6983
1112
-9242
-2734
-1440
-5417
-2687
3626
-9098
-1313
-4120
8198
-9955
5840
-9058
-3456
-6533
9364
7525
-3076
-5981
-6799
-87
-9495
7090
-9822
-3843
3789
-5589
-5835
2766
310
-903
3103
3373
-3382
1206
8006
-8778
4934
-546
3996
-5672
1710
4538
2534
6495
-4652
4315
-5187
-2524
7757
-9800
-5033
-9361
5203
-4165
8789
-9422
-6533
-5470
7563
-4876
-6169
5453
4989
8141
1821
-3275
8663
-5508
6366
-4846
-2819
-9372
-2395
4806
-7774
-494
2395
566
-2624
2058
-4614
-5505
2235
2010
-4511
3375
-4475
3548
5882
2307
-7780
8221
5383
-6717
-3983
5843
7562
7785
-9035
409
9382
5095
-1000
-517
143
-2421
7521
-1784
7672
-5882
-3884
4004
-2221
6060
-8834
2719
-4865
9908
7650
-7416
3494
7284
1028
1747
2314
-9394
2937
2135
-1191
3224
-6163
-2806
6771
1482
1190
-3464
-3375
3441
-4597
-7847
941
-7099
6919
8459
2080
2527
-7892
469
4392
8033
3753
-9669
574
-7775
3128
4648
-2090
-6143
206
6305
-4825
-5106
180
539
-7288
5173
-3911
503
9650
-7542
-7252
8269
4493
3814
-5381
-2913
6560
7605
1485
-4557
-8995
8640
-8431
-4407
-2885
3702
-5272
8988
2693
2033
-4928
-3744
5108
5714
-6325
755
1477
-7516
7580
3187
-2363
8550
-3573
-5964
5910
2120
-5559
-2059
1166
8069
-1612
-5446
3617
3350
6729
-1007
1356
-4994
-1878
-9341
-496
-9740
3209
1941
-8677
-6300
9891
-8825
-5147
3786
-3097
-6128
-9048
-1114
-4077
5741
8798
4404
5391
-3470
6814
5252
-5300
-1660
-4452
6186
-1113
-1153
-9707
7193
3660
3144
480
-9294
5143
-2228
-8650
8100
-6267
-7219
-6500
-9155
-3867
1158
7820
-9328
1685
7057
-7476
-5916
-9800
8232
-3676
-7728
-6132
9723
1292
6490
282
-6182
1184
-8591
-5148
-7313
763
-3131
3167
5663
9665
1546
-8917
5068
-5730
4448
1630
4434
8462
3064
-1879
3204
4554
7398
-8392
5602
2190
3422
7391
-9826
-6011
-4933
909
7197
1718
-4868
-2662
-373
4581
-8473
8315
-8595
-7859
222
448
3121
-4784
-3344
-1095
8273
-3483
-2904
4619
-5465
4084
1187
-9075
-6304
2777
4588
1402
-7215
-5212
1248
-5485
-9667
2380
7288
4513
6146
2009
-9948
4932
-1705
-9263
160
-9084
4514
8427
-1480
-6687
-749
8944
-1286
9808
999
-260
2401
4789
-9771
7869
-7387
5880
8421
7425
-3311
-1321
-3401
-1975
3402
-9413
-9291
106
2987
-688
3528
-918
-7164
-8004
-4514
4257
4559
2544
-2145
356
4845
2752
1901
-897
7769
1950
3225
7247
9696
-5588
-4265
-6422
4080
-6154
-6992
8685
-8370
-8129
5915
7081
2667
-1497
-6238
2984
-9215
-3984
-8932
4641
-7955
2752
-4071
-6266
-7734
-188
5320
3821
-3754
-6843
-5359
-4577
9104
-2469
-5624
-6308
-8280
-7327
8237
-8847
-3390
5210
252
8150
3177
4526
6858
2606
8763
-8639
-8380
-1112
7879
-8549
9926
-1918
1068
-3339
5303
9826
-168
2063
-5537
-7910
984
-7393
7075
9747
6649
-6037
-8724
3401
-7724
-4196
-2594
6655
1630
-2268
-1157
6458
-8941
-4537
-3148
-3437
-5859
7212
-2829
-5525
1103
-7645
1584
-8315
-2806
3880
9210
-6941
-2475
-5722
2072
7933
2446
-2678
-2936
-8357
-7343
625
179
8492
9073
8592
654
-1955
6548
7506
-8632
3426
-6797
-3398
3166
-1197
7582
-6231
-195
3739
1135
7074
-2185
92
-2485
-9875
-3655
5315
-4395
524
-154
5996
-2312
5111
-8323
-7761
-1500
2461
2154
380
-6440
-4131
8703
-3340
-2339
8626
9242
8962
4522
5747
-9919
-2612
-722
7791
5440
2419
6591
8518
661
7789
2791
-1376
7937
