650
4748
6121
-1075
-4222
4007
2636
-3788
2636
2448
3027
-2759
-1160
-661
6080
2381
5945
8829
3197
4177
9703
8517
6035
-6165
8256
9477
3536
4634
-9444
3558
-3464
9519
7379
7793
-6839
-8987
9444
8966
-8200
2217
3966
3389
-5812
-2188
1505
6936
8640
-3070
8902
3669
-3871
-1972
1254
5805
874
-9122
3547
6128
-1036
-2579
-3869
-9325
7807
9525
1092
-7690
5942
-1429
-7429
6032
22
-9804
8955
2970
1466
-7873
909
-4627
3624
325
-7857
2078
-838
-5239
9667
-8239
7322
3453
5135
1234
-3343
4933
5051
-4224
4136
-2082
-5641
8735
3616
-1299
6714
458
4005
-9518
413
-4484
4692
1026
6460
2875
-9852
-4026
6346
1193
5177
-9925
-3077
-7417
-9807
-4856
1695
488
8995
-8547
3120
-6741
-2649
3902
7244
-2023
-3848
6856
7656
3338
3722
1428
-4373
8707
-5461
7923
-7197
3295
1993
2659
5403
8499
-5055
7637
-6450
3870
-9312
-3817
-1170
3176
6728
-5826
2309
6264
-3609
18
-1223
2859
-7063
-3836
7924
-9068
4263
-571
7535
-1648
-5419
-6768
-1127
-8733
7036
-9810
-4001
-603
7609
3161
7256
-4863
6768
7859
2270
591
-206
7407
-7607
5176
6786
107
2007
-8721
9031
9082
2616
-1429
-4674
-3185
-3951
-1827
-4819
7509
-9265
2657
-7052
-1522
4884
-4436
-5186
-9859
5169
-6156
-576
6682
-5298
1196
-1633
-4367
3070
3277
-5863
9822
-1603
-8709
1959
4960
-5001
3949
6196
6661
-7382
16
689
8179
-7037
-6854
-9455
8288
2792
-2992
6456
3847
-9266
6523
-6224
-9613
8711
648
-4833
2298
3816
-6274
-7808
-2696
-2202
8041
6039
-2668
-7594
-3292
-587
-388
-1940
-4951
3936
9971
-1834
5727
9008
1408
-3639
7805
3184
-9464
-8183
-724
-5337
-5221
-3854
-6216
-8263
4525
-4089
4615
-5340
87
4553
-1959
1146
-7570
-1239
4001
9233
118
-9994
-3980
-8205
-3844
1650
-5496
3539
2166
-6047
6705
-6859
6931
120
1318
7020
4570
-1411
-56
-8852
-3600
9826
-1747
5371
6094
-4706
5523
-4766
4371
-2085
5525
8928
7773
-6094
2923
2058
-5443
-6077
-9228
-1730
7332
3997
1046
-4341
-9573
213
-6532
758
5855
-7237
2926
7495
-7046
-1143
9773
-6349
5524
-5584
2434
-1286
-5010
535
9578
-6445
-1859
5924
-205
2854
1446
-6499
4953
-4698
599
6594
6095
-5235
-4162
2759
5243
2917
4385
-1878
-408
-5955
-3056
-1215
7625
4800
-2232
9824
-6422
6692
569
3059
8992
-3590
-4560
2082
-5166
9468
9541
8351
8011
2310
3591
-2135
2949
6604
9821
-5310
2962
-7271
-3309
5216
8721
-6627
7120
-3521
5550
-6361
-2742
-1703
3897
3467
2228
8373
-2963
7386
-870
6262
4847
5804
3366
-623
-538
-9345
-6676
-4869
-7756
-3546
6888
1812
-8459
-4577
-4230
4614
-5249
2347
7223
3154
-2693
6647
-6657
-4447
-6862
5868
-701
3217
-7392
-6521
6674
-6370
6225
-2305
-7982
7127
-7032
2646
-1272
3448
-1841
2146
9181
-2055
-9589
7770
-8475
3091
7961
9736
-8994
-6928
-420
4596
-5543
-9451
4198
2065
-8740
-7382
-5697
-2808
-8042
-6334
-8111
8212
9929
4177
3775
-8028
6646
-7538
-9139
-9062
5536
-4281
3410
1037
-7798
-5742
-6474
-1956
1889
-2122
8693
-4756
-9507
9746
-1750
-4226
793
-1664
-3640
-2908
3031
-5338
6941
-1551
-1936
3086
-7495
-7652
-9255
-1269
8090
3822
1306
106
-860
1862
-399
6367
-6093
-4262
-5303
2620
62
3202
4605
8403
-6549
-4238
9869
949
9796
8913
-7616
-1076
9794
-6496
-8149
6653
3037
7552
-4258
9705
-5844
8151
-2653
828
-3355
869
-1399
-1881
-6254
7210
-7610
1626
9716
-4886
-4987
-5804
-3494
-7848
-1098
3193
-538
4555
-5995
-5827
-7484
4894
-2737
-2391
-1450
-19
124
6835
4119
5558
313
-5408
4740
-1764
219
2934
-4527
-4705
-7619
-9889
7818
-2083
2979
-954
8422
4637
-4902
-6274
6368
8412
7268
7985
5015
-9046
8333
-6015
7178
-7201
-4895
-593
7056
6085
9246
3264
7838
-9989
8201
-8745
6402
4003
-619
-1046
2998
9299
-2574
-2737
9269
-7896
-7808
-4933
7629
1511
-6076
212
-6220
-1705
