7160
-9332
5034
7922
-7373
9437
6328
9926
-6157
2786
3284
7900
4003
9684
2607
-721
-8732
-2396
-4559
-6981
-885
-7319
-2900
-3312
1078
7112
7387
-7954
3666
7387
-4635
-7751
6346
-2456
2369
2413
1142
8032
-1018
7667
-1735
-5860
-3504
1215
-7024
770
7642
9670
7052
-1746
-339
-4494
1729
-7090
-2117
-2395
-4087
-3102
5279
784
-5903
6335
-7391
4701
8314
-4967
3415
3349
-3108
8369
5396
-3783
-686
7504
9165
6143
3214
5076
5678
-7069
5660
-6950
4480
1774
-6879
426
-4885
-1469
-922
1972
-6064
-7756
1885
2838
-7383
7554
5673
6428
3616
-2305
9686
-9532
-9133
-8523
7121
8394
6994
4892
-6341
-5527
2743
-1194
-8604
306
7472
1653
-2120
-5661
3738
-7860
1652
9077
9776
8184
5018
-5033
7162
-2514
5210
-9410
5060
2369
-9467
2898
-978
7367
6954
8194
-6205
3485
3168
-2157
-2415
2947
-6455
7628
2048
7132
-5095
3738
-6390
3371
1398
9909
3135
-3254
-4596
-1516
-2665
-8891
-8575
1053
9976
-8756
-4379
-2564
651
-5220
-4961
2023
4383
3189
-1005
-6396
9047
6427
492
6083
4351
-1289
-8648
8205
8433
9328
3104
9736
5058
-3088
-275
9217
5455
-1211
8340
2686
1071
-1711
5997
-2372
9427
-9500
-8955
8045
5449
3482
4548
7625
-2464
-1331
29
7512
2247
-807
-8210
3095
3847
-8317
-395
5189
-2368
-4325
-1618
3193
2830
3268
-1828
-4312
9328
-7012
-8509
-697
-4248
-8957
-9112
-744
192
-2194
3283
-2255
9916
6650
65
-5224
9533
8156
-9148
-1563
9389
5009
-8314
-8499
-2510
2671
-2862
6759
2755
600
7548
1146
-2918
-714
-2630
4463
-1561
2802
8555
-4409
-5398
-200
336
9156
-2498
9804
-4443
4370
4238
-8335
2133
1649
2059
5028
4166
-2889
-4127
3146
-6257
4156
-6023
6706
-5302
-9099
-9003
-8969
-7667
-8078
5096
-445
-8452
-8087
6193
8799
-6848
-7956
-4603
5156
-6979
-5640
-8867
-9413
-6876
8779
-6805
-9439
-942
-2744
-9380
-6278
8191
3893
-62
-7644
-836
-7561
-4109
-4283
9735
1337
-5336
-9075
9364
-4747
4616
-7402
55
-5107
-2501
-3039
-9497
-3890
398
8147
-907
-1217
3161
-6212
-4586
8130
7400
8583
-5616
6165
-5486
-9051
3614
474
2301
898
-7392
-3889
-6272
-5698
-1944
395
-2135
-6398
-9523
3296
-2086
8034
-9010
-510
185
-8370
6447
4019
-9930
376
-6922
-845
5741
9457
-9978
-1719
-1902
-9299
-6993
-9470
-1368
-3829
8690
7711
1599
3157
-4806
-947
3055
-5184
-5006
2987
6942
-1358
9964
-844
-3343
-9066
-709
-6697
-4156
-6394
8891
5753
5074
4126
4498
-25
-4671
-3587
6450
-7814
3955
655
-414
7622
4135
-2574
4067
9971
5935
7925
-488
1364
7487
8092
-4356
-984
-9459
-3226
4409
-8099
319
-3003
-4651
-8923
2896
8385
7523
-8435
-2292
3142
625
1223
-8848
8552
4796
-6506
-6074
3642
-748
-390
-1504
9450
5240
-1768
2104
-2997
-7409
-2516
8055
-4330
-8402
-678
7188
3827
-8359
2346
1781
6550
-4675
444
-1712
-6221
1056
8544
1562
189
3242
-1783
4479
6838
-6178
-9496
4963
-6114
6769
5502
-3671
9590
1155
-3222
-1551
1519
3880
-2013
7388
6986
-6210
-5995
4980
6273
6475
-555
-8183
-5574
-7034
-5592
-9845
5364
-2658
-7586
-4154
-3068
-5770
-1957
-82
5878
6554
1563
2991
3441
712
-1945
-5783
9667
4723
7636
6648
-7902
2305
659
-8610
5540
-1790
2599
7051
-5670
7106
-6469
-4515
-3542
-3425
-5422
-8505
9740
-3822
-4232
2956
-7932
-6187
2388
5465
-7800
3219
-4947
3715
4661
8762
4658
-2379
1805
2032
-7495
-2323
5519
5316
8585
-5326
-4157
6115
-950
-8257
3414
6280
-6512
-3030
-1907
1101
3809
5462
7408
-1162
-6088
5545
8936
1707
3640
-6564
-2643
88
-4157
2128
-883
1029
6216
-8765
4970
-4258
5828
-6206
5700
-8048
3564
-2679
-9404
910
4398
-4376
701
-7768
2650
3672
-7420
2674
5318
-3964
-9899
-6492
9686
67
8824
6436
5089
6733
-1705
-3768
2312
-1939
-6906
-1759
-5857
-493
-9751
-2715
9132
6312
-2538
2874
1098
-109
-4813
-1128
3948
4515
519
2160
-9070
-276
-550
-9971
-5943
8717
689
-1824
-7401
-7027
251
982
4924
-6951
-2187
-516
8251
4695
-8593
-9419
503
5611
-2306
-2302
497
3851
1986
246
-60
7226
-4577
9153
-2749
1458
-566
7344
-2998
3123
3501
8893
-9917
9505
8921
8052
2949
-2207
6421
4292
9123
8526
-6346
-9442
-4002
-4225
-5410
398
-1333
-2845
7917
-4358
-329
3388
7783
-6222
-4130
-5504
-8217
1392
445
5894
1776
-4518
-5321
3535
4166
-9956
9954
3816
-6439
-1388
-9321
-1980
-5301
-6516
7857
9851
-4841
9840
-3922
-4171
-2834
1438
-1040
-2176
-4063
9457
-2973
3593
6357
6862
3801
-4035
3333
-665
8764
3840
-7011
-8140
-5905
-624
-2946
-5443
6227
-6469
-1198
8439
4759
1658
1407
7250
-9306
3347
12
1761
4756
-3602
-9119
6722
-1178
-5550
1178
-3055
6369
1542
2194
7200
7337
-6749
8111
3904
4262
2222
3460
-8872
-941
-8107
-6883
-2623
-2148
-5314
-8267
-4799
1002
-1988
-7816
5883
1767
6839
4087
-6003
-9949
1446
-5671
-4410
-3642
-2969
135
4142
1039
-6722
8047
5542
6547
-1295
-2219
3391
-6038
9263
20
-2471
2824
-388
4612
-5197
3758
6624
-566
3430
-4728
-1360
1913
-823
-5575
-2317
-9669
-6533
-9772
7772
-4266
7155
8965
-1696
-7184
-6684
-5172
-301
-43
-8058
-8561
-1461
309
-6891
-1563
-1557
-2979
4567
2009
-5379
-1800
6790
2329
4401
9970
-2298
-3644
-6149
-7055
8670
-55
2013
-7152
7733
3927
3608
8190
6279
2666
146
6431
9552
-7638
1239
3026
7870
9495
-2095
-3817
-5091
-8999
-5007
8864
-5474
6522
-7550
208
-6897
4586
1109
6941
-7674
9341
2884
7222
-8211
-6268
-6008
7333
-1385
-2084
-3727
-3694
8486
-672
3674
-2759
9726
3199
356
516
-6635
1220
-1740
1499
-263
3376
6420
3076
-7691
-7984
-5724
3506
2563
-9454
5957
9699
-9742
-677
-9001
-9383
-8270
-6802
8270
7397
-6559
-8438
9656
5033
-9400
6095
1631
5027
6857
2873
-8995
8407
-1986
-6742
7611
-8524
-8076
3083
-6934
8741
-9924
3485
-467
8417
-3357
9066
2652
-8510
6355
2271
1175
-8409
-8141
-1760
-4739
6563
-8951
-3425
-7373
-5147
-2643
-6550
-9462
-9795
2304
-8438
1925
3572
-1285
-689
-3746
7986
-5176
2184
-9537
9159
225
6224
-8606
8664
-4360
-9478
1133
-9296
-9702
9696
-1672
-1457
8291
6419
4738
8686
7347
-4697
-4710
-2606
-3308
1715
6711
6154
3758
2092
-4892
2794
6080
-8483
3036
3013
3459
-2012
-4613
8753
7104
8032
7703
1682
3962
6329
2703
4707
-7838
-4625
-2811
3
2270
1716
4092
9720
4912
1429
5488
6650
519
-4139
3205
-9870
4017
9864
-6815
-8766
41
-9182
-5824
2416
-2580
-3807
2381
1472
-2569
-2146
-7868
789
-3791
5374
7469
-619
-5334
-8442
-6960
4300
131
-8975
7240
8131
-9930
-8729
-9058
-5755
4696
-2577
1738
-2989
3672
-4571
2249
-3116
-9573
7182
-7268
9849
-8863
8627
1342
-4572
-3766
-8344
-4519
5445
598
3138
-6356
-3806
-2214
-5892
9331
-9932
3629
-4511
9025
-1162
2535
-9875
979
-9498
-2657
3786
-6998
657
9290
-7756
7820
-7594
-3809
-2743
9169
-3294
9189
-9885
-1673
8856
-8593
-774
-3724
8563
-75
5597
-8261
-2328
-8055
9741
1254
-8825
6606
2481
-7611
-2040
-4173
-8993
6446
1914
-1739
-6601
5741
6689
-3877
-846
-1767
-3240
8228
491
3888
-9056
355
8983
614
-3123
7011
8492
-7373
-3663
6033
-7259
6940
8372
-4063
-8552
-6622
-8461
1362
4449
-3150
3753
9809
-4235
-5678
4006
7478
2965
-2590
-5943
-926
-7714
3483
-6129
7224
-6902
3443
-3928
-420
-8770
3737
-5500
-8316
-7834
-1184
9329
-4771
-7658
1322
5810
-5115
-6742
7239
-8524
-6194
-6647
-8612
-1492
9033
-5711
3502
-4414
1101
-2603
-4294
-6175
-6193
-1107
7737
304
3054
6822
-9877
2294
1886
1930
-5177
-1177
5095
8517
-7763
-9521
-8078
8132
1339
-1396
7560
-2437
-4757
-5544
1902
3453
8993
4530
-5370
-8181
-4504
6534
-2198
9886
2737
8485
1822
-6334
3639
-3855
-4930
-2838
-5885
5540
-3865
-4633
-9980
-6126
-6194
-5890
-8637
-7249
-4818
6136
-692
-5274
7950
6700
-2582
4399
7760
1270
-9319
-7104
-3076
3378
-4227
-2729
5100
2772
-7078
-925
8000
9044
4100
-2866
3548
8760
9436
7166
7522
7815
-5224
-9609
-4277
-9426
7624
978
2314
-6831
-2522
-6387
5827
-1739
2296
-4205
3422
2610
-6086
-8833
-4625
-2427
746
7092
-4339
-6144
8274
2372
4502
-4886
2939
-6160
-5346
5699
3622
-6814
784
1285
-6632
-7814
-6029
6381
8145
-7785
6138
-6039
9503
1563
3813
3168
-960
6986
-4473
-5564
578
9336
3778
2839
-262
1187
9871
-1452
5914
9141
-3471
8965
4753
262
5342
-2728
-1309
-2102
1322
713
4037
8102
3112
7122
9118
-2498
1834
9372
8187
6478
-4419
8359
-671
-9808
4502
-7664
-6897
-2308
-210
-5280
3471
6227
5036
6897
-2745
2731
-2233
-1246
3418
-5419
7060
-2428
-7013
800
-3427
-6198
7514
3875
-9208
9165
-3782
4891
1182
6604
-9829
-3246
1602
7157
7789
-4207
3250
-9445
8433
4126
-9373
4298
-4730
-6629
-324
3102
4026
1898
-3290
-435
755
3930
-9706
-9523
3153
1444
1743
-7630
-7677
-6799
9308
-717
9309
-751
-1597
7961
-88
1567
2997
6911
6086
9270
-6415
4157
-8194
-3529
533
-7613
-8275
5686
1353
-2502
1235
6645
3691
2440
5207
7752
940
-5428
6324
425
976
8556
-169
507
-5775
8009
7313
3875
1112
-8416
8054
-3206
3965
-1587
-2261
8920
-7179
6763
-8155
-5968
-2350
-3445
-5824
1556
-5921
11
1585
1866
2608
9595
-8854
-2225
-9283
1533
5877
5157
3722
-1360
8299
7215
853
-1654
-9
6125
4935
478
-5258
-681
3189
7575
-5515
3312
-152
-3615
-4572
-7034
3188
-2866
5459
-1101
3839
-7180
7338
-5610
-6518
3042
-1970
-7476
-7462
-3680
-2963
-4342
1209
8649
6087
60
-6491
-229
-940
9697
9492
5034
-2276
-8161
603
-4612
-9788
5866
1759
7286
5374
9145
7467
2280
1098
7410
-6022
4895
-9714
-3406
6402
947
2303
6644
3283
6397
9204
-1616
-7839
9117
2684
1906
-7807
3108
-5717
6107
-54
-8822
-7499
6982
-3965
5162
-3271
3027
-2295
-6728
5404
3972
-3524
1601
-8215
2529
-6442
9762
-1080
-1501
5860
6622
135
-4114
3564
8191
8268
-8922
-4976
-4312
-8606
8005
-1249
-4904
7393
862
-3704
4686
2656
-9884
1770
-6957
-8706
1121
1376
-4212
3182
-4481
6066
7863
-8628
-5014
-4606
5051
-6496
5423
323
-4401
-4564
-4434
-6398
338
-7530
8894
-2900
-7824
3932
4839
4424
6080
3731
-9186
-5488
6869
8352
-4083
1072
-7659
3260
6762
6678
-2203
6014
711
-1824
-3968
8664
-8494
-2163
-2217
6063
4190
-9856
-3371
-3878
-1238
1637
-3338
-2491
-1576
-4620
-6380
8808
3862
5344
-8399
-4946
5159
7640
-3635
-9485
1220
-1982
8767
-6916
-1631
6947
5612
1338
1269
-6914
266
8121
6744
7540
-1522
8999
7184
-4460
9637
3207
7350
6007
-3817
5058
7226
6367
-9097
5855
-1319
-5424
-696
8678
-4967
-178
-3963
-4125
-3109
5824
1621
257
-7739
-7977
1237
3655
6806
-1669
-5574
738
9481
2765
-9561
5310
9562
-5994
-1159
711
-3984
-2069
-197
-6276
-2923
4022
7443
-8013
-3169
7127
-8906
-476
-1781
-3732
4649
4457
-9473
-863
4116
6244
-7804
5754
4704
1903
652
1041
6731
1090
-5188
9945
-7661
9169
-1263
-9114
9887
2313
-1513
8448
6658
6692
829
3811
-1067
4766
-7650
-7364
-5881
9372
-3042
2051
-7005
171
4651
630
-5919
946
-7161
-6392
-6396
6538
-3878
6663
-5461
-1017
6941
9127
-9068
-4348
4736
7697
8505
9587
-5954
9387
745
123
-6473
1306
-1461
3207
6048
7179
-5951
9196
-6992
6901
7350
315
378
6771
9614
8260
5340
-2396
5171
-528
1052
9495
-2327
5033
5935
6216
2711
-1323
4118
-59
9966
924
-2694
-7071
7250
-1143
-2109
-7571
1842
2888
-4224
-9754
7674
-2116
4285
3445
3337
3688
4190
-4985
4498
3707
-7244
1729
-422
3041
690
5479
1609
7594
-613
-4813
8188
-9322
-4793
-8238
-2666
-7596
-6698
7390
7970
-2789
455
4469
-7601
-8430
-4037
-3359
-2670
-8093
-9671
-6212
4328
696
9442
-4242
3503
-7608
532
6675
-8972
-6527
9326
83
-3913
8288
7662
-2078
4512
-7238
9327
-1282
6214
-8229
5986
-2427
-7179
-9000
-123
3865
2689
-4084
-2278
-1404
603
-9539
-2657
-8191
-5496
6171
6472
7901
-1502
-2397
-136
231
50
-6891
4277
-3750
-2137
-5423
-945
1193
2070
489
3146
691
557
-7565
9177
2796
-4084
-7181
-448
5054
-5547
9558
5572
-4922
-3495
-406
176
-7009
7751
1524
5180
2764
8128
7647
-9468
6453
6353
-7187
-2959
-3386
-4998
3641
-6731
9483
8250
-29
-8585
6229
3539
6277
6519
-4283
-4647
-5306
8878
6990
8684
9233
8568
5486
6966
-3096
-8904
2004
-550
-2025
-4302
4301
6493
-3408
-8446
9271
2594
-6662
-7700
4463
-7777
-4467
6009
2903
-5581
-7132
5299
-3238
5694
-288
5129
9958
-8182
-5133
-5523
-1526
-3131
6858
2015
7702
9943
4610
-6018
-4008
-8888
-2809
419
4219
3899
8123
-8305
-2233
-5446
-5269
6427
-7652
6222
204
-7722
-4386
8427
9414
9077
2223
8720
-5271
8262
8429
4130
6441
-5612
-9921
-3352
-9069
-632
-7002
8075
9981
8433
-9240
1224
-788
-9915
6034
-9732
2059
7992
-5607
7002
9523
8027
4657
-8898
3336
-717
449
451
298
7478
-171
6807
-2947
-5680
-5141
-6840
-987
-5237
6170
3706
-1487
5735
2662
4985
-6285
-8817
1681
8127
2623
-8262
9894
-3291
-1856
506
2999
-1750
1883
-5744
7841
4318
4258
663
-8553
-4418
9432
-8562
-4852
-2195
4889
8051
-513
6592
-812
-178
-5503
8606
286
2122
-8381
-7982
4098
3379
5932
9712
-6680
-9634
624
-9870
5606
-2484
-7248
5767
1514
-5806
-6542
9628
5262
-3057
-8556
-4074
-2440
-9776
6708
5626
-2632
-856
-2454
5585
2863
-7063
-1997
7019
-535
5001
6642
-8557
-3338
-9135
2314
-5543
-8872
-5106
-3364
2447
-7612
3041
-1156
5557
7875
3313
-1998
-1929
-159
243
-1519
5074
-9008
-2850
1612
-6331
7397
3851
2438
2630
-4203
-138
-5707
8097
-844
-7884
3333
7077
2659
-8291
-9728
7660
-7796
-6711
-5594
3809
-2157
-3840
-3870
9904
-8285
-4892
-3811
-9742
-5433
-9155
2758
7284
-2376
700
1929
1011
1187
-1699
3562
-6934
-5899
4012
-769
8981
4934
-1128
-3305
-5373
1903
4733
6729
-2563
5214
-9914
4165
8217
8892
7290
-4584
-4894
-7018
7770
8239
6290
-2965
-7686
-9605
-7762
-8896
-1444
-2038
4479
-8921
-2252
-9683
-5550
1564
3695
-1782
1852
2266
365
-4234
4361
-3511
5960
1923
6801
-3224
-1045
7979
-8306
-1707
-2438
307
-1201
-1926
2774
8842
-8658
-2567
-9642
-9222
6238
6646
9537
9959
4092
2018
3129
-5546
-5161
-6698
-5256
6352
-882
9713
-3671
-9825
9497
419
-8241
8066
10000
-374
1640
5463
-4553
1070
-1364
2508
-5946
-8264
5440
4482
-6638
-840
5184
2454
621
5924
5426
-1879
-2941
-1365
2748
-3878
-881
-2929
-5985
-8612
-7581
5864
-7506
-5931
5478
-6756
-7507
-239
-7968
7662
2484
-2785
8977
5388
-9811
-1825
-6897
4424
-907
2264
9122
1657
322
-7197
9834
8808
-2100
6786
-7779
3187
-6002
-5980
-4571
-5252
-6644
-5237
-7545
-268
2302
-145
-4754
7204
-3931
-9605
8026
3121
558
-8529
7857
4083
9418
476
-3863
-5740
4120
-1123
-7939
-1429
-7947
-360
3900
5128
-1083
8590
-6677
-9879
-1074
1402
-3096
-8670
4476
4317
2398
9297
-6280
916
-7955
298
-6661
7040
-8617
685
-721
7963
-8146
2573
8953
-1606
6775
7907
2344
-4724
1778
9671
-5909
-7406
-8407
304
-7725
-6837
-6005
7917
-439
8172
4323
5303
6488
7518
-9273
9093
-3557
-5446
-9671
2124
2872
-6926
4046
-257
-9189
-7504
-8150
-2307
-7949
3020
-5747
-1484
6892
8248
-8609
4749
5260
-898
595
-6718
3230
-4100
1721
-2116
-8346
-5358
-8734
-7953
6577
9235
4400
-8699
4918
-781
-4916
-1843
167
-9359
-8044
9346
4643
1611
9540
2441
-1534
-8897
3096
-6721
-8138
-3978
-319
-3556
7442
2023
6092
-4650
9776
1651
-6711
4871
-9294
-1059
3174
-6445
1376
-3483
5773
-4228
3059
864
-8893
-1167
8364
6022
-2927
-2200
-3692
25
9137
-7074
4229
3623
5796
852
2582
7010
870
674
2993
-3979
8775
-8783
9291
6787
-9960
-7640
-6678
2505
9705
4465
-6814
-9686
-4748
-5448
-4802
-2205
161
979
-1765
-9521
-4869
53
1449
2989
6933
-16
5643
3033
-6893
-9107
7356
5355
-6229
5740
-6654
-6223
-1462
-8277
3656
-3310
4141
4828
306
5440
4438
-5585
2295
-8792
6572
2499
-4741
9534
-8164
-4229
7211
6269
-4522
-4073
-5191
2276
-2397
7973
-584
6885
-4670
3612
4222
5124
-3514
-7149
9616
3603
-1614
9728
-259
7278
726
3747
1380
-6071
-8905
-8614
2301
1587
-5468
2595
2700
-2342
494
-8312
-6630
5875
-5408
4553
-2024
2860
-4193
1666
-2394
5952
9967
-7579
953
-7401
8021
-1664
-6404
-4599
-3189
-5260
-7385
7563
2270
7613
-7735
-5693
-8837
3504
6101
724
219
-9185
709
6959
6416
1662
-6659
-9973
3593
9534
6636
887
5962
-1454
4140
9882
-4042
-8649
-9592
-6132
3599
5297
-8869
5680
8866
4253
8349
-8878
3442
8508
-5643
6511
2720
-5759
811
-2806
-3351
2651
-869
3114
-8741
-5014
9007
3267
-7885
-7252
-3891
7732
-5816
-3438
-5283
-8969
9735
7675
-5189
9585
6453
-2721
7826
-3375
3236
1716
-1358
-5484
5659
-1341
3856
-7823
-2059
3725
-7457
-7777
-3498
-905
6215
1551
1580
7011
8004
2939
4498
1796
-3429
9467
-9752
837
-4335
-4645
-6298
9320
133
4396
-4941
1112
1919
-3972
3644
9282
809
-5169
-4349
478
4573
4072
-5867
-7111
-6214
7160
-5150
126
5516
2540
-547
-2753
6203
5576
-7622
-2467
-611
5029
533
1929
5934
8183
8515
-9497
-7512
7766
-466
-9197
6859
-5765
3577
5230
-8546
1992
-8249
-1888
-8228
-2275
-341
7817
-311
9424
-5617
1667
5153
-9710
232
539
9292
-7099
-3245
-7877
-2552
-4363
4920
-1255
3626
587
1711
6391
6697
5328
1479
-1794
5204
-6956
-3740
-4886
3545
6855
-438
-9051
4983
3669
5406
6150
3772
9604
1435
7119
6407
2334
-7872
-4149
3539
-9979
896
8102
-7707
8740
-2432
2118
1597
-541
-9299
-7814
-6190
-9598
2808
-9208
5313
-8468
1297
816
-8326
5701
-8214
6465
-9091
-4289
7262
-9863
-702
-7413
7287
2690
7376
3847
-205
7846
2250
4378
890
9294
5931
-7391
-3573
8857
9570
4288
1875
1088
4355
-3522
-4387
8624
-5917
-6773
-5580
3955
4543
-511
5484
-9434
-4656
-775
9494
7600
-7510
-9186
3340
6107
-1223
-7008
322
-5192
9282
-2805
-7591
-9348
-9314
-929
-4499
-7731
-8691
2547
7560
-188
-8864
9145
-5355
-4859
9713
9677
9320
-617
-1370
6348
4883
-9014
-791
3158
-8617
-6310
5899
9331
-8253
335
7603
1534
5839
7904
-9274
1973
-6296
4881
-1688
434
-6305
-9419
3967
-4637
-1792
-4628
2920
-6607
-5965
-6312
-1055
6846
1083
-5343
6420
9590
4
-6088
-402
-1742
8536
-9113
-1012
9587
-1610
6988
4788
2813
5281
1494
3822
3818
935
6490
5466
571
-1408
1186
-5383
9729
2437
3995
-4078
7180
-2161
5898
3465
-6995
-3954
8522
3615
-8339
-2329
7015
-1240
1818
1966
-9191
-3220
-1977
4834
2933
-6967
8577
2883
-83
8155
610
2357
9169
-1131
9670
4077
9389
-4699
-8754
2961
-2524
-2384
1631
8916
4209
3112
-7638
3009
9833
3930
-1389
4944
-3454
-9764
-2401
-9086
-2638
-2054
6963
6353
9178
-9918
9241
-4521
-8505
-8100
-5592
7452
7253
3869
1316
-7270
1174
-4754
-7672
1041
2185
-2142
-6831
5777
5448
9744
-5187
-1216
-8756
5364
5120
1285
-6904
-7730
-8392
5389
-2974
-2942
-923
268
-9522
5678
-3350
8884
-712
-8372
-8982
-4727
-5252
-6748
-1229
9703
1197
-4550
9566
-9315
1392
-1014
-7384
6797
2440
8092
7316
-8730
-5179
-819
774
-409
8638
-7692
5562
1596
-2037
9050
-1633
4167
-6709
688
-2758
5
2923
-9211
2554
3311
8983
5327
3438
-2860
5358
9784
-1217
-1015
8973
7224
-4847
5397
-3073
8700
-9780
3584
7269
-1823
-9146
-9008
-1757
-7900
1492
8107
9207
-8880
9174
-812
-8551
433
9991
-2737
-6131
-8804
-7341
8059
-4340
-6079
7516
-2153
-7071
-6941
-3189
5286
-1398
9713
1726
8741
2354
-1212
-3288
875
961
-4136
1199
-9429
-6791
6444
6016
-3213
887
638
-6088
-6385
-5868
-7782
206
-6967
1620
-459
4275
7652
-7263
-9003
-3293
308
-236
666
-7933
-3466
988
-4749
5710
-4528
-583
-4761
-9522
5793
-3553
-3750
-3201
9761
3937
-480
1299
6780
9471
6270
2825
9211
-8443
-3728
6886
3965
5670
-2389
-8646
4851
9819
-2215
-7469
4379
-7653
-875
2097
-2064
-5673
541
-8133
6026
-5561
168
-1340
-9578
4310
2402
-5725
3685
4433
9016
-3661
547
19
1296
-8384
-8272
-995
1483
-8544
8690
4050
5247
-7850
-7241
8055
9539
-9663
6526
4493
-6682
8307
-7901
2908
5301
4191
3398
-5118
2313
-7436
6372
-3221
-2381
-2086
-6555
-5854
5287
4284
-4111
3523
1299
-102
-8505
-8082
-2391
-1004
3244
6510
-7345
-2099
2649
-9122
1642
-5765
-9023
9270
-438
833
3812
-6944
-7365
-5359
-3113
-5919
5833
-7163
-9877
-218
1594
6209
6669
-4523
-5820
-2258
5337
3818
2981
1401
-19
8906
-3152
3576
-2812
-2721
-1526
1074
1054
8489
-1343
9479
5232
9072
-256
-3595
-7043
-4605
-5528
-668
-5384
-3469
-6388
691
4195
-788
-10000
3877
13
1087
1221
-6339
-3403
-8526
-5673
2242
3383
-577
-5893
8522
1365
7252
9068
2736
-4119
-5521
-9966
-5379
891
-3374
-5444
-9673
5862
-5955
640
-1983
-9227
-3400
7369
6953
4403
-1143
-2568
2286
-2253
5745
7049
2004
5345
2672
5671
-1804
7792
7111
591
3514
6542
-9644
-5007
-6699
-6221
-8638
7549
9029
6150
-8545
-4309
-6036
8068
-999
-9289
-334
-787
6424
6532
-3125
9152
1980
-6659
-6739
9101
477
5390
-2490
7138
9589
7511
1466
-4665
9387
9379
-6013
-7960
2799
6644
-2513
-5277
-982
5031
5826
1920
8559
-2797
7738
-7085
6543
-8000
-1113
-510
2502
5698
-6791
-2329
4419
2482
6061
9174
9264
-1900
2249
-8747
7984
-1056
8327
-3956
2134
-7418
5334
4896
-524
2459
8832
2840
-9572
4578
-2313
9224
-9880
-3485
-7433
3905
-4013
7686
-6539
7445
8942
6657
4497
1283
4998
949
4828
-1996
8785
1733
3754
7547
8701
2166
-8124
-9405
-9544
-5976
-6571
-1300
-9164
9778
-3657
-6639
497
-8324
4974
-1322
3853
-5508
-1092
4760
3130
2114
-2573
8020
-9725
-4270
-494
-8810
5556
8046
-8657
-645
5644
-4951
-7011
-6450
-7922
3153
-3218
-1545
181
-5390
5492
3487
-719
8416
969
8710
4889
3186
6182
-4915
-9189
-2682
1447
-6092
5964
5904
4019
-3506
5135
-4352
5009
8963
-8695
-2361
-459
-641
-8968
2358
920
5882
-4170
-9533
-33
-169
4141
-3968
7868
-8854
-9043
6733
2635
-3361
-2910
-3976
2892
-3388
1162
6969
2291
-5422
7986
8595
-2984
-2695
1012
2612
9836
-1725
-4749
4352
5043
-7572
-3975
4663
1424
3075
-7625
-9246
-9873
-4908
-4918
-6769
1839
5884
6928
9577
-9380
-1831
-3403
197
-5338
8406
-360
9441
-9600
-4092
-3289
-6409
3631
-5202
246
-8330
-4783
2561
3306
6601
6028
9900
-7333
4682
-3891
4850
6641
-6863
-1806
1359
-2638
5685
3564
4347
8250
-8807
-8473
-6266
13
3960
-5906
3270
9710
-3460
-528
-8459
-7298
-6831
-2780
4180
3565
-6039
6627
1332
3923
-6325
-166
-2264
-9667
-409
6303
-3634
-2292
-1535
7671
1875
3655
5756
-3438
8091
-7554
-9742
2406
-7941
7576
-5879
5145
-6606
-4452
-9926
-8062
6471
777
-4263
-5510
1996
7760
-1585
-4766
3828
2569
-3364
-2603
-1838
7913
5088
-9032
5130
7725
-2642
8276
3302
-2542
-2267
-306
4129
-2608
1793
9989
4829
-9548
-1060
-9193
101
2201
3646
9150
-4796
5077
4818
7146
-1918
-3276
-9075
-9479
-9770
-8772
7452
6470
-9075
-644
1469
1948
6460
-4918
7136
6937
3429
-8290
8431
1616
532
2158
7124
5480
814
9571
3106
-8889
9406
1853
6444
6376
-107
8217
3346
-5958
-5984
-6962
-7936
-4658
-6785
-3072
2798
-2556
-3053
8207
3556
319
3291
9829
-1884
9109
-2112
-2674
-2762
-5252
7530
-8984
2070
-6088
-1397
4425
9327
4747
6019
1760
-5096
2943
-1318
-2351
6724
-3920
8829
-6373
422
-13
-5690
-4049
5574
9191
1836
5551
-3458
-2408
9009
9524
3937
-7941
-5885
7609
-4823
-7732
4163
-1368
1102
4955
3532
-2233
6524
-9454
4687
-840
7638
9362
-4299
6596
889
2322
6113
-5624
-5890
4843
-7995
7165
9630
4936
4425
9974
-8669
3404
622
7014
955
-7774
1760
6855
3594
-6721
-5381
9120
-2544
7314
3903
3245
-1086
422
-7466
-1049
-2503
4061
5357
8453
-3010
-9142
4097
-3065
-8221
-7486
1225
3316
489
-8716
1153
-8315
656
4189
4659
5540
-9825
-5031
-657
-5360
-2160
-4001
-4427
-770
-3862
-1115
-4411
2338
-6030
6926
-3643
6564
-6120
3271
2745
-3753
4228
9170
-7125
-6338
-6979
5166
-8706
-1923
-8301
-6389
-7833
8723
858
-3540
-1988
7609
2682
379
-2450
-1589
-8546
-9435
4869
-8011
4599
8741
2795
-658
-6679
8686
-141
-7658
7633
-7758
-9112
9795
6889
-8284
437
3530
-1618
6889
422
4098
-3315
-2521
-8736
-1960
1049
-4836
2822
5898
-9790
5040
6952
-9384
2890
7741
1691
-2898
-5350
-6016
-6009
3567
-9804
-2042
8684
7478
-3976
-7791
532
4160
-8510
8840
5873
-362
2974
-80
-3977
-186
3945
5255
-7591
-9128
1380
4950
2135
-1917
-2640
-8900
1754
2955
-6298
7838
7123
-1951
5627
-3304
-6483
-7811
-1185
-2734
-4152
-5482
-4604
6504
4124
9901
6870
8617
722
-4202
3007
1965
-1332
-9622
7108
9730
-8934
-8225
7307
1579
1804
-431
-4527
5963
8257
-4839
394
-4393
6217
-5658
-6163
3454
-826
3578
7875
4067
8158
8679
-4828
-6237
7139
-3892
9159
-4498
368
-7939
8201
7165
7763
-9759
-961
297
-9363
-69
7025
2725
-4992
-5438
-471
4275
3087
-9059
-9769
-9837
-3868
954
-7765
7040
9791
4324
4342
-7117
-8621
-3647
2260
-7896
-6713
119
-1052
-3479
-7741
-1307
4103
5181
5268
-9394
3158
-3385
-7661
5637
-264
-4049
-4060
7341
-9203
-4314
-9705
7898
286
-4269
4901
-8426
-346
-3105
9372
6501
-7872
6197
-3657
2037
2410
-5213
4240
-4539
2933
-8933
6973
2137
-312
-3444
-6268
9211
-5801
-3000
-1560
6159
-9574
-3069
-2020
-1535
-2591
-8228
4799
-1450
8094
-6867
-63
-9096
-1479
-9257
3712
-3089
4258
-3470
5737
9948
-6152
668
-7615
7170
-446
9727
-9619
-2665
-4485
-3015
5505
4177
-1327
-9524
8516
-4771
7745
-2954
902
6892
1662
-7697
-2597
5080
-7376
-5746
8908
3152
151
-8224
-9720
4364
-3098
-1026
6110
4827
-4225
4527
-2576
-1338
-4003
4686
5070
-5837
-1274
6077
-1677
-5916
-6986
-515
-4075
-844
2957
-8696
2958
4362
-1041
8371
-7696
-8750
9616
1523
2774
709
-27
-5981
-3676
3469
8720
3101
1895
-9586
-6877
-1450
6325
-948
-1248
-4861
-6531
-2005
3214
3915
3433
793
-7691
-6116
-8318
-7945
4660
-4739
-1111
-6380
9763
-1586
4628
2955
1939
9772
-2756
-9574
-9422
2505
-2420
8013
-1281
481
3715
-6956
7313
-5722
4746
-1742
861
-7557
1186
-5191
-284
-2731
1138
9760
8837
3575
8058
-2575
9928
7694
1823
-1968
5536
-981
-4983
-4687
8322
-9415
3651
184
7583
-3601
-1739
-1704
-4240
-9976
5507
4731
-6372
-1940
4293
7020
-7975
9342
5814
9079
-2695
7587
-4257
3988
-5004
7568
2810
4598
6264
-480
-4124
-7669
6422
-1496
7255
4112
887
655
5518
2709
-2434
-7996
389
2491
-3121
-3190
1978
9162
6159
8971
-97
-5242
-727
-9600
-7873
4627
-6603
2529
5958
3573
-1342
3529
-8906
-9161
-5137
1524
2906
-6650
5405
-6671
1214
-6970
3911
-5193
5396
-7444
-6583
7483
-5571
-3246
-3612
9508
-5006
-7229
6746
4693
-1197
6880
-4214
5910
-9431
-2805
7860
9318
6103
237
-9568
-8818
-6625
-624
-1640
-8626
6544
-9589
291
-2332
5494
-4568
-4104
-9522
-2545
-5463
-1661
-2479
-8031
-9461
3979
-9511
-5644
-833
5384
-5250
-4853
4544
-8214
9195
1905
1790
-2211
6937
1937
-2081
6917
-4726
469
-268
-1235
5182
-8232
8003
8034
-6367
9780
4046
986
-8578
-7684
-7606
8375
8519
-4758
3881
-2222
-8032
-629
-4910
-7729
-1131
-8979
-5070
-4815
-9935
6692
8744
514
-1688
9842
-2600
-7522
-3270
3337
9860
-8016
-6638
8995
8295
9176
-9563
-253
-8515
2813
-6169
-3299
-1633
-5209
-4297
6352
-3227
-2306
3630
-3059
5860
8377
1299
352
-2861
319
2905
-5319
5982
7463
8872
9124
-7909
-5578
-5726
1841
728
-470
-5853
-6739
107
3385
4724
9617
-3566
2628
-692
-7394
-9345
8291
8285
-2069
-4785
9717
3071
876
4750
-5961
8735
4202
-3575
6789
125
8713
-6534
1565
-6107
307
4083
5754
5287
-7796
-3248
-9880
-4897
8760
-4055
-1878
-697
-3437
-9069
-9162
-2947
3585
3492
5047
808
-4761
-5052
-3440
-8818
-2616
2508
-5373
-7262
6763
7118
-9305
8613
45
-4201
7742
3207
-1865
5421
-2405
-3282
-5476
5454
-3688
8403
8142
1833
-8932
6115
1071
-2628
-1788
2810
180
-701
1534
4912
4317
1316
-4865
3843
-4002
9826
5889
-2291
7207
7951
897
5242
-7837
-5889
-2283
-5061
-3827
6359
-98
-2459
-2848
-9218
-7582
-8024
-9701
2689
9594
1226
-3040
5748
-457
8737
7621
-4310
-6207
-8935
3114
-92
3963
4049
-1208
-7869
-4429
-8561
4057
9917
-5101
2605
-5797
3214
7411
-9151
9965
-2702
7398
6118
-3
-8600
-4216
-2898
-8956
-824
-3689
-739
-810
-699
-2703
-5583
-4149
3194
-8941
-7417
8072
9543
-3198
-7392
-2655
-7959
3681
-5590
8316
-1403
2364
-1880
4019
-1960
12
419
6190
-3273
1270
-8937
-2791
8273
9228
1303
-4984
7722
7700
-8242
-8043
1618
7699
-2133
-8808
-2160
-179
-5316
4227
-5952
-9012
-7797
-7050
7756
-7399
-2509
6990
9426
-5609
-5207
5884
8386
-7078
8194
-4380
4209
5084
-5099
-5870
5894
-3832
-2136
6706
7823
-4047
-3128
-7902
-4437
419
-6528
-9794
-7715
-3607
2999
-3630
-7950
7324
-3245
3976
7651
-9668
-6186
-4242
-9
295
-1377
-1571
-853
-5970
6785
-2929
7158
-1554
-503
-4236
-7890
-2040
-6846
-8643
-7878
-8762
4298
3769
6631
-4981
436
1255
2837
-4388
3296
4473
3224
3232
-3837
-3841
9434
-2667
2708
9263
6819
-7006
9497
-3235
-1575
8780
1957
-2727
-4160
463
-8641
4971
-9141
142
-79
-3594
6740
1106
-7136
6013
600
-6918
-898
7454
251
1733
9181
-4084
-5039
-7876
-4847
8452
3788
3840
3666
5181
2217
1280
144
-163
-8512
-9441
-9380
9192
-3456
7017
226
-2005
3003
-4348
-456
3106
-3695
-324
-6977
2245
5834
8807
6908
699
1809
8974
-6957
-626
4663
1907
540
-9501
-6181
9985
8950
6961
4203
5085
2035
-4029
1284
-5462
8591
-7311
2614
5460
-5528
4738
1548
-6526
-3391
-7899
7234
-9277
8423
8393
-8900
-1665
-4426
-8818
-2499
5720
-1044
-8789
6286
7869
-6794
-6300
3819
-5521
5016
-749
-907
-5382
-3833
5481
4667
-3703
4119
-7975
718
7810
-9928
-96
-9345
7674
-2485
-5902
-2646
8002
5308
-9900
868
1942
7496
-2363
4405
-766
-7850
-4589
574
6023
-2117
-3094
895
-662
-6830
6013
7875
-6557
-4148
-8270
9823
8274
-1220
738
-7155
4743
-7778
-2018
-1984
9376
4189
-4666
-7512
-7226
8651
-4639
-733
4473
3809
1252
4624
1524
-5653
-1046
5160
-6981
7178
-10
8919
8365
3970
-5776
-3692
3497
237
341
7862
-313
-8901
-9255
-4877
2014
-1695
-7721
-6258
-8064
3893
-4714
7802
-1040
-8116
2180
8210
-6535
-7482
220
2387
8565
-7343
860
-4955
-1914
-7925
-6007
-9033
-9023
-2830
8721
1571
6092
-9260
394
-3931
9177
2021
7321
-6912
1204
-8766
-8299
5532
7413
539
7502
-3878
-6726
6485
-6610
2502
-6345
3564
8759
-5785
-5676
34
6370
7709
-536
-5951
8768
3220
1786
-1250
5258
8716
533
-2181
8579
-1468
6168
2225
-4263
-9209
-6236
4334
-3611
-1959
4560
1726
-482
1618
-2317
1357
2906
-2745
-7439
-235
922
-6139
9587
-9961
9829
4775
-336
84
3318
1858
-7815
-141
2007
-5668
-6853
-2200
2095
4811
-1416
-3290
-8736
-9333
-5392
9321
1322
5431
-3975
1372
7850
-3711
-3411
-5387
2516
-3730
-4916
8138
-9908
2514
1628
-7499
2326
-9141
-3867
37
-5639
-4802
681
-6118
-3879
4646
-9603
7491
-1331
-926
-5006
4391
3325
-4514
-1349
-9271
4915
2408
-1863
7859
9907
3495
1765
-7453
3733
-245
1421
-5078
-4564
-7228
-906
-4663
392
-2686
1142
-5705
8340
-7211
5516
-8776
-6328
-2688
6341
-4033
-1136
8763
6200
-2855
6872
-9122
8909
-6216
-114
7736
1437
531
-7822
6748
7405
299
-239
5500
-3228
4641
2740
7951
-6491
-8484
1493
1082
-5820
-1407
-7793
1011
9424
9332
3594
-1765
9120
5278
-159
-309
282
1596
8306
-1538
-3039
1843
5907
6438
-2733
9588
-3133
9050
5681
7500
-3956
-9822
-550
-4096
4600
-7796
-4391
-4478
424
-8079
-7890
2474
-4569
1638
9696
8619
-7940
-969
2414
1950
-6984
-8823
-2838
-1333
-4604
-9635
-6740
-9661
5309
-2963
-1254
-3246
-1239
-2508
4815
-1330
1459
5543
9313
7711
-2908
9673
910
-3172
9479
-8768
9862
-628
5406
6341
-1276
1056
-6876
-5621
-4906
-5842
7323
-1694
-3017
5487
6513
-5956
4650
-1362
-9943
-6144
-2496
4656
5903
-8679
8505
7825
-6642
8948
-9778
1757
7040
2060
-6859
8857
-9762
2934
3764
-7093
-7088
6544
2103
7580
4642
-6719
2726
-3866
5995
1726
-1093
-2876
3609
1112
-512
3048
-3590
1581
-109
-2293
59
-1517
-120
-104
9741
-8404
1790
-2488
-1476
127
-4066
-3001
8871
5494
5130
-9705
-3594
4712
-4751
6254
-3815
-3908
5869
9516
8385
-8244
601
439
-5827
3982
2813
8643
-1269
3574
-3342
-6132
2988
6378
1183
3756
7955
-2887
-9201
-9721
9252
5378
-6758
4189
-4031
-2051
6182
-8877
1271
-8227
9337
-6092
-9582
-2743
-144
2918
-9033
7163
-9909
4429
3904
1786
-1137
7289
9210
-9619
-1029
-4473
5212
7757
-5149
-1880
1731
-7922
-3493
-8927
9316
-1185
-6738
-882
6029
6329
-2097
-3761
-3482
271
4160
-729
-2529
4347
6421
-4956
3223
-527
3607
6796
2727
114
2595
750
-7418
7026
-515
-14
-5256
-2828
4574
3702
5377
-5044
-300
-6928
5170
-4484
6074
-2096
-2439
2984
9216
-3373
8287
-2839
-869
4868
-2112
9739
1946
-1292
8530
-2686
-9875
-4977
-6410
1370
9659
1083
-2865
808
5841
6797
-1288
-3428
-3556
-8521
-5073
-4038
-5899
-6654
190
-4666
3590
8061
4426
2301
-9553
-3979
4107
3001
-7088
-949
9078
-4312
6797
-7111
4936
7876
5891
1021
6089
4244
6628
-6097
-1521
1017
2063
-3958
-6780
-1799
-4706
8453
-7611
-5674
5913
8347
9869
-787
2907
-6382
8559
-7144
3837
-4250
5906
-8129
3923
-8097
-4855
-1415
1047
2159
8849
-8161
5457
-1184
-3665
8399
-7610
6569
-9642
-5022
-5797
7269
-4653
-3825
-2849
1295
1580
1405
2561
-921
8762
-5729
3857
7583
-1721
7285
-948
201
-4692
-6012
-4349
-7471
-6002
-8756
4194
-4978
8817
-7603
-5588
6761
-6691
6958
-7414
5702
5672
-3704
7422
6044
-1617
-9385
-9561
9660
1628
3030
9278
6654
514
-2634
-3588
533
-1335
-8304
199
-1042
3960
-718
-4803
-8255
-9382
-116
-6582
-7410
1215
3298
3203
-1944
-890
95
7701
-3803
-4000
3727
4029
7765
-7571
-6373
7994
258
4047
-9252
3387
505
9639
-4022
-2506
-8084
7526
3519
-2950
-1956
-6428
-4409
9660
-9651
656
-1903
482
7872
6808
4090
5963
9597
-1109
7118
3632
6116
-4752
-1539
8950
5134
8735
-9607
-6105
-5604
-332
-249
9992
817
2019
182
1641
-5764
-4240
-5959
1999
8840
-5103
-7041
2310
-6309
4434
8250
-9111
9421
3196
3732
6986
-3392
1868
2923
9552
6260
2818
3133
8811
-9271
1287
5937
2417
-5356
-1470
3485
-8899
6866
6858
-7591
-7782
2829
-1070
-5013
-5554
-2211
-9121
5025
-7618
-6146
1530
-7295
-2885
-8169
-6892
8693
-2661
-1691
4513
2794
-7862
3876
-5299
-1874
-1208
-2999
9100
-6522
6524
7525
1211
2628
8316
4877
7802
-7368
7163
-1877
3047
6529
-2151
1479
-6910
4356
-135
-8549
-1211
-826
1289
-5714
3433
-1080
3469
2358
-816
6695
6453
7741
9692
3290
7238
-7132
-8107
1924
5742
4365
-9657
373
4784
5234
-6108
4759
592
-6453
-2241
-940
4822
5409
4230
-3512
9306
5356
-2768
3107
3554
-9982
-5975
-8792
-9214
-1061
6935
132
3272
-4641
-5976
295
1319
-184
-7545
7658
9762
-12
162
-2871
-2932
-1717
-9628
5877
-5178
-8272
-3216
4099
-4501
-2987
3212
29
3560
4042
2716
3937
-8567
3620
-4277
7856
-2346
2184
-2405
8862
9668
-6822
2941
-8999
8863
8826
-8607
6342
6947
9940
-2618
8074
-7111
6753
-2730
7719
-9023
4246
-2970
-5661
389
434
-2804
-8164
5280
-4378
-8461
9789
7199
9412
-5657
8472
-1013
-5747
3115
-618
4051
6982
8499
7532
5963
6702
-939
4651
-5456
2749
-579
-2072
-2562
-7303
-2427
8123
-5417
6997
1227
-713
7115
-1003
8924
5997
-3370
1013
1559
1311
6230
-1130
8255
5732
6626
-4324
-4347
-8620
-2963
3801
1434
-8511
-4198
8049
-397
5405
9426
4938
-8322
-4759
9152
6030
-8519
-6168
-3376
-7752
-3505
-6821
3883
-7854
6869
5073
4617
-6944
4496
-3131
1853
-8325
-3391
992
9200
5862
7080
1494
2762
-1847
6119
-9063
-6413
-7254
-3651
-5877
4933
3619
-9239
9687
-8328
-3268
-4977
-1066
-267
7245
-9453
-4254
5966
-8832
1549
-74
-8373
4480
1540
-2991
832
2939
3612
1167
-3081
-7039
4440
-1071
9189
-4547
1931
1811
-1913
4890
3243
7242
6738
6546
-9135
-3892
2200
8740
194
-9300
6180
6192
25
1015
-3253
99
6082
8887
5099
-1865
7365
6221
1786
-3635
8656
1286
9926
5373
5155
7454
6077
-1981
-6928
-7194
6852
-3037
-9639
7682
-4429
5739
5985
4814
-344
-7534
-4489
-1555
9071
6986
-3375
6484
1197
8116
-6860
-6383
204
-7293
-3422
-6772
863
7589
-6761
1543
-6110
-9699
-2549
-8972
5103
9039
6619
1554
4371
-6368
7984
-8313
1149
-6711
-2964
6361
289
-4594
5993
4712
7691
7221
4121
7452
-2327
9176
-9106
-8431
-913
-1575
-6607
-6889
9920
-3557
7288
-7574
-4996
1585
-5239
-7770
3138
9135
7031
6837
566
3634
-4097
7315
-4817
3516
3618
-9654
4119
118
8129
4270
8565
6689
-1490
7790
-9957
451
-5544
-9989
-2945
8635
-9018
-7733
6649
1523
7100
1701
2829
-1921
249
7653
5602
8288
-5785
9251
-8707
5501
-9700
-5981
-3002
-4516
1381
-3860
3685
4830
-4870
3664
962
-1244
5724
-9851
4840
4229
5108
-9304
-9051
467
1363
8936
-1483
1635
-7157
-5426
-1412
-9663
-5461
-3495
7884
7404
-4812
-4687
3430
-6865
3576
3352
6296
7935
-7586
2128
7601
2463
8925
-358
-2943
-6579
1450
-5977
7040
8315
7924
8464
2889
4421
-725
-4821
6435
-1666
-578
6957
5171
-9267
-3763
3165
7884
-261
148
-5690
-8037
4296
-3168
-6213
9154
-169
9961
4457
-2766
2717
-8377
9980
-7944
1882
6508
8098
-485
-1034
6877
-3229
9149
3111
-7651
1801
-8575
-8311
-3699
5298
-8047
-5337
9477
6910
-781
-5660
2305
-1573
3398
-1519
3956
7824
-8149
-7798
853
3574
-5353
7122
-2082
4194
6663
-2096
-4818
-6348
8610
5200
-9587
-5795
4946
-290
-9546
-8489
3245
-5845
4336
-6156
2454
8172
1536
6680
9778
2688
6086
-1526
7553
3792
9113
6716
-1494
7462
-6887
4734
-119
-7766
8312
-2684
-9617
-3098
-8266
7583
-3283
160
5470
-2126
-5396
-8950
-5791
6763
-930
-1027
-6598
-8146
-2979
6932
7949
-9417
1930
9193
-1200
6523
-6431
9837
9675
7138
1532
2018
6388
8232
8897
9080
6904
3371
9034
2518
3477
9016
-4421
4392
-3907
-2702
-9525
7192
9282
2698
8971
-3372
1897
-1080
-1500
-6756
-8457
-9686
7447
-6997
270
-3231
-3216
9529
1946
-764
-6206
-8432
5094
3206
2966
-5979
9339
-8596
-8124
-2008
9411
-7439
1704
4611
3340
-3151
-698
3650
-4716
7463
-3117
-4102
3600
-5162
862
-1166
-8495
-5118
2181
3933
-6189
-3528
6653
-144
-1893
-3597
-2842
-1057
9496
1533
1995
9845
8431
-6160
-3997
-8879
2051
-563
-9492
-182
4252
-6403
-487
1268
9200
5294
-2910
5919
-6748
9494
-2054
-2090
-5201
-9076
9673
2563
-3267
-1744
8047
1312
7257
-8967
-9421
-9965
-2973
5923
-677
-7863
600
1151
-7838
-9439
-6995
-6540
3665
4555
8776
-627
-6257
-4427
-9741
-7815
-1292
4152
7985
-8593
-5344
-7588
6431
3855
-4755
7522
509
6504
-9996
-4201
813
9177
3987
1744
-1544
-1710
-1074
98
-6836
-5303
-2554
-6085
4699
-7114
-9408
9145
-3476
-3273
-786
8611
4131
-7445
-3347
-9744
-3668
-1760
483
9605
1895
-3076
7898
-3150
-3117
-6547
4831
5431
5795
-3114
9909
-2088
110
-9908
7552
-3922
4951
6543
5647
2569
-5975
-4692
-9759
5124
-6261
-2102
-7990
-6077
4344
1255
8654
9000
-3907
3252
-1808
-6967
7979
-9701
-4867
-3919
-9120
9448
8219
-9865
4852
-525
-8714
5646
1081
-4487
-9206
-8185
3035
6021
3047
9106
-8009
2944
1583
5882
-143
6346
-9024
-171
6821
5634
-1691
3022
4950
-4018
-9529
-5690
4100
37
5120
4726
-8936
-8258
2903
-3324
7470
163
3875
1934
-1943
8384
-5805
-595
-2637
-7371
6620
4977
-6977
5713
-5320
-3486
2143
4647
-868
-3248
9179
8218
-9407
4099
4619
-9342
-914
-8211
-1456
7906
-7581
-1411
1684
-275
115
-6615
7328
4899
-6525
4317
4355
-9146
-8218
-59
6253
-9503
6980
-4413
2780
-8516
-3209
-7800
-5846
7972
-9681
-3682
-930
-9924
-5856
2181
-4420
8530
3481
8044
-5466
9057
9209
2936
9761
3859
-2270
3626
2273
-878
-734
-7264
5235
6094
780
-5131
5835
-398
3094
-3631
7310
7364
-8726
409
8423
2783
6928
4075
-5885
9295
-2228
-8527
5685
3804
-45
1588
-4264
-7710
5589
5879
-3483
2809
9474
-3871
-8373
-8336
-9997
-9853
8590
-4841
435
-6841
7137
8105
-1633
1026
1271
1287
1223
-9520
-4174
8665
9551
-3744
-2443
3647
-3075
3043
2110
-8947
310
6327
6274
4453
-5210
-2362
5304
2777
4505
1730
969
9605
-8877
-1996
2783
-4203
-3771
8058
-8253
5136
-7320
934
-8100
-3466
-2255
4884
385
-9227
-5204
-9722
-6827
-5030
2982
9779
5917
-3995
8964
-6822
8986
-6564
-4853
-5963
363
6848
2453
-9089
4985
9739
-8967
-1649
6313
8983
-2256
-880
9359
-7652
-3965
2883
-8996
6597
-7440
-1644
-4116
293
6416
4512
-3216
4933
5605
2988
4655
-2509
8601
5088
-761
1636
-8056
9996
-1300
1521
-9968
3291
6789
9919
-5147
7820
8356
-3811
2481
-8528
-2273
9763
-649
-4181
6908
-244
3062
5189
681
-1844
5252
-9522
5416
4475
2290
9650
7296
5674
-9524
-708
-5867
-9263
8038
-2072
7309
8057
-2149
-7167
930
6452
9324
-2158
-9075
9988
2635
-8858
-3561
-9181
3164
-3701
-5904
-1229
-8695
3623
-4534
-8188
-6851
-4968
-7308
-3135
2020
-42
4081
-1702
-5916
2981
-3874
4030
-4368
7110
-4563
-3290
5540
-8599
2828
-8488
-8534
6432
6369
-8728
-839
-8909
-4258
-860
-4759
5107
7435
-2237
-3546
7975
-4869
5790
-4080
-7780
-790
1896
6908
3817
-9817
5702
-1728
-6116
292
9474
-7775
210
-4061
-650
-5196
9253
5744
-2606
7500
-8115
-9297
9861
1320
2759
3055
-1288
6395
4749
-2991
1633
3829
7035
-3799
-3582
8460
3389
7805
1820
2285
-8012
-1902
-3557
-7163
-2437
-1271
9120
-965
238
-3268
-8681
-5753
9323
-1280
-2958
-9429
-9065
8345
-5167
-4834
-9009
-6207
-7199
7674
9588
2761
-9931
-5389
2168
-6482
-21
-2890
125
-8901
7379
-3432
-9952
8420
-4075
9806
-4124
-3899
-9772
-1732
-8614
-9894
9441
4710
-7485
-159
-2748
4951
8314
8412
8171
-8473
-4294
-300
-3341
-2755
1899
-4193
6590
-794
-626
-3892
-3925
-809
-5805
8011
-6648
3228
-4699
8501
-8129
3754
-6812
-4350
-454
-5864
-2408
1450
1106
-3509
42
6012
-1633
-5268
200
4229
6323
584
1253
-6572
-3744
109
6984
413
-1099
-1352
741
-2650
6309
-1684
-5018
-8897
-4206
-9933
5079
-9528
-3973
-9972
-200
3529
-7309
-3947
2068
-8055
-6541
4304
-5324
7184
7906
-4737
3730
683
2526
-274
6769
-5178
8861
-2916
1588
9247
-5662
-8839
9305
-7295
6603
5789
9907
-8656
4112
-8905
9355
-3774
-5703
-1499
1783
8480
2342
-710
6247
-6070
9494
5811
5149
-5351
1352
7642
-4466
-5478
5177
7606
-2313
-5447
-9985
-781
-9690
-409
5117
-847
7201
5797
2222
9446
9310
-7907
-6656
-1885
8464
-9548
-869
-453
3466
-2254
-7568
202
9249
-5703
-473
4627
-323
