5160
5702
-3343
-8651
-4694
3975
5339
-6962
4513
3678
5203
-7187
-5214
-3752
7226
-1801
4998
5934
7229
2844
-4930
5706
8397
-1626
-8383
-8578
-8972
3211
4754
-7571
1717
2640
287
-3453
-7418
-3684
8343
6031
7347
4862
-3967
8865
4120
3321
4187
4416
-798
-9856
-2977
7744
-9823
9394
810
6828
-7213
-2196
1819
-6912
-6214
6971
7482
8963
-9119
-2384
6932
-8081
5678
2269
2732
7239
5887
966
-3151
-275
-129
-7285
-7046
3649
-1485
8040
-6078
-4647
-8444
2645
2859
-8645
4730
-5638
8227
-7350
-759
-798
-404
-3917
4908
-2211
3592
-4175
3777
9918
-4532
-5108
-7679
-2530
-7994
5790
-1203
-4912
171
-8149
-9251
4626
4226
-1154
-4732
-9794
3439
-9331
2825
-6772
4541
4052
7856
8334
-8347
-5198
7207
-3578
-3652
-6549
-4807
-3694
-3615
8112
-3674
6937
-488
-8225
7232
1811
2540
-416
7145
-9540
-7440
7531
-9318
5425
-1632
8400
-4071
6883
7007
677
-1657
2274
-7996
5630
8207
5165
-7953
-9948
-6338
7479
-6454
6447
3580
8071
7991
-5716
-6713
6459
-3036
-6956
-8626
-7586
-3933
9686
-7156
8627
2594
-6273
3333
-2468
6110
-3202
2935
-4169
-7094
-2903
-5907
675
8286
-2374
-5600
-867
9373
4323
6635
9593
6405
4760
-913
495
2645
7578
4209
2513
-2180
-2803
-46
-6814
-9197
534
9384
-2257
-3471
7787
-7208
3814
6536
7170
641
-3114
-7479
-3080
-3732
-8009
5009
-2657
-9522
9947
8483
8379
6954
830
7737
-2748
37
7659
-4807
3124
9221
334
1055
3459
-6506
-7389
8195
-7694
-3925
9658
-9470
8342
6214
8362
-6108
-663
1351
-1514
7266
-9959
9911
8143
-7652
435
-1142
135
7463
7742
-2142
7619
-2837
-8506
-1306
3533
7008
-886
-7582
-1731
-1568
-81
8341
-5266
4993
-3597
5962
-3543
-8094
-671
-3502
-6198
8485
941
-7541
1782
1108
8823
3269
-5126
-2335
-7284
8328
6960
-4844
-4470
2934
-6378
9291
4357
1384
2245
-151
3795
4028
-4641
-8162
-595
-906
-9359
6737
-8167
-3289
-2809
8757
132
-3749
8614
-2372
8037
6241
8891
2461
9181
9082
1456
-1986
5126
-2996
-1888
1148
-5996
3471
-7755
-6276
2979
4833
-9095
-6845
4718
8185
1666
-4553
351
-5696
-7100
7649
-5436
-6089
3072
-7409
-4772
-1664
9299
7302
-6975
-6488
4016
7070
5773
5987
-5753
5927
-1753
-9905
-711
-5637
5649
417
6708
-3619
5604
-2223
6921
1722
-3555
4514
3267
-594
9165
4276
8457
2404
-774
-228
3821
-537
6301
5898
-8857
3832
5339
-4133
9938
-3596
8425
-5225
-3705
7780
-2493
7940
1026
5571
-9018
-2915
-7093
-152
-1047
-7425
-1424
2497
-7696
9464
-6757
8396
7391
6845
2750
5458
5810
-7909
-2694
8853
-5313
2114
1136
4167
-2697
-7830
-499
2373
6545
3468
-4537
-8115
-1245
-841
-7202
3086
-1994
-9700
7253
-4845
3558
-8911
-5623
-7311
1580
7654
-9484
6090
-3454
-8485
5932
2184
-1889
5598
-9703
-8466
-5943
-8760
-1138
-2159
-2803
-8385
7346
9619
9327
-8147
-4946
-2742
2371
1770
4200
8873
1398
-8493
-3739
8837
-4923
6546
7836
-8506
-6275
1053
6140
3027
-3849
8867
-3765
-8343
646
-3758
8817
720
-5522
4132
4106
2863
1716
-1176
2402
9974
8299
-3430
4674
4910
-1467
-1046
2866
-2582
4241
3269
7098
9022
-6388
-8837
-4804
1493
-928
517
-3631
7128
4685
-9697
556
-8338
-572
-6522
-9208
4642
-3310
4945
2731
-7493
66
9035
5643
-4234
-7418
-4699
-5247
6633
-7862
-2106
9024
8917
9826
-1015
-8074
5526
-1643
4614
-3714
1701
-9509
3521
2489
7923
6989
-1740
-5445
9461
1353
5964
-3967
-4414
815
6455
5556
-1155
-2667
9073
-7530
-2029
-1689
6731
-1638
-6022
-1423
1976
-7652
-566
8364
-5959
-2125
-5341
-2943
-768
9169
7813
-7713
-811
6869
9264
-7695
-8389
712
3274
-813
-3581
6357
8426
4367
3818
-7546
1592
9535
-96
-2456
4690
5780
-9176
-4769
438
7455
-7181
-7311
20
5205
-158
9157
-7962
6365
7682
-6767
-9504
-9742
-4146
-2675
108
5255
6311
6607
-3885
-7291
-8290
8668
5601
3342
-9648
-531
-3065
7617
4052
3930
-3450
7827
-5452
6079
-9176
8711
5353
2318
7909
-6593
6411
-7776
-3462
-3837
3377
-4787
-8339
4537
-4790
3228
-604
1804
-4681
-5641
9334
1551
3622
-3362
-2534
9180
-1669
-3624
4194
8169
-5853
7881
-6398
682
-9074
999
7468
9176
8680
2607
3220
-9256
-9478
3576
-5914
8313
5623
-9454
2828
8134
3769
4987
9993
-3825
1350
4328
7362
4625
5058
4025
-6545
5809
-9236
-8737
9120
8641
-7366
6926
3674
7281
-3065
3744
-2156
-1475
-1061
833
-4117
-8783
4317
-1580
1604
6953
-3485
-3541
6131
-3886
-6424
-1170
-3809
4759
-5931
4555
2688
5030
-753
-8014
-8876
-3677
2569
-4547
9701
-9894
7701
-202
-2704
1308
-7859
5936
8683
-8702
-7914
-9544
469
-9095
-3616
-8294
-8129
-7498
-9545
4125
4242
1036
-6105
-3113
-4752
-6993
5532
4321
-4834
2564
-8628
5
504
2484
7159
3720
4281
7241
8892
7508
-8007
1111
-4295
-8108
6198
-2686
5703
2117
-1236
8453
-1317
4906
4640
4564
-4197
-8316
-2204
-9022
-2257
-4974
7657
6625
2557
9742
-556
-3167
-4144
6469
6395
-9529
6359
9174
4722
-7218
-8718
6319
5069
3227
4734
5825
4453
-3138
-5849
5374
5146
1639
-1287
-278
7995
9071
-3011
6931
1168
-3252
-9783
-9998
9904
-5171
-2952
86
6157
-3268
-6501
9522
-6190
-2646
418
-3207
3921
-6718
-242
-9128
-756
6746
-3880
-3492
-8715
442
6266
5538
-6227
4600
752
1460
5180
7727
2496
-1420
6475
-7964
7240
2971
1476
2872
3344
4151
-4979
2272
-5264
6732
-8501
5566
-5667
1656
-9226
-3602
3884
1655
-4457
-6557
-1270
-9605
6983
9251
8220
1261
4968
-4681
-6913
-2540
-8914
-2661
7300
2376
6711
-5743
7319
-7481
-5546
2354
-150
-5670
6459
-3736
2670
-497
-1871
8825
-6268
-9858
6539
-3248
1862
5567
-4349
613
6809
-9487
-6219
-6298
-2976
-7743
3798
-6070
-2173
-9312
-5847
8562
-2641
4277
-2780
-7594
601
7786
9759
-8886
-1045
4882
-333
4789
-6794
-9089
-7683
-5465
-5130
-1741
9109
1898
9146
-1443
-4753
9448
5258
-9784
-5906
-2703
-8607
-705
-525
-114
-966
-2823
2421
-3397
-4944
-1822
-232
-9322
7617
-6960
5564
-4514
128
2046
-2229
-1862
1194
-7454
-3012
-5603
-5645
4457
5626
6982
1424
-5142
-8754
-392
-7925
-1945
-7699
7335
2211
-501
-3648
7202
-6631
-6082
2842
-9436
-4009
6498
-7168
-4325
-9745
-5485
-6387
4269
-2075
-6752
7426
-2986
2604
-8649
2338
-416
405
4296
4464
6079
-7061
1106
-6876
-1308
7808
-5188
-8247
1085
398
4147
2174
-9745
-4077
-7639
-6115
-2460
3006
-7304
3931
7215
-8975
8164
-7578
6410
-4095
742
-4235
921
-6617
-7
-5893
-9948
-6151
-8430
-517
-6553
5926
-325
-2212
-7390
1246
-2010
2499
-8908
-1604
4571
8493
9483
3418
4735
6844
-5124
4979
-3088
-8876
2008
-763
-2447
-5765
5537
-1941
-4416
2892
-5798
-7039
-2941
-2207
-216
875
9971
-8916
-9947
9288
-95
989
-3322
-3596
9717
9602
-4593
2789
-9947
7396
-2455
7857
7694
-8291
-2218
4298
439
-5032
-8008
-6487
1903
-4290
3824
2079
278
-3080
-3654
-5876
-6309
-8423
8577
-9555
-6281
-2800
5971
6342
-8030
1627
-1001
3013
-9028
-9703
-1625
-8781
8008
-8997
1451
-6766
1443
4463
-5571
6616
7845
-669
8469
-4889
2400
-1734
6391
5125
8142
-9115
-8298
-4807
-4159
8509
-184
-9565
9562
-3080
3494
6996
7418
-719
3696
-3231
-2291
-4600
-7433
-7485
-3670
-4395
862
-6795
-6107
9852
-7963
6933
-5863
-6142
2433
9974
-4569
2477
-9388
9059
-1595
6439
-5906
-1196
-882
-8872
-3935
-5421
-5514
-1149
-1357
-1190
-9970
6721
-220
9581
7159
8784
-4238
2826
9292
1815
-3890
-6203
-5427
-7879
3292
-9771
-8542
-9557
3013
337
4187
-2780
2847
-9187
958
-8852
3021
7351
768
-9207
-7145
5401
8638
-8369
-987
-7797
-6823
-4435
5079
-7016
1128
-9306
382
-9296
4182
-3874
8506
9536
-3711
9787
1906
7695
-8853
8888
5759
-693
-4225
-3457
-248
1502
-9798
1855
4603
-278
-1298
-3114
-6990
637
6645
244
1503
-8011
-215
7654
-2699
5060
6121
-569
-1212
-182
4289
-7206
2311
855
-3612
325
9224
4573
-9651
-2031
-5852
6125
-8631
2675
-9450
-1067
3048
-1455
-6125
6292
-4732
-2229
5697
-9687
-5979
-145
-7861
5695
6928
5878
7876
1765
-2393
9720
-3223
-1513
-5643
-8147
-7470
5829
-9717
-3371
-1371
2704
-5145
3626
-1132
-5874
-2755
3108
-8546
4053
-5761
8556
-8125
9060
129
1401
-7207
3869
3083
-2471
-3442
6403
-8998
1947
-6297
-9762
-5303
1073
-729
9810
4023
-5432
-6937
-333
-9181
-9133
-1159
6950
-7158
-2333
8730
-8994
3836
-8077
8886
2169
8951
-3377
9754
-9789
6420
-138
-3494
-2301
8022
8277
-4475
-7320
9651
4923
-9113
-5907
7665
-5614
-8597
2721
2712
-2410
-2513
7124
-7309
-1780
-3457
2077
2217
-1739
1943
-4851
-1861
6014
-9350
-8243
6448
-7657
4062
2079
1743
-9770
-417
5585
9845
8627
2735
-8912
-2478
-2352
8968
733
7959
-3401
344
-9326
9763
-1511
-4038
7908
-7322
-9353
-1401
-2228
-7991
-730
5
6444
-8211
278
-9365
5908
-704
-9826
-2646
-1692
6378
935
3545
-3250
2847
1000
-5882
-3042
-9213
7843
952
-3775
-3791
4212
-3400
-2373
9136
8959
-6705
4946
2208
-6629
8304
9799
300
2452
-1463
-9836
9040
1767
5368
-355
6885
-1612
-1671
4294
-9410
-6311
-4059
-1720
9558
-8749
-454
-3641
8256
9516
2495
9765
4013
-1245
3843
4401
9487
8058
2951
9410
3738
-7813
-2203
-7455
-7674
-5352
-9266
-8904
8801
-7752
-7726
4858
1773
8811
-4032
-5507
-956
119
-9298
-1602
2157
8830
4315
-8420
7991
7585
-6854
4773
4345
-2413
-4894
-2291
-8444
-8835
-2422
8737
-956
-7462
-8324
-2053
7425
-2002
-6312
-3168
230
-5322
3509
-5624
5029
-1061
7117
1049
8833
5771
7068
9672
-9784
4300
-7602
9023
-8713
-3134
482
-7240
-7831
-5882
6227
3992
268
2561
4598
-4030
-961
-6742
-1860
1751
7037
-9877
-1
-148
-7092
-8521
-1665
-5591
-4764
9165
855
5496
-1693
8038
6749
-9217
-4579
642
3847
-298
-7041
-4100
-8524
-6850
-2638
9434
220
6126
8006
1484
8111
9897
-3447
7923
-5882
6982
-1406
4657
-7726
-8010
-6275
-2103
821
-5456
2245
5474
9820
-9263
-7670
-6728
1087
438
-7853
908
-3315
5961
9586
963
2978
6497
3868
-2699
8689
-2514
6443
9202
525
-7443
-776
-5913
6481
-6422
-9184
-7815
8938
-5704
7275
3800
-2414
3408
-3886
8013
696
-7101
671
5411
-2066
9013
8776
-9191
-7703
-174
-5175
7432
-5529
-4823
-8478
-7289
-9373
6722
542
4172
-4160
-8396
-1912
382
9195
3511
7996
9287
-3188
2343
2245
-9457
-3266
593
8379
5257
8167
5388
-6854
3993
-3344
-4191
-2549
-9099
8150
2815
-5858
-9003
-9148
-8865
784
5995
8879
-4218
-8601
-8765
4532
-9170
-8320
-8374
-4973
1295
-8368
-2349
-8073
8171
9507
-256
677
-9545
-3563
-3021
2006
3747
-4165
-176
5142
-3802
3881
-7909
1555
-5066
-2367
2391
239
-3661
7642
8515
5081
-7617
8016
1462
6611
4490
-3270
-2363
-7075
-4198
2386
-4755
6894
1835
-1600
-9047
-9798
-6285
-5946
-4028
-2944
-4546
7901
-7482
4263
9187
-3421
3981
3310
2519
-9164
7174
-400
3531
-633
5278
-8310
4197
-129
-8564
-7774
3751
9057
9108
-9127
-9813
-9015
-8060
-7728
6541
-1030
2528
3065
7932
-1682
-6674
3008
-7541
-6676
-255
-1624
5073
5506
-6787
-2310
6161
1485
8821
1151
7117
7473
4288
1057
9894
-752
5606
-8352
4856
-3520
-367
6187
-1129
9103
-4567
-507
3943
6243
8823
-2134
-3958
-5417
-1741
-256
8333
-8462
-3066
-8428
1199
3292
-8590
5029
-6210
-7284
7672
3338
7803
4215
-8262
4517
-2692
-6417
9595
-4503
-8254
-7913
-2385
-7699
-4105
3859
9847
9489
-3002
-2711
7511
3966
-354
-1130
6397
6485
5576
-1074
7811
-869
-8342
3510
7744
7123
887
5331
-1397
8534
-2411
7557
5326
-4868
8145
7190
6678
4119
-1647
5393
3450
-4918
-3127
-1598
309
-6138
-5338
9803
4140
-5188
4192
-9701
1173
-1045
-3390
-8071
9571
-2598
5118
-4109
5615
-1863
9557
7526
445
4319
8771
3671
-903
-5988
2421
9736
-2377
8403
5750
6110
-5985
4369
3262
749
-6550
-7185
-1259
2619
9854
-6287
501
-4725
-9419
2763
-4390
-874
-8752
6420
5590
978
7465
3570
-1242
1015
9763
-5089
1195
-296
-3440
9829
-3819
-9841
-4692
3037
3241
-7848
2563
9799
6944
-6357
5282
901
7359
7637
9501
-4197
8952
9184
-5563
-3060
-8560
4236
-1599
-7775
-9240
-9431
4817
8944
-9065
4532
-3495
-5408
-1388
8497
441
4422
3620
-2741
4677
171
6557
-3960
623
2536
-6067
3040
-8316
-4557
4155
8551
395
-668
-4519
227
7029
9407
1380
-7606
-9122
-5519
8431
-816
9884
9870
-280
5679
2544
4364
6668
9736
-4677
-3439
4182
85
-21
7069
-202
-4896
-9656
-4592
7042
-3423
9730
-2581
-605
554
-9178
-2382
8842
2366
2200
-6220
-3119
3234
-6646
4738
-9089
7180
1794
-7739
-9950
6189
-7801
3417
-9209
7484
-8051
7661
7644
2803
4322
3295
-4966
835
-2484
359
-1479
4701
-4638
-3485
3606
-8963
3984
-2982
8810
4292
-5406
7595
9066
-7329
-7964
4393
7238
-965
7275
3957
8817
1657
1505
4637
-3214
-7281
9306
6655
5173
1004
58
2421
5173
1512
7430
5600
-9529
9125
5792
-967
-2993
-6056
6637
-8414
-5929
-9626
-7083
-381
-7409
-3319
9324
6741
5255
-1739
1307
803
7278
3548
-5748
-8099
-5204
-8178
5587
8974
5721
5255
-3491
1961
-7772
-2624
-4977
6286
489
7264
4689
8104
8963
-4304
1427
-6027
-4569
4800
-2052
-1367
6241
1937
-6268
4705
-5437
2653
-7238
5671
4566
-8162
-4880
4246
-430
-8300
8641
-2642
-8508
-1152
-6866
-7887
-2987
9354
-1981
-1016
-4680
6557
1660
-2262
7947
6127
-872
-2798
2565
4384
6027
6011
-9616
-2420
578
-8720
-4176
1712
-9226
7747
6192
9702
7554
8093
-565
8861
-8356
-5591
-139
-3517
-4234
2863
1163
2018
-3630
-2536
-9473
4173
9906
-4023
-1598
-873
6942
5469
9618
9197
-1187
-3830
-1875
-2704
-3119
-4163
2494
-1160
6689
8201
1677
-9997
-8756
-4195
-6740
4176
-2321
-3715
5455
3367
-2723
-5373
-8033
8495
-4719
7949
5072
4853
-6941
-9366
2872
-8671
-2744
-3944
115
9744
345
-3590
8217
5270
-7219
341
3497
1961
-8541
8769
5238
8106
-2920
-5878
-6168
2687
-4102
9348
8794
-9907
1618
-6649
1950
8747
9477
-4439
8675
5177
2204
1443
-219
7327
-4813
-216
-2275
2404
-1562
-4214
-9593
-1972
4714
786
1982
-3280
5056
-7562
7566
-7398
-709
-187
-6718
-4200
-7444
6054
-7648
2713
5584
3802
-2977
-5936
-2557
-7778
-1936
-8388
-5343
4244
-1085
3205
2237
-3874
-5768
6396
-967
3582
-1237
2340
4297
765
3519
1985
8554
-3908
8127
1005
-6620
6758
-4244
3317
-6043
3985
3721
-8485
8902
8796
-2157
-6979
3753
570
6670
-8749
8932
8504
-3804
-6699
-8792
3086
-6338
6954
5626
-2704
-5230
160
333
-1324
-7467
-220
-5875
2957
-9934
-155
-3665
-6175
-2273
-8496
366
-7825
4857
8613
-2103
3748
8186
7142
-8124
-1486
3136
8188
-2292
4100
-4825
647
-1198
-4489
-5329
-6031
-2474
1429
1568
-3246
-5775
-9484
-380
-5773
-1051
6228
-4790
-5709
-1020
-9335
528
188
223
804
6091
-2506
805
9965
8669
-5694
-7545
20
7163
4235
4923
-7275
6459
8044
2908
-3888
6732
1463
-589
529
-5979
3575
-4994
8578
380
2327
8492
2684
-1554
-8940
-5103
1747
-7562
8942
7260
-6974
-710
-677
2567
6701
2586
7745
608
4504
-6136
-6840
6529
9567
-7964
-4162
-8538
-3134
-5617
-8644
5813
-6276
2148
7339
4039
-1508
7298
-5923
8561
4258
3167
-4973
-5763
6984
-9125
-7529
-5544
7131
-9371
-4431
-7680
-7047
-3199
-7296
-7515
8288
4969
6990
7888
-8399
7529
4064
-7172
-3022
-7804
5077
-4688
-5013
-8470
-7655
-7132
1552
211
2311
773
5799
-2570
-7510
5724
-3667
2234
8083
-6563
-5358
8778
5423
7861
-550
1912
-607
-8032
-4737
8259
-5346
1413
-7548
3441
-3693
-3762
9699
3504
2575
-7817
-1057
7919
3452
-3854
1223
-1978
-358
2142
-9382
5314
-4543
-1755
-7746
8284
4892
-7016
-8430
5195
5044
-2926
-4067
-4821
5490
7280
1507
-9120
8550
6612
-4149
-789
-3307
-2025
-6066
9992
-4723
-9846
-3502
8445
480
-729
1917
-6019
8029
7151
-8080
232
514
-5930
5232
-1264
-1446
-3522
-7328
1144
6970
9541
-9468
-8799
-9030
5147
-2951
-9856
150
4831
-3726
-4774
2252
-8439
-5187
-92
3475
9902
-7654
581
7634
7962
6551
-6237
8471
-2845
9131
1489
4284
120
48
1886
5688
8289
3775
8196
-7321
-1589
-9114
-4854
7863
1889
9662
7877
-6902
-4537
3878
1124
-6389
5650
6544
-7894
-6090
8657
-3698
9413
-4914
1665
3022
-6276
-293
-7655
3153
2397
-6883
-4044
-525
657
1957
601
-7162
7191
6270
-4492
2653
-4047
-8079
-4272
-8647
-6975
9044
-1183
8789
-9729
-6082
-2604
7001
-8090
2103
3980
-6573
2793
5390
-5078
-7326
257
-8045
3281
2994
-7245
-9092
-3337
2082
-4543
7009
-8132
2186
3294
-5683
-7380
-6042
-8207
-4040
-7912
7641
8009
1108
-231
7431
-2989
9364
-8200
7550
-2687
-3742
6221
2151
9847
-473
8385
-6693
-3356
-1234
-3310
4817
-1930
2772
3215
1873
8651
-6263
8205
-4441
-9461
-4465
-7747
815
-2787
-7823
-6479
8932
-530
4095
-7128
4148
-9175
-4315
-5952
-4685
4617
4387
8470
-1171
-4280
9189
5105
59
-4973
-428
3553
-8939
4904
-2851
3896
1570
943
-5055
-401
-7784
-871
9223
-1920
-295
-2246
-6032
1305
-6973
5697
-621
87
3567
-4947
-4649
712
3680
-8241
-3212
662
6784
7909
5340
-3399
4383
3216
-2493
-4156
4120
7132
-658
7076
-8285
857
710
9618
-6989
9543
-162
8782
-2819
2487
-8039
-7359
-2921
9866
7682
2254
-5890
-3955
-6882
-4554
-1135
-9792
-3707
-5901
-4836
5155
1641
-1389
9741
-1496
-3478
232
7814
-1083
-8106
-5166
-2141
-8476
3151
-1312
-8141
-2629
-2923
1305
8367
1798
-8334
5023
-8654
-4900
-7117
5018
-2604
7875
-3242
7898
-674
1944
5965
3479
-3760
-638
-6580
-299
-904
5193
-2202
-483
3581
4457
-6062
6337
-5097
-570
-9359
-8215
-9954
1840
621
-8214
-5298
3365
2818
2350
3455
8589
2738
346
7849
-4096
-5092
1780
-5501
1398
2571
-1387
-1443
9218
7494
-7659
9343
9617
-5823
-1812
-2832
-1982
-1388
3669
1167
-9153
-7936
811
-1933
-185
8392
681
-2213
-3130
9526
6753
-4567
6885
2277
-7591
-5830
-9035
3316
-4851
-8837
2263
6219
-2713
2996
-6556
-2194
-6030
425
-6337
-5498
3951
-1237
3920
8885
5896
6849
7197
-9496
5834
-5799
-4193
3155
-1225
-3305
3455
9124
4603
-6216
43
-2575
-8595
-7924
663
-8875
-1303
6050
6542
-5912
7089
2520
-5685
2506
8397
-5759
-5409
3888
-7422
-1900
1596
-6757
7951
9823
1149
-6914
-7204
2921
9829
2683
-2551
-3927
8247
4400
4412
-3161
-2594
1447
9633
-6870
-2239
3324
3880
-5010
8915
2279
-3363
5043
2607
7868
-458
3635
2398
-1724
-5556
-8931
5876
-8768
-4540
6644
-9152
-6492
3813
-2859
-5246
7038
-568
8505
2276
-2215
-9359
-1299
602
9275
-9418
-6220
-5879
-1266
1422
-2112
-1784
-8947
1718
5807
-8535
1294
3245
-6378
-3392
-4029
-5823
9087
-7557
3172
2855
-3644
7398
3742
-994
-2340
8997
4439
-3450
-7084
-6013
3877
5096
9899
206
-2799
-2900
-4409
1412
530
5831
-5606
2164
5208
-3834
-2801
585
850
1140
4683
1148
4696
3295
-6307
3989
6080
3142
-9913
-4129
4638
-938
-3859
-7464
3957
3088
1246
5780
6342
-4235
2400
-7625
7974
-2584
-7799
-3744
2218
2115
-8084
7321
-4386
-6917
-2412
-7835
4425
4724
-2481
722
4321
-6960
471
-2406
-2352
-8345
9061
-6749
2779
-5560
7276
3569
8317
6442
5678
3176
2258
-8133
2604
-7767
8629
-246
1543
2932
4548
-3884
1805
9543
-5394
-9050
-1084
-9371
-5586
8173
-5434
-8349
-3720
-9075
-8107
503
-1378
5668
-906
-8624
9149
-548
-7854
-1721
8388
-256
309
6647
-2086
-7199
-292
-4056
-8221
-8887
-2025
-4469
-2701
-7662
3190
-7251
2455
6436
2076
-8612
-3736
4853
-8389
-2713
-3172
7491
-7137
-4502
-3614
277
2329
392
-5772
-1997
-4386
-4418
4134
-5540
7242
6662
-7041
-3240
-5593
5629
9643
3
2156
5943
-8026
-5620
-6033
1827
752
-4765
-5315
9851
3800
-4592
6583
2581
-5609
2974
1048
3836
2598
9793
6376
-961
3167
8262
-8256
9397
3420
7115
-6444
-3615
8977
4472
4878
3386
6262
4797
-2921
2451
899
1451
-9164
-9494
-6281
178
-7084
-2515
933
3036
3360
7034
3473
-4727
427
8329
435
-8936
-9615
-9165
3445
-8043
1893
2070
7617
-8716
-8376
-3371
8011
3002
3600
-7347
8006
-1289
6719
5069
-6144
5682
-3750
6826
-5585
854
-2932
2575
-2871
-4410
-7734
1495
7582
-2638
8020
-1384
-8539
2350
626
-1883
1573
4186
-7005
-2835
8459
-9775
-5171
4018
8971
4776
-1908
3595
-7286
-6448
-5939
-1587
-4061
-292
8156
-9259
6657
8420
-8358
6330
4664
9428
-2819
-4985
5310
2313
824
8760
-5111
9499
3154
2042
-6361
-1656
7924
-2332
-8649
5613
413
-4766
3983
-5071
-9205
4386
6567
9050
-7768
388
1386
-7907
-878
7752
-3275
2903
-6056
4998
7704
-9152
-4501
-6080
-5351
-6607
-6764
5527
3293
4749
6679
3707
4469
-5584
8146
-3411
5307
4701
-3540
7752
-5149
-7765
-680
1878
-9390
-9247
8799
1888
-5076
-4424
-9422
8377
7902
-9493
4867
-1897
9813
-1500
114
4450
3622
2243
2245
7776
5742
-8490
-116
8574
-8495
5441
4531
8910
6470
-6844
6528
963
-45
5394
97
-6323
-6644
-6349
-8423
8159
7846
-3349
-5334
861
1685
-3498
-8930
6051
6366
5511
-4413
-9865
-425
-3610
6178
4745
4728
-3532
-5341
3876
7563
-962
-2333
-7116
-9289
-1709
8632
-4615
3538
-7674
-6803
7433
-6904
-9746
-4157
1866
-167
9864
5610
4720
-9096
-7938
-9507
-9685
9883
-9132
-1069
-7833
-8290
5576
-3197
7464
-6737
9735
2595
6325
1470
6375
4760
-773
-7887
7393
-9831
455
9310
-3805
-4534
7008
-8307
6284
2707
6012
-7482
6359
3753
-7987
5250
-1334
988
-6290
-1631
-6845
-2340
-8324
9053
-6665
6134
2506
1812
9763
-1678
-2465
-8130
-6611
-5775
-2503
4518
3530
-2193
2324
5027
-8051
-103
5017
9791
2952
-3396
-2882
3375
5780
9610
-8439
-2552
-4423
2790
5173
-1973
5857
4456
1908
-6568
-9732
5690
-811
4281
-613
2311
1689
5143
-9797
8232
-5426
-9136
-7779
-8532
4419
7839
9501
201
2676
-4881
2888
-7015
-5080
4794
-3439
-5201
2254
-1403
-3287
1490
2182
-7780
-6346
-678
5050
6670
4233
-8689
-9876
5653
2707
-8289
1505
-7889
2946
5418
-7283
-4908
-3309
9306
2605
-7273
6958
8557
1199
2548
2215
-8233
978
-3332
8632
-7818
3587
-4900
5705
6626
-6074
-9530
-7846
44
3839
9119
5106
-4005
-7322
9762
-5949
-838
3158
9890
-1299
9248
-3088
-7766
-1700
-6436
-3817
8303
1747
2527
-337
7919
-3169
-3324
1981
6345
9196
948
1178
5545
-3968
7566
3986
-7910
5805
-7642
6499
-3019
4986
-1699
5388
2587
-3241
-956
8062
-1590
3838
-6392
-5937
-3811
587
4176
6180
9549
699
-1633
8669
7679
7783
9215
-3273
-7950
-6180
747
1840
541
-9116
-1866
-2655
-37
1691
-357
-6609
1257
-8404
-7455
9034
1380
-5229
-3533
2205
-9102
-3527
-4711
-6699
-550
-9505
-7547
-3375
8865
4411
-8570
-5888
9998
292
-9308
-529
7650
2732
-3265
5340
-5648
-5547
8026
-9988
6193
-2075
-4226
-2097
-9839
-7332
9416
-8887
-573
-6122
4232
-6844
1523
8618
-4724
9473
2013
2235
9374
3008
4858
-5489
3768
-7086
1197
-5247
1023
2872
-2352
3021
-2027
-8244
-8093
6874
1559
7786
2228
9990
7008
-2084
-8413
-7393
1981
3829
-3576
-7786
8724
8306
4740
9853
1707
6
4062
1275
9908
-3571
-1428
2495
-8142
-2232
3196
-6543
-6932
567
-7591
-1805
-2392
-6973
-2087
2167
-562
-5282
-2893
6463
-9944
-9736
-9904
-6524
-4617
5967
-5447
2310
8687
-8500
-5399
7965
5049
-7342
1710
-7386
3093
-5263
6838
-9737
-2838
3153
-6486
8734
1951
-574
-4227
-5640
-5888
9590
1234
-7227
-168
-2236
4755
-5201
-2970
9815
-9943
4376
-3717
7214
1612
-1540
4263
-2095
5485
1059
-7343
789
8631
-4220
4749
-1184
-1434
5996
7185
-218
-326
6966
-6374
9454
8898
5738
-3519
5771
3665
6499
5049
6673
9254
428
-9672
-5226
5085
8236
-9370
7454
9343
-2932
1851
2895
6957
-1765
3981
3366
3665
-1365
6590
-7572
-346
8808
-8046
4922
-1028
-8682
9288
2903
-5999
-543
2985
8711
-6562
-3996
9005
-4503
3659
-3698
4513
-2143
4342
-5065
-3447
9978
2346
705
200
-5915
5997
2268
46
-4707
-6976
-6283
-2162
9960
-6196
-7123
-9828
-462
1396
5531
9778
9212
-4097
4449
-6932
-1737
5487
5511
4375
-4614
-1374
-6537
-4796
1133
9886
1997
3581
7579
-8508
-7931
-5060
-3121
6000
6723
6315
2186
-2737
-1525
5498
3747
7543
-4976
1856
9232
-3210
9058
-3782
2529
-9884
-4173
-7836
4165
-8101
8961
9354
-5823
8905
5449
8245
-2911
7598
2638
6954
317
-7255
3795
2808
1013
-3703
8665
7686
-9131
-5176
-8021
4766
-7122
-7516
47
-6914
1648
7928
6697
5558
5515
-7034
2997
7504
772
428
-5486
6403
9973
-3118
-6640
-6674
1121
-2152
-2564
4827
1298
4175
-8798
2925
1127
9916
-4218
7531
-8913
6522
1231
-5505
-9871
-916
-1006
1802
-2987
-5474
-2752
9660
8184
78
-5551
-8674
1206
8016
360
-930
-6221
-5158
-963
-8969
-3686
232
-625
2692
9844
-7924
8329
3850
-3226
-8740
9590
-609
7753
3980
1929
7454
-671
-7942
2370
-957
-2186
-6475
-9334
2078
-995
4731
-1496
8831
-8695
9753
-2644
-6454
-5365
-4592
-9611
-1329
-3757
4107
2178
6556
8585
6592
5736
4006
-825
-5299
-9789
-8574
8542
-3833
4346
9868
-2153
7290
2280
1631
-6790
-9128
-5975
1904
-2622
2673
6231
3144
-8744
7894
-535
-6051
-8087
1968
-1833
-5047
-6246
-5446
5804
4123
-1613
224
-8215
-6272
2726
-4155
7423
-3924
1417
6730
9417
8798
-406
-9589
-9825
9348
-6329
8794
8615
8450
-5751
5747
-3813
2216
-5422
-2758
-4898
-8986
1355
2208
5492
-5442
-7765
8509
-1570
-9664
-1196
-45
2306
-5504
-3979
-2573
5245
9946
9762
-1684
-991
-3851
-5966
-9284
5325
6488
-8588
2930
2732
7758
-8684
8481
4498
2312
1499
-6389
4489
-4484
6800
6905
-4148
-7174
9823
-9683
1566
-4023
1807
-9197
-3516
5863
-9964
-7729
1471
6136
-6084
5719
-416
-2161
-3882
-3017
9663
4106
635
-9097
3513
-1924
-770
3501
-88
5853
-9426
-2365
2050
-2570
720
5363
-2430
8013
9474
5607
-5865
390
7006
-3627
59
-3524
9243
26
7884
9569
6130
-244
-7548
4729
6200
756
7211
9984
3552
-744
9927
-815
-5599
-4112
-9046
-306
-3277
1425
5595
-4457
-774
7475
8505
6755
7090
186
-3482
3977
-8175
9898
-8580
-8483
-5165
9947
2465
1758
-9842
-2673
1909
-8107
5535
6179
8502
6408
-7109
9798
-6036
2160
-4509
7919
-9926
-8513
4593
7402
5855
3364
5627
-4472
4437
731
9608
-9861
4145
-8506
-3602
-762
-3756
-9326
-8755
4365
2165
-4075
6407
4552
6002
-7701
1470
2727
8295
5247
-552
7597
-5335
-1648
1222
-6646
-1453
-4541
-7786
-9533
-2043
6281
-2681
-4527
4055
-7368
9197
3833
-4598
9577
-7161
-561
-9111
-5993
6784
-7875
9558
9620
-686
-252
-2132
1939
-5221
-6965
-5326
295
-4673
-4560
-8573
1925
4232
-8232
783
-2143
1427
6664
-6036
-7539
-4312
-6239
2379
6247
6809
-587
6773
-1680
2774
5413
-2620
3779
-5282
2297
4867
2510
9773
2604
1627
-5752
-4541
1135
-8534
1164
4638
8541
4432
-5272
7375
-721
-782
-555
6571
917
-755
-6967
6989
-2455
-4675
-2967
-1417
-3943
9826
2608
-2017
8049
-4296
-1762
-4857
8357
7274
85
7369
-5005
1949
-5149
-9006
-1733
-9256
-3588
-627
-6635
-6372
-218
4184
-2041
-9203
-4868
-7457
-8547
-5492
9912
-2967
-7562
1376
8281
-685
1986
6047
-7177
1534
-4440
5178
-751
9288
-2598
1164
-337
6982
-4987
-1294
-9573
-4114
2231
3290
6370
-4027
2429
2227
-4619
490
7446
-436
4477
-6822
8635
-8593
3636
-2346
-176
-8784
1010
-1935
3458
8430
6370
5052
-7401
-2961
6965
-1883
-5632
4467
-9198
-3947
262
-8816
4178
-8004
-6832
419
4782
7319
5544
5502
-445
-115
8703
426
5349
4453
8384
-2193
-489
494
-9521
4588
9159
3124
846
7359
9521
-7683
5765
1542
-8893
-6069
9649
-580
-4792
6620
531
727
9203
-688
-3624
-2411
-332
-104
9278
75
-9544
8938
-6691
-4768
6999
-4029
2594
4171
-5972
7692
-2946
-8837
-7094
7999
-2028
-6899
-266
1493
5563
2974
2085
-8847
-474
7898
-5914
-3949
-7846
507
-516
-5301
-9128
-164
6080
-7847
7168
-2399
8164
9472
9208
6754
752
-3954
8344
2559
-4361
1804
8151
-9510
-5473
-9847
7129
-7562
-6836
-68
4846
6523
-6476
2972
1955
-4835
9107
-4484
7783
-3364
6476
-1025
7318
-8388
2279
-5352
2264
8923
6549
-9527
7085
-7093
-800
-58
-9544
-1088
7630
1449
6899
-1443
1066
4532
-9975
7815
715
-8167
8129
-6711
-5516
-9688
5663
-8384
5380
5552
-3039
-4252
1677
-5124
6122
-8593
6171
478
-8097
2029
2935
-2586
1861
5961
9009
-5101
-4473
6979
59
-9533
3020
-669
7838
9399
-2641
-963
-6558
-8782
-7575
-4127
-7674
9977
-6633
-2843
9069
-3156
2056
7575
7420
-5913
4976
-4745
-5735
3070
4007
-7822
-2969
-5046
5226
-174
-4625
4010
-2511
-3203
382
482
-4069
8043
-5081
2459
-7316
-3792
519
-9189
1770
125
135
3286
7235
-617
8222
5496
8442
2897
682
-8166
-572
9108
4743
5942
-7607
7602
3371
2200
-2050
2768
9501
-3863
5894
8721
2570
8834
-6319
-4161
9466
3972
-6347
-8637
310
-7118
-7687
6639
-709
6222
-2035
8824
810
-3815
5301
9892
3969
4902
6556
-8833
-6303
-3199
6626
-9195
7817
-3526
-7853
-6856
-6487
-9608
-4941
6485
-5059
9089
-9266
6468
5940
-9715
5313
1641
2635
5107
7247
-5318
-7017
2330
-5045
-1053
9544
9416
-4290
-7151
1490
706
-4799
-2903
7321
9532
9303
-7057
5560
7510
-1638
6870
-4821
719
-3091
-8070
-9347
-2711
9219
5655
5848
-5575
-698
2111
5664
1708
-5355
-5719
-2885
172
9144
-5622
4305
-8528
-6593
-5148
8921
-8868
-2604
-6323
9309
5813
7208
-7838
-5406
-2055
6171
341
-7492
-4558
-5541
601
-5000
104
9051
-814
-5591
-3783
-317
-1112
-9488
3488
4753
-8011
2850
7515
9354
-4034
101
5097
7224
-9215
-1937
4770
-3580
-2667
2258
-8051
5878
-7856
5794
-6333
-1400
8013
3470
-9547
5245
256
9644
9370
4051
-6765
-2311
-7576
-1756
-2992
-5175
-7717
1127
-5791
-1858
-2021
2901
9009
-7499
4281
3902
8990
-392
-4216
-3836
-3409
148
-1047
-2493
-3328
-1617
8538
-8231
-7083
-8744
9974
9805
6086
-6362
5838
5378
5710
780
-98
9663
784
-5201
-6758
-5354
-3171
1617
9773
-5098
6729
4756
7724
5581
-2954
-1422
-534
8346
6083
-6866
4906
-9712
-3190
1404
4897
8345
-5399
4017
-5515
4775
-591
-4256
1578
-2657
-3886
5200
7934
7899
-1076
5564
-6293
1025
-2998
4590
-3738
666
-8589
9377
-4032
-1976
-19
6350
-7550
3286
-2458
7310
9718
6786
2749
5776
5927
-3492
-8806
2979
-4430
7664
-4482
-4164
-7731
3657
4498
8437
-1367
-1359
4681
-1371
-4517
2693
9754
-7470
-7232
-9229
5485
3434
8500
-4170
7696
7121
-8713
8236
4507
7519
4164
2880
6350
8971
2263
-2954
5210
-886
5211
-3507
-8678
-8311
9786
9244
-9963
5534
-9171
5488
-2684
-2000
-2012
3571
-6090
-643
2898
-4455
2121
-7371
8835
-7486
6104
-965
4888
-1223
-3061
-8602
4714
3334
-7341
-9089
-1799
4177
6945
-8272
-6950
2857
4966
-3339
348
-8121
9276
6852
-2365
2665
8521
1028
-8222
-4238
3108
-1360
3046
3217
6745
-8841
6894
-7653
9148
3234
5564
12
-8006
-5101
-1527
3201
8563
7875
-6222
4751
-1399
5780
6296
4048
-7064
-9339
5377
-2310
9106
278
-8396
-6172
-801
-9974
-4363
664
7052
3038
4070
-813
-9392
