6110
-3871
-7896
8963
3166
-9219
-374
2823
9651
-1763
4550
-5448
3372
-2229
-4446
9191
-4768
-2466
-10000
-2138
-3461
-8227
-4473
-8721
-7713
-3695
-4775
-1397
2362
-9546
2843
-648
-5997
-3754
-8542
-6353
-4867
2080
5753
9638
-6489
-2893
-2268
3051
7159
-663
1709
-1705
8110
9612
-9120
460
9154
-2833
-9718
4069
3303
9593
8855
5247
3411
-1820
-402
4901
9790
2013
4644
9563
4788
-6636
-3824
8466
-503
-9886
632
-3378
-3769
-6783
9322
-3243
5310
6697
-9636
-2953
-3287
-1810
-476
4825
3945
-5924
-7976
-9459
-5106
-270
-4072
-8599
341
5898
-8733
3671
-4940
-8792
-9597
4545
9077
4556
-8680
-6580
-7387
-2735
6794
7552
2050
-2450
6810
-199
-1308
163
2486
8535
-8556
1534
9557
-9914
-8278
-4938
-9942
-3541
-8296
-7417
2921
-5351
-9441
-6909
6338
3308
3507
8126
1052
6239
4474
145
-9431
-543
-2023
7224
4229
-4245
3857
255
-7049
6171
63
673
-2771
-8377
-4988
-9057
8624
4353
-8752
-9739
8745
-4391
6551
5936
-2657
-7225
-6642
4398
4336
-3759
3790
1029
-4888
-8298
-7799
2613
-352
-7835
-8059
3624
-4398
294
6322
8761
-472
-348
-4215
-1153
4526
5738
1779
-1254
-675
8456
4426
7038
-8970
-8950
5062
1793
-8290
-7397
-8864
-7288
6855
2981
6564
-8037
824
1248
285
9675
-8455
-9668
4837
7630
2025
9716
9611
-6151
-973
6027
2952
8169
5938
931
-2147
4382
9611
7323
-8365
1902
6307
7646
2029
-2113
5835
4873
8519
2990
-4780
566
3720
1807
4636
-9748
5660
1711
778
-741
6851
282
9672
795
-212
-1663
3278
5681
-4253
5088
1465
5197
-7104
-4125
-6075
2763
4681
4010
-3723
2679
-2823
-81
9385
9903
2389
2935
-7210
1035
8687
3654
-7246
4959
-260
-4432
3677
5216
-5296
-6232
-5229
-8319
-9734
3155
-286
-2491
2844
-539
-9478
-691
1820
9745
9130
2413
-914
4732
1878
-9543
-6986
-9748
2231
-9317
-4267
9439
-8839
-5455
2567
6770
5127
2758
-7444
-233
2139
-6500
2771
-456
-9740
-7397
-6874
578
-3102
-5962
5474
-3412
-7330
6930
-5245
-4619
1488
-2573
1281
5449
196
2533
5722
-1695
1620
5358
5215
1310
-8029
2056
-9464
-8801
-6632
-6236
9620
-8363
-5672
3102
118
5490
-7859
-613
9342
-2264
819
-4485
-2131
-8833
7134
-6560
-2028
7462
-2303
4600
-7354
6210
6889
-3696
5678
-6168
-2424
3058
9247
422
-2028
389
-9177
-7224
-6561
-9146
6207
4980
8397
250
-2255
3523
-3728
8201
4120
-212
-5489
2483
-4038
6321
4928
-2502
865
8195
-5961
-6418
1385
1193
-727
2226
8059
4349
38
-2502
3584
3619
-4216
259
9805
3898
4193
-4998
-4727
5434
-953
-4840
-6115
4715
-4148
-1505
6257
-9881
3728
4306
-1360
-8271
-1864
-2604
5464
-1902
2699
9250
-7491
7355
5149
-5889
9215
-2044
113
-802
-9923
5598
5624
-9823
1758
-6147
-1797
919
7954
-1791
5582
-4667
-389
-5506
-1372
-3350
-5196
657
-6441
8270
8557
4086
-8098
3664
9475
968
-3150
1058
-1043
8400
9254
7525
2812
4795
3016
1889
8212
6561
6457
-4488
-8611
-7704
9627
-8822
-6940
2937
3300
-4418
-6568
-5471
-2678
4867
-8126
-2951
2803
-1280
7425
-9051
5569
6864
5864
-8305
-4161
9258
-8590
9136
-5163
-8923
443
3701
-3470
7669
-9097
-5343
4867
-2184
9777
-3547
6935
-8360
3319
-405
7796
-2126
-3995
-2158
9410
-598
-5055
984
-5500
6790
6715
4218
2831
8749
1081
-2177
-602
-8574
8685
-6785
3352
-9484
8981
5542
-7910
7623
3070
-5657
-9298
-7335
518
4061
-645
-6929
2807
-9035
9902
8605
6960
-1475
9084
6002
1531
2905
-4479
6096
4627
-1600
-4913
8306
1499
-6381
-9136
2911
-6271
-3238
-1072
-9702
7600
-7019
-1820
1223
-9995
-7158
-5439
7186
9014
902
7379
5000
-6253
7920
9568
-6004
-6448
-1782
-966
3128
7343
-6901
-3030
-5489
1704
-9341
-9378
5351
3491
-2393
8483
2801
6942
1959
-7801
4505
8937
-8916
-610
-1241
7227
-9746
5061
-2114
3376
-9995
4573
-6248
-112
4098
1973
1477
-4316
-1079
2617
138
2763
-7199
-9173
2280
-557
2214
2908
8883
-9949
7125
6226
-6390
-8588
-3787
7030
3831
6326
-9726
3337
-4855
1631
-8235
4959
-9345
-4448
-438
1007
3132
8676
6823
-890
9260
-1902
3620
6228
8773
5659
-4896
1557
-534
2320
-9043
-7356
4037
-2149
-608
8665
4672
1952
6588
3738
6149
6948
7357
-2009
8332
1123
6418
-3640
-3775
6387
888
2497
-7499
5781
6304
-9485
3274
-2415
9728
9014
-8413
9663
1767
1630
4207
-5089
942
-2933
-9397
-6368
4089
-2089
-7352
-5956
5589
1370
-2267
9581
-882
5325
946
-1417
7828
4685
-5137
-7837
-2015
-2812
-4727
-5282
-6281
-7379
-8883
3305
-3520
-750
1450
2746
-1621
4139
531
-2762
5432
2938
8872
5915
-9593
-6441
-7188
6565
6488
4860
4651
8534
-9601
6184
-6527
-3568
3007
7241
-4193
1203
9351
-8338
7348
-79
3558
6663
2245
5087
6893
4249
5437
3562
-2780
-270
-9032
-492
-4029
-2473
-2883
-3172
-2607
2820
170
-4643
-7695
-1953
-5524
-5654
-9277
672
-5593
2733
3925
-379
-9954
5814
-7526
564
-178
-8028
1632
-6061
7198
3243
2210
-5417
-7133
-4182
7449
3154
-193
-9552
2536
1000
-2993
5862
9435
-9697
9097
8062
-9275
219
2588
-5680
205
44
6665
-5400
9074
2424
-4937
-4534
-5572
1384
2599
1308
5948
-5297
-6558
9233
-510
-9055
6746
5973
1699
-3319
-7487
8956
-8818
-6551
-3009
6176
-3279
4611
-862
6119
5670
1103
4071
8075
-2889
-6446
8497
-9068
9283
-8670
9805
-871
-9348
-6359
1104
1624
3768
-5630
-2241
-6184
-1428
360
-7652
-955
-1936
7155
1133
7544
-3858
-4346
2200
-2537
6713
-4215
-6599
8383
-3101
1842
6061
-9351
6863
-9781
3704
-347
1993
8050
3991
-1
4627
3341
1545
-3405
-4934
9471
-5688
92
-4344
3602
537
9201
5972
1589
1532
4485
-3316
904
-7308
-2855
-7579
-7461
8162
-1438
-638
-1917
306
2144
5243
4987
-9121
-9360
6813
-8643
428
9982
6663
-1135
-2268
-509
1660
1056
-2205
-7191
-4621
-9801
-864
-6907
6524
-4035
-7278
2309
-9811
-2316
-6310
7466
-534
3024
4109
8057
9363
-2396
6523
-3021
-9435
922
659
1793
-5783
6788
-8794
-869
-5145
9276
3515
-4861
8403
6888
-8940
-9982
-4361
-8896
-5203
6566
5437
-1880
49
2944
-2470
-7978
3804
189
6002
3232
-1338
-8158
8467
-3670
7913
2336
2804
3675
-1757
-225
2499
8616
-102
-6724
-4143
4430
3956
6992
5740
-534
7060
9599
-3385
-502
1905
-6584
-9151
9264
-8545
8525
-2835
-4783
2073
-6670
7183
4860
2794
1308
8731
6192
2067
6418
6747
3002
267
-3695
6799
-9015
-2944
2509
-5715
-9646
9702
8589
6358
-1591
6027
-9143
-3702
3166
-6647
-5257
6795
-2453
-2007
-5668
-2301
-7228
-9214
6176
-69
6596
-1494
-1593
6406
-8843
1215
3105
-2251
4375
-2059
-1408
1893
4382
-3234
5354
-5282
3643
4335
5320
6401
5781
6693
5363
1501
-159
8309
4963
1023
-8400
-4612
321
-1416
-3196
2253
-4957
2632
-7978
2349
-8726
185
8700
-6987
4758
-3592
-7014
-1883
-840
5185
1734
3740
-8957
-9495
4795
-1120
-3462
-89
-7256
-739
-6601
4472
-6736
8812
2923
-4498
-6643
207
5933
5939
8182
6975
3625
9964
5059
7387
-7534
6425
1519
9742
-1944
4298
1026
-2761
7659
-5768
7235
-1927
-5883
3808
84
-6265
3280
1505
-3660
8615
-9146
-495
5482
2129
-2354
9591
4993
-4100
-3574
-6467
-2100
-2391
-4529
-8968
1460
-3134
-2672
-9942
8595
-2941
-4482
5349
-7143
955
-945
-1944
-5788
-8655
-4255
-5722
3068
-7753
-2087
-1021
971
50
7191
183
9272
9073
3857
-7062
-9565
-3309
7510
5111
-5152
-941
9446
7869
-6305
2534
7768
-9637
-388
8833
1348
-571
5457
-9782
-9799
3111
-5386
-6891
-4869
-5366
4436
-6060
612
871
8227
4201
-539
-4205
-4460
-7888
4543
3409
-6338
-3296
7106
-6906
6344
9145
479
-1116
5914
9125
5095
-5058
-653
6339
-1033
2785
6164
1902
7511
2859
4527
-3604
9757
333
247
2185
8719
-9058
6406
-2389
4647
-962
-3495
6265
5964
-7781
2518
-5480
4636
-2669
5802
-9695
8066
-7355
-4835
-773
9143
8001
-6630
-6816
7588
8872
5353
1092
8086
4609
3134
8262
233
3516
-4223
9452
-9445
-415
9779
-3376
4271
-8092
7683
4772
-1857
4906
4494
2805
-4205
-3664
8455
-7977
-6395
3714
6939
-1826
917
-7201
1523
-3494
3818
-9206
-8320
-5795
-5377
8962
-4104
-7363
-9454
3122
2187
1909
-7424
-8326
2481
-1135
-2032
4552
7316
2921
926
4378
9530
6909
2415
-6753
-4383
-7011
8041
5803
5920
6679
3644
-6461
-9437
1033
4248
9518
-5586
5462
6372
2205
-5167
-4698
-8383
-5963
3151
1008
-720
-9205
-5158
-3223
-9817
-5807
-5360
-6775
3731
867
7054
-9226
1243
-9502
4915
9317
7102
-6884
-8393
187
-9466
-691
-1172
8307
6429
2087
7553
-2760
-697
7456
1734
4390
-1520
4172
23
9103
-9878
5958
-5072
-5919
1365
-9071
-7333
-6708
3854
-9943
-7719
7313
-9477
-5402
-4224
2233
-6214
-8596
-7945
-6933
5949
7118
-4821
-6209
4004
376
-3201
-1183
-4257
-993
8037
-1198
-3450
-7047
-1139
5176
3579
-6593
-1503
3131
-2777
-3575
6996
-7552
8036
-3227
-2559
-9234
4313
5291
-4162
-9278
-1332
3521
-49
-2490
2130
1671
5453
-4030
1349
5101
5547
-5862
3134
-9486
8080
9505
3508
932
-9586
-9532
-7919
-5663
7773
-4554
5072
7861
2793
-2045
2078
9868
5823
2576
2988
-1930
-7498
-2053
7812
1634
-4253
2560
-2656
6474
6760
8854
2237
9472
-8014
5025
8025
1930
1205
4407
8481
-600
-1135
-5477
-5759
7517
2768
5480
8335
-4208
-183
3860
1135
-5178
-7701
-5234
-9943
5918
2124
-3418
-7488
-7770
-6068
-7989
-4143
3014
-6700
2776
-7494
1942
9176
8434
-7077
9792
-1723
6881
6008
-836
5859
9757
-1241
1755
2594
9591
-1376
986
2024
-2993
-3228
6837
2911
-6488
618
1705
5148
7601
-5159
-4783
1677
-4846
-8973
7666
7512
2075
-6740
-4473
4128
5879
1563
-47
-3754
2958
-2447
-6116
-1006
2358
-3657
-1338
1438
1533
8106
4908
-5115
-5055
-2809
-631
-9661
-6811
5418
3861
7986
3133
-1572
636
8171
-355
-7272
1935
5099
-6093
-6886
-1209
5494
7384
6311
-6905
-5900
-1564
4921
-2081
-5843
8991
-9897
1857
-1038
-3876
8438
-9616
-7008
1967
9140
-8559
-847
-319
-1134
-5346
5159
-9060
-4581
-1903
-2530
2060
6774
7092
8412
8857
3216
-3634
3185
-6658
-5264
-8435
9268
7593
-7683
7217
6974
780
-4763
-9625
5917
2041
-9996
-874
8276
1993
-6107
-9546
6283
8554
-9752
-2906
-37
8139
9971
1589
7706
-7114
-7489
6295
8691
-4714
7351
-9039
-2382
1628
2614
7866
1992
-1674
-8784
2448
1802
-685
-1423
1843
5438
-1731
-1061
6842
-1277
8870
7448
2220
-5334
9975
204
-9153
8360
-7426
3415
5256
7261
5888
4001
-9640
-3841
799
1961
-2238
1037
1861
-3352
1583
6865
-4184
-4910
-7450
-1348
9937
6871
-7377
-3186
-1652
8612
7183
-1759
4541
5305
8773
2845
-4872
-2068
-9894
-62
765
5340
-7254
-3988
-7941
9966
5203
3215
7267
9832
1948
6690
887
-3536
1252
-2803
213
-5794
5175
2825
-4883
8087
8026
3014
7676
-129
-1057
-9413
8458
4534
-5159
4321
-1073
4175
2153
-275
-6396
7227
-9305
340
9505
-5249
-1553
9739
2323
-4572
-6581
8953
-6852
-6120
-6547
1761
4015
-8813
4499
-458
2034
783
-6845
736
6629
6362
-5753
-9078
-79
-6663
-6640
7279
5093
3135
168
-8569
-9716
3284
-4885
8698
192
-8647
-6887
-6021
4294
7886
-4624
7342
-446
-5089
4061
8042
-6106
-7260
-2796
7873
-4723
-1935
-868
-256
-8009
-745
4138
2511
3792
-8560
2425
6542
7711
-8909
9276
8116
-6084
-1387
-4355
-6689
-9410
1612
-2913
2801
2645
-9809
-5025
-4895
-996
-5997
1336
2729
-3610
-7731
2811
-478
403
4543
-3133
5100
-4261
7074
-5310
-7403
6737
4703
-6280
-2405
212
790
-4293
5082
937
-5491
8542
-1949
6218
-3295
4494
4773
2901
7087
5941
-859
-9674
3590
8999
-5980
-2909
-3783
-882
-856
-5716
-2293
8933
-1474
6478
-4524
-6479
-3763
-9348
7177
-9728
9911
-2093
-867
667
-575
4936
4577
-8942
-8799
-5415
-4842
7904
287
4831
-5285
-7976
-6701
4305
-6509
4620
-4379
-7331
-5102
2668
8219
-2299
5456
6497
223
2873
-8809
-2865
-3795
-2739
7991
1933
-6560
-5791
8354
6669
-5364
-2245
-1352
-9378
-588
-2757
4846
-7212
4994
-5267
-4630
1216
72
2284
-178
9766
-865
-6995
-660
1663
-7016
-7294
-8884
10000
-9257
506
-6973
-644
-7932
9372
-9538
1777
-2991
8881
1459
8139
-7222
-1200
-7350
-4538
-6929
7298
-5505
9158
-5645
145
4458
-6143
3268
1174
6385
-2616
8991
2259
867
-8216
4820
6304
3133
2049
6643
-8324
-8489
-6385
-7947
-5682
3106
4921
6047
-4251
-4326
-1650
-9349
4966
-3857
-650
-7001
3242
9974
8625
7409
4462
8753
9785
-9154
-9726
6170
-2395
2565
-2204
-1681
9240
7
-5371
2705
7077
920
5877
-5829
-659
4958
-7604
1362
3005
-3063
-7741
769
8835
201
-916
7499
-765
-8038
5576
-9093
1705
5896
9907
4896
-8120
8988
-1216
-7872
-2497
-3831
-9039
5651
-3201
5549
9149
-4584
-4278
-9342
2569
6804
-7812
1180
6072
8079
-7945
-3371
198
8137
1091
8181
-6399
9604
5990
127
-6063
-7971
5907
6479
-8464
-3178
8336
1443
-6463
2343
-9371
-5502
-9537
6338
4034
367
5829
-2302
602
-9220
-454
-8825
-7686
-5913
-2283
5311
8037
-5117
-4649
-5776
8023
6739
-6667
-8985
98
-1332
-8518
7077
-3424
-8754
9230
-1359
2822
9750
3899
-9412
-2498
-6495
611
-9498
7381
-7513
-6747
4092
6956
8180
-82
4424
5023
2786
108
-1140
-9705
-8740
-1880
-1261
-1281
9366
8074
-4012
-9876
8964
1083
-999
-3809
-2792
3521
-9441
2652
5195
-1648
-2180
539
-4720
-3438
-1503
7132
2806
4566
5871
-5527
9531
4850
2447
5058
-4492
-476
-5338
-3372
-116
2911
2657
8253
1824
4545
9298
-2527
-2138
8072
-79
-5660
745
4643
-6914
-5601
4597
5491
-8463
-6120
5587
-8259
6823
2919
1813
1812
-6353
-2261
7727
9822
-7842
4348
-1454
405
6221
6141
-4870
227
-9840
5385
7088
7119
-7080
3506
6959
-9926
-4624
-4041
-7211
-7525
-9185
8671
1949
5077
-5836
-2490
3010
3250
-2904
5431
8440
-1684
4523
2152
-3331
-8033
1881
-2274
9394
-2584
-4512
8944
2765
4316
-2260
-613
-7745
-7415
-4430
-2897
-9220
9216
901
-4311
8473
6023
-1107
-9118
7715
-8835
-2106
-1953
2641
-3182
-4148
-7489
-247
9957
-5766
-9543
6074
-2290
-9960
-6134
4867
9104
9288
-2875
-7181
6353
-5678
1101
6635
2142
-2885
894
374
-3346
7249
-3365
-8883
7694
-3372
-6672
6148
3894
-755
6200
-8652
-9229
4332
2569
418
5681
1101
4828
-8969
4376
-1281
4069
7787
1151
-8952
154
-9508
3751
-2008
4232
9142
-9796
-8281
-8542
-90
-8634
-8599
1792
2683
3187
1107
9062
-3183
-7721
1963
-9169
475
9750
6804
-971
5443
-2736
2553
-6020
-7148
3017
-8372
8887
6595
1955
4648
3228
-7215
7373
1893
6972
-123
325
5341
-4714
-3539
2244
5248
6349
-722
4108
8779
2868
-2898
-1392
2783
-4633
7361
-9042
-9451
-6456
-9687
2253
9504
1059
9468
-8820
-2459
-6895
2869
-5973
-2759
8898
-688
8817
7200
4877
8821
8201
-843
2862
-397
7617
-1696
7116
3146
-9897
-6130
5059
-559
-3754
506
7321
-2729
-6489
2946
9718
7070
-5150
3785
8793
2876
-6305
3660
-8956
-6103
-4699
-1292
6625
2882
-5559
-187
-1312
-4023
-1088
8599
-737
-9147
-2086
-3542
-891
-149
-4688
9654
-8708
-1097
-8745
-3327
5652
-4141
-2240
23
-3767
-4928
-3822
2242
-2360
9997
-4093
2182
1601
-4194
7616
-6254
-756
-1581
-3173
-586
7701
4625
-8614
8367
6220
-9819
-6766
4217
-4700
-7711
-3155
7119
-6177
-8993
9333
-2444
7429
-6623
-352
9667
-6578
-2065
8134
4325
2922
-2134
8719
-3295
6859
-9834
213
-2741
-2249
1153
9808
-5981
9611
7201
7992
-1261
-7368
9960
9432
-5784
7009
862
726
-4363
5297
4891
9294
1020
8594
1099
8074
2105
-8013
-211
-4661
-9404
9458
-2157
9913
-2864
-628
-7858
7506
9198
9637
7242
5744
5647
6350
-6096
-4074
1412
-129
6434
7925
-7985
8568
-8283
7900
-1948
6172
4519
2955
1155
-4530
8875
638
7646
-8642
-7119
4541
-2597
-9269
-8815
1335
-4912
6906
6085
6574
8900
-3258
-7281
-8316
5804
1146
5843
9456
-9463
-3858
7906
-2404
8017
-8126
9005
6832
2466
-9107
-1042
1783
-563
-2118
7824
9942
-9305
-890
-3882
340
-8389
-8191
-7621
-318
6977
-5207
4807
7887
606
-7890
-8943
1811
-9979
-6830
-5543
-4075
-7152
-2174
-5650
7514
-1771
4382
5011
5991
-224
1306
4581
4556
7798
3287
-4900
-9977
-7219
7558
-3104
-4190
3453
-5479
1906
-6297
-2451
7888
-2022
-1783
3237
6375
7667
5267
7084
9115
6080
4166
-4413
-893
-4932
-9635
2354
-1507
-9492
-6760
328
8922
5073
3228
-6020
2321
-1725
-1162
-6323
9217
-5459
9756
8711
1174
7223
-7573
5003
9838
2079
5586
8442
2880
-6008
2271
2352
-8948
-9316
-8686
-5456
-2415
-8951
2767
-6280
-3098
-2347
6575
7932
-1715
-6329
2805
944
6838
-5401
-8132
4129
2912
5447
4466
8518
-3579
-6883
-6911
4760
7639
-4246
4378
-3561
9223
8664
-9122
-2102
-8703
-3512
6710
6185
-7781
7016
-7362
2004
453
-3421
-9691
-3524
2725
-6884
494
6926
3439
7957
-2537
-3677
-1096
-6446
-5787
3642
-2793
-7869
1485
9485
7209
2184
5416
6711
-9408
5654
4376
8988
-5750
6152
-1569
-637
-5302
-3468
5923
-3999
6395
7371
1224
9307
4739
6748
3850
-2622
-6649
1740
1966
2286
-5982
-519
-8648
-4823
9668
-6925
-4409
8938
-1288
373
-5448
-4912
6515
4171
-8345
-1825
2166
3428
-7431
-9435
4075
-568
-9422
-7984
4782
-381
-345
-1738
-3089
-3360
-2378
-9707
-7697
-3622
6831
8903
4984
-3327
-8895
-1807
8515
7123
-3922
4063
3919
-9399
-3553
-157
-1263
8538
9683
-9849
6067
-9639
4277
1655
1257
8080
-4262
7682
-7294
3733
-7396
-5918
3789
9594
4115
6732
-7227
8712
7285
-948
622
5297
-4145
1642
-6875
9333
-1771
775
-1573
3216
5685
770
-3444
9803
7488
-5286
-3346
-4
-7346
3177
3675
-5453
4518
4939
-5381
4171
7973
8199
-8018
2725
-4122
5207
2952
9382
3867
4437
3416
1330
5391
1730
-4747
2815
9985
-3734
-4826
7537
3734
-6592
-3947
-8189
1761
6251
-4866
-8249
-6014
9945
4784
-8276
917
4742
-9772
-9982
-1969
-9948
-4735
8443
-8073
-92
7970
4348
-8187
-3049
6680
3962
4793
6556
7952
-5355
5808
-582
-2793
3936
-5157
-6244
-7398
6015
4979
-5885
-5088
-325
-2694
8444
-571
3748
-111
-3131
5457
269
-9689
3123
1157
6146
-7316
8925
8488
638
1696
2275
7912
-7978
-5161
4212
-6786
4929
7209
-4684
8656
4898
-4487
5932
9189
5220
3517
-4393
-164
-6158
9169
-9522
5137
-5975
5016
3090
-2604
8137
5885
4574
5220
-2522
2755
-2856
4645
87
-6714
-1109
382
-5350
-1332
-97
-7415
-2156
-1293
-2128
4990
8955
-1116
2872
3805
-5475
3881
-7376
-7653
4781
-8731
-5663
-1547
9307
8140
-7296
-4163
3396
-850
1897
191
4282
-1663
-7356
3931
-3395
-4342
6831
2418
3910
3245
-9763
-2967
9173
-8920
709
7420
-16
-7030
-8722
3145
-3127
3798
-2628
9882
3143
-5370
-3551
-7346
-5681
9502
530
-6943
5248
-8701
-2694
4238
-7638
2916
9331
-7762
-1552
-8635
6577
6113
-3529
-9233
-8982
-542
-3594
6029
-2825
7034
1562
4677
3003
4812
-4822
6539
-3798
-8452
6229
-9287
3820
-6079
3666
-3518
-2651
-8139
-1475
9943
-632
-8261
-9985
-4844
5843
4525
379
-4174
7232
-3656
-731
-1532
9517
4463
815
7526
8529
5932
-9780
-1349
-7690
6225
5928
-5243
4688
-974
7471
6057
-250
7304
5329
-7523
537
-8324
4571
-4184
5133
-6131
1533
-8768
3679
-5949
-938
4427
5429
4396
-1961
2110
4150
1546
-6656
-3028
3164
-6298
4709
-2347
2896
2631
2554
6617
-9945
4094
9149
-1111
5804
8404
-6055
-416
-3131
-832
-9613
3708
-4223
-9039
4265
3754
5515
1145
-3428
2019
8339
-7291
-3216
-9216
-9536
7215
-2271
-9645
-3027
-5834
-7224
5643
5644
-5700
8372
8697
-8605
-7359
-5163
7220
-5493
-2884
8974
-5717
7312
9246
9226
3953
7734
3883
2927
-1805
2319
4041
5371
308
-5602
-6610
-4223
1111
1431
-5981
-4456
4233
-9051
6147
5760
-2328
-5685
-120
-5646
8778
-6513
7693
1800
-8256
9785
3501
-5541
7944
9956
1236
7499
-9552
1164
9572
8734
-9626
1429
2588
2507
8194
4378
-3887
-2077
-4287
5318
-9662
-1216
-1953
1394
-9577
-3221
-9534
8862
-3878
-7851
1397
-14
-1654
-5849
-6876
1365
8642
2045
-1114
5678
-2491
549
-5905
-3593
5192
-7362
-2845
-5396
7508
-2586
6006
4720
-8764
-9308
-2277
9400
4344
6179
-8087
-2633
3514
2990
4540
1483
7189
7140
8374
156
-4134
-1277
4583
-538
1259
-2284
8456
-1960
-4150
6412
-2511
-2432
1861
6131
1278
800
-4316
-2922
-6862
-7891
9636
6869
-5016
4278
-2483
-4569
7154
9792
5989
-9881
-7670
-6186
4463
3648
-1349
-1796
4962
-3308
5415
6830
-9819
5168
6423
6588
-5237
6785
6062
-6832
2526
-4444
8075
-2300
-2724
2774
-1679
1958
9770
850
307
1771
637
-6605
-4712
2967
6118
-1109
-9223
8081
-1733
4279
8513
8162
1197
6681
-7009
2530
-367
9851
2563
-7070
-4769
-880
-3724
9641
4340
7940
-7423
-739
-3699
-9855
-2713
-9592
-8097
-6905
4081
-5742
2961
3003
783
-5494
8431
2137
-3972
-1624
-6006
5735
-790
-5135
3699
5325
3816
1329
6175
-7704
-8911
-1483
7425
-3348
-2385
6920
7294
5688
7904
4584
3893
-5603
6211
-3383
-406
-8912
-6635
-1635
-4208
-4127
6873
-4050
-7420
-9228
-5276
-2895
6374
1560
-9664
-8858
3471
1596
2741
1009
-6417
7285
-6903
6814
-3513
579
-848
1529
6209
9703
2328
-8075
-3453
-2661
-2395
-9142
-6856
-2815
694
109
-8890
-8038
3559
-3989
-4517
7092
-3659
3548
-4544
332
-6250
-7185
-5518
932
382
1586
-9818
-4321
1532
-2737
-7500
-4431
-520
302
-7392
-8062
8391
4737
-5817
6047
1687
-2405
-1503
-8236
2352
6413
-5585
552
-1480
-135
-6299
2919
-7763
-3851
8275
6704
-8739
-5050
-7366
4757
-3819
7357
2250
-5387
-5549
-6688
1864
7260
5471
4558
-2379
6507
4972
-9763
4093
-4998
-6223
-5865
8602
7906
6887
-40
181
8789
-7821
-714
4726
-261
1817
-210
-1211
-8904
5888
8096
3867
-7172
2268
7716
8469
3165
1418
-3077
-8999
1426
-3362
8242
-2107
7135
-8618
-1594
4503
9270
5887
6017
6703
-2808
3277
-729
7683
7122
-3578
2610
3555
-6646
-2172
5261
3256
-108
-1549
-4241
7349
4157
7482
-7085
1111
-1203
7000
177
-9137
-507
1588
2892
-5182
1031
7316
8846
-1634
-1026
-5170
4933
5382
2718
-8558
7828
3908
6183
2722
-7853
-8887
-3010
-1475
7623
-5140
9279
7417
-1238
3080
-6014
-4633
-5693
-2106
-6151
-4589
8115
2951
-7715
-2552
2952
37
-6201
1211
-3391
1435
9648
9548
89
8723
-9628
6030
6370
9207
5054
7001
-9984
-627
-650
640
7016
-3357
-2738
9435
5422
8273
-6235
-4188
-5405
9213
9581
9301
2647
3365
-6857
-6903
-8798
-1298
8138
-5523
4711
9300
889
5369
-5224
3657
-7433
9333
-3367
3192
-6532
4127
8759
-2612
-9781
4250
-2751
-1024
-8908
2822
2983
3064
2816
-4025
7487
2293
-3965
7114
5446
-7708
-2359
4142
-798
-8643
100
-861
-351
7754
-6847
3261
7482
-1484
-4323
-7851
-8137
3549
-6833
-5202
5971
-312
667
4567
-9270
-5511
-9021
6473
6362
-4781
4106
3283
1284
9165
7922
-6397
-1891
-2086
-5426
921
-6998
-6932
-9284
-1664
-1512
4254
-4910
-2294
4006
-5946
-6680
-7926
459
1782
-2613
-6862
2268
-2035
-3369
-7577
-9253
-7248
7647
-6447
9851
4861
7632
5485
8706
6742
-1976
-9215
7879
1494
7566
9704
-8132
8903
-9390
4480
1778
21
-8810
-7706
6101
-5050
-6296
-8075
-7988
-5494
-4224
2676
4426
4225
8758
-8149
9613
6818
-9626
365
3374
3000
3261
-8672
6412
9023
3625
9478
5012
-4668
6550
9061
-1899
442
-6205
9571
-8826
-5737
-7076
-6706
8456
9022
-1781
-6896
-6859
8526
-9952
-8527
3760
-7885
2563
1268
-5483
-240
5005
5884
-8774
-2873
3419
2432
2974
7357
4889
1499
8582
1996
9570
-961
-4091
-2540
-9227
-4733
5323
-8156
7980
7193
-9311
-2658
-6127
3168
9754
2090
8829
-3879
4686
640
-7137
7118
5376
-6529
4812
6074
-3246
4329
-4484
-5845
-4215
7515
-2012
7766
-2615
-5351
8515
-8775
8113
-9499
-1750
6714
-2745
4372
7312
-4528
5302
3057
406
5011
-5501
-3361
9892
8314
-9060
2004
-8776
-2785
-2188
4069
-1610
1462
9394
-7956
-8157
-3030
9188
-3800
-6032
-7329
1053
8509
6296
486
4862
-2257
6555
2907
-3284
468
1626
8459
-1741
4219
-6063
9208
5993
736
-4113
-1814
9966
4170
5350
3163
-4904
-1263
5500
7411
-2671
6422
-2304
-6117
6220
-3775
-5320
9375
7283
-7742
-3267
-7581
-8159
4121
8376
296
2176
-9098
-579
-7865
1889
-1243
-8821
-245
-3749
4594
-3471
9838
-7658
1199
9220
-5846
3109
7541
-2657
-742
5203
-1945
-3898
4450
-9322
-3116
-8873
8372
-2645
4097
4796
5316
1339
9564
9236
-735
1433
-7287
889
-1227
3281
-7292
-5122
-3623
-4041
6681
-26
-5049
1953
3232
-2372
-5755
-5443
-4914
-8439
5902
-7335
-8416
-6464
7261
5448
-3377
6229
3211
-5597
-6177
-8952
-8618
-4360
-5070
-6283
-6021
-6048
-1388
-167
8547
-1067
9625
1173
2235
7782
-7077
9129
8956
-7661
-9343
2248
1552
-3009
-9537
4642
1902
-8525
-5281
-1346
-3965
7958
6496
-1044
-4175
3797
820
-3542
-3348
-6932
9795
-47
-3335
971
7318
-5852
-8535
6125
-2516
-6827
6547
9197
-7261
-3041
-1068
1370
5000
-1946
-5728
5422
5694
-4525
9423
7001
-9065
8388
7359
-3884
-6800
7655
-8958
-57
-4106
-2005
8227
-6584
6185
-2346
5511
7083
7523
9372
4060
-1413
-7853
-3488
8753
-2180
-688
9855
2801
9733
3489
-917
-4570
-7188
7348
1512
-3282
3776
-2701
2076
7723
-5408
1401
-3127
-7266
4042
4032
-475
-6841
9198
5353
-4570
-5895
8979
-5649
1309
577
-3238
-2455
9025
-4172
-7220
-6025
-2194
7732
8685
-5263
-6408
-152
8835
4366
-7053
639
-4182
-6884
-5234
216
-372
3585
8544
-7188
-8106
-8762
-1582
699
3359
-2733
1459
-3236
-8876
1692
-9544
5125
-7605
-3013
7465
-1212
-5471
-336
736
6427
7542
4726
1252
9368
276
-9189
-6271
7373
6358
-1219
633
-2426
-3862
-4766
-6295
-4555
-6909
-2904
9237
4448
9172
-6260
-165
1670
139
-2521
-9398
3282
-7490
-1052
5200
7784
7977
-2024
-2142
-8684
9663
-2439
7481
-411
200
-5018
1354
6340
-6691
-3627
-21
1642
-9889
-357
-2220
8642
-6939
-7655
8996
-8979
4104
624
6110
4362
2882
-6144
-5562
-4983
3453
9166
2511
-2337
7335
-8646
-8150
-6139
9653
9811
9587
4294
6515
9945
5530
1067
5608
2232
3261
7399
3538
4816
-9231
-7015
5815
8588
7723
414
3608
7814
-3017
7639
1954
3201
3100
1183
-7574
704
2163
2814
3408
-6153
-8087
-775
3586
-5732
8221
-9263
8137
753
-8521
9525
6846
4528
1410
9392
6266
-1596
6524
-8550
-7884
-5537
-6860
-528
-1488
8409
-6786
-5088
-968
-7750
517
-6378
3004
-4007
5705
-251
3777
-3883
-3031
7755
-2883
3497
-5111
7033
-789
-1675
-6764
8595
9366
1789
-570
7882
-8587
6597
-4039
6474
8499
-1417
-6709
-7335
513
-5335
9057
-8676
-7764
-9779
6664
-3968
-9953
-7058
1484
3609
8700
-8801
1007
-577
5727
-537
7153
-588
-1051
-7742
4025
5790
3698
-669
-2288
-1449
-5277
-8923
5383
-9858
-8338
-1405
-6827
1983
-7569
5597
5019
-4285
6951
-7705
7879
4722
-6746
-3685
-9874
5136
6890
-8216
-1426
-351
-7851
8104
1473
-5123
-440
-6795
2059
9220
6238
-1856
-6624
-4448
5882
1720
-4233
-923
-9950
1141
1842
-7314
-4039
-9412
-1643
5954
-8486
7108
5761
9991
-2468
-1427
8045
-7027
5757
2569
5544
-2565
-8994
-5657
6529
-9228
4476
4983
-3996
-5518
-8636
3157
-6399
-3764
-3197
7763
-5852
-920
-3150
1788
9683
9511
6185
-5440
3552
-8095
6864
718
-5621
6154
-6418
-9823
-7341
3424
-6214
-9703
-170
-7657
-7501
4466
-2974
9468
876
7369
2656
-1901
-4347
-9089
-3238
7282
9756
8774
-5170
-3540
-7685
-2865
64
-8662
-1310
4989
-6887
2283
1505
-5553
-3447
-6648
-2597
-607
-9755
-2894
-1534
-5501
-2026
3098
5166
-7090
-9427
5879
-1697
-731
-6295
-4531
8614
5116
-7175
-113
-6447
-4116
-5395
8990
1075
-1506
3662
-104
7503
-6558
7217
829
9284
-4939
-9675
8507
7894
-578
-1842
767
5311
963
-4172
6932
4493
5912
-6074
-4264
5276
-4054
-956
-724
-7066
-1059
2685
9478
8616
3534
9779
8665
4980
-1437
3093
-7259
-2456
-3470
2041
-1098
-2191
-9445
-7977
7708
3164
-3682
-5281
7100
5280
8508
-5220
6295
13
13
4405
9967
6600
65
2428
7196
5923
81
1554
-4482
-3380
-666
303
-1494
-213
-1614
-6808
-1811
-430
9764
8276
-2233
6087
3916
4844
126
2115
4461
-3374
-6307
-5434
2562
-6036
6735
-6716
-4771
8471
5080
-2453
-9235
5737
-1532
2593
-2093
-1436
6920
-2127
6882
-9713
9870
-9881
-908
-4800
7239
-2519
-2532
-1870
-1800
-3853
9906
-4514
-2300
9922
1411
6461
2479
-7232
7187
-9004
-8274
9812
7907
-5588
7742
9443
6624
112
-7002
2349
3040
-4939
-2703
-1216
1692
2012
-5784
6769
9581
-1334
-3068
-290
-2661
9527
-1886
-5694
-3782
-720
9087
-1443
9684
344
-7837
4094
7422
4447
-7975
-4044
-2719
2763
-2132
2433
-7915
7649
-1410
-3635
-2156
1508
1663
-6929
8996
-4689
1531
-1802
-6199
8107
-2383
-7485
-2801
1069
-3480
-189
422
6892
2696
7273
-7608
-2673
-165
9459
4539
2797
-6908
-293
5667
-9609
2413
-9490
4713
-7989
-6285
-5355
1724
-8870
-45
3140
-1543
-6528
-6631
-6652
4441
484
3043
-2331
-859
-4149
-2210
6653
-7150
-3238
-1003
-2720
7580
4181
-6492
8969
-9977
7900
-9039
5211
8103
969
-7045
5708
-3631
-4302
6712
-831
8094
712
4489
-5611
-8748
3183
-2796
8864
779
7104
-9424
-991
2722
1669
6265
-5299
8117
-8829
-1702
3420
-1726
7109
2683
-8483
7509
-9816
-8503
3719
4701
-251
1126
1719
-9565
2661
1146
7415
-5875
1910
-3087
-8878
-6395
-2486
-1798
1550
-1119
2281
3633
2453
-5755
-2841
-4121
-3693
-9626
-3009
1826
8933
-1069
6617
-2107
9420
-8566
2262
-7007
769
8019
-2684
-2257
3406
5379
-4256
-5143
3644
9080
6843
9393
-4041
-1402
6498
442
8680
-4468
1186
964
7301
9365
4364
-1071
3558
-8224
4089
4992
-998
-5440
3359
-2246
-3361
-3505
2734
2390
-4287
9863
-434
6990
1705
-4060
4334
4121
3780
-5449
5366
-8560
8755
3296
7528
-6404
-1586
-2042
-5509
7456
-8681
-3512
8853
-4294
-9097
-415
-1119
877
1748
-8326
1562
9261
7088
-6024
-5818
1215
-3619
1845
746
-338
-6294
8210
5319
8215
1184
7021
1815
2826
3169
-5274
6190
-1140
-2658
-3422
8371
-9922
-5962
-6446
8670
5255
-970
2825
7385
-8652
7195
-9160
-7146
-3947
-8206
5374
9069
5751
9158
396
-5687
7835
-9748
2629
4124
1066
-3255
-7244
-6627
-476
-6061
6711
7591
2673
8773
-280
4464
3259
67
4872
2452
6015
-2652
6505
6559
8797
417
-6191
5860
-5169
4070
-5520
-2207
-2896
7241
-7157
754
7332
-4035
764
6762
2870
-2250
1418
-1773
6072
-6564
9608
7235
147
9263
-2724
-1576
4608
-9587
-2991
8621
3400
-3331
5267
-3366
9943
3777
3758
-814
1344
-1175
-6335
383
-8983
-2936
-1439
6026
1765
7277
-7499
-6671
1443
-2339
8402
-853
7513
6121
-2789
8060
-60
1234
-455
-7244
-3050
5998
8774
-1468
7132
-6083
9099
-9244
6402
1668
-7653
5995
-1873
-685
7858
4454
-7788
-3172
-5895
8702
2420
-5240
8043
-4945
-7398
-4440
6424
9778
-5209
8792
9851
5852
9331
-8825
-2230
-2014
-4842
4509
2534
-5318
-2815
-305
-7589
-4374
-4785
5953
-1162
-422
36
-465
5371
-1593
22
-3061
4050
3274
-4002
3048
1462
-4000
9746
-7197
-8365
2812
-4111
-6434
9288
-9024
-2080
-3393
-9796
8717
-1843
9297
8188
3834
7385
-6397
-4891
-7497
-8378
2147
4513
4516
-2468
-6603
-668
-2285
-7289
4816
-2482
-7149
2149
-3888
368
-4000
1422
9448
-753
-1935
-4118
6458
-5557
-9174
5478
1566
-6828
5543
-5957
-1127
1921
-8766
8175
8628
84
9461
6574
9626
9433
1988
8831
3821
1859
-1277
-215
-9925
5252
9932
-3837
-904
5364
-6468
9565
-2931
1127
6542
6218
-940
-295
4315
3713
3838
-3579
-741
580
-261
202
-3753
-5066
2934
6021
-6951
-2286
-3462
-5516
5382
8980
1259
3860
-7195
4726
5812
-3942
8663
9897
6332
2271
-1825
4594
-8552
-7234
7870
-2068
-4332
475
-4145
6465
-214
579
730
5879
-4317
-7697
932
-167
-9595
-1969
3905
5017
5991
-2331
6944
7336
9756
3081
1136
-3805
-8875
8627
8552
-3842
-7308
-4937
1509
4444
-4637
190
-7946
34
-1371
1288
8424
1095
8592
-3533
7354
-7454
1564
2704
190
97
-9310
-4699
5112
-6259
-126
-7148
-3222
4273
-740
-1121
701
-8127
9377
-444
-3715
7397
-3325
5010
5711
2274
-7034
3363
8078
9311
7221
-8135
6981
-922
-8764
-4313
6400
3367
540
9189
-8735
-2945
-5470
1495
-8076
-3189
3303
8625
6535
95
6493
-1495
-8518
-6702
-8147
-1056
3012
-2632
-1793
-4475
-9778
-8322
7155
-6814
985
647
5111
5576
-9419
7074
5989
-5383
3510
490
5731
-4840
-9097
7732
6446
-506
-710
-3731
-8337
-9428
-4732
-1871
4740
-9337
1693
3772
25
-8966
6571
5948
-1483
-2250
-4261
3331
5439
1717
-7532
9718
9250
-4585
-9459
-1707
2758
768
-8694
-8844
-1600
8033
-208
-957
-3497
-1553
-2449
-8658
-1736
-5175
1359
-8774
8543
-4814
5625
-3038
-8368
1210
-6128
8601
-3266
1501
-6087
-7067
-4550
5165
2495
7399
-7964
-1133
7616
-1941
-5818
8798
-2564
5448
4900
8561
-3126
-693
682
-3169
1213
-842
-8774
7560
-8382
-6011
-1774
9761
6551
1974
-6878
2337
-9613
9859
-2931
5351
-7313
2012
4600
3682
4285
5131
-9
-9945
4315
9032
-2840
-3555
7402
248
-4725
-5773
-3086
-61
4371
-4188
2932
8403
6171
-8476
-5332
-8181
-5344
-1104
-6817
2820
5323
2575
-5172
9024
7253
2471
-2627
8747
9821
330
-3254
8475
2566
-5654
-5635
-9596
-1161
-8774
-6586
-5203
-7681
-6739
-6721
-2727
-2906
-9175
6935
8874
-6131
-609
-2907
342
62
6446
6534
8287
6213
6361
-1570
-1644
9448
-9183
-2571
-9368
4633
141
562
-7397
-5712
9969
-7478
-1764
5080
-2616
610
-9012
-2552
1685
2775
-3929
-8434
-2803
812
7024
-6607
-7429
585
-5028
7767
-9750
4691
5229
-2651
7901
5207
8705
3286
4435
-1322
-1713
-7620
977
-2619
9484
-2237
-7851
7240
937
8686
-363
3928
-8156
4054
1025
1437
-6359
5803
-7640
-7996
-4032
-8367
-9302
-1704
-720
-6167
7911
7008
3637
-2126
-9424
9652
5800
5776
5571
4584
-4000
8120
-6949
-699
-7458
1927
-8304
6275
3270
-9779
-8085
-2419
-6106
-9376
9082
-5565
-5470
4017
2327
-1573
7725
-6686
-4993
7248
-1392
2008
9381
1312
-8045
6672
849
2097
6365
578
-703
-1466
2032
3878
4109
8951
1626
-4999
4278
5482
1969
5086
-734
-1084
8271
-2729
-4748
2693
-2271
5805
5086
2859
-8201
-7776
-6065
968
-6181
-5719
-452
9710
5290
3022
-2093
1511
7788
3082
1094
-9592
-1878
-2830
8325
-4639
8463
9125
1410
-2827
8268
9238
-7757
8413
2582
1319
-3192
-247
5293
-9397
-4271
4630
1652
-3541
-973
-7987
954
1661
3156
-1667
-5032
9248
-2284
3421
7
673
6544
-2044
5722
7383
-8918
8783
4057
2912
69
-2261
-5023
289
-7513
-7958
7822
-4869
2774
225
6963
2184
5728
2108
-5962
238
6329
-3716
-9711
-2630
2103
5906
-6827
-8898
1174
9873
1884
-7234
1383
-225
1797
-8806
5334
-4816
8311
-4323
-6136
-8915
9475
8317
-6978
5597
-5023
1013
-5873
-4486
-7541
4839
-9680
6849
2896
5463
-2907
-7592
8985
-9019
-1198
4584
-7082
-2125
8458
8157
108
-3625
1288
-8956
-7800
-4207
-9588
-9732
2355
-1141
6999
-2658
160
8808
6888
4926
5961
6399
-9728
-7142
9991
5210
9851
-557
-3590
-9154
284
-4630
998
3382
3178
-7781
-2151
6336
8620
2572
6258
7937
2360
9073
-7591
1355
878
9592
8475
4420
2751
7188
2893
-6675
9877
8945
-6152
313
-3829
-4571
7275
-67
-244
-4482
577
1157
-9229
-5165
-722
7436
4949
9694
-6803
5057
2517
5776
8062
-3765
-391
2700
-3661
3289
7357
-314
1266
8219
266
2007
-811
8669
-8313
4468
7989
-9725
5125
3341
-5696
3626
3923
3683
8835
1773
8139
2951
40
3958
-1585
2024
5976
6264
-5745
-4719
-3990
-7944
1214
2922
-7394
-5883
-7042
2513
595
-2131
-9802
3423
-3771
-7866
-7053
1990
-8738
-9979
1921
-2427
2977
-3457
-7472
-7030
289
-9989
-1101
-5398
-9380
-1161
3356
-6987
22
-6266
-6761
-5881
-9252
-4547
649
-2786
3056
5168
1526
-4330
-7260
-849
-5808
-9743
-4615
-5929
-2879
2568
-5068
-4689
-2328
8444
9850
4033
9445
-6147
-60
-6025
-7128
-3427
6857
7768
-5540
-7319
-2172
6793
-5551
9821
6981
1037
-1627
4185
1319
-4182
-2521
1596
132
1562
-4142
-3124
-2898
-1532
-7252
-7577
2852
-8366
3998
-9586
7482
-6583
3927
5119
6094
-2451
9899
2131
-7088
-3022
-3540
-5182
3551
-9580
9802
1397
-903
2317
1261
-1323
4581
610
9359
-6881
-2145
-7197
-8793
9362
-5583
9417
-9173
-3611
2
-1175
-2141
-7132
-6774
6335
-6626
2083
-2041
3665
-5970
-6694
2748
8196
3574
-1284
-9043
3531
6790
-234
6051
4389
7351
3335
-2364
6645
4519
-2028
5346
-6521
4732
633
1933
-4513
8171
8770
-941
4258
5904
439
4369
1342
8184
-9180
8639
6520
5802
3478
-3454
2924
3582
2468
2614
-6663
-3575
7166
-5753
-4921
-9172
5822
-3149
1568
3777
4785
3993
-1369
4021
8293
7096
-6134
2681
-6372
-2692
-4616
-2634
3218
-3846
6181
-1768
-9887
