4810
2862
9851
-5485
-692
-8425
-2376
-4091
4523
7357
113
-9887
863
-1555
-9760
-4239
2549
-2997
2953
2010
-2164
-1847
-3108
-9734
9313
-3609
-2186
9599
1401
2311
7248
-4836
-6558
-9363
2563
-7368
-3450
-477
-2096
-4047
-2464
5725
925
5692
3075
-6445
8475
-6584
-2536
9196
3797
8506
-1287
6755
-4122
3777
-3209
-4059
1524
-5698
8876
-6034
3014
-94
-4889
-2308
5865
-2308
-1700
949
8148
4842
3137
6849
7928
9703
-5794
-4821
7897
-2282
-9439
6684
6325
-5627
8339
6373
1768
2118
-2073
2791
-4107
-4234
-7297
5288
2125
8811
-9787
-3810
-2088
4362
8145
3542
-4441
6152
-9090
-646
2681
-8235
-4847
-7426
-4314
-6304
-8762
-3001
8336
-892
9942
4660
-9426
-2114
4013
5633
-4428
6764
-3851
6833
-9373
8907
8830
-6462
-1415
2923
3900
-3397
1299
-4038
4016
2931
8579
9099
-4028
1653
-5103
-881
677
-6519
-1361
-6805
-735
6812
4689
-1096
-8011
-1923
-8719
-1752
-4702
-5960
5200
-3922
7245
8607
-8559
-5738
6967
-8349
-343
1985
8413
4113
1895
-1472
6973
-6716
9675
7111
8896
7781
-5856
-1572
-9472
-6184
-2153
2681
-3991
-650
1187
-1552
-3808
6588
936
1642
-222
4259
2766
1808
-1613
-5182
-7033
334
6149
-4267
7791
9741
9302
6117
-4081
4588
-846
-6579
-9285
5151
7138
-394
-8758
-3351
4497
-1617
-4997
4470
-8313
-8419
2550
6154
-4289
-4851
5136
364
-7574
-4982
6307
-4685
3308
2374
-7724
-1997
7820
7566
-3544
-2092
1971
-2248
-8775
-1514
-3007
-3371
2708
-1550
-1252
-9318
4219
-9790
-3615
-9370
-1200
-8520
7448
-4763
3659
903
8790
-765
249
2172
2132
1470
2815
-25
2226
7901
4891
8018
1332
-1560
-174
9414
2256
-8695
-9563
-9414
-7680
-488
5534
7827
574
5941
7109
3576
115
4641
-6528
-2277
5621
-2524
3555
-7700
-5100
2159
-972
-7908
-5102
615
6837
8304
-1752
1622
-1515
-1980
-5693
770
-4717
5779
1618
429
3717
3851
-942
-9188
-3483
3124
-4365
639
-1775
1673
6838
-2049
9048
8860
4490
-6317
-273
2086
8895
2958
-4414
-5837
-8630
800
2446
3867
-3923
5924
5018
3194
-2826
-9026
8397
9475
-1699
-6549
2828
-5588
-243
-8546
-7789
-6845
7184
-3353
6938
9425
4843
-7378
9071
730
3900
8743
-7337
-2144
-4841
-5681
-7152
-7283
-2295
-5371
-342
1655
-8810
-9246
-2212
-437
5479
8695
-5575
1828
-2697
223
7420
8098
-2427
-6528
1124
2216
-8585
3295
-2581
6795
3131
-9853
-7967
-7240
7427
1987
-3388
3781
1667
5619
9060
-6033
-9912
794
5729
5723
9815
-7789
25
-5426
-7531
1605
7272
-2276
-4256
3472
-1885
1999
-609
-1756
-9783
-1433
-482
9850
4342
-3184
-9361
-3975
-8838
6150
-5081
-6090
-4797
-5349
-2708
-8236
-2969
9536
-3123
-6387
-7756
-99
1440
-1488
4783
-4558
6948
-8584
-3353
7051
-7376
-8392
3464
-7538
4756
-5398
-4724
-4767
-5574
2672
-6615
-2725
-2876
-820
7810
4273
8210
-3759
10
-1241
-6798
-124
7863
682
-8922
21
-5417
6103
-1831
206
-8
-9893
-6690
8946
2022
-303
793
1578
-8
-3079
-5802
5154
5108
4548
-3321
6788
6941
3314
7383
-5973
-4584
2869
-5357
-9299
9518
3197
-1695
589
-3561
-5242
9268
-679
186
-7340
-2642
-9909
9777
4810
4973
4349
7009
8041
5953
4632
1472
9964
9707
-228
1154
-7699
-9551
2858
350
-4066
6082
-5438
-7952
-5260
7820
3326
2573
-2632
-3053
7275
3319
2876
-6272
-8410
6354
1099
8183
5304
-5537
-1874
-710
6055
-646
9253
8714
9529
6087
-8144
1250
-7966
-9539
2541
8536
269
-5527
-7582
-1699
8454
1413
747
-2981
-6862
-8831
6440
-4679
-5787
-9511
-8836
-9809
3037
7899
-3320
-6474
3196
6567
6801
4899
-9502
-1824
7758
297
3042
-9952
-6665
-7526
4243
-6346
-8875
-228
-5160
-8015
-4148
-792
1655
3146
-6608
-5524
3082
-6793
4745
9960
8707
7678
-277
7786
5127
6678
-8880
-2629
-4464
-9436
4247
2390
-9785
-341
6532
3061
-1636
-1129
7342
-3953
-1842
2257
-8313
-9703
5191
7208
1502
6348
-2593
-3740
-2747
-3043
456
-5260
7991
4997
7857
-8683
-3527
-1072
-8747
-8275
-112
-8634
9258
6236
-8622
-6743
-4935
2952
-5674
3276
3177
-4324
-7744
-6552
-6067
-1829
-5511
-4228
-8754
1997
6976
-1056
-5139
-7078
-8911
-2246
-192
-1230
-7499
-1536
6623
8757
3602
-6639
7752
1704
-9968
5452
-202
-3916
-7824
8212
-9858
5038
-1786
2197
1287
-4301
-9208
141
-5993
-171
6689
9498
9175
-6084
-1445
6049
-2133
-6818
476
7781
8307
-2038
-1118
-799
-4100
7177
-356
7983
-5165
4214
9568
-4958
2883
-3257
-3570
-6020
-9383
4601
7761
518
4955
4341
-209
-6619
-6165
-1211
-1945
3833
3861
-291
-587
-3315
-3849
-6430
-9931
-1786
-9929
480
-8399
9122
-4277
2206
2744
-6663
-805
7747
-1339
4165
7183
-7916
-541
2663
7055
4544
-6242
9970
3590
-3218
8507
-4699
6051
-3194
9209
-607
-7253
-125
-809
-3195
-1458
4891
9729
7152
5478
-9774
4553
4126
-7794
6716
-3769
3453
1388
-9634
-589
442
-8828
-1885
-5354
-9717
-3002
-2611
1949
-3676
4230
6372
3978
-2746
-9276
5961
85
1573
5295
-6352
8220
8449
-5959
-7494
-116
-1545
6065
91
3888
-7101
-7493
3456
6573
-9872
6365
9741
-9887
-5054
1421
-7762
-1766
-8408
-1275
831
-6800
-4774
2731
-2612
4926
5896
-6349
8770
-5248
9300
2763
-6937
2089
-9184
7403
-4746
-849
-3033
-997
-3149
7644
-1614
1291
5085
-1255
7851
322
8054
1043
-7287
9922
5309
-3713
-9136
5188
1003
7194
-3218
3759
-6400
-3579
6693
913
-4859
-2157
6143
9094
-923
8080
7417
101
-4786
1810
3455
-6552
4294
1553
-8894
7288
6852
3910
8237
6446
2160
-181
-1899
4059
-1791
4163
-1782
563
7770
8986
-231
5323
7661
6239
7613
-6553
-7025
-9185
6131
7290
-9837
-2160
9156
-2537
-9604
8402
-2016
-3872
7371
-5226
7207
2244
9102
-6601
2203
5692
-7223
7170
-5498
-6905
8450
-2259
-7544
-978
5975
2392
-1984
1178
843
5499
6555
2209
-4073
-3518
2005
1390
7470
1880
-2444
-6826
7669
3460
-21
-3774
-1659
-2673
-4369
1017
2756
2799
1289
-7240
-2498
194
-3777
-1491
-556
-7207
-4591
-5026
7209
-6593
5869
-6581
-6341
-3750
-618
-7974
-63
2154
-4383
5413
-2028
-4545
-4683
7224
-1312
-3012
6598
5631
-3938
914
-2286
-5239
-4845
5980
5477
-1951
-6614
-4092
5018
-7503
48
-5470
-5483
3475
-2278
6901
8414
9738
-793
9137
-6609
-7391
-329
7355
33
6202
5710
7192
1190
-6577
-6602
-4550
-8424
9863
-9914
4762
-9414
2887
2273
-4263
-1711
-7073
-4073
-1544
6220
9677
-2478
-4213
-346
6802
-9854
4543
-8011
3738
6325
2394
2831
1634
-1251
9147
-5579
3331
6211
1472
-258
5651
9516
3535
-9892
8683
-9068
-3114
-1483
-3887
6273
7193
-4304
-930
-9101
-9362
-9237
-4554
-7904
5822
-2897
8970
770
7593
-3194
3349
350
-6743
-3688
-7207
-5961
2062
-2047
-6410
1900
2285
-4267
-3853
-2467
5516
7933
9099
-7170
-2488
-8671
9166
-5596
-2646
6603
-9758
-4241
-2572
5083
-8281
-9841
-7847
-4438
9094
2866
4467
5825
5878
5384
-8429
-8401
1738
-9066
4957
-9378
-127
2327
6733
8499
-2246
5844
-1644
4714
4604
3575
-8877
4478
1130
-9581
9514
-4476
6047
-103
-749
7689
-285
-7649
3599
3498
1546
-4488
-2494
9680
-4348
-9049
781
-835
-6688
4054
-1578
-4413
5633
-8005
-5691
-3592
5177
7178
8977
8936
249
-1156
87
-967
-8454
-4674
-1051
9160
-7137
-8482
-1409
7991
5558
-1453
-9438
-7515
9148
8072
8130
4688
5634
-7796
-9781
-4441
-3535
516
-6476
4582
-3258
-2922
-8315
-8663
4580
8700
1728
5306
1952
6674
-3822
9968
-9072
2825
8215
-396
-9104
-1062
-8988
-7302
2920
8699
4791
5587
9624
9804
-1095
-3651
-612
-6237
3418
3086
3244
-9057
5740
8828
3442
3483
4231
7265
-7981
-8342
9450
-6276
-6957
870
-7970
-9014
-8005
-9515
6195
-2954
8978
6306
-4938
-7599
9087
-3914
-3372
6989
7659
-4643
9343
1116
-5259
4040
-9570
-4345
-5220
5391
-4071
-6704
-667
-5015
5194
-8935
-9128
-42
-4435
-5156
-1234
-5894
-8938
-1241
4575
2115
464
-9010
8504
9632
8919
9263
-2216
9476
3679
-9121
2371
-4073
5969
-1988
1355
-1948
6754
-4033
-807
-63
-4797
4734
-7347
-3237
8610
7683
1085
8660
218
-9087
-5275
-7165
-8710
1289
-5704
-7633
5958
-5947
-855
-800
7387
-2068
1967
-6427
2036
-7631
-1109
-4517
-6798
-279
133
-5633
-2457
4778
583
5922
818
9284
-6437
4462
-7072
-9317
-3928
1048
1792
-4020
749
-8621
3270
-6650
-3891
-3950
708
-5990
-2735
5016
3611
-5770
9071
3068
7441
894
-2979
6245
-1067
9938
-7637
6607
1643
-2744
-1285
7156
-6206
7505
-41
9015
5885
-146
5346
-1459
14
4057
9480
1824
-9059
-8921
-9526
8292
7242
-8304
1111
3030
821
-8485
225
-1359
2474
5761
5549
-3085
-2220
6858
-4731
7035
3059
-8692
5767
-9085
2140
5486
5472
-2159
-2355
5650
4023
-4474
2438
-5958
-5752
-7705
1337
-83
-7233
5327
-6051
-7325
2801
-5460
-7830
-7883
1392
410
2359
-3537
8807
3974
-7152
4280
7666
1635
3212
7865
8789
-4792
1578
967
-1619
-1977
-2142
6209
-7140
-85
-8065
-593
-7417
-8279
2845
-2977
9209
8832
6464
3757
-2725
7044
-4780
-6337
-5529
-8061
-9498
-1026
-6470
-6114
-7049
9250
7544
-5877
9010
-1996
-7004
2931
3704
-5817
-9309
3959
-5161
5600
-8853
-2097
-4922
9906
5092
-328
-7926
-8756
9889
-992
8566
-802
-8663
723
-982
679
-4858
-641
-9472
9137
4809
-7719
2045
5481
5886
-6426
784
191
1952
8698
8685
-4888
4450
5126
1868
-5651
-7588
-4851
3077
4311
6428
-9855
-8810
2100
323
-7689
3259
-7592
8117
4482
-1483
-2509
-3041
-5438
-7032
-7878
7024
2727
6467
5221
-7063
-2659
-5295
5077
-1736
7674
-8421
-1098
172
-365
-8121
1627
-6027
292
-7711
9728
-3189
2623
-8809
-1134
-5769
-6843
4759
8262
7728
-751
3824
6233
-9872
6149
-5879
-9636
3763
2204
-9045
4553
-2401
3123
-4945
5187
3656
-1998
-4068
733
-9460
7845
5567
2746
-8073
8505
5007
-4947
2691
-6919
71
6924
-7641
-6068
-6750
7713
8401
-7486
720
9096
9026
-2424
2917
-3427
-8558
8500
4479
-5235
1793
9597
-7281
7483
1898
-7477
-9072
1303
-1035
1152
-4425
3989
-3824
-6263
-7533
178
-3358
-5800
6939
5445
-9076
3612
-3910
-7703
3852
-1665
-5283
3340
1898
-1445
6258
-8400
4399
2948
-7399
-2448
4106
1041
-7501
6582
1470
4500
2367
-8500
-6376
3864
7696
-3921
3555
-8030
5706
-7794
2766
8109
-4932
9881
9109
-1206
4957
6208
-1992
8055
-1484
-187
7959
-8474
9205
-1742
5943
-4268
-6876
440
-2805
-6114
2871
-6730
-4511
-1970
-8256
-1203
-8345
-1986
8177
-7309
-9547
2485
-5429
2158
-1931
8985
9238
2833
-1601
-9524
-511
-5485
643
-8070
1430
-4616
-7312
-999
-1124
7679
5598
7888
3612
-3722
-8153
3670
495
5081
645
-7563
-1872
7942
5864
-9687
-3274
1765
6678
-7426
-2921
3331
-1811
4776
-4563
6142
5242
-2318
2873
-4919
8130
5351
3476
4262
3979
-1768
4079
-8212
788
-8819
8381
-6704
-2051
6478
5987
-5769
-1256
-3585
-4088
-950
1186
-3677
-265
6435
-5079
4897
-3694
-8524
-618
-3731
1621
-3125
9550
5751
4433
-568
8334
6969
-1400
-3084
-9559
7840
3676
-2656
550
5004
7294
2141
3288
9206
5245
-4903
-7884
2832
-7484
-320
-6994
-4970
2474
8557
5101
-815
3258
9924
-9305
-4548
-9217
3360
-8659
-225
6361
-7196
-6548
-1484
-9850
-4712
-9524
6902
9215
1618
4779
8299
5336
2341
-6598
-7381
-1345
9578
-2655
-405
-5956
7578
-6783
-6174
5313
1781
-628
-1979
2355
-5470
-5810
6334
8915
-3929
1985
5279
-7429
5516
3888
-7468
-7961
-3680
8957
2534
9323
4883
1510
1585
9111
-9540
-4662
-7393
-9694
6062
-7951
-6541
-9295
-7792
9205
249
-5427
8923
3369
3309
1397
-1251
9260
4985
-206
7742
-8609
4006
9142
1955
9341
6130
2088
9441
-5888
-7942
-6990
-5115
-6716
3771
-9647
8404
-2357
-8276
619
-2056
6776
945
6169
-5406
-3222
9509
-9385
6678
-9325
8
6823
-1949
7686
1380
-8191
-2032
9967
-9225
2502
-2554
5134
-6846
-8168
-2364
-7776
-256
6036
5663
-6086
9298
-5599
-9121
9236
-8666
-7532
-4687
2582
6987
3146
1249
-9586
-2957
-4672
6662
1968
-3102
-3451
1946
7166
-947
5310
1153
3615
2347
5653
7761
6366
-9655
-6729
9083
1185
-2607
2368
-3352
-4047
4252
9055
-7540
-555
-900
-3219
-3158
-8368
8465
-7881
-1444
-5777
2229
-3696
-5609
-5209
6396
9489
5165
-7372
-2245
146
6624
-3016
-2440
-8715
9775
4479
-9737
9142
7373
6114
7484
8839
9688
-9150
286
-1842
-9243
-6610
1541
-3304
-3879
2205
8685
-1754
-3165
38
-8751
7123
-7457
3084
-1360
-462
-9479
9952
1226
8624
6716
2761
9963
7707
8834
1120
2867
6121
4047
-2439
7205
-1339
9272
-6307
-1629
-5080
6920
-4108
-9631
-4724
9789
-7467
131
-1837
1359
-7340
4972
9958
779
-9473
-7966
941
-8221
-3836
-1119
8978
3968
3485
6046
-480
-8628
7243
6571
3731
-3726
-3354
1202
2952
5342
-5664
8344
-9370
-1527
2577
2034
-1358
9036
2834
-6753
-8013
8175
8989
-9839
596
5977
4164
2290
4714
-5402
1937
-975
-9330
-5578
-6409
-8619
-1853
-6069
-138
-9060
2232
769
51
4961
-996
7936
-9605
5226
4689
162
-1356
4767
-2891
9315
8254
497
-5881
-7046
-3067
8774
8810
6203
-5371
1666
-6850
-732
-9150
-392
8669
1386
6094
-1897
1674
-6055
-2109
2251
9879
-8672
1556
-6513
8501
2788
-4669
8803
-6300
2451
-5970
1696
5937
6444
-5609
-8733
-5308
-6297
7752
3461
9764
-1260
1761
-6781
7296
7014
-8294
-3969
-2873
390
3241
-5302
21
-3463
9207
-9615
-9158
9140
-8808
859
-5549
7290
2871
-5966
3684
4259
7169
-3766
-6871
-5030
-1811
6371
-6607
8968
-6386
6049
-4729
-5212
-3813
9399
3193
-3714
-6394
-6347
-561
5578
4773
-6711
-3221
7001
-5666
9992
7840
6399
4322
3886
4247
-3967
9764
3908
-6158
-4236
9458
8279
7642
-4838
85
503
2500
6560
-3185
5938
1077
-711
2054
-7766
-2592
5842
-2415
4466
7329
4752
-1697
3225
7602
-6789
-684
6833
-9171
6313
-2292
-1500
8355
-9691
-103
4605
1612
-7923
-8854
-7700
6339
8419
-4727
398
4318
-7071
-5445
3270
-8564
6078
-8387
2196
-2606
-1522
6287
6947
6478
-909
-4116
-2483
-791
-5524
123
8107
-9948
-6752
-3126
-6095
4140
-4005
3390
-6891
-580
2977
8168
-3416
9945
3999
-6487
-759
-3545
9901
2465
-340
5789
-7660
8708
969
-5288
7798
5935
-9583
-9155
-7119
-8508
-9863
5705
1003
-8057
-9712
6346
-6959
-3148
3122
-9870
2632
9771
6944
2400
4990
-2510
-7712
3391
3259
-4456
1378
1428
4446
9251
433
-5262
9084
-353
-7121
-2225
124
-530
-4856
-7980
2542
-2989
9183
-9837
-7264
8332
8316
-8111
-1642
1328
1394
-6345
9350
6617
8782
-1366
3459
-4362
9317
-5464
7325
3279
5752
6176
4893
1935
-4261
-5561
2217
7056
-5083
-8357
7563
7895
8266
-678
-906
329
-5992
1624
-7367
3707
-8366
-8925
-6291
4748
-2694
8336
3394
-2782
401
4187
-572
178
2877
-8536
2546
438
1128
-1895
-7208
5210
-5635
-3974
7894
4091
-4307
-1162
-3269
5708
-5018
5087
-1804
-2235
270
7612
-4130
6685
8693
-2510
-232
-2567
226
9133
-2231
-96
9569
-9872
-9713
-758
4715
-1199
-7087
8511
-2230
2869
-6959
-9568
-4632
3415
-5504
-3250
515
-6118
6300
-3879
3725
-3227
-8454
-3201
-4003
6351
8047
-8954
-6343
-1390
1489
9413
5450
-8142
-6450
-3512
-4255
-4862
8979
-8868
3600
726
-5321
7010
9668
-7008
-8172
-9354
-76
-5530
6272
-1483
-2373
-1353
1253
4304
9794
-8642
-87
-3955
-375
376
-3715
4305
-2331
-4794
5549
1596
3797
4291
-3988
-1691
396
-1469
317
-7623
-5666
-5366
-6928
4386
5264
8627
4232
8808
-5830
-8027
-8478
9581
5545
-7045
4948
-6523
6502
2632
5186
-6193
6900
-6639
-2631
-6758
-6334
-6041
-6226
-7305
-1439
1319
-6208
-4959
7924
-4889
-9560
2317
-6595
-2341
9926
59
-3550
912
2742
1058
-429
2383
5773
-1283
-5274
247
-4115
6501
-5532
2369
-1687
114
-8425
-8664
-7591
-2946
801
2348
-1884
-5678
-3710
-3010
-5778
-729
6469
7481
8410
-4488
9740
-7248
-4135
8002
-8285
9107
2029
-4983
4284
-4843
-4739
-1348
-5178
-2045
1570
-4467
-578
6521
1993
8009
9866
7298
2637
-640
4360
434
-1978
1656
-267
8275
-9044
-4646
-2661
-4164
3252
-7780
8875
418
-9560
-8031
1323
7015
-363
-4013
-7162
5443
-3953
-3199
-3075
-8526
9898
-6895
523
-5786
8713
8533
-6692
-9063
242
5910
9561
-2087
-6872
2174
-4933
-8943
5781
-6137
-5158
-8828
794
7712
4254
6783
-7172
270
6994
9046
2365
9008
-848
-5934
-323
9351
-5273
-1441
3546
9111
-779
-1791
-3657
7229
9679
-2229
1859
4981
1384
-1659
380
6534
1999
6567
4137
-3564
-3133
-7533
-5866
909
2421
-4781
-8721
-7856
6211
-2985
2310
2424
-5581
-8357
7034
9213
1002
2766
-9457
2056
9948
-2761
1685
-9756
-7563
-9787
5516
-2184
6832
-8280
7040
-7275
-417
6929
-1324
4710
-2138
3468
8972
-5505
-2752
-1575
5772
8444
2609
-8827
4270
7076
2081
-5959
9668
-5222
584
-1451
-7189
-4273
7764
-8485
4252
-5196
-3456
7934
7577
5915
-5887
-4885
-7364
6245
3817
6788
9268
-8199
6828
-6736
-2969
5139
-9186
2697
-5439
6752
6729
2801
6672
8119
2176
-4735
-4411
-8482
-1446
3272
-7316
-5059
-985
699
-8919
4941
3158
-7236
7377
-4780
-7783
9619
-5844
-2520
8336
6568
2956
3315
-5012
-8306
288
3140
-3189
-5600
-1201
4849
9615
-1867
-2859
-6924
-8205
9433
-2294
2488
1343
267
-3258
1368
5740
2891
5848
-8136
9952
-1
6784
-4958
-6356
-643
-9741
5280
3529
-5047
9053
5704
7590
-4055
-3665
5133
7020
9992
2447
1232
-5582
-6110
297
-7127
-7077
-5990
-6202
-8732
-4320
3469
-6779
-8979
5785
6500
8524
-7607
4726
3651
-5473
5593
7591
4560
8763
-7777
5445
9294
4431
7511
2950
5109
5695
-6621
7922
-8915
-1860
-5169
4485
-681
3527
-8776
7596
-1008
-1912
-4756
8989
-8169
-5273
-8305
-4554
2975
-29
9646
1220
-2317
2415
-8699
5893
-8483
-4510
6814
9522
-5762
8254
9469
3382
911
-7900
-7623
-3871
2248
-6350
2740
3539
-6430
-1796
3467
484
-4102
-715
-4787
-1295
846
-6448
-7248
5290
6962
955
-6673
-3187
1498
2385
-9187
-1152
-7264
1891
-5468
-4160
-586
-5211
4437
-1459
-5754
-2506
-48
1202
-39
-8843
2247
6818
-733
-7626
7741
6824
4569
5988
33
-2092
9009
6613
7095
-8584
1928
5258
3394
-1879
1360
5926
1018
-7479
4941
-3014
-8758
7439
3110
-8256
-6258
2828
6428
-1211
-2128
-9372
8579
3894
3929
1559
-2374
-417
-1683
-1157
9587
-9615
9440
7461
-670
7066
-3093
-6473
2142
5793
8151
8815
-9919
-8826
6192
-544
-6423
-2622
7833
7505
-2069
2250
-6367
2091
7025
2980
2958
-9353
4342
3068
-3915
-9456
1065
-6981
-5558
2935
-8939
-3178
9695
-2533
-7397
4772
-1012
8682
-5365
1058
5424
-7898
512
7017
4215
1047
7464
7105
-1044
-3198
-1335
7993
-7474
-418
5073
-9557
-8405
-3662
9001
9018
4242
-4783
718
-8111
3859
-8930
8503
186
8611
3900
6259
-7622
-3032
-9245
7490
-1152
-4489
8950
5309
-9466
5068
3586
8622
-9190
-6733
-6080
1609
-1887
-3004
-4083
-8618
-2698
4977
3564
9849
-7104
-1971
-9674
5691
-9932
-7007
9232
-6903
5781
1356
-2850
-7078
3904
7388
8143
-5206
9726
1871
6512
-5723
7856
600
2835
5905
-5493
-2377
7050
-8523
-1155
-9605
6836
-4603
-8576
5777
-4183
9906
2144
-3233
-6455
203
4598
-7837
-5135
-4422
-8690
6504
-1505
-5287
-8097
-3904
-7710
-6492
-3984
5763
-9111
2670
1997
5083
-3701
-7315
2476
-210
-1423
-3423
3549
7868
-3696
-9578
-7822
-7529
8819
-6693
-1257
-8988
-2248
-3359
9096
-6490
-4418
8233
329
430
2775
9793
6257
-3319
3476
5896
-503
9329
-9031
1343
-5607
-245
2216
4950
2326
-7453
9656
-9628
9039
-1325
-2162
-4503
-3258
5441
-6467
-6952
-9700
1180
248
-2472
-6547
-8542
-5194
771
-8633
3191
8220
7271
-255
7416
5592
3672
1039
-476
5652
-8468
9367
157
-4134
-9812
3681
31
723
3468
-7920
-3804
-757
-3721
923
-7725
-5763
-8607
-7258
5181
251
-8009
8407
-9460
-2492
2187
7361
5357
-7351
7557
7788
5067
-5996
7149
-8812
-5029
-4352
8337
-9994
-3439
3808
-8265
929
3654
8346
7453
3865
-2684
4275
-491
7180
-9881
-3167
-8599
7804
2079
6210
-1603
6026
-1875
-67
-7370
-524
6019
-2292
-951
891
7981
5735
-3525
852
2945
1477
-8129
9399
7231
5061
734
-2296
-3403
4573
-780
-4858
-3059
1929
-3522
-2496
5366
-1345
-1600
-7368
4255
-8687
6487
3088
9957
-2584
-4450
1739
6462
-5129
-5015
8505
-5165
-3585
-9432
4766
9382
-557
-4007
-5973
7845
-2986
-9851
186
5723
-1258
8091
6721
-217
9833
7197
-2451
-3172
8852
-8865
441
-1785
1446
2570
8594
-1745
-7358
2057
6210
6325
9889
-5924
-9330
-2363
-983
-6390
6740
-5756
-9570
-6399
6311
9221
-6163
-3680
5331
9456
5177
-7605
73
-5063
1805
2713
-7714
-126
-739
-4544
9909
3475
-4713
-3097
6328
6070
-8148
-4923
-722
8638
-4466
9946
132
-9741
-5411
-3096
4360
611
4313
8742
1083
221
-6029
5682
-2006
8944
-1842
8931
3932
4017
9782
-8047
-1392
5392
-2702
9847
-1960
3235
8699
-3716
9146
3736
-5868
-1249
-9202
4592
-2134
-7751
-2561
-4579
-4210
578
3757
-4536
3483
5836
5334
2516
5365
2031
-5237
-1381
-5380
-4807
4534
-7094
-5131
-1348
-7905
697
-4822
-6943
-2552
-4720
-3070
-5024
-1617
-8610
-2524
-500
-4318
-1222
4329
5112
3933
-626
-7869
73
-6980
6787
-2474
-2824
-7226
-9589
1820
7105
-6081
6141
-6519
-7300
-9884
4291
9389
5225
3244
4265
-8266
5776
-6335
-2511
9335
238
3859
6560
-8407
6010
-2499
2060
-1009
-392
-1299
-4247
-5281
2397
2077
-5082
4558
7421
374
647
-8486
-5552
1858
9756
-4113
-4535
1447
-187
-8235
6451
-5524
7119
6631
-8476
-7631
2737
9404
-3663
-2823
-3826
7938
-6766
-8089
-3987
-3121
-5078
7296
-1987
-6924
-7421
-427
-3313
7019
3878
2766
8030
2428
3980
-9808
9824
-5651
279
3056
17
4231
4886
-6853
-8082
6644
5298
3125
4014
-2000
-1128
9050
7106
-6522
-7836
-5381
-1588
6581
-4272
-3305
-3933
-788
7604
8666
9263
7634
-4700
-8564
-7034
-8828
-875
-1361
-35
6090
-1891
5127
-3534
3022
-4765
-4914
174
-6927
3204
2230
-4232
-1494
-5876
3802
-1405
-1604
1668
-9705
-1123
956
2936
-1962
-8968
-5318
-8542
-359
-2345
-2207
5156
5368
6522
-3981
-2764
4345
9194
6073
9713
-9979
8504
4864
6451
2850
-3866
-1986
780
401
336
5524
8205
3722
-7428
2778
1047
-7402
7903
-1140
5550
4480
-5804
2969
-2813
-5154
2371
-5091
-1936
-6520
6103
1589
4114
-985
-1087
-9636
-8770
-6871
4900
-9124
9958
3761
-1679
-9933
6098
-3450
8713
-4632
6404
5504
1236
-130
-6815
-8534
3116
2768
-7186
-6540
1966
7925
-5077
-8019
9032
6043
-4362
-8067
7786
8709
-3832
3596
-315
5157
2258
8305
-6867
4662
966
-8316
-5608
-3882
6780
-8882
1406
-5587
-3378
-6450
-5292
-1575
-831
-5973
-5144
7781
-7249
-9549
-2385
1396
2648
6905
4501
1933
1273
3682
5965
3010
-3937
7004
4209
-6112
-9203
-2868
-9917
9005
4747
-7998
-6216
-1861
8301
-5572
3636
-6898
6406
-762
-3930
7702
-5223
5975
8770
4848
-5864
3519
9065
-3574
1199
6626
-8403
-9784
-8548
-3625
-7490
9879
5555
5593
-4768
-9577
-1190
2201
695
-1364
3840
2785
5832
5723
-372
-5465
6720
304
5451
-4115
-5979
-5050
-2799
-5970
-3073
-3783
2406
-5222
3107
7766
8939
-2596
5011
-9212
3162
6633
-1487
-503
-5791
-7291
-5317
524
2299
-8996
27
-7145
-8457
-2454
4792
-4187
6234
2884
-8025
-1490
-5018
2371
-8392
3838
-8882
-7526
-9416
-8935
3664
-6532
9374
-953
-2538
2398
-234
-4030
-3654
-6618
6933
2552
-2750
6070
2246
-2788
-1662
5623
7103
1844
-5664
8491
-4260
1900
-4
3435
3815
1352
1478
6768
-4668
-4260
-959
708
-7367
6321
-3867
5853
-6884
-8898
-9092
4122
8075
5907
-2661
-2635
9287
-2202
-8639
5776
-7136
7599
2210
-1156
1644
385
9727
8288
-2656
-8720
84
-830
2337
-6525
4017
-2320
2416
5687
-6717
7360
327
4633
166
3491
-1701
5208
-4090
-5908
-8125
-7847
-1868
5287
6413
-2149
4201
-7602
-3437
148
-3996
2443
-3721
-6070
4119
458
-6377
-9855
-5266
4089
4528
-2491
4367
2111
9028
9475
-7324
8076
-1507
-3856
198
-355
8856
-7007
-6112
5927
-2665
-8164
8870
9973
1439
-2747
659
-6538
-9414
828
9343
4639
-6007
-3294
1367
4041
3756
-5769
6170
-8342
7794
1754
-1631
-9151
-9405
-5210
-4340
7174
-8531
-9651
6352
-2922
9359
-6212
8466
6977
-4560
-868
-4145
-8320
3789
9448
6523
-1180
-48
-5339
-6628
-526
2490
-1660
4736
-7600
-1706
4334
-8315
494
-7955
5457
-4501
1451
-3024
3799
-5095
-4840
1356
1368
-8807
9488
2715
-2292
-5331
1679
-8964
-2658
6828
-1019
-3340
-1212
-8291
-9093
-4153
9523
8518
-2954
4173
-9559
844
-496
-4817
-1721
1946
9258
8533
8183
-2957
-8549
-8105
2742
9085
-7230
-4590
-6192
1017
-2677
4858
4464
-6016
-4841
-8909
-8569
4914
4957
7122
-7618
554
3221
-7854
-453
-6926
1267
8534
4743
-2473
-214
6079
3266
7281
-8612
6906
5667
1018
2738
8964
-4979
-5242
2298
-7495
3434
8326
-5216
8978
-1132
-2086
-6968
2603
6627
2275
546
8211
-8613
-753
309
-4623
-8181
9067
-6937
-7610
523
9104
997
-30
6475
-1291
461
8957
-910
-8803
7071
-6128
6509
22
6676
6224
-8933
2379
8380
9815
-1524
43
-5048
-8846
-2670
1240
-2163
-1285
888
-3548
-7809
-8600
1922
56
8508
-7465
5940
-5161
-8966
8900
7598
-1204
-2531
-2564
4382
-9233
-7801
3493
946
-2163
-7207
7451
-408
-979
-3753
-680
2405
-6141
7306
8765
-7615
4357
-2117
-8797
-1317
-8093
-6793
4053
5277
8316
494
810
-7636
-3553
7040
-6399
7715
7804
-8548
-2879
73
-311
7710
-2025
-1627
-4394
-546
-3004
5106
7610
-3982
5585
1042
-9008
8363
3794
-5774
-4584
2097
8753
-3027
8873
-8382
-3855
-8468
-8217
-3050
1144
-2142
9705
-5997
5997
7651
-7171
-8738
4460
-825
5238
-1353
3841
-5268
-8828
-8452
-9276
7394
-7202
1701
9818
-8323
-5448
-6566
6836
-5901
3211
-2372
9471
-6167
-2418
-2066
-6277
-4963
3750
7245
7718
6418
4483
-103
-9215
-5647
-5468
-6608
-5309
3357
4304
-7645
862
-322
-9404
-1567
-2809
-8250
-8709
-1386
4083
5178
-5778
1032
3925
994
-3516
7440
5920
-4498
-1028
-620
5360
-945
7804
5546
2727
5232
-9260
7153
-492
-3601
1397
7222
3647
6889
-5966
2226
8309
-9974
498
-6908
3197
7416
6931
-5025
-1410
-563
-3989
2867
6995
3927
9308
4449
-4326
-806
9718
-6411
1477
-4647
-5331
-2963
-5415
8328
-4061
8484
314
1251
-3012
-3494
-5249
7654
-11
7725
9723
-4683
-3291
8581
6248
-9302
-2443
-6545
-2816
6261
9310
-6581
4137
-5723
-4280
-6046
-4597
7040
-5967
2279
-1224
6055
-2879
-8062
-4730
3508
-5493
-2776
2842
-2914
-9399
-7491
-2623
843
-7168
-357
-9457
-6136
-5809
3933
-7217
-5620
5746
5694
7766
-5156
-782
-8406
-5994
-7344
5894
-8447
-2691
-3387
-7819
-416
8909
3918
-6131
-5565
9084
-492
9612
9924
-4486
9540
8601
-4794
6101
-3808
-2755
8051
1650
-5246
-9568
5165
7193
8906
-1686
4372
-366
-8070
-8944
3330
-2652
2141
6325
5031
7141
-4556
4743
5465
-5634
-5405
3006
414
2127
-6818
-5806
-7858
5212
-8989
-3430
37
9656
4525
1844
9169
109
-2868
-7240
8357
8525
-5213
173
-967
6231
-9020
-6913
-4042
4190
7201
3745
4803
2734
5811
2919
88
8183
-1895
1483
8622
-9921
-789
-8376
9561
-1302
7131
7011
938
-6146
2531
-3945
-7457
-6844
2785
-7381
63
81
9588
4996
-1075
3326
-936
-869
-6854
-4300
-8363
244
8835
-6112
-8522
-8356
-7884
5887
666
5371
4257
-5872
391
8106
-5579
4848
5415
-9484
-6381
7340
-2199
736
-6916
-1908
-6475
-6708
5252
-2497
-9989
2211
7283
-8661
-4846
-8078
-8159
7183
-6411
-3200
8461
2206
9594
-4459
977
6140
8624
7023
-5360
-3686
-933
-3800
-1821
8131
-4180
-1653
-4994
1988
-570
-3906
-8014
-5053
2429
-4759
-7059
-4897
-3120
8858
9257
-8310
-1134
8512
-3233
-3454
-2966
2735
-780
5862
-460
-1637
708
9054
-5203
-4373
-3485
-1824
1709
599
-2020
-19
-218
-7541
-7345
-273
-5980
-9510
1353
9670
4838
5004
-2390
-5270
5922
9445
8602
423
9781
-6623
-3005
-1899
-508
139
-1540
-4743
6866
-8323
-8505
5700
6744
3332
-2763
-1217
-967
4462
-9041
831
9524
-7732
4127
6045
5817
3255
-998
-862
-7946
-9125
2830
5724
6979
592
885
5610
-8856
-912
4747
-8857
-299
-8607
5938
9842
1444
63
9887
8903
8708
2158
3150
6394
1134
-6842
9633
-6060
-2606
-2822
-8951
3149
-1072
-1085
3627
5529
9579
-6119
6721
2397
4673
-571
7149
-2428
-7381
-511
2053
-9610
-619
7099
-6437
1129
-6743
1991
-9009
-7879
9620
-4862
1088
1393
-2210
-2051
2179
-7666
4392
-4157
-8782
7999
1223
-7001
2265
-3550
3322
-9170
-9303
-57
7410
-5392
2583
-683
3288
6007
-8579
2865
-4307
7319
-5501
9575
-364
3393
6267
3029
-2461
8148
-3833
7221
2143
-7132
-3803
-2448
6626
-5628
8753
-6099
3189
2736
6325
-784
-1511
-7475
-9510
4956
-2305
1920
4342
-8944
2535
-574
3531
-4514
2978
-4757
-6838
-5044
-779
-7435
-5365
-6524
449
-6249
1355
-9397
-5704
-712
9204
-1591
-8260
-3002
-3479
3895
1769
-5836
3820
-2149
-241
-3306
-7160
-9925
9948
4798
-9295
-5300
-665
3737
-2783
4055
-7364
2389
7101
-1491
-2773
-8198
695
-7418
-2626
5355
-8228
7120
-1552
