7860
9409
6795
9868
-1592
7557
-8547
8944
-6074
-8344
-3314
9541
-7269
6618
3000
4401
5005
3027
-4789
5519
5976
5745
5281
-2361
-5540
-9108
-871
5152
6349
-1886
6102
-5796
-9253
-8333
3603
3934
5857
7635
7152
-815
4229
-7668
6134
-5570
-3434
-1634
-6727
6534
-8282
-1215
-4245
2362
7857
-3765
-6350
-6347
-5288
-3342
-1109
6674
2851
-9115
3832
722
-8088
-8339
-574
-5828
5803
1767
5147
-618
4387
5298
-1812
7636
-221
5615
-9811
-2671
-6634
-5726
3875
-7968
5479
6691
7596
9896
6469
-4889
-7292
-1339
-9883
-8146
-9193
-4129
3579
-8038
-69
6132
9495
-1950
6482
6059
-2025
-4409
-2468
4923
2126
-2812
1628
-6216
5859
-6109
-4591
3602
-2694
-7390
228
8027
3191
-5244
-3838
6339
6796
-3043
8561
6470
-4563
9836
-6254
-1035
8012
6152
-8716
1597
-507
6753
713
-8413
5333
-4703
2684
-5479
8627
2345
-9007
1298
4425
3232
-9904
1674
2065
-5132
7516
-2831
-3320
-9077
-718
6671
-2891
-9917
-6058
-1825
8676
2214
-1006
1
-2123
5290
8610
3352
8818
3694
7560
-9940
5712
5990
-5657
-8432
-6686
74
1108
-8294
2555
-1611
-2773
-3505
8916
6772
-1977
5388
-1871
-1159
-3317
566
2302
6070
7216
7965
1315
-2144
-9166
7258
6526
-5792
-6822
4304
6266
-7123
-643
-5556
1059
4401
-4839
-3314
-2346
-7169
3200
7547
3322
6124
-4806
8939
8818
5894
-1827
8114
-3324
8548
-6749
-9557
3621
-7062
3765
-1998
8641
-2776
6683
-4003
9606
4233
3177
-4819
5174
7008
5515
-1995
2477
-5039
3140
4131
-6219
-9337
-6274
5054
8413
8703
-1772
2776
-4050
9545
8858
2259
-9749
4727
-6148
-3157
8891
-2236
-7782
-4263
8217
-5828
1972
5105
2084
4655
1382
4375
-6702
-4562
6420
76
141
-1656
7448
-3834
-2474
1054
-2653
8342
1285
8816
3215
-5877
604
-8616
-8269
-7653
1801
-3636
1780
-3172
8651
-9519
-6573
1543
-4574
370
-362
-8446
-1741
4609
-3961
3579
-3066
4143
205
-6284
-8214
-8917
3907
-7773
5794
4552
9564
-9843
-1650
7689
-311
6083
-3114
-820
948
-4070
7511
5774
1878
1351
2197
3768
-2293
4706
-9305
6462
-6436
2871
-2871
3361
-4
8618
-1698
-1564
5480
-7568
-333
3457
3383
1153
9731
100
3974
6497
3024
-2280
6033
-3767
-202
-7705
-9851
-8578
5711
-8595
-1968
9983
-1729
-1402
-7277
3467
-970
2736
8872
-5965
-5204
7592
-7970
9793
7202
-513
2163
1725
-7182
5010
3514
-1330
9775
1651
3003
-4012
-4293
2662
4227
-3105
-1348
-5775
1336
-7488
-2202
-7318
-1224
5103
-4511
8508
6919
4593
4318
-925
-7878
5351
7167
2271
72
7345
2672
-6279
-9849
-8975
-6944
2390
-4134
-8691
-8897
4027
7864
-5873
-4274
-4441
3799
-1134
6804
-9119
4166
6587
-93
6125
2607
-3491
-5535
-5807
-4533
2087
8355
806
8494
-2569
3671
7784
3404
3970
2236
1528
-3279
6692
-4219
-7539
7536
-3461
5184
-5248
-1051
6043
-6673
3183
-2047
2206
7592
5420
3043
-5188
234
948
5881
-2082
6848
7808
8346
468
-2553
-2097
-6923
4479
3181
-2918
-3667
-3818
3244
6670
4809
2411
-1203
-576
-5879
-2186
4302
-2271
-6626
-7663
2996
-840
-8788
-3826
2721
4101
-7244
7100
1045
8093
-2872
3993
6763
-62
-6459
4361
-4410
957
-825
3673
1926
-678
-3334
-2960
-2853
-6480
5138
4818
-8235
-8749
-5333
-2803
6355
7653
6026
-914
3223
2769
4115
4323
-3822
6213
-3151
-4035
3527
-9032
3506
806
4701
-1759
4580
-1122
2122
7797
-1207
962
2126
-2097
7202
-1933
-2409
-2115
-8414
233
6785
-7596
6697
5804
-1708
844
908
-2311
108
2928
4047
-2228
4192
7030
6025
6990
6888
9638
-4450
-9538
-8475
825
1155
6783
-6162
-2872
4375
2250
-3669
-3431
5702
3140
7844
2513
7320
1729
4200
-7549
802
-3429
-7076
184
-1488
4336
4633
-8037
-4628
-528
-962
-4373
4150
2431
8935
4251
-1069
7628
-4297
-1201
847
8111
-1868
-3481
9826
4807
-2340
-28
2869
-1861
5519
-2472
6329
-3218
-1641
1039
6388
-219
-8986
883
6089
2405
9069
-7349
-3764
-5285
-8272
-3213
-1615
-4721
3309
4967
4217
-2433
7692
-6425
4018
2843
833
-5543
3577
-271
330
4222
157
1511
-2292
7430
-4024
7959
9550
-1038
-8836
5809
-5564
5309
-127
-7102
5393
-1148
-319
-8281
-890
2452
-1094
-3747
-6920
3485
-5778
6689
-4896
-6393
-9763
1834
4750
9777
5060
6677
-6507
1176
-3833
-314
-4618
186
5532
-5722
5205
6007
6111
8777
-597
-9033
-1064
-2180
7870
6580
1698
-9100
-7998
1348
5729
-4689
-8099
-6583
7
681
-614
-7699
3161
-391
-209
-568
4541
-9924
-7531
5740
4110
-6542
6088
-5179
9698
5535
1802
3371
6365
-4404
3116
3092
8972
6868
-5950
-2117
4735
201
-8827
4000
1144
5711
3523
8510
4195
7822
9195
8902
3369
2166
8934
-1829
6220
-6731
2632
9378
-133
-1949
-7982
-2560
3173
5358
-591
-3006
-9450
6721
-6533
9326
-2338
-5040
-8221
6335
6575
3065
4700
-8921
-3478
-7913
-9915
-4925
5790
-404
4769
-8390
7278
2266
-1017
9137
4844
-2989
-777
3599
-3681
-3411
-5258
-2153
-6000
2918
8872
8736
-8727
-7248
8329
-9268
2523
-2287
6799
-9483
2324
4153
6738
-4561
-1463
-9285
8106
2431
6193
1805
2938
-8647
-8201
-8690
6273
3871
7889
-8446
2929
3059
-2122
-1429
741
9274
3329
-7118
7590
8987
8665
-932
-6708
-2344
-52
3512
6272
-7158
-8267
9428
-3528
-1545
-7136
4531
-2385
1700
6094
-6472
-5379
1894
-5434
-6661
866
6210
4146
4347
-3679
-4010
-8240
-7766
-9612
-9032
7891
-663
1592
-3957
435
7486
8182
1015
-7076
-3747
8311
-4064
-4287
-1359
-7203
7228
-6527
-2840
-4450
7226
-9279
-8985
-1567
6564
-6939
-8772
-5170
-6624
-8498
-2644
-1084
-4456
5228
-6565
-3702
-8961
-4355
-1495
-9993
1870
3078
-7312
-7637
-5762
5666
3503
4938
-5152
5122
-2808
206
2961
5076
-9827
1137
3359
811
-4239
535
1883
5117
630
-1617
9977
-678
-3561
-9529
4391
783
1159
1360
2187
-3702
-5571
7964
6471
1422
8389
8676
-4113
-2229
9226
771
-3217
-6717
6772
-8619
-5106
-6759
-2506
-6471
-3519
8596
2253
-2476
-9619
-4632
1244
9912
8862
1474
-7070
-3147
-2475
-9626
3529
8345
1712
-7737
2330
-113
-8203
-6136
-1672
2706
4848
9554
-8216
-3017
6920
-7969
-6113
-6700
-8949
-5236
-1517
-3620
-8444
-8866
284
-4307
-5037
-8414
8446
890
-153
7653
3711
-1365
9261
-5650
3246
-5008
5116
784
-9852
-6027
-3030
5380
4763
5106
7188
7937
1208
7107
-6064
-8489
-1139
5544
-6988
7392
7678
-4538
1814
-8563
-7530
4978
1584
6228
9363
4950
-7082
8995
3623
7216
-8344
-7188
7228
-8653
-5270
7548
2793
861
2540
-1308
9336
6540
6867
3728
583
-7196
8863
-3512
-4743
-2986
-7011
-9276
9285
-605
4532
8373
-8996
-6917
4162
2740
7175
4462
4032
123
-319
-1991
-1552
139
6937
8013
-9205
-2854
1685
-6632
-2681
7145
-2130
9478
8234
4741
-8522
-2795
-168
1943
1220
-7966
3276
5320
-8753
-7649
-2127
7696
-4197
718
-5815
-2571
-7297
-5335
120
-3423
-9193
-366
-3971
9887
5237
-7176
-6975
5755
9280
-1907
6070
1427
-6737
-2849
3594
-4026
-5456
892
-7125
-5628
-9044
1468
5795
-2934
-8941
3896
-3843
-8770
-7186
4635
4238
4663
2255
8427
3826
-5100
4263
-9646
-143
-7750
-3849
7132
-6652
2357
-5114
8999
-2817
8370
-2600
4251
-4605
-9425
6726
-6809
-5999
-2073
4713
-8750
-9344
4993
5617
1214
-7907
-2251
-5564
4668
5382
3865
-9976
-8575
1908
5371
-9377
-4328
-3344
3529
3160
-6394
1241
-6170
-5864
3725
3669
-6174
1304
-827
273
-7990
-6578
2603
-9702
8602
9121
8355
3494
8967
-2217
5926
-9611
9445
7151
-6583
5236
3979
-9525
8417
-2351
-9333
-9994
9518
-8603
3537
8026
5514
3213
-9854
-1801
-9960
-4322
-7836
-6595
-5302
8907
5959
4337
-7555
4043
1052
-3076
-5657
-3488
7018
3041
-2642
3050
7872
-1981
-9257
-6301
-8773
-6942
1048
2492
-6655
2457
7376
-2335
599
4687
591
1380
-6590
4344
4338
9597
2373
647
3640
838
3060
-2170
578
-5145
186
5618
6101
-820
-5550
5062
6381
-9289
6584
4751
-2965
-5626
-1765
4230
-5853
-5296
2666
3462
-367
-8867
9499
-6704
-8821
-1660
-6754
9476
-4774
6744
9794
3436
-5335
-9012
-6039
-7937
4000
-7128
8550
2841
-421
3775
-6243
1295
1935
-7914
3746
2617
-6440
6465
-1818
8095
4085
-2411
2220
4761
6908
9904
4476
-9395
685
5684
3059
6026
4009
1033
-4856
-8761
5714
-9752
136
-483
-2685
2653
8594
-4878
4849
-6414
-5939
4834
3165
1542
5211
6347
-4133
9853
6290
4558
-3652
8949
-8365
-5162
-8086
7990
-6727
-4230
-5335
-7633
239
-5646
7899
-2741
-40
2370
-5089
-5561
-9086
-7587
7437
4574
-6671
-1884
4768
5867
-7054
-9985
5207
2585
-9963
784
-4913
4985
-9535
9106
6736
9925
1992
2825
3889
9262
-5951
-1144
6013
-895
-7425
1856
3274
-3107
-1627
-206
7030
5120
-9699
5975
1463
1653
-1352
-4041
5387
-1008
9174
6617
-8815
-1906
1473
-4717
8986
7712
9311
-3449
-642
-6737
-9110
-8693
-9088
9571
-1704
-8638
7027
-3925
-8641
2679
6257
-1984
-17
-845
1501
902
-1805
-9042
-8504
-5549
1140
2164
-4239
-5684
-1990
-6621
5881
4317
5553
-2371
8991
1781
4738
8275
8918
-5557
-330
-2008
2842
-1159
-5919
-9615
-3171
-4243
-5710
-4726
5767
9399
-6876
-5971
8259
-3161
6777
-4806
1532
983
5330
2541
214
-6796
-8428
145
6433
-4816
7313
1394
2976
-6056
2844
-4707
-8059
2289
6155
-295
4939
-8925
-1976
82
1890
-3600
-6378
-6442
-6985
9453
7060
9399
4201
-1519
1619
-5602
-4203
-2690
-1591
6928
9103
5445
-9163
7486
-6926
8197
5452
-8628
-4348
-1992
4918
-3088
-2350
-8318
8428
-8573
-1637
-7498
-5402
880
-9988
4013
9697
4195
1029
6038
4628
-132
2055
-5549
1453
2160
-1839
-8569
-3168
-6037
4717
-4607
-302
-2112
7476
-5619
-8042
-9822
8675
-9157
2181
6600
-8861
-6294
2817
-8700
-2817
4824
5125
7683
1530
2768
1791
-6619
-7215
7426
-279
2131
945
867
696
1698
1431
-1915
-4486
3230
-5691
-9474
5860
-1134
-532
7297
-3186
3064
7637
-2314
-1717
-1249
4518
6158
-6236
-260
-4014
-2397
-1268
-2489
6877
-7806
-3084
-2062
9524
-7802
1155
1765
9748
7835
9788
331
908
8506
-9991
6429
-7694
6933
3796
6352
-5611
-3647
-5709
7177
9710
-8616
8051
-8696
2399
-8406
8569
1239
4812
-5393
-1384
-4168
-3853
1324
-7445
4276
4298
9020
-1783
-4992
3222
-7560
4135
-8177
-2985
-2515
-2076
5484
2901
-1877
1795
-3597
-5290
8770
4170
-1799
-6868
883
-1821
-9989
4343
7371
-2623
-8037
6519
-6700
2531
-6221
875
-5814
7393
-8538
9579
1361
-5158
854
-9088
5920
4128
3984
2310
-7823
-6731
9364
7218
-2883
-9926
-8488
-5896
-2670
6357
-2385
-7302
6724
-8631
-4610
-4541
-7640
-5153
-9035
6610
-1212
5668
8329
9590
3850
-8529
-2932
-2327
2847
9178
-5232
-5610
8974
4249
5906
-9690
-3738
-3582
-5233
7081
1561
460
7361
4362
-7115
413
4735
1827
-5193
8896
-4361
8119
8068
6769
4454
2845
-3053
-4087
1070
8257
6359
3069
-4573
-7412
-9151
2967
645
-9721
1154
5962
-5481
-9186
-7555
-5813
-4435
1226
-6049
-3957
8285
-5266
7816
-1780
8608
-943
4176
-1486
1820
8014
-1112
-3991
-4895
-9102
-7421
-6822
-4587
-4302
-6737
-5673
-4156
7495
-891
-1645
7465
-1501
1205
9337
-9653
6952
-8766
2437
7589
2885
-3374
-3291
5731
-6889
-5252
5813
6602
9286
6428
-7143
9172
-158
-5024
-8077
-4016
-1990
8211
3315
4452
5052
-3594
-3100
-9016
-9683
-2257
-1122
-487
-5444
3799
-2011
2515
-6231
-5454
2757
-9519
3684
-9900
507
-9080
-874
8056
9177
323
5760
-1497
-1706
-2725
-7435
2999
-5189
7536
-7811
-7095
-3069
33
-9779
4840
-1395
4018
1657
-1697
3258
-1099
-6481
-4558
3180
5737
6975
3738
-3766
-3117
7422
-5219
9302
-6030
1452
-4639
-8180
-6513
-4121
-3088
-1877
-789
-8768
-7770
-6387
-9189
3894
-4491
903
-1206
-8798
-8099
-425
-120
-8949
732
-44
1236
-4765
-2828
-5336
7906
3890
-383
5606
-4658
2935
-9796
-580
-985
2368
4524
-8734
1838
4071
5622
1524
-3308
-4769
6768
9707
8665
-3315
2402
-7474
2407
-4744
586
1026
-5105
675
4174
-8121
1657
-6283
1278
5554
6301
8817
8225
-9543
5131
1608
-2347
8771
-3664
-9914
-4291
8908
-389
-4294
4614
-9931
-2325
6512
-1099
-7334
618
-6268
4670
449
2398
-4395
-9589
-652
7100
-2024
-4286
-879
2662
-5699
-5198
6648
7346
-9935
9798
2537
-2725
6739
-1638
-5498
-888
9146
-5848
-6015
6180
5993
5282
-2559
-9651
-2155
8217
1033
-5966
2454
956
-4974
-5194
4695
-1790
-4733
9123
1192
-1856
-8902
-3244
4951
-5459
-8471
8541
3152
5482
-9505
-1201
2586
6492
8119
-3008
-5304
4071
8078
4446
-9001
5647
5463
4089
-1360
164
-2579
-945
4477
3165
4783
-7429
-1283
4604
353
-2947
7984
-4507
-2185
6157
-7105
-7511
6323
7066
4221
2517
989
5262
9850
-1857
-1269
456
-454
-5529
9153
-7897
1573
8147
4551
-4208
-6763
7468
8992
-6474
8339
-2563
-8730
9156
-3661
-7312
2622
6978
-107
-7050
-5105
-571
7785
-9378
-5184
814
268
9280
-2844
9340
11
-8975
10
5462
4794
-962
-7874
-7886
-6588
4014
-7302
5791
-2091
-4058
-8596
-3846
-5847
-3863
-3233
-8035
317
6041
-8223
5023
8102
404
6228
-8331
2416
-5754
9395
3151
4389
-9972
3123
4941
2435
9344
6786
7925
7947
9457
913
7833
-3253
-3978
-5798
7152
-4648
8768
4443
-2203
-961
-231
1659
-5590
7817
-8480
1608
-4515
-8798
-2290
-802
7786
1826
1057
1583
9711
-4611
-2068
5384
-2063
-3247
-8448
-1465
530
5875
-5914
-7342
2851
3075
2913
-7086
47
-7375
-1721
9531
3720
-107
-1213
-997
4617
9379
-1189
6697
2991
-9023
-3518
8297
-6746
-1610
2948
-40
8666
-3038
4519
-489
9069
9182
911
3245
-7680
4970
7033
-322
2237
-3590
2826
-5872
-2777
2656
5076
5574
1820
-5853
2895
-3427
6001
-581
7326
1595
901
-9121
9889
3937
-737
-2024
6776
-1356
-4860
724
-5047
-7582
3138
-9697
-9017
-8779
5107
42
8006
4229
-8849
7688
7980
4474
9018
3970
5270
2907
8860
5381
-3353
6817
-1676
7031
6820
-7707
2379
-7615
6335
-9426
-8275
8358
8653
-2710
5227
6863
-1302
-2221
4494
-8841
-5160
-9908
6148
-6667
4334
4283
61
4351
-2344
-9152
2421
-7159
-3488
8619
-2629
-8866
-6954
-8721
-4939
5392
6507
-8779
8414
5143
8382
8211
8589
-9191
5169
7701
-6280
8787
8011
9950
-3691
-5288
-6286
-7347
275
6750
-7862
9846
7937
-3164
8174
3113
-6118
1012
1202
-6236
-9790
2109
4584
2705
4641
-1279
8053
653
5970
8936
3923
-1975
9553
-1660
-8474
8095
3943
-2020
-5097
5492
9405
-8115
2678
-9137
-7952
-821
143
2000
-2157
-8264
4340
-5912
6150
8291
-3073
-1214
-353
-2095
-1299
6866
-9275
7725
9981
-9731
2666
8124
-5608
8184
479
6747
-4223
4456
-9654
5597
-2314
-3166
7337
-3249
-5980
-8065
-6033
-7107
6500
-3692
3150
1759
9496
2421
-3359
-6794
-7312
4443
2110
-5191
-2680
1464
9188
-2087
-83
-6438
600
-5464
1961
6567
-8440
-4212
-4737
-9604
9201
1811
6836
9322
-4286
9133
5460
-4322
-5248
-9831
5953
8030
786
-1444
5624
2183
2135
-4451
-7575
513
-2066
2443
8560
-5516
3660
8176
7401
4411
-76
9085
6845
3916
2466
4376
-5190
7644
-213
4150
-1905
2150
-1406
-2287
919
4812
-4403
-1729
3278
-7961
-6981
-7089
-5148
-6617
361
-4584
-5721
-1957
8915
8159
-5205
5406
-5661
15
-3180
5193
5703
-9812
-7052
-8487
-5418
-972
8395
838
-5747
-9679
-1838
7808
-6141
5170
1075
6474
-1634
9365
2330
-191
-8601
-972
7503
5919
6451
7725
379
-3738
5455
-3146
-803
6250
-7245
-3799
-4449
7567
3345
5175
-2604
-9080
2872
5287
6332
8826
1405
1428
-3110
9110
2030
8979
-4286
2511
4888
2405
-6160
9841
-4494
8792
8292
3102
-8673
-2568
1967
-794
526
-2554
-2501
8787
7765
-2633
-4319
5286
-3080
6483
-7733
7379
5044
2633
238
-1366
-6337
-4682
-8722
4368
7036
6150
9775
-6304
7019
8227
4864
2412
466
-1952
7725
-4377
-8871
1397
4242
-8815
-9378
-793
6263
4715
9187
-6729
-3121
8627
-677
-7125
7872
5055
6738
8952
-5790
2395
2314
2720
6726
-5048
1066
-8699
-179
-2257
2556
-4855
-1450
2563
-2744
5994
-3794
-302
623
3456
3882
-8395
-9466
-9373
7614
5747
1193
2428
748
8991
-8989
-7398
-7096
2145
1553
9906
8203
4675
7525
-4310
9853
-7362
-4731
7162
-1623
-7246
3831
-3865
2220
3010
-469
5584
2102
2475
-3295
-2499
-9205
8759
2105
-6830
927
-5801
-1568
-4399
2640
5773
3669
-2989
-7982
8880
1205
4549
7483
-1284
-9675
-4629
-9855
1770
1618
-6268
2729
5608
2705
9822
7205
-952
-6447
8423
4230
7998
-2403
-7708
5754
1570
2654
-7701
-6345
9557
-6963
1318
8360
-6491
-7060
-6121
15
-6668
7506
7779
-114
-971
-8598
814
5136
-6963
-3022
-8585
7623
-8403
-9521
-3071
3761
6505
67
8511
-6739
-8165
565
-8387
2521
9512
1516
-8113
2912
-2860
3758
-1115
-2427
2248
2295
-6276
6273
-1644
-101
9343
5498
7152
-9282
1820
-9830
-9176
6216
-5753
-6901
5937
4172
-4657
-8211
1327
-2101
5648
-2403
-5189
3206
-6369
-4088
1031
-8070
6072
4877
-8126
9650
-5783
-7636
-778
3364
-5044
-3009
1680
-4897
-727
-2887
538
9088
-5424
385
6009
-9790
-2450
-6871
-3382
-6074
-992
-7672
-8168
1668
-7966
3240
1229
581
7071
-6900
-8466
638
5087
-6502
9377
5717
8420
2360
6446
326
-8479
-8279
2561
6452
3854
-2239
2847
3930
-4865
221
1120
6516
9916
6374
-4881
-7179
-6461
-8391
-5892
3017
-4342
7977
-9653
2760
8086
5723
-3172
6393
-2662
2220
-5485
-329
3183
-1496
6246
8806
4361
5157
-8356
-5098
-3786
-4318
2124
5033
295
5042
-3056
5441
-7850
-8412
6911
-7245
8727
4194
-9377
1461
-6449
6028
7309
7242
-3206
5616
5958
-1489
3851
6206
-3997
-9424
2947
-5858
6382
9989
-9489
1632
7556
-6013
-4523
-1956
2218
-1631
9758
647
-1283
-8131
-6920
6483
-5377
9732
9916
-719
-9913
8517
-2750
9309
7575
-7461
9515
486
7374
6980
7648
9137
8817
8270
-5078
8064
-3975
-1171
3096
-2103
-221
5521
5202
-9497
-9473
-2069
9915
5351
381
-831
-6547
-6828
4475
-6608
1903
7676
1686
-3872
-7915
6993
4577
5874
4580
-7398
-6020
4859
5696
8436
-6084
-6015
-5937
-1704
528
-1085
-3166
5583
79
4138
-3286
-9885
3218
1079
-6719
3425
-9460
2500
6180
540
-8165
-2630
3058
-7969
-4908
1658
96
8597
-1223
-2679
8002
-9048
-1681
5746
9314
-1334
-4315
-6448
-3480
9581
6377
-4058
8473
-5839
-8090
-9155
-493
-7644
-8138
-6523
-2515
1403
-1513
3810
-1233
946
9065
2011
-1266
-4525
-1840
8239
-6217
563
2760
-5939
3485
-9137
-2179
-4964
3945
-4738
-7211
-5460
-9242
8610
-6546
7601
-9324
-2923
3298
7122
-9840
4947
-6669
4993
6369
1132
6256
-6084
-3853
-7567
-8661
4310
-4904
9746
785
804
3942
2320
4817
-2710
-3081
-7294
7095
1751
7188
2714
2054
-2913
-9403
-9020
4821
5484
3065
-6217
-6243
9090
-6154
-7082
-8420
-7818
-2705
-1917
-5783
-1451
-9408
3481
-9935
-5694
-3041
4148
5874
24
-476
-1720
6138
-9950
-8761
-4906
-138
-9026
3953
-8
-1844
-6808
3272
3246
-7105
6139
7735
-1186
-8532
2148
9025
-2101
-882
2636
-3169
7774
-6486
-5440
-2014
80
-7446
8785
2741
-5014
-6686
1099
-5072
3482
4128
7788
-5373
3415
-5461
6689
-87
1427
-7240
9676
6134
-5621
-6720
1177
5201
-7684
8609
-4466
3347
-1101
7584
211
-7786
-6920
9945
6312
2404
-2147
3298
9841
6887
8510
8119
8458
-373
-6779
6727
3561
7777
1339
-9184
8087
-70
-1514
6354
-5689
-864
-5638
-2539
8300
-4700
-6932
-5529
9140
-8527
-2808
5515
4335
4707
5099
4354
-877
1808
-1601
4295
1983
4854
6355
-5135
989
-20
8331
9412
-7103
-2123
-2496
-987
-5308
-2544
-4643
-7336
-9677
-7696
-9752
5012
-3797
-9811
1374
-629
3504
4280
-785
-8584
87
-5345
6174
8912
1854
4647
8574
-7504
2217
7134
4268
-9531
-7574
-7671
2573
7624
7016
3980
-8960
5750
9602
-9815
-8651
-2032
4515
-364
6923
-9505
-8312
-7514
-1235
-3971
-8341
-5498
5263
-8283
-2147
-3376
4600
6180
-488
-1530
-863
3297
-6648
9508
2625
8883
-7097
5267
-1256
-1785
1394
-7136
-2774
5445
-44
8789
3582
8081
5718
5180
-1352
-1560
2837
-1350
-6699
6752
-4185
8003
4351
1444
6628
-3172
9137
7496
-7626
2123
-8001
2466
5909
-8378
5248
-8788
-7674
6835
-5723
-9714
9187
-4826
9766
-595
-8370
-554
-7523
9596
-7553
-8075
7602
8164
4938
8795
9230
-2461
4363
-9255
7735
-62
-8488
7641
5810
438
9885
9037
4784
-9798
4171
-2295
-8993
1384
7532
2793
-8638
8921
-2272
-770
-1734
3905
-6265
2342
-7329
6855
-8438
5508
1665
-5605
-2664
-6070
-2588
-8982
-6847
66
1065
1984
5300
-8639
9658
6962
9018
-9614
6091
5910
-3593
9505
9154
-5040
5610
-7547
-4436
6806
-6373
-3947
-4258
5731
-9302
1692
2515
7251
-4805
7785
6747
-1146
5432
4284
8894
8123
-2282
-1605
-5352
3491
-6631
2113
-8551
-4163
5547
-6731
-1257
-2696
4484
-2643
5386
9931
2727
6192
-6047
1435
3275
8381
1514
8449
-3449
1314
-5248
-8930
478
9836
-1983
-8911
6791
2780
-2096
9102
5090
-733
-1079
411
9688
-6535
2267
4543
-4239
-1377
-4994
-9159
7339
-4059
5625
5144
-6496
-7079
-9893
-5385
5113
600
-9711
-7495
9612
-9478
422
-2740
-452
2510
-5212
-3717
5381
-4741
2142
2527
-7942
-8262
1126
7580
-6708
-1351
-9585
1899
3599
8518
-4693
6682
8118
2889
2332
-9296
-8215
-9608
6488
-5472
1006
-3073
5113
-3709
-9768
-3752
4667
5031
-8006
7508
4677
-1272
-315
-9438
-7081
7234
5218
-6261
9594
1589
5018
6952
3456
-2988
1308
4192
4914
2158
-6776
8218
8229
-6098
-4418
1016
3979
3788
9332
-6078
-8422
-902
-704
-9689
8777
-7050
8270
5905
3795
9641
5560
9166
118
5035
-4012
-1530
-4664
5199
-6310
9945
1537
6876
-3110
-3734
2523
2796
-2766
8343
1077
4820
3058
2653
7906
-1495
3654
-4587
8200
-5897
4998
1668
8262
8316
2462
-5848
-7472
4519
-6162
1931
-1672
-6687
7648
6900
-5076
-9989
5645
2189
6475
-1239
4993
-1032
-3500
9930
-7567
5388
8607
-5087
8302
8352
9352
-9371
-495
-9155
6944
265
5836
-5972
675
6799
-6522
3642
-6727
-5864
1710
4363
9256
3837
1168
6222
1390
-7856
-3165
704
-2993
9017
4367
-3539
-2009
-3666
-4238
-2591
-7517
7168
9108
8492
1659
7938
-6801
6980
8723
-4306
8022
239
-8335
-3137
5115
-2576
8899
4266
957
-4445
-256
7010
-4675
9841
-1653
-2217
-9381
-1158
-4888
404
-5357
-8286
6536
-6224
-2258
1998
-908
-2376
4456
142
6404
2269
-9975
-9329
-1550
9945
4215
-8701
-5833
6359
7349
8744
3476
5290
3954
1503
-8116
6466
2860
1003
634
2492
5067
5328
7180
3439
-1311
-6278
2203
7100
-132
-7292
-5953
-9437
7835
3156
-6019
4761
-2322
8621
7682
2191
-4152
691
-576
2189
-6151
-4925
-3885
161
3492
9111
-3375
7644
3547
8412
9788
2991
-5676
-9952
8631
9382
-9537
6629
-1035
-4735
-9606
151
3703
5
9994
-9186
-5191
-3779
-6414
-4468
3323
-7766
1308
-529
1225
-1190
7694
-1370
-7290
-6099
-5029
4148
-2345
3358
-8694
-3264
-64
-7616
-197
411
-4587
-2632
3813
-752
8240
9425
-2533
9453
-7416
6694
-6427
8874
-9577
8555
-7510
-4990
9666
-5528
3693
-2080
-637
-6692
-6702
8487
4533
-5508
-1817
1316
-5972
356
6293
-4240
3396
-7123
-5643
-3112
-7611
-7604
-8385
9537
4629
2724
-4415
-6148
556
7453
-1717
721
2049
9222
4269
-9106
9815
6835
-8353
9149
3838
6512
7735
-6720
-3694
-5777
915
-5657
5575
3235
-2511
-6918
9735
232
694
-6815
-4161
-8166
-5638
-362
9562
-6284
1124
8514
-6359
5647
5111
5505
8356
-7781
3941
-1403
6345
4629
3486
6313
-9077
-3044
-6779
-5441
3734
2597
-5149
-7396
-5536
2104
5036
7956
-5199
-9293
5464
-8184
-3362
-7630
8470
-7576
-5120
8418
4363
-1056
-8882
-8086
4535
-4936
5351
4019
-7468
-5264
1014
-1624
1314
-3462
-844
8087
350
-158
8204
-8253
-250
2277
-7452
7303
9577
5884
-3234
-8159
374
9720
-6589
-8285
7815
-5506
5647
-2228
-8246
733
-6169
7514
-1475
-774
-5919
7655
-9734
-3693
5673
-3349
-2684
3983
-50
3764
-1461
-9504
-8433
-2566
-9670
3845
8852
6871
9449
2951
4668
-6951
1669
-3829
-1943
-8037
9217
8032
881
9383
7862
-3310
-4729
-6569
-5262
9243
-8002
7240
4372
4519
-6909
-6107
9934
-9422
5430
2587
1525
109
-7128
-2453
-6285
-2470
-9008
7320
-316
8438
-85
1616
-444
-4985
-9230
8705
-7016
4409
3261
6419
-6082
2119
-5545
4144
5720
-9659
-4495
3881
-9865
7198
7111
4994
5051
8566
-981
934
3666
5248
-5376
2502
-4120
-2954
2826
4384
3574
557
5775
4863
-6284
-787
8689
8891
-866
5319
-4396
-53
-9469
-1593
-8829
-5054
-6299
-5165
1520
4864
5786
8938
-6767
-7688
5531
7231
5428
9340
-8903
-324
-6555
-4638
-7198
8226
-7406
4334
-697
8106
-8002
5314
-3151
-4945
9479
-979
-8936
-2473
-850
9625
-4563
5186
2217
6785
-4945
2318
1560
-9570
-321
5830
6153
8154
-4236
7081
-7746
6653
-7651
7661
4610
9958
-1757
-8032
-5127
-8450
-4244
-6141
-5889
-5539
3320
5559
8785
-2565
2437
-2674
7732
3091
-4989
-9802
4292
4842
-1157
-5694
8535
9966
75
9965
2885
3615
9966
4169
-9609
6851
-48
-907
9948
8340
-7673
5006
-4448
-9676
-6348
3290
-8159
289
-9978
1274
6110
6019
1375
7802
5172
-1398
-8155
-3233
1067
-3641
-8806
2835
-62
6618
7413
-2671
9982
-6173
-6677
-5795
7472
7432
-6112
-1549
-4203
-6851
8910
-3065
-2731
-6782
2701
4750
967
6553
9880
3494
1360
-9047
7811
-6763
9150
-5136
4235
-4483
-8742
2973
-2356
1372
-2670
2411
7053
-4756
-7536
-6249
-9325
8550
5394
-858
2407
8227
3239
-1204
-962
-3706
6552
-2332
-8964
4123
-9458
9477
-2603
8610
-9481
9809
3298
-2221
7201
7710
9420
8200
5237
1883
3084
-7421
760
-3309
924
6232
3958
-5274
-1957
1504
-641
6481
-1516
9192
5141
-4724
-3118
9667
-3382
-1988
-3858
7205
-7867
2500
-6493
3659
-4611
-6979
858
6612
-2275
-1785
-9074
9741
-1765
1866
1537
-5646
-5322
7825
-9945
4030
-5151
-2713
-9462
-2114
-7249
-970
-4037
2337
9908
-1198
22
1239
-1260
8707
2908
7299
-3119
-788
7607
4114
-7611
649
-8332
7825
749
-3639
1903
2876
1875
-6499
6151
-8374
7567
-2821
184
-2343
-7425
3474
-1803
-2299
1506
-4242
988
8970
-4304
-4130
6432
-7333
31
9746
-2630
9642
4524
-4229
-747
792
3691
3332
4228
-6738
255
-2774
-3661
966
9781
-140
255
-3976
6831
8671
-8684
-9708
-9640
761
5111
2020
7615
-3180
3022
5413
1469
4465
529
6086
5412
-3057
-3273
9367
2794
4594
-4657
8092
-9332
5824
-2995
7592
6082
-7232
-3302
-4458
-956
-7584
-2563
-4885
117
9038
3413
-182
6046
9320
9521
-268
-9584
-9092
-3197
2727
-6792
-4342
6258
2584
-7583
-9063
3055
-1708
-3320
1028
-8621
-9061
-3306
-5855
6415
-5582
-8877
560
-1090
6292
1398
969
1908
-9757
-5074
2747
-5205
-4786
8648
-5932
-8330
7271
-7474
1737
-831
7744
-230
-7881
8058
-5073
-8067
-2300
-1640
6436
-6099
4292
-2375
9978
-9247
717
3518
-889
7799
6773
-6102
1039
5968
7685
-7381
-3927
-1915
-9734
2764
250
1788
-3577
3405
-4537
-2111
7101
-5257
7606
5421
-3099
-313
-4148
534
2211
-9690
7852
-764
3969
8220
-5885
2150
-2555
7830
7619
-2107
-187
-2308
8083
2131
-7191
8640
2510
4924
-2730
-6039
-2654
8062
-540
-281
-2093
-5665
-2337
2096
-6431
6011
6173
-423
-2277
4505
-2817
8371
5040
9694
9039
-2405
9955
7572
-2665
-6430
7706
6051
6669
-9206
-5891
-4707
-1502
-7931
-2915
-3787
7066
-2736
-4414
-5024
-4796
3020
7674
-8313
6870
2750
1088
-8552
-5851
-1781
8938
-1080
-6378
-3489
-7983
-1167
-4137
-7834
1883
-1520
9498
-483
7279
-7492
8699
3180
-1967
-3669
-3846
-5336
-7149
-2197
-3618
-1328
-5342
-3805
-761
-3844
-1029
1770
-7904
3653
-1345
-7874
7203
3399
9855
5974
-1800
5770
3167
8863
-7216
-3195
2008
4575
3063
-6557
-9094
3862
-2927
-9731
3295
-6110
6011
8283
-2311
6625
3406
5382
-6512
-339
2019
5445
6935
-8639
5320
8059
-1305
9478
9566
9550
4043
327
660
-6402
-8199
3631
-1984
-2877
8794
1206
-21
3910
-3746
7559
-1726
-1290
-4465
-9113
1912
-2926
7670
8721
-7946
-6396
-2126
-133
6737
1410
-1399
-1460
-2101
-8625
575
-3706
5241
5960
7418
-536
3297
-6514
-3784
-2130
9818
-8860
6821
6472
2797
487
2203
2061
3076
183
952
-7497
429
5128
-6470
3143
5226
-4380
5293
6192
-2283
371
-9130
1878
-2637
-8405
4496
-6864
880
1701
-9374
-4836
8857
-2103
-8873
3635
8997
-5336
-1347
1737
-1792
-7075
7565
8998
1871
-3626
-1807
-6923
1025
2840
7387
-6356
-7708
-7934
115
-2414
7600
-9252
-4027
-8563
8606
4115
4632
2830
-1122
7151
273
-7049
-3224
2663
-6057
-8598
3646
4055
1446
1399
-8685
4532
3632
9084
-2333
-6951
6041
5880
273
8968
6790
-683
-5863
3421
-4956
-7298
-3382
-5671
-9689
2444
2126
-1555
-2115
-1657
-1868
6604
-7237
-2093
-2518
993
3711
-3128
9159
1266
1581
-4899
2752
5109
137
-4393
-6263
-2837
586
7710
-7092
-38
-2743
8386
-875
-9421
8806
-4242
-9997
-5303
6978
-6697
-6081
8452
-5875
7941
-9810
-8127
3643
-1525
6285
3308
3636
-865
878
6310
9011
-2979
-4440
-5763
9062
-8472
5131
-3742
-1409
1662
-1881
-4616
-6023
-9706
-1724
-4184
5807
1543
1580
9000
6474
4115
-9836
508
-3190
2460
-2136
-2729
4593
1953
-9573
1576
-9769
-8384
5237
9912
-7100
-5729
-4185
-5220
-8214
-227
1008
-2025
2441
6786
-8037
-2131
722
6347
-806
-2475
-8674
-5616
-1743
-5846
9449
5697
-3139
-4738
-9171
-8068
2727
714
-5412
-9309
-9827
-8408
-2162
-1467
-1193
-2707
2986
7524
-3398
8920
-467
2071
3998
-8166
709
-5231
-6455
9991
-7518
-9078
7325
-7685
2278
-5654
-3993
-2242
883
622
-8182
1768
7310
9820
1494
-3774
-3057
1901
6394
4959
586
8348
-9880
361
1508
-9267
684
4508
-2408
-5125
-7094
-3209
-8182
5310
-7809
4198
4069
-4368
3717
-7404
-8178
8008
-3104
-4828
-3588
-5341
7566
-4786
-9969
-4722
-5129
6855
7642
466
8922
-7410
-9638
-1441
-6479
3762
-582
8448
-6840
8352
-5304
-9102
-6993
-980
-2161
-1647
-74
-5835
-1853
7255
-1912
9813
-4083
9731
5333
7920
4852
-4007
3865
-5629
-1986
-1054
6268
6064
6812
1633
5023
-8286
-1811
7956
1942
-923
-9103
8016
325
-5464
-1906
187
-8475
-1958
1643
3425
-9641
2579
-2928
6210
3229
9882
-4903
8734
4922
-2236
4146
8448
-6786
-7350
-3010
1200
-6017
-8244
-7055
2116
214
-7724
-9328
7166
975
-4437
7850
-7639
4770
7729
4473
1733
4803
-8414
-9421
-1906
-2627
-824
3182
6048
7152
8540
-7477
-8590
2834
3752
8375
8552
1087
359
9762
6325
-467
8520
2335
-48
1316
9789
7856
-4731
-4552
9013
7956
-8987
444
-1062
5448
3799
-65
-719
7516
7502
5139
-343
1788
9341
8667
7562
812
-3519
-3841
6195
-1455
-1555
-1588
1152
-3324
-3362
9929
675
-7300
9753
2029
4187
9890
-3124
-5886
2480
7243
3451
4765
7701
-801
6158
-7760
7349
4484
1162
-1833
-2291
2012
4094
-2382
-5799
-3751
-1741
6707
6535
2058
7973
6830
1148
8748
-7608
-6633
-354
1894
5508
2080
3010
-5449
3629
-4477
-4785
-9908
8419
-7912
6349
8086
-6681
-7647
-7838
-3870
-3888
-6655
3121
8846
-5541
-5050
-2968
1647
-8570
-3196
-1887
681
-8041
-5208
2490
1175
-2384
8741
7855
9031
-362
-62
-5084
-7985
-4721
-725
-5530
-3321
-1240
1287
1228
4046
3363
8008
-8886
-1282
4195
5028
-1765
1657
-7950
2300
-486
9154
714
5011
-5059
-5981
3364
8790
1756
1523
4632
4280
6400
9431
-6263
-2085
5009
3167
-6227
4696
9507
-2829
9415
-2193
-5917
1280
-2809
-1388
2996
9669
5746
1583
-921
2774
-3276
3239
-6733
1729
-2920
-9496
2615
-5569
-1294
-1688
9294
6708
-5409
-6911
4396
9986
4916
-9916
-6608
-7352
-8314
3559
3965
-7102
-3874
1740
-6435
2222
-521
-7329
-4836
-1655
3347
2145
-3783
2234
-5259
6146
4769
9931
-5669
7412
-2363
8743
-4281
5575
3217
1677
-2005
-634
6566
6962
272
-3752
5458
5342
7676
4178
9507
5428
3256
2098
2260
-7670
-2833
8079
7511
79
245
929
5044
-1605
-3842
-9827
-8387
4095
3241
7323
2866
-4009
-9316
-6847
-2848
-1311
6145
2309
-3139
8779
6232
-6567
400
-4723
2975
-7825
4874
5669
-415
4877
5033
3855
213
4359
4057
7553
-7252
-2592
5411
3940
371
-2680
-4382
6631
7018
6945
6893
7127
2442
4366
-8606
-7022
-2599
8839
-192
-2510
4372
594
1418
-3914
1933
9607
-8592
3065
-4104
-7808
849
-3667
-5367
-7068
6443
-1388
-7393
-1877
5382
-8675
-3480
-6140
-9653
1012
8293
6226
6140
8986
7249
-5796
4584
4023
-9040
8949
-1525
-5012
4170
4409
-2028
-2798
5566
3342
6708
7935
2665
3475
7018
-900
3825
-9089
-1845
-1536
7104
8676
3399
-7577
8313
-8230
6813
-5931
-5820
1740
5082
6378
-3678
7562
-8867
75
85
5585
-9359
-2414
4703
8827
6713
-2934
2209
1477
9948
-6436
32
-5204
-9037
6933
-6171
-5582
-5264
-1285
381
-2841
-1678
3593
-372
-3000
4320
1953
-4976
-8788
-6549
7925
-5808
5295
-6959
9169
-9361
-7635
-3840
-1393
-61
3341
-3192
1192
-6488
5967
3596
-3356
-5919
784
-3088
3504
-1787
3465
-6284
4326
-2346
9534
3310
-2105
4331
1948
-5790
-7306
-1728
8268
9937
-2311
7088
-6421
-7012
-9221
-3379
1959
7911
-7324
5524
-3105
3300
-596
-5809
-3902
-4526
-5197
9820
-1308
-5363
7094
6649
9812
5998
-7296
-5410
1249
1619
7984
6683
5904
-2777
-1830
-9210
-6061
-3554
-3024
-6964
-44
-8012
-1520
-4980
-2563
-3451
3701
-6945
4035
-6212
5704
-4971
-2538
-4095
7575
9424
-9071
-6702
-1977
5058
4011
9898
9827
-288
-3758
-568
-8200
3262
-5501
697
-5680
-2050
1260
-7680
8201
-3147
-7391
5353
-4412
-5583
6605
979
-4330
1767
-4362
3117
7086
6895
546
-7186
6106
2619
-994
6851
1200
-5105
-2526
4268
-2991
4253
-5762
-4706
4575
7411
1236
-7269
4115
-9902
-2524
-7737
5086
-5286
9936
-9370
-8580
-2882
-5897
-571
-3533
7904
2281
858
-4354
9921
-7229
6508
-1992
6005
5936
-759
4728
-6103
-1835
-2529
-8241
1168
-3066
2812
-4149
1402
-4960
989
-6392
9470
-9775
-5578
-6321
-4756
1300
9666
6650
-329
-2214
9507
-1439
-5864
2795
-4600
6506
-4860
9527
-743
-9953
-7068
-469
4251
-813
8952
6979
4834
5104
8248
3946
-7630
-1580
5521
-6216
3019
8206
8166
-8084
9158
-4436
-9724
-5090
9135
-8840
-482
-4799
6688
-6656
-5144
-1484
-7766
5756
-7821
6846
8185
-243
-5554
-3273
444
-129
6778
6539
-5905
-1655
868
-8717
-2610
-1114
871
-3973
-4768
6233
-6336
6308
9911
249
5331
-3149
-2121
8896
-7995
-1169
5937
-1961
-9768
1662
-9629
-7022
6519
155
122
-3846
-6862
1636
-5636
6835
-1095
-9870
9367
1965
1326
4207
-3272
5595
558
-6812
-8195
1303
6689
8868
5746
6136
-7217
-9172
-3534
-1419
-9610
-5522
3863
9206
9143
-2407
4299
-5070
-7177
978
-5652
-3075
9309
1599
-3109
5527
6672
-151
4690
-5938
-7939
-6828
-8684
2828
9007
-4160
7487
7993
5769
4177
-5210
-9063
6293
6426
7382
3815
4312
-1191
-589
1976
-8487
-8477
-8246
989
9130
-5348
8502
1518
6118
377
6708
-1170
9639
819
-1395
6106
1292
2282
-1713
-9728
-4402
-3683
-1018
-5356
6479
-8422
-3807
1185
-2550
3292
5193
6398
-1716
-8291
8870
-5055
-7858
-2085
6983
2421
3484
-8600
-7842
-3822
-6471
-3694
-6513
-5061
7191
3885
-1733
6669
-1256
9351
-7654
-5949
-5427
-8929
-1913
-5089
4123
-6189
3224
3916
-8236
9376
4171
9107
9712
-2083
-5226
9596
1693
567
693
-6128
4275
-7016
4608
8191
7613
-5314
-7405
2119
-3734
-1122
-1441
-5657
8370
1832
-3362
8913
-4545
-2635
3510
-3579
-953
5802
-1684
9192
6156
-9960
-7771
9057
-2080
815
7687
-432
7190
7383
4691
-6038
8850
-474
-6892
-8758
9361
-6143
-690
2784
-790
6392
9013
-8711
-6176
6944
-7419
3929
-7949
8982
2259
-1484
-9069
-7842
-82
8870
7069
4987
1554
-8688
8999
-1435
-8050
3694
-6683
1981
-7072
3118
8827
5418
4601
-3183
5887
-1540
6723
3011
6632
4471
365
9837
-4780
-7990
-9775
-1176
-8855
9768
3444
-1826
4292
4073
-2322
4247
3615
-8088
-6194
1118
-6351
4308
5316
7787
-2748
-9098
4083
3994
-3313
7990
5307
1594
3973
8342
-9747
8541
1236
-4559
-3239
1183
5353
-647
8391
-8443
8859
-9917
-9291
7100
945
7551
3062
-2349
-7042
-4516
-106
8856
-8499
1881
3309
1831
-1892
7510
4905
9970
609
-8545
-9548
9216
-4896
-1659
-5717
2934
3005
9793
8094
-9400
2945
4885
-7257
-5018
4821
-4592
1671
-1880
-8456
7486
9994
-204
4601
4314
-6862
-9673
-3260
-3769
3143
874
3033
-9942
-2244
8817
9951
-9913
-9921
-4779
8408
4211
-7289
4062
1706
8530
1782
-1412
-2720
-2643
4294
-2955
4920
9400
-8901
7932
6308
-8701
-4748
8746
9579
3661
-3507
-2104
1529
7337
7699
3696
-3074
7551
-5719
-506
2433
-7323
-6163
6045
2018
-1963
4951
1706
5239
3929
2948
-6700
-9905
-7788
-8576
8433
-5879
2148
8801
4733
5213
-3303
-5430
9522
7024
-3480
-5957
5405
4965
7096
-5888
7880
-2950
-4046
5572
289
9359
-7025
-5329
-2998
1299
-7381
-8590
5585
-2562
-8781
390
7176
-7145
7216
-4698
6614
-9907
-7911
8461
527
1668
-6137
3392
-5430
-6234
-5305
-9621
1033
-7016
-4051
-7574
-9496
-1910
6503
-1925
556
-6723
-8050
-2367
304
2733
-4754
3793
-890
5974
-830
3584
4781
-9212
-1055
461
1608
-7557
114
-4244
2507
-3785
7087
-8889
-5653
7736
2755
415
1794
-9936
-4082
-5525
-4742
-8930
4005
-5474
600
3545
-1082
-5122
5650
-4252
1086
-3609
2239
-9679
3383
-9207
5757
-4183
-1467
-4911
-1631
-6533
-2842
-703
8910
5878
-3316
7393
-2547
-8860
8933
-1542
-7849
5244
3527
842
-7678
2367
8489
-3744
7141
5934
1544
-3824
2686
6925
-1939
-7666
-7977
3203
8606
3966
-1422
-4957
4940
4930
9988
6299
-2741
-6172
4878
-6051
4278
5925
3579
-5032
-4997
-258
1754
-9255
6031
6271
1784
9990
-6598
-9013
-3162
6517
-4139
3407
6885
-1147
-700
-8969
-1778
-6322
2516
-2753
2402
-2622
8214
-6316
4724
-5650
5936
-6633
7261
8308
-4560
-9560
-3355
-9925
-5952
-743
7577
-4499
9460
-6938
-9407
6431
-6761
-4916
-5128
-1617
7621
-5312
8630
-1381
5706
317
-820
7703
4158
9392
-37
-740
-8308
1201
-2305
-4761
5505
3624
-8943
-4316
-8631
2543
9858
8703
-9699
-1351
-1888
-6188
-6889
-2204
7040
8772
-3731
8113
722
5016
2748
-3203
2887
-8803
7186
4462
-2429
6939
-3179
1445
4680
7547
8382
-4257
-7405
-6549
4896
1110
940
-6191
5003
5480
-8946
5709
-7328
-5007
-3867
-7587
6280
-7432
-189
-7400
8486
-6584
5785
5616
208
-587
5122
890
-1982
-1987
3354
2240
9286
3350
-8912
-3933
3551
-8056
9032
1167
5255
5321
9413
-9185
-514
-7701
4989
76
-9751
-9435
2301
8592
-7642
-2418
429
5549
6907
-9419
4365
2725
2164
3517
7661
9937
-5945
-3355
-6265
-5710
6404
6438
9143
2277
-5270
8228
8458
8503
-3479
6539
9528
8654
-4943
-1362
7188
-6679
6296
9182
2213
8478
8132
9723
-5841
-9678
-2585
5724
-2457
7675
4031
6435
1708
-4922
7593
376
-3259
5790
-6555
-8832
4899
-9095
1257
4984
7530
8306
-676
-3844
-7783
1186
-5269
7216
-8091
-9196
1550
-9762
8332
-6883
4641
4775
955
8812
-3339
8599
-2860
8764
9683
-9893
-3144
-9094
-6336
-8949
1969
5870
-3183
-4774
-1076
-8447
-8894
-8340
6341
3512
-7481
-2438
-3409
-4676
-6242
-2142
-6363
8077
2263
5006
-7531
1912
-3407
50
-8868
-1616
-296
-2164
-5189
-6842
1114
3
-2807
-6876
5189
1207
-3272
7805
9217
-8012
6631
6946
-8634
7693
4092
-6751
8317
-3952
-6623
6065
7446
-332
1147
-347
-6411
-4375
-2129
-8865
-2956
1820
8603
9008
1511
8821
-2986
2524
4058
-4614
1016
8800
4913
2763
4022
2022
-3715
667
8168
-9671
5406
-711
3992
-2769
5163
-7961
6174
6661
3107
2441
9771
-2679
4022
-8840
-5578
4195
3362
-7115
1326
5029
3109
-1629
2104
1198
6531
-9824
-3165
5270
-1909
-1662
8603
-548
3891
-2104
-2857
4590
9857
7898
-4401
7327
8647
-8183
-595
-187
3562
-5705
743
9825
1330
-3232
-5725
1137
5513
-6193
-8667
-903
9999
5876
-9173
-3556
2203
-4288
-4848
-7098
5155
5928
-8646
1793
-3735
4127
-3101
-14
5728
-5639
6260
1935
-9855
-5511
-4157
-1916
5990
188
2358
-4088
-3793
7321
-1359
612
-3219
3198
3244
-3262
3875
719
-9817
-8047
-6176
-6616
-4400
-7069
-1696
-1167
-1580
-3378
-5731
8593
-3084
6656
2254
-4179
-6063
2337
1564
785
-5309
6688
7712
7732
5268
-5651
6352
5227
-7041
8691
-8047
-5083
2424
1650
5840
-1705
8493
714
9312
-6780
-5909
-6889
3573
663
181
-9491
-9704
9068
-5582
-2286
-7520
7842
-7460
4870
-8935
5852
-8928
6777
-482
7369
-1161
3815
-4996
-3865
-9641
2720
6096
-4941
-9395
2968
2703
9367
8514
9514
-4917
672
1507
-2460
1016
4698
7425
-6075
-1052
-5813
-5064
8119
7987
890
5926
-1737
-5843
5306
-2579
7129
-5131
1382
3988
-8123
-7626
1194
5084
7051
-8904
2751
1216
-3374
8794
-3116
-9873
114
3488
-3729
-7624
7838
-9521
-8802
-2414
-9009
-9206
-7576
1539
-9144
9440
-1240
-1410
1818
5235
8549
6751
7237
-9878
-1569
6927
6734
-6540
-7869
9176
5992
-9065
373
2112
0
-4230
-937
-8039
3878
3666
4747
1661
-1981
2881
148
9668
-9655
7146
-3682
-502
3656
1194
-585
3160
-9561
-8474
-9233
-8280
-3403
2093
1209
-4685
-4237
4349
419
521
1423
-4731
5860
-8356
9681
-8885
-7454
-2558
-730
-9914
-6500
1552
-9901
4988
-6678
-2978
4667
-390
-7452
-9662
930
-4362
811
1171
-3536
9548
-9464
-4993
-9208
-1445
-7157
-2632
8902
8426
-6135
-3911
5390
-7805
148
-3771
1122
-9211
-9238
-50
467
1899
-8037
-2646
3045
-2339
2935
-716
-810
9010
3795
-1548
-4020
9363
7034
806
6408
5353
-4937
-8906
-160
547
-9633
5750
1475
-501
-6470
2378
8747
4339
4023
3664
4731
-5406
-8598
6453
879
-5455
-7942
-1827
130
-4531
-7487
-2428
9141
8453
2458
-9472
-9557
-2122
8583
29
-9882
-4055
944
-1314
-6317
3041
-3289
-5311
-5280
1029
6901
2939
-181
9376
4283
-2447
-5193
7993
6932
6467
-739
9442
-3835
8682
7303
-6723
7877
-254
8302
-5847
-5666
-1764
-7551
-3105
-6126
5707
5278
13
7258
4538
-6421
-980
-1188
5827
9321
6622
-514
-8532
-1384
-4333
-5039
1917
7980
-9105
-7833
-8565
-2644
3776
-4998
2555
4719
2624
-235
-7636
-486
4012
-651
5083
-469
-7794
5728
5224
3641
-8154
-6384
-6466
-9097
5733
6481
1806
8756
4671
-1556
789
4908
-1792
5580
2140
3369
887
1112
3714
-6785
3965
-7724
8219
8346
2927
-2775
-8994
6390
7709
4264
5781
-84
-4720
1855
1002
6575
4415
-9799
8765
4039
3361
-7685
-5101
-4073
-2738
-3886
-9041
5224
7897
2136
-6150
1178
9099
-1785
3808
295
-5709
-1037
4744
6770
-5769
5246
4316
2864
-9868
-2064
2346
-8517
-2022
-6989
2985
-29
-4998
-2105
-3034
-1817
-8640
2028
-9396
6815
-5273
8085
2375
6458
9947
-9157
6081
5075
5487
-2702
-3870
9195
7541
-3295
-6019
4966
-4800
-8493
-3749
7519
2829
9029
8100
-7193
7621
-3964
-6796
-5917
3730
8087
5034
7105
-2455
1070
9024
-1707
-3635
-2536
-9393
2309
-6416
3254
2392
1037
5250
7470
-1064
4859
-1170
-1679
-8266
-2994
-8672
-552
-7340
8783
7802
1370
-9001
1473
8166
-430
-3249
4353
2743
-991
-2610
-8084
8828
-7774
-6945
2998
2601
27
9523
-9164
1715
3618
8897
6399
-8549
6754
4250
863
-8396
4364
-281
7025
9525
-4125
1554
1006
5123
6982
-8904
1268
7184
6587
-2079
-3644
4137
-405
9490
-3974
454
-6347
-6558
-2325
-2057
-9200
-3466
7211
4375
9825
3332
-2021
-9927
3422
-2018
9837
-8881
941
-1892
8520
-8984
-5647
-1050
-7598
-3793
7005
-3386
5646
9769
8498
7213
-2126
-9541
3298
-7816
-5925
4106
-3711
-4461
9433
-6650
-2059
-6193
4493
2246
-1683
-3119
-5151
9606
-5191
2626
9339
9161
7788
4226
5340
-3845
-7871
9076
1709
2377
7952
-6147
77
-7144
-9203
7117
-6374
-6875
-8197
-8519
7049
-5496
2622
-2411
-2496
-2274
9576
-7852
-7197
7070
-3524
-2500
6637
5884
2981
9695
-25
-3411
-2352
-9548
-6554
6525
-5708
-4472
-9075
2773
-1748
3393
9576
-4317
-3938
8096
1621
-6832
9764
-6887
2461
1142
4968
4871
6981
-3373
4537
-8680
8133
-8607
-3583
3833
-8992
5502
-7200
-7882
4573
-5173
8668
2612
-3979
3149
-8979
-1414
8815
3643
-179
-7592
2190
1384
744
6105
-2999
-7022
7733
-5263
7215
-8425
8021
8189
-9304
9704
-7374
8248
-8851
3424
-4727
-6097
-3677
-2222
-2882
297
7231
2644
-9196
508
-7209
1106
-212
-5102
-988
-607
-3888
-4454
-2701
2487
-1352
4893
-4398
-7482
-2882
-8464
-6665
7372
9741
9108
5132
2967
2168
7261
9835
9271
4749
-1805
-3322
-4527
-3751
-8084
-1651
-7075
-7223
5981
-5844
4693
-5605
1196
2549
-54
4761
4211
-2906
398
6926
-8018
9718
-6584
-8737
-5717
-748
27
-2588
5873
5932
-2072
4763
-9770
-8738
-5750
-8242
-7323
1774
-3841
-5246
2285
4381
-9996
-6769
8731
1252
-8282
-2289
-7273
3483
2235
-8884
1926
7647
-5689
-562
6765
-7313
-1826
633
9166
330
1699
-4475
5229
149
-41
1157
-5371
-7562
7351
3822
-249
-6349
8756
6721
-8564
-1406
-4332
-7091
-7571
248
5983
2302
-9354
7139
7294
5506
-1760
8333
-7794
3847
4247
4826
-1943
-4309
-2771
-4334
7780
-9159
-913
4805
-5859
7469
-4971
-412
9015
-9590
5721
9543
-3354
124
1584
-7747
-2132
4589
7017
-5312
2797
6123
-7193
8807
-7266
7923
-3534
4208
6896
-4762
-2390
2418
-3149
2860
-4931
-9812
4187
6030
-3268
-9088
72
4168
225
-6405
-1301
-274
-2900
8520
-6778
3240
-7608
-4933
3453
3888
168
174
-8463
7239
1513
3241
-819
-1333
-1640
-7232
8886
8898
948
-2925
-1178
-8695
2359
-9013
-945
1432
9454
6701
-7442
-8431
-1518
2329
-3045
6271
9324
7857
-8112
2936
2574
7588
-3178
-9002
-7625
3593
7741
-3921
-3170
5347
-1
-4877
-4593
-4209
-5775
-9369
-3266
6532
-808
7747
6410
3828
8065
7798
6423
3761
1573
1948
4783
-3938
-1835
2861
2996
-3177
-6646
-4224
5464
-140
9896
2564
6211
6908
7621
-8945
-5414
2832
-1642
355
8293
-9381
8800
-1478
-2697
8425
9204
9930
7025
2745
-5251
4780
6545
6858
-9767
-5398
-6520
4901
8649
5364
5317
-5318
4289
-43
-4786
-233
2358
1832
340
-6573
-3615
4194
5886
-9524
3518
121
-8040
-8002
6569
-9978
3917
7747
-5819
3622
5358
-8730
1495
2815
-174
7513
-7050
-199
238
-4901
5657
-7072
-2513
1790
5108
-2179
936
-8919
9273
-1363
-1482
-3830
7677
9842
2069
9274
-1164
-8438
5490
304
-8647
239
2985
-2146
3943
3142
561
-9791
905
9454
-5951
9778
-7618
8225
5572
-2069
-4724
3189
-343
-1320
9075
7903
-5753
2911
7551
-2656
-8861
307
5854
-2892
-2649
6412
4095
-8302
7572
-9985
678
-2322
4688
2839
6571
8942
4141
4632
319
7295
-4983
-3799
-1505
-3564
5206
-9873
-8245
249
-3612
-735
3865
2740
1232
-173
-8227
-4527
8168
-9483
-5303
7525
9448
-8666
956
-74
-8661
8365
6924
8070
-1899
-4592
9084
2734
6574
-2608
8494
-435
2171
-3639
4095
-3053
-8407
2464
9981
-2592
4821
2253
3340
4704
-3559
4006
9658
-6789
-311
-3506
-7977
-3555
-6825
8106
-2126
-8928
5704
4192
-315
-2917
9366
-8518
1337
-3055
870
-2222
-7164
-3339
364
-8694
4217
-9645
5904
8639
1960
1296
-817
-884
-1103
9657
7743
-2484
4648
-5422
3489
972
-3570
-838
1956
1636
-5747
8693
-1426
6414
-5805
-690
7491
1394
-7827
-609
9121
9429
3972
3644
-4689
-3559
1965
-8460
-156
151
-7208
-2389
-9242
-6131
5376
-360
6491
1198
9480
5740
-2879
-8047
6959
-6340
9432
8433
8810
-1257
395
6834
-9405
-7158
5171
-4507
8764
-6209
1142
935
-7166
8642
6540
-737
-4566
-2011
8161
2724
609
-53
-9788
-2831
9398
-6748
-2779
-2467
1391
-5165
-3741
6499
-9699
3668
3949
663
-9757
-5282
6785
