8200
9880
-1906
1227
-633
-6042
9796
3861
3477
4622
-7892
-2105
-1248
-5181
1655
9384
-6349
-8873
-5300
-7670
-9425
2639
4358
1273
124
-4391
8107
1035
3222
8636
-2881
-6282
-5746
-3835
5942
26
-983
7849
-5631
2956
4149
1293
-5992
-5138
3808
-9103
7113
7260
8889
-5465
2929
2446
5184
2803
3125
8629
9277
3001
8150
-1374
-6315
5806
9697
9677
7480
-882
9476
-3120
-6597
-6692
-9432
6458
6267
-6086
3986
6073
-4864
-9209
-1742
-9241
1174
8321
5782
-2935
8640
9208
-7556
-8671
1277
3134
3382
-9404
-4840
9608
9044
-9850
-8015
4643
6226
2883
-7686
2519
9375
6272
-1061
-4206
5688
9240
9908
-5722
-2461
-3244
4185
4534
1493
8103
324
-5022
6714
7785
-9483
8727
-8093
-5328
369
-7775
-1120
9437
-4566
5778
-8818
-5109
-703
-7333
-834
2939
-3568
-3617
5503
-4283
8664
-2127
-8452
-5448
4806
9687
9348
-49
-2457
3962
-8874
-2697
-7424
7982
6529
-7958
-6993
-8773
-7915
2602
-6355
8354
-469
9505
-3279
2020
6145
2817
-7519
5591
-3672
-5238
-8360
3145
5437
-5267
-5466
-5262
2871
-3227
-2163
7606
9571
7776
7368
4909
-9471
2091
1224
7163
337
497
-5714
-7659
-7404
8162
-244
5141
5072
3547
-8606
-3742
2661
6061
3982
-3318
8969
-5250
216
9179
7215
7973
-2395
-6956
-1094
-3039
3010
-3475
-109
8234
-1159
-5517
-2802
-3797
8617
-3271
5308
-9386
9428
-2510
3581
-8548
2052
3803
7673
-4660
-7321
7528
-3460
-9814
4468
7302
-3591
7534
-940
4611
-1825
-9673
9350
-4863
-6910
7570
5525
-7950
-6939
-2521
-618
7284
2219
-3227
4364
-3505
9656
2257
-7507
-1115
1674
-8511
-3338
9088
8977
6714
-2150
9933
-3923
1075
410
3862
-5891
3424
5324
4028
3960
-1793
-1552
2112
5179
1056
-5979
-9740
8535
-3444
-3511
-6500
6030
7274
-8843
-8555
1101
7674
5819
-3993
-7307
2924
7685
5094
7413
5385
-3919
-4939
5353
2127
4812
170
7695
-8464
1304
8026
-5308
219
2711
-3331
-1418
-5804
-6600
2158
-6332
1801
1808
7690
-8901
3941
5536
-8486
4720
1599
8892
8536
-3311
-1173
-9396
4995
9339
421
7016
-6652
-8404
-9868
6264
-533
-4291
3991
727
-6670
-4439
7214
-8813
8405
2919
-7994
1373
5668
-7811
-5295
-8388
-860
1551
-6028
-8997
6818
5385
-2162
-6533
5822
-2522
-2333
-8717
3364
-4365
-5291
8228
-9080
-4076
8623
3341
-5573
-4797
-5163
-9627
8475
2410
4371
3221
868
-8375
2237
3302
8360
-8663
7985
4708
8071
-6721
-9833
-979
7341
8470
3929
-1215
4675
3022
-8539
9153
8168
-8191
3544
3818
4257
5446
-7494
-3264
9684
-2611
6036
-1612
-914
-1693
6801
-2526
-9003
9753
412
7679
4367
20
-3123
2794
-1791
2864
3861
-5743
6386
6886
409
466
32
-2289
-8670
2293
-419
-5922
4198
-4123
8282
6012
-2803
628
-8360
1946
8079
7923
4039
-6195
-4152
-6141
4003
2558
6353
-756
2608
-1483
6531
-3124
-7050
-9272
5309
-2307
-8504
5016
9666
-3941
6489
1594
1742
3324
-1858
9034
5561
4394
-7758
-579
-622
-2911
-3381
1756
8134
-2080
-8073
-6117
360
-6190
4993
-5503
-9131
-1459
-2201
-5951
8851
-7209
7116
-1950
-1738
5968
-5293
-6842
-1177
-6403
-1431
-2426
-4369
4920
-6789
16
8693
-6927
-3550
8820
-5908
-1279
-6869
-4940
8681
9202
5821
952
-8505
9171
-8376
-9898
-5314
-940
715
4003
-8978
4894
-4822
-3933
-1940
8415
3800
4980
8248
8791
4828
8552
7510
9860
-4665
2983
2787
-7637
-5049
6160
1880
-6627
-414
8699
7379
8564
-4555
-404
-5015
-6868
-249
733
2841
2130
-4100
8590
8320
-2551
8836
54
9079
1277
-3271
304
-5079
-8359
3567
-9873
-4072
-447
9115
-5836
8901
-8653
-268
510
1787
6124
1288
-5088
8642
3537
-7132
8243
-8056
1907
9855
-8516
-5900
9173
-156
2601
5395
-4076
-5004
-3057
-3618
9616
9300
-8668
5290
9497
7745
9524
3154
-7526
3642
4201
-3112
9632
-3628
-8560
-4218
-2053
1793
3951
4757
-4709
-3422
-5840
-8210
9544
7758
4342
-6485
954
4169
3084
2359
3051
-6990
-9091
7922
-1848
-973
1857
-5700
-5285
2726
9715
-3859
8350
9375
-9093
-1817
-9614
3035
4569
2839
-113
27
-8214
-9962
-5752
-5088
9202
8889
7869
5219
-6506
-2407
-9217
-2472
1967
2365
-8427
5933
-7507
2456
-5750
6809
8596
-5230
134
9512
-636
-8562
-9923
6579
203
-6717
4036
-9686
-7614
2955
6071
7572
-4415
-1446
3256
-6826
-4702
6800
-2352
7484
4109
6619
9271
-5537
-1491
-579
9643
-8280
-1144
-2934
-5208
-1839
-4553
8357
9210
-8330
-6167
-2619
3796
6645
-8150
-9659
-3069
2174
-1675
-2528
-5326
118
-6706
7240
1958
4231
-9767
-6424
9932
5674
-8959
-1756
582
2434
1929
-6141
-1386
617
-1723
-7857
5259
-2909
1000
6891
3283
-809
-9601
-1984
9164
-6719
-3628
-3921
-7230
-4528
-1667
-4370
2230
-1393
-9811
2942
-1941
-638
-5869
-2451
8260
3868
8139
1955
9947
-4648
-5268
-3878
-8440
-8298
6509
9234
5558
-3460
-6970
4774
6043
-3745
-4907
-3540
-9971
-7866
-5727
6214
6217
3730
511
-7813
-1761
4064
-7333
5613
9304
-9359
8071
-6898
4029
4664
-869
2264
9357
-2425
-1885
8987
-1729
-3761
-3066
-904
6085
-545
2701
-7708
-1390
-6270
4569
9261
1296
4803
-6970
-4906
8285
-605
4331
-4164
1829
-4706
3193
-592
1500
-6341
-354
-7519
-1382
3993
4688
4235
-136
2186
-2049
-1483
9601
-8852
-7476
-9660
-9215
4535
7145
1160
-906
-5372
-9253
9971
-4084
-7127
-395
5359
3816
4707
7613
5256
8285
-3461
3087
-8859
2992
-8969
4262
4328
-171
3081
7993
5112
3478
2631
-1687
-2795
-2874
-1292
1217
7040
3173
7954
-1305
9294
-9605
7082
-7900
6591
6867
4953
8270
-7932
-1702
7736
862
7785
3473
-3984
1226
-2228
-443
-6166
8182
-537
3494
4653
5234
7249
8275
9705
6900
5031
-5636
6398
-3683
1400
-1444
-7007
1490
8612
2499
-3651
1154
7051
4515
4733
7059
-8344
-2402
-295
6839
-5829
8376
2195
-5540
3276
5104
2971
1900
-5775
4905
-881
1245
-7650
-9281
-5287
6337
4275
-3506
2677
-6734
4963
8501
3670
5029
6032
7295
-142
8720
1804
-6708
-9830
690
4223
-8453
-4415
258
8059
1476
174
1009
-7284
9836
-2548
-984
-2573
-6736
-5526
8665
-1965
-3879
-7532
6692
1030
-3960
-7687
8255
510
-19
-3182
4016
-374
8358
9142
8184
-3924
-8849
-2272
-9033
7434
-6909
5256
2284
-6973
-4250
3008
-767
-7170
304
-8876
-3410
-1577
4834
9260
-9664
7897
-1768
-261
-5316
-4320
3068
-7337
-1811
3817
-7954
7433
3837
9213
6277
8967
9233
-8890
735
8281
7079
-7398
-9062
-3446
4339
979
1916
1083
9744
7716
-8936
5397
-3346
7556
-8910
-1808
520
-3046
-9479
-5897
1540
251
2770
9168
2561
-5745
-4829
2585
5717
-493
9278
3993
5945
7090
-1240
-9248
1563
3612
1595
8142
9582
139
-5649
-8556
-1084
7134
-6575
9127
8377
338
1789
-4835
1727
1019
-1448
6447
-2887
6325
4106
-283
8333
5033
5953
-6965
2812
5237
-5841
-2724
-7590
2521
4318
1715
1279
6104
-8908
-1675
-1601
-224
-3891
-2777
7485
-3541
6030
-4796
8170
-210
6608
-174
7805
-2492
-9932
-422
1979
-5794
1795
-5615
-6731
153
6557
-3718
-2322
-5845
-4314
-3481
-4878
-1765
3496
-8465
-156
3642
672
5884
2194
-5291
-3010
-6600
9437
7791
-4838
-7672
-6624
4592
-144
5459
-9127
-8738
1451
1437
-2004
-6101
-7286
-54
-5346
-1207
-1627
-4288
1390
1001
867
632
-5315
6532
5740
1695
1050
9763
-227
-1857
-1719
5125
4247
-6299
6538
-5755
2864
-4324
-3281
8175
-6457
2246
4071
1854
-1426
-5586
-1290
-8489
-9229
1979
-4490
-3136
-735
8220
-521
-381
9082
5097
7373
4779
-3805
8946
-8940
-8254
-3301
4089
2545
-6387
5502
-279
-3251
-5735
-3225
6925
2142
-8393
-1380
9347
9611
8650
-2537
-8450
9839
-9802
-6996
-4758
-4619
-154
-5345
-7830
7699
-9976
-4337
7295
-741
9441
2436
1630
4542
3308
3275
-2000
-6750
8348
-2974
-1841
-890
-7309
4369
1931
-2626
-7550
2700
6450
-9660
4558
2795
-5005
-6434
5686
8268
5781
4140
-1838
940
8777
-188
5774
-2050
2861
2384
-8707
9403
-1110
5591
-3405
2658
-6294
-209
-3041
-3328
56
3675
3222
-1984
8980
-3334
-7793
5657
-5603
807
700
-4433
1564
-3870
7732
1473
400
4150
6458
7972
6281
6653
-3869
-2213
-3661
-6078
5312
7086
2005
46
7087
6779
615
-9385
-7335
9959
-8219
-9457
-325
-7842
-2729
5890
7654
949
2815
5623
6029
6357
-7689
1017
5704
9700
-2661
-4239
2138
-138
6223
8095
7621
-7150
217
-4387
-6572
4520
7154
-6952
-2567
-7851
4875
178
2841
4504
-8654
3959
-5476
424
-7567
1229
-9161
-7843
-3566
7455
-7583
8058
2058
-385
-4228
3225
-7986
-9703
1193
8359
4572
-2486
-5209
6715
3371
920
6807
-7885
-4127
8356
2929
-5545
850
-1603
7523
-5251
-7759
-8499
-6769
9389
-4854
-7658
-2465
8832
-5820
-5941
7535
5375
2698
-8397
-9968
-4360
7025
-5428
8951
-283
-4349
-9988
-6540
9512
7545
-3667
3254
-792
69
-2367
-7301
6212
-549
-973
5044
4085
2991
479
-5804
5100
2435
8026
-3739
2638
-513
2662
101
-151
-7042
-8118
5556
-2453
-1051
997
-4765
-9026
7807
-3729
-3788
4935
-7573
-4444
-1200
-2743
3914
-925
9730
-9112
-8248
2880
-6897
2972
-1953
-5012
8338
2871
-3623
-2653
-221
-3624
7443
-9322
-5327
605
-2702
2357
966
-2474
9382
-8959
-3712
-1250
-8951
1479
907
-6724
-737
3224
2432
7727
-1613
5002
4405
-8855
1536
-8425
-1358
413
-70
2130
-8446
-8582
986
5422
4022
7190
7486
-7042
-9616
-4136
6743
-337
-4415
-1671
2106
1819
6324
-9935
-6253
-5373
3377
-379
9386
8679
306
-8862
-4355
1886
-7956
7925
-4005
-2196
-2210
6381
-9920
-5642
1437
-339
-3014
4275
3178
-9078
4352
6355
1504
2221
-1875
-4317
-9102
-9656
6664
5067
-8331
1361
-5773
-44
9418
6170
6743
-2601
9404
-3942
7658
-7808
2395
7054
4075
1753
-5358
-8745
4505
8957
6906
-7305
223
-1961
9924
-6855
-3295
8760
4730
-7881
-9270
8515
1914
-3713
-5598
-8778
-8951
-7894
-6974
-1939
-1151
7706
6429
3304
-7697
3876
3483
9137
-6629
-3206
3335
8620
-3262
-2888
9956
-749
1003
2021
9021
4856
4006
4708
1846
1446
-789
-6467
9935
-5514
2644
-7362
7388
-1922
-4433
-1518
9857
34
-4588
6911
6391
-6230
-1655
-5804
9757
7072
-29
-9629
-4921
-9437
-7466
130
-2876
-8182
3868
-4756
7260
7211
-2481
-5600
7659
-9082
-9796
-2589
-8580
-1557
9919
-9803
-7575
-4965
328
9437
-3033
-9578
6971
-5654
-2120
1110
722
-5271
-8305
-8877
-6934
-6939
8871
5795
-101
4558
5140
4104
-2581
-9780
8811
-2853
-8768
-9127
4155
-787
1977
-9674
1119
-8506
-3592
9598
-3592
-2429
-3794
-9504
-6151
1769
-5228
-5727
-9132
3465
7885
8292
2924
-9746
8390
-423
8319
107
-6703
9571
-7387
891
5164
2253
-8857
6520
9962
-272
-8250
-7742
686
-19
-1705
-3650
5716
-4554
-5499
-4208
6205
-6944
-1559
6398
-2808
-3614
-1295
4132
-4253
-319
349
-8217
3661
-2607
5542
3061
-9750
9120
-4802
5041
-5146
1070
-9336
-5924
6931
-3128
2907
4758
7667
-2075
3920
-3468
-9868
-2748
3332
-5410
5966
-8309
-1254
-4291
374
-7480
6007
4717
-5010
-1087
1544
2688
5299
-197
2791
-8998
-11
7315
-3016
-754
40
9857
3889
3122
-5772
-8818
761
141
8230
930
9937
-8184
2981
-1972
3399
-1991
9988
2598
-9491
-3787
212
3501
8960
-6353
5255
3452
-5228
-8749
3513
-9897
-1799
2487
5316
8489
6393
-3326
4962
4920
-2538
-7923
6376
-2237
-5282
-5820
-1949
-5356
613
-525
6608
-8485
3229
-7748
3882
105
-3889
3001
1834
-7964
2758
-8665
-8213
4696
-4467
-81
-1639
4022
-6762
-2207
9924
6329
-5429
-9048
7912
-3276
-1336
3023
-5806
-3275
-410
-9148
-8360
-710
7753
-5959
-9500
7366
-308
5064
1993
-531
8280
-7608
3533
4414
-7674
6898
893
3174
-9890
5642
-748
-8129
-1351
-6035
-8975
-8469
4038
-7784
7386
9976
2555
-1669
9744
-6538
1282
202
8015
-4016
-9176
-1313
4153
1144
3842
-2871
5650
8162
7797
4704
9545
-6258
4890
-4521
-8612
6909
-6783
-3595
6309
5855
517
-5268
-4682
1189
1018
-7029
935
-1341
-6684
-7425
-242
8004
-394
-6839
2588
8635
4842
-5952
-6454
-5276
-3278
4771
7062
-100
9973
-4526
7729
-3552
-6527
-6263
7733
739
1263
1004
-8531
-1494
1652
-8049
7112
-8574
-5029
4535
-4043
91
-7425
3857
-3371
4107
7089
-1500
6720
7799
4718
4712
6851
-9800
2795
5981
-3492
-2317
8772
-1963
1029
5860
-3830
2878
814
5504
-1450
-8967
6512
-5252
-5023
3882
3566
-6335
-4685
2907
-6575
2853
-7056
-2999
-5376
3432
5100
9122
-5676
-9352
-5220
3635
-3855
171
-528
-9055
8568
4135
5050
8196
-5704
-935
-2747
7946
9908
-4242
7393
3111
4736
-5960
-7870
7038
1368
-6861
-8640
3115
2906
9537
7518
-9740
511
7677
3838
2322
-1913
1576
-5599
-2631
1142
8678
1205
7975
-6926
-2405
-7794
8579
-9292
-9700
2361
-9028
4726
1689
5172
-2010
5228
4649
3161
3910
5990
2796
6666
8257
714
-3949
6778
-3215
5824
286
6834
7546
6618
9430
2938
-3987
-2075
-731
-3708
-1476
-256
598
7489
-1218
7773
6379
6481
9997
-8570
9518
4868
5840
-5672
-7560
-6963
434
7321
8545
-7430
-6185
-2215
-1023
5484
-8707
8464
-7465
7462
9758
-4491
1358
-7826
8739
-5164
7204
-2357
-5223
7774
-4520
-3030
3517
-6668
-3729
8321
-9240
-3482
7760
764
1377
-208
4200
-4453
-5975
-3068
1671
7505
2209
2450
9240
638
-6906
5540
-5068
3379
2684
-495
-8289
-9229
6672
-3476
-9225
7398
-4500
-7010
721
-3427
-7872
8802
-6480
1911
-9230
1545
3279
4767
-149
-8288
8352
-7584
-7123
-1612
-3409
-5612
-5841
1599
-8523
-6876
8752
6081
-8960
-9321
4973
-4617
7390
-9480
6898
293
2200
-3760
4729
-4013
-585
9742
3170
9593
-1809
-5953
-2266
7271
9690
2789
9647
1046
8141
9286
4786
6033
-783
-9584
-6383
2853
3548
7823
-7036
-4258
-9103
-4091
-3545
3159
2746
8530
2271
-7759
-362
7964
5258
9969
-9271
-1322
-8767
-9413
-6580
-5791
-3708
8652
-4974
-4672
-3191
3022
-1275
-5144
-273
-6630
-2481
626
-9599
7077
-8526
-5991
5588
8789
-1873
7223
7675
-6108
8088
-2379
3676
3551
9497
2505
-6519
-1360
-3937
6285
5478
-993
-6988
-2902
-2854
4529
-7009
-6073
-1059
-6961
1880
-4850
1652
-6583
-7836
-7173
5307
-1895
6911
2416
-6743
3887
-6063
-7699
9158
1336
-1636
7286
1314
-6259
5973
-2411
4475
458
536
-46
-1214
-5496
6495
5285
-8571
-2032
-9707
2031
-7506
7360
-7459
-3233
3544
-8556
8915
8374
-1821
6942
8157
-5531
7357
-4786
1490
-2684
7817
-5239
-4945
-7811
2784
9621
-2149
6183
-6783
-7481
4264
4810
-2007
4036
-3723
-2937
6409
-2986
-1479
-8471
-9388
-9148
-3139
-1892
-2136
-3781
-928
-5535
2764
-6973
6878
6347
-6614
345
9392
-194
-4118
5653
-6505
9943
-8554
-5200
5695
9886
-7935
-1722
6361
-3389
1774
-1155
-1363
5690
-1530
8291
-6335
-8542
-4516
4016
6539
914
-5529
6985
5085
-7658
5127
-7411
-4859
-6836
-6878
-1939
598
9871
5452
-1020
-2123
1697
6782
-6148
8697
-5174
798
8681
-6771
-4554
-4523
6609
5790
-3244
-889
-3164
3093
6730
-6022
1379
2511
-809
9197
-567
9580
-1588
-9643
-9786
3127
1344
-756
-9200
6489
363
2596
225
-2878
-6078
-4389
-9819
5813
-9292
9510
234
3196
3574
428
-6136
-6502
-6174
-8345
2309
-9009
-2807
-2711
5912
-3851
220
-6629
6507
-6727
-5087
-9944
-1873
3734
1521
6869
-3935
-1012
8924
-5282
4618
4020
-8656
9911
6620
9938
4922
7708
3359
4714
9998
-7392
3892
1771
1966
-3128
-6323
6971
1528
3680
-6829
-609
-9894
375
-9206
1183
500
-8973
2632
5907
931
-3380
883
7533
7656
9130
3497
189
6423
8559
2797
-7907
1301
2137
-6856
645
-9235
-7395
-5204
9074
-5937
7794
1865
-6860
4925
9363
6121
-4344
7551
506
-8988
6708
-7057
-5148
-4400
5511
34
4967
6291
-1409
8206
-2076
-7825
6323
-5704
-329
-108
-8573
-6321
8102
4279
-3362
-4601
8783
-9025
-7017
5005
-4535
-3997
9189
-7123
-1572
-4113
2577
3578
9017
8035
-6998
1627
-1106
-9795
-8750
5748
-6006
6002
5842
-6229
9837
-8357
8694
-1063
-6691
-6274
-3598
-9183
-1392
1175
-9322
9644
-4308
2185
7203
5717
8457
7102
6433
5115
9953
-7807
-5554
5248
-1996
-6996
3503
3439
-8142
1008
866
-3032
-6145
-8727
8462
-2442
-4030
5803
-2847
-5711
529
-3124
-5665
2459
3052
-8307
2286
-4639
-4316
-4563
-1761
4595
3145
618
3917
-1832
-5167
-769
-2638
4766
7288
-4738
5961
6260
-959
4276
9199
-2852
-4609
-8362
4259
-4399
-4767
-43
-6539
-6013
9093
7397
-7598
-8734
7305
-6481
248
4782
442
-6271
-1057
-7226
-2464
8535
-2851
3115
-407
1929
-3135
6746
-117
9069
-9105
-4722
2219
8999
-7822
-8383
3452
7851
4207
4780
1763
-6724
3516
-630
-7284
-1221
-8018
-1768
-6815
-6044
-7655
-9628
-5610
-940
2322
-2032
5508
-9175
5578
9367
-1761
4192
6285
-8887
1966
3843
-7073
-3770
-9342
4208
6611
8583
329
5606
-5507
3952
2563
7332
-8534
-7611
4217
6440
-1066
6221
-3439
-7428
6136
6688
895
4913
-1375
8389
7087
6131
-6652
-2514
8825
-7022
9138
-3142
465
-2385
-4994
8529
-9859
-965
-3494
825
-6062
-6507
-364
4417
6798
9230
9172
5637
-2951
-9162
2803
-5554
4946
1391
-7957
-3014
7772
4409
-9597
-5969
-9791
5289
-6076
-8819
-8935
6751
9319
-1394
4455
9520
-5883
-239
-7102
-2442
9625
3192
-6632
2153
-7877
-7116
-1652
925
-6149
-5602
2401
-3148
-3561
6178
-3756
4136
-7030
-3745
2960
4672
-7997
-249
-5689
7872
-1797
6450
4527
-5417
-7814
-1384
5140
-781
-3436
-6112
7565
5240
2490
1934
-5676
-2815
412
7169
-2791
5410
-2187
-6849
3767
-486
1683
6416
7469
7776
8680
5029
-1664
-8791
8419
-6783
-2590
2327
-216
-1830
-7714
5857
-1727
-6126
-3400
-3672
8111
-4727
-13
-7644
6322
-1007
3131
-5421
-6445
-2115
4684
8364
-3457
-6890
9623
850
6319
3849
1612
-1183
4717
7806
122
-5276
2644
-1241
4204
9093
-3933
-4514
7140
-5131
425
8860
-7285
4087
106
-522
-8623
-8336
-8579
9798
4034
4497
881
2629
-9164
-7557
-4671
-9976
-6633
2106
-4419
8774
-6193
5302
-1488
-9074
1591
-4352
6004
-3631
9429
13
-9520
5338
6760
7845
-6047
-695
-6477
-1071
-5009
-709
2737
9343
-8393
2290
9013
-1638
2551
-4468
6365
-473
-9760
-2876
-3214
-2956
8865
2773
4685
-4809
-212
3964
-6115
4996
-4011
-8724
-3039
-5337
-8429
-1800
480
3582
8766
4188
4089
-3053
-6723
9337
7234
9543
-2560
-8136
1243
3638
-9204
-9094
-4231
-9171
-8290
6247
8889
5682
3370
-1329
-718
-6665
-7734
3480
-1117
-8559
8477
-4083
2657
-3449
-2226
9904
9250
6829
-9078
4616
-802
7657
-2599
-8146
5834
-6768
3889
1635
5294
5228
7198
-5293
6343
7177
9912
9762
-7806
6751
1665
-5640
803
-6897
4905
2865
4719
687
3040
-7277
-4681
3216
-9999
-910
-5556
-5112
6580
-9041
-7726
6378
7160
-7883
-5960
4465
3567
479
-198
-597
-5694
-1407
1541
-1913
432
-505
-6198
-7262
-4277
-8085
3562
-7842
8208
-2883
-6789
1772
3243
2946
-6756
-7304
-8083
-5721
-7818
5999
2999
-1877
493
1375
-915
8559
-9290
-9496
9972
-3500
-9914
5864
-6993
2458
4007
8212
-6728
5630
4309
-7670
-9066
-6295
8446
-894
180
3426
8589
-5001
-3358
-7957
-5987
6613
-3417
6175
3082
6882
-8199
4509
-6428
856
-2746
4282
3890
6619
3940
6258
-485
8031
-2699
102
9756
7152
1629
-9313
-3555
7874
-5433
3164
-6538
1593
1295
-7859
-3061
-5695
-627
3105
-1481
-5974
-9326
5827
-6189
-4614
4278
6377
-5118
-5649
-684
-4999
-94
1020
-9399
-439
-9193
-5333
-4617
6569
-184
3454
1016
-3921
9421
-2097
6292
-9514
-5849
-7074
-4750
9957
3294
-1696
-747
-5636
4382
2840
9820
-9639
8997
-5160
-9498
-5217
-2303
9648
-2587
2167
1060
-6424
-7415
571
-6570
-7278
-1625
4874
-6488
6723
6877
9139
-7993
2421
1836
1238
-5672
4559
-1519
8558
-379
-9870
7532
8655
-3381
9246
7129
8921
4005
3183
-7942
-3784
5813
-1077
-8170
-1918
-8895
7412
-2511
964
7463
6580
-2698
-4921
4801
-1962
-5349
8499
-4759
9243
-997
-9074
246
2451
9569
1892
1717
1631
9186
-8672
6525
-6371
-1605
-4333
5405
-9606
-4270
3291
4147
-2224
-3536
-8999
3600
-4228
3752
4891
5880
-2058
-5121
-5257
3199
-8560
-1805
1987
-9724
-6701
-2184
5143
6487
7704
-5302
-4558
9371
-3007
5262
9429
133
-8144
-6500
9600
2248
9878
424
-4256
-1914
-5899
6828
-51
4068
-818
8862
897
-2001
4037
7193
1417
-7734
5546
3335
-1373
-1734
1876
-1411
1510
-637
7029
3633
7185
-845
2602
702
4071
3658
345
1099
-9238
-2870
6982
9939
360
-2645
1843
9061
6998
-8374
-2747
5296
8525
-9605
3994
6736
-6761
-9447
-7904
-629
-2763
1154
8005
-2941
-4211
2512
-9169
-9581
9459
-5771
4010
738
-1333
-4325
-5559
9814
-8622
-3309
-107
6904
2089
-9862
4105
7287
7915
2224
-2786
-3398
5867
-2317
-6704
7212
-2844
-4610
2369
3484
-2548
1234
-9774
3331
-5678
-2173
8109
-8665
-3311
-7876
8541
-8043
-7413
-997
3680
7363
3389
-4507
-7687
-4989
-8405
9194
21
-6470
-9418
6363
46
-4256
5903
7765
-4405
-3225
1395
6659
3669
4806
-7324
6376
-4540
4075
2372
-8307
1970
-2284
-4093
-1636
-1824
4367
7250
6218
6459
6745
-3501
7230
-4597
3730
-7126
7076
4445
-807
6728
-2634
-9161
-7355
-6875
-8658
-9594
9586
9229
9778
-5748
2510
-7359
-2592
3943
3878
-1730
-9257
9717
-74
-1946
-3799
6935
-381
-7453
8191
-1311
2658
5542
-8977
344
2163
-9821
-4646
-7154
-7024
-8916
2947
2194
7299
2488
3595
4678
-2569
-8993
-8905
6367
-3116
-2009
2371
6735
-1848
1338
3519
-4234
-7561
-5577
9535
8045
2390
5277
-9798
-7321
2303
-1666
1208
4113
-9810
3411
5223
-2451
9495
1239
-2565
-743
-830
4462
6561
4812
6282
-6075
6114
-7526
6306
8172
6556
-2958
-4034
8702
8212
-2155
-1671
-677
-7586
149
10000
-9155
-3272
1406
5083
-1317
9202
-4007
-3358
6376
4125
2456
7743
-6126
3995
2416
-5658
-4727
-7179
-8989
1033
9196
9661
6247
-5793
5761
2076
-5290
6540
-9848
9675
-2636
8586
-6155
6435
-710
2864
4060
3496
-8473
1502
2503
8234
5162
4081
-9287
-5717
8137
2673
2977
3328
-9964
-7588
-2082
7861
446
-8813
-750
8438
174
5452
15
2844
-1643
-8109
4231
1707
-8500
-8059
6141
9425
-8820
323
1126
-7781
-5089
-9023
-5523
5774
890
-7081
-7803
-9701
-6295
7212
8700
5853
-9596
-4792
-9066
-2048
-5387
5293
-2639
2417
5272
-7350
-8105
-8758
-7451
-9675
-2732
7026
-2618
-3531
-2373
9042
7368
3671
-7483
9390
-589
-718
4891
3712
-140
-1229
8482
-8292
870
5686
1341
8773
8782
1156
7376
-5565
-2672
9352
-8275
-4529
4446
9845
6964
-6998
278
-9126
5585
8108
-884
-9826
-4292
-2144
-1437
9188
-3514
9793
-5518
1733
-5729
-8317
-6760
-9030
-6292
-5730
4386
6190
-2410
9900
9120
-5116
-1348
4825
-8326
-6169
-3488
-551
5302
736
-3799
-3670
-6942
-1773
8938
9473
-2515
7391
5958
-1281
-1216
-884
-5361
1751
1939
-2108
-7895
-8162
7639
-6219
-9650
5619
4548
-6344
-3529
3201
780
-5796
-7182
-6701
-8563
-318
-8331
7984
-7917
-4669
9667
461
-6494
4466
4434
-3486
-7107
-473
8757
-6952
9590
-7878
143
7087
-728
-1617
-1495
9542
-4110
-5161
-6906
-9803
2374
-6106
7072
9139
5721
4447
-9445
-4480
-8205
953
360
-950
-9331
-3627
-3098
7496
-7062
-4195
-6839
-3875
168
-5636
3127
3934
3339
6333
-4597
3925
6088
-7999
-4692
-4601
-674
3510
4456
7008
8394
6066
-4283
1190
-4774
51
8928
-8721
-8026
-8516
-3353
2977
9244
-3447
-1844
4914
3201
-9079
1121
2748
2188
-9611
-6884
620
4722
-5847
212
-9144
-6465
-3242
-7654
2532
7029
-1118
8265
-5049
-4397
-5610
8378
-9534
5335
6360
5885
4426
-4202
-7278
1855
-855
5203
9547
-1641
6745
-2618
-68
-2708
1974
-7390
5831
4848
9437
-206
4182
3843
1707
1297
2168
8946
4773
-9071
4741
2760
1275
-4726
-4535
8377
-4324
4938
-7811
-7442
-6048
6558
-9485
-4022
8664
-5171
6100
-3734
5629
5812
-8508
-1191
4873
-7572
-1309
1193
2041
-4217
-9895
-5008
987
-5108
-5777
-6013
-8336
6739
2051
-4437
-1594
-7530
-9941
3743
1315
3191
4783
7277
-9762
4345
345
4895
2569
6650
5952
-985
9233
-1669
4923
-1788
8079
-470
7897
-3317
-9992
-6038
-3112
2371
-9680
-9830
-9268
-2397
-1673
287
-895
8511
5925
7718
5523
3614
-2911
-949
-4189
-2599
-7609
3788
-3234
6695
-9852
812
3056
3156
-9275
9264
4191
6888
9272
1099
-2672
6270
7379
5905
-5935
9183
-78
8374
972
3541
-5534
-2267
3212
-4701
6970
-9085
9455
-5623
-5177
-8292
-5798
4267
6084
1153
-7011
-1918
-6340
-2445
-9563
8508
2483
-5672
5452
-830
593
-8977
3763
-1095
7367
4875
6908
5164
3132
3245
-3534
-2899
-2606
9762
-7475
-1132
-7180
-8021
6259
-6280
3060
1338
8774
-316
-7443
2142
8057
-3824
8127
-9583
615
7777
5081
4976
5947
-1021
1921
-4134
-10
4135
6464
-6548
7809
1686
3202
-7872
3328
-4005
4033
1219
7448
-5210
4696
-8523
605
-4874
3404
-9963
-5767
755
-3549
-7383
-5785
-5511
-7581
4100
-560
-1946
3138
-5027
4471
4564
-741
-8045
-3180
7531
-380
1655
-5066
-2758
-7628
-1513
-9252
7156
-4609
8305
-9358
-193
-9429
6383
-7843
6552
-2739
8805
-8384
2867
796
-2009
-3063
-4224
-6792
6268
3459
4744
6415
-5397
-5044
1009
9301
-3446
8719
-1184
-4551
-9946
1634
-6095
-7934
3096
2970
-1519
-3305
6798
-4497
-8612
-2016
-6216
1515
-334
3117
1281
3291
-6522
6723
7576
9670
7921
8663
4508
196
2246
8520
1184
-6193
-8934
-4877
-8299
4676
-9007
-5637
-6383
-6807
3609
-5584
1191
-1143
9945
328
-7714
-4745
-9424
-1479
-2934
-5026
8568
210
-6317
-7211
8264
-2256
699
3204
-7329
-4656
2102
6151
-7965
-3114
-9503
4053
5540
5203
5905
-7921
1302
4675
-9197
8139
9163
8005
7683
3695
133
-4095
3996
5058
976
-326
8417
7076
7018
6777
3337
8792
1146
-4357
-4205
-5448
-1339
-8286
-2124
9429
-3526
-4109
-2462
-3225
-9334
-1263
-3211
173
4556
-75
-5835
6650
7958
7300
8464
976
5451
-3586
-1719
8476
9912
8535
2400
1332
1981
-5321
4036
7573
8664
-7762
1601
-2842
-9843
-4176
-56
-3200
-7965
2103
-6412
-2247
-2884
-299
-1650
7569
4180
5669
6904
1483
-5995
1525
2287
-1518
8646
2796
-6933
-3125
-6046
2111
-7690
-2841
500
5807
7265
-9360
5174
3868
-2194
3066
7393
-5003
-8653
7079
1971
9180
4893
-7266
-4013
9952
5559
6163
7561
-4601
-7572
7586
4400
2892
-7680
-3185
2851
-9752
1325
-7874
-6487
4692
-5914
-2306
-5952
3252
2906
-9184
-6421
1762
1698
3498
3352
-1873
417
5895
1007
9014
-4298
2591
-8712
4844
-4416
6836
2923
3242
4235
-716
-6913
2275
7097
5151
979
-1235
-6754
4335
-1675
-8188
843
2294
-9564
-4864
1899
3458
-452
498
9492
3247
-4822
-3645
-3980
4079
-5279
-920
-7746
-3366
7028
-46
-9544
-8011
-485
7657
-3302
6959
6630
9002
-953
-2146
-3296
9768
5158
2803
5662
350
9427
-3344
7841
-9679
2046
-8273
8858
-4332
6047
2660
-8835
3916
5046
6866
1207
-7274
-2735
7282
6581
-4612
-6482
4173
-5951
-5052
-2106
5176
7458
6604
-6312
-6754
-1824
-8974
9317
2282
-9539
70
4740
6864
-1843
-7225
2991
7989
2104
2451
-9953
-8442
1313
-4065
-5140
7442
-272
4720
9406
4303
-3283
-7019
-3244
-3736
-2266
11
9110
5017
370
4381
-9880
-6598
7732
-3949
4504
2717
-148
-9975
-6290
-2452
2255
-5237
-490
-375
4586
2343
-4587
-803
3781
-310
1462
7073
-9039
-8499
3523
8324
9440
-320
3746
-4805
7662
9605
9245
-3696
-5467
5450
5073
713
-5940
-642
1132
580
-8181
9119
1327
-354
-9885
-4301
1503
7528
-7642
2221
-8642
3483
7415
5604
-7151
5824
3800
-1330
-501
6705
-4638
-3747
-2380
-8839
3068
-38
2941
-5272
4347
-1309
-9625
8597
6415
9734
-7168
1966
2892
5392
5720
-7468
5088
1320
1844
3387
7629
6240
-3966
-238
-5401
635
2098
-8555
7006
5359
-4759
3952
-5812
-7311
-3794
-1880
-271
3880
-9584
-810
-7463
6345
7300
-3629
-9403
1495
2823
7133
-5834
6163
-898
-9990
2194
5380
-4521
-5578
2062
-2064
-1429
-7218
5562
-6470
9603
5983
-3920
-7241
9707
3293
-2847
-1051
-9885
-9067
-4230
-6747
-269
7037
2986
9957
-4220
-2550
3029
5657
-1963
-2671
-5460
-7793
-6839
-3757
6741
-9270
817
-5563
-1326
9119
-1530
7121
-8967
5241
4218
5628
-9603
7779
-1141
-45
-4740
3593
8284
2983
6375
9173
-252
-717
4944
7111
5695
9766
1267
2755
7718
-2678
1470
2994
-3436
-8839
-5105
9577
1179
7309
6251
1121
3785
9529
8495
4787
6800
75
8151
-2185
9847
5833
-1313
6315
-2929
-8971
-3725
9193
-9186
3722
460
93
-739
8339
9045
9129
-1556
-8583
-9018
9319
-8077
8180
444
3203
3680
-3011
6537
-6910
5922
2596
1385
3099
-5572
4774
-9051
4601
-1811
-9200
-8658
6812
-4267
-1701
4563
6529
737
8325
5317
4042
-4831
-4779
-371
2277
-6727
578
-3195
5981
2325
2907
-2832
-4256
-5109
-5378
7104
-6702
-6286
-9689
-4178
1350
-9871
-1917
-9770
110
7951
3239
4574
2566
-2890
-7769
1029
6876
-6970
-1033
5797
-4791
-7435
-262
8922
-7427
5722
5706
7473
-4047
2014
5745
-8578
5603
-2109
-8134
9663
-7951
-135
-3929
-2653
-4970
743
3360
-8235
5427
-3560
-4271
-4670
-6540
-6814
-5726
794
-8691
851
8902
-7117
-2319
-7294
5597
9607
6288
7566
8516
-5113
3216
-9782
5907
-1682
6907
3381
2145
5238
9224
-6452
1211
-8065
-3073
2119
-2559
-3336
-9031
2385
1468
9473
-6916
-8263
9415
-8016
-4974
5437
-1787
1934
-1444
4275
1166
5150
3547
6426
3040
4414
8509
2817
5311
-3321
-829
-9056
130
3256
-225
-8500
752
-2869
3100
-8174
-4563
-8423
7304
-7604
2955
3918
-9885
1021
-7630
1472
3788
-6825
-9804
8053
-8118
-5858
593
410
9857
9800
-3914
292
-4026
3323
138
9716
-2724
1399
7134
-9647
-3344
2963
1665
8571
3251
6505
-5256
5015
-4356
-4835
-4258
3679
7275
-9505
-4004
3484
-7955
-8594
8892
-9114
-952
3263
-9247
-3829
-6212
1452
611
3665
1800
8372
-1833
4714
-3619
-5337
-703
5450
6271
-9158
-7366
-3911
2225
-938
6607
-1781
-2002
9142
9848
3300
7905
-5451
1084
-9342
-208
-2391
3374
-4105
2380
1745
-5292
8524
4911
5942
5962
-6013
-3557
-7999
9781
-5138
9601
930
9201
1343
9860
-8259
4650
9557
-898
-2888
-5451
-1698
-3792
-206
-8978
5592
-7129
-889
323
-2278
-5155
6075
4780
-6484
2692
9875
1222
-9061
6713
-2693
2374
4256
3955
310
9554
5334
-6733
9808
-4682
637
5192
-6325
4931
8317
767
1512
1764
-7681
-8288
-6722
4973
-1694
-5330
5227
-2960
5058
4275
1920
-1372
-7397
1420
9430
3675
7659
-9966
-378
-420
9994
-4304
-5756
2685
2599
-1013
-9252
-7553
7507
-3584
-5060
-1713
-4218
45
-3310
79
3860
-7602
7420
3861
3036
-2879
49
3743
-7640
4326
-3931
-4549
-3568
-8462
4599
1720
321
9055
5623
3728
-4988
2067
-4472
-2822
1202
-7513
135
-5058
-8876
-8078
3651
-958
8767
-5779
6559
-1921
7602
-733
6668
-3935
7219
-1532
7461
-1736
-2740
-4736
7477
6503
-7363
-6334
8319
-1528
-736
-825
-3653
8896
-8565
-3184
-7647
7643
4741
-3192
-1779
-6173
9510
-7107
2007
-9410
-7635
-2066
9738
-3950
8291
6385
1482
7492
8885
-8265
8139
3207
6586
4617
-2598
-7972
2814
1975
-4474
-7887
-8437
6499
-5822
576
8105
-8277
-5788
-7601
-1406
3816
-8434
7122
-6920
-3799
-8718
-2376
-1320
-8141
-1098
-1771
3920
1609
-970
3048
1009
-9196
7339
3334
-3698
-727
-125
811
-6509
2501
6082
-5905
-7484
-249
3162
-5407
-9491
-72
7089
3201
8996
-4204
3078
-7466
-1456
-386
2667
9692
-1923
-1818
-5469
5130
7339
9777
3265
-7220
9461
531
-3829
4589
7550
-1688
4112
-546
3031
4438
4788
-6831
-7242
2393
-4726
420
-1648
8993
1334
8016
1931
7365
-3962
2955
7757
7196
7260
-5602
-3916
5201
-4292
4977
-1329
-1968
-1078
1207
3214
-5014
-2107
5788
-2663
-7058
1813
-894
-1050
-5911
7697
5178
-482
-7217
-6971
-9960
2400
7081
3437
-4865
9612
-6157
-8428
-4441
-5107
-3246
-3115
1668
7368
-6841
-6160
9988
6590
6594
7122
-3520
-6844
-3991
-8378
4612
-449
-2250
-8303
1751
-9427
-1298
6576
-9573
8815
704
8211
-6460
457
-3597
4496
4365
2504
-5062
-7860
-9048
-6760
-1202
8552
6065
3909
-3898
575
-6332
6477
1667
7343
926
5029
-9855
-7989
8342
-3135
-6412
7085
-4751
-2114
-3182
-3825
-6269
5806
2465
1834
1249
-8680
-3358
6327
-3507
-9395
1589
-5018
-8219
-9671
4265
3268
-7566
-3727
-2062
-4682
9094
-9630
-2525
3343
-5002
-724
5848
-3382
2143
1758
-8434
-6753
4049
-3813
-5344
-3821
7697
-2018
8274
9188
890
8977
1486
-6269
7261
4990
-1171
-9484
-3264
3247
2259
8483
4611
1217
-5887
177
-7829
-5995
-8191
2324
6841
-515
-2090
-8594
3658
6019
-123
-8218
6042
4770
-7512
5564
6099
2133
7189
620
-4020
4044
3931
285
8696
7473
-1965
4136
6665
3536
-8908
2494
5913
1242
988
-8133
-9504
-8789
9142
2789
9273
-2450
-966
-3417
-2945
-6888
2592
1216
2706
-2969
-4735
8457
-4245
-7731
-4711
-3235
-5817
-9409
-9648
-715
1942
2938
4360
-5217
-3286
2845
1604
2367
7333
5357
6366
8443
2162
1881
-2749
-6077
-5826
-506
6904
-521
2004
-1422
2655
9351
8735
804
-7723
-6819
-3564
-2008
-2272
-5861
-2233
1154
4141
5824
1980
-3426
6738
671
-5915
7704
-618
9963
6270
4689
-1440
-1093
-3144
5906
-653
-1304
-6048
-1710
-9049
-2296
1379
9012
3093
-2908
7247
-4765
6639
2047
4938
5115
-9661
5493
5084
-1070
7313
5778
-6186
5361
-6527
-3198
2461
9132
-6481
8394
1264
-6054
955
4552
-4335
1219
-7575
-7424
-7154
7735
4179
1246
-2653
-2480
2570
-3206
625
-3980
-9149
-9735
6539
6126
198
-4983
-7127
-7385
-1760
2368
-967
-7553
-3775
7746
2173
-389
3611
-4026
1708
-7343
-8876
-2293
-8467
6626
-7672
-4427
2031
-7339
-9921
-4600
1182
1054
-4113
-6481
9358
-3651
7444
-6514
-2916
-3367
-6738
-5102
4671
-303
1806
5595
-3409
-4295
-314
632
4337
8620
713
1834
8582
3442
7479
1809
1840
8105
1483
1264
5740
3526
-9772
2538
-1257
9372
9133
-8951
-7923
9769
-2926
-3672
6254
-9156
-39
-1007
4228
-2252
-2768
-481
4002
6146
-1207
-7776
-3052
1831
6448
-2897
98
-1378
1641
-3750
-5057
-1673
-2375
6871
1903
1871
2826
7864
9682
9303
1485
-7888
1961
-9238
239
6787
1321
6086
-6837
4847
-3561
-5599
-4956
-6396
6084
-4894
6086
-7521
1153
5795
2124
2291
-2234
-5297
-7027
7893
2233
2086
-1610
-6123
1357
-6039
2080
4781
-3838
3317
-7150
-5659
-2107
-6591
9900
6998
2892
-7984
-7327
2539
8191
-5481
9261
-7231
9066
-3251
4682
-8977
-3610
-7516
-5434
-4477
8830
-1282
4773
5972
-1555
5233
9886
-8860
8264
-8178
9458
-7799
4610
-2771
-3506
4168
3089
-3774
-7010
-788
-8887
-7423
8408
-4373
1497
5595
8483
2799
-9320
-7777
1218
-2730
-2449
-4283
-4171
8666
1418
6304
2686
8317
-1578
5065
2749
4146
5054
-1472
5617
-6388
-5394
791
-7609
9755
-7914
-6213
-6624
-5930
546
-7153
6924
-6333
-6719
-6894
887
5309
4152
8600
-8844
6446
-3209
-3373
317
3273
-5251
5020
1064
-2713
-9044
-81
7045
4823
9023
-1961
5604
-302
-3040
-3434
2059
-9513
-2871
4542
-8992
4975
6912
5004
8992
132
-5773
-442
6386
-4652
-7779
4419
-3597
-6039
-7821
-5018
7114
-6326
-5612
-133
-4957
6713
3577
-3588
-6672
574
154
-5912
5563
2075
8514
5711
-9173
2198
-9287
1744
1
3774
-4076
8735
1572
-9587
347
5769
-1578
-9974
-4018
-3848
7787
-8808
2173
-4202
1652
1165
-523
9707
-1657
3127
-4162
-7735
258
3894
-6515
-4232
9500
9155
-6099
-6731
-2803
6351
-7614
-2411
-7868
2553
1177
6021
-3928
6109
7941
-801
-5661
-3893
-1038
3611
-6155
-8408
4684
-8283
-8741
5708
-7328
-9692
802
3905
6629
-1996
9028
-2978
-9655
-1357
3149
-9832
-6716
-5093
-2059
6318
-6016
-4613
-1913
7343
-852
-2693
-683
-4915
-8534
-1509
-9642
-7911
-9064
8663
-7495
1154
-1648
7834
2922
-4645
8025
-4220
6285
-6331
-6030
-7148
-3273
7027
-8935
-7696
-4830
-4525
-1714
2239
-3612
-2668
1677
4807
6958
-9801
8406
560
-7431
4550
-7678
-6861
5418
6033
-131
-6991
2274
8993
7856
-1322
4515
-5957
-3293
-2487
9829
6452
2060
-8011
9990
4721
-8000
1984
-8227
8183
2372
4208
6403
8117
359
-7446
3885
4825
-3829
5082
426
7778
4899
7867
9003
-1654
-3885
-774
-2847
558
9046
-8525
4352
5990
7438
-8667
1881
5493
9577
-2910
598
2338
2845
-9754
1570
9594
-1427
-9212
-2777
-78
1944
-3943
-4693
-6932
5745
2511
-3745
9840
-6730
-7641
9892
5094
-4316
3862
7842
3821
9932
915
4270
8557
5861
-7938
-3611
2803
3262
7123
7707
-8736
5805
2037
-3855
8786
-5226
1228
5412
5495
-7926
4598
-854
-6636
-5257
5727
1465
-6950
7090
-6173
7255
-6125
-6887
-9204
3134
-2960
3749
-8628
3661
-4033
9380
6111
-6787
2373
-1525
1984
2545
-5214
2848
-1546
8734
3672
-2063
-5875
-5714
4905
4562
-5526
3204
-7252
9792
3094
9533
-4069
6464
4575
21
6649
-9806
-1230
-8695
-7038
7582
-3586
9882
8778
4046
-1972
8525
9199
5665
-1293
-6731
3690
-8057
-539
-7961
8003
-2509
1294
-3434
-1272
-7065
-5885
-2215
-1300
1759
-8926
-6839
2730
5022
8975
-7220
-306
-2199
-4973
6970
-5211
4391
-6198
9793
2848
-1602
-3866
1715
39
-8647
8948
1258
-4118
1063
-964
1746
-2966
377
-7878
6427
2086
6630
-9743
6347
7160
7723
8308
5817
3818
528
7661
9798
9029
-6248
9423
-959
7011
3102
5466
5230
5575
9052
-5771
9954
-2385
615
9831
2238
2406
-2915
6833
-2802
-3722
-1077
-7802
-3921
-7404
-6534
7402
-8046
-8717
7567
-6428
5796
8793
-3418
3476
9514
-618
9967
-8082
-1073
2926
-1419
2999
-1813
-7191
3227
4883
-636
-1005
-1747
3786
3796
7364
-2093
1339
4819
-6377
-9311
5731
-137
629
3394
5157
7643
1192
-8987
-4833
1079
-4634
-956
8518
1490
-6935
7215
2756
-3945
-5780
1465
6452
-6643
4858
-8608
-8319
6306
2157
449
-5759
-7265
8285
-8811
8725
-8790
-7064
1897
1998
6715
-6059
8244
-8422
-1270
-4895
4469
3545
6939
-246
-105
-5429
-9994
-4374
-7448
929
6246
4055
-411
-5864
-6706
6190
-3598
-7676
-5129
7997
-1423
7290
9287
-1812
7579
-1101
-3203
361
5148
7922
6944
-5825
-9307
1212
-2853
-4029
8998
9788
-1883
-3142
-348
-1044
7806
8567
8289
-8662
-6164
-1749
-9000
-4294
8297
-8467
-8772
-4291
-6674
2252
-2426
-8868
-4815
6611
7176
4948
-5888
3649
9136
7341
9514
-6901
-2421
-3597
9672
9524
2425
-1721
6769
2879
3742
-1883
2073
4877
-3798
9334
812
7119
3393
-2548
8040
-4992
-7728
5486
-7745
-1227
-3631
-6480
2214
-1372
-7735
-5216
-8283
-8572
-5577
4007
-5173
-4193
-4268
-8371
-9619
4344
592
8904
-6551
-8224
4324
-4086
-8791
7366
9046
6279
-7040
9071
3514
5709
1217
3243
9309
-4758
-2695
6533
9414
1949
5292
5489
-2010
2646
3943
-3743
6468
-8728
8539
-1161
-2523
2976
6187
3913
1853
1423
9174
-4251
-9750
7707
-9861
-5691
-2323
-3930
2029
2888
-8155
2766
-2065
-4845
-8518
-662
7776
3651
7711
4214
-2310
-4002
1048
1221
-4448
4815
-1291
-3419
1574
-4031
3555
-2675
137
-5372
-1879
-4079
5197
-9359
-7790
-5317
-6285
-2141
548
-2144
-5122
-4845
2037
-152
-4708
1274
2457
-5385
6757
1009
5201
8712
9700
-7150
-3525
3960
-9834
-7596
476
3475
4489
5941
731
-7486
2221
-7401
-7383
2260
-2067
-7953
9550
9448
2281
3888
3803
3238
5771
7401
7343
-1614
9919
-1238
5490
-6668
8564
-748
8949
-5893
7352
5600
-7468
5097
-7729
-2687
8052
-7213
8268
8150
-5854
2816
3277
6735
9589
2267
-1408
-7934
-1343
-9174
6864
-7545
-1223
-8324
-1257
5106
-2588
2905
4234
-7431
4672
-6858
9980
7281
-4621
5589
5495
5998
-6220
-2144
-6834
-7454
-7479
608
1812
4549
-6682
5365
-1287
-2584
-9894
8093
2565
-7148
1756
-4289
-7686
4420
-1705
-5542
5402
-1269
-9009
1863
614
9430
-463
-3454
-880
8298
8783
6213
7189
-7856
-7635
2667
5690
2719
1354
-9914
8135
8777
8289
3719
-7592
5945
6217
9405
-5234
-3347
6465
-988
-7699
-5527
-972
5418
6986
-278
610
-7210
8608
-3603
-7021
-6339
-8093
7431
9935
6978
-6544
-4730
646
7415
-9712
1616
5832
-9717
-4551
-4381
-9528
6584
-6476
2337
3990
6976
6791
-7039
1395
4755
-5943
-5689
-6005
1335
-4744
4410
390
8365
-3031
-5428
-543
-1132
-3918
-8825
9063
-9026
-7116
-1489
-5609
5760
-2652
1620
-3809
1216
-4899
-4411
7257
-1162
-2538
-4747
-8554
-7520
4249
4748
4217
-2623
4807
-7490
2112
-6919
974
-5702
-6800
-5119
782
1745
-633
804
6702
-793
9966
5598
3010
4003
885
266
5820
-5685
6654
8559
-5706
-1085
-4456
2908
4327
7363
-7935
4580
3795
-3247
-2806
680
881
-9069
6269
4787
3983
9605
7601
6406
3974
9787
2963
2723
-3627
8183
-375
-526
1289
5738
-3300
-7584
-3305
6733
-9878
3243
5233
8102
9368
-5916
-2167
4660
-3639
8188
1195
5764
-7442
-1858
4380
-4216
9152
-4727
1776
-6139
-7820
-8888
-6049
4918
821
-2923
-3536
1744
-4261
8694
9511
-1565
-6626
9441
-7734
9269
-4981
-4278
6136
-5184
8367
-5366
-257
1928
-6358
-4732
-3160
4701
3558
1595
-1740
-4542
-3546
5907
1994
3106
10000
391
5395
6673
4249
6518
-7864
6629
-2094
5633
-9523
7042
-8083
1446
-6104
245
-4051
-3357
-9854
-6349
2876
-6883
-1553
-2148
-8185
7138
-5732
1160
-8093
-3251
-3992
-2312
3224
-8286
-4736
3432
-2022
5113
7351
-4439
-1616
-5861
9332
-5083
-5837
-1816
-8992
9047
2788
8656
-9755
-6420
-9092
-488
-8714
5644
691
9347
446
9899
-3467
5962
6863
291
2346
8844
-4786
3813
1201
2615
1159
-4175
6637
9629
8417
-954
-7399
2750
4448
4401
-572
2251
-3269
-8231
-6827
-1480
6193
3843
-6942
-2767
-3963
7074
-3468
-5647
2153
-876
-859
-6328
-8262
4314
-9814
-5313
-3728
8672
8536
1102
1572
-339
476
-2752
3102
-3034
8473
7135
-5259
2824
-5541
-3687
-5001
3237
8837
7654
657
8594
-355
-1974
-7425
-3334
-7514
9024
5910
4383
-2647
-5645
-5383
4105
3223
9763
4046
7871
-9020
8134
-6955
5975
-6351
-613
-2280
-1471
6380
-4301
-8843
7666
-654
8294
7919
-288
2460
1378
5040
9631
-2105
7176
-9727
2350
5080
9192
8794
8675
1447
7885
5610
-4044
-3450
1606
-4878
-4120
7963
2113
3463
1464
-2932
838
-1068
8102
-6961
-8031
6218
-453
-2894
3799
9617
9670
3228
-1595
6362
-8372
2301
4738
5063
-2885
2962
1368
-8802
-9199
7255
57
8255
6810
-3202
-5751
9203
-1609
3120
-876
-2792
-8839
3628
5439
-2545
306
8157
39
-3911
9241
-6782
-254
9220
2646
2702
2678
-3064
-207
987
-5663
-5332
3865
-9132
-4697
-981
-2961
-1925
-7313
-4176
4438
5696
4427
-854
8182
809
-7316
-7791
1070
-5920
-8231
-8992
-3008
9760
3454
9590
-190
-9405
2053
-1745
3573
2947
105
9567
-7420
680
-6920
5291
1249
8258
-7063
8723
1330
-5754
-673
8615
8456
-3752
-501
2823
8921
-5576
3444
7197
-8335
-8897
9715
-2785
4816
-6130
-7516
-4970
9972
1097
2396
-894
4407
-8853
-1173
-5027
2260
-5431
-1273
4917
-3817
-6228
1604
6337
-8027
1299
-5640
-8996
-1945
-8505
-6422
4786
-9141
5654
9689
7582
8720
5740
3770
-4609
-7792
3171
5492
9026
9866
-9672
-4609
-4138
6844
-7399
7599
-7902
5739
1650
416
3082
-8181
105
-2762
-8063
8661
-671
-7480
8048
-4557
4724
3007
-3694
-3140
-429
-1161
-5152
6976
-7250
3751
-7231
4205
-9756
2270
2804
-773
-7116
866
459
-5328
3077
-2712
-1375
2506
-5379
1268
-3721
-8200
8014
6563
3283
-5326
4883
-2272
3776
6524
9845
8065
-9253
-3224
-3089
-309
5814
-875
4354
268
-2154
9392
-8780
-3054
-558
6108
-9648
8906
-3247
9490
-6221
9330
6770
-1186
-7076
5794
4240
2268
3686
3373
9305
4101
-5265
-3836
1916
6942
8340
2081
9916
-4241
4146
7149
5041
-7365
852
-6786
9370
8117
-2134
-5779
5043
-9407
7656
2481
-4760
-5996
4361
1978
4140
5939
3517
-3669
-8037
-9623
-5622
-8308
-3640
3186
-5146
9016
-1306
8314
-6640
1386
7733
5929
-5407
2437
-7427
2251
9507
-2132
-693
-9193
6398
-7026
-3552
1915
1816
-6620
-6080
8149
4913
-3776
-9501
6143
3617
-6282
-4636
-2910
-8655
974
-9981
942
-2596
-7366
8981
7942
-5263
-4641
-8670
4533
-9629
-1544
8030
5463
7218
6682
-4961
-4302
5499
5237
-9101
-8612
-5551
-9738
-6249
-2982
-3978
5543
3896
-5501
-2202
2449
8789
4761
-6283
1299
-8237
1465
2250
4249
-3065
-3873
8962
6413
5100
4590
-2806
-2342
-5459
4811
2805
-373
-6791
-4214
-4900
2364
-2629
-7195
4943
6600
5289
5629
-8064
-2554
2885
-7222
606
-9538
9479
2796
-8844
816
2955
-4599
9156
6015
3677
-9098
-5172
-1977
-9232
2168
-2353
7116
-4001
1901
6510
5737
5461
-3028
8865
8948
-3947
9182
-770
1437
-8405
-3651
-1810
1158
4431
-1795
4702
9333
8318
-4224
3173
-9321
-5941
-2112
4380
-1527
3741
-4674
4484
5552
-1059
5435
-9018
-5943
9019
6568
1756
8894
-5850
2511
-1672
4290
5253
-2054
8065
4205
5110
-733
-6485
1026
2599
-9284
8933
-1851
-3246
5691
2272
2089
8498
-9069
-3832
-5352
-4375
9859
-5428
473
-7893
-1065
9159
2409
4151
7775
-8653
9759
-691
8997
-1184
-193
-7088
9736
6295
-6390
-5821
-9325
-5395
-491
-4426
4556
-1653
4894
4775
7930
-2287
5879
-2910
-2599
-4013
-8665
2050
7636
-7350
6468
-4438
4897
-3121
5089
2814
-3858
-6000
-782
-905
-7600
2463
9450
1774
7910
8095
-1703
-3513
-2030
-8343
1721
-5500
418
3202
-4591
3454
3169
-986
-2355
1046
-8098
7019
-1113
1324
-7745
-1723
-8773
3347
9547
-6271
1278
3277
3050
-3146
5608
4935
-2632
-4575
-7506
-1943
7599
7498
9368
676
-5078
4126
-9764
-2274
-2898
-7993
-440
4994
4856
8317
-6129
1231
3545
9903
-2427
4379
-2283
-4464
-8275
1275
-9221
-4782
3556
-3046
-514
8705
-5126
-5395
2607
1115
-6416
-8443
-9253
3312
1613
-898
7812
8089
5797
7200
6154
-6566
4006
-3906
-8361
730
-8745
-348
6218
-5343
3770
-9225
-9709
6245
-4737
9957
4862
-5026
-5269
-379
-4620
6067
-4955
-6801
2568
-7338
1522
-636
-6430
9509
-9255
-5846
-6914
6128
2440
-8013
-1688
5753
-2517
7763
-5999
-7647
-5647
-602
-288
-8394
5956
-5767
-8735
-8445
5941
6951
9065
5017
7488
-7908
-3614
-8330
-6315
-5741
9147
-5285
-875
-8621
5616
1791
-4956
474
-5447
-1975
8535
801
-6385
-8465
7849
-3121
-7975
-5568
4728
-4667
-4611
8849
-4006
859
7177
4525
9134
6284
6825
1088
6997
-6923
-9040
5837
3908
2794
6965
8526
9252
-5753
5150
3254
6177
8933
8789
-9517
-164
4203
6887
-378
-9700
-9409
-819
-8018
250
-682
-7762
4865
8183
7488
4039
3701
-2249
6162
-3693
-547
5931
-4578
-3196
2529
-4173
9864
2889
6214
8743
-4598
-2366
-8326
4114
-6271
7361
-3003
6624
1021
-2844
7221
-9694
1469
4882
6598
-262
-305
4917
6124
-9613
-3459
-560
5015
-938
1464
3697
-6766
-2616
7823
6160
7646
1018
-7659
6691
-7462
-2772
-7367
1533
3952
-935
8649
-4258
-484
-7101
-1442
1485
-5092
-2763
-449
2871
1943
9229
3988
8940
5106
-5433
7153
-212
-4418
8242
8280
-676
-6981
-9520
8968
-4150
-8130
2753
-8090
8423
6866
7721
5980
-7420
-4006
718
-3291
-5373
7185
1246
-2331
5448
-3177
5907
-8307
-3115
-6449
-9753
4950
7954
-9270
8263
-9593
9020
-9231
-762
-2182
-5600
10
8845
8648
-7908
5769
3201
7101
-2462
8899
378
-301
-8766
9166
1500
3400
107
-1262
862
-3301
-1119
4115
7587
-417
-1069
-3815
4676
3170
3585
2701
7402
6538
-1079
2423
-2002
1263
1527
-6026
-2965
2771
5642
-1543
5368
3086
-4657
3083
4838
-4987
780
888
-7765
3614
-5800
2648
-7512
-183
9405
5536
3560
5684
3284
-8320
-6900
-1732
-8571
-9393
-9903
6175
-2593
309
1220
1827
-8699
8511
-5232
624
3786
-4366
4711
-5074
2034
-8216
2505
-1393
4484
9047
2688
-1584
-8689
-5311
-8652
-1110
-5667
771
9900
-1513
-6776
-4823
-8864
9648
-1265
-9926
-1937
-5082
-5276
7816
23
-112
6684
-9453
-9005
6915
5136
-1653
-4851
-8969
-666
5106
1708
4815
-1728
3340
4747
-1143
-1639
-8655
8597
-4970
3473
-9455
908
-9098
7415
4404
6658
7195
9620
-611
-2567
5173
-2729
761
1484
-7026
-2706
-5158
3614
4266
5082
3484
1889
-5426
997
7391
2833
-4413
-8405
2803
-8368
8154
359
-1980
8723
-670
3322
4759
8420
-4528
-6045
9575
-9598
4262
5545
-2350
8090
-4431
6058
-2524
-4197
4417
-7618
9214
-7391
5829
2956
-9261
-647
-4469
-1048
-7368
4833
-8079
5924
-1560
2901
-4695
19
9703
7695
-8036
-649
6907
-8091
-3856
2488
841
-1167
-7705
-4639
-2189
-2388
7376
-6836
8299
-7877
-6855
1450
9169
-9052
-3943
7356
6387
9883
-1959
-5067
-9018
1404
2861
-8679
-6366
-7309
-6118
-9928
-2260
2039
6910
8144
-3856
-2373
-62
4166
-7802
8004
9641
-7215
5725
-8241
-2551
2877
-4019
-4279
8810
-7390
189
-9290
4981
7398
1377
-5349
-1837
9453
3474
1507
-3627
-2696
-3477
-9352
9599
3326
5003
2437
8980
-68
-9843
4894
-6322
-661
122
3663
-5518
1822
2249
8635
-4745
-7510
-4483
-7647
9326
-8917
5765
-3184
4280
-6409
2055
7701
-968
5391
610
-9319
-2985
5159
6328
8167
-861
-7810
7667
-4775
5451
-7510
668
-2283
-2699
584
2893
4865
3766
-2625
2279
8785
222
1458
-902
-4239
-6044
-6259
3458
-8729
1489
8304
-1924
9920
-3344
3157
-2115
-7334
1598
9262
-3207
2087
-5956
-8625
-971
7556
6453
-3648
-3934
-4972
-8690
-7963
-9434
-2233
-2883
-8472
9735
9745
-9617
1851
-1307
-9761
8355
-4818
-9325
-237
-5476
-6390
1430
9585
-6489
7529
6706
9234
1543
2038
3230
8487
9615
-5976
-3510
2665
1540
-829
-9446
3102
5715
-3009
6765
579
1684
-4552
8668
5704
-9720
2063
-244
-3850
8211
8866
-9634
3482
9008
-5814
-2310
689
-3183
-5959
-163
4252
-1769
3438
4028
5885
-4186
-8704
-9692
-7672
-7091
2010
-5568
-981
-3726
-4607
1962
-9485
-2956
2290
-3329
2499
-8732
-9681
2739
4417
9202
-6858
4616
-7101
-932
6015
2300
