7980
-5477
4296
-196
-5292
-2016
9343
629
-1795
9303
-7940
-7132
-7863
-389
-6242
9940
5560
-7141
-3394
6548
-8249
-9749
-3455
-3319
9498
5382
776
664
7965
-3279
7356
6338
6796
8803
573
4514
615
4972
9006
-7185
-5098
-8568
1445
7956
-8440
2137
6839
-6736
2204
-270
2557
-898
5807
9023
-3269
4760
-4591
6208
7783
1034
-8201
8241
2853
8495
5049
-9252
-8553
9035
-9501
9096
2444
-4610
-7475
7445
8011
-7773
-1537
-24
4862
-4956
-2031
738
3481
-2790
-5197
-550
7611
9582
8646
6915
-6954
9816
-9472
-1346
9043
-3695
8559
-6275
-8927
-8146
669
-7395
8339
4227
-601
-8535
-7521
-8771
8091
-3414
-724
-6848
-8720
8629
6160
1505
-5096
8907
-4275
3580
-9663
9011
2743
-8172
6477
-1147
-5537
-6098
9486
1358
9551
5397
-6289
3310
-5278
-6212
-5378
4211
9386
-2669
1611
4256
-6624
5283
-1749
-8292
-3655
-2093
-5137
4929
5386
5481
-374
-3963
6361
-5522
3872
-4028
9587
4289
-6223
6162
-2458
-1162
-9714
-9647
-5982
8946
9640
-6137
7483
-6110
1010
-3599
-1406
7063
9698
-1019
4983
-740
-1284
-3780
-4485
1544
5506
431
-6908
-2524
-2408
-1828
230
-5930
7761
-5771
-6220
-2056
-7141
-3150
1914
-1446
8209
7945
-8805
7709
-2727
1612
-2144
-6305
-4439
-8775
-7703
955
47
717
1459
976
-4664
7440
9859
-5229
697
1249
-4337
9722
-1135
5939
-6521
-1339
59
-2489
5248
-1075
-7346
5251
8825
4167
-1245
-4534
9522
-7767
-6305
-5025
-8446
7785
-5437
-4358
-8786
-7988
-176
-6687
3880
9304
-2009
3812
-2574
1367
-8834
-261
-9290
-7293
-6109
-5141
-8002
-5196
6260
-6435
2658
1069
1068
-3921
885
7615
-6798
2440
809
-9165
6043
8997
-8428
-9444
762
7902
4430
-3561
-4817
-306
1945
-5841
-4994
-7818
2802
-5607
-1662
-8351
-7731
-1660
-2235
6186
2254
-5959
-4721
-5142
-9058
-6305
-1112
-1876
3108
-2025
191
3877
-6179
-3510
-1466
8764
1995
2597
-1068
-3636
2411
2498
389
4002
-4028
3224
-6352
8386
-7778
-5519
9820
-4470
6097
-9941
-3272
-8547
-9921
6437
3283
-9107
1700
9118
3153
-9601
-7674
-5800
-1910
4558
-2592
7785
-2980
84
557
5875
4164
-9765
-4490
-4207
8618
-5983
-8606
-6736
-2646
-3044
9144
-7921
3684
6588
-7558
609
-5784
9085
9854
9492
2715
-8770
-2448
-4753
9139
-7317
-7885
7481
-4000
6134
9613
228
9531
6799
-4906
4622
8545
-8774
4984
5915
4575
6893
3038
-944
-9252
-6307
2510
2872
3730
8613
5634
-9539
59
-3825
6259
-8651
9115
-5559
-5376
9521
-204
8683
8427
987
6631
-4849
-3181
-196
-2746
-6857
-3498
8319
5221
6566
5956
3429
-6822
9707
9098
-5169
8510
-5009
5583
4455
5587
1781
-7507
4559
-9780
6824
9274
4099
-9798
7559
-5662
-2801
-3798
-1758
3687
-7435
7915
-4619
4418
-9042
-235
-9427
-7053
3497
6904
-8534
-7126
-8487
-4552
9421
9703
-4750
-6261
6900
-7940
-5258
1942
-9329
-97
8445
-6777
5333
9205
598
5484
-7050
-4962
-737
8152
6296
-5732
-2360
-3527
-9050
2953
7930
-3738
-4605
7029
4418
-8306
798
-807
2440
589
4035
-8223
-1651
-141
-8567
8399
9048
2829
609
-4198
-4615
5832
-2450
5671
-8551
5227
-7057
-5259
3610
1005
955
580
-4953
-5629
6608
8136
5994
275
-7008
7540
577
8019
7615
-1686
-9231
-7723
616
9542
3025
5367
-3111
3044
2686
2803
-9606
-2451
7441
6752
-1148
-5174
3508
-6294
-7548
6918
-8812
-5334
-5141
-2871
5221
-6115
3364
64
-2846
6308
2257
3718
9140
-6468
-5686
2884
7588
2063
2409
1347
-9837
-9334
5042
3464
-9120
-8723
4710
8041
9669
1988
-8120
-2250
-6111
-9940
-6558
-4303
8234
8504
2225
-494
-6422
-1555
-9976
6071
3195
875
-1377
4617
7481
9177
-5444
5952
6395
3582
-916
-4090
5831
7299
8985
-4107
1966
-4400
3096
-6383
-6631
-2048
3705
-3862
8739
7753
-8969
-4477
3644
-6917
-9752
2487
4674
-9018
-4222
-7641
-1356
3331
7944
-1705
5074
6794
-3515
1423
6127
-5242
-8926
3584
4419
-5736
5461
-182
-2632
6815
-6426
9828
-8803
-3946
1390
-6506
-9143
-6050
-776
-9365
6295
-9748
-6558
-3244
3565
-7464
3496
-3752
-4136
-3669
7069
4993
-3898
-6532
-8162
-4213
1326
-6591
-9703
-3102
9546
1562
2140
-6836
9364
8268
-2547
-401
2435
-5790
6074
9757
7773
-4933
8377
-3028
-3195
2715
73
4368
5272
-8780
1877
7139
-1790
-4327
185
-1784
8031
1095
-3155
-7858
2000
5162
8666
-1477
-3101
-8552
-553
1471
5995
6569
-7907
-851
-3206
1189
3790
-2765
8882
-4606
-2770
-2802
6246
9079
-6909
8645
5715
-4435
9088
-8464
545
3263
6154
1857
-5528
-3474
-4544
3400
-360
4062
-1172
-1339
8410
-9871
-2736
-7388
2362
1531
6346
9818
1006
-3224
5747
-4677
-1919
-9416
2075
4054
9708
-6507
2928
5759
7162
7120
-9670
7208
8986
-851
-8574
2573
-7562
-4237
7736
6291
4905
7941
-1314
-3801
-4427
1582
2986
6316
-4886
8147
7997
2150
8695
2091
-9953
7814
-2933
5285
-917
-5203
7987
744
1822
872
3889
-837
5909
5375
5428
-196
-9697
-2368
-7258
-3640
-7909
3770
-8427
9787
-4488
2237
-9081
2628
-8286
8786
-6138
-8066
2634
-5627
-9094
3521
3999
5992
-1234
-9186
9629
7107
4826
4912
-5720
-4607
-8133
-4771
-5620
8798
-6703
2548
-8957
4837
-922
6205
-7561
9406
-1571
4378
6692
-232
552
-192
4344
-7345
-5457
-3188
351
-5871
-4896
-8620
-4685
-7571
-1360
-3539
-9539
8414
-6574
3304
2874
-3338
7319
6702
-7753
2303
-9638
3867
9059
-134
7476
-4569
5791
-4767
-8754
-4033
-1708
-9332
-4882
9235
50
-2850
-1040
7321
8872
-288
-4618
-598
-4077
9925
1849
-956
-8130
2553
-8616
4568
8730
-9979
-5065
-8177
-2973
8174
496
1188
228
9203
-9900
8665
3597
6367
-9041
-8540
-8328
-4154
7347
-6372
4387
-5890
934
6562
-6218
3213
-8543
-1397
-2702
-5529
-6114
8132
-8443
-8545
698
6844
-998
2805
6402
-1724
864
2421
-7762
-3604
791
2578
9740
7315
-7307
-7676
2411
-4302
4589
-7342
-7450
-2786
-2021
6214
3324
4377
-807
6191
1435
-2764
-1586
2254
-6677
-5434
7839
1178
3896
-1593
6964
-2932
-7589
-6112
1315
3607
-5565
-6657
3970
7563
-6411
9743
8590
7858
-6016
9617
8232
4594
-3346
-1891
-3151
-9849
6833
-7212
-3571
1876
465
2326
-5093
1688
6477
-5282
-6768
626
-5909
8912
-8250
2290
7119
4011
-6445
-9404
-4783
-2233
7746
-3922
1452
284
-5779
-8978
-3629
5274
-1540
-9715
4435
5032
-3266
8006
611
-4286
3411
-1779
2468
2537
-5768
8492
6487
-3135
-601
3913
1379
1328
-97
9432
-7493
-3324
3875
-7389
-457
6799
3008
2003
1482
2155
-9292
3587
-3073
8831
1275
1572
4435
3994
-9324
-9140
7647
-9478
1899
74
-51
-7401
-2900
2671
7952
636
-653
4088
6060
8015
-9944
7777
1645
-8621
-7350
-9042
-4655
4592
-1619
5226
-260
1427
-5202
-9637
9439
9491
-590
-2013
-4105
-6597
-1687
-7462
-9430
-4882
9915
6689
5715
4934
-1382
-3793
5001
6782
-7646
7251
-8272
-869
-2922
2201
-6294
-952
290
2320
3806
8237
-9144
5388
325
9133
-7330
-8008
-3969
-2762
8515
7316
-2625
-5840
2459
-5793
-3089
-3282
-7209
4600
3928
-2492
3294
-2770
1739
-6855
5345
-7278
9835
-8525
-979
3902
8004
-1079
-8141
5143
-9680
451
-6143
-9416
4176
-7999
516
-6293
-5122
-2583
402
3277
-3229
9989
6200
-3629
-7052
4265
563
9912
7367
-7122
-3163
-5771
-233
5069
-8510
-2326
5413
-4664
6630
16
5763
7186
-7954
-8055
-820
3449
-5651
-8669
-7070
-1609
6065
-8442
-8345
-3865
4724
5116
-6785
498
-4022
7677
-4796
-9834
-1268
-2309
5857
5311
4224
1424
-9920
-3327
1373
3483
6591
9235
235
2526
-3033
5927
2305
7416
255
490
9317
-9707
-3574
-8446
2704
8741
2284
-17
-1545
4685
3683
-8391
262
-6124
839
2660
-6456
8323
-1559
-5518
1204
9973
7201
-982
7353
-6456
6573
2279
7385
-8594
-7068
6200
-7244
-1236
-6215
4207
2682
-5975
7975
-8348
6019
7084
-6794
-716
-39
-448
-9763
-8545
6097
1993
-6350
-2566
3693
-7455
-211
-916
-9411
-7919
8497
6053
5906
-5336
-1840
1434
5820
7699
7386
3561
-2247
-8155
-3087
9159
9494
7818
-4008
-4436
3355
-8641
-2737
-5210
-6850
-9979
-9262
-3746
-6796
-4441
-144
7651
6507
1114
9198
-9111
-2850
-4937
-5319
-4125
-2377
-6101
7233
8031
3057
7142
-7833
4764
7183
4865
8105
5647
-7139
5890
2125
-8512
5052
-5239
-1425
6309
6600
-1883
-9994
-5576
8150
-5381
-3863
4875
-603
6766
9663
-300
-7870
-7819
-9948
-5447
3658
-6549
3376
-4276
4397
-4381
2781
-9277
229
2078
-790
9048
-9655
-255
-7746
3631
-6640
5324
-1897
-5426
-5810
-3857
-8759
-748
2951
-3462
4325
-5239
530
-6053
6470
-9888
8994
-9067
8312
-4053
522
-395
1668
7237
-3934
7834
-1633
-7751
382
195
2707
-772
7445
1270
-7166
-6669
4655
7311
2573
-9157
-8767
355
5103
-2325
-3686
5709
8902
3245
-4227
-8879
-2062
8285
-1824
1230
629
-5963
-3461
-2883
6038
8945
9208
-5183
-4283
-6286
3979
-701
-3025
-3217
4719
283
-4211
-9046
-4364
-6683
-1368
-6352
-5756
9211
5546
2115
1534
2034
-964
-1487
7188
-9140
543
3510
-2890
-6610
-1539
-3468
7302
-7280
-8531
1228
-6307
-9408
1830
3798
-5345
3083
-4264
3384
-6876
8142
-7650
1120
3539
8304
9124
-97
1317
4828
9464
-4409
8456
-3491
1129
2706
-6998
3398
-1863
-2162
5702
6271
2244
-4927
2851
-1581
-1092
3133
-6727
2941
3751
3930
-9522
-7883
-9879
1837
-5523
5719
-3836
452
-1814
-3956
8634
-1881
2176
7710
-799
8567
3156
-9490
-2263
-2745
-1554
3109
4926
2698
-122
4616
-198
-882
-5707
-697
-7620
5322
-3191
-8817
7423
6931
-4175
-9995
9984
1545
-9506
-8953
-6644
4481
-95
3367
-7677
-5432
-68
-761
-9626
4480
-9060
3042
9183
6005
5607
-7445
2684
4084
2394
-2551
-3104
-135
-4739
4176
-6292
-6165
3924
-3193
-1024
-7916
-7306
-7072
-5807
9268
-1563
1656
2550
-5497
-8409
-5616
-2046
8034
-2911
-2858
187
-5287
-968
-5696
-1685
-9026
7387
559
-6182
-2963
-8865
7041
-9263
-9191
5910
1014
-8054
85
8774
-1414
-9007
-4022
-6623
-757
-5887
-1841
759
-4176
2056
-7468
-5362
-2158
1810
2870
-906
36
4753
7796
-7691
7716
6491
-2957
8675
2977
-5189
-1578
1019
-9371
-6187
6696
-5504
-7528
-9912
9099
-4952
-8254
-8889
7346
-5486
-1765
2617
4854
2255
1283
8820
1302
-1153
215
-4645
-7636
6350
-9535
-3014
-2878
8600
1737
2212
-3894
8305
-8873
-1471
6968
9903
-721
3396
2391
-7588
-94
-153
-6899
5975
1993
-4045
-5761
6623
4654
-1510
9596
-949
4372
-8048
-5365
3003
-6328
6663
3292
6997
-6142
8678
-2223
-1226
4214
2046
-1336
4338
-8024
9226
-6037
-8557
1297
-5805
-1080
-6951
-1872
-176
8749
6273
-6452
4306
7182
1961
-2304
4748
-7119
7703
-7568
5734
-7384
-8090
-5723
-4251
-7272
4157
298
4600
2021
2518
-4175
-2601
1427
7213
8096
1415
1066
9231
5670
6698
1475
6630
-1642
-3364
1590
-2286
-9791
-5777
-3184
9161
-824
-8472
7404
-3199
8468
-2179
7601
3245
6815
-5337
-7173
8106
4508
-7474
-76
-1309
8141
1860
-1786
-6954
-3546
7431
8924
-987
7115
-5820
8092
-2213
-8369
-8896
1442
-795
3856
-6321
-7280
2130
3073
8757
-5239
-8321
9513
7382
-8182
1094
-8719
7781
-8554
-3012
-9051
-6515
-5441
5557
-9618
5062
-4655
-8659
-5989
-1019
-5092
-352
6272
-5805
-9704
3923
5392
7749
-2391
1198
4066
524
3218
5357
1758
-3013
-3627
3393
403
4556
1914
-3495
-7173
524
4206
3958
6891
-8774
-2696
-9871
5607
5129
-4820
3757
1336
-9031
-2983
3749
-6913
7362
4047
8710
1455
-5945
5632
-2600
-1309
5621
1517
3649
-2248
3155
-2945
-5575
2223
526
-2556
9287
-2414
-6942
-5301
-9428
3597
-4463
1889
192
4589
4803
-6046
5301
4817
1949
-5947
2024
7469
-3554
3582
6151
-9276
-3861
4539
4637
-3365
5745
-9167
8944
7096
-8317
-6111
3837
-7184
-2355
-9831
7044
-6807
-6972
-580
1970
2928
1316
-3590
-9177
9950
-4136
4294
9120
-880
8372
1832
-7120
-3094
1396
-4179
-576
1634
4345
-9145
2520
2958
-6262
7436
-3199
-3076
7364
-9849
7527
9608
-9705
6752
2630
9683
-8194
7348
5999
1009
1442
-6328
3695
5922
-6585
2659
8251
-8515
-57
3488
-3319
6198
-2747
6600
-9758
5571
-1757
6659
4138
-1334
-9778
-9707
-890
-70
-6285
1715
-888
-4759
7155
3201
-44
7044
-6327
4680
-4335
6875
-9573
-5710
-2910
6275
-9585
5200
9797
-1853
7417
-6349
-606
7672
9668
8312
-6206
-5607
1900
-8916
-3885
9699
6015
-1769
-3767
6324
449
684
6403
4985
250
-8487
-9494
92
-5281
-6168
-97
5349
-8570
-1355
-6658
5578
-7964
-4010
5110
3864
-1785
-3991
9767
-1496
-5194
2521
4272
6975
-6023
6986
-1357
5828
-9943
-7021
-6923
-7483
-5885
8731
-297
3560
2023
3211
1098
2512
-3111
1878
5725
6413
4982
8321
-1880
-1290
-6086
-6776
8763
-9228
-1333
701
2484
5881
-3442
-4618
7071
-5345
-4889
6543
9618
-4424
2876
5585
-1664
7206
-4998
-1824
9510
-1089
-5656
3784
-6840
236
7614
-2960
7072
7320
4510
-4955
-2933
3452
9232
-6227
-7116
-8245
-1023
-398
-6297
-1585
7829
4686
7254
9933
6774
-1847
-3178
4609
-3018
373
2870
-9365
6124
-5883
4795
6837
38
9881
-9265
7001
-2997
-4274
-6778
299
-5115
7792
354
-988
-2862
914
303
7930
-8324
7327
-1833
-979
-7313
-6676
8826
3335
-7167
-7237
-2862
2711
-7906
-105
5901
3041
7911
-5024
1419
4432
-4857
-846
-5447
-4125
-7184
3657
1154
-8848
-1723
-5021
-9001
6686
5454
-964
-842
-7375
-4477
7033
8304
4022
434
3429
-888
-2946
6855
5126
6773
6504
-7057
-139
-3911
-8179
-34
3059
3833
-8223
7317
5577
-3189
-6992
5069
6502
-1767
-5263
-5744
-2185
4128
-7784
-8808
8249
2058
-9661
8166
3419
4272
-7173
9770
4179
4958
8741
-6395
2697
-2352
-1202
-3132
3430
621
6284
7555
-5291
-7398
9902
-8553
-9627
4127
-2082
-8811
-6859
4652
4578
8559
1829
-3316
-6088
-1788
3014
6019
6671
-297
9060
-8804
4068
7709
-1575
8878
-5219
4748
943
5401
-9948
5238
1000
-9654
-8893
-9154
9346
-1634
1007
2828
8885
7391
-5241
-3201
6344
6633
-6932
6238
-3046
6778
8790
-4293
-4986
9196
8165
-7140
3449
-4181
-1163
1402
-8609
-592
-2703
-4740
-7843
-1570
6435
5529
-46
-6875
1875
-6968
-6311
7859
-6205
4862
-2693
8255
-7257
-8286
-3823
-3025
478
-4707
7402
2623
-6429
5504
-1189
-2284
2306
3098
-3540
8678
2066
4461
2791
-1238
6096
-89
-2648
6126
4425
3847
25
-8927
-5294
3604
3978
4695
4928
9496
-3668
-6570
-6472
-2113
7057
-5964
-2131
-6631
-5544
-5266
-5593
-7807
-5932
-4845
-8400
-4431
7957
-5966
7260
5273
6992
2641
-8901
-1551
-8733
-8705
-8124
4002
1560
7056
4961
-4030
-2020
7723
5818
-9113
-5675
-291
8528
-8974
-7346
8148
-6001
-8491
-93
-3697
-7182
4112
1755
-2968
1139
-6323
5369
952
-3436
6984
7466
5105
-9117
6862
-6184
-996
5599
4946
-5225
-1318
-8565
8120
-7679
3172
7746
-4551
-881
3870
-4433
635
-3365
-7080
5371
-5852
3268
-2153
9025
-8408
-9012
5428
-1997
-7240
-393
-4187
7888
506
3513
-5221
-3770
816
-2629
5122
7296
259
-8141
2242
-3738
-170
-7815
8234
-8189
-5859
4211
6138
-162
5048
-709
7241
-4128
3546
7894
6909
-4421
2078
-5958
5921
5302
-1604
-5855
-4363
7666
7189
6386
8052
4467
6643
-8319
-2685
4317
7030
7063
-3972
9204
-5881
-5100
7857
-6369
2277
5577
-6622
-1352
3576
3116
3857
5817
-5706
-6887
2308
8987
1237
207
-2907
-1777
-6851
-4981
2810
-7183
-7658
2352
-5314
6284
1709
3668
48
-857
-6371
1121
-339
-6196
-2596
-4065
-8633
9225
5419
-8917
-2269
-7589
-5748
-7603
-3479
-1236
9247
-3294
680
1499
-803
-477
-2624
1429
3016
843
-7092
-3266
6263
-5730
-3467
6021
-9663
-1469
-2873
7332
1441
-636
7810
-4755
6278
8694
2558
-1904
5055
5137
-3174
-7055
9314
-4613
8232
6636
9543
9201
3653
-4076
4399
4127
-8889
-4392
1823
-3338
-4536
-6007
4716
-326
6413
5397
8556
-1825
7721
-4182
-951
-4478
6246
9567
5470
-3338
-813
5599
5441
139
3865
-3256
3300
-4485
9749
-8679
6361
5359
3289
-4742
1586
-5660
39
3535
-9776
-7272
9142
3711
-1607
-2678
-2000
6649
6920
-1397
843
-7232
8998
200
1271
541
-3972
-2601
8807
-7520
-3076
-7925
-2753
-9860
9499
17
8094
1377
-6820
1663
5183
7870
4289
2466
-6494
-3825
-8016
2310
-2055
-4259
-7145
7568
3394
9461
-945
-6306
589
-8875
6873
9150
8524
9939
-5586
3391
-5386
-9630
8992
-65
7766
5965
4248
-2210
1107
-3816
7403
-8751
-986
-3176
-1908
7598
-8027
4506
6118
3514
-2054
-9661
8803
-2635
-5440
3548
-6449
-3035
2470
-5786
3315
6518
-1303
233
-7695
4031
8218
-201
6583
-2190
-8998
-6118
-2732
3610
1926
3199
6978
-17
-2519
2432
-3514
-8175
54
7865
-6268
3176
-4901
-3084
9102
8280
190
-9496
4531
-1611
3370
-1442
-4149
3296
3042
3427
9271
6238
-1401
-1680
8140
4527
-4261
6176
-4597
5608
2298
-5179
9667
-6269
4254
-8827
4237
-2402
2238
-1919
-5103
-6445
7463
-8632
-77
5452
5142
-6540
-402
-9746
-1079
-2281
-1512
-7681
9076
-1533
6729
8239
3539
4740
-930
1930
6228
7811
8053
690
5675
-9890
-7867
5529
-5472
-9010
-3356
-2300
-7913
-1419
-7818
6787
4967
3681
4625
7185
-5554
-9487
2054
-4879
-4717
852
9065
8418
-2929
9747
3360
9516
-2940
-9995
8729
-7092
-6064
6082
4068
-6476
-6873
1214
-5580
9409
8322
5115
-3085
-9039
-5610
6192
-697
-1234
-1757
6231
1007
8976
-3594
3223
-3406
3723
1043
-5383
9724
-5728
154
-3401
8812
-4175
-8476
-5584
857
-5862
-6830
1933
6853
-2960
-7692
-1190
-111
-7359
8623
2879
1497
5366
9680
-3827
5986
3240
-5129
-2971
4209
9341
-6551
-1144
-6764
3915
6673
-8966
9519
-8390
-3339
-1061
7652
-9666
3896
9579
-3418
858
-9027
4893
872
-6831
-1118
-9355
-458
-965
-5358
4308
-6494
-1340
-2726
-251
3888
-4537
1228
2912
5374
-4134
741
-5230
-8509
2289
-3096
9772
3406
6850
6710
2798
6749
-2708
693
-62
-5458
-9354
7612
4172
-8120
-6049
-4727
5569
9942
1681
-8724
-8750
2109
-4384
8106
-182
9973
9979
4204
-8295
8690
-8414
9227
-403
6989
1607
-1853
3918
-92
-7787
96
-5751
1042
-1963
-7246
-3027
-4576
-5741
5231
1339
-7201
6760
3030
7464
37
1405
-3664
-5674
-8631
8251
-6838
-9166
1553
6606
-4353
3586
-2826
-8337
-7244
3219
-6692
-8567
888
6825
1722
-7181
-5263
-6424
-7897
1940
3353
8529
-401
3638
-2224
6592
4338
5274
-5344
4007
-5615
-2967
2786
-9243
7285
2898
-6499
-7858
5681
-7147
4067
9916
-1229
5739
-2036
-1909
-3742
-5555
-9465
1996
-9728
-8832
-7179
-6430
-1336
-373
2539
8680
-7116
-2408
-6474
9120
3352
7844
761
-4077
178
2574
1184
2449
-4724
8559
976
4665
-4590
-5471
-3692
-3678
2972
7002
2987
9160
9953
399
-3100
4712
-6853
8076
8415
-3775
9247
8821
1675
3909
-4787
-3569
7794
3841
5999
2151
-7160
9319
-9275
-7150
-5361
-1365
-366
-2974
-16
-7514
-5020
3067
3437
-2176
-8925
360
319
-1233
4762
1633
-6495
-9032
-1509
2256
-1837
-4267
9790
-9022
-1247
5533
7800
4788
-2022
8501
-3332
-3715
5589
-6644
5078
-5794
3024
4345
490
-8692
-8590
209
8873
4099
5265
-2988
2471
-2141
-8131
6151
8116
8277
6943
-2525
3180
-1399
-9463
2741
8163
3589
-1842
6247
5871
6296
2505
-3454
9038
-2481
427
-1313
-7932
6535
8512
-1666
-2303
-4031
-4082
5306
-5417
-8801
-4814
-3663
3325
-332
7971
-6111
2478
-7133
-9208
-2207
502
-9496
-3222
5104
-8489
6222
4278
-6871
5523
-1722
-7889
2976
-527
5495
-3
7909
-9916
-1485
-3445
8842
8743
-6401
-1315
3690
9903
1060
-1660
-5838
-8679
9026
-8139
-6267
-9525
995
8292
7438
1107
-2154
-9222
-7883
8567
-5420
-7937
-4580
7986
-2253
9745
4695
6587
9218
5767
9129
6421
-5600
8755
2691
4032
-422
-851
408
-4277
-3541
-5440
-5875
-9122
-9687
7926
-1047
-8494
-4496
9710
-5841
-3427
-3856
-9155
-7705
8682
-9338
-9918
5497
4622
9167
-2216
-9087
-5997
-5270
-9450
1616
9119
5695
-6730
3932
9585
8302
-6045
5323
6994
-1094
8561
-1047
-2704
9709
-1247
-1318
3955
5344
8411
-2581
6699
8982
7400
-3436
3059
-4015
7622
196
-3178
7279
457
-6578
1321
-7661
-2823
-8448
2190
-9330
4682
7106
6068
-6095
-5488
-3329
-7615
-1008
-5432
-2553
-2620
6522
5098
3542
-9903
-773
-8077
5803
1238
1417
-4733
-7775
7575
4723
-1233
-7515
-1628
5169
1405
2830
-1571
1649
-5079
-4431
4049
1528
-6978
1467
9148
-1732
-4809
-8260
-618
1202
-7834
9454
4679
-9499
4187
-6635
4826
-7561
-7064
3267
1788
9393
6482
-930
5472
3187
-3624
-7545
-111
612
-525
-5897
916
-5265
-4270
-8963
3488
5824
1341
9155
-1279
-7889
8701
1689
1967
8225
4888
5296
4101
-2147
-6013
-816
9911
-6801
8914
4680
-3527
7596
-6435
-4367
480
-8097
-1519
-8483
-3955
6622
8239
5842
-9877
-7819
-2528
-6698
7070
-2524
-6227
5587
9974
1880
4800
-7388
4638
-8504
-1586
-4640
6571
8522
2417
-3059
7852
2213
4310
-1532
-2612
877
8340
-3672
4047
-7686
7559
6608
-7160
-7437
8366
-8238
-8164
26
-2583
-6121
-1214
5348
-4770
-1333
-9184
-6548
-6874
-858
-9138
4388
5502
-2217
-4717
7224
6912
-9906
-7986
3008
-1100
-7322
6186
-6015
4749
4521
-3701
-9523
-5820
2494
-9291
6942
941
-5239
-8905
-2646
-5743
-5918
-3686
5860
-7855
5463
-7351
-1460
59
1788
-2072
351
6741
2460
3197
3151
4034
-7586
-901
-6611
862
986
-4398
-2736
3808
-4650
7821
-7936
-9129
1556
2526
-1038
-2289
-5556
-8940
9160
9784
-2578
-6305
6322
-6436
-8025
7875
-9406
6731
-7445
2491
8467
6846
-8125
-8432
5967
-4710
-2338
4430
-7521
-7240
-5768
-9288
-4349
3246
-9131
-7049
5165
-2032
1215
8029
1102
-7266
7948
9999
41
-2817
-8277
-6005
-2563
7650
3144
-1055
-7083
2632
-1533
6538
1613
-2923
9237
-9625
637
-9376
-9362
6693
3229
-7893
5025
2556
4451
-406
3062
6575
-415
5409
9420
5796
1494
2502
-300
-8987
6641
-3770
-8286
-2350
4449
9266
-6141
-8916
489
-6654
-3993
5564
3503
-4614
975
-9381
-1211
6117
-4019
3120
6919
-9307
8444
4544
8948
4134
1407
-2967
6321
-6088
-1094
-879
-2088
904
-778
-4608
-9063
-8168
8157
4620
-2070
-1943
7906
4972
-4815
-2797
6202
5465
-1284
-1881
-5801
-4999
-7997
406
-6533
-1878
8931
-6497
620
-7856
9196
2092
-5177
2724
-7463
16
7803
-6036
-8053
-248
-3156
1964
-3866
8522
5719
-4489
-6477
-5566
2652
9057
-1094
-8423
6274
8826
5525
-7224
3339
-2405
8009
936
4723
8350
-5970
-2704
3453
6590
-2708
9688
-7340
9151
-240
1162
1163
-5901
-1656
7352
185
2015
6158
5954
-8787
8789
2947
6657
-589
1910
3017
-9951
3515
9119
-9579
-4349
-5201
-1367
-2612
910
-6020
1713
-9449
-8469
-4681
-3059
-8991
-2338
9284
1949
1482
-253
6111
-2963
6058
-3914
-100
-6078
-7234
7275
7258
-918
3744
7849
4595
9903
6500
-1391
1143
2698
1814
7200
6102
1905
5281
-7532
-1454
-4317
-2521
-6413
3027
1441
1150
3903
5470
8584
4055
481
-4803
8843
-4972
7832
1291
-5781
-9925
4871
5248
2999
8155
-4747
955
-4403
1005
-3387
4542
4138
-495
-3816
-4131
-9331
-3597
9030
-5279
-3842
-2627
-8291
-4032
5466
6217
6784
6656
3598
-3713
-7583
8885
-7838
-6990
1052
7552
3747
-1292
110
794
1554
8083
6599
-1715
-6223
-6506
-1463
-2918
-8897
6377
-5843
-1823
-1705
-3678
502
1419
-734
5922
-2427
9597
-3621
9843
6636
-6611
4458
-9608
-6355
5915
8501
-9512
9529
1761
-2546
1184
-3004
-5309
-5456
-1728
-2016
4660
-3725
-7312
-434
-3008
3376
3740
-234
-1702
-7709
4767
-8264
1169
-3796
-9516
-3268
2687
-816
4109
-6608
6241
2341
-1630
-675
2974
-1016
-7771
-8404
-6312
-8896
8786
-1505
-3405
-6330
-9368
4480
3274
4274
-5788
4759
8220
-8385
9570
-3555
-2269
-171
-7743
3163
-1194
-6082
9361
9799
-6536
-5134
2690
292
-9318
7602
2304
7602
-1756
-1995
7307
-2836
9422
6878
8602
8342
-8479
2124
-5196
8307
71
-215
3481
3173
1745
-8798
-9804
-8442
6709
7177
-7529
5709
112
8941
8262
3726
5823
5773
-513
2649
-3089
-3594
7701
2980
-3591
-5667
-4719
6388
-4839
-6409
-8674
3923
9243
6137
-891
-4638
3404
6557
-5025
8623
7935
-8906
-5500
8097
3065
8421
3896
5366
-370
262
7237
-1722
-1072
-5919
5956
-3141
9208
2725
4371
-4061
-4987
-7788
8483
-9777
479
2580
-5968
4100
-7206
-8022
4646
485
2885
3011
-5381
-7462
-2197
-8760
-8943
-7348
-5336
-9071
9038
-389
-1787
8282
3925
5623
-4262
9601
-4375
-3658
2188
-4512
-1003
-299
4794
7726
899
-3673
1209
-1434
-1724
3400
-2296
-9447
-3841
-7747
-1638
6169
-1183
859
-1227
-5500
-5429
9947
-1710
2747
6755
2829
945
248
911
1813
-1762
9486
-3664
-5338
1326
1596
-4838
8758
1245
3973
4815
730
9489
-3094
-1345
3753
2816
2909
-4476
3226
708
-1133
5952
9916
-7823
5109
2162
7164
5043
9186
-9431
-2109
-3912
6703
-7734
8531
-2751
-167
5147
-7931
9585
-6421
-9335
528
9600
9360
8587
-3987
-6868
545
6728
1538
-765
8543
-7125
-8375
-9783
499
5609
-7592
3033
3885
-2892
7569
894
-6583
-7829
4797
5219
3777
-5515
-1253
-786
-1123
1750
4318
8713
-1674
-8146
-5775
-6503
9323
-1295
-2361
-8352
5222
-8258
9474
5261
-5458
2325
-2900
5441
-7392
-9344
-8335
-7629
2019
2846
8720
-6187
-4490
8313
-6195
8738
-6530
-1814
-4614
9776
1139
-1090
1613
9607
-6195
-7164
-3980
8565
9109
382
9731
-9384
-8070
-5876
-9674
-7472
4819
-3665
8611
-8344
7426
-540
7432
5660
5931
-1065
7594
3163
1362
-9881
-7971
-8553
6566
-4210
9053
-941
-3395
7937
-832
1128
-1842
-6008
-7317
-6349
-3463
4584
-4370
-4436
2317
1281
-6814
-3127
-1236
2094
734
2941
339
1199
531
-4617
9406
6146
8820
-2399
-7592
4971
19
9054
6619
7759
2975
5224
8731
6190
5771
-1944
5416
8767
-1367
-7551
-6569
-7211
-1901
-7342
-3565
-5505
-3733
-1777
-5450
-8327
2290
7792
4759
345
-9382
-7043
3789
9761
-9743
-9846
1201
7912
-1875
1259
-2085
1863
-6679
9398
5916
828
5318
-2260
8066
-9031
-4453
922
9670
-8473
-2320
6990
-2941
3282
5656
-8349
2618
-9026
-5835
7305
4870
-7553
7728
8969
5765
5558
5804
5195
-1030
-5442
-4002
190
-4577
-6076
1878
-6600
-1234
6680
1313
-6369
-5335
-8822
-6458
1418
5501
-8560
2718
-7464
9620
-3717
-8379
-3348
8908
-9399
856
-4959
7052
3878
-257
-5498
-7618
6531
-3837
8722
-910
8771
2468
7028
-362
4933
3363
-657
-6429
5077
-8231
4750
5054
4009
4353
-7418
-501
-6247
7666
8135
-1064
381
-5579
8933
4662
8107
1039
2488
-3859
5490
-3025
-200
5477
5836
-7864
2136
4002
-3471
495
6266
2066
-2587
2876
-8734
6123
7731
-4648
4537
3384
-5904
548
-2486
1925
-326
-5745
213
-5645
5239
7655
6922
437
-3862
-4959
-8834
8083
-533
5151
2950
-908
-4778
-5992
-5217
5749
8915
2785
6211
-9286
3830
-9660
8934
1525
-4550
65
-2993
844
-2090
-725
-6772
-9498
-826
-106
3573
4828
5104
8980
-3522
3412
9344
8561
-8218
-2947
-1176
-5823
-1013
-2954
-4222
-3846
9454
6168
-815
-9834
7350
-1456
-3389
-4344
-1464
-211
2757
441
-1471
7209
-1208
5645
-4033
9638
7471
-3196
4435
-5224
-9355
-5587
-7719
-3048
7592
8067
1352
8438
8130
-5138
-968
-1192
4818
2061
7832
9399
-2833
-6732
-7259
-8435
-8993
7542
-1883
-6911
-4054
5046
-6459
-7147
5038
9359
-5222
-8407
-8889
2830
-258
2984
7793
-9783
-2303
8175
6484
2904
472
6711
-6635
-3197
2734
-2554
8618
2109
9977
5548
-1300
8194
-4744
-8937
-9372
4371
-1505
4416
4282
8133
-2598
-8315
-7902
-5577
-5827
9309
4501
-9150
-2903
4619
-4670
-9365
7794
3198
3845
-6381
-5251
-4725
-8321
-784
1713
5326
-6820
-1788
-7959
4765
7989
1532
9218
5941
3150
-5823
3736
-996
-6796
-8917
-4378
-2189
-567
9183
3013
5431
1632
-2043
8094
-218
-9493
-3150
2729
-9929
7242
3516
-2491
-5511
-5517
-1403
2298
2115
3187
3248
-2098
9581
-7724
-2171
6994
1607
-5497
-5787
782
-2669
9544
8172
6614
-1571
-7745
9506
-9707
6750
-9928
4208
1389
3513
-9522
-5144
7903
-6471
-876
-8807
9423
2959
1141
8481
-3592
5931
9412
5264
6650
-6442
-4221
-1287
-9397
2442
-8132
5257
3649
-4843
-529
4161
-9365
6054
-9721
-5055
1603
-2803
-6004
7344
2148
6950
8709
6051
-6203
-5676
1774
442
7715
-1535
-2290
1884
6053
2016
-3021
5005
1634
-3928
-2167
6837
3804
-5352
-8885
-9622
6223
770
2153
7565
-8562
-9195
3896
5787
9246
-3394
-5868
6645
9879
-2065
8319
729
-9485
5278
-9590
-5179
-820
-4416
-9203
5992
-1225
2398
7457
-6311
-656
-9779
-6359
-9899
-6428
-8506
8744
4010
3647
-2324
-2186
9432
-8601
-1433
8343
-2434
-405
7925
-7776
-1557
1170
-5065
1639
3382
628
-8919
8091
4376
8567
8943
9867
-9670
-3801
9565
4216
8090
-2737
-6914
-8385
-4495
-338
-3195
-8056
1647
9281
-7140
-1080
4113
4088
-3149
-5852
8114
-4579
-8511
-5836
-339
6264
-9106
7906
-9579
-2943
-6940
-9851
-8836
-1200
-5648
6263
1084
-947
1826
7030
-9906
-619
-5804
-9389
-1679
2280
-9767
8566
-86
-6950
-3736
3018
8837
-432
-473
8327
-6429
-3114
6420
-4888
-4600
3340
6330
4472
3442
-9538
-8447
7109
510
-5688
5635
-9303
288
-4100
6704
-544
-6922
3731
4123
-5757
-4449
3707
-2333
8922
-9064
-6838
9404
7301
-9085
-2172
3843
125
948
4276
3092
-3282
9859
-4326
-6572
-6223
3435
4756
-3825
889
-7377
8485
-4286
-7477
-8739
-1749
3944
9884
-8469
4071
2815
3093
7332
7076
7223
-7472
-6746
1655
-8560
4617
7363
4303
8169
5793
3651
340
4677
-767
6555
5579
-3302
9621
-8361
-8551
5690
997
7288
-1882
-1342
-2887
6918
-35
-2355
8673
-284
-9939
5735
300
4471
7738
-6351
70
7142
-7705
-2217
7258
6350
-4961
1902
3076
7709
-81
-8672
4464
-7054
3526
2277
7306
8344
7245
-1571
9725
9982
-1785
-9686
6163
4210
-9325
-3339
-3217
-325
6633
-2919
-6369
-4204
-1304
4402
2733
8532
-441
2625
-523
-7605
1949
-8170
-1021
-1694
-6150
7792
-1904
7087
4743
-9559
-7646
-4
-6363
456
-8877
6017
-200
-6979
-3048
-9541
3945
-1671
-2445
-9906
-4662
-7672
-1248
-481
4922
-847
1869
-2468
2210
9159
4166
7938
-4365
6178
947
-6632
6143
9381
-9938
2109
-2763
4220
-3471
6513
215
-5454
-9690
-5773
9039
9408
-8999
6346
8540
1618
7962
-8941
-898
-838
4838
744
1219
-988
-6750
7714
-4313
-181
-5064
6121
-4150
-7603
340
3370
-5960
-53
-9760
-5177
6009
8153
-1467
1381
296
4714
-5838
-6925
-8518
-5334
-2767
-2124
8934
-8015
5687
-669
-1189
1258
1763
-4072
4767
-1216
8904
-2290
-2049
3982
8699
4258
-2196
-2443
4345
-5855
6334
5832
1889
9660
543
4396
8233
5801
-5429
-2198
-1571
-7895
-7395
-7188
3216
-1474
-6530
7007
-7159
-2798
-9115
1080
-4261
-1375
6043
9472
-7190
-1243
4499
-9459
-8138
1424
-2877
93
9629
8420
2409
-8918
6058
-3376
4449
-1746
1139
-9415
-4333
7011
6890
-693
-9406
9431
2
6525
2222
1929
8444
4217
-2590
2520
1609
8603
-522
1200
6757
8875
-8445
1057
-2023
-7947
-7445
8951
8597
3926
-1873
-3176
-3758
4314
-8692
-6262
9310
-8854
-9396
-2342
607
1280
5770
-5626
1209
4714
1797
6889
-1263
-7336
-3635
-8617
-5206
-3546
-5439
3076
-6316
8332
7853
-8889
6932
7460
-7528
5079
7193
6416
-9628
3682
1118
3900
-171
2571
1154
7818
-8107
9200
4076
4487
-8449
-6602
1341
9791
6742
8046
-8489
-7212
9461
5240
7560
-8550
-1440
1084
-2177
3963
7467
-5870
7667
3358
8274
2454
5979
-9130
392
2773
-5552
2975
368
184
4928
97
8590
-635
-9756
-1327
-398
-6651
-3347
9103
6716
-9859
-8428
-9845
9201
4363
7431
3114
5125
-8302
-9915
4481
933
9842
8929
6191
8443
4315
1449
-4031
-5656
8144
3063
9459
1371
-8393
-6014
-2739
-5294
8521
-8852
-2613
8329
1682
-5512
-7985
-1902
8765
2421
6546
9684
-84
8918
-1954
355
6164
-6986
6317
1167
-2861
3258
-686
-760
38
-404
9582
4207
7543
-3731
-8550
-9815
-3419
-5080
-2936
-1169
-4799
3869
-3712
164
-8768
-5955
-3750
1585
6663
7922
-5716
-1868
-9138
7017
8549
6776
-1715
3555
-6405
9348
948
7234
-3713
6397
9346
-6586
7444
-4017
8264
-8925
4892
-3470
-6020
9785
-3523
-9388
-1398
7678
-2962
-9771
5676
8050
-6601
4277
3152
3127
-8711
3777
8557
7635
-9041
-6800
8745
-1342
8115
-813
9060
6322
-3697
9918
-6588
-2242
8210
7738
-1508
4464
3236
9310
3443
-6299
-6302
-7004
4637
-390
2248
7760
5144
-3733
508
-3712
-5537
-8896
7793
6571
8503
2135
-4305
1269
-2682
1888
8758
-9807
1784
7900
5185
4753
1896
7152
7936
4160
-8072
-4976
8276
668
-1405
-9313
-2735
-6520
-4649
-7435
-8377
-8462
116
6010
-3300
8004
-9877
-3267
-2799
6826
-1428
872
3691
5208
7630
-2941
-2825
7908
-1743
4658
-222
-7894
-6223
8322
-4426
3476
-5054
201
5050
-9635
9274
-5126
-5847
3737
-5717
-7405
-9013
1578
-1565
7730
-7767
-6114
-9234
3994
3456
1199
-5813
65
-2836
9889
-4565
-6855
889
7611
-3951
-7390
7511
-3104
1691
-1766
236
596
7093
-2178
-6623
-968
8192
-3280
7705
3968
-6118
5993
8262
8681
-8871
2300
-7532
-1555
6703
-205
5363
-6022
5488
-5336
-4906
5445
9410
2096
-5814
4057
-7808
7616
6148
9440
6929
-9944
-6450
544
-256
9714
-7313
-7941
-460
-2900
-1251
-7045
-184
-7700
-6429
2495
7560
5493
-8456
-3760
4060
-8662
-4362
4572
5680
-1196
742
4787
-6922
-6105
-7092
5827
4877
-7276
-8436
-923
3785
-6786
-974
-9000
-6582
1077
-151
-7118
9820
-2352
-1795
5420
-5960
-6834
2794
2316
-6015
5388
-8300
-6735
4943
1184
-9152
-7431
-3068
2501
609
1400
-6129
1266
6692
-5003
-536
7360
363
-2989
-3444
-80
-8718
8135
831
4180
6611
7599
3833
5482
-6087
7752
4144
9171
1617
-3009
-985
9315
501
-3875
7891
-3246
-5352
-5375
-5810
-509
6666
7836
-553
-5599
5446
8885
-2029
-6799
-3399
7664
-2145
-2415
-3753
-4553
6157
5880
-6572
-4293
-5995
-8701
7530
-3247
8340
-5369
-4601
9757
9946
-1289
4047
670
-7256
8492
-9172
8963
3442
-2295
-8167
6041
-6254
8613
-3957
2412
-6721
8803
-2411
-6390
-2663
-2515
-4082
-2594
-3492
-3676
-6666
4904
-9575
-7620
-8356
8978
8205
7821
-7314
-5446
-1543
4074
-5878
583
42
-2190
-1193
-2865
4548
6234
-2521
-5057
-7143
-4206
-1032
-163
-8350
2210
-7991
-1773
-3414
-2436
-2848
6682
-3177
-8721
-2779
-3114
-7292
-5326
7408
-2166
2948
1885
6
4449
-209
68
5398
9953
8396
955
6611
-6193
-8272
-2611
-4877
9322
-7350
265
-6936
9168
-4784
-5218
2756
7258
471
5472
8560
-2481
5303
-4585
-4643
-4101
-9698
-8325
-6310
910
5246
984
2261
1727
-460
-7908
7086
7988
-5522
-257
-6665
-9676
-3811
-8497
6155
7994
-4735
7923
-8217
-3817
4920
-4631
9295
5804
-1044
-1426
9426
-6670
-4341
9313
-1310
6668
3246
2483
5850
3699
-9161
7414
785
-1193
-9879
-6352
5002
-2319
5764
7552
7150
581
1677
375
-3789
-591
102
-7905
-2089
-4885
8627
5481
4816
-7929
-2630
-1950
2850
913
5157
3847
8718
4113
1508
-2970
4894
9149
-5565
-8412
-7614
9186
-2521
-3239
2634
56
7099
-171
-1509
240
502
-1178
1215
-2151
-7694
1281
-7074
-8865
-1046
-7705
3287
-9334
-8434
5541
-4833
-8271
5006
5991
3181
2961
8901
-7189
-441
3709
8782
-8608
-1568
-8894
1093
-5484
-8166
1859
2750
268
9260
9676
3259
-9083
7104
-4401
1955
-7793
-7878
5316
5154
9575
8310
2194
5147
-5018
-1086
-5256
-4240
7495
9084
8821
-6370
5240
-7334
-3269
3484
-2485
-1296
-4900
2138
-314
-9702
9572
-9184
-4187
-4284
-7988
-9678
8139
6514
-6684
-5746
7148
6660
9088
-2959
3978
8709
-5828
-3020
-2579
2921
-7683
834
5463
-4572
8088
6385
-6475
5675
3009
-1640
7485
-9923
7973
3798
4700
2338
-6549
5095
-7864
-7886
-4786
7823
-8630
-7266
3181
9751
-1520
-7420
2221
-4459
-2823
-3926
-3231
1772
400
3643
-8758
-2226
230
-5557
3411
263
-1117
43
-9659
9768
8397
211
-4701
5581
9440
6754
9374
4615
6836
5661
9264
-9288
9904
4631
-6992
-5637
-944
-3797
921
6280
-7739
-405
-3957
-7968
744
-8076
-8882
1462
9115
-9535
-6483
-2956
-7333
-8587
-4867
-3532
8475
8929
-2661
-2799
-4700
-1662
2627
-9699
-5032
-5079
-8397
-8202
36
9834
-8975
3115
-5760
4081
5271
2661
-8709
8624
-6960
-1036
1368
-6933
7327
6058
4401
7009
4623
-5931
2288
3910
-9194
4196
-1255
5154
9470
617
-9512
-8413
-1752
7640
-9963
1633
-9753
2881
699
8407
-9248
1575
5511
8282
7690
5843
2776
5660
6055
6211
7800
-6857
7043
1739
9594
70
-3043
7062
-7407
7745
9588
6709
-8094
6214
-1666
-8196
8779
5649
-1553
-2727
8946
-5937
-4317
-1944
8892
9462
6537
1951
-8716
-4155
-3034
-2112
8325
-2299
1037
8972
8744
-4130
8227
4893
-2323
-9575
1056
-2562
3697
-7146
1070
5826
-1958
6316
-3118
-7567
-4329
3312
7097
-1304
-1844
-2861
-3073
-5444
-4853
9016
2995
8262
2002
-7858
-4995
9509
6572
-6948
-2507
-266
9164
-5568
-260
4801
8426
-7196
2617
-2336
3887
4298
-7717
-2672
-2952
-7545
8039
5254
-9141
-90
-1020
-5592
406
4853
-7673
1684
6949
603
-525
708
-3131
8038
3225
-6628
8942
-1779
4937
3685
-927
-4172
6047
-2060
7772
-6245
-6203
-3343
-2040
214
312
-1321
6239
2062
3572
2654
-7567
4925
9920
-9830
-2746
8222
2129
918
2957
1335
3750
-7872
6802
9889
6811
2540
-4340
-9385
6567
8159
2611
231
-4756
-199
-6838
-6300
-8114
5647
9501
2060
-3344
-8806
6173
3178
-1006
2834
-4937
7546
1611
2388
-9889
-3578
5276
-7582
-3817
1381
-4814
2630
4159
9229
-5342
4255
-8623
6058
3481
-2839
7718
6911
308
6277
-4861
-5897
-2477
9775
-4686
-5427
2153
-8841
8748
-3532
5600
4712
-8487
-3769
-8462
-3046
-863
864
-6509
-751
746
-1714
8390
1186
8228
5495
253
4755
-66
6222
-4357
-9680
7882
-5260
-8129
1209
7790
4527
7115
1691
-2013
-711
6151
-1203
7627
-249
5434
8440
-3066
1581
9637
-7209
-357
-4782
-6633
2389
1163
-6778
-5621
-7253
-1498
-6686
8845
8397
164
-1574
9366
3074
7219
-4912
5940
-2950
56
-1068
941
5937
-6534
4973
9161
-7940
-1271
-5673
-3672
-9316
-4270
-7088
3287
763
8731
-8517
-4872
-190
9515
-3075
-2122
5969
-1787
6846
-9362
2887
-8889
-9586
7724
-2735
3125
-2885
-9247
-7509
-2066
-9645
-7807
9986
-3344
51
6532
2280
-5671
-6512
-7980
-8287
-9746
-8342
-9042
-6977
-4761
-1741
4488
-9898
4832
-684
-4928
-9475
4237
7846
5379
2331
2442
-7439
8976
-7781
-5848
3464
1000
266
9651
-2755
-1412
7771
8897
7047
-5582
7254
-7912
6856
-7191
7372
-8055
-4932
-4973
4243
-7907
-2528
-6053
1897
-5160
-447
560
4556
5256
1191
-9882
9895
-4987
-466
5226
-6510
5538
9473
-6794
5759
-939
2612
7791
653
-6112
-1723
-5631
4789
-6920
-6281
-1805
1200
4036
1007
689
4838
7568
-7785
-8061
3399
5744
-2195
-4484
9055
-5707
-5776
-3526
7596
5125
-7193
2112
-5798
4271
8027
-4379
7507
-7803
2156
7318
5578
7323
-8689
6832
7108
9208
-2926
-1015
4681
1127
-3172
-2418
-4666
3524
9067
-4767
8240
-4803
-5657
-6971
-8232
254
-4426
7942
5878
-9257
-1273
-4615
-9872
8870
-2986
9876
8673
7598
1437
-8364
781
3719
-7125
-3593
-4294
9193
3570
-6984
-8346
-3435
2137
8128
-4067
-6917
-3731
-4324
361
-6106
3251
-5881
-1257
3410
-8392
-3847
7724
-9585
4552
-8030
7245
9753
-556
-2347
6857
9565
832
-2594
3555
-5382
-9148
-5411
-9082
9515
-84
7263
-4709
9968
8114
3968
2811
-1792
-3000
2547
-3340
5108
7088
7642
3873
424
-4375
185
-380
-3867
1360
-8950
-5721
-4314
5161
6097
-724
-5966
-9019
3213
-3430
-1222
-9794
-8143
5668
6870
-4922
-9861
3132
155
-1483
-5917
-7399
-4516
5908
9562
-9622
5036
6979
-6616
5796
-6821
-6140
645
709
2036
9528
-2161
-1380
2052
-6956
3151
-9144
-3117
722
7893
-9988
-8718
-1072
6627
-6279
-7058
-5079
579
-6658
4808
-6587
3303
-3951
7209
-7930
5696
4703
2756
5201
-4111
-2570
1512
9590
-133
-9524
-6082
4750
192
5745
8967
470
4900
-1315
-4117
3132
6885
6887
-1246
5376
6380
-4842
3096
-9580
6515
3867
-9135
3327
7718
3132
2216
-4594
3649
-7196
9289
423
1607
-9399
-2273
-9757
-2911
4600
-8689
-2461
-8802
-430
-6186
9692
-9388
7717
-8264
-2322
-5751
5867
-8472
-3482
-8481
9610
6089
-4827
7538
4768
9090
7092
508
7872
-4873
-9848
-6001
-5379
2039
2281
-8613
5139
-8933
-4813
716
4282
46
-9294
-2930
-1502
-6680
-917
839
-8047
-3350
7113
-1482
-729
6971
7057
7839
2606
-2489
-8472
5082
7556
5691
8907
-6217
5916
-8165
9704
-3971
7602
-3746
-3148
-5561
604
-4757
3571
9353
6631
-6681
1889
-7053
-4269
-5318
-2880
-2940
369
-5639
5551
9741
-4659
-938
-975
-8861
9255
8785
5565
6019
5041
-3984
-9420
9305
-1736
-1008
1547
-3805
129
-3469
-8959
3784
678
-9009
-308
3719
8665
4810
-3555
-6920
5806
1120
2847
3942
-286
8218
6274
4414
-8375
-1603
-6151
4806
-4688
-9028
-5948
3345
-6215
7701
-550
-2121
-7028
4651
-9999
-9372
2475
-8003
-3966
3919
4402
3637
9352
-9757
-2549
3315
923
2115
2036
2009
4836
-5361
5547
-3915
8403
5323
-6508
1283
815
-3259
284
2832
9855
-8321
8934
5357
-1347
-424
2276
-2466
3486
7802
-6787
-1729
5917
-8739
-4235
-1702
-5278
4417
6260
-4442
-2948
6370
8721
-4190
2630
9916
-6228
-5881
5814
-1031
2445
-3326
7354
112
-7659
171
5681
-1003
-3192
6461
-1212
-2841
7582
6633
-3426
-1998
-3989
4820
-6807
-5175
1815
-5633
-9536
6392
8329
-7754
-1346
-1624
-2416
5264
8323
-3679
7466
-1111
8252
-5311
-2689
4487
2390
-2874
-6245
-5716
-7498
2275
7215
5142
-6267
-396
5268
3436
-257
-5452
-4127
-915
-4320
-6459
9324
-7583
-9893
-3632
6599
-8408
9821
3314
-5989
3040
-4247
4005
6636
-4737
2917
-9698
6005
-5948
5600
-424
-1460
-443
6845
5164
4479
-2242
3712
5328
7062
-5818
3901
6566
4768
2253
-9755
-9996
-6630
-7494
-100
-5319
9909
-5197
-4742
-5154
9981
368
8308
22
5868
-5669
6621
3557
3141
-1662
-5611
3218
-5636
3145
-27
-4039
-9105
-9547
-947
-8153
-7877
-4442
9420
-4996
-4141
-6518
-1473
2913
2896
-3284
4668
-2070
6832
7022
-9882
-4896
-5399
-4743
2576
5019
-9246
-5886
-5071
4783
-7011
-4350
9963
8430
2868
-4858
-8638
-3682
-7574
-9846
-3876
-3329
-8604
-1444
-8641
5730
-715
1488
-9515
3984
-5560
7020
-8989
-3896
8701
-4944
-482
820
3422
2282
-830
5313
-4167
8047
-2633
-9953
-426
-9100
2984
4889
-100
8530
6609
4684
1368
1289
-8441
-138
4819
-4165
6124
5297
-5291
-714
6300
-5731
-151
-4085
-3830
3374
3328
774
-7237
9864
-5541
1445
7403
5473
-21
-9598
-5866
1744
-9586
5644
-3951
-1636
3534
5262
-1430
-1315
-7971
1323
2349
-6903
9237
-2677
-3051
-5461
-9418
-1228
-6937
6167
-5638
-1880
7659
-487
-8109
-6965
7425
2103
2949
3157
6295
-4616
-7369
7056
-1470
-846
5535
-7319
-8045
8697
-5491
-2658
3799
2832
3224
8836
3955
-1962
-2934
2902
4932
6859
7435
-4222
-3539
3136
9514
-5561
1600
5311
-2657
-2262
-2925
-4198
7053
7630
9296
442
-3071
-1948
8204
2872
624
-1890
-455
-6633
3801
7564
198
-365
-5344
6513
4336
-6893
2388
5429
6614
5535
-7298
-9678
6201
-2557
223
-2074
8361
-9160
6316
-4845
882
7185
-3856
-5710
4737
-3093
4607
-887
3217
7110
-8223
6265
8928
-3339
3237
455
-8554
-1638
6868
8275
-8924
180
-7718
-3281
6725
2553
1006
3878
-4038
-7378
-7470
5392
-4728
-2379
-938
-9281
-8491
-4557
5588
4345
5494
-4576
4844
-7309
-1147
-4915
-2986
-8850
-48
-4465
1161
-9806
5104
1973
3895
-540
1969
3755
7081
-8331
7418
-757
-6509
-2379
2313
2212
9374
-3321
460
-851
-6563
-242
-5013
-5334
-7122
4808
-9896
-4443
-998
-3991
3769
-591
1181
9252
-6769
-6213
-5236
-564
-5263
5431
-4677
7113
8678
-8639
2032
7058
-7464
-9559
8198
-4995
2051
508
-1736
5473
5620
-709
-7291
-7606
3928
706
4430
799
-1912
6505
6953
-5491
-3676
2405
8910
9202
8318
-222
9373
-8377
1678
-8640
4363
8261
8563
-8248
-6137
-1322
-6583
-2793
6399
-2151
-1652
-160
-8960
-2425
-1170
6277
5104
-3589
-6113
-1157
5423
6782
7028
-972
7664
-4241
5727
3
3716
7147
1883
7632
-8313
-3611
-179
5808
-888
-7123
-5684
5172
9659
8502
-1399
-3213
-7400
-2036
-2906
-4623
-1792
1364
-6271
5799
1368
5695
-8718
-7206
1258
8375
-6866
4426
-1142
1147
6065
-4386
-2910
8747
526
7416
7360
1434
3018
2269
-9953
2978
-3888
7198
-5949
2436
1025
-2326
-2881
-8351
9117
-7998
-279
3553
269
4328
-4958
-4444
84
5313
3366
8819
-9376
8441
-2484
-9778
8964
-79
9116
1396
-8432
-5466
-9304
708
-3252
329
-8008
9221
-2141
-8422
-5798
3334
-2917
3138
-6559
143
-7843
8630
2465
-5812
-168
577
2220
-8234
-9433
3966
8679
-9666
-9149
5001
-6867
2758
3264
-6434
-2891
-2949
2918
9976
-5854
-2053
-4711
9516
-8726
-3879
-3347
-9034
1393
-9429
5773
-1207
-594
-2321
828
6345
3045
2237
4489
-436
1654
5755
3520
2707
-2440
-2641
-3444
-3619
-5929
6395
4140
-7969
5370
-9871
-4088
-1410
-7464
-33
-2454
-2711
8691
-7785
-7716
6181
9118
4375
-2606
-2561
5592
450
-665
-6683
5711
-6119
1251
-950
2326
-8327
-3474
-3043
-9891
4295
-6195
-4631
-2885
3694
9528
1064
-820
-668
9787
-4941
9349
6070
6105
6357
5514
-6374
2195
7630
-6279
2850
-3582
-3388
-4681
7027
-4522
-3349
3243
642
-7118
-4707
4066
-1787
-1636
6482
1949
4832
-2765
145
1744
6353
-941
7823
1123
-7661
4001
7336
-4559
2208
3171
-8064
2156
3180
826
-7181
7843
-9599
337
279
6924
-6512
-7890
-3247
-6719
-9710
710
8482
7429
9199
-1906
-5442
126
-7629
218
-301
168
8391
4936
-3989
4933
6313
7018
3581
-812
9327
-626
5923
-810
5462
5046
6480
5013
-9840
284
-8222
-1968
4258
1266
-4413
1179
-1404
5525
490
-8966
-2248
-5238
7411
2558
-4108
928
-4678
-2392
-255
-5119
5082
6163
-1824
9161
1069
-3579
-5814
734
3622
339
-5561
2429
-8340
-9716
7462
6842
-5182
9828
2833
-5915
543
-6447
6132
742
6859
-1561
5325
-3451
-8646
-3596
-3321
7798
5794
-4049
9135
-9079
353
1548
557
8971
-3833
8580
-2443
7167
-2267
8339
-15
4346
3713
2401
2990
-4802
-5417
-1285
-3722
3153
3286
-9843
6386
8894
2173
-3783
1296
-3830
-6522
-6684
7844
-7097
-9853
7074
-2943
4987
-8387
-2805
4815
-5184
-2385
-3548
6488
5585
4032
9076
33
8713
-6971
9264
-6127
-1592
5438
-4766
6836
2223
122
-4441
-3490
6530
-9843
9778
-1549
4069
-8157
-9447
-4819
-2435
-7647
712
-5151
3500
-2479
8649
48
9119
7277
-6974
3654
6021
5203
-4079
-7737
6496
2217
7315
9503
-3279
4543
6504
-2033
-1253
916
-9050
-6704
-8107
5836
-6644
8514
7641
-8002
1128
-6629
8379
-8872
7969
4449
-5978
-4218
5022
-3000
-4364
3199
8313
6256
1523
-5155
-3550
-1553
5579
7015
1521
9864
5556
-4051
-861
9874
-1383
-8623
-9207
-8226
4
6498
9848
7046
8445
-3264
-5519
-2246
-8331
2637
5539
2868
-7522
7088
-484
-2241
-5692
4832
-5618
-9349
-3144
-3480
-6776
5405
-3606
-2876
2339
9293
-1316
-4743
9556
-7325
8016
0
-9666
2584
7330
5338
-790
-9531
6348
9733
5527
1397
-384
5396
-11
8015
-2358
-7763
8392
9777
7436
99
-5067
7771
-3597
6800
-7920
8199
-6800
7640
8472
-6889
-8788
-5846
-4628
8311
1375
-441
-1726
3378
-3679
-4411
8770
2783
9892
-3089
6453
5582
-5747
-4832
-9504
247
-127
-6137
-9057
8593
-5051
7588
-7889
-4430
4797
-9471
2686
-1414
-6223
6613
-5493
8531
-7039
-7146
-3429
6327
377
-9350
-6130
-3302
3477
-8454
7
7026
7432
6766
6149
4117
-9593
4527
996
914
3613
642
6972
5556
-5635
4315
6256
-1585
-3049
3404
2405
-2263
56
-2254
-9839
-7183
7251
5656
6741
-5230
-196
2605
7254
-7291
-9637
-7705
-6624
6458
-2383
348
-3239
-2164
-8042
-1227
-9844
-1351
1461
-7765
-8937
-6646
-878
-228
1474
2492
-4159
7228
548
314
4420
-4653
-7551
-5541
5949
4506
-8597
-8333
2803
-2752
-4272
178
5109
5171
337
7528
-2012
9903
6932
-2683
9085
9193
7779
4474
9379
2899
1394
-5365
-9136
-8752
3017
-7742
6351
-6044
-3499
-3231
-8929
-6832
-9259
9306
-5798
-8940
521
540
3978
6668
7478
-6453
-161
-7108
4439
-1953
4204
4691
3857
2227
5256
2985
6572
8899
5213
3980
-2796
6760
5871
7746
344
6795
4187
2463
-7055
2039
7664
4632
-8362
4010
-6320
-9315
-7792
2122
-5565
3438
8473
-6281
-5224
-229
-7514
1094
-1925
6099
-4407
-7587
