2240
6917
-7986
-4480
-4875
1111
2501
-469
5866
-4527
-6382
4257
6196
9748
-8134
5940
836
1120
8876
-5435
-4420
4738
8883
8213
7354
5074
-7092
-3393
856
8036
-3420
8680
841
1103
1647
-427
-6407
3167
7533
6675
6512
-4306
2107
8683
-6988
200
-4014
-2319
8388
-916
-7457
-3664
-8309
-2465
1790
228
1774
-3604
3618
2283
-8181
1695
-8982
-739
-8638
2800
8479
4974
263
7474
8302
9631
7533
-965
-56
4474
332
7940
6979
-3045
3467
-9800
-416
8778
-6797
4758
6755
-9478
2956
-6524
-2227
-5662
-8217
-4002
4683
5518
167
-4597
-3873
-6177
4103
-4931
382
-7717
-2128
952
-1289
-9493
4563
1120
-9265
-303
-5018
-6630
-7611
2265
-3712
-1879
124
-9435
-5031
4620
-4597
1164
-5
5047
1065
-6599
-4873
5177
4437
-5880
1508
6339
-2543
8373
7930
-6986
9066
4986
-339
2617
-848
7594
8657
8351
695
3142
-5464
-4447
-6241
9434
7464
-4772
-1786
-9285
-9940
-5810
8265
2815
-2605
-7927
8913
1907
6292
-3
-4257
-2553
438
5899
-7200
5697
-1024
9455
590
-7252
7269
-9075
-4107
-4863
-9949
-896
-1199
5575
8733
-2972
1232
9499
-8684
5213
4435
3272
7097
1270
5475
-5121
6365
-4609
8875
3126
-7496
-3250
2452
-6678
-3636
6594
-2165
7360
7234
5082
-7609
6982
-3262
1970
-6116
5790
1744
8906
3082
5677
5839
4381
1348
-1720
9094
6288
5955
-2023
-4656
3389
6112
8234
6825
-7588
-2450
3367
-4949
-9165
-7244
-757
4138
6409
3890
6459
6131
-2158
-8833
-7963
-7925
-544
6606
6780
4518
-9661
8627
7070
-9365
8241
-8361
-8402
7977
6200
8183
-4419
9792
5041
-3015
9705
669
-4318
-2615
6563
-7878
5940
7693
-9620
-5921
5474
1376
-4682
1564
-8387
-7263
2297
-477
-8419
-3249
-6078
-1117
-1229
-4350
5376
3958
4664
-5357
-8551
5972
4061
-4254
6577
7362
-9740
9445
2067
4125
9544
-1964
150
8887
-1083
-3769
-2478
-201
-5430
683
6609
-9898
6365
-8191
-8763
-3835
-2774
9001
1798
-5302
-7336
8750
-4327
8396
-8841
3286
1244
-4600
6680
-4428
932
5763
9403
6861
3496
-9151
-5591
1320
9425
2218
-2766
4858
-2905
4903
7850
-2338
4697
-2675
7788
6917
-5862
-7186
6802
-8860
3306
9689
-9428
4593
3323
-90
3583
4156
5168
-6666
-3500
-5273
9519
-3983
6627
-4054
-5104
-4336
-1969
5330
4193
7208
9811
9055
-4196
-8135
616
-2732
-4264
-5383
-2522
-7095
-639
9637
-9001
-3491
-2029
5068
2377
-2178
-3679
933
4800
6440
-4843
9146
-542
354
753
-9106
1908
-7194
5665
8645
6679
8267
847
-1640
5631
-1862
-323
8786
-8403
-1559
-8994
5847
-8843
9404
1535
7578
5373
-2967
4727
7004
-4251
-9816
5508
-3456
7775
-9920
6207
183
2121
550
2395
-9246
8134
7694
-4170
6052
-5183
-1172
-815
-7811
-6841
-7472
2110
-9063
3214
9064
4314
5989
-9813
-5847
453
-3616
7429
9559
647
1792
-2466
8298
5789
5986
98
-344
-6098
-2269
-870
6824
-3082
-2674
2204
-7445
-4429
7488
5738
-7504
-7263
-5355
856
-2828
6314
-7154
-867
-5417
-1102
2347
-8068
-1416
-8245
-8049
-1990
1351
-7913
846
9078
5613
-6224
-8277
9933
4475
7279
-3679
-7005
-249
-7038
-8231
-981
-540
5724
-7669
-3178
-5142
8459
-1463
5676
-8467
6976
5647
648
-4575
6555
2793
9361
-9206
-8230
2772
8635
5430
5926
6512
6078
-8709
6363
-6449
-5110
2838
6465
9601
7824
4519
-149
1712
573
1290
700
7950
6022
-6696
-7115
3557
-7679
-2906
3542
8738
-2353
-6291
2733
813
3116
3731
662
3003
-5688
9834
630
-3708
9175
-9555
8707
-5068
7503
8586
-4668
6607
2369
1775
6643
-1270
-6091
3412
155
-507
-4718
61
877
8115
7815
6482
-1110
9085
9680
1432
7727
-8841
-8544
4827
-9857
8498
-63
-1551
2055
-4478
-6805
5226
-28
1418
6024
5052
1524
1131
-2817
4553
-9833
7096
3589
-9042
6218
7552
-5191
-1573
-363
-6142
313
195
5620
-6802
-3886
5128
2948
9851
-779
1667
-1981
-5798
-509
2582
6247
-2844
5521
-5089
-650
6027
-9934
5773
-6055
6119
2064
-8817
-3714
-2824
261
-4754
-5089
-4520
8637
-3137
2493
3886
9881
-2537
4555
-8410
586
1685
3683
3713
-9593
-7998
7095
-1485
-5071
-549
-619
7484
-1123
-6573
-4308
9370
4890
-542
-5758
-8201
2799
966
-1333
1438
-5385
3090
9681
5362
-557
-8027
-1692
5714
1036
-1078
6928
6337
3126
6699
5120
-1099
6007
-1741
2392
-2337
5553
3672
1548
-9598
6638
3099
-3926
-7100
-1101
5139
8090
9930
3240
6158
-8155
-9567
6799
8146
7764
5894
-8089
-5590
897
-8237
4884
-5077
4196
1265
-6195
-7446
-583
2552
-5610
2567
-6063
-6024
7653
1596
792
-8350
-7076
-6930
3195
5283
-5425
2837
-7115
4432
-7854
-9334
6210
-4004
1793
604
-334
3511
6319
-6509
-9256
7417
-7045
-1643
-3348
4362
-984
9099
5755
-1900
-7753
-1602
-5302
3097
5609
-6373
4984
7847
758
1218
7745
3770
-4190
-4209
-493
8777
32
8387
-167
-990
1698
-9885
2469
400
8820
-2532
-3698
333
-7926
-6161
-8259
5249
-4816
-3033
8008
280
6790
4982
-1119
-465
-1345
-9046
721
-2032
-9112
-371
9103
4725
-158
-2754
6909
1496
-6637
5631
3710
-2177
1973
-5663
-1174
-787
1517
-4444
3962
5176
8529
-727
7898
-3845
-5995
7820
5107
5321
7399
-6058
-9419
-7865
4805
-5909
-4558
1956
-5964
-482
4354
-8561
6022
-640
895
2077
-5958
4442
3857
4849
7645
-424
-7288
-3991
-5040
-1505
-2655
5142
9716
-702
3125
1873
-6185
-7652
-8974
2180
3232
-5893
4502
-6031
-2842
-6171
-5669
-752
2564
-1599
2929
7068
6627
-3793
3155
8010
-8345
-2837
3973
-7569
7929
-2872
-8522
-3268
3934
-3384
-6697
5926
-9970
-9367
4294
-4313
-6548
5232
-7898
6482
-4822
7520
-5525
3457
8570
-5620
-5866
7685
-7842
691
9718
8355
-7033
3595
-9119
4996
524
9543
-9925
-2869
-2152
6355
-814
-907
-3153
5537
-7524
2238
-7194
-850
9868
68
-9259
254
5446
-3475
1973
1962
-8816
-4944
465
-1628
9555
7307
4116
-2311
-2541
-5979
-3339
6293
-9680
-9584
2857
6662
-7632
9337
6766
-3164
5468
-1365
-5205
7130
-9674
-6613
7925
-5902
-3782
1281
-5537
-9558
-5971
-7597
7410
-9513
3681
-9542
5126
614
-7678
-6875
-2275
5150
6536
-828
-805
-1226
4483
6931
327
-1301
-7516
4778
-7756
-8016
-4746
-8913
6521
-1333
8771
8099
8831
-7175
-9862
-8660
6025
-1158
9323
-8408
-7948
9565
5019
9208
-369
1670
-4408
-3060
6535
-2579
-3783
5117
922
2962
-5150
3777
-8655
785
-4757
6304
6070
-7367
8104
3916
-1926
-8207
-6110
4079
-8534
3785
1517
7859
-3743
1357
-2343
6090
9675
2134
-3782
-3821
1836
-7076
-240
6529
-2477
-4698
9932
-4839
-9775
7139
-7266
-9258
-9593
726
-8158
-4087
1400
3747
4704
4211
6109
7312
9385
4039
9948
-9284
3260
4850
-3337
6037
-2494
-5653
-1208
-2239
-9127
-2546
6001
5493
4263
9469
-9062
7537
-3547
-9109
-9991
5835
-4636
7673
-2118
-2650
7325
-7011
1567
-8406
8337
-6314
-8497
-3697
-6311
-9105
7253
-1412
2172
-1746
7205
1378
-3968
-7130
4940
-698
2975
3347
7932
-3282
8514
4998
2161
6977
5323
-6098
8466
-9036
7644
-3957
-7809
8797
4472
-2109
-4059
-5389
-6249
-7353
8708
-2696
276
3748
9512
-9894
4425
-2947
8993
5447
-2738
9188
1415
7776
-9074
-5401
-4961
9411
6361
4408
-4342
2465
-284
9036
4154
-4555
-7552
6484
-5625
-7670
-576
-1108
4362
-698
8388
-5736
-6353
8241
8117
-6148
9873
-9858
5489
3375
97
-397
-9336
2638
-6427
-4217
1778
7809
9639
-3211
3829
-434
7829
5847
6527
-9070
-422
8546
-1013
7038
-8549
8912
8117
-2737
3635
-7304
6676
-2832
1771
686
-2624
9866
2280
-6539
-9546
8856
2948
-9283
9888
7715
-9861
6260
-2656
3034
4659
7776
259
-802
-8790
5893
7705
-1640
5665
-4011
7114
583
-2789
9595
6030
-991
-9865
-2383
2974
-1682
3975
-4666
2469
-5245
9496
-230
-894
1643
1512
-4028
8556
5012
8363
-2435
-7715
4817
7618
6353
-8938
-542
-6131
7187
5381
7307
7417
5404
1912
-9112
6918
2357
1184
-7098
7755
77
-2367
-2752
8657
7253
-527
-9592
-5545
9341
-6354
-8027
5023
-9209
3624
-3271
-1270
-8283
6984
275
250
-2891
-7040
5702
6538
2806
-793
1236
-9275
7059
-838
9070
4054
3215
7807
5904
4154
-3343
6754
-8993
-9204
-363
-5578
-6212
-6582
-6581
9703
6212
-3779
8094
-9911
-3660
-4190
-5978
-5056
-9549
6188
-1146
804
8822
-3597
-4133
5767
-3687
-3456
-3691
1341
8303
2436
6533
-9902
4958
-6210
5441
-8910
-2521
-7595
-6865
-3936
-1635
-9981
-3491
-837
-5260
2663
3359
5688
-8878
4856
-3460
-4657
1001
7022
-8644
-8771
-3516
-2850
1765
-3697
-2987
-4176
-1591
5359
6357
-3325
6337
-877
-536
8474
531
-1959
-6844
-9740
-4637
2933
3200
329
7601
-1601
-661
8910
5254
8266
-9384
7955
1699
2865
-6201
6481
498
7124
7567
6506
9741
4187
2658
5943
1009
6367
1298
2463
8381
-3300
-8097
-5880
13
-3024
5065
-5149
1486
-5174
-3383
5644
-1427
183
2813
-5667
8915
1802
946
4660
-1452
6892
5579
-9543
-8053
-8821
-3820
-140
-1316
-853
-8296
7278
1388
-9019
693
-1779
4616
5573
-3214
-7814
-7650
3531
4325
-8343
5806
-3152
-9185
3273
2424
-2805
-6704
-5309
2860
7847
6892
9750
3630
2601
824
8128
6159
9895
-6416
4090
4610
9228
-5815
2220
5811
-1737
-7223
5869
3350
-7883
9704
-6925
1284
-887
-4699
3057
-7464
-2215
-4313
6800
-3411
-6823
-4235
1460
-585
8535
-109
-410
-1895
-4939
8116
-1567
9520
5009
7906
-1954
1791
4099
-2297
-5658
4305
-1522
-8948
822
2481
4689
-6114
4586
-7379
9822
5339
-3055
-3319
-2142
-3852
2989
5068
946
-5833
3793
9189
-1946
-2716
7320
5603
395
-9963
8200
9913
-2050
6211
4559
6883
-2610
-9107
6309
-4141
1374
-4106
2627
8416
-750
-8240
-8157
6225
3358
-2771
-5983
4586
6547
-6012
-5281
346
6153
273
4405
-8123
-4805
9908
8134
4164
-4675
6684
-8552
4979
-920
-8413
-460
8475
-5755
-9267
-4984
-9995
1923
-9802
-8803
-2290
1197
1415
1691
7696
2155
-7636
-4780
8886
3301
-9536
402
-4288
6971
-2322
3804
-5124
1442
9887
-4358
7381
703
-708
7019
1719
5468
1393
-9955
-1979
-4646
8373
8042
7914
-1465
-6206
-9580
-1548
-6767
-3644
6680
7734
-1062
8632
-9218
2455
-6047
-2077
847
-9541
-3044
-6484
-167
-3348
-8726
-2052
-425
6116
8806
-9062
-8454
-9837
695
-4331
6449
8930
7696
-5445
-2709
672
-9096
4031
-1141
-584
9097
-4493
-590
-4630
-4670
-188
6260
-4264
-6536
-1380
-4499
4679
-6147
-558
-4844
6319
-6596
9748
-9380
3622
3321
-2395
975
75
907
-956
8961
8395
6000
8068
9079
-4749
-9532
7193
-8845
-1767
-3093
-3802
7499
5604
-4323
-6156
6510
-581
993
7886
-2372
-3077
6324
4315
-5063
7692
7320
-2247
-6576
-5634
-3239
7024
-8054
680
3146
-8985
466
9556
-8547
-6582
517
9534
9919
-4609
1959
9857
2998
-1594
-9993
9635
-87
-1715
8916
-2045
-4320
4860
-3426
5026
3690
-1053
-1861
485
-941
5903
8546
1448
-7853
-5579
-9236
-8532
8580
-9577
-4929
6871
6924
7939
7011
5391
-4785
-5726
-9994
7161
6781
-4510
-9624
-7825
-434
-9207
-8234
2794
8911
-3891
-6999
1557
-8119
1470
-8902
6009
-6483
2519
-210
5303
633
-8187
-7005
3147
6478
-4944
-4346
-9002
2232
1549
-8017
-7574
-2832
-2671
1371
-8710
379
7126
-9295
3357
-8346
4236
-1821
-4434
223
-3181
-3866
8064
-4215
5030
7888
6973
34
-9118
-5769
561
-3748
-2941
570
-9650
6368
-258
-4506
1537
4013
-6890
7409
-1428
-628
-3589
-5067
292
-3313
2109
-2795
-4476
-203
4935
1967
-6360
-7917
4084
-4158
-6375
2160
-7662
-4640
-2104
8229
-1546
-2601
-3448
1715
-4688
-4436
-2926
3357
7678
-7217
7829
1576
-1008
-5868
3733
6421
3834
8431
8411
6651
355
2464
-70
-3529
-6343
-8395
-2558
-9566
-4768
-4542
-960
6134
9347
-2706
8826
-8121
-1823
2222
-6798
-5285
-3294
-5027
2782
7770
-9882
2853
-3757
-5249
1348
-6001
9031
6751
-94
-478
1432
-8846
-5504
8171
-8046
4843
-8010
-6909
8601
-8461
1865
7809
-8638
-9343
7701
-278
-1772
-6345
6347
3056
-8171
6284
3764
-2479
-6633
-8168
9984
-2829
2503
-6050
8275
-3548
-3036
-4870
-3914
-1337
2448
2079
2314
-9145
7154
-2030
993
1558
-631
8621
-8584
6479
3286
-1569
-799
-9530
8498
6470
2626
-864
7978
1118
787
-2972
-6289
2409
-7274
5568
686
-2994
9307
-6483
-1175
7629
5234
-2743
-4241
4051
-9092
-9423
-2024
9137
-7348
3918
7927
-3075
9690
3707
-3701
-740
-8600
-1309
-5911
8980
-7193
-3655
-3733
749
6355
-7076
-215
-200
166
588
9851
-7764
5734
642
-9573
-2980
1988
-7707
7967
7475
331
-9148
-5637
9309
-7270
3943
-4877
-3827
-1055
4610
-4961
1184
5251
-4420
339
-5859
2140
5079
9082
-209
5286
-9973
-8994
-9147
2847
1979
-3650
6289
-7808
3634
-6412
-745
4651
9240
-6053
-4198
-811
-3316
-4571
-3625
-2153
-8242
-1967
-6966
8245
-1008
-8826
-7782
9300
-4510
8513
8248
-2339
-9259
9968
-5563
6216
-8467
376
-1279
-5393
-750
2815
-727
7279
-2429
9465
795
-6859
-6496
-3499
8306
6215
-3603
2016
-2939
-1487
-5667
9523
-3731
8685
-2931
-6683
-2530
-2674
-258
2100
816
1224
4157
1175
9509
-9287
-7919
1477
-1016
3874
8057
-6931
-6898
9959
8332
241
368
-3308
-7237
-2972
-2060
3599
-2879
3368
-8039
-79
-6571
1553
-9204
-3780
2997
9725
-114
3278
9862
-1372
-3332
-2547
-7303
3966
736
4719
9140
5256
9356
3503
4710
-6717
-8330
-309
9039
8981
8566
7332
3628
5414
8787
-1579
-8660
7481
-5515
-2230
-3910
8175
-5815
4397
-3339
-653
-8865
1048
-12
5712
5181
-8916
-705
-7759
4821
8458
3107
-9360
-7227
8681
5961
-5589
-6360
-2117
5077
2263
-7859
3587
