5780
7367
-4957
-2162
2196
-6415
3650
1707
5178
-2910
-8822
-4782
3145
-4719
-7006
-480
7799
4812
9790
-1379
-799
3756
2190
3042
4502
6662
3239
3443
-1266
-6323
9810
-5334
-8880
7077
930
-8224
7398
2679
-9049
5767
3456
-8653
-4699
5175
3366
-1874
2781
-9143
2780
4936
1778
-2190
-3403
6052
-5731
6926
3058
-2200
8796
-2658
-6119
3396
1352
9274
4702
1454
-2764
-8074
1418
1769
2780
-2300
-4128
-4306
7745
-8279
3538
-2169
-3154
-8972
-8126
-7735
-3570
-7778
-8965
9482
2955
6582
6779
-8945
4790
2410
-4462
4554
-606
-969
4892
8518
2467
6009
-779
439
3737
-339
2289
-1629
1715
6119
6230
8592
6358
-2486
-7257
-3563
-5275
-8638
6491
5995
-9105
2978
-132
-3866
745
9708
3623
-873
8279
-6471
-2691
3707
7251
-3757
9604
1456
-3999
-1140
4662
3666
7857
-3644
7871
-40
4319
-7725
-1977
2392
946
-327
-2928
-4578
5432
-9626
4351
6785
8713
-8750
972
7084
8278
-3327
-3028
-2892
6416
-1152
3607
1980
6246
-1752
3541
5732
2878
-4917
4008
-7129
4395
4804
2912
2159
8579
-1519
7896
809
-4071
7729
-8929
377
-96
-6418
1344
6642
2414
1682
9541
3139
1736
-1955
-8963
9182
-1668
5613
5610
-6330
-4305
-6305
1261
34
-2360
7597
8134
-6244
-7518
-1967
9021
-9907
-6275
-9026
3415
-3325
1031
-7789
9854
4788
4063
-3043
9127
6390
6379
-368
-4509
708
-9120
-4190
3858
5322
-9405
147
-2992
-1552
-9900
950
2504
-8305
8601
-871
-5184
-8070
-8022
-9978
8732
-3197
-6036
9550
5415
1494
4525
3527
-3964
2022
-8501
-9804
9535
-6051
-433
6313
-8155
6434
-5755
7255
2339
6773
7118
-2004
6894
8726
-1534
-8785
5756
-3259
-2291
8180
2483
2345
-5686
5031
5880
5170
4839
-557
-9460
-2793
1640
-716
-9137
3545
-8907
8121
-8733
9198
9390
5287
-2988
-9232
-5443
-1981
1648
-1324
-8092
-7492
417
9112
-858
-9647
5026
-3647
4562
5399
2555
1492
-9984
-8937
2299
-700
9015
5522
3398
-7554
-638
7637
8443
-7444
3632
1989
4896
6420
-4778
-313
-8178
8085
-5029
-5685
9992
5866
-7713
6802
9137
7252
9995
-6528
6871
-6170
9010
-6959
7953
-6088
5506
3391
5554
-6052
4648
7433
-9927
-3951
9351
-6525
-5387
-8059
8233
-5736
1798
4565
-5423
1835
4629
-3511
9601
-4053
-3720
1396
-8130
993
7015
131
7065
-818
5744
3181
5854
279
9966
-7588
-2798
-8841
9410
-5623
-6679
6328
-3273
8141
1877
8118
4708
9216
-3874
4135
-3587
916
8602
-4110
-9981
407
-82
-6846
-3223
6965
4515
6875
-2568
-6634
-2743
7217
9640
-6270
-9404
-2211
-985
-5615
3688
-3316
2230
6051
-9868
4028
-3363
-6588
2403
2489
-3015
9583
-9314
4139
9581
9264
-3413
3570
5730
-6478
-2666
-624
-9875
-4702
2788
4270
703
-7690
7019
-9414
5306
7294
4855
-9998
-1877
-7194
-3288
9034
6634
-9284
-5162
2555
-9649
4590
3543
392
-1176
7964
1053
4326
-9667
-5426
1667
-4871
-1083
-8588
-8845
8170
-150
900
-5780
-6589
-9012
-2344
5184
3938
-3461
1541
1486
9412
-7815
-169
-5579
9618
-4303
-3508
3773
1357
-7597
-3664
4711
-2063
-2558
7058
-9713
-5697
-7737
5122
661
8546
-4643
-7092
4779
2840
2199
3112
-9046
-4072
-5014
6452
9170
-5191
-5499
1628
-4517
-919
5790
-292
6921
-4426
-5174
9489
3192
3113
-8928
8511
3451
-771
6734
7207
-728
5517
-9565
6533
-9443
-1177
-2142
-7367
713
978
-9276
-3710
3903
9818
-9183
-1691
-5510
7081
-4962
1772
-9967
1286
-4670
-6497
4486
-4429
-9592
883
-9820
-8720
-5365
1444
4023
5619
4119
2461
5907
8977
-417
9064
9052
-3722
-9378
9383
1457
-2044
-1287
3715
6883
-3351
-2021
3061
-6893
5405
1051
6744
-1876
5
5756
-5437
1021
1640
-9663
-9180
1270
-502
7902
-2620
9820
-210
6198
8817
9385
-5519
-2940
6953
-8906
1907
4139
8824
7934
-497
-4540
-5400
3039
-9735
7846
306
7043
-3439
1136
4809
7484
-4470
1371
-2138
4687
-9375
5897
4329
1138
-1285
5684
-6475
1157
5679
8339
-837
-2721
2870
-1528
-6848
-6220
1470
-1733
-6081
4805
-9285
5523
-6037
7570
-1288
9442
6733
-5465
4372
-8620
-8473
-643
-1268
-6413
-9403
9333
4968
5074
4123
9996
-6563
-2028
-1178
-8022
6681
-4459
590
-1106
-3332
1964
1070
-4073
-802
9576
-7077
6172
-7072
6572
-1314
2545
158
-9594
3728
-1947
9601
6301
-1014
4725
5826
5160
-6683
9774
-9274
-479
-9312
-4950
1103
-4783
8034
2784
3999
7313
-2284
-9253
6654
6294
-8863
6168
4044
-6494
1569
568
-1715
5654
-6463
5064
7148
-9387
6481
558
-62
-7352
5166
-5847
3356
-1738
-9689
-1135
-3920
-5627
-4883
4847
-1686
-5416
-5475
-1588
-7516
7784
-9785
-7919
4380
861
3643
5042
4488
7793
2066
666
5289
5247
6166
-1050
-3733
-4979
7979
8888
7281
-1243
-9413
-1901
-3584
-1879
-4018
8993
4350
-563
-3768
-8489
3308
-9348
-27
2155
-7433
-2711
6271
4037
-875
4385
-104
-6823
-4457
4140
-4986
9093
6438
-224
802
-7972
2321
-40
6272
6756
4364
-3195
1279
-6965
6132
1802
-9955
8948
-3618
-4689
-288
1456
-9411
3959
-4386
-6766
7371
-1167
4710
-3336
-9390
2586
-9544
1845
-9063
-2693
-8440
6451
-8848
9807
285
6602
1779
7266
6942
-100
-4486
-987
-1036
-9111
2746
-43
-1667
-6278
-9121
-4224
649
-7054
4355
9008
1476
8325
-7813
-331
6885
3048
-4544
-1467
8194
-7113
-7272
6719
3097
-1403
-4969
-5894
-1452
-9406
-962
7242
1206
6183
2446
903
-7619
-5459
-3632
4109
-8913
-6950
4715
5866
6519
-5459
3718
-3967
5030
-3830
5068
8013
-2693
5754
8262
-7752
890
5916
-6865
2566
6141
-11
3113
-151
-1002
6759
7822
-886
3324
5996
9639
8027
8258
-1128
9327
5762
1848
2844
-3429
4488
-1879
6914
-5846
9956
3952
-9994
4507
-4880
4575
5392
-790
6258
-6348
6975
-3722
4718
2646
3328
6763
-3974
-5829
4421
-4930
-4023
6001
-8448
-5076
-9144
5623
8498
-6440
-8249
2413
-3332
7921
5230
6455
-5762
2601
-152
1844
-3203
6617
5360
-7501
-3413
-8089
5425
2292
-326
8027
-124
-2577
7882
5693
-2555
6747
-7253
7670
-5274
2915
-2886
-6067
-275
6319
-6002
9839
-675
-6743
7664
-7855
2000
2055
458
4528
-6742
-4586
7352
-2974
2189
4745
5641
7732
4425
-9773
4394
-5895
7605
346
1856
273
2243
353
-5519
3802
3538
9141
5996
-4115
-7620
-1526
-9193
-9761
-2857
-5755
6172
1445
9663
-7815
-4413
-2062
9241
-8871
5026
8102
-8906
6519
9815
-4084
2683
-9532
-2968
5677
3894
6893
9671
-401
-9118
-2414
115
-3892
-6594
4418
-3828
5410
-1210
2760
9888
-9328
2567
5338
5089
-7876
3084
902
8539
-7122
-2310
970
-6162
4866
-3055
-1144
2942
8639
6405
-4175
-1864
9056
3215
-197
1493
6330
3222
-3194
-2761
2096
6964
-4591
2836
-7356
5146
-1436
-5480
-7836
5917
8417
-8399
-3896
935
-6236
-9688
-9758
-5863
-9670
4460
8168
-4043
-3218
-6259
9035
-9699
-373
-5905
8448
6635
-6468
-7229
-6301
-928
-7951
1425
-9211
-7505
-1852
8567
7351
-531
146
-7636
3549
2773
4751
9812
-4402
-9132
-6767
-5872
-6393
-9272
4487
-9545
6474
7576
-9741
-5197
-2703
-188
6710
-1300
-7544
-3216
-5637
9239
8746
1954
-6255
7395
6976
1454
1368
-2076
-6243
4624
-8655
-2943
4954
9400
47
-3257
-7170
-1015
5277
-3851
6198
4665
4766
5229
8358
4370
-5515
-1306
7405
231
6243
-5721
9601
6804
2245
-8953
-9069
639
9780
-4202
-4629
8641
7192
-9376
-1636
8795
-448
5200
-5431
-4546
4731
9553
1041
-3265
-6001
3284
-3919
600
3903
9002
7851
-3035
-7759
-1163
8185
8062
-2910
-2645
-6566
1738
2297
7005
-3594
7892
7581
-9354
3054
-4584
-7517
8400
-2230
-626
-6688
-619
3171
-9427
2686
3406
675
-3672
-8199
-1348
-4498
-2374
5538
5985
-4046
-9000
-1795
582
-143
-1077
-363
-6176
-582
-5349
-2464
7519
3389
2150
-4719
7048
-2392
9789
1074
-9909
3238
-8518
-5142
-1594
6696
-2309
7978
-8030
7856
9377
-6698
8094
662
-2618
-1250
-3774
-9062
-7238
6945
-959
-101
6342
4054
2790
1656
-6411
55
-3236
-4938
507
-9950
6831
-9065
-9224
2438
-6655
-5709
-959
-442
-4513
5433
-476
-8634
-8288
2601
46
-4617
-6478
8954
-855
-7721
-5447
-7824
-7512
-8255
-5823
6175
-4227
8207
5244
2001
1606
-7593
4633
-9027
6393
-7390
240
-61
3652
7062
-5075
8145
-5971
7606
2712
-160
-6212
3275
-1044
-9043
-3952
3237
-1722
5979
-7842
-7005
-1427
-7355
-923
-3858
1381
-2391
7391
3840
2290
8727
-759
7066
-1642
-1462
-1662
-6384
-4966
-7835
3969
6481
-6600
-1002
-6487
-827
6268
-192
-2538
-3082
2375
-6561
8052
-1165
-1633
9594
-5277
5687
7640
2100
-4022
60
-2902
7484
4128
8421
-3397
5775
-8506
3478
-5370
8157
-7122
3845
3237
-4828
9633
2868
6345
-6086
-5928
-3113
4591
5837
-9622
-5719
8225
6039
-5015
3257
-7529
2090
-4151
7421
-8207
452
-154
8895
-2355
4101
6152
2801
-6097
9218
3543
7033
7462
-4693
-9563
3915
3077
-3355
-4851
-2132
-5603
4936
1048
-4574
-4585
-3630
1040
288
-5264
-8098
-6705
-5947
621
7834
8131
6565
-5004
1386
-30
-9621
-5294
-6738
-7708
-3229
-2037
9850
-8290
650
6525
-6892
2133
3167
-5283
-4434
-7590
-7327
2356
3458
-2179
-2063
-4957
7251
280
8959
4498
5347
1633
9987
4758
-6235
-6853
5270
-7262
4707
-5645
6775
3823
-3584
7145
2206
4554
5043
4027
1450
8365
2700
-2372
8910
281
798
4822
2589
2986
-2961
4540
9195
-3486
3325
454
-9184
1275
2973
-4265
8208
-6669
-4750
-982
6495
-8875
-345
17
-1587
-5417
-1209
-8454
5440
-6500
-3355
-7767
-8143
1508
-1408
7940
5635
7461
-4396
3418
-5727
-2407
-2934
9110
2961
-3060
-3156
-9802
2629
-7861
-6573
3803
-1888
7641
3531
3961
6472
-9538
4069
-8143
6713
-5258
-3753
7578
-2699
7877
9213
-971
933
-8091
7349
4988
7048
7709
7912
-8334
3884
5103
3865
-6828
-4313
-7290
3354
-4688
7712
-4809
-6362
-8544
-3315
-4151
3426
-937
-6201
-2279
-7014
-1307
5966
9370
-5670
7346
-6099
6681
6766
-2164
4740
-4874
3787
-6614
-1124
-2874
-1793
483
239
-4788
-63
5533
-4031
-8356
-569
-3216
-9482
-6598
-3502
3819
-7601
-4980
5705
2441
2893
6294
4150
-551
500
-6192
1917
8249
-6654
3884
-1874
-2443
-5673
4163
2417
1771
-3363
3010
2316
-8874
-8238
4728
835
-3820
3335
1558
-839
7615
8598
1768
-6441
4861
5407
-7665
-8075
-7124
-4707
-4812
5369
-1934
7207
-1256
3783
9560
-5900
4209
3695
5205
7454
-6470
-3593
-6359
-3549
7846
-315
-7782
-5443
-4762
4486
3015
4255
9810
-2635
-4232
4987
-1595
5559
-2299
-4360
3470
137
6547
777
5535
5070
-4979
4488
-6386
4697
5526
9157
-2189
-3998
6721
5888
626
-701
-8442
-4088
4435
-4079
4275
1583
1833
-7991
-7427
-4096
5433
6767
-6655
3509
2414
-387
-3509
-1853
1732
-7885
147
-9736
-1447
6246
5703
-9595
-6329
7681
-5018
-5048
2238
-5233
9551
-3895
-6061
-3313
-5084
-7137
1793
-4722
1939
-6057
7988
-7125
8114
2197
-3846
-8940
2625
-5943
-6475
-6429
-2562
410
-6515
-7689
-1562
-732
2307
-3188
4785
-2
3159
1751
-8010
-8090
7462
1351
2129
-282
4137
5220
-7825
2691
-8487
4279
8296
9829
5190
962
-7298
-9732
3440
3834
-4797
881
7402
1772
-1678
9241
6335
-1258
-1728
-9655
-5584
-1856
4025
-5406
3662
-7751
2361
9718
-5285
1496
-9709
-9915
4802
5690
-6151
-5336
6527
-8086
-4438
8381
-7220
8730
670
1419
8085
-919
968
4875
234
-9743
-246
7320
-7291
-3521
-4332
2035
-6013
-7043
3077
-8162
-894
-6059
-317
-149
-149
-9757
1728
7958
596
-9637
-6994
4284
4416
873
7018
8858
2622
9990
-4108
-4768
-2856
7624
2661
6764
1354
-7058
2362
6387
1434
542
-6646
674
-3012
-5297
-9143
-1748
3593
7340
4203
-2784
2255
-6520
8221
4787
307
6357
2839
-8631
1288
-6240
9169
-6313
-9839
4751
-1162
7132
-5622
1233
1092
-323
6253
9755
6441
1830
4155
-6996
-6796
4660
-2913
-778
5104
-6324
-4125
-424
8810
9949
-7826
2987
9140
7262
5217
9639
5192
-2121
279
2462
-484
7632
341
2242
6931
1517
-9945
-3848
-8777
8445
-423
2353
4622
-2850
1885
2508
573
8387
-4541
5616
1331
2962
-4573
1783
317
-1640
4730
6707
-123
2751
7363
-6914
-9756
38
-1947
7071
2892
-5216
-1877
-3781
183
5319
-6832
724
-6974
-6733
7182
-5951
8144
684
6938
5358
-6042
-4109
-4811
-7948
-2179
2339
-9576
6041
2741
4650
7204
3153
517
-8239
-466
3982
-103
-9827
5895
-2496
8924
-5067
4154
-4070
3790
-8152
2073
8246
5628
6989
6314
1937
9263
9137
-6710
-6165
2911
-407
8851
-9831
7080
410
4045
558
3073
-3141
-2412
-1510
1032
-5031
-5431
4646
1030
-4856
-9575
-6595
-4662
5127
8987
516
6386
-8029
8297
1060
9970
6243
9659
5713
8218
2002
-1531
-7586
458
5794
9508
3414
3256
7642
-7339
-7739
9434
7368
-9321
2153
226
-896
1960
1246
4837
-5421
-3016
6077
-9966
-6188
9704
-4445
8568
-4289
771
7730
-5871
-5959
-3040
3649
4678
2710
-3704
6911
6780
9916
-7635
-3271
-894
-147
-9978
-7332
5002
-8799
-297
-504
-3241
9085
-8795
-8666
8537
-6962
3224
5904
-6355
-9422
-5938
2587
-9588
7896
-3954
241
8671
2491
6053
-4179
6557
-4223
3920
-5227
-249
6728
-3667
-3399
7817
-116
2898
-5747
8805
6519
-1456
-1011
3437
3259
1274
-2627
6342
-26
195
-4504
8731
8598
5751
5480
2421
6184
5709
5339
-1389
635
-6263
-926
-1180
5134
8240
-2498
-560
2341
-667
-3477
-7154
1193
-3263
829
-233
-1922
6234
8472
6701
1177
-4389
2700
1472
3763
3310
-5749
9494
148
7609
-125
-4528
4891
-6073
3072
-9553
-8431
249
7487
-6230
7581
6416
5109
-8077
4758
-9676
-7720
8474
5779
-2104
-9221
8661
6636
-2616
-2651
-9456
3820
-6140
-9730
-8763
-1040
8125
2205
1162
4350
-5787
-8272
9288
2327
9282
-7006
3259
-3031
-1415
6784
6048
931
-980
3445
3098
4600
-7506
-3818
-7548
9450
-1067
4796
2425
-74
7555
-3714
6677
-8597
-844
7821
-4730
9948
3248
-8172
3095
5248
-5311
7997
-1895
-3314
2712
3938
1991
5148
-7379
-414
-483
4425
-1098
2649
-1902
683
-2783
-4265
9631
-7566
-6061
6721
-5210
515
-200
9950
-3587
93
9042
-8662
1022
-7264
-1077
8730
1216
-3004
3423
-6611
1848
-7692
-8341
-1776
-168
-950
8198
7019
8423
9222
-532
2264
2983
-7297
9092
4383
-8737
-3004
-7139
-7904
1308
-9290
5768
10
936
3180
7141
-4906
6903
8395
3577
8992
-7461
-7858
-8755
-858
8756
5409
-3381
5746
-8114
8927
7183
2860
-2177
-5629
-784
3966
-9869
3179
-7010
-1140
6671
-4440
-5374
5222
6035
-5905
-5955
-615
-8396
9651
-7449
9405
-2864
5434
5456
6568
-5670
4709
3698
-7233
4997
-3016
4122
38
-4427
5191
-3041
3564
3988
-7856
-195
408
9522
1019
-4316
-9795
7984
-3496
9813
-3285
9989
-2560
9181
-4535
-5491
3266
-2985
1891
109
-9114
-1731
4511
-1208
-7484
3956
-6450
5359
7615
7395
3785
-2282
352
9169
-6989
4796
-5299
8625
6560
9860
-7270
-3006
-1871
-7397
150
564
2972
1087
-7864
9478
-6486
9194
-1301
-7753
9035
-9659
-1863
-1178
-1019
-9378
7911
6205
4279
4788
-445
1670
3498
-7367
-8743
5496
747
5157
5914
-7042
-2717
3844
8281
-9304
-1491
-5761
1304
-3842
4301
-2771
-3393
-3060
7010
-737
5094
-6928
-5183
6211
9667
-5481
-6357
3852
8863
-6576
4903
8670
-3424
-2924
-4809
1229
3901
-220
3004
-20
4498
5230
6016
-4191
-9387
2090
8243
4704
4812
2199
-8600
8683
9423
8867
-5962
-1823
-6496
1204
-3052
3699
3610
9561
-1621
-4801
-1739
9378
1278
-1058
-4607
2149
-8783
3492
5927
5768
-9509
-3586
-3494
8828
7737
-3986
3730
-7027
6531
7132
-1612
8285
-9709
-487
-4648
8444
-1884
1750
3806
1055
2070
-1584
-3514
4326
-1185
8871
-3082
9339
-7377
-7783
7665
2100
1627
9965
6564
2058
1489
-1523
5428
-3703
-7940
4314
3860
-8711
6933
7938
-5148
2243
-8929
1346
4564
9462
2198
-2464
-8351
7426
-8896
-6841
4117
7800
5960
1438
2734
-912
9383
1451
4136
-6477
-1863
-7081
-3565
-4754
8427
169
-4753
5035
1521
-5353
4908
-4116
-201
302
-7636
9139
7851
-4417
-3923
5009
4906
3882
8121
-1554
-4296
-5196
9387
7296
9413
-5134
5124
7942
-2917
864
-2229
2470
1715
-412
-3532
-6484
-250
-507
-7136
3754
7766
5280
1314
-8454
9970
4775
592
-1801
6513
-1673
-363
-1850
-7697
-4306
9483
9427
7978
8656
-6044
8689
-7027
-1538
527
5635
-1851
-2649
-185
8605
-1106
90
-3119
402
3066
-6202
3829
-3054
647
7669
8009
-5753
-7496
-6724
-1780
-2061
-7743
5257
-9653
1248
9180
-3013
-3444
8188
585
-2621
-4702
-6785
9657
-9091
-5179
9966
8522
3031
2184
-2842
509
-6283
2901
1969
5791
8142
-1293
-5446
-2451
6891
-640
5579
-5799
-6401
-8020
6687
-8106
-4691
8035
-1529
-4741
490
6551
3647
6709
6806
5360
8455
3126
5740
6145
1146
9721
4727
-5398
-8385
2795
-8401
1626
-8127
-6181
2078
5976
7910
-3360
7824
-9856
2050
-5604
3071
9757
2114
-3987
3834
7951
7139
1006
6737
9457
-2869
8322
8730
2318
4803
-9371
3098
-920
-6072
7706
1619
1431
-611
-719
4564
7639
-5503
-3339
-321
-2127
-3478
-2899
8705
1389
8577
-9198
-7657
-7975
-2805
-8406
-7523
7882
-5540
8199
5101
-866
-3231
1469
851
7705
-4992
-1238
-1616
-8848
-5213
-6457
-2644
-5549
-7903
4441
709
-1238
3976
-3784
7869
7780
-9163
-1922
-2214
-3002
-4864
6750
8043
-5808
4745
9206
-8877
8031
-189
-7115
-4327
-3622
-5549
4841
-3773
6588
-5452
2556
9804
6310
-4425
845
-5719
1304
3235
-2519
8012
1082
-7912
-8305
-1688
-2376
-5337
3786
-574
5039
1000
9530
-1915
247
-6297
5557
1442
9678
4835
-5433
3846
4233
-2715
-6495
-7677
-716
-2580
816
-7041
-6104
-1441
-3988
-8315
-9946
4604
3275
-5819
-1049
-7219
-3596
-6934
9960
-4690
4880
-1133
9831
1143
4040
-1016
-7444
4169
9523
-8318
7139
-2794
3133
-7225
-1162
-9129
1765
1396
7688
8214
-6245
-5050
4232
-8473
9413
-4166
8645
5949
-283
-8113
-4316
9617
-5594
-9797
4451
-5583
-211
-6836
-9942
-2727
-5993
388
-6618
9568
-9638
-6581
-9406
9480
-6288
3815
6200
-8589
-6292
7116
150
-2294
-9259
-9337
6596
7631
997
6581
7888
4229
-8621
-4694
2853
-9853
9218
9420
1516
8204
7678
-5779
-8043
7940
7700
-2552
-1825
-5456
4568
6389
5993
-975
3388
-5225
-9321
-5952
-4747
-5142
9221
-7306
1273
-7055
9957
8628
9684
-2704
-8568
-160
5390
4778
130
7512
-9317
-7547
2046
4267
-3674
6998
7807
-5894
7452
2365
266
8146
-582
7991
5270
-8253
-5243
-8829
5411
-8350
7807
3763
8595
997
8983
1584
1408
9236
7014
-1832
-3393
-582
5892
5961
6334
-8139
-8962
3899
9963
9483
-2713
119
-4756
-8652
4024
-4426
-4982
218
3335
869
-2225
-98
9315
3293
-1999
-8212
-6026
9751
5330
-1334
7259
9201
-1488
-5366
-1448
2388
-3637
3595
6687
8615
-6120
-9530
6381
-1363
641
1661
6274
4368
-7378
-6401
5607
-8928
5270
-5739
-2369
1624
5044
7491
2028
-4427
-6779
-7856
2835
-1507
4856
-8530
1034
-8098
-5747
421
-8875
4758
219
-7217
-8796
-6887
4128
6478
6523
2560
1825
-2838
6903
5294
7411
2572
3143
-3376
4347
8497
3532
7720
2564
5456
8163
3594
-9173
9852
5741
2526
4953
-6983
3201
-9098
4949
-3752
4237
3941
2428
7141
7033
6212
-1971
2124
2277
-9944
8274
335
9721
-9213
-9123
-3636
-9416
4237
-5391
-9720
-7207
4456
8463
1225
2034
-8153
-6782
-3843
-1813
-1271
7967
1892
8889
-5684
1680
8696
784
9609
8649
4662
1057
4815
-251
2292
-8571
4757
6344
9294
-4363
-7389
3966
5974
-3024
3649
4989
-5571
4577
-7186
-2235
6947
-8038
-2409
3572
-5148
3422
-2594
-9347
8315
740
-4579
5093
-6304
169
1046
-5094
-9361
-2728
-8861
8144
-1518
-7781
-1129
-8295
-8126
-7123
-7180
-1213
-4153
2625
7021
-14
9628
-6667
-9603
-5084
4386
-1491
3784
-886
-1150
-532
-7349
-4258
-6185
-7786
6761
-7872
5645
2818
3283
-7675
4127
9931
-9848
-598
8790
3673
1115
3545
3206
-8273
5020
4691
3215
-8504
-8814
-6049
7476
9359
3108
3291
-7967
1854
3837
-3683
7490
-7415
-4646
2439
-9516
8427
-3899
8319
-5835
3939
1859
-2398
-1969
6826
6275
845
-4780
-1978
9290
9987
-7701
9437
6570
3920
1815
1337
-7085
-8803
9726
-6049
-7431
-118
8092
-6413
4851
-6943
6249
-7354
829
1856
-564
-8040
-3700
8282
2842
7094
5244
-1472
3635
7726
-8855
-8375
9739
3049
5895
-9613
-3276
6671
3260
5
8972
-538
2958
7332
4729
-6132
-1299
2090
-8619
7937
-4104
-9714
-8433
-8448
-3974
6345
4144
-4401
2632
-2921
-7218
-4867
-6073
-8340
-5493
6621
9577
6135
569
-9734
9334
-276
-126
-1553
-1728
7106
-7488
5833
-5108
1960
-3098
-1392
5544
3639
1226
893
-6748
6587
-8192
1301
6599
4745
157
8222
5434
-2831
58
1419
9221
-6452
19
-9925
2449
2261
-9944
-7199
9442
-8896
-2883
4288
-3109
2977
-1260
8205
-4259
-105
-9863
1931
-965
450
8312
-6347
-1212
9081
-5714
8680
-6775
7880
9815
5668
3096
7846
5818
-632
-1876
-6604
-3346
-1452
4180
2439
9593
-1549
1008
-3464
6234
-3191
-4761
-6341
-1916
-4391
2705
-1120
8922
-6087
-178
9124
2208
-3637
-4492
1409
-3080
-991
-9688
-6297
8748
8566
8216
9027
-5924
3709
-2745
3188
-6200
-7475
7512
5547
-4151
-8998
1983
3099
-9085
6443
-2814
-3750
-9810
6034
5195
-8006
-4736
1310
6463
6177
2506
-9633
-6202
5643
-5340
-9120
5494
-6413
3459
-8578
7110
-9431
-2156
3771
-7745
-1026
2327
6286
-8972
-2718
-5245
-1000
2504
-1389
-6654
7754
8192
2983
-1404
4788
4942
6011
7173
-9980
413
-4581
-2209
-2383
-7236
-8580
2174
-1031
6315
9102
-5553
1759
-5800
5728
-2131
-8496
-486
4901
-3513
-2353
-2306
-511
133
6579
-3566
-3445
-5372
9876
2107
544
-7662
-481
-3120
7574
-5070
-5205
1465
-5086
9759
-2598
6004
-6522
-5098
-7856
1926
-335
-3608
7
2985
5229
-6338
-1989
5477
-5576
5
7802
-8948
6213
6286
9179
8076
9200
-3514
-1588
-2813
7964
-5745
-6129
2297
-3794
81
-2573
-4249
8919
-5839
-4681
9318
-4499
4639
-2986
1547
9249
2759
9156
-5769
4700
-1448
-8784
-8790
-83
-5118
3957
-5128
-7996
-3583
8983
-5951
-1506
2999
-9418
-9526
1860
1434
-5502
2661
7816
-3208
720
7393
-8535
7624
-4458
-4393
-4885
-4433
5580
3721
-7354
8442
-1163
-4198
-2457
-5020
-7476
-587
5125
-9987
1803
-4344
424
7163
7679
-8884
9065
-5131
-9496
-7927
3226
-6768
-4053
326
-5543
273
2613
-5867
-3948
-9280
4838
-3238
-7200
-3922
2200
-1896
-9769
-3320
357
2723
-4383
1773
1937
5347
-3003
6200
-6983
8859
-3061
2998
6585
3797
2582
-2152
-3389
-761
-5913
2677
3328
9064
3445
-1927
-4091
9736
5313
-2965
-1060
-492
-6831
-6875
-7043
6905
-6975
-8963
-7181
-4100
-4617
-584
-3917
4554
4108
2344
6683
-7815
-3905
-8642
91
5825
-1136
-6750
2606
-7782
7523
2078
7139
-3928
-9924
-1285
-2440
-971
-896
-9073
-316
-7950
-4995
5677
1682
1144
62
1911
-7027
9169
-9105
1394
3670
-5825
-6927
-5774
2430
-4155
8019
3249
-6267
-3052
7044
6120
-5954
4410
8950
-5496
-7418
2416
-6782
5074
-9717
-115
8565
5041
2467
-5438
-9228
-7106
-9003
-5651
9700
1757
541
-9003
-460
-9234
-2502
9911
7045
-3513
8330
2886
-4987
-1694
9124
-4417
-4727
1585
-5520
-1833
5412
8796
-1711
1121
-5470
-777
-4514
3548
279
-6736
6311
-7477
-8730
8766
-6274
7652
7083
9503
-8548
-4130
-8241
5746
-3563
8604
-714
-9864
7384
-440
-1622
-1875
-1792
5512
4331
-7965
2594
-6794
2756
7439
-5392
9017
8098
-9713
1863
-2443
2455
5301
3705
-6659
7644
1590
-2312
-1441
-7481
-2448
-247
-5662
3104
5199
-118
6960
-8906
-8546
-1325
4448
-500
8022
-7845
9278
6726
7426
-4250
378
4447
-2805
8464
-8689
6189
-2726
-5314
9221
6518
-1086
1430
4688
-6543
-2685
-9853
833
7841
-1847
-8219
643
-4172
6771
-7979
5756
-6145
3245
-2729
-8520
-5008
-4295
320
5367
-7764
3400
-6733
-3029
8666
2834
-7755
2707
-2797
5605
-802
1606
-820
-2362
-331
-8900
-2587
593
9003
-843
213
964
-9094
2652
2556
712
-9331
6289
-8130
-2146
-4403
7884
-9879
-335
7204
171
-5336
1450
4959
3217
-5670
412
-9204
-4575
-6162
-4107
-5629
8130
9630
3323
1509
4971
5828
158
-8776
2969
260
9579
-3291
4808
2282
-9297
-7891
-895
-9751
2839
7527
-6398
-3921
-384
-2591
5784
-3386
-1697
-1554
-4414
-3199
-6406
-2264
3392
-1341
-1640
7379
-436
-3893
3794
-7359
-3117
219
2437
-1767
-2964
744
3258
1312
7588
5080
-6282
8647
-8576
-2057
-7618
9794
3439
8950
-143
-3706
-3745
2024
3115
-506
-2807
6258
-4755
8131
2896
3000
-8059
3176
-811
-425
2073
-7733
-320
-7363
7216
-9968
5482
-5496
6097
991
-6433
6967
192
9121
4651
-7258
6170
7391
-7488
-281
9572
210
7800
5998
-9277
-9417
9944
-5093
442
9012
6877
-5044
6118
3888
-5423
-7511
2183
-2685
4978
-2236
9977
-2275
-5899
4999
-1701
2167
4048
-4031
-2609
3040
-2896
-8589
1317
4931
-4877
7440
3111
-9827
-4224
5693
-6130
-883
-3216
9890
349
-5028
-3591
-3600
991
-6857
5318
-7405
5071
496
-1694
3979
719
-2190
9291
-7258
-3040
-7961
2073
8515
-2965
-2569
6141
-6037
2474
6679
-5435
-1995
-5905
-660
-2358
8304
4599
259
5861
2451
234
4851
-8886
-9180
-1708
-8102
-6492
-3763
8491
-9553
6935
-1691
-8721
-7569
-8303
2675
-1981
-9612
-8363
-9735
5858
-8199
-7315
3436
-6270
2128
7026
-7842
7791
5630
-570
5563
-3746
3526
-4797
-9326
-9712
2327
-728
-3869
-6132
4260
-8008
-6185
568
-3221
5476
7067
-2489
-6354
6000
-7018
-6202
-4866
-9447
2080
-2138
-9521
1184
5664
7266
3446
5126
9965
1729
8910
3877
-3497
137
-5547
-5461
7714
-9247
-2842
-9711
-2926
5055
7129
-1858
8270
947
4694
5518
5282
6820
-5200
1054
8329
6655
1667
-3162
2363
-1390
-3674
3305
6714
-9999
3154
-9725
-3176
-1257
-3129
-9557
-57
-5141
375
-6170
-9041
-552
6435
-8892
7563
623
-5479
6543
-5120
-5399
-2067
4893
7593
2726
-9411
1459
-3718
-5131
-4723
2642
7182
6322
4977
8153
-5041
-1901
-1112
-9393
5739
-4649
-8594
-91
206
6170
-8970
-6744
7157
-3772
-2273
-1030
1740
7928
4917
6656
6858
9438
-5186
700
-9366
-3351
3436
8677
-6115
6054
-9112
2330
5472
-1257
1437
6091
9990
2050
-3223
9716
-4238
-5457
-3863
4098
-5038
-3632
-5610
-7319
-518
-6036
-1013
-2229
-6858
-6280
7484
4689
3182
-3094
-5824
4300
-7287
9545
4217
2589
-1824
4863
-9421
7956
-9907
-4167
-215
1161
-893
-9888
-5118
-6738
2934
8960
-3
7768
-5334
6736
6794
-5655
-6521
-5434
-101
7503
-121
7935
1153
-782
-4270
-1886
3408
2731
2374
-9126
7407
-5947
-6087
-6171
8410
4167
5519
-1989
6571
-8923
-4934
4913
4315
-2896
-1062
2822
-8346
8824
3256
8965
-7862
3447
-182
-9480
-6424
4279
8062
5319
-8139
4225
-966
405
2692
8904
-3095
5922
-3009
-3872
-8085
5842
8457
-5565
3064
-5601
6853
8429
-3870
-4428
8382
9435
7605
-1883
1248
6913
374
7826
-7948
4890
-5031
6820
-8845
-5627
-2378
-3992
8625
-9138
-3224
-4224
4908
8514
306
9201
-2083
9643
-8448
1049
-6786
2725
-7124
-5970
-3551
4554
9156
-4605
-681
7169
2759
6307
-6795
9836
4102
-6920
-3420
-1971
-7465
-4850
7466
2457
-9792
-5663
1400
1908
-5064
-8591
7928
5513
3210
-3858
1760
2244
-7058
-4924
-7611
-1879
4214
-6124
-425
6961
-8759
-184
2824
12
4742
-8911
7588
8616
-4455
6651
7342
9459
-865
-9090
8747
-990
-4434
800
5118
-6390
5777
-3032
-6498
870
-9345
-828
6064
-1011
-467
9364
9334
-3357
-3249
1633
8637
-8734
8242
-3966
6809
9740
-5519
7375
-5527
-2625
-4862
-2817
8434
1920
641
-9998
7790
1046
-2338
-110
9396
8213
-8884
-7561
4704
-5967
9377
-270
-3715
6144
8428
3023
-6189
-8861
-3577
-1440
-7892
-5894
7389
-3484
308
1908
7444
-4742
-1102
2941
6831
-5292
9088
-807
-5758
-1678
-2064
2529
8125
9687
9695
2541
1513
4558
1404
-4347
9828
-7197
-7741
2187
-638
-7507
-9772
2605
85
-7587
-1870
-3692
5507
290
5257
4550
9541
5631
347
9858
-870
7989
-8466
-1552
7479
7383
3148
-1719
-9552
8847
-3834
6364
-4353
-3879
7408
3001
-5187
-4302
-5370
-774
3751
-8126
-5088
-5830
1272
-1446
-1352
-6472
2396
-8427
4019
-142
5106
-934
2948
516
-2992
-7260
799
9500
1410
5196
5489
4710
6377
-6988
1653
8764
8218
9258
-4238
826
-3709
9025
2027
8534
-3091
9571
7998
7420
6824
6264
-1492
-9604
5677
8953
8488
3703
3859
4483
-1374
-2334
9752
-1208
-1132
5601
-3840
1609
2003
6540
-1571
-5170
-9646
7274
3401
-2120
-8585
-5507
976
698
56
6810
5402
-4999
4598
9895
9970
2428
2300
817
-816
2041
4234
-7024
-7409
8144
18
-5739
9802
5711
557
6200
64
-418
9181
-3354
5412
9376
-2308
-9684
2244
-4469
826
6641
-5512
3862
-4549
-7540
-1099
6558
5968
9954
-7048
-6359
6784
-484
-92
-709
-2980
-2797
-1432
-269
2776
1704
5754
649
8682
4134
-3228
-1869
-2190
-4071
-2909
5728
-743
9243
-7943
3420
-8659
-3516
-1714
2324
-9674
-8150
1476
-5024
-478
-3719
7264
-9895
-152
2445
-1354
7302
6330
4511
-3979
-7121
8819
-2099
-7718
7256
-4820
-1276
9397
7850
-8827
-2193
-7130
4849
-7068
-1869
-6761
-7718
4637
-8451
-2632
-2055
-3373
-3430
3090
-8683
535
7849
8271
-4891
6850
4309
9975
4765
-410
7328
4667
6623
-291
-9387
-511
4285
-5171
5998
-5832
-1037
4076
9130
-8825
1209
-7941
-217
-6150
3606
-4922
-1629
-3175
8290
-489
7640
-1659
532
-908
2868
-6555
-2591
-3010
7514
-6705
-9559
1452
-9875
9070
2306
3211
-1340
-5426
-3123
4857
545
5595
-7012
8908
6632
3586
-4980
-180
6907
-9199
7368
-6859
-6838
2809
-154
8340
-6287
-4174
6886
8278
4282
-8990
-9295
-8659
-582
4118
-7539
-1784
1100
-2449
-6245
-4387
7388
-9110
-1865
4039
3547
6927
-9435
5010
-6610
830
-7281
-6439
8792
2105
994
-2579
5614
7878
9857
-1216
5605
-7622
-7270
7476
-1598
1153
3015
-9035
-910
6221
3077
-1056
-4648
-1978
521
-681
-2255
-7451
-9812
-4211
-9709
9923
-1465
6373
8227
3750
-6410
-9224
-886
7145
7214
-3981
-3324
3644
8212
1921
5871
-200
734
6931
2485
-6456
-637
1543
-6136
3238
668
-3927
4456
2438
-9209
8381
6102
-2280
-8992
-2316
7829
18
1238
2468
-4760
-2024
-139
-2435
1551
3362
5770
-8110
-2213
8346
9041
2424
6761
3211
-9804
-3557
-5844
1114
-4753
-5819
5880
-1675
7007
-4612
-8483
5162
-7090
-452
1540
-6083
-8322
-2422
3026
2230
-8337
-8406
4833
6268
-9130
4207
-6389
7508
-1224
-1
7171
-836
1636
1421
-2348
-2851
558
-8659
-1891
7673
-6431
8190
-3908
9974
-2230
-4224
8988
9356
6283
-5584
9649
-9760
-4640
3284
6261
224
7200
3980
404
5308
81
-5933
8805
9084
-9760
5602
9634
6135
-1781
-7853
1613
9737
-6948
-4997
2769
-4348
2298
-6543
-6330
-3243
3040
5646
-3870
-8015
-7916
-208
-4307
1968
7152
1615
3206
8016
-8144
-4208
-8220
4746
7609
1676
3382
-976
9483
-9050
3481
8157
-1579
-6515
2278
108
-9864
4848
-9652
9089
7447
-7463
7540
-2835
7743
-9484
-4523
2517
2487
220
-6035
-764
-4873
-4934
5569
9363
1461
-2311
-6556
-8554
8997
-6161
-1235
-7620
8904
6962
-8800
-627
-7520
260
-2565
1491
-718
-6132
-6245
2024
-9346
-2252
4721
-4950
-3589
5091
9981
3704
9056
5645
-9264
-7666
-7047
-3910
-5347
-1519
-9068
-7614
5447
-1110
5034
-6779
6774
-976
-5214
5438
898
1048
-2114
-5018
-9021
7486
3870
310
7126
-3995
1998
9638
2539
7310
-2088
9232
9958
-235
5465
1228
2814
-1223
1017
-3236
-7084
8953
-3567
6664
-246
9502
-5122
9448
5010
3819
9290
-5982
-1511
-7192
-112
7257
-1509
7047
-6976
-2450
5919
7033
-8611
-6993
-1076
-9418
-2731
-9508
-5441
3934
9907
8900
-1708
-7218
-3662
3811
4829
5217
3509
-3883
-5522
-626
-1646
-3138
-8299
-1470
-4093
-3407
7374
9758
6001
-9963
-3138
6218
831
-4248
-5678
9518
-2582
7814
-6639
7855
9648
-8392
-7342
7788
5458
-2226
-5071
9089
-3296
3357
3626
1896
9799
-1611
-7660
-8984
-4595
-8733
-9908
8841
8385
3910
4326
-3587
9005
-8719
1345
6300
-9830
-1653
995
-7926
-7292
-1466
8692
1476
-257
-2574
1319
-1503
-4877
3373
-4238
-1987
-405
9849
-4178
4185
1064
-9494
7552
9750
2133
-6694
-9470
-3016
-2233
1809
-2481
1343
2665
-6805
-9655
-8291
2799
-5635
-1966
-6242
7246
7697
5595
-8759
5991
-6917
-4804
-249
-8751
190
-8390
9413
1786
5319
-3666
-5593
-8663
-1450
3088
-8002
1535
7677
-9601
1856
-5842
6975
-1036
-7081
-3575
-8348
5061
-9788
3105
3872
-6476
-1452
1531
415
6587
5233
-3690
-4536
-6873
5663
-4942
5503
-3879
1842
-7123
9510
6886
-6384
-3321
9384
-3107
7196
-4300
-1684
4002
-187
6439
4973
-5518
9078
-9214
-5424
-6305
9594
-2778
-9554
3105
3870
-7203
8454
9301
-949
2659
-6872
-3515
-7689
-1504
1369
3371
3776
-9960
7220
-1108
9820
-8200
1551
7777
2304
-1687
5754
-401
-7801
1006
8155
2295
-5081
9392
9497
304
-7159
428
6800
1373
-2248
1269
88
-3854
529
4889
-9845
5604
2662
-3344
-4288
7427
5082
-5763
8237
3093
-8073
-9127
-2679
-15
5898
-7734
-9070
-6528
-7029
5212
1561
-4001
-8309
-6198
2309
5743
8814
-9930
-7736
5455
-5593
-1373
11
-49
-1345
-7917
-1080
-7098
4649
-4023
8126
5855
-5892
-6653
-4599
-7859
-9872
-4503
-3178
227
-1998
-9947
-7869
330
7473
-8078
-5177
5875
6310
-369
-8445
-413
-9385
5797
-5783
-5801
-5828
-668
-5005
871
-9009
-203
631
-4020
-3220
7535
-7457
9202
276
-7245
9467
8177
3404
4504
-6818
-8969
1973
-4039
-3567
9060
2394
-3213
786
-2291
6042
6782
3790
-3711
2750
1545
5794
-2141
6754
-4398
5500
9603
4628
-1416
-2623
8402
3256
-8380
5212
-8450
-5096
1580
-3157
9536
-7312
-446
8606
-7286
-3513
5252
-5647
7139
-5985
1444
-6393
-9362
-3945
2803
-6568
3237
759
9117
6961
-7876
4824
4029
-8242
6245
-4190
-9619
361
-5567
-7657
-9839
-2233
-9371
4695
-8013
-2044
-8130
1781
3976
-1023
-6635
2967
-3312
38
737
-4967
-2607
1802
2220
1070
5025
-5456
-5454
1425
9245
-4054
3546
8216
4816
-8951
-8943
2037
-6031
-3108
-8869
-2693
132
-5926
-9954
5032
-5905
-7590
5321
143
-5705
8284
5708
-4298
-8636
-6789
9026
4400
6981
-4268
6843
7774
-2178
8918
4450
-578
-9239
-7941
-8951
6812
7364
923
-4426
2453
-5107
-2025
1376
8993
-7600
-3994
2301
-3744
-1570
-4828
721
-7092
-6110
-8705
4167
-8908
-2867
7041
1760
-7118
7719
-4865
-9434
-9095
-5805
-5417
1253
-272
-430
-7955
-2976
6386
7214
-5325
7503
-9389
4401
3152
2751
6674
-2175
-4824
3222
3889
-8956
-758
4398
-1247
-6822
-3940
7697
5121
2671
9280
7524
4833
5809
3037
5117
7449
-6666
1995
-6377
7653
8036
899
-2589
8860
-3589
-3491
-9076
-3143
-9728
8137
57
7959
2296
7738
8285
910
2805
9335
-8256
3807
5281
6852
550
5122
-3145
-249
8061
-7308
9969
4439
2106
-2641
-9938
8924
4558
-921
9355
8374
9243
-422
-7144
-6369
-8784
9779
-740
-4915
-214
-340
9865
-8231
1124
-1392
-9699
4590
-4520
8502
738
6511
7774
-5407
9237
-9791
2792
-170
-508
2116
1136
7691
-2445
8411
4638
2277
9280
1129
-3781
