8930
2320
712
-8908
9473
4885
7973
8062
1235
1991
-4855
-8897
4430
-3975
-378
-5565
-759
-9497
-4971
-1450
-9660
387
2525
8112
-8512
4316
-5251
9870
-5538
-8016
6865
-9758
-4343
-5387
363
-7005
4150
6689
-2283
-2147
7290
697
6829
-4576
-3793
3684
5087
-6324
6299
5249
-1171
966
6978
-7180
-8041
-8431
6024
6178
8138
-8047
1614
-6120
-4524
-2209
9402
3711
-6683
6631
-985
-8889
5205
6871
8512
3663
-7846
-4213
-4847
6861
9005
-2183
-6846
-4709
5001
2929
-5832
-4996
8716
7848
4525
-9411
8642
4843
-5983
-2048
7768
-6434
352
789
-1586
-903
1329
6527
3123
3016
7448
7123
7775
-9672
-5071
7779
5752
-3061
2133
-5775
9013
-1535
1240
6369
8655
8069
-6017
2939
-3282
5782
4171
-3065
5582
-3061
-5770
5968
-9505
-7239
-4702
-7922
-2205
-7018
-5471
-3687
5769
-8138
-8780
-2586
-5357
-6950
8726
-8364
5134
8246
-4734
8514
2652
-8318
7834
3900
6665
-2302
115
505
-6738
9640
109
-1982
-8128
-3951
-1552
2023
4936
4711
-7610
-9920
-8098
-9376
-9927
-8239
2775
3142
-3041
-2796
-4729
227
9237
9510
5860
-1314
226
3505
7581
-1063
-5308
-2541
-6679
-105
-9805
1938
4709
-8990
-138
7687
8873
5635
-2525
6858
4291
-3161
-6864
7036
7435
-1506
1765
2752
7618
-1264
1609
-3945
8077
-4789
2897
-4641
-3319
5095
7630
2196
7255
8720
-7642
6793
2604
2346
132
-9827
-6016
1376
2063
-6552
2532
7289
1705
2993
-3367
-5038
-8964
-6609
-6656
-5621
-7264
-8464
-4555
-9822
6438
-6479
-5608
3462
1529
-7111
2279
-4190
7816
6563
1689
7910
-1518
5900
4689
7181
-8183
6950
-8512
-1284
75
350
428
8203
-1421
-156
-3922
-1926
-4166
1840
4561
6525
-9283
-1170
7260
-7937
6038
-9756
2738
-8480
9622
-4086
9572
-1619
4810
-7800
-160
-5825
-4660
6118
-5437
-3408
-7718
8897
1409
3713
-7551
-9095
-2357
8331
-861
1003
9931
2644
-9930
1113
4092
6440
5503
-6995
7674
7153
-6176
2932
-5819
-3786
9444
-4582
8252
-4272
-3955
-1510
2397
3790
-2678
-8952
4826
304
-7976
-8093
-7713
-1839
-7413
-7528
-8035
-3017
-8733
3057
3132
-2763
-2504
9700
3568
7620
6350
-7970
-147
-5892
1646
-4423
9246
815
7197
3405
8760
3862
-6526
-2884
3458
6772
-7209
4781
2760
-1634
196
248
4881
-4252
-5614
-9343
-8595
-6328
2445
5789
-122
-9084
31
3066
4892
-4824
752
4724
-6337
2483
9707
5554
8563
8556
7086
-4417
-2567
-5144
9466
9602
4697
8168
-6531
-6250
-5725
-7385
-1717
6459
-4300
3178
7630
6277
-4691
-8379
4618
145
4858
5030
-2360
3769
4159
6674
5801
-3258
-1518
-5060
-898
-1353
-240
3619
-6929
-4943
8592
-9352
-7190
-6650
9425
-3309
-2204
-4073
2395
-7591
9243
7996
4067
7480
2343
5372
-7713
-4447
128
-9362
3603
-6417
1338
-3320
-1398
7553
8389
6971
4771
5419
465
7953
-2313
-4982
-7176
9282
4862
1950
-8292
-7524
-4429
2677
3440
3407
-7817
7467
-7536
1675
9511
9675
-3463
-3372
8729
1883
-4001
1351
4765
-2803
-5389
2010
7374
-971
5547
3059
7581
9949
7223
-4454
-1605
1267
96
-3102
9086
8983
8650
190
7261
3304
1652
-6948
-1121
-6229
-9269
9287
6358
-5344
9007
4842
7430
1491
3596
7852
-6932
1084
-1442
3400
9124
-5546
4357
9161
-7765
-3315
-9437
6455
-7141
9249
9969
3169
1409
2637
-1159
8014
2752
-5559
-2627
9195
5377
-1949
1448
8959
6060
8764
3606
-4475
-1371
2014
-7459
5456
-6494
-7200
-3585
1326
-7250
1709
2276
8846
9515
-2159
-4517
1770
-3631
1772
-3859
8098
-4335
-702
312
-3762
-6379
-2622
1219
706
68
-9890
6556
6
-2009
-9182
3822
4310
2767
-475
-7117
-6559
-320
-196
-1226
2155
3548
-8677
2128
1109
805
-6067
613
3701
5986
-4881
-6820
-7537
9219
8347
-6716
9925
2297
-6349
-9661
-192
4665
8674
8288
-2032
7089
3836
5869
-5463
1645
-6916
-7115
9655
-6382
-9802
-6090
9626
2406
-609
-7907
-8226
-7072
9941
3872
7090
-6157
5795
2823
1563
1569
665
-7585
832
8620
4094
-7792
-1780
-6813
-1579
5648
-1319
-8147
-1588
-2568
-9681
7328
1215
9523
-2381
3251
-8409
-5239
7268
-8377
-867
6926
-5545
8293
3110
-2536
6315
7457
-4744
-3807
7801
-1114
5432
-925
3722
-3469
8793
-5786
1271
2989
7954
9560
-3948
-9412
-2924
7093
804
9100
-3396
4080
-9920
-7026
3867
9344
360
-1225
-5293
3999
-8674
-1133
6314
-4387
-5212
-4653
5327
-1640
2357
7925
-972
-2465
-9890
-9075
5557
-9147
8195
2076
-847
7210
56
-5928
-5496
1656
-869
3241
7679
-8230
-3628
6596
-350
-3226
9833
-4241
1021
-4583
3236
2094
-4570
5025
1570
-3152
8124
183
9334
3103
2749
8526
7768
-1969
6276
-8886
-8310
-6431
-114
-727
9482
422
-5718
887
-5156
1255
-7032
-5611
-451
-602
5576
1537
5134
2262
6865
-5893
-985
5506
6495
-2435
-1994
6826
9102
-2782
4953
8082
-8485
-3797
-377
-501
-3821
2407
5387
-8852
6416
3981
4985
4866
-1086
-6788
-1094
-6496
1175
4909
7923
-7910
8258
-1572
4927
7722
-9874
6767
-6090
4180
4644
4060
7748
-6231
4137
3724
7700
-6504
-7202
-5068
3762
-8131
-8790
1849
-9211
1222
-1992
-7878
2430
1617
-6213
117
-1346
-3532
1813
5107
-9461
-3070
-7705
-5366
410
349
1512
309
-7209
-8559
6148
-3662
-2699
-7724
8623
3783
-6747
2725
-1440
9724
6575
-5585
-1091
-5066
2523
-9063
-2500
-268
2965
1701
-4957
7785
-3812
-7202
-7665
9408
9232
-7029
5407
3423
-1602
4521
-9509
3581
1882
7486
-9912
-4733
-9553
9755
-5119
5920
-7933
5780
-8783
-7732
4132
-9631
9980
544
-2368
-2881
7074
-5211
463
2647
4232
-7138
-5801
-9934
3469
6937
8938
707
-6011
-145
-3497
-1211
-2739
-3914
5866
-4045
-1189
-8618
-3905
-8221
6431
390
5872
-531
4163
-6487
4363
5603
-1262
8643
-5483
-4402
-481
2673
1868
8698
3258
6509
1404
-4655
475
-6731
699
-2103
5103
-7743
5741
-3967
-3138
-1967
-8892
3238
-9746
-8556
1169
-6975
5452
6017
9535
8382
8507
-7191
9597
-6171
-5598
462
-4049
-1648
-9325
4967
8404
-8349
5952
6507
-7007
-6994
3851
447
-5512
8990
7284
620
-8062
4674
7367
5549
7935
-7852
-8614
5691
4768
8792
1437
3288
8129
-1945
936
-3309
-8514
-5404
4980
-9797
4642
4419
136
8960
8763
-328
3659
-303
-7640
-7114
7521
8687
-4849
604
-633
2498
-6114
5274
2716
-4238
-596
-4700
-4432
921
-2382
-8140
1228
-8499
651
4322
-7586
-3444
9822
-6802
-5935
-8875
-477
-2023
-3795
-5577
-7652
-87
-521
1967
-6467
2590
-6444
-1779
6290
1563
3708
6732
-792
-5076
-1109
-2671
335
-6806
2904
8280
5821
-4498
-3720
-2688
2595
7846
-6206
144
2954
4607
6209
-1199
4346
-7913
5573
-7937
3720
6131
1124
7658
7614
-6408
2931
6051
-8970
8806
-3340
-8942
-8870
2918
-7006
631
-8556
-7680
-9483
-2823
-5455
-6180
9030
-6076
3849
1499
-6508
-9795
5761
-1620
9835
-6674
-711
-2683
1824
301
-4181
-8146
8500
6260
-633
-2452
2935
-5062
-8268
3305
177
-1026
8679
3442
400
6646
-9168
-9073
-6905
-3025
5653
-2028
-5027
7246
-68
-1797
-5842
-9424
8384
-6201
-9131
6099
-8944
4834
706
719
6473
6481
-7988
-5733
-6151
-6762
-8381
-508
9561
9359
-8957
7926
1406
-940
-5088
8712
6732
-315
-7169
7559
5824
-125
-9718
4495
-9629
-6908
-8799
-7163
-1390
1546
5758
-6712
9248
-8754
-9900
-2849
-4168
-7642
3637
6079
2084
8593
9673
-8565
-4255
9997
1074
-7368
-6827
-5982
-7199
-5460
7381
9689
8370
3601
-9825
-5394
6336
2428
-1173
8270
7130
1629
-420
9362
-5387
-4548
9449
-3030
5006
5346
-2005
-5409
7854
-9411
-9406
-3216
-7784
-3349
8618
3889
-811
1152
-1056
1825
-7703
1890
3354
-3104
-6639
-3015
-1557
-8871
7085
-4471
-4208
-4750
-5342
3317
-8790
-2140
2483
9865
-6470
2360
5344
7542
-970
-9554
-468
-7296
3104
7718
4609
-8068
6876
3786
5659
-3340
9595
3949
-9910
-1559
3522
-8721
-1907
-7049
5295
-2553
9824
-1233
4382
1822
-8294
7191
9403
2133
-1126
4432
-7375
9717
1217
-7071
-6176
422
7070
-6869
5988
6318
-4620
-7690
1387
-8583
-3645
1700
1871
-900
3330
-9986
1562
2855
-1
-4320
1862
1192
1420
-8695
1605
-3503
-9444
-5515
2031
1818
-8451
-6127
-8184
-5749
4751
4724
-4213
-6098
-1151
-866
-3680
2382
9911
-2908
-6362
3323
4695
-9558
7672
6634
-3306
-4173
-3698
8275
7671
3033
-5207
-145
-4553
6750
-5422
9812
-2149
-9437
9571
-2904
-234
4165
-6706
-7626
2198
3610
-3570
-1435
9024
9052
-7538
-8686
6321
6333
-8003
-4397
-1465
-8766
2514
-5522
5971
3058
-5719
-295
1457
-8316
-934
7278
-2966
-2966
6786
1296
-511
-8987
-9001
-3656
9974
7101
-1355
-2551
-5728
1268
7948
-769
-3283
-7868
-37
4927
-2147
4438
8116
-8415
-8605
-4266
-7539
4945
-6249
-8304
9181
-815
2989
6098
-1238
-3889
-6494
-7810
6518
-8515
7834
-312
-6441
-1358
9663
-8744
7846
-7243
6333
4644
-4915
5454
-2676
6975
-4893
1861
2901
9451
5648
3381
-1491
6115
-1732
5035
-8900
2474
-7889
-7136
5745
8193
-9518
-4005
-9606
-2313
-4221
4646
-7393
-45
-5644
4443
-6070
-5198
-9154
3475
-5184
3601
7980
5899
6983
-1210
-7957
-7998
2227
2785
5934
5168
8341
4305
-4729
-1250
-8307
-699
-9152
-4684
-9518
5945
-3034
-2129
4610
9022
-2322
-5757
8589
9320
-2816
-8464
9653
-1706
8063
9986
2663
7861
-6085
-30
8660
-5057
5577
9216
-1161
-3839
-7111
7545
6141
7615
-2761
5602
-5445
-8874
1292
-718
2157
-6309
-8751
-4899
-2594
-6665
1853
-4136
-8145
5817
2230
-4812
5781
-1932
1826
-8494
-6647
-3722
-1025
-3541
6043
-8097
2969
-634
-5496
7800
-9028
4670
5148
8397
-340
-68
1087
3324
-8534
-3485
7802
-1214
-3753
-4836
-6788
-9341
8666
-7961
1741
-8995
-7627
-5410
6054
3163
-373
-4828
4593
6217
-7543
4578
3550
7227
-9036
-3474
-4795
-8659
8464
825
-6927
8391
301
-5891
9240
-8709
-8417
5580
-6650
2281
-2135
1261
-1501
637
8971
-8066
2487
8376
-9112
1632
-4198
7562
-1296
6526
-4382
2508
-2655
3903
9922
-2429
8235
-9225
-5810
-1191
-8517
8063
-8808
-3534
3737
5329
2220
-6272
6054
-2215
2186
-6162
-6593
-4695
4847
-3091
-4038
8136
-4737
-7001
-6005
7304
630
-5125
-5615
4395
-7869
2961
-5987
-7439
-8792
2251
7594
-9048
-5090
-6227
-9682
-9251
2466
-3234
8704
2290
-7212
-1349
-16
-8617
1571
7826
-7189
-3126
-3550
-7702
1941
-4393
-8954
-9273
9504
4272
4978
44
-6018
8784
7275
-3569
9243
1297
7077
6792
-8901
8262
-1751
-1913
3413
-6942
-9225
5780
-5308
-8988
-476
9059
-9440
4501
-7434
-2426
-4206
-4960
-4904
5794
-4835
6472
6767
9992
9325
4438
9757
-5200
1128
6090
-1941
-6493
9573
-4211
2326
9637
5051
-6490
1046
1665
-7960
5568
-9490
2897
-5887
-9681
4438
-8829
-2040
-4038
-1463
-2027
5760
-2226
5370
-8881
1366
-5864
-6092
4420
6042
-4471
-40
-2693
4522
6725
5890
6498
2948
-6379
3491
1946
8888
-6361
-9029
-9181
-7186
-6263
6483
4660
1901
-4430
649
9934
6466
7103
-4094
-5240
271
-183
-4953
7903
3328
-7920
-9422
-7212
1705
8463
4792
7616
2418
7423
-302
7553
7656
-2385
5679
7280
2572
-4915
-2009
-9347
-2759
3316
-7977
2392
4719
-3886
8503
-442
6576
2071
502
-8017
-6381
2790
-6257
-121
-5876
9082
7098
-9850
6526
4734
-7507
-2567
-3785
-6813
8778
2142
-2389
9145
6125
5158
-7408
9934
-8898
4080
-3500
-6695
-6536
4632
5232
5043
-8481
1684
-3322
7740
8257
1790
-9104
8773
8334
-6549
2648
-5634
1522
-4048
9728
-4093
8603
4651
5742
8372
-8926
-7175
-1584
615
-8256
-4825
-9840
-6303
9902
1382
5256
-5269
365
-8127
-7041
-2012
-7248
1200
-853
156
-9397
-422
9771
-2729
4452
-9740
-8135
-8946
-1339
-4364
9833
5449
8360
-6986
-6223
1038
9870
-420
3419
9017
-6483
9364
1384
-9546
-8243
-3535
-3653
-8094
6805
7139
-3599
-8491
9934
7964
1181
-1160
1446
-9964
5426
1046
-336
-2272
-8939
-6706
-9641
8918
5994
8442
-3742
524
-3039
1111
-2172
-5592
-9660
2879
6849
3677
4249
9179
9130
-9017
9018
8181
-347
2731
3746
-828
-6874
138
-6962
2790
-5131
-2226
-8761
-3412
3273
6950
-7809
714
7946
-3366
-8604
6759
-1917
-382
8570
-3811
7261
6713
2604
5894
-5480
2868
-3801
-1624
-8047
-3847
124
1786
6538
396
-9236
-7475
-4315
-4418
-5595
9878
-7067
-2131
7361
5076
302
280
-654
-3102
4407
-9629
8397
7517
-9899
-8782
-2375
-9997
-66
3925
7143
4376
-2891
8460
-6260
-1399
14
-9907
-7690
-3256
1535
3654
-1749
-7960
-4173
-312
883
-7736
-3132
-9343
3011
-7538
7244
2812
3085
2424
3019
-740
-7919
-4061
-1787
1151
-6929
-5817
1701
-8486
-2912
-5929
180
-1357
5260
9504
-2727
8150
-7759
-3096
-1945
9860
4392
-4587
4278
-4144
-8779
-9652
7269
3625
-2164
3823
-5895
9082
-5078
-5076
2095
-1197
-9669
-2646
6371
-6689
-6144
-6745
-6087
-1872
4232
-8591
8162
2690
1297
5768
-7010
4894
9166
4286
-3710
-2345
5945
5615
-999
1154
-7541
-5145
1261
-6321
-2760
9466
3462
9216
-1670
3391
7117
-8702
2279
8523
-249
-1790
-9638
-9343
-2842
-3907
2195
2065
-2680
2368
-7896
8674
9155
-9940
-6900
3769
-1586
5451
6870
2821
3752
-9696
-5283
8605
8707
2813
3029
-2300
3423
8265
1696
-1253
-1520
1954
6546
-5469
8231
7781
-1414
4021
-3009
2010
3507
2343
-8898
692
-1390
2755
6981
4422
-5115
4516
-6917
-6957
-3148
5440
-10000
2821
654
7397
3322
8689
3853
-1326
4197
-5888
1908
7096
-3399
8862
1933
3834
8145
-4655
7253
-1685
3196
9536
7344
3002
-8670
-9904
-1791
-2383
4484
-81
-7364
-6000
-4387
-4801
6279
8772
2753
9029
-9087
9471
-7739
-6593
-3923
1086
-9557
-1856
1844
5515
5287
-1775
-7068
9387
-5505
577
-3286
-3184
-5359
-6626
-2895
3002
1549
-9642
-1383
-8718
7303
5018
-7413
8944
-2844
1613
6525
4473
704
-7600
8755
5786
7635
2945
9340
-9001
960
6085
-7206
1848
-3420
9050
7205
4095
5305
6539
4112
-4857
-2740
-193
-8741
4533
5075
9704
-4966
-1137
7889
-4449
2865
9363
-7285
4326
1851
5713
-5639
8879
5147
-9046
-7937
6239
7721
5641
842
809
-1045
-9949
-9178
-5517
5822
-185
6616
1972
-7148
-1742
-5185
-7494
3050
8520
741
-8643
6184
-6015
-9450
-1544
3658
9933
-774
4142
7732
-7028
-752
2529
-3598
-8382
-9748
-2876
-2909
-6159
2698
1975
-5507
-6796
5901
6310
3044
3225
859
-7373
-3799
3583
-7157
-7040
-5738
-4777
-9214
-6507
914
8530
9133
-2236
-599
8498
-5803
8518
7301
-1391
-5287
-4003
-8527
4631
5594
8700
-6499
-5774
-9687
3682
625
5922
9957
-7798
9036
4583
-4270
-8866
3965
1250
-8715
-242
3738
-2794
-2515
-5955
-6315
8839
8713
-4456
-1722
-2933
-9698
-2738
520
7182
3226
-3414
9413
-9981
-9209
5736
-7971
-8990
-1101
-2143
9276
-3122
-446
-6040
4156
-4411
8047
-2428
-2035
-8136
-3304
1117
2162
7137
8667
7776
4563
7855
-4049
2999
-22
-7212
3736
-1512
796
-3225
-8778
2662
5146
-1014
-5819
-22
-8967
6950
3569
-8381
7843
-7429
8125
-7943
1481
1480
7053
-5716
-6891
-3644
1813
-9983
-198
7636
3145
5777
7460
3309
-9307
7615
5824
801
2611
8254
5273
-3793
177
-5953
233
-6695
6851
-6437
9763
9702
6711
3032
-9306
5763
7803
-4836
-544
-7767
6953
1745
-7807
-9583
-2597
-4234
-8926
7526
3331
2282
-7823
5327
-3860
35
3590
-7516
7044
1401
1358
-9001
3827
4144
3705
-2280
4208
2227
-6601
-5779
6354
9523
9015
-137
1336
-4485
5756
6520
978
-4054
6153
-3571
-9506
6099
-2967
3640
-9629
-7408
-4529
6407
8095
8502
-553
9428
-5489
-6310
-8646
-1995
6070
-4908
1378
-3384
-9437
-3171
2492
-6987
-2689
-8791
7768
8813
-9957
-5680
7126
9029
-4837
-6275
-794
2978
-1901
7860
-6591
5017
-7189
-9195
-8129
991
5880
-2484
-9412
-8021
-2076
-9732
7250
3927
3092
2072
514
1712
5289
-2260
-6272
365
-1388
8901
8261
-5395
6621
-685
5766
-729
2223
-7750
-5797
-3319
8597
7380
-2822
8052
561
4600
8416
112
9967
1119
7145
-5559
1772
-8751
-1581
-4847
-4912
6708
306
-3499
-5218
-2756
-9853
3587
8433
7516
2796
6947
-9585
679
8317
-1735
5714
2885
5815
-9713
-5924
-5834
-3821
-5835
-1444
7759
-5416
-8216
7549
8489
8825
681
-8005
3785
6753
-8232
-6975
-6185
4689
7181
131
-184
1854
-7221
7953
-3317
9336
464
-8752
7102
-8198
-3542
6690
3110
-9496
9759
-3265
5874
4217
1979
1782
2320
-5933
-4694
-7225
458
7447
6456
1221
-3415
7052
-1993
-2912
9643
-6869
3798
7199
-3772
-2901
4389
9411
-1467
5824
-9557
3235
1272
-4443
2774
-6280
-4052
9354
-1599
-6926
2017
6697
-4934
9719
-6439
-1696
8826
-4116
2805
-6853
-9545
-9228
-754
6524
-92
5427
8363
3435
3049
6927
3173
-4054
-3871
-643
-5880
9991
-3797
4384
2223
-9333
6643
-2373
-9926
9756
9029
3112
2585
-4551
-6576
-4571
-5648
-1942
-5980
-6040
9555
-1142
-8886
2435
-2285
4483
2052
-1674
4965
5667
6771
-8446
7663
-7436
6300
-5349
-811
778
4511
-2764
2515
-3743
6843
255
1757
2082
6679
8043
9022
1202
-2007
-7521
-6811
5383
-9787
-3310
2747
7732
-8396
3739
-7710
4848
5594
9754
-8160
-1434
7019
-4050
-8686
674
5078
-6704
8628
3684
6309
-9965
-9448
7539
-3044
-1898
8342
-511
-992
-5352
-3743
-8685
-7391
-9733
8511
-9311
-8299
3076
-4070
9036
3319
-5593
-4300
6982
5013
-3137
8856
-5072
9809
1708
9675
9034
5565
1278
4220
6144
-8703
5138
-1383
-2477
-3389
-9688
-6239
-8614
2718
-2483
-241
-2300
-1886
2341
-5
5014
-602
4682
5109
1348
-3849
-5965
-4071
-562
-415
7115
-2532
7865
4120
-3317
2059
531
7567
190
-6770
-1241
5852
-6983
-3069
1746
9850
-8564
6488
705
-2231
-1736
162
-485
-8158
6403
-2113
-9804
5407
-9497
7237
6395
-5170
1370
8873
-9763
5949
-913
6316
-6322
-6112
-6563
4243
-5562
-8763
-5192
-8089
5401
-537
2258
-548
-6487
7796
-1313
3818
5256
1683
11
-6388
139
-9024
-9031
-5098
9228
1163
9095
-2376
-3942
-5198
-2239
-6591
-8817
724
-1061
-5159
-8951
-289
2789
-312
8076
2767
-3565
9337
8362
4137
657
-5971
3462
1232
6847
6285
-2988
4833
5027
1369
1941
-6575
-9542
-838
1785
-7960
9655
-4196
-7862
5037
-4364
6391
8442
-7094
-3883
-1452
9555
5602
5624
1842
-4361
6149
8182
4992
-4683
8320
9352
3589
-480
-5898
-6394
-8756
-7676
9477
4495
-5788
1885
6357
9644
5203
480
9693
-3940
7536
-4544
5422
-2840
7435
1664
6422
5033
5367
8127
-3991
8873
-7611
-925
-2104
-9146
4038
-1310
-1664
7488
-2949
-1706
-9944
3183
2299
8275
-9638
8938
1394
-8486
-759
-9881
152
-1783
7971
4431
-1400
2338
-9808
-9417
1098
-2111
-9810
-3538
5355
943
6588
7885
8483
6293
-8184
9841
4654
-2157
7747
-4079
-2514
108
2475
4508
-4915
-1623
6740
-8137
7609
-6000
-8861
-8574
-781
4368
7220
8933
8786
3488
5745
2723
-846
6191
-4361
8064
-2988
2093
-3096
-1733
7604
-2921
-8238
9319
1061
9795
-5230
9686
-3886
-2504
9952
7777
-1617
8898
-9521
-2652
-8497
-3703
-1197
9080
-9810
-2886
-1288
654
1771
8390
-6649
-7435
4670
-8938
-2874
-5075
2226
6460
1126
1128
-8712
2990
-5482
7957
-4057
-8451
2828
-9244
3171
-6627
370
-2953
-4401
9676
3145
-9846
-4286
-3211
-530
-1930
-9633
1726
-7315
3075
-6910
-1449
-2816
4856
4692
-8023
-5364
-594
6494
-4997
-8380
-9607
3241
3938
-7008
8569
-6476
8371
-5753
-88
-2364
-2687
465
-1888
-5589
5911
5833
-3638
5408
7474
1813
5449
3797
7326
3687
5261
-2056
7894
4331
1011
1589
5893
6379
-2788
6680
3233
-9109
-7609
8424
2518
3733
-2775
2540
5461
-2474
6920
9105
4690
-2941
8277
-8801
2309
-2559
564
-7134
4478
-9593
8913
9537
4331
-3905
2760
-7057
-2976
3983
-6329
2548
6875
-1132
2025
-4291
-3958
5405
-6137
-1617
-7084
3699
3034
5646
7811
7075
-2291
8665
-9178
-576
9293
9359
-4093
4990
1454
4209
-6027
7231
2932
-733
4684
3311
1163
9138
-7043
-9241
-5215
-8207
4365
-7352
2899
6683
-1414
5369
-5247
-3749
-9316
-696
2864
-6692
-4991
-9012
296
5404
8545
-5500
-9351
-3613
8244
-7561
1385
3797
2602
-8564
-6114
406
7173
139
3609
6893
-5190
-4659
-8441
-1352
-3147
-1767
8206
-3739
6096
-9341
-5605
9070
-8300
7042
4651
-9083
-8674
-1328
4936
-9448
8649
6809
9454
1538
-9672
6769
-772
728
-8603
9750
-4469
-9280
-8394
-4827
-6996
-2727
-9630
9965
3012
29
-509
-8262
-2165
-4639
2159
3893
-5090
2342
2521
550
2936
-4585
-7491
2064
-8413
7307
-6093
-1720
10
-5890
-557
8215
2748
2945
-3007
9624
4742
-9677
-4750
-2874
-15
9513
2800
-8310
-1054
-4208
-9789
3844
9034
2405
-2198
804
-7793
4149
5526
-1522
6615
-7847
534
-6475
1494
-8564
2739
-217
2125
-1376
8997
781
-9976
1988
-6006
7994
-9068
-452
5012
2291
-9819
5636
2304
-8574
7935
-3626
7606
-9116
-4819
3991
-9420
-2431
2932
-3464
-606
3664
-5425
5897
8546
9176
9173
-1293
8699
-6023
4539
-3408
-4015
-3218
-4990
3884
-3610
4722
-3704
-619
1110
3484
5524
-3961
1399
-4093
-9768
8790
1354
2172
-7543
6465
-1352
-3293
-1165
-3469
6222
6416
-674
6630
-6924
3492
-9670
-8962
2410
824
8053
144
7437
7480
-4335
-3647
-7627
8610
8708
-32
2482
-1455
-4245
5138
7918
4047
539
1723
5173
4700
6576
3441
9186
-6223
5967
-9509
8379
-1641
7964
1250
-1348
3499
5325
-6660
-4570
-5273
8868
-1602
9853
534
6018
-33
8290
2975
380
3381
1515
-4294
-3497
9992
4935
4906
-9595
-5875
6866
8869
9875
4629
4542
-1704
-8000
7455
-1955
6915
6103
-5224
-5972
6205
2652
4448
-2205
-8594
-444
-6752
4844
329
6781
6408
-2200
-8488
-2526
977
5711
-6971
3863
1824
-6946
-4355
1692
1190
-9893
-5277
6579
3809
-5061
6063
-1035
-4757
4164
-6098
-4111
-5098
7179
5704
-4766
8303
7073
4700
2458
7176
2655
-5199
2821
-1647
7711
587
5988
1144
-9652
-9072
-5765
6142
1971
-4026
7515
8978
8293
-3729
2128
-672
-7106
3729
4220
-959
4099
1033
7471
-8905
-177
-5845
-5163
-6895
6894
-9750
-1286
4000
9960
-8021
272
8747
2507
-1583
4983
312
-8760
-9994
-6276
-3026
-5676
1270
2436
2777
8605
5022
-4162
-7423
-6409
2481
143
-780
1332
-9995
-9913
4123
-1697
-5681
758
-1499
-4499
8922
-7773
2043
7722
-683
2569
8140
52
5606
-3153
3950
-2499
-6560
-8886
4844
2215
8956
-7877
-795
4668
8679
4232
9594
-3186
1893
8580
-6590
8488
-5284
-1828
-1748
-7411
-7022
24
-8009
7288
-5589
-9095
-7921
3621
-6909
-7854
4315
-7221
-5716
-4914
9091
-9722
9845
4991
-5793
-915
610
6250
-61
-9254
729
8855
6327
-6593
2545
928
-8526
-7916
2626
117
993
-9615
-6282
5567
-3997
-6653
1134
8527
-8242
-680
-9701
-7731
-2662
1763
4995
7783
-9417
7083
7877
-5843
-5965
3234
-8212
-8738
-268
1338
1477
8224
-4775
9508
-5592
915
-7738
2434
796
-5170
-9501
-935
-2891
-3135
-4939
7907
-2312
9117
3987
7528
8694
-8786
8777
-5001
8524
4986
5859
-94
6891
-4362
8869
-8257
1067
-5520
7453
-2843
-4690
2719
-9619
3414
-4885
6751
1864
-8494
9825
-3189
9761
-6258
6038
1441
4353
-8387
-1417
6158
5904
-324
-1823
-1150
-1440
-6007
-4454
-1605
4384
6152
-926
-8786
1688
6081
5601
9785
-4466
-7267
-6845
-5062
-7038
4486
-7884
-6679
8960
6597
7559
-1372
-1060
3768
6444
1907
-5963
4635
2445
-8285
4283
6116
-9078
-7732
4110
-9529
4500
9276
-1441
5193
4492
5071
-142
6825
-7063
-8333
-2067
3390
8040
1357
4979
-3662
-210
5374
65
6753
5114
2398
5100
1935
-5985
7755
3254
-3469
8392
-3302
3153
-7705
2221
7772
-9516
4292
-9585
-5013
-4422
-1343
6998
-1615
-6484
-6048
2872
6581
-4323
7920
8258
-9676
-7751
-2950
3455
2838
-9354
4785
-738
1118
-1824
7779
2923
-6268
-6248
-1495
-5474
806
467
8141
7030
7873
-8001
-8732
7842
-7859
-9207
-4234
-4873
-9403
3799
-2788
-8854
-6033
8567
-8472
551
-2203
-8324
-5881
-1198
-1377
-6989
99
-6741
9014
-5920
-4096
-157
-3094
-7113
-7813
-6808
-3564
-2712
-9835
4004
5200
-6044
-4337
-7501
4742
3171
9024
1397
3587
6444
3650
5522
298
-325
-7801
6392
6583
-582
-2156
-632
-4295
-6828
1394
-5448
6761
-358
-5019
-8254
-2929
7385
-5689
-4761
6366
6828
-3187
1020
-4211
6897
6787
821
3072
-3089
-5012
-537
7152
9931
-8642
-7599
-1217
7530
3452
-242
5194
3941
6751
3080
2608
1233
-7715
6254
-3275
5336
8698
-2493
-4558
3563
-2725
4357
6899
2904
-6656
-7851
8624
-9516
-7262
-2562
-9571
-6852
-5333
9650
8562
5813
5904
7110
-2815
-5760
5643
6104
-3132
-5979
3400
6249
7761
-3023
9794
7831
3236
-8845
-2733
-3906
-65
-5086
-9430
4493
2533
1744
-3023
-4664
4300
3556
-8011
-2559
5720
1419
1647
-1977
1945
7921
-560
3577
4495
-5848
-9706
-8554
7568
-3975
494
-5162
4861
7937
5101
-7230
-2532
-7874
-4930
-4081
-2700
3534
8866
8654
2874
-8712
4504
31
1591
-385
9073
2150
9280
-8718
3910
-3120
6330
-6548
-8982
9132
240
4147
-5351
683
5280
-9976
-8593
8081
-2120
8175
3935
-7582
-2615
9860
-496
6583
-4037
3705
-235
2067
-7250
-4087
6815
-8406
-6538
-2970
-3836
-123
8588
9508
6187
8297
3732
-5103
-1155
-1119
6445
-1759
4215
7220
6545
-1170
-4772
3927
-3888
9093
-8986
-7112
-8230
-5432
-8646
6988
-9347
-5677
9516
7134
-8752
3727
2296
-602
-1179
4082
9029
-5102
-1312
-5416
7250
-3685
3832
4429
-832
-5810
2
5255
-6776
-1234
-8186
7233
-4128
-4979
7188
1371
-2690
3401
4157
-8007
9358
109
6175
962
6764
-5582
5258
4638
-5592
6081
-5067
-7072
-7401
1782
-2840
8742
-472
-7762
-4793
-915
-4965
6953
41
8958
-9941
3229
1655
-1922
123
3841
3742
-7933
-2885
4180
4409
2551
8442
9878
5629
-7463
865
73
-5192
-41
5976
-2156
1675
8520
3548
8576
449
3375
4624
-201
-603
-2294
-3194
3056
3982
626
-7211
-6961
2514
5189
9629
7983
-1784
-854
191
-531
-948
3192
4881
5347
-8172
-8916
-9825
3610
7619
4426
7955
2362
-548
-7012
-2782
9775
-6040
985
-1523
252
-7969
-5483
7724
-8561
-4678
9111
1462
-106
798
1439
2625
9947
-7450
9586
-627
-7314
367
8660
6407
-2514
-4905
9973
1850
4333
4630
7618
8194
-4415
-1805
-9391
-952
7368
-6866
9102
-2573
6247
-9951
6726
6987
-3693
8659
-4734
6259
5184
-8847
-9282
7617
-8968
7159
6606
3401
1097
2468
-7188
-1370
4333
335
-9551
-7365
-9205
1332
7072
5346
5925
-2635
-5376
2801
-4080
8900
6749
-2890
2359
2963
7556
3790
-1591
6803
-346
9375
-7603
5767
-1809
-2765
7790
7098
9302
-6789
-4328
6526
-4634
2060
3179
372
82
6537
5805
8263
-1313
-3378
-1471
5945
-9106
6540
3995
9372
-7560
-7914
-6944
8859
-5831
5368
3920
-8268
9524
6026
-6628
-6951
3403
-5750
5999
-1981
-7914
4466
2400
-1866
897
9458
-2110
21
-5845
-2567
2637
-3935
6655
8235
-5997
-3012
-1778
7521
-9834
4443
4923
-834
-7876
-9210
-6432
8242
4507
-9845
-8636
6
-4669
-2067
-5242
-4449
2671
6331
5032
1664
-1638
9823
-7704
6793
6306
5054
5241
-7311
-8815
-7635
8415
6670
7940
7120
-4057
-9735
-3920
-5051
-2727
-3791
-881
3255
6899
4351
-7869
-7661
-6277
2167
4986
-1043
-2313
3983
-8776
6967
-4376
-2024
8222
-8792
9661
-491
5731
1811
5208
2837
1795
-6884
2620
-2394
-3399
2345
1297
7008
9083
-4974
-8816
8014
-3374
8183
-8052
8507
-703
3365
-4198
-2407
9251
8689
-9833
-6724
-9483
-4067
-3841
-6800
-8606
3804
7651
6195
-9450
-1619
2855
3675
3830
-7602
-1480
3178
2240
-5512
5125
-3245
-4070
2505
2206
-4937
-7257
6664
3608
8381
6370
8091
4903
-2212
-9393
3030
7500
6044
4258
-1822
1540
4297
-724
5427
-1616
-7955
-146
5300
-3063
-1485
604
-8176
5963
2216
3537
980
5928
3304
6217
-8891
-1580
-4428
-1279
-6805
8888
-8932
-9041
-2936
-524
2438
7966
3893
-7471
3150
-5110
-7320
-1098
8086
3539
6364
9975
-5602
8624
9888
-9328
4329
4783
8061
-6346
-2844
2172
2665
-5171
4954
5436
9010
5561
-1541
8981
942
-8106
4692
-5794
-1979
6965
505
-6573
6517
-841
8200
-2991
-9039
9884
-8056
-4487
-2468
-9996
9264
9365
-3819
5786
8412
8597
-5619
8134
6998
7613
7680
3792
9711
-9528
701
6118
3188
-668
1181
-6986
-4191
-8233
8252
-9158
-1868
-3426
6552
-2328
-4050
8090
4051
9574
-525
9176
-8770
-1779
1639
5298
-5564
1088
-6699
-4186
-2556
-4297
-8165
-4668
2418
7868
-7780
493
-5465
-6785
-1622
4865
-9184
-150
-7458
-4066
9232
-3989
-2553
8435
-4054
-5234
8096
-9988
167
-8715
7881
3081
-5491
7995
9288
2980
-1628
6790
-6445
2195
-4985
-3143
6121
6845
9077
5555
-2746
-348
-4036
9424
8740
858
8494
-6350
9903
9376
-5165
-4193
-8468
-9530
8775
-1208
-2535
-4781
-6780
-2107
-5151
-5149
6872
9581
-7704
-1661
9742
-353
-3939
-8024
6095
3701
5950
8023
7798
-8285
-8797
-9738
-935
-8528
-3298
-7960
2193
6933
-8694
4765
5144
5842
3365
1423
1329
-8085
-5821
-5298
1692
8755
-1634
-8097
5199
7515
3919
-1829
2619
2901
-8245
8546
-2464
-5079
-249
942
4330
-9251
6989
-3357
1102
1301
5426
9664
8787
3904
-9578
6801
-5048
-797
-5785
1907
-7998
901
6561
9694
5585
-8221
-9193
-3595
-7398
6491
7844
8901
4787
-2770
6982
3387
-7420
-4023
-505
4769
3565
730
-5995
-8845
-1859
-3451
-1875
-1096
6758
-1287
1431
-7963
-7696
-4780
-7255
9711
-6490
-6409
794
-7938
6685
3098
-4875
6553
7363
9341
-7401
-945
608
1251
-3228
4421
-2746
-5824
-8502
-4983
9915
2820
-208
4740
7238
6936
7324
-8728
-2566
4627
-6260
-4106
4120
2629
4374
3029
-6845
2223
-2310
-748
2794
-5737
1538
2792
-8837
-4265
-5304
-8503
2824
-1615
-6271
7335
-6240
-1083
856
-9008
-3201
606
656
-9844
-9085
7831
2392
-1175
-4099
-5598
-2403
-4656
5932
6397
-8524
-7377
-5339
2475
-5643
-410
-5073
-890
-6525
-3077
1877
-7406
-4737
-1771
-1895
-4314
3189
5030
596
1444
6350
839
8719
-7389
844
6829
-667
-4738
-1652
8476
7466
-729
-2802
-8820
5690
-8079
-9263
1373
3879
2774
4032
3073
-1182
-2171
-1987
-5859
-5452
-245
-900
808
-9442
-40
7764
5289
-8636
6131
4256
7115
4223
-7202
-1386
5658
6694
-4275
7980
4716
3093
9003
-1735
430
-8910
-2989
965
-3927
-18
-8783
-8737
2486
-6207
2645
2589
7173
2405
-1654
2512
-2631
-4204
-9045
4701
-3232
-4313
-6805
-8712
7262
-6923
-4106
7147
1914
1298
6553
-3959
6365
-3716
-7341
-9587
7540
6500
5046
8925
9565
7986
9895
4921
-5398
5846
-3606
-4794
-5381
3658
974
-2171
5863
7315
-414
2816
-3833
-5189
-1465
-7581
5331
1485
-3345
-3570
6271
-9736
2665
-9995
5216
4456
1050
-1574
3594
-5692
-6451
6365
4648
4615
-2068
-7282
661
8688
-8704
3195
-736
-6734
-5554
3490
7136
-7249
5584
-2585
-8184
1221
8313
8198
3899
4622
-6728
-9079
2410
-7134
320
644
-7839
-305
-2033
-3585
9281
2547
5902
-7033
-1503
-955
-650
-6761
-955
9015
-9430
450
2087
8518
4179
1055
-6199
-2885
-5683
-3166
1219
-7776
3880
-8377
4192
423
-3134
8727
8434
-1562
-2934
1927
-1975
-8228
-9242
1718
3302
-8004
-6592
7505
2275
-6474
8610
7932
-3137
9887
8224
7932
-6131
8975
4257
9608
337
7328
-8882
-1505
-4871
9667
4571
8555
-5581
-4353
3045
-8410
-398
-1333
-1553
1175
-7339
2047
-5518
7233
-9535
-1844
5227
8896
9310
-3399
-8508
4032
-4878
-3946
6210
-165
3248
3718
7535
4615
4548
-5699
170
8906
5313
-8652
8947
9257
-307
-7710
-5682
7765
5787
-2929
136
-5086
8435
7423
-1645
-1860
-4961
1754
9189
-8532
-3330
9472
-8341
5239
-449
-2663
-1125
4796
5307
-9725
-8983
7959
-4348
-7406
-5545
-6762
-5388
9170
4673
3401
8085
-281
-9059
-3420
4100
-7367
6371
7143
7073
9684
8178
-5352
-3025
-7091
-6329
-3989
-6349
-1650
-4461
-7006
3215
4419
6954
9980
-7100
-787
-2865
1333
326
-4267
-5253
-144
-1771
2717
-9975
1619
725
8265
-1374
4121
5650
-7558
2241
3206
641
796
7909
1329
-5932
9501
-8606
-2290
5542
2456
-5892
-7820
3819
-5901
-6557
4441
1683
5554
-7975
-1546
-1459
-612
499
6243
-9651
5005
-4763
-8091
2742
2609
5299
2929
3870
957
-157
-911
1683
8572
3136
2401
8614
8636
-4305
-4439
-7000
-2459
1998
126
-1730
7034
-4617
-9798
7575
-1796
-9311
-2783
-8671
7052
-3894
801
673
-724
-1789
-9721
9095
-1662
5401
6572
3180
-8509
-5831
8228
-1672
-9923
7451
6005
3142
-9467
6344
-3786
2178
8254
-7071
7288
6004
5684
4957
1637
-9628
3406
1298
1898
3603
1694
4674
-2424
-9174
6626
-3260
3855
-2795
3198
3110
-5651
-3054
-1971
8979
-5150
3243
-1315
7510
-88
-6342
-1763
-474
-5213
7210
-7649
-338
-9346
-9115
-5939
-2407
4974
3271
7571
-8793
522
-2575
-7916
5298
-4810
1241
2364
167
-8851
-5441
2177
-1040
3698
-3297
-9992
3578
-7399
-3928
-997
8585
-2108
-7068
5898
3366
-7854
3583
-5390
-734
3822
-6032
-5022
-4068
-7205
-8053
2161
-6190
5706
4375
-5476
5208
2698
8556
-2040
-9353
-4610
6368
9592
5067
9238
-3343
-2135
8643
8297
-7636
-9684
1149
-6552
155
-2033
9395
-4282
9715
2907
-3808
7896
-8692
1582
-9062
5965
6868
6983
1600
4680
-4165
8155
8657
-5761
7238
4598
-3248
-9404
4119
-6989
7579
6666
-320
4691
1384
264
9484
3060
2163
-1073
3511
-1884
4991
8981
-2764
-2742
8724
-890
6779
-9356
-7196
-3893
2734
2550
-1112
9501
2863
6402
-4346
-5697
3744
3097
-7820
-9696
7377
-2384
3051
5626
-612
-1704
3501
33
8584
1684
-9418
-7938
3557
-1421
-2115
-2007
3333
-2146
-8501
-6116
7454
7572
-2586
8451
-9082
5252
8759
-2877
9954
4723
-475
-1999
-6341
4312
-9172
5656
1333
8472
-847
-1245
-1263
5830
-1906
7904
8106
4491
-2295
-8264
-5354
3930
-8969
-7149
2523
-7968
7776
2545
-9062
-9019
-7570
-6174
129
-1936
6523
8181
4905
1525
2925
5308
574
6233
6393
5785
544
-6614
-4160
-7312
-9607
-2776
-7730
8198
5391
-1273
350
-3818
7034
-7419
-9388
438
-7955
6922
-3762
550
4300
2472
-4483
4575
2255
9484
-5963
-8686
-8771
-3608
-8889
5601
-7052
-1683
2272
-1206
4959
-7539
-9399
-5215
8686
-3409
2903
-2213
4261
-8632
7231
-8109
2125
-263
3640
8798
1290
636
-3477
3572
-5994
1458
4252
2420
5866
-3787
5226
8415
8604
9895
-4888
9387
-7001
5116
2947
-7408
6682
3513
1808
-8870
-4865
-5285
-4017
3966
-5993
-8293
5733
-2193
-6421
9384
-812
-9716
7387
5867
9517
5951
-6682
2207
5562
-7776
8650
2474
-5977
9894
-5600
6960
-2946
2958
-8021
-9979
8842
87
7879
3955
-9555
-2948
9371
-1027
6630
-7011
4343
-2955
-2625
6967
-1773
-8882
-1423
9791
7106
-8395
-7631
-4228
791
-246
133
6874
555
-6377
8256
443
8974
-9225
4921
9593
-2516
1020
-5485
8951
1481
-4481
9444
9403
-5021
-6979
-1899
-8807
3690
-6850
-1329
8313
-5535
-7626
-7744
721
7317
9224
5691
9876
9034
-9148
5730
-1837
2871
-2772
-7196
3188
-3892
8542
-4808
-8408
-4391
581
1751
6534
816
-6481
5137
-7417
-5469
5049
-1094
4486
-548
-4418
7076
1287
-1914
-418
4513
-2182
6869
736
-1514
3492
-5879
-5802
4544
492
381
5557
6055
-7202
2755
2510
5117
4070
-7924
-7777
-6314
-607
6997
-3333
-8901
3725
9394
4604
8477
-2881
9917
-3809
-3640
468
7260
-6195
8186
-2370
8786
4641
1550
-6986
-5560
-3765
8404
-2627
-5932
-546
4521
-7642
4875
8505
-7410
5188
9260
-3603
7186
-349
2840
-2387
8572
-1544
1902
7688
-146
-6181
8832
9956
1998
8784
6957
-6265
-2264
-457
2297
-7184
9073
103
2085
-4663
-9256
5948
236
-179
-7612
-2427
2074
-9125
-8390
-2497
-1703
4450
-1286
4053
-7797
-5460
-7051
429
5550
-9266
4224
-5744
-9138
4217
7378
-1964
5722
-4434
4256
-1210
209
-1033
9091
2973
-6845
4340
2020
-6963
-2197
-680
6390
-5849
1506
-5319
-4282
438
-4817
-4449
9726
-610
1234
-2994
9710
-8101
2300
-1085
3612
-8133
-4663
2842
-9653
8926
8890
-8791
-7436
-1910
-3312
7440
5085
-2328
-5008
-2447
-4029
9631
-3948
-3948
-2425
4630
3788
7265
593
-861
1008
9176
3675
8447
7983
9041
3772
-2399
-3437
-9139
7223
-8440
9285
-5384
1771
147
-9187
-6287
-2998
-8939
9786
5364
-4815
-3513
7687
4160
4743
7163
7199
-6073
9798
5895
-5716
-1293
1206
9172
4319
-8372
-2659
2740
-4493
2148
4167
-4020
6756
-9345
-2749
-1710
-8742
-9430
-5473
4914
8404
4576
-2477
638
-7630
-7347
6370
799
6548
-8723
2959
-2538
-3425
-2130
2438
9052
1132
-28
5036
-9976
2918
7558
9376
9490
-7002
9850
-2312
-2814
-8999
-498
-1106
-1795
-1304
3907
-8185
8621
-4804
-9533
-5552
-8175
7138
-9034
8239
-2746
2288
5567
6937
-9476
1044
-9910
-4540
8255
-3791
-9201
9846
8359
8434
-5796
3111
-6365
-5453
2245
152
7610
3654
1426
1525
-2686
779
-8943
1781
7879
-6051
4745
-7879
967
6452
4449
-9343
9611
8901
8180
-1122
-6700
-4501
-330
-7282
8164
4470
73
3890
-1618
6810
2176
-5733
-336
2561
6598
7623
5964
971
-8598
2444
-661
6984
6402
-1209
6183
-1580
5495
-1721
7386
-2672
2717
-3706
-7404
-5599
-2893
6458
8836
2568
-1741
-3961
-690
3356
-984
-1836
2176
4082
2789
9946
-7516
1576
9466
7602
1791
791
7908
8031
4169
-8293
7076
-8097
6728
5106
9140
-4343
-9443
-6379
5375
7056
3427
8724
2325
-4522
-9121
-3190
9911
2301
-4810
-7319
4227
4289
-4591
-7500
8702
-5363
-4941
2181
-6411
-3782
8542
-6673
494
-6238
2454
1879
2014
-5392
2996
-1296
2215
5557
-6234
6334
-9521
-5380
-7487
6601
-7249
-957
5719
4968
1962
-3246
-7351
5541
-8317
7100
-6228
8168
7172
-8758
-1153
7961
6576
-6145
9264
-3529
2766
3254
8680
-1894
5258
-5145
2459
-2557
-9532
129
-7337
-3840
-7320
6722
9255
6555
-1209
-218
-6750
-3487
4060
-570
842
-8859
-1255
-4173
4840
-8335
6954
4595
-1677
4900
-6531
8578
-3509
-3267
8333
2376
-2010
8786
-7129
-6929
7897
-44
-5984
-2883
236
8179
203
-470
-3198
-8526
2013
-1066
806
-8805
1022
4405
-8957
-5386
2917
9098
6584
-8379
-2110
-8619
5516
-7185
2239
1587
-8245
1705
4240
2830
9560
6901
-8203
-6342
-665
-8255
9486
4792
-5822
128
-5340
1717
1390
-5464
-9186
-5835
-4131
4184
3865
2261
1998
1286
3307
1203
2678
4677
-8688
-1577
-5954
2003
-8929
-1623
7552
6043
8804
3454
-432
7738
-632
1652
3870
6822
-1606
-1097
7938
7835
2534
-3612
3728
1178
9950
8829
1865
-7405
-3073
-6304
6642
-6644
2696
7111
-8319
-3139
-1375
5171
-9851
-7110
-1890
1915
-8869
-3236
-8059
1884
9346
-7532
2172
6841
-9381
9193
-320
3833
4736
-4533
7332
-9117
728
8170
-4302
6266
-7707
-6505
-6004
99
-2520
5512
-839
7166
-6633
-6123
-5277
-5647
-4386
3691
-2070
-7344
6691
-5444
2193
8725
3074
8056
186
-4599
4199
-6234
4724
5058
7574
-2723
4762
-5025
4139
-7207
-1735
3235
-3442
-3287
-9625
-9045
-2703
-3947
-1875
9019
8864
9815
4629
-1807
7694
-7870
4709
-5627
127
-6817
-2980
3218
2363
6778
8814
-3560
-6751
-2008
-9340
5363
-7691
2236
-8500
3022
-2447
7172
-6809
-8893
-2301
7981
9979
8400
-5548
1167
5795
-8934
2557
2345
8583
6421
292
2459
-1053
6330
6865
-610
-1983
7542
8572
-5336
8409
-2773
-631
8770
-5648
-2110
-5720
-5359
-4233
155
-2979
2841
611
8684
-4829
1313
-9334
-5588
9229
8627
-2628
3124
-9945
9471
8769
9969
878
4242
-7924
3463
-9564
8889
-3767
-9988
6291
5983
9848
9383
6231
9066
7995
6074
-7166
-2554
5121
6295
1955
-8207
-350
-1514
2747
7495
-6005
-9253
964
6424
2338
-9455
3887
5956
-6478
-6125
-6885
492
-8785
3731
-3772
-158
2131
-7447
-4884
-2159
-7283
-1283
6837
-6589
-1387
8090
-5354
-2245
-6145
4280
-645
397
4622
69
8285
4938
-1245
-7050
4890
8837
6113
9801
-1700
9051
8760
-3002
-2000
1517
-2038
-7060
-3972
-927
-8835
3652
7264
6735
9311
8805
-9416
7816
4461
-4208
-7645
-8278
7792
-1774
855
-4592
9611
-6124
9171
-2084
-5385
-2837
139
-1651
-7080
751
-8493
-6004
7439
-2027
9107
4796
-7370
-2887
-8710
-515
-9737
-2196
-4138
-7884
9801
6205
1202
5258
-5774
-6923
1116
-5304
6556
5009
-4379
-7092
2671
-3405
2374
8393
8176
9215
763
8977
-3739
-9162
1572
-846
-1842
6714
-3325
5665
2160
7061
3828
8499
-5083
-220
-3923
4206
1796
-8712
-1352
4849
64
8899
-682
9028
6505
-9930
628
-8663
-9991
2991
-9360
-8285
4187
271
8212
-5693
-2720
5838
3345
3906
5213
5557
165
4513
1456
6639
-1334
532
3394
-6185
-6263
8918
1744
-7281
-9138
-5769
9019
4955
1418
-5515
-6215
-7227
-710
1386
2723
-4099
-5910
3242
7261
-5665
-9625
-167
-2777
2099
-153
-8945
5174
-9174
6862
-2212
6877
166
-4147
6493
-1772
6909
-6416
-1468
6186
325
3409
-3412
606
-8354
-5294
4287
-9883
5244
6130
5740
-6141
3920
-1330
3418
-2927
-5193
7213
-7216
-8623
-768
5785
-576
-2319
-528
9308
-2007
-3816
-7127
1930
-7947
-9778
-6909
7010
6142
484
-4153
-5322
8969
9890
4724
-1644
1292
25
-1840
-4792
-9626
-6421
-4267
5085
1564
-9749
-4535
-3938
9442
9793
3201
-9430
-9689
-9367
-6213
-3113
-5322
-4529
-3337
-8928
-3628
2944
9937
378
9708
7572
4394
9013
-1171
3689
5397
-5673
-816
3507
-3897
-2684
-6948
-1457
-5855
-5532
3698
5922
-721
8626
-8683
-8330
-2687
5744
-9428
-7847
8835
5918
7868
1480
3841
8108
-2370
-9322
2804
6701
9550
9632
-3684
-4865
60
-516
-9966
-4907
-4824
3168
4
-433
-3472
1172
-649
-2303
2154
-2467
7662
9978
3290
-1630
-5449
-2607
2149
8552
6375
5452
-8148
2227
-7163
1263
6338
1049
2718
7726
-9683
5609
-3506
-1721
727
-7379
273
-8539
-4076
-9799
-190
-341
-2694
-314
-8402
5582
7807
-1868
-7426
8850
-4790
-4005
1986
-8179
3383
-7712
6867
-2021
-8347
8862
5103
-2155
-4036
1014
-5957
2471
3187
1275
5077
685
8155
-3092
-7900
-1022
-7165
-8795
9233
2076
9771
-4071
9609
-8628
-7830
9967
-4306
855
-7261
8932
-9321
-7581
-120
5905
8962
7697
-7792
-2360
-3435
-9833
-6679
-1764
5583
-2846
-3558
6342
-3133
-7509
-3723
3940
-6727
-8060
-9213
-1244
4642
-640
9110
-3409
4908
-7424
1982
5938
2777
1092
2182
-6175
8694
5598
-1534
-4303
-7639
7138
4378
-3587
4543
-9171
-1426
3719
5541
-8652
-3018
-7187
3789
-1446
-5248
7684
-5832
5193
-6200
9750
3982
3777
5718
-4270
-8512
-5038
1857
-1501
9919
9725
-281
7642
8562
3483
672
-2538
8989
6526
355
-3614
-4282
-2789
-6961
-5718
-1961
8899
7206
196
4159
-652
-8715
7190
6197
7347
-4528
8881
-981
2077
-8638
-7470
-5818
-1116
9594
9552
-1703
6591
-3996
-3734
-4237
-9402
-4134
415
-9196
-8372
5102
-9324
-1899
-7710
450
-4170
-2956
9842
9174
7733
1577
-4046
1160
-2800
276
-6033
9123
-8519
-111
-4963
-238
3195
6928
3675
430
9870
-2710
2370
-9353
-8320
-5092
-3266
5534
8057
6155
8648
2705
-5771
-3005
-1876
2350
-3519
9885
-5943
-49
-223
9514
-8623
-5845
6793
-5975
-6815
5398
-1272
-7050
-7437
9999
-4328
4066
5739
-8061
201
1590
-8299
-5100
-98
-6941
2613
527
-8418
9545
4496
-8181
-3946
-7746
-167
-3827
2541
7980
4620
1225
4800
5975
8163
2764
-7531
3549
-6815
265
-1053
-3987
47
2378
7021
-6846
4981
979
-7761
-1086
9711
-5475
2456
6738
-156
-9855
1599
-3141
-3441
1330
-1864
-748
5892
-7741
4005
-9997
-1978
3092
-7719
-6205
-4985
-4541
-9915
4763
282
-5363
-3108
1592
8528
5061
1286
2633
-6626
-9050
-1495
-616
9401
2360
3133
-7569
8455
-9079
-5803
-2732
4878
8681
8214
-498
2222
-1408
6383
-3748
2722
3969
9709
-2474
-3275
7657
791
5369
7359
-1003
7406
-4616
6695
8309
6802
1962
632
-143
-7008
973
-9987
3479
-6408
6260
468
-8951
2446
1302
-4921
8894
8135
59
2403
1486
-9497
5502
3303
3960
8093
6176
4009
3285
5637
8300
-4472
7998
7093
9247
-9468
5499
-3722
934
-2134
-1800
2251
7601
-4742
3089
-1687
-9168
-489
-9066
6310
-5408
-9845
4522
-4745
-9829
3792
-1184
-3852
8868
6705
-9608
-8413
9186
6641
-4464
-4308
8010
6687
1102
2759
6635
5879
-4304
-3635
3919
1953
-1683
9574
110
-2750
-5992
9822
-7822
5834
-8009
-4589
-5111
-59
59
7031
7059
-9294
-9601
9424
-3057
4534
21
6286
-6749
3426
-9627
-7066
-3334
-9885
-5602
1777
2003
7981
-3469
6070
-9186
-7989
9797
-9012
-9373
-2401
-8065
-3477
-8897
-9193
-4765
-8049
-5014
2614
-9209
453
-6149
5008
-2084
4710
-6985
4688
1536
5741
7250
-7845
-500
-5199
8632
4200
1450
-2509
9737
7957
7255
8635
8087
3194
7526
-5664
-2717
7736
-6089
809
-4266
6057
6563
-888
-2658
-8444
7409
-9316
-197
-2855
-9807
-5894
3037
5672
9352
-6139
1518
9095
-6012
5770
2470
-2862
-7160
-4832
8300
-9845
5728
-1388
3369
-9012
-3401
8225
2168
5584
-2315
4333
2958
5479
-9539
2859
-761
707
-4301
6989
-6730
-8575
-3437
5675
1017
-1598
8844
-8091
-8010
8128
-3829
-134
6828
4044
342
-5255
2908
3871
-7131
-8274
-7755
-5871
7042
8401
-7820
-5242
-723
8345
-765
-509
1151
-9719
-6624
-4439
-9018
-113
4127
3073
-5659
8153
3526
9288
7812
-8852
-3454
-8158
-8935
2216
-897
-1494
-3199
-6667
-2764
2155
8093
1483
-4663
-6274
-3271
-380
-1587
7039
-4403
-5403
9168
-8672
7727
-221
5493
-9096
8559
4181
-2348
-3312
-9272
7252
2543
-8365
-5754
2103
-7345
7462
4723
1884
2465
-2770
-8763
2218
-2490
8703
6339
6561
9166
8554
-6921
-464
1798
180
-845
3795
-9397
1497
-7812
9736
771
-818
3199
4609
-7019
7784
8721
-8775
7999
4739
2490
9256
9625
9991
-608
-3675
3682
-7707
-9222
3858
-9107
1947
-222
9630
4020
663
9176
8289
3464
-5209
-7207
4299
8580
-3229
-4177
9719
211
834
3362
-5674
-797
-6444
348
-1011
-7899
6177
-3911
9515
9303
-7859
3829
-8766
1039
9289
-9893
-3664
-8363
-8800
-1976
4086
2941
-2552
-8237
-2700
-7385
-6973
-240
7400
5688
-8074
-5939
-5589
9911
7831
6723
-5772
8574
138
-5235
850
-948
-8602
1857
1289
8523
1195
-9564
-3366
6820
4754
-906
6753
-1696
-3604
-9046
6296
3274
-8278
-8955
-4500
3649
-1628
6043
8280
-9024
-1448
-6574
-6392
-665
-5363
-4557
-9807
4480
-8778
5598
5635
-6222
9293
-9085
3608
-5895
4902
7198
-8057
-351
5688
-3719
3499
-7869
5043
3983
-6424
-2075
29
-1251
-4342
953
-141
7587
202
458
7963
7122
-8858
4687
618
-8593
-232
-2149
-349
3265
1432
7473
2711
3105
-9121
5002
-8799
8119
-5313
-6177
-9911
405
-780
3584
-7354
5307
-6675
8546
6616
-401
-9612
3320
-4551
4740
7433
4266
-9630
570
-1116
-3348
8271
-6915
8871
9280
7591
3383
-6576
-2322
-9514
-9625
-5578
2911
2329
5124
-5312
8111
-2894
-8865
4583
1971
1758
3857
-3130
4165
1575
-9337
8844
-9859
8274
6365
-9328
4753
-1906
5579
1312
-6440
-575
4114
4394
-148
7024
-2230
-5727
9545
-3373
-1884
-4822
7425
-3452
9322
1306
-2236
-7948
9992
-5385
-5583
1692
688
9009
8150
-4053
-5135
-7188
1804
-8521
-9070
-2961
-2599
-3231
4934
-6214
-670
-2897
1360
-3597
136
-8106
-9839
6775
9418
-379
-29
7975
-4464
-747
-9354
-9608
-9875
7674
8396
-8622
-37
912
-8858
-1088
4899
-401
6175
6748
-4410
-7895
8342
5178
8862
9848
9616
-4311
3181
2076
-9039
-8534
-8920
-9167
-5566
-6324
1612
-2643
-849
-5620
-8220
42
3854
-5380
5003
-2021
5350
1838
9433
8855
7210
7163
7730
2204
-3526
-4024
873
5657
-74
2065
2691
259
2855
6590
-9278
-4787
-2525
3261
-7465
-3946
-4912
9588
1359
-1479
1747
-4898
8233
1401
-8419
323
3991
-8723
8430
3047
-3451
-2036
8781
9831
6188
-1269
-8428
4779
-5109
9045
-7352
6795
5959
-7512
9024
976
8627
9989
-9798
2704
4679
3957
8731
4167
-2692
6617
-3737
-4405
-7003
1932
9286
-1028
-1533
-4606
-139
7101
3858
-6615
-7931
533
-9326
7619
-4356
-4051
4823
7930
2668
5514
-1208
6937
-723
3808
6436
1198
-6157
9788
-6017
3911
-803
-6329
7193
8432
5270
2599
-7878
8804
6042
2249
-8510
-7488
3670
2953
-1284
-9608
782
-2123
-3195
327
-332
6955
-5016
4634
-1612
-6189
831
3015
6401
517
-7737
-7045
-4781
-5359
2445
-8098
3843
8667
-7731
1393
-5236
-6210
2572
-5306
6389
3109
6721
8078
2672
-8186
2047
-4736
6771
5196
-5936
2113
-717
126
-6366
-1683
5250
8430
-6589
-6913
-2205
-9331
-1491
-2467
590
793
7981
4075
5327
-4166
4881
-3934
-3563
-6680
6476
6706
4973
7446
-2422
-6693
810
2567
2229
-8428
-7495
-4354
6292
-6831
-4024
1342
3671
1399
5863
-3070
9444
2537
-9896
5964
-5456
4931
-2700
1163
-8589
-1404
-6916
9521
81
-6552
6929
-791
1735
3823
2482
8281
-4347
4312
-6782
-4865
7662
977
892
4950
7628
3585
-6205
975
-1681
8702
-6246
-5811
-9965
27
5651
-8222
-5357
-2239
5423
7296
-4308
-3934
8356
-3478
-2611
9697
5041
-3939
8419
-9476
-5129
-1580
2254
-8037
6776
-6315
-1723
1545
3941
8492
-5482
894
2068
6556
-6605
-4735
4060
-6211
-5495
-961
3419
-9745
-6240
-7558
4354
-4983
-3740
-9523
2708
-1399
3069
7206
5867
-7770
8515
-2491
-9771
-7667
8191
-7076
2890
5954
3799
8771
-2037
1584
-5300
-3267
-7710
7197
-3299
-4422
9730
1937
5394
9130
7622
-8178
5402
-1096
-6465
-2436
-4431
-5571
-4137
4035
3876
-9119
-9179
9212
-3348
-3079
1993
4654
-6071
-5410
7050
8767
-3825
-7123
9934
8917
980
4471
6848
7733
-1904
-4976
-5220
2969
-7584
-599
-6734
6885
4850
-3488
9489
-342
3359
437
1416
1674
134
-6003
-5605
-5471
3665
-6710
-3304
-1694
3088
8302
209
6648
-2494
6244
9923
-3032
2870
8178
8627
-5764
4416
1523
58
-9732
-1031
3100
-6340
-8798
2684
9552
-597
9224
6103
5604
1394
-6296
318
-6145
9202
-2412
3749
6745
-9239
-9243
9714
176
-5636
-1077
6332
-3733
8181
145
9473
4014
-6897
3209
6493
6219
-9847
-5259
9758
9911
2233
-8139
7933
7832
-2085
7460
7076
-6478
2769
5603
-2017
-378
-2629
-8925
-7183
-6823
9945
1233
5488
5109
-4970
-9654
-771
8355
-3560
-8370
2617
-8053
6856
-6955
-9115
414
2169
-8373
-6566
-4849
6661
6628
2857
6741
-3474
-4200
-8197
7163
-1421
9312
8799
896
7935
2264
5944
6402
-4217
-1856
-6254
-9519
-7318
4645
-3925
-7177
9587
1996
-3522
-9251
-7528
2410
1683
2013
-8247
3445
5613
-248
291
-4530
2798
-1318
-9770
5499
-1337
6941
-3733
9137
-6683
-7997
8010
1429
3693
-7018
-8221
393
-6095
-5101
2597
-4671
8350
4996
-9374
-9715
-2784
-5262
4097
8766
3313
-163
-2540
-7037
-1403
5607
-5365
2846
-4265
2353
6671
-4498
3419
-5621
-8714
426
-8149
-1830
8451
1495
1710
-6685
-9822
-1796
-1294
8635
-6719
-9070
4152
1586
1035
2945
-2411
6601
4190
-1784
1303
-6335
6716
2031
-5927
-4025
1703
-9339
1978
-7505
-1258
-3140
-1472
-1964
3429
-846
-3151
-4043
4220
1674
421
-2541
7472
-126
8241
4564
-6474
2324
8585
726
-1033
-2052
-1497
-9294
-2459
6411
-2960
6307
-5648
6070
-1851
6886
-6924
969
9469
-1666
-426
-5479
-2162
9449
-8541
5991
1190
-4536
-4943
-6726
-2628
2860
1834
9523
6306
9517
9927
862
7218
-9684
7476
-2470
7106
3004
3169
-1577
3511
8354
-275
3159
1836
-2882
-2417
9646
-9756
-6643
-609
-9703
5054
5849
9281
-8038
-7227
7231
-2806
9760
3464
-5008
6406
-6935
-8053
9938
331
-6631
-903
3784
-9333
3940
-7066
6651
3293
-2349
-3403
-2640
-5600
-1356
3165
-5398
2140
3771
-2888
-481
-8116
6994
-903
-9627
4420
8411
9338
7093
3325
3468
2160
-849
-4921
-7693
-1922
-7898
6433
-2869
-9789
5012
-2835
7013
-7455
7864
-101
964
4706
323
9144
-3713
-1048
-5680
7221
-8717
4663
-5781
-6066
-436
8654
3122
-6191
476
7991
7862
4073
-992
9087
8401
5139
-5758
4769
-8731
762
-4461
297
8525
-6171
5826
7078
9504
-4402
4293
2564
3451
-200
8802
9407
7169
4978
-317
-4806
4722
-7359
-5649
727
-2895
5817
-3573
5711
-4596
9212
1352
4948
6301
4951
5475
9906
-7430
1214
-8055
3513
-1907
3343
-4663
3853
8397
5254
6785
7727
-1308
5559
1309
-7848
6092
8339
4365
4239
2287
4588
299
6597
-5592
4712
9840
-262
-477
-8167
2170
6198
3648
-616
3718
4134
-3095
-9164
-9892
-1661
3599
8576
-3040
-7221
-6379
-1304
5429
-3560
-8378
-8242
6802
1342
3736
7708
-2058
9593
-5669
-7942
8424
7096
-2235
-3696
695
7760
-628
7629
273
5230
8456
-9470
5351
2330
8899
6086
-2475
-5224
-5269
5590
3489
6193
5172
-2931
7921
-1369
-5465
-4283
6849
-9593
-6874
774
-8181
6368
6030
5669
-8331
-9364
-3416
-7970
-1501
8732
-1449
-24
-6313
3331
7562
-3855
1036
-146
1883
-1807
8326
-3194
9308
8420
7307
7265
3667
1724
7912
1075
-4670
4219
-1226
-7123
-3513
-9294
-8814
-5241
-445
-6960
-4397
9988
-4511
-3374
-6679
9161
9538
7971
-1475
-1567
-4192
6457
3660
2617
-9542
9321
5428
8481
8606
-7264
9660
4784
-5045
-5846
2025
1297
8419
-425
-8556
3280
-8756
-8505
-1741
5624
9070
1208
6713
7462
2897
-4420
8110
6484
-5722
-6347
-6010
77
-9302
5360
-6087
372
8127
-7106
7521
8769
-942
-5450
8662
-106
8399
9053
-4932
-7969
-5361
-3068
918
-4158
3753
-8653
9032
3556
9533
5293
3346
-6996
9288
-8120
-1041
-1361
1863
7199
-5024
9624
-9636
-6737
7878
-5720
3939
-8352
6136
-7854
8121
5239
-286
-9149
-3404
1502
-7789
-6034
-6504
4374
-5846
-4018
3573
3544
-6062
9364
2512
-2522
6411
7792
6129
-4284
5362
-3545
1933
8922
-4627
-587
2511
-2708
-7914
-4777
70
9933
5966
1001
4153
-4495
2
-6096
-4505
1349
6649
1629
-4617
5063
316
4162
2154
984
-6617
4365
-6506
-7032
-2867
1352
-3653
4358
7234
-9968
-6259
-3034
-7148
6820
-9093
5761
8754
979
-1285
2049
-115
1675
9192
-5233
4241
4106
-4610
3772
-9088
-3895
3394
-53
3
-2870
-5697
8611
7933
-1924
820
5145
3262
-3973
1331
-7628
-4478
-2326
-2842
-4850
1606
-583
-4782
2432
5744
493
6341
-3686
2731
-1217
8524
-2528
4366
5787
2442
1325
8054
-887
-2106
-9978
1582
-1601
1176
375
8696
-4024
-1163
5854
-3854
2817
7173
-1718
-1421
9249
-2403
2586
7113
-9680
-3229
-2836
-5983
-5030
-303
-6581
-9409
-9827
9878
2890
-1272
8258
6132
-4928
4173
-5137
6909
-6836
-9471
-94
8753
-3298
5488
1046
9018
-8635
-6488
9455
3997
1858
-4663
-8713
1906
-2289
-6051
2728
863
3537
-7415
5808
-494
-8531
3722
3512
8349
5896
4331
-8762
-6604
6652
-7483
-7956
-9569
1723
