8780
-2003
9866
-330
6217
-2989
-9822
4851
-4224
870
-3144
7735
-1620
-8610
2950
4977
2777
743
-4229
4777
-4697
7577
-9868
3958
-1942
1034
-1040
-3556
-7815
5812
-8168
1034
8394
3900
-8727
-1854
-4063
-6337
2863
1853
-2960
-1718
-3891
3961
3769
-778
-1673
1143
-3206
-2672
4044
7851
7498
-5232
3157
-2396
4458
3510
181
2216
-7792
-4550
924
8019
3716
462
-882
7996
2558
7185
7848
-1927
-9408
5793
1766
-514
2785
-9515
-8273
-5201
-8486
-6801
-9873
-231
-1088
-2474
-553
270
4476
-443
-3536
8007
-2587
-3559
-7381
-6702
-2964
-6265
4589
-4613
-9080
1961
4624
-5845
-4063
5050
-2626
-525
6441
975
1758
2998
-4273
-7553
809
7814
4538
-644
-3144
1558
4456
-2503
-201
5181
-14
9989
-2564
-4348
-8776
-4459
-4852
-7065
-4917
7
8914
1749
-4552
1862
8475
2841
-5508
7213
8348
-5690
656
-2985
1002
-1694
-7607
7411
-4863
-5283
4949
-6474
8213
7682
3598
4364
-3175
908
3556
-6295
-5818
1935
8409
1730
5531
4091
-2280
-4576
1674
-1204
2116
-1332
9319
-4150
9366
7462
-8624
2022
-2186
7023
1797
-7985
4839
-5665
-1406
-8666
-6322
2501
2397
4343
-2846
-2154
4803
-6889
-9323
-7605
8875
6651
6336
3499
7002
3161
65
448
232
-2773
-5140
-4876
-7409
1716
-9390
-7718
-4442
-1216
2483
-8743
-9496
-9115
-2178
5926
2064
-6771
6805
8446
-6491
6155
-5981
5081
3865
-7087
-8133
7498
-7570
4056
-2188
-4639
5146
8283
5428
7178
4196
-3679
-1380
-6469
-8912
8723
3475
-5218
2787
6023
-4334
-6072
653
4736
3925
-9455
1669
-8484
8862
1455
-150
1197
-7728
6125
1715
2434
4147
-2198
9813
3557
3472
-846
-4777
-2849
-327
562
-4939
-6627
1313
4545
4874
9961
8963
-1784
6264
-3943
-8286
5193
7893
-7462
9168
9425
663
4978
-3110
-926
5334
309
-7532
4576
-5463
4707
1525
893
216
-5023
-7486
338
-754
2203
-7786
2895
6336
-37
4572
3136
-3869
7167
-1587
-2217
-277
-108
5596
432
-9017
-5583
-7482
-8450
8034
-5674
-3170
5598
-1610
1455
-3537
-4913
-8478
2308
-2109
5214
-5782
4658
-1449
9897
-7849
-6984
9049
2293
1263
-7532
480
7466
7586
-353
6821
-9036
-8824
-8194
8453
-5755
-2403
-8376
-5775
-443
332
5998
-9873
-6349
6782
283
-9946
-6138
-8914
2868
-1298
-3624
346
618
-6026
-2097
3616
8041
-7182
-5905
-7557
6299
5020
-7658
-1609
7678
-4821
4525
7921
2650
-5611
-3666
1015
8827
2828
7255
313
1349
-6688
-5156
-651
-2453
1255
6754
-2952
-4052
-3824
7184
-8711
2131
-9382
-4400
-7842
-7831
-68
5194
-9540
6799
-8198
-8267
7781
-7190
-1616
-8688
-1053
5646
-2218
-4264
-4103
9235
-7338
3397
1869
2238
-4679
-4977
-5398
-1838
7183
8875
-7658
-4099
4076
3844
2449
-6010
-1331
-240
-3937
-805
3834
9507
2412
-2976
4474
-7544
3358
1285
6378
5418
-3952
-1696
-2792
-5450
-2563
-1239
-6283
-8949
-5272
-7640
-669
-9787
8889
-6376
1567
-7122
-8128
3943
1520
-1586
4255
1690
8882
-5868
1132
422
-8259
8261
-8581
-836
-1356
-9133
9637
311
-7923
1629
8474
9342
-4892
-8185
-8595
2987
-5705
-5212
4879
45
-8055
8887
-7183
-8093
-4952
4773
-4747
9959
-3526
-7984
-9951
7319
-2421
-1536
3614
-1273
-5616
-4445
-3789
9358
-3077
401
9163
-6677
-6593
8232
-4538
5292
674
3694
8536
-5528
6217
4726
-5892
-2255
-1166
7655
6499
6597
3474
1649
1397
7023
-5561
-9947
-6090
262
4650
5960
-6857
5319
-2334
-8453
-6476
6024
-6437
-4095
2342
1462
5661
6786
-7276
-8050
-6090
-9623
-386
-1782
942
-1849
-9892
2383
-4318
4933
3250
-7537
6700
-3874
-3473
9054
-8650
-3533
5683
-7950
4117
-3524
-215
-3097
9087
2397
556
-2239
-7817
-2540
7293
9680
2207
-810
-8811
1839
9062
6778
-192
2713
9604
3311
5677
-6423
337
3769
2620
7847
-9220
-2305
-9732
9631
6438
-4507
8645
8960
-4969
9223
-1677
-4055
4204
-1424
-1622
-5913
-4611
457
8107
-5998
-9410
688
2464
4598
9939
5444
1830
-6063
3877
-4463
7853
6304
2593
-5138
-8522
9560
7809
4369
5143
7272
-9319
-1434
-7473
2330
4324
3985
-2504
1797
-8402
-2483
-5205
-5047
-3196
-3195
-358
6524
1638
994
-647
1045
5196
-6402
-4394
-6430
4661
-5314
-558
6401
-2253
-8877
-5859
-2994
3470
-9561
-8501
1724
8170
1352
-7578
-8752
-8777
7611
8836
-8741
4028
2983
-831
-3068
6573
2773
8550
6927
-5518
4041
9569
4683
9179
810
-5949
-4368
7852
-5148
3830
2993
-5069
1227
-1763
5552
9249
6611
8261
4301
4020
172
5504
-3174
-499
-5702
-4904
-3014
2376
-2733
-4064
-5659
-5602
5296
8253
-4158
-5279
3610
-5803
5121
-775
7808
4387
9992
-5246
2432
-6898
-7560
-9691
9854
-7526
5524
-788
-3283
-3371
4329
8639
-4208
4828
-9112
5455
9143
9970
-5545
-4042
4587
6355
-3592
-4455
3792
-1853
8928
-5362
1075
1935
-6173
714
5042
-1580
-5542
-3727
-4707
487
-4695
-9449
6474
5172
-1182
-131
-5437
7801
-9555
-2053
-3553
5445
-2085
2909
7304
-2502
7607
-2834
18
-4892
-3306
5642
4370
-3039
-952
-2285
9764
-5124
7924
9178
-8859
2401
-6881
-8195
-1150
6629
-5911
-2697
6179
-1010
9504
9646
9486
-8089
-5045
1960
-6294
-1405
-6964
3410
-6156
1175
6542
2502
5972
2886
-6928
-5634
-1366
-5902
8696
4280
-7083
1407
5991
8488
-4925
6751
-9218
-4124
1850
9785
2553
4364
4112
6972
-1044
8360
-5416
1832
-4398
8081
-9035
-6120
-5288
2332
-9461
4532
2317
8531
-1416
-2563
-234
-2247
9195
-7720
7828
8588
-6465
5735
1795
-7616
-1650
7998
8321
-4684
9938
9824
6517
6128
-1673
9843
9544
7916
-2714
-361
917
-6890
33
-2901
972
6200
6158
-7359
-9784
-1944
-5640
-4348
-9882
-1983
-3826
-2176
-8151
566
107
-9532
-3298
-9257
-1232
-3738
-6446
8145
-4597
-7665
-611
4474
-9128
1065
-7841
9790
-1082
2440
9745
-704
-8954
-2898
-5297
-7405
-5357
-9145
-3056
4474
-8781
-4318
-7656
657
943
1156
-5676
-8935
-1089
-7241
6189
3278
-4743
-3058
607
6430
3337
-8347
-7202
-7632
-8745
6548
5504
-8703
5719
-4975
-3771
-1531
7084
-436
9838
-255
6224
742
4608
5385
-9057
-6686
-8450
-8859
8537
4431
3926
-6307
4192
6725
-3433
7401
2326
-6019
-4787
-6320
5029
-6771
-4047
-6913
6897
2943
-9514
-6940
3068
-2319
7844
-6414
-6784
-2987
-8640
-7275
-7438
932
560
9544
6756
-4440
-8701
-6950
-1971
8716
-190
7507
7868
2938
-7929
-7556
-3655
-5597
4500
-5837
-7292
3754
3773
-2353
-8288
-8236
-5726
4106
3950
-4710
-8407
-2546
1281
383
1132
-180
-1371
332
89
3537
3015
-5913
8563
-8617
-6043
3894
-2487
-9458
9816
2410
-6190
-7059
4783
1726
7811
-5588
-8466
8385
3527
-7417
-7550
-5022
4069
8455
7855
628
-1207
-9588
8721
3468
6098
6368
9682
9264
6482
8489
3661
6688
1867
5847
174
-2633
7026
-5420
-5266
9209
8853
-8827
195
-4530
5132
4144
-5859
7419
-1060
4080
-6524
2303
-846
-3058
-5169
-7828
-9659
8209
-9823
6326
-4191
6359
-2920
2064
-2041
1767
-3348
-1258
-6564
5397
-793
-862
-3987
-8597
-4283
5412
-6691
-9196
7050
-9508
5552
8715
-7772
-6041
3818
7922
4292
8689
5589
4944
3550
785
-6772
-8102
-1467
6413
-9308
5770
-4779
8383
-371
-5351
-1344
-1881
-9143
9402
-2202
-1478
2168
-6555
1709
-6174
726
-6077
5038
8900
-1056
7198
-7776
-6360
-1268
-191
-6175
7510
-8293
7134
-1266
-7517
3172
1322
-9515
-6469
4944
23
7382
-3568
-6422
-1226
-6054
5663
-8699
1548
-9478
3582
9401
1668
588
9248
5061
1629
840
1478
-919
7733
-6514
5848
1628
3424
-2751
-708
-5343
8533
8409
8177
9781
7854
-9494
284
-9529
-9680
9559
8860
5785
1051
-7500
327
-9790
6380
7899
8118
4537
-7172
2513
-7014
4011
-8834
-1022
-3101
-8617
-4131
8584
-1163
-9798
-9167
-6942
147
7390
-7280
7571
-8208
-7725
5110
777
1165
7380
-4627
-8368
3199
-2813
-6921
779
-230
-6378
7011
-9746
5460
6513
-284
4963
2910
-7741
2718
-1924
5666
-2673
4856
9259
-2472
3618
-1317
2649
-3671
-8769
526
-9131
4162
-7762
-404
-1401
-3889
-3882
275
5927
3725
-8894
8054
-2382
6280
3152
6386
2950
-1690
5135
8728
-1784
2179
-6953
7382
-2815
8289
-2509
-1108
7315
6760
2082
9475
-6001
339
4838
8433
-3331
-2089
8873
-2081
-7292
-4438
-9329
-325
7898
-3658
-5283
2018
-4409
-4765
7975
-439
5298
2727
7665
632
6866
5456
-7913
-9581
8072
-3469
7198
-2947
3262
-1091
7917
3113
-9192
6719
-5277
-7486
9850
8227
678
9585
-2375
-5598
9779
6531
-8842
-6451
4485
-3521
3167
4143
-9356
-7844
3621
9099
-3295
-8772
9346
-8476
-7716
5913
-7122
9787
4363
-6215
9682
2999
-827
454
2468
5866
1839
-289
-4344
212
-9076
7017
-2861
-6838
-3721
-3279
-6318
5035
7528
447
-4787
-2710
-7066
-3292
4993
-1379
9710
-1272
5889
1040
946
1045
-6065
2731
7289
-1358
-2891
2828
497
9575
1844
-3540
-9337
1201
-9069
-7613
-6779
3120
3916
-7742
8755
-1600
709
-8747
1082
-1799
5704
962
-1307
-9422
19
-8793
-1845
-7708
-1604
-6683
-8078
-955
784
-8112
-7199
6074
4661
6525
6053
-4521
1570
1348
792
1953
-6311
8502
3329
-498
-5342
-2288
9881
-2225
-1635
420
5211
-7972
-2388
-7744
7044
4998
7468
3564
5866
-461
-7305
-2588
7144
2740
-4806
8543
-2549
1467
-6769
6924
3849
-3055
278
-7449
1716
-3015
-1549
179
-3863
7750
3814
-4228
-2694
7275
6510
-9482
-1729
-8675
5158
9430
5801
-7553
-7880
1783
1185
-6105
-921
-9436
-7498
767
1178
-3079
7411
-3
-8309
-9645
1918
-9208
-1916
-330
-4097
-3206
8366
7679
1174
-1476
-7312
-5103
-734
-3979
7218
-521
-916
2437
8860
8292
-4743
6557
-3160
7939
-4760
7794
-5661
-8870
4620
-3674
9351
-8322
-8819
-9396
-2482
490
3703
-6632
-8202
4856
-7515
-5490
2519
847
4869
-3015
-3551
-350
2772
8833
-345
5933
1637
-575
2481
-9042
-3435
-1550
-8673
8739
8906
3404
-546
2578
-9369
-1247
6432
304
-9042
-7293
3973
-3157
4518
-911
-1723
-608
8360
4763
4834
-1554
-8895
-8551
5976
4512
5600
1990
4192
-9315
5085
-517
9603
4800
-8187
2111
9151
-2888
7760
7972
-552
-3710
-54
5829
1919
-2564
-7884
-6225
-3030
-1881
5056
7101
-9773
-7521
9678
-5134
7224
-2846
-2028
-3594
1926
1482
-2082
8280
5295
-4400
6910
4927
-3365
5025
2637
1245
-7941
7699
-9790
-2865
3463
-5611
-8457
-9527
-4126
-1233
9141
-2781
4495
-4454
7728
205
-5989
-1710
-1681
-9799
6875
4073
-8409
-8855
-6566
1319
-7610
5772
-1745
-2529
5991
9687
-707
-9908
-1142
7463
-2580
-7713
-624
9842
7391
4605
-7957
-1577
4115
-5790
2962
6558
3348
8879
-2291
-7455
732
-8416
-955
4629
1802
6072
7466
2302
9687
-3375
3044
1421
1581
3716
6441
4505
-8720
2921
9954
687
3514
257
5021
62
1730
-6618
8164
6566
-4135
-1928
-1828
-7066
9233
8015
-1946
-204
6713
-4305
-7758
2434
8781
-2054
-193
-5476
-1534
-3612
2982
3864
6482
1342
-8646
2947
7155
-8866
-96
6627
-9918
-8660
-4214
-8796
-8172
2880
-869
-7812
645
3669
-770
5183
2079
2388
-284
1272
-7592
89
4844
996
-7149
1036
4067
-3171
-6565
974
-6657
-2321
-3488
5802
3325
-8774
-8989
-331
-2716
6574
-8778
-2972
-7295
-1064
-3779
-1788
5324
-3225
3373
-8838
9177
2424
5720
-3769
4033
-876
-174
-7822
-8622
6661
-6916
-3773
7043
7471
-5394
6718
4399
-332
2462
45
-8721
3823
5304
9578
3628
-9568
8073
-7169
1180
-8602
1165
6181
4232
-115
3155
-1217
779
-2775
-6526
8777
2219
9414
1815
-7498
9486
-5930
-6742
9081
5770
-6861
-1828
3331
8038
8278
7834
608
4205
-2376
5924
3011
-3025
7975
4485
-2138
-1469
-6537
9942
-3024
-9063
5644
378
757
-2495
9904
1659
4018
-7679
-4329
-8655
5182
-8739
8375
6414
-9532
-7884
4763
7591
-456
-4575
-8235
5000
1418
8845
-6242
-4461
7758
-5469
2218
-1677
-8068
2212
167
6103
-8244
-9205
-5107
5835
-1840
5091
-2472
1053
-9663
-2881
1354
-4681
6900
-8578
4727
6103
-446
-8049
-7042
-6734
3865
-5215
-5030
4247
-2116
-6692
7399
7624
8254
-7732
-9974
2209
8826
8186
-2485
-3109
-9039
7305
4581
975
-8331
-4874
-2395
1229
-3940
-5152
-7689
-9926
-70
-5875
-6235
5895
-7588
8511
-2431
-4551
7923
703
436
6841
-512
2897
5861
9998
2032
-1706
-9966
-4270
9182
5893
8885
7335
73
-2838
6705
-7100
-6004
1734
-4234
3965
-2839
9450
2045
-3666
5000
3141
2824
9541
-8554
1463
8551
-6315
-7595
571
7307
-7986
-8099
8727
3408
9769
9188
4706
-7204
-676
-3512
-4641
7610
8769
9429
2344
6789
-3908
-7323
-4751
-7508
-7283
-7056
5153
2195
-6772
-4790
8366
8730
9300
4546
5787
-4395
6329
9198
-2775
4486
3042
-1253
336
-3432
-7907
-6932
-7918
-498
2789
-5927
-3513
9436
8612
-1962
4477
-2982
5287
-3184
-9540
-3732
-8329
-4107
-5962
-2093
8205
-5012
-3699
7726
8724
-1648
-1967
3022
2146
4784
-1439
1910
-5792
4858
-7594
3002
-1509
-2986
-6670
-4844
-8953
-7007
-8572
9977
-2386
7670
1637
-3596
4217
-2298
-6376
-2630
1083
2991
5086
9230
9423
2134
-9402
-7697
5477
-7178
409
2879
2520
5146
-7747
599
8963
-6177
-2971
-2148
4354
-5527
-7199
-1334
7694
7083
4309
-9022
-4715
7070
-6516
-5992
-3342
5436
-5330
-2203
6713
8311
-8216
9837
-3298
3444
-9033
-3290
2866
6937
-9421
6295
305
-1000
6052
1776
4784
-7996
6278
-4089
6175
5220
1351
-3297
-4309
6960
-8215
-6940
9147
645
8415
-8363
9352
962
-8404
4681
3347
8605
783
-4823
5611
3673
-1693
6475
6975
-1963
-14
1086
2488
335
-4662
-4313
5960
4516
5874
-5701
-2615
8936
798
-5782
505
429
7608
-1704
-8788
6137
6807
7601
-9765
-250
-3965
-4282
9940
-2147
-2767
-488
288
9190
-3751
5513
9311
-3071
-1205
1166
762
-1176
7260
-773
-2494
-3020
-1022
-3199
-2606
-2838
-8469
9627
-3658
-6391
5079
4123
9080
-7877
-1140
-2749
-9468
5754
-9254
-6957
1970
-4250
4833
5892
151
1486
-8670
8321
-8646
-8065
1721
-95
6085
-8388
4441
-920
-814
-423
60
1109
-4024
-9742
-1532
-8857
6536
-2633
6241
359
-7257
-4260
2061
-4350
-268
5338
-7466
8101
-8015
-1409
-3298
9379
-9995
-2954
5338
-1816
-2234
6453
1423
9603
6013
9325
7282
7019
-5867
9926
9062
-882
9706
-2711
-4959
2813
5503
9625
-2053
-7912
4995
-1808
9581
9368
6290
-4394
-3622
2788
-9128
-5111
4787
1853
-3941
-6630
1471
-6870
3406
-2163
-4730
9027
4874
-6803
8538
-6985
9683
6261
8809
-5221
8718
9851
-8384
7276
-6070
-3893
8805
9278
-563
-6388
-4823
4870
3342
2078
3310
4589
433
2506
4772
8920
8333
4107
6384
6418
-6139
-9830
-8
-342
5747
-3214
3056
7079
3627
9084
2562
3854
-2859
6778
-4378
2240
-6770
-3884
2357
-6539
8692
3725
-678
6078
8672
2642
1908
-7301
-9522
7245
8816
3461
-2140
1801
5890
-4610
4095
4736
7483
-5968
463
-4640
-8923
-6784
-2782
-9334
1870
8129
-6136
-7982
8416
-6283
345
8735
5100
1559
6161
9764
-1768
-3971
9196
-5013
-999
2730
8512
-4592
-398
-7546
-7361
7094
-2857
2952
3805
2403
9766
-4305
3891
6073
8026
7275
9160
-7253
-4689
5440
-7800
5768
-9768
5067
5382
2934
-9008
-6343
9069
-4627
5619
8404
-2344
2843
819
-5074
-5655
-2849
-4297
9145
5205
7353
-783
7547
-8752
8969
-9935
-9763
-5465
558
1184
-3489
-9461
6735
7771
1595
-1802
-5667
2247
8794
9816
4238
-3689
7663
9672
-6045
7605
95
-2442
-4400
-2760
-9379
-3408
9167
-2555
-5660
-5630
-3978
2337
3032
6590
5992
8787
5845
-6294
7525
4533
-150
8204
3855
-139
-1652
941
409
4149
-9899
1670
6990
91
4499
-7251
-2800
-6745
4227
7421
-1122
-699
1825
8057
4851
4885
-2056
3355
-6036
8406
-6798
-6521
8719
6726
6113
-3577
-4067
-6982
-6422
2698
-8555
4112
1572
-2023
-169
2254
-3914
5350
-8001
-5481
-508
-5547
-4043
-5235
-277
-6247
-6938
-8856
-7412
2443
748
934
136
8495
6410
-6349
-5652
8383
5923
6749
-7249
-5390
5117
3316
-7662
-9297
173
8767
-2700
-9332
1395
1537
-9430
-9642
2135
-6718
2885
508
7433
-1332
-5203
5200
-7030
9433
-4889
-7882
-2741
9812
-9168
2779
8801
-4703
6941
-6995
521
1251
-473
-6233
3970
-8230
977
9631
6282
7589
-6732
5022
6340
-8588
-9403
-1799
316
-9993
-744
8959
-6686
4123
7076
-734
-3230
3855
-6617
-1992
3926
8624
-7968
-2293
-46
6766
6723
1312
-394
8186
-1639
2219
-824
8920
1569
-4606
-8471
-1898
7221
-9366
1093
1138
-2672
5001
6960
-1368
-7111
6055
-214
-4978
6243
-4730
3777
-6193
6181
5592
-7574
7833
9615
-3451
-2440
5004
253
-1911
-3669
9712
-670
9890
-9655
5644
9107
8767
-7064
2562
-3535
-6199
-6368
-2863
2771
-5960
7066
8990
-3188
-8778
-1685
-3427
2549
-732
5206
4354
-4952
7389
3003
-7229
-8886
-5360
4803
4334
-2893
6255
6154
7059
6816
-8128
-7460
9787
9218
3601
-2516
3866
-6800
9635
6986
-7081
4161
-3575
5026
901
4227
67
2258
6687
5315
894
-368
7151
4299
-9320
-9762
-4430
4675
-8084
5888
1685
135
8768
7416
6205
5161
-3475
-1979
8953
2850
3661
-2414
5896
4672
-1488
1899
-4146
-5087
993
-241
-5653
1461
4841
601
-1150
397
-4521
4155
-7520
614
6583
8407
-2655
-4342
-5138
8859
-1619
-3547
-4665
4465
9255
9589
2082
6902
620
9166
262
-2094
2148
4692
-207
-8908
666
-1897
1317
-7934
-8327
-9229
6218
-519
2908
8690
-9616
2957
1674
4334
4143
-9796
985
-7369
6240
1161
-3757
634
-9490
-2239
5017
2490
2071
-8894
-5637
9780
-1225
-3707
4212
3142
7668
-4678
-6952
2729
-178
-9959
5802
-7157
-9984
-7128
962
4134
6294
4355
-7933
2132
3158
9207
-2779
4314
5438
5237
7900
9116
2704
-4516
-3139
2273
4331
-1388
8210
9875
-3437
2737
-1744
-4874
7960
-2468
-8785
9015
-7708
-7039
-9617
-5874
-7270
3055
-3784
-7925
-3525
8610
-508
-5499
5755
-5455
-3283
-5851
-6567
-6263
6350
5789
415
6752
-2168
-9707
3820
-1370
-6848
-6766
-8461
4869
705
100
7667
-8371
2593
387
-2983
5698
1843
2538
-4954
-8227
-8655
8559
-1034
5135
-1055
1932
-6476
7056
-9141
-8471
-8452
-6135
-7563
-944
904
2987
6058
-9286
-6805
-4472
-939
6300
-4901
-5760
-4349
8325
9397
3906
9815
2559
-3295
2437
-4885
-8528
-8462
-4529
-8256
-3111
-3263
-3203
-2325
6383
2200
7657
-2974
2877
9502
-7715
4618
-7757
-390
-65
8959
-8408
8459
6931
8220
-121
340
-2994
-6019
2051
9150
-6333
6058
-6930
9102
-4580
-225
-9405
5194
9383
-6839
-3346
5803
-8707
-5973
-3784
-1033
-5465
-566
4534
553
-8547
-2177
-8103
-1598
6462
2142
-5780
-4164
2011
-489
-3671
5056
-1766
8380
1192
1079
-448
7867
3798
9434
-8522
5854
4925
7021
3990
7361
-1685
-6840
2440
-6957
2993
9905
4968
-8222
3076
-6538
3117
-2153
-6000
-6684
-4149
9019
-3412
-2182
6375
-4075
6487
3568
4870
6996
-6401
-6996
6498
-347
-555
24
-2872
-42
-531
1513
8684
-5379
-8981
-8642
-1052
3805
2468
-4193
-1710
-3728
5493
5366
-7824
-2317
-5443
7835
4753
-887
7131
9876
-3999
7357
4979
8643
-3029
4977
9005
3407
2713
-6142
-5072
5924
118
-9463
-1678
-2956
4816
1753
-594
1578
2112
6250
-683
-6230
9950
-6340
-8097
1250
271
2046
-5331
7192
9223
-2448
691
-1331
4521
5142
9461
-4773
7224
9081
-5127
-3501
-5317
-339
-5120
-9844
-1941
6866
7321
-5643
1954
-9509
8400
-6239
2645
-2428
5415
-6614
8070
6176
-4209
-3480
-4866
8928
1050
8813
1964
-2035
-9091
5615
4823
1944
2514
4322
-8469
-460
-5954
-1162
8224
-5719
-9140
-1986
6023
6416
6112
-6132
7805
6352
3952
-7691
-6639
5083
4066
-9897
258
1845
194
-5030
3294
6089
5566
-7939
6307
1280
-4303
4805
-8259
6780
5044
-6433
-8045
-6847
4806
9846
5243
6085
1306
9940
8412
-1671
6130
1393
8277
-1229
9508
-7022
-764
-3617
-3589
1387
2702
-7490
-8563
-4295
-7424
-6963
6351
4758
6280
-1731
8173
-7839
1791
-4949
9392
9587
-4546
-2508
499
-2317
6928
-7911
5171
-3040
1212
-7965
-9707
3807
-6305
-6356
147
-6875
-5808
-8259
-673
3411
-9632
1319
3822
-7489
-7870
-8674
3073
4019
-737
-6067
7483
6362
-912
4725
6293
-3971
2277
-1090
-9157
-1627
2261
-1566
33
-2168
2224
-6462
-3334
-6578
-8798
-3671
9727
5612
3783
4921
5259
8637
379
-2487
-9264
3206
-8545
6496
-4945
1136
-4317
4646
-155
8058
-5998
2897
-2869
-7599
3960
-5153
-1691
-4790
-7802
7642
4655
1576
9195
-7055
-6806
-3797
-408
1070
4588
1646
3933
-2535
-8309
3625
6258
3874
2380
2459
-6129
8533
3924
-4281
8506
2800
7272
-398
6159
1591
5152
-5095
3811
-4549
6852
-7395
-4081
5180
5556
6681
6465
829
-5414
-5173
-7142
-6750
-6486
7516
9166
-7603
293
-8958
7167
1746
-825
7727
3385
-4354
-4481
9777
-803
14
-8387
-4612
9508
-9417
4181
-9980
7712
1379
-1602
8392
-7157
2223
1326
1822
8107
4487
-7113
8412
5977
4457
1726
4331
7216
5512
-9241
-2089
9316
-7666
-108
-5354
8310
-4879
-3068
-6625
8439
4751
5510
5817
1974
-9772
2077
-8024
-8384
-8720
-8832
4782
-9547
321
-830
-6089
3668
6256
7826
8736
20
5977
6334
5061
6627
1084
7748
330
9358
5497
-1117
-5930
2138
1739
-6560
-442
3758
5401
2779
8423
-2310
-1128
2433
6367
7302
-7311
-1847
-6864
8690
4513
-9583
1468
-1719
5550
6811
-8800
410
2541
-4867
9719
5116
-3382
-4830
-5869
3154
8502
116
-8868
-2264
-4767
-6198
1104
-9962
-8303
-6999
-520
-4266
2354
7454
490
-6073
-5100
5457
-4048
664
9266
2687
6143
8531
-1509
-5721
6489
3506
9767
9542
636
-9271
1381
-7302
-1076
-3218
5659
9831
-3039
6078
-3836
-943
6687
2323
3662
3733
9410
6380
-9784
1185
2325
-7660
978
3531
-5054
2280
-8745
-3203
191
8993
-2845
2707
2521
6461
-3479
5818
7792
6717
-1813
8512
77
-6649
-1619
-1295
6478
-6457
-9529
4731
4898
-3682
-3097
-858
-1095
2780
9591
-4849
559
7358
1580
-1292
151
6579
-2079
-3678
-4318
1050
-1914
-3711
-4921
2964
-9678
1160
-308
-2027
-8956
-2454
2946
-8878
-7660
-5843
-7666
2803
7485
-9000
-1420
-6036
-7910
8410
-7232
-9541
-2425
1713
-7147
473
-4942
-1635
6393
-6546
-842
7962
-1491
-7507
-1761
-7318
260
-295
7055
-7178
-4675
1920
-2305
-2269
-7227
6342
9180
-4292
5728
3730
-6893
4248
-9993
-1488
-122
4016
-8391
8030
7885
3082
8240
4210
9608
2565
2151
9545
-4634
2551
-5416
4894
7771
7823
8003
2973
8538
-5020
95
6638
1380
1675
-1225
-3202
-1489
-8713
-5463
-8565
3731
-8893
-3552
-1110
6672
-600
1312
-5870
-3815
-8771
995
2096
2241
1901
-1843
4484
3534
-4249
567
8529
2310
240
7348
8714
4093
8384
-3357
3006
8193
9194
-2466
-7066
3711
-1685
7606
9902
872
-4610
6231
-125
-8264
-5431
8444
3667
-6775
9166
8201
-8182
-9031
4232
5603
-9189
-2054
-7291
-6597
-8019
4332
-6196
-1187
-9281
7818
-6643
-2654
-8747
4989
-2032
3074
6657
6255
4090
633
7291
-508
6936
-4267
-4092
1841
-1858
3344
9894
-4597
-7740
5338
-5142
-367
-6706
868
-9966
-64
9707
9984
1453
-5644
4363
3591
-5214
-8398
4872
-4630
-1222
-723
7786
-4802
-8018
-575
9143
-3402
6712
-2520
5584
-6002
9273
4051
-6054
8215
-7332
6387
2829
1561
-7546
2826
3802
-1825
-7992
3950
7911
3087
2772
6794
5183
-4862
1308
-8334
5774
992
-3346
-3537
-3108
-3949
1265
-782
-7837
-1253
-4283
-596
450
3618
9098
2173
1819
-5930
9101
-6199
6641
-8414
-3001
-7173
3554
-7668
316
4790
-9624
-5066
6780
-1963
7308
-8613
-4683
-578
-5495
832
4043
344
-9990
-9715
4351
760
-9692
-3709
9692
9749
6324
-5608
-3103
-2803
6866
-3467
-8499
9672
-3005
-467
815
-4595
-3158
4153
-3306
3400
-5227
8894
-4850
7166
8903
-3901
-9835
-9052
-7348
167
-1073
922
-6525
-2194
2680
7691
-8938
-3296
242
-4024
5929
-9781
6327
-947
1779
-9690
9877
6950
-9308
-9406
2724
2630
-7152
498
-7234
5192
-5382
-1924
7429
-8924
-1132
7514
349
-2460
-8405
1288
6785
8558
-2621
-7021
3504
-7568
-7212
9018
735
9059
683
2118
7083
7861
4404
6910
-3446
4041
8448
5910
-2372
-3114
-8178
-1742
9846
-7119
2389
6261
-5025
9336
5808
980
-1226
7250
6634
-9890
3509
-7612
-7037
5612
-7576
-5241
-6781
6434
-2113
2609
7847
201
-8846
279
1567
-6420
-359
9488
9317
9208
-5888
-6294
4800
14
-2483
-1297
-4873
-1743
-516
-1668
-8238
5523
8455
-5879
-2005
-3359
-1706
-7797
2787
8640
-1911
-1075
-7120
-9110
-9337
-7027
-1264
2012
6559
2502
7581
3475
-5570
9549
-2373
5674
7542
-3818
6210
3630
-9399
3089
8168
-5475
-7747
-3900
9791
6179
-2558
-6252
-1612
-2176
-8465
9101
-9070
-8048
1437
-8372
-6266
9979
1367
2777
3799
-8324
8432
-5057
-7200
954
-667
-8003
-3019
-5827
2417
-3153
-754
5565
-684
6980
9216
7088
-5439
-5334
457
-4357
6210
6962
-3981
9473
-375
-1373
2785
38
-6949
-795
-6475
-3273
4650
7857
-5441
-396
5027
-7533
-4092
-3270
-7411
3805
2382
-4947
-7945
6706
-4628
-6190
-7132
4030
-8447
-2653
-5472
460
6927
9537
-2530
-4297
890
-7031
-1185
3523
-9463
2109
7432
-1806
7874
-1528
3248
-7426
5823
9172
-5092
-3373
1929
5149
-7712
-937
-3591
5665
-1249
5357
-627
-3798
2871
-5845
-8950
-9786
728
1526
7162
9028
-8648
-346
9658
-1933
-394
-3589
-4874
-2298
9687
-5864
-261
3886
-2457
-7812
-510
2498
7468
4154
5305
-6137
-668
-8879
5406
-8088
-7473
6158
-4509
-4122
-6377
-6655
-737
-6424
9445
9352
3172
6199
-934
8605
-30
7870
-7570
8569
-5273
-1446
8491
5822
4417
5609
4123
4506
8937
-5177
-8260
479
828
-7758
-1423
-5939
-747
-4296
2882
-874
4164
8274
5829
5240
3244
-802
4673
-5967
7510
-9998
2953
2191
-3015
8773
-6153
6785
1609
9185
5315
1778
-1379
666
-7168
5875
-9073
2434
8082
-7347
-9182
9668
-3515
-2764
-7330
-4305
-6914
7837
-5003
2271
9617
-4163
6981
5937
-7624
8156
5310
-9318
9728
4584
4305
-6792
5771
-5278
-4637
-1089
3662
-1520
4523
5317
8042
-3393
-1563
1210
-4313
8448
4016
-406
-8261
5645
3748
-4381
276
5640
-9700
8907
434
9635
-7088
7111
7219
-8445
381
-5118
7199
6178
-3427
7376
1607
8852
1963
-1795
-4975
7863
-3150
350
7211
6799
2394
-1418
7251
-9410
-3467
8022
-3555
-9742
-5509
-2071
-3081
1850
5113
-7437
4549
1510
858
-8604
-9160
360
-699
-7931
-7542
2056
-1830
4386
-3149
4215
6171
-3662
8698
-65
568
9341
-5663
7546
4817
9494
4255
8941
5361
7478
-823
-4317
1910
9594
-2936
-2485
-9143
8244
304
-7544
-3312
6647
1557
-4231
450
4844
9888
5277
-4761
-4887
101
7879
4639
1398
-86
6071
-6720
-2576
353
-2842
-5221
-4356
-1538
6988
2358
7769
2188
-9687
9769
5037
-3817
-9357
378
-7662
-7480
9100
-1374
-4642
-4868
1274
-5161
1112
7067
6442
9944
7068
8933
7184
7048
-1519
356
2679
-8857
-5913
-1238
-145
6185
7801
3345
7293
-7359
3367
-1521
-5562
-4400
-4580
6343
9493
5903
-5422
3453
-5926
-3613
1677
5712
6498
-1799
1950
3593
3415
195
5978
-5860
-8428
3103
8157
-7912
-3644
7610
5878
-1760
2497
7688
9465
430
7617
5676
-1908
9006
-6378
-639
9924
6638
-3489
9801
1692
3564
-3312
1114
6359
2852
-6938
1221
-4915
7258
8574
-4666
-6080
-7060
-2058
3121
3390
7027
4490
2741
-7585
152
4871
-1503
-6927
6329
8504
-7831
-8056
-983
8279
849
5533
-3753
6272
9578
1778
3134
8980
-490
-6995
2798
-5583
-1253
4483
-3171
2607
5653
-4195
9910
-7931
-9601
2392
6213
6106
-8809
-7236
-9144
1241
-7425
-7321
9301
-5878
405
3557
-4445
3660
6675
9373
1267
-6828
-3902
4772
-7503
2855
-3205
3478
-2321
-2437
8882
-1119
-8141
-1123
-4722
9904
-790
1095
-460
9197
4413
8159
7461
-165
8144
-9015
3594
8316
-607
-1147
-6431
-5275
2508
8247
-8281
7070
-9784
5256
3746
3018
-4279
2400
693
-2751
-9500
-9268
4938
2656
3847
8188
749
-9993
8852
-228
3756
1085
-6450
-7055
243
-2691
1524
3442
-2867
-9413
4939
2071
9039
-6740
-9709
-2855
-7380
204
9305
-3850
-7210
5058
9511
6722
8216
3268
6523
-824
-6721
3773
-2784
6844
-8397
1801
-6165
-327
-9401
4759
4972
1171
5029
3446
8452
4491
-5913
2178
-608
-5967
-2424
-7647
669
3197
5119
7402
-7161
9522
6464
2309
-5019
3194
8041
5306
-6339
-7855
-3625
-5904
4486
9411
2307
-7978
-2748
-5602
-1686
-8062
4233
9318
-6493
-2260
-1102
588
-6202
-8556
-4726
5977
-2516
-4379
1999
1130
-6872
35
9289
-9375
-2569
-937
-2027
-5706
-9552
8506
-8367
-2326
3317
-5572
2156
9779
-6773
-5504
7866
-5440
3845
5619
373
8241
3812
-8396
-696
3756
-1801
-8690
-2880
-2653
4077
-878
-5328
138
-3504
7553
-7534
-4663
-6566
217
9992
-783
-9552
-8349
-4306
-1675
-9740
3374
2986
5172
-8712
-9491
-5062
5021
9156
2373
6946
-1240
-4004
8659
-853
-3825
-1443
2796
-6575
-272
429
4667
-2087
-5802
-2414
1899
-8339
7900
6964
-6523
1229
7719
-3551
4190
-4318
-5101
5314
-7243
-5623
5556
-3160
-3477
8727
-7233
3602
1498
3382
4538
4404
-4429
-270
-3041
-2599
2076
5247
6482
-5959
5598
-6288
-8664
-375
-3717
3515
-1155
-2549
9296
-7231
-5789
-7703
-5037
1791
4468
-6906
-4088
1453
-9350
-6597
5411
-3468
4837
-6246
-1735
-4834
8523
9450
-2334
5790
-5953
5759
-6817
1993
537
2859
7413
9209
-2579
-3574
2644
-6971
-7148
-6353
-3093
2057
6662
7049
-6511
3907
348
-4422
1311
-6099
7069
8129
-9128
2459
-9178
4717
3426
5341
1693
9463
-5851
6987
2228
6050
-4887
-2449
-646
3324
9678
7059
1800
-2765
6417
1063
4913
-4557
2067
-3449
8157
-9770
448
9462
5013
2880
2631
-2191
-6049
1781
630
-6046
8835
2399
4161
-9412
-1417
-9388
346
7837
-7434
4828
-9218
7603
2580
-7331
-7316
9705
-5091
6468
-7876
-4667
198
-9989
-4366
1413
-7545
-5084
5429
-4014
3500
5011
2852
8366
-7571
-8756
-327
4555
-2542
9909
1343
9557
4862
525
-1001
9894
-8951
3837
4209
9967
-334
5447
8627
-7312
895
1157
1158
-6184
-5418
-5836
-4065
2754
8462
-50
-7345
3845
-6782
-9394
4727
-5824
366
3638
6374
2669
7804
-9167
-7823
-3390
603
-5596
7877
-5706
6580
4643
6116
2215
-2125
3587
-8937
899
182
-2049
-2955
-2085
-5298
9344
2041
-6313
-7877
-7709
1228
7850
6955
6888
2929
-2359
-4055
8169
-9741
8099
-3944
-3653
-2847
-4624
-4264
-2993
6055
-7024
-5433
-2803
2006
6449
-2663
-4878
7145
-3632
6333
-9874
6669
121
-4552
5105
2948
5911
-2514
6514
-9835
-8983
-2177
-7843
1765
-9088
-4604
-7258
-9744
-5076
9530
-1610
-4489
-6180
-9210
9293
260
-4181
1457
-525
5980
-800
981
-95
-5900
-7696
964
-8574
4244
3361
3710
5612
9285
-719
4041
-9102
-9501
-3725
-5565
-2894
-7282
8210
4245
8460
-2829
1967
3955
4168
-2973
7892
-13
-7803
-3243
5261
-6187
9973
-602
-3414
-4596
-4758
8969
-7087
8189
4792
2697
-369
1161
3480
4440
261
8645
9136
-1802
6772
-9294
-893
4279
-1311
425
2197
-3972
-759
-2403
1025
9992
-8319
7760
-5874
6178
9960
4448
-7721
3163
-564
5161
1006
-6081
-2191
5304
9338
-9732
8016
-9530
2857
21
4231
-4079
-95
-8001
1545
3815
6225
4487
132
5528
-670
5920
128
-5423
-8019
-7829
-6690
9971
7511
-4413
-2257
451
-631
-1895
-7839
-638
-398
6617
197
-966
-3793
9378
1047
7489
-1856
-2130
2406
8551
4106
-5257
-7515
-9073
-5486
7134
2504
-991
-9136
4176
3200
-2898
-6506
2067
3309
-6185
-8900
8453
-7552
-8727
-2968
-9886
-8510
4274
-9877
-8810
-5204
4649
-7149
1195
-8729
-4310
3090
-6531
1172
-3643
-5386
2208
-5094
-3646
4049
5062
-9346
-1399
-2932
-9662
-9902
-9306
-7739
8590
2869
6436
-4468
387
8248
-2473
8592
-5018
-6623
5454
-3279
-443
-184
-4119
-733
5795
-7000
-1558
5049
8462
-9450
8602
-9040
430
-8023
704
1863
2569
-8130
7279
2411
97
7883
5564
2449
-9478
-1890
159
8593
-9839
-4254
-6907
6877
-4334
9380
160
-5639
-5266
7242
7452
5825
2862
-5588
-807
-9045
-7
-7649
-6134
-6379
-5983
-1548
-4548
-353
-4244
1190
225
-5813
9625
5390
-4036
9340
-506
-7659
-2513
2898
-969
-167
-1264
-5279
-3488
3995
1003
-5965
9380
1782
-2486
-1830
-5143
-5299
-2351
-9003
737
-6919
-3474
1182
6438
-7278
6422
358
-8808
1298
2820
7037
1015
-4301
3768
5491
834
-6937
2498
-3823
7602
-8189
2731
-6602
7176
-1301
-782
4364
6762
-4614
3367
9835
2442
8210
-2513
-61
9486
-9899
9506
7087
-9136
5494
-2052
-3948
9215
8642
-8476
3151
-354
5947
5948
-8411
8789
-8362
-9343
-4452
7273
-1226
8164
-8983
-7754
-5026
-3836
2806
-5515
-8853
8193
5713
-4473
6181
6812
4720
73
448
-902
-8170
-1686
-3348
-4795
5807
-5962
9772
-3160
1906
497
3522
-9792
-4343
-6987
-3868
-2448
6911
-1034
-5201
1001
-9697
-8314
9498
-8663
4182
-6982
937
8070
7191
5817
-8870
-9944
2454
9850
-2016
-9937
3312
7691
6864
1925
-8150
3982
6107
6585
1931
2933
8229
-3240
-4281
1229
3575
6250
180
8584
-1490
1083
3663
-686
3988
5313
-6373
9673
4458
-3456
2082
-3562
6339
5973
2753
-6300
-2445
6745
-83
-8348
6824
-3076
2301
-2949
2748
-7500
-9140
-4909
-7556
-5367
8271
-3017
6701
-3214
8943
338
-8941
1576
2617
9606
-8103
-4117
-5333
8664
-8319
4810
9405
-2379
3070
9213
837
-5475
-4393
5752
-9726
6570
3287
-5978
1623
2672
6019
-3966
-5666
-7075
9238
-947
-7127
2433
-2236
1847
-743
-1862
4391
-6353
-4080
-8153
4998
6071
2606
2119
5465
-2726
5137
-1383
8139
-9701
-1839
4016
2445
204
5440
-3395
5126
-774
-6105
5261
421
-5531
32
-5547
-4624
-1191
-966
3389
-4686
6452
837
6515
9908
-9206
2819
-3378
8942
-6614
-3696
-6837
2421
-6071
3391
-7769
-1429
-5271
-2051
4609
-3506
-6635
2961
-9042
311
6279
-645
3807
3421
-9912
-7045
-983
-3574
7515
-8651
2882
-2243
5070
2128
-6077
4597
-1198
-9469
2920
3267
-5189
-3300
8127
8138
2742
-2071
1458
-3094
-3595
-5508
-3025
8703
5756
-8012
-570
8969
7636
3235
5411
1122
-9782
-2534
2523
-1608
-3806
-3053
9447
-9626
3347
3670
-7770
-9800
4471
-2750
-844
-4985
8948
-8648
3362
3758
-68
-2752
-2688
-8926
-2789
5663
-7465
3590
-1673
4839
1214
-9459
9224
193
-3551
2149
9002
2817
7905
8004
-7287
6469
-8687
-9226
5200
6083
5515
-1719
7564
-9750
2598
2199
-2891
-3536
-5998
8500
-3324
8680
6060
2231
-4188
-8220
-1201
9
521
2163
-2081
-8446
-9999
-6346
-1683
-7992
3125
-1098
2684
-8719
9283
-3157
5271
-5947
-5263
-1919
-1303
-5361
5172
9132
5279
6589
-4374
3236
-1776
5028
9321
-2916
-6826
5158
8944
-8271
7548
4260
-7531
-2021
-2168
9685
-1227
8629
-4663
-6655
9178
226
-3139
7013
5385
6375
-9917
-4965
965
-7623
5825
-9415
1699
-1069
6965
3595
-5635
-1828
-1905
-3067
9255
2564
-829
7003
-8695
8436
-8547
-672
5363
-8315
-2728
-168
2469
-2839
-6069
-5699
679
-797
-8430
-8629
1180
6756
-3260
2943
4793
8098
350
5894
2952
-5934
-2210
4752
7548
9066
420
2696
4076
5337
9637
-3211
-6255
-858
-8323
9529
1564
-2977
-698
-9582
4392
6969
-3969
5434
7096
1302
8240
6262
-2857
3068
9996
7511
6227
6524
-6493
4964
2747
2740
4492
-6423
-5600
-600
-5471
5972
-5155
4698
-2369
-2898
-174
8281
9309
-3733
682
-2390
4818
-6071
2297
-660
-6947
3606
-8302
9667
-6048
2199
1335
8222
9119
697
5619
-774
-6615
9118
-1398
-5302
557
4992
2475
6307
-5050
3352
2933
6359
-5575
-123
-9425
4610
-5207
-2172
-3925
-8433
4509
2989
9212
577
4663
-853
-8205
-5122
-9840
-500
-7686
9879
9353
8384
4253
-6085
-3964
4785
-2099
6986
9956
-7432
-768
-3982
-4741
5877
-4103
-362
-5863
1286
9826
9321
-9301
-6714
-4064
-3727
7761
-5446
4947
-9927
-7529
-6883
489
-2299
-9089
8908
8579
1807
-7268
9026
-6470
-9143
669
-1607
753
-8527
-3994
-3080
-329
-4935
1238
4660
-1005
7007
-1150
-5493
3871
-9722
-8422
-5816
-2005
6936
4802
5614
9697
-1256
-8760
2210
-3669
5026
8676
5454
-5539
-3496
-172
-6223
567
2378
-7108
5196
-5273
7402
3500
1052
-2508
-7928
6516
-6672
-7493
1704
2497
-3142
-7498
-4989
7192
3627
2469
-7323
6275
-2887
-6949
307
9808
-1491
7991
3027
-3210
9783
5284
-3862
7790
8771
9022
8919
-4165
665
-3076
8076
-1964
9347
-8835
-863
-2670
-4395
2390
-3116
-7164
7242
-1340
-2921
1477
6687
-7169
-8122
-215
-1491
1087
-1168
-5635
-3264
4827
-5045
4475
-9677
-8179
833
3410
1528
752
6929
5179
-8315
8047
5089
779
-6397
-3222
1911
2313
1369
-4160
-2607
7903
-426
-9541
-2189
9791
-1437
5495
1072
2140
-6255
-9618
1779
-1594
9541
-9556
3398
-4438
7060
-7746
-3570
7613
5236
8380
8915
-2901
-1454
-655
5554
549
3057
3319
-5473
-2324
3961
4618
3734
7966
-3258
-7689
-2530
7786
8183
-4070
9792
-5366
9127
-6224
5692
-7775
230
-5938
8831
-1446
6056
7514
1998
9323
-951
-6631
-1474
-110
6157
4805
9801
511
-4601
-948
-2192
2869
8493
502
-4330
-9318
5085
-4721
-4359
-5110
-6593
-2969
-8968
6341
-7337
3907
-2475
6338
9707
-4785
-461
-7173
5823
4478
-2987
-7623
-7994
-2599
6715
4837
1947
2428
9749
7712
1623
-2078
8014
-9836
9478
-3028
-6659
4948
-8241
8852
1119
-4805
618
823
-9468
-1084
8328
-5002
-2605
-7620
3368
6468
-7090
-2039
-2678
4060
-2865
-6834
1171
-9878
-7973
5282
-7567
-1000
-6294
9880
5905
-8983
693
6769
8274
-9256
455
-856
-3341
4320
6717
-2535
8863
-7326
-1006
2139
-5168
3905
-3896
-8168
2389
917
4951
-2026
-8885
857
2962
-2644
6108
-8052
-5110
6206
-702
7339
-3260
9872
-3416
8246
-4512
3633
5054
-4163
-3133
7485
3657
-5342
-7167
3225
-7395
2264
3293
9744
-1048
2276
-2447
247
-5692
3154
-4005
-6715
-4304
808
-5982
8091
6600
2147
-1940
8586
85
710
-5034
-8118
9295
1970
-5239
5449
-3757
-8713
7096
3854
-7216
7180
4227
2979
-78
-8235
-758
4474
-2798
-9095
-5406
-5275
-7698
8885
7509
2953
-9991
4424
2369
-1794
5568
7897
-2602
7247
2385
-8490
-4083
1175
-8735
-3981
5950
4816
4153
7674
9706
-5901
9527
8489
3807
-498
-2480
-5018
-1327
-383
7538
716
-2101
-1475
-7841
-659
-8358
-6715
6880
-2146
-9658
9926
-5110
-917
-6636
-1862
-831
-2988
4097
3941
8858
5547
-6836
233
8159
9393
-10
6023
4437
8936
5833
8820
-363
5293
-3450
9137
-2135
6823
3875
-5265
8890
-2468
-7853
1069
-4476
2519
-7601
4077
-910
-393
-4482
-8273
6090
5181
-2766
-7552
-3106
-1496
-5001
2475
-4404
4805
6106
-9402
6273
2756
606
9400
-9142
5341
-8864
9108
-1756
-5319
4556
-7539
-8797
783
4637
1520
-6178
-7007
7898
-4983
-4136
3979
9427
9298
4168
4311
-8007
-654
4319
-3945
-8732
-327
3176
1631
-4902
3527
-2194
-7782
-6256
2477
-6898
-2152
-6547
7095
-9879
-4797
-4955
9528
-6549
-4549
-6685
7737
125
2513
-5620
9904
-9119
126
5102
5447
-515
-9682
-416
-6402
-1305
-8192
-1112
-6230
9549
-5346
1443
-4470
8921
-439
-4755
8023
-4674
5509
4246
6872
-6573
-7170
-3025
1689
-1455
8115
9523
268
5753
-685
-4454
-2658
4237
1999
-51
-6133
721
1084
-4824
-7795
-5235
-8003
8082
8981
246
1551
-1333
6292
-1558
6232
8549
-5118
5206
-2458
-2597
1007
-5487
4796
-3127
-430
-295
3111
5089
2328
-7903
3517
-9489
5691
-7833
8573
7508
-4484
-4304
7153
-3827
9164
-8527
-3689
2094
2365
-9475
-3330
-4231
-205
3296
6341
-5967
497
-9712
560
3504
-4189
-2354
-5204
-9547
1016
-6263
-2728
8972
-2019
3834
9213
8707
3136
-9883
6004
9482
-5182
-8804
6803
-6963
1746
5160
9944
8073
8219
434
2496
-234
-6837
2767
8656
6186
6871
-3660
1530
-3013
-9672
7514
-7864
8558
8283
-2650
9584
6395
-3159
-2978
1578
-2458
3314
-6776
-4266
-9984
-1793
7713
-4458
7829
-6914
6505
1407
-1136
-543
-6159
7100
-1693
7434
4078
-5633
-2625
-1489
4969
-9949
-1083
-8675
6778
5895
2919
-9221
-8031
6791
2945
-1014
7658
3703
5327
1200
5364
-8595
-1666
1457
515
-8576
-8823
-2573
-3700
-3049
3922
-4020
2593
7511
-9652
-8188
-1636
-608
363
-1080
-9993
-1206
-488
-6544
4282
-4439
3483
-9572
8272
-8677
-9678
-2712
-8224
-3230
-745
3204
-6109
3391
2280
5579
-483
2453
-5584
-9099
642
-1499
-7846
-7322
-5537
-5436
9506
6153
-4332
-1982
6313
341
2199
-8539
-9175
-9305
9445
-4835
-2255
-6935
-7886
-8411
-8094
3599
-2088
-4932
-6994
-5555
-1501
-2877
8097
-5763
-9178
7762
5307
9993
-7421
1967
2869
151
-1223
1220
3456
-312
4314
5558
6146
-5176
2930
-929
-8464
-8619
4703
1752
4565
2051
8781
-9589
914
-6066
-9364
90
-8811
4669
8785
-7858
4938
-2660
-6777
-9688
-5068
-6696
-7167
3756
-8273
1914
8629
3210
-3741
8680
9246
4089
-5405
5968
446
-6468
4557
3347
1899
-8866
6048
-8505
-343
6806
7371
-5598
6388
-6444
-1194
8051
128
4950
-4529
-441
-6939
9706
-9684
9912
4482
6688
2280
8663
-4212
7193
7665
6523
2437
-7599
4159
-3777
1535
2170
3542
4327
-6553
-2207
2028
5379
-8096
-5928
2482
9967
-936
-702
-6934
-8109
4461
1252
5763
-7842
-7361
-6712
2982
6619
-5780
3208
7568
-8560
9977
1947
9482
2776
-2926
-5227
8463
5897
-7715
-822
-2723
-6619
8117
4946
4604
-8781
7466
2623
-4960
-4627
-1399
-4876
4868
-5633
106
-8018
-6614
5787
2019
-5793
-3430
-7367
-6318
2513
230
6174
-8459
9701
-7275
7964
6302
2125
-6189
1822
5388
428
-366
3832
-5777
-187
-968
-3226
-435
9078
243
-6694
-6552
-9442
7407
-2727
-9718
6137
-3335
-9718
9647
-6264
-7524
2877
-1117
-8340
-8577
-8763
-1049
-2161
1538
-9199
-7131
-7357
1953
182
3144
-3366
-7058
236
-1713
-9153
6351
2943
2932
7963
-5059
-9203
-6328
-8775
-3269
7708
2724
-8362
-5304
6111
4118
3282
717
955
283
-5550
1806
664
4877
-956
-6097
-2951
-6319
-9296
3928
-426
-5234
-7401
-8108
-7129
-2883
5039
-523
-758
-3555
-3455
9666
7900
-9816
7989
4370
-1203
-9926
-5871
9821
-3030
4497
-8501
1513
-4380
-9696
558
-1923
-3210
9268
7955
-2602
-1096
9301
8063
-3548
-2885
2693
-9716
3569
4916
861
-4297
6361
4067
-2955
8222
-6142
-4378
622
3307
-9054
90
-2335
-8839
-6968
5590
-8769
-2849
6869
883
-2575
3839
-8655
7427
-5123
6760
-2965
-9641
8415
9739
-988
1851
-862
-2492
-7567
-3019
-3550
6201
5324
-2613
-4508
5221
9483
829
8685
-2249
5580
5281
5878
-3075
7200
-4547
7245
9542
8495
-5122
-1727
9915
112
-6403
-1586
-337
-3206
-2876
-9680
-259
6663
6745
-3990
9004
8107
9090
-3427
-7534
1227
-1360
8086
-2727
4595
-6369
846
-2248
4941
6802
-4293
9262
7803
3065
-1694
9790
5496
8101
2584
8150
-7743
5016
-4935
-8900
7697
3455
9178
5829
-9022
-7884
2180
-8519
4299
-7785
-410
4009
-4713
-7123
-248
-3622
8808
-8328
-8238
-9414
4410
-7861
-2305
-2625
46
4934
-9668
-6851
-9122
2183
-332
1780
1661
5488
3578
8274
5353
4952
3854
-2762
8398
-5831
-281
-9519
5851
1208
3530
4962
-2265
-1660
3283
-8533
7214
7440
202
8195
960
7623
8016
6046
-5090
4642
6588
-3092
-7149
-3666
-6679
1446
-1482
9743
-6640
-5128
-2454
2605
-5774
7312
-7346
9067
-3235
7000
-844
-6799
7568
-1851
-7442
-5109
2476
6461
3006
7902
-3283
8035
-9437
-9748
-9293
-1842
-3658
1636
9886
-6593
-1309
4728
-8343
-5646
-2925
-4734
-9186
-4251
-4394
-3658
8890
5292
1072
-9836
7052
-1346
5103
-5998
1901
6125
-171
9891
6516
-385
-4297
1810
9576
8211
-3975
4484
1956
-3009
-2437
4224
2007
7605
9322
-9719
-1475
-9288
-7029
5671
4384
9719
-7712
-3464
5066
9283
-929
-8178
5791
9055
1514
7287
3628
-477
4430
-2696
-4725
-7141
-3021
4628
-5126
6741
-343
-7139
4506
-378
-9016
-8577
-1708
5597
-1593
-2686
-5626
7689
523
9851
-3959
2683
5818
9915
-9668
3598
1302
8915
7209
-177
-5379
239
-8975
-4463
-5272
3776
-7514
-8049
-1794
-8819
-4613
5748
-2949
-4822
5697
-8899
-2749
-6765
-341
8933
-6399
7833
4378
1058
5076
-3416
3462
-7220
-8730
4313
-2586
-7308
-9876
-201
8281
-8119
8081
7852
145
-9951
2678
2897
-7296
1377
3720
-8150
6323
-8321
-1949
-2765
9298
-669
-8891
-8339
-2560
9949
9351
3427
-2031
3133
3386
-5640
-441
8509
2147
-7410
8271
7298
3929
-2812
102
-7962
3204
-7774
-2388
6378
-405
-8117
1823
388
-7676
4003
-6894
-557
-1890
-53
5450
-9076
6353
6861
-2296
-7441
-1548
3393
-6631
9938
-3147
-3410
235
-3774
6650
5664
-2266
7472
-7325
5090
2970
-9069
8398
-6942
-5645
-6928
-3613
9951
741
-8277
8296
5404
8886
-7516
-6062
-2663
-8773
-1455
-6968
-2811
-7161
-1607
6527
-8995
-9204
3465
5734
-5519
-3431
4618
-6647
-5866
4663
6078
486
-2928
-1309
-1152
4999
-2228
-4671
8220
3350
4266
-392
8714
-816
4651
8781
-7819
1134
9654
-3152
-3678
-7200
-1527
5080
7593
-280
5883
6417
-3246
-2401
874
6770
3429
-4799
-5256
6062
-9957
5192
9465
-9220
668
5283
-928
2040
4404
-3793
-7619
-5509
-9323
-2303
-5088
-7516
-4725
9406
-5553
-4089
-323
-219
-6941
-5390
-7230
-2033
3927
-7061
868
-6871
5683
-1196
7570
-1547
-1268
4672
6408
-9635
7839
8669
2056
-7864
7950
8235
-8280
4310
-9274
-4262
5245
-6523
4031
-3183
-8001
3727
-9886
-8466
-5782
-3581
-8299
34
8971
5966
-7275
-6527
-9283
-6745
-6425
-4016
-4423
-73
-4243
9396
2988
6747
5817
-3079
-2676
-4223
8050
-5150
7192
-7765
-5965
-6927
-4150
-1555
-6750
-3117
-3261
-4778
-2295
-5186
9571
7156
3788
-4283
770
-375
466
6946
9660
-6990
5241
-6550
-7451
-1877
2486
-5583
3491
-372
6416
-4456
-9237
3528
6047
-3239
-3524
-3525
-9625
-5383
6462
-1491
-1116
-4267
6250
-275
-6457
6495
-2357
-409
-9249
-9251
2545
9457
-2992
-253
6014
4365
-2824
-650
5264
-8528
-1536
3319
4665
-633
5107
-2223
7010
-5798
-9376
-4889
3773
-9927
7002
6244
9402
5643
-8719
3664
4262
7226
1029
-6323
-9393
-4263
4618
-9482
-9436
-9090
2123
5638
7446
-5155
8740
-5743
-4038
3825
6145
-1044
-7127
-797
9271
-7832
122
9916
-6192
2101
-6923
-5851
3933
-461
-242
6610
5656
-4945
6375
2926
951
-8698
-2201
6415
4064
9533
-7510
-8715
1424
8189
5832
3764
8806
5940
-7843
5673
-221
-5520
-8874
8117
4150
3639
7284
4365
6611
9688
6991
-9204
211
-274
-8926
4822
-7797
-982
-966
-4472
9217
-4679
-8277
9574
4551
-538
3907
-1363
9506
-295
8382
3767
-3922
-1650
6092
5988
-8667
8363
6565
-2468
6340
-1343
5366
4242
-3792
-2061
4698
2819
-56
-2931
4139
-4303
-4988
-9088
-456
-7876
-5781
-8417
-5337
8488
-8002
-9440
-3923
512
-3473
411
2873
-5122
3333
-4966
5395
9287
4028
2224
-8533
3650
-6270
8070
2124
8297
-957
5687
-504
2967
-4528
-1294
-6985
-7289
2697
7003
1536
-9972
5085
275
3918
-3674
-7254
-8708
7656
8033
-9748
-1290
-4255
-5976
9333
-4401
-1752
-1663
2654
1245
881
-3334
3818
5112
8326
2010
-642
5078
812
192
-7634
-9051
914
6406
6113
4884
-7288
-853
2852
-4134
5245
1410
5097
5358
-2187
7893
2961
-2061
6387
6449
-9858
-1263
-7018
8492
-4905
-3596
-9266
-5529
-5493
7657
3023
-3569
-3916
-9983
-7428
9301
-259
-3289
2246
-6496
9843
-6481
4680
5202
277
-3430
-2711
-51
3334
-30
-6894
-380
-6358
6200
-2249
-7040
4098
-4612
-7468
-4955
8324
2074
468
-949
-5673
-8526
-5922
5541
-9067
-4539
8614
-4718
-4414
3511
6720
-2092
133
7463
7356
-2053
1698
-6227
7619
4048
-7471
4726
-1957
-8866
8350
-174
-4793
581
-4836
3706
-8783
-282
-9208
-3255
4976
7730
8873
5311
220
2498
887
109
8392
-9828
-1862
-7604
-4391
6060
-3060
5970
-7626
432
1503
-4449
-9623
-98
1968
-4307
9431
-2786
1503
-9967
534
-4617
-4035
-7735
3959
8573
7086
-210
-6243
1211
-2635
-4546
5226
6726
-6827
-2592
-8981
5098
-5697
3661
-2316
473
9440
9697
1937
-2666
2712
9401
-8452
1545
5381
-9378
-642
979
4473
4502
42
-6608
8750
7183
9683
-5719
-9033
6981
8420
2297
-1563
-3676
4106
-8500
-2277
2821
344
5259
472
-5862
6298
9626
8920
-1156
-2108
1110
3649
5223
265
-7440
4237
8280
7342
-8578
4330
8932
2963
-628
-795
-8858
-9751
1307
870
-8633
-1201
-566
6565
-6194
2113
-4192
6586
6739
-2176
2359
2200
5487
-7172
1065
-5869
-3940
1612
4612
8823
-3897
2845
-738
-8483
-4469
6202
8509
-9161
-7286
4914
-3163
-646
6251
6139
4297
7535
-5353
115
5963
-5843
-3293
747
5689
1724
-1171
-4482
8585
4113
1816
-1575
-4425
-5757
-3749
-3350
2634
-9910
-9790
6822
-9564
-2177
-585
-3834
-4887
-3096
-4699
4176
4616
-3065
4878
-2934
-2735
-7486
-4223
29
-975
-7314
2309
-928
-4303
-7059
7602
-1990
2761
9124
-6848
-651
3750
9378
4004
-1073
2753
7227
294
-3333
2463
6711
-368
6367
2295
-9400
5683
-1256
-8439
-1334
-5729
-6382
6876
-5002
375
-5678
6149
8487
5579
-3066
5209
-4669
-5206
4806
7964
9069
256
-9567
67
4833
-8806
-1412
-3603
3663
-8179
-3687
-5168
1845
1475
8915
3957
1588
-9553
4157
-7549
4766
-5726
-4964
2615
3349
4108
-4818
-5271
9609
7616
5778
-395
-6631
8980
4821
796
6451
-9496
9883
7742
-5509
-4735
-485
-6103
-7262
5973
-3445
6857
882
-8311
-7512
2515
-1513
565
-9249
-2775
6742
8792
-4692
5148
-832
-6765
-9410
3760
-7844
6227
6962
-557
7398
-9633
-68
-9053
-6786
-7573
-52
5282
8549
-5366
-3788
9885
-7889
5656
7303
-4742
9195
4574
-6817
-1816
-2387
9235
8654
2765
-5642
-2199
-681
7160
8664
7434
-8805
-5209
-3923
-3041
1036
5693
-7421
6407
3412
-9861
5988
-2427
4926
7994
1317
3110
2407
6552
-2790
-709
-5629
-3689
-8234
2157
3830
25
-5458
6255
-8475
-4405
-2889
-1123
9772
-329
1592
-9711
5814
9437
-1508
9609
-3772
-3510
5171
-5098
-5332
316
-4867
-1380
-2610
-9475
-2904
-6541
-5819
-4936
-703
8268
1717
150
-4211
-4378
-5464
3212
5196
3248
3110
6826
7427
1634
-9405
9339
1794
6986
-9807
-146
-401
-196
1409
8125
1461
-5932
-8291
-3898
-6395
4787
2000
-2109
-7730
628
-533
344
-5184
3113
1394
8098
-867
-8090
-7305
2915
1585
7717
-9436
3462
3307
-8068
7537
-7275
-4257
3292
-4061
1259
-2514
-369
9334
-4476
7078
-7366
-3672
-6334
-8533
8399
9561
6116
-4894
1623
-5447
-9169
8931
-10
-6141
-4606
4614
6308
2225
-6070
449
2071
-7319
-9153
7247
-3875
-6624
8129
-6360
-9935
8777
5666
4537
4174
-9779
3374
-1308
-8880
-3018
-9302
-9941
4129
4439
9752
-7830
3275
-880
2188
-4830
-3794
636
7252
4590
-7739
-9410
-5016
-6641
-3871
-2868
2898
9033
-4221
-360
-4225
3604
-1991
3820
5259
9705
-8081
-2238
5724
-6961
8840
926
5798
-5354
2494
1869
-4865
5303
-8512
-1234
-5800
11
-8690
857
1756
-998
951
-4437
4367
6976
9111
3652
7079
-7440
9774
5227
1818
3021
-7447
6923
-4847
-3120
6100
-5268
-7408
6514
3152
5689
3910
-9858
2911
985
3276
3885
-2065
-5865
-3713
-1567
-9362
2290
-830
-2616
-2543
-2548
-7769
7317
-1083
-375
-4761
-7561
-9128
8314
436
-7167
6360
787
5522
8964
3681
6652
-1639
-3387
-8980
-3840
1854
424
3574
-7321
32
-1999
5369
5560
-8657
-9499
-3727
6214
512
-5489
6342
-1975
-5853
2989
7157
25
-4093
5020
3439
-3538
-6337
-9555
4533
-6525
4734
-8000
8350
-3717
-1505
-1526
-5535
5707
-5461
-3418
-2826
5294
-2662
-5371
5943
2035
2186
4545
9682
-4656
-4543
-961
-4997
-9078
-3667
4965
-7110
172
-8001
1773
-331
-3143
5894
7293
5870
2752
4432
2213
8081
1189
-4304
5483
6213
2083
7033
2246
1159
-268
-2782
11
8801
-1130
5190
2330
3279
-3431
3104
-1227
-3911
7734
-4459
-2316
-3706
-4395
-3039
212
-7309
-539
3515
-995
-1048
9755
-3336
-6177
-648
-2604
-5811
4177
-5229
7040
-5957
5049
1863
3573
9435
1777
-6042
4925
5079
-9568
-1374
7695
-1653
7910
-2549
-504
-5622
-5490
6181
-6533
7755
5679
3928
3302
2804
-5714
1719
-9069
6324
3657
-205
7822
5732
-2662
475
-4517
5235
4644
-7061
420
-5151
-2023
-6756
8872
6863
9950
-6275
-1097
7205
2796
-8930
-8045
4408
1442
-2707
-8492
8244
136
1456
240
3879
-3709
9411
4871
8516
-7832
-7356
7721
7826
-8711
192
-1566
-9840
-7049
2574
-6081
-2633
7701
9060
7098
-47
-2580
-2179
-4558
3129
-9149
-9773
4588
-5044
-7643
-4333
772
-8503
-8597
-4528
-2639
2227
-4791
6567
-7393
-9493
-3411
-6222
3709
-3832
-2773
6719
-5000
-2324
4856
4538
-4716
9683
3803
8916
8413
1012
5631
9721
-444
-4643
6040
6502
9336
-1970
-2615
7441
7709
-9877
-2073
-8039
-8333
-8646
1840
-6288
-7151
-1419
1574
5591
7
8589
-8523
-109
-4224
-7552
1091
6266
-5113
-1030
83
8325
-4873
9205
4091
1811
-3666
-8335
-6168
-6071
7813
-5532
-4105
-3571
5232
5488
3953
-931
7179
6138
3110
-552
9938
-183
-8041
-7969
-4259
4518
-6199
5859
2272
6459
-3738
-9928
586
-2956
-2272
52
-5088
8797
9708
-1450
3310
3668
-5920
-5803
4166
4188
4686
-5511
5034
-3458
1857
882
8208
-3856
2463
467
-2060
-7569
-6048
119
7730
6708
9074
3990
-3798
-5164
-3873
-5533
-1017
4432
8857
-2591
-9418
3727
6003
-1693
8318
9959
2122
-1322
5509
-6438
5993
9575
1345
7005
-6079
6141
-1147
2438
6360
-7401
-6283
1652
9404
5224
5085
912
-8250
-4747
5140
9065
9976
4470
-3966
5790
2148
-1300
-6742
-1257
-8496
5291
-637
-4114
-8118
9466
-6340
3391
9679
8377
-2017
9291
-1910
-3538
-5523
-981
-6491
-99
3029
-5824
-3848
9480
4908
-9806
-5242
-1612
1407
2071
