500
-7021
9078
3882
-7344
2788
-9236
-8426
9487
-5035
-127
6822
-5836
-33
-3398
-9734
-3586
248
-210
4289
-2876
7004
-8480
2224
163
-4958
-9441
-3011
4906
-5951
-3020
8949
-1568
-3278
-425
-5027
4897
-9309
5070
4052
-2679
-2905
-5636
6996
-4372
-8014
5695
-3494
4316
1135
7431
-8056
-2498
-5670
8507
8013
-2624
9644
2022
-5788
-3530
-6786
8523
-3243
-2662
-4743
-1315
-3947
-5691
-9712
-5089
-568
-4865
7810
-3556
-4072
6296
-5468
1016
-5732
-1353
1952
7583
-4294
-8834
9157
-470
1057
-2804
-2213
-1376
298
-2799
-353
7259
-8314
8193
6023
-396
-742
9761
-5265
4627
8243
-901
-4728
6323
3524
-7317
-4123
-8020
5197
-8188
-4175
-6123
-2708
-1644
3527
35
8631
2228
6472
-831
5881
5419
-4429
4272
-7474
9313
-2886
-634
-9200
1681
745
-5032
5702
9388
4452
-1517
-2760
-1952
7973
945
-7896
4886
600
8299
-2482
-130
8623
-3597
5727
-4938
-3529
-8240
5356
-3522
8750
-9373
4255
7586
-6663
479
-9498
-33
1918
9526
1535
2323
-5401
3167
-6865
3764
2986
6842
5090
-1722
-4459
4181
3823
4796
8454
9174
-6412
8241
5044
-6800
2643
-4860
2616
9102
-2488
9952
-2851
2423
-1118
7355
-5067
1557
3025
-8534
9723
-1011
7745
8622
2548
6999
9996
3692
8130
-6830
-9751
4256
-566
8410
8319
7301
-4128
-3394
2548
-6641
2373
6391
2579
-2049
-3008
8043
-1129
-5742
-9820
-4886
-804
-5805
-8097
-835
4275
1682
-3053
8461
7851
5666
-223
3844
7494
-6174
8324
3027
4054
-8957
2592
-9195
-2546
2855
-9863
-7166
-7500
9995
9364
3686
-2148
-6977
8623
-8185
5056
4097
-8335
7183
8349
7227
-7832
9378
-9869
-2637
-4701
9810
-8833
6462
8644
3071
-8889
-8594
7778
-6970
-8543
-6062
3719
6511
-3627
-5141
1648
-6282
3357
7153
2279
-5648
6984
-700
-5177
-1840
9138
6111
-8878
2560
3194
368
1143
7760
-1359
-5704
4315
-6697
8547
9999
775
7987
-6489
-5138
-5583
-3879
2906
-7698
-519
-2493
-6325
-552
-510
-4374
-5118
4384
-8297
-6236
3892
-5900
6334
-4559
6583
5037
-7731
-7059
-3452
5016
-5158
4756
-869
8021
-3645
8427
9972
-2127
-9050
-126
-7361
-4526
8766
1935
2478
7978
-9758
5903
4755
9198
-9139
-108
-5731
-9716
-1195
5093
3409
-7834
5657
8822
-2316
8226
-8552
4712
3045
6369
-255
-2624
-8954
-9097
4461
-5793
-9684
-9251
7141
7184
-7501
-9513
-3974
-510
1615
-1408
-4586
6157
-7765
8364
2021
6422
8053
4243
5919
-4038
-3340
7676
2374
7570
-8060
-3942
-9531
9576
-1834
8005
-5931
-6483
6316
-2674
4018
7361
4504
-9211
9084
-1454
-6973
-919
117
-7542
-6037
-3394
2328
948
-7769
-2022
1881
-387
-867
347
4079
5026
3614
-7967
3245
1985
-2683
8067
3452
6802
5211
6372
5159
9786
-976
-4407
4329
-2746
6884
1884
-3571
-645
9226
3196
7017
8425
-1132
1427
5136
5645
9346
569
1099
-5066
1207
-4424
7920
5296
-2184
4075
5433
5987
-2731
-1062
5675
-4836
9357
2000
-8367
9194
-7865
-283
-2546
-1097
1299
-4233
180
4990
5056
-9131
-8721
2029
191
622
