1490
-4622
8053
-727
4761
2815
-4849
-1370
4410
-5229
386
-3739
7039
-2475
-2402
8239
-5453
-1192
7323
-4612
-7685
1726
-4147
-7165
1692
2994
-5497
9773
270
6145
-1136
4634
2133
5479
3871
3747
4630
63
9270
-7055
4805
-2860
167
8178
-4240
5673
5137
-5484
6593
455
6799
238
8407
1690
-2801
9660
2211
8155
-6997
-9348
8692
7048
9670
1053
-2473
-8661
-6826
7025
-151
-7601
527
-5579
-9838
2412
2600
5993
3568
-2474
-1583
-9480
8707
1267
9350
3718
-1397
-1495
-5703
7906
-4041
7883
-2299
-9302
-2439
3066
5619
-4929
-9861
-533
9626
-1316
1727
-7190
2515
829
60
-4091
-5075
7369
-8854
-2235
-5591
-3211
4763
-1270
2200
-7061
-6816
-9867
-1099
1261
528
-6230
7906
8157
2569
9084
-6303
-1736
-3084
6031
-8615
-2165
-3342
-1637
8918
7368
3756
-3455
7199
5965
8287
-4895
-4537
-8380
-3301
-2225
-878
-3458
615
-3652
-2234
-9623
-1421
-7640
6632
7139
2269
-6242
1008
7635
-5458
-9077
9462
3047
-5614
7747
2419
-9908
6101
-2373
-4069
8730
1089
-9689
-5210
-3011
-1187
-8070
-8241
8834
3908
-2614
2567
-7909
-7336
-5616
-7505
7101
-5589
-8967
-9649
2575
3162
-2446
1303
-8450
-8014
-1123
-5605
-2301
3953
-6322
1215
-3138
-1311
3713
8995
7950
-4534
6903
1227
7782
437
7367
1325
-4225
-829
626
-6962
-7761
6456
9041
3974
1004
-1257
-4985
-7129
-4393
-6668
4614
-7618
9476
-6931
4253
1240
8621
7167
1074
9659
4077
272
-8012
6398
-178
7543
6763
-7865
7548
1170
-8073
-6985
6756
3461
-4150
-8761
2546
-3628
8656
7430
-7309
-3016
-8464
5066
9292
-8868
342
-7155
6237
-2494
1285
6554
7923
-4531
-5343
-3843
-807
2783
2179
9897
6908
14
635
-7410
-3987
-267
-9014
-1846
-7203
3874
5597
-6677
-4821
-3066
-1956
5835
6715
-9869
-4435
8323
1822
6014
4460
2746
-238
6695
-3597
5177
-7350
-1036
7838
-5292
-3110
-9136
-7733
2211
4357
4283
8678
-1642
4457
-3947
-617
3432
842
4514
4125
8318
9441
8628
6781
125
-7337
-558
7556
1835
6709
-8705
1541
7824
6717
-9690
7567
412
-1768
-1810
6512
-8337
1721
-2086
7896
6343
780
-8394
7104
3605
-2588
-7821
-2870
-3782
1020
-468
-8572
-9877
-412
-7714
9201
-7736
-1234
-2623
3787
-6257
2739
-8070
6965
-7287
4341
1810
4068
-7351
4780
-472
-9775
-4188
-2818
-1092
-100
6058
2829
2675
1186
-6316
-4267
-146
8593
-7929
-8363
-2241
1376
92
1246
9884
3869
8935
1583
-6443
-1178
7279
-1304
9490
9065
5312
2834
-9832
-7172
-3742
-5017
-7707
10000
-9859
3040
403
-8860
-7216
-4656
9092
8717
-8667
-8789
-3415
-9155
-9070
-7941
9773
-9215
-5833
-2330
-968
8111
3273
-463
1054
-663
-4267
-4408
-9476
-4910
-2270
-2563
-7159
3532
-2458
-2820
7137
-4193
7373
6752
-8710
-9289
3208
-9214
-1096
-9726
5212
-6146
8848
-7791
-7158
-59
-9008
-3361
-1862
-7855
347
-7642
421
8720
-4390
3717
-5054
6715
-2502
8048
9589
1331
7141
5469
-6044
1649
-6398
1477
-8856
6195
-4618
4264
7675
8750
1053
-2545
-1873
-1093
4494
3006
-877
5632
-376
-304
5030
7425
-4605
3965
6348
7903
-1549
8204
7489
3403
6503
-7649
8605
6916
5025
8532
-296
5310
5503
-48
-5220
-8218
6060
757
2038
-8322
-349
6567
8578
3410
2279
5272
9964
3590
5230
1847
-308
-9288
-7837
-2590
4090
9068
-1497
569
-5878
-6664
9342
-29
1064
-8959
-6290
1322
2106
553
-4005
-9884
-4143
3367
6784
-2399
-8295
-2888
2339
-5480
-9758
7081
3549
-7927
9735
5956
-4179
-3620
-1979
-1334
-6568
-7171
292
-9995
-6866
-9993
7215
-1044
8624
-2710
2377
3483
-419
9255
-1126
-2662
-7926
7784
4638
8154
6775
7015
-9496
1909
-1766
-9328
1280
1038
-976
5704
6998
-8623
-5629
-6286
-8963
2559
7838
-7056
6692
-7454
4119
-9659
8778
-2869
-239
2578
-6501
-752
8229
99
6676
8936
2942
-4085
-6706
3112
3092
-1800
842
1463
-8675
-1360
-1014
-8818
-6780
1487
8767
6171
1426
-4569
-3290
5934
4054
8251
1132
-3460
8664
-1605
6084
222
9893
-2487
-720
-8880
7599
-9385
8667
-5631
5238
8568
-1933
-1507
-8193
294
4605
7231
6523
3067
-3543
-3336
4881
-8466
4569
5673
2494
-6516
-6722
-4436
7304
-4589
-5128
-6851
-9762
608
-1997
-5278
-6434
3437
-6364
9247
-1116
-1513
7408
8688
5630
9151
887
6566
8458
-7864
4837
-8547
3240
3909
2010
9174
-6358
-4684
-5475
-3719
1852
6991
38
-8785
-3416
9694
4415
-2876
8633
4618
6391
-2589
9450
-6785
-1446
8649
-5699
-1729
1964
1421
2984
-5538
-4805
8869
8541
-7993
-2931
9314
1574
4131
71
-4365
-8681
-9830
-4166
-2400
1494
-127
3638
-4045
8611
6400
5971
2950
-5220
4260
1446
-2050
-9323
5187
-6431
-6909
6880
-8061
5578
-7573
-9320
5563
5665
4584
1850
-6584
-4962
6093
-6932
-4738
-5562
-4369
-406
3365
8641
-7855
6146
4356
3414
2215
5907
-8964
-82
-2441
-6013
3097
-5178
5574
3810
-4381
-2871
-7377
-4143
-3368
-2861
-8474
-8139
-8293
7869
497
-340
-7676
-2378
-54
8782
9892
-4447
-7963
-9593
-6360
-6654
-9821
9016
-7290
-1476
-6832
-3281
7004
-9160
-6870
9613
5678
-7858
397
6434
-7558
1749
4786
-7245
3188
7734
-5836
-4101
-656
7646
-9221
3161
-8426
8701
-1501
3438
8582
-229
-4703
95
1572
-7294
2791
9948
762
6976
8998
5393
8929
-3852
168
-7186
6894
-3007
7811
-8963
4283
-2268
-4518
-537
-6236
-5912
-7362
-8720
-4445
-4241
5554
9751
-5181
8705
-5345
10000
8047
-9913
6759
6478
-5631
-3260
-7768
6866
-7276
7917
4993
7212
8689
7096
3746
8904
-4399
7774
7710
-6444
-6964
-5327
645
1617
-2912
8723
6805
9291
6418
-4736
-3778
-7000
3706
-8870
9576
5522
-7068
-7600
4664
-1437
-8305
8239
2493
2665
6243
8752
3395
-1671
2778
-4816
-6384
6116
-8038
-2724
4177
7453
-4156
-7505
5114
5047
2522
-9138
-110
4227
-678
-3652
9691
-7330
-6124
-5678
-6982
5225
2000
-5329
6129
-5210
1816
5436
-3242
8048
2966
6952
3252
-3640
2310
3411
-3524
1609
-9647
-2466
4888
9213
4929
6446
-9202
-7085
9456
8689
114
6192
-1845
3766
-3677
-1397
-8073
7720
2039
9325
-6586
101
-9371
6100
-163
-4028
8011
-7169
-8559
7745
3084
877
3982
-4759
9573
2256
-9288
-788
2315
4178
-9858
462
2392
-2069
-1735
7863
6010
6450
-3508
774
-7805
2113
9244
-7999
7790
-5637
5567
-7413
-9190
9941
2645
-1604
8105
-3284
-6576
-3648
9326
-5062
-7889
9715
-6726
4885
-2460
1930
9237
-9685
-6956
-6531
-5407
-4010
-4853
3265
4365
-9857
6689
-5440
6839
-7432
4724
1552
6290
-2408
-9967
-6601
7696
498
-6082
-8987
-2542
-9351
-1886
-5569
5027
-3712
9324
-5161
4287
4249
-8073
-8825
3428
7257
141
-4720
-266
5174
9060
2726
-1854
6653
-948
4708
-1901
9589
-6601
-3444
228
1864
-8049
4486
-1295
5458
-3492
3744
255
-6074
2175
2129
-8307
-1517
-4754
5571
-2390
910
-9687
3030
4016
-8743
-5539
7919
-6069
-5912
-191
6206
-5375
-8546
-9633
-3176
549
3120
650
-6429
5887
3989
9091
-4609
-1878
6284
-1016
918
-8163
4422
8201
-4361
-5859
-1222
1820
9019
-5097
-7429
-8232
180
-842
5751
8728
2438
2949
1687
-1399
1540
9135
8542
-7692
8940
7271
-4493
2073
6453
-563
3900
1818
-2537
-9882
7195
2562
8630
2178
2333
-4157
4839
971
8739
-139
7172
9047
-6847
-7251
8878
8983
3671
-5483
3995
-9302
1371
3415
9636
3859
2229
4750
-7300
9999
8956
-7953
-2072
2022
2338
-3935
7854
-7983
-4301
-9692
-5557
1648
1745
-7521
6711
2719
7551
-9618
-1714
-4655
-8551
-3357
-4744
-4414
-9503
-2509
3816
6165
6708
-2878
4965
5332
6280
-5586
-4673
-9295
-3949
-4167
-9015
-7070
7165
291
-2413
-5197
-7843
4761
-1031
-7173
7759
4890
-8620
589
-3054
7242
-1287
-2284
-8163
676
9876
8536
9450
-4839
-5180
1525
9375
9212
1431
-4221
-4980
-9938
1905
6487
2605
6716
-6839
-7715
-5307
3888
-2805
-773
-2248
-9227
-6489
-5486
8344
4438
4010
9188
-9187
-550
-9294
127
-6038
-3841
9919
-5930
-2816
-2559
-9241
9622
4038
-9081
-1706
4182
-8074
7550
8334
2486
6927
8493
2288
4911
-4416
-8457
3093
9521
-2352
8155
-5815
3179
7855
3341
8364
-7285
9967
9453
4594
8009
-9599
-6307
-3798
5654
8849
-918
9124
-2433
1883
4087
-8664
6678
-6983
8202
-3388
6805
-9038
4811
7014
2891
4978
2869
4446
6386
-9924
-8426
3395
-3963
1918
398
-2872
8419
605
-4799
2431
-142
3415
5267
7117
-1110
6747
2846
-7378
-7283
-5308
1448
-5526
2634
1252
-2555
-9108
2804
-7125
-2054
6845
1299
-6539
5880
-7887
9751
-3786
5300
-3474
-9082
-1561
-6168
6798
-3818
-1196
-1822
-2009
6088
3511
5912
2301
-3739
4058
-4150
-8264
-2317
9902
-2477
-7538
-5456
9168
-4878
-5713
7553
-559
-8337
-1167
-2739
-6469
-5432
-5330
8216
-533
-1882
-8262
8864
-6843
-5844
-5468
-2489
-1351
-5035
7154
-1721
9208
-9101
-3239
-303
3656
-8752
1742
4155
-9905
-2863
2711
697
-2672
-6321
9686
5048
-1361
8422
5866
-5701
-3585
7810
7220
-8796
-5373
-9559
-5606
-6529
-6027
3824
-1635
5618
-7916
7268
-6524
1997
3938
9992
2277
-8174
-1918
-3706
-3339
