9100
3822
-8162
9313
1437
9771
211
-5379
-5922
1252
316
-2389
971
-8983
2226
-5474
9446
-1232
7305
2162
-3632
-8945
8679
-5405
3581
547
-8299
5787
1608
2942
-1070
2293
-8816
-7189
966
370
-1722
3216
-4011
4499
8187
-7326
-3022
304
-5143
-5890
-7719
-4577
7726
-2530
-4504
-9197
4365
-2315
-226
3198
-1318
8608
-1293
3691
-5612
-1190
2437
3642
-2808
62
-6919
3549
5135
-1271
-3412
-6765
-4471
1592
-8480
7235
-1092
9131
7687
6349
1049
-638
5793
-7785
-2024
7698
5701
4746
8724
-5511
-4090
-3168
7663
-2528
9877
-5893
-6874
-1928
1722
970
-1551
1186
1286
-176
6909
-5695
-3310
965
-3306
3987
-9044
-6789
151
-4902
9198
8927
-1838
-8012
-2717
247
626
9631
9814
-1513
-4952
1768
6802
3790
9454
-1505
-5271
-258
-5418
-540
512
-9672
-7848
9356
5044
6280
-7737
8235
-6013
818
5951
184
-7365
4132
1654
-7341
1624
-521
1229
8468
-6781
-8153
-8115
-7425
3339
-2645
4835
2134
8596
3519
4555
304
7944
5484
-4364
4808
7864
-7824
-1994
566
459
1338
-7303
-6007
397
100
2920
-5908
-4787
-2852
1614
902
4383
6315
2059
3118
-4881
1718
-7045
-6326
-4976
9077
673
-120
7507
6026
1860
1731
-8975
9063
-4626
7773
-6863
-9559
4722
-8555
4575
5883
801
5319
1035
-3790
-7912
4870
8053
-8408
1188
1646
7096
-7845
617
5592
-1151
-7835
4822
-9419
5676
1772
-6534
-7675
-8380
3257
-785
-8949
-7823
8512
-2457
-3250
-8900
-5067
-1194
1807
9047
-8181
-6260
-9857
-9537
6953
5195
6760
4415
-1172
-762
-6919
8254
3897
-865
-8645
7214
8249
8644
-3207
355
-7734
-456
-1689
9885
-6759
-5743
-5084
4361
8203
-8515
5743
-5598
1319
-223
-9327
-3869
6947
3819
-1529
9783
8997
-2877
2146
2913
-1904
5455
-3771
6989
-7239
-3536
-5528
8858
-5800
7581
-7334
4752
3186
-7285
-7409
-8714
-5656
111
3870
-9825
1427
9593
3271
8335
-6366
-8882
-736
-7779
-5701
8055
6510
-650
-3843
2653
-6899
-7402
5586
-990
-2754
1097
-1518
992
-9424
-4168
-8641
4008
-9271
3183
5935
-5188
5877
-5722
7086
-9820
-4197
950
3780
-1535
9500
-5110
3231
7259
-3846
-997
-1258
9005
2252
-8793
-4882
5446
-224
3184
6739
1074
3822
-2910
-2626
4325
-6175
-5142
4465
1328
-5169
-1029
9810
1625
-3711
102
8548
6986
-7613
5007
7039
-7413
8313
-518
-2414
-4357
-2584
629
3654
6449
1469
5937
7447
-2774
7465
-7229
3453
-1911
-3606
8571
5029
-8726
1972
-4621
4457
2766
-5207
7517
274
6390
1780
-6880
9097
523
5919
-9518
-4273
-3114
-5644
-2892
8245
4707
-2012
-4405
-7156
3834
-6176
-691
966
-9546
5059
-1995
-5080
-9553
-2656
3388
6373
3263
1575
-5391
-2992
-8187
-8546
4052
7278
1895
7470
9052
3837
349
2705
-251
503
9141
-4027
-660
4879
-8968
-8369
-6517
-4642
-2965
-6846
-157
-9529
-5179
-552
5090
8336
-8220
-7529
-1420
9246
-7482
-370
-1494
-715
-6237
3220
1453
3650
-5367
-3962
-8830
6568
-1879
5965
-8633
-5235
-9171
-3509
7297
8354
6023
-9985
-1925
3542
-5075
-3955
8116
-8347
-8067
4907
-8408
-3084
1341
-8765
-2885
736
-9568
-1258
1520
-25
-5420
-8009
-6094
-6550
6315
-6176
709
6086
5485
2943
-7798
2634
-7840
-4052
-6398
-5142
-3477
6873
7619
4104
-4792
9175
7424
6686
-3461
3866
-6700
-49
-4312
9383
6663
6107
-3083
7568
-5208
-1044
-1660
-2442
7072
-377
-6821
5046
-9729
6250
4786
3536
-9934
3656
-9054
-5617
-6247
8837
-3552
1967
-329
8575
6288
2853
7306
648
-1288
-5651
-1039
8857
5269
-352
-8039
-1012
-2758
-256
4365
-9671
-128
-1423
3312
-4072
9721
1511
-610
9910
8304
6154
4742
626
2164
-6796
9195
-4507
3617
1134
6766
-9904
4042
-7259
-3160
1116
-940
-1280
7365
2438
4005
8566
-2966
928
1649
-6794
-4477
-2814
-7941
3608
-7023
-7912
5386
1215
-6392
6797
9215
-3191
2386
-1027
2456
-4520
309
9662
-10000
-1414
-7295
-8024
1520
-9116
-9969
5288
5796
-8484
1401
-8728
2402
-9215
8532
7789
4940
3972
4526
27
380
15
-9035
9207
-8012
8886
6659
-2445
3894
1909
8541
-4296
-6049
-7528
7948
-8728
1249
2705
3732
6457
-8396
-1205
563
-3951
532
-2639
4833
-1292
-6739
4913
6134
-2009
-5711
-665
-8243
-7113
-1080
8983
-14
3290
-2408
-7521
-4435
-8701
-4361
-2129
6664
219
6733
8174
-6658
2468
-9608
-9813
-4777
9737
3285
-3673
-9055
-6337
-8796
-7558
-1505
4944
-3776
-5987
2255
3346
774
2073
-7500
-9660
-7157
6297
-705
9949
-5092
3385
4178
-5392
-3796
5024
1854
-7067
-1259
-7439
-6464
3474
8828
-5320
5182
4232
-4169
3900
6706
-6311
-1541
-6939
9529
5062
4440
4380
-4141
5183
5713
5583
-5878
-9072
6946
8283
-5511
2772
5874
-2998
-2031
-5171
3632
-5029
-6496
4078
935
6182
2605
7228
-6863
1440
5452
-7225
1928
3045
-9300
5575
7622
5410
5742
-8974
8316
-2427
163
9302
-5956
-6048
-5332
-131
-272
-1354
-9369
-2373
5615
-4373
9373
-4994
4838
431
2090
-7648
5809
6829
2951
6103
-5626
2128
-459
-3000
984
8292
7018
6513
8678
-8578
-5922
7167
-530
9213
-9825
-7968
-5554
-5748
1164
-7163
-5396
7172
-3374
1768
-8061
-4634
-5491
-8558
-8229
-9852
-2013
936
-4305
7838
-8769
2235
8784
9276
-4554
-6640
-2564
-7315
-3932
-8803
7043
6736
-5687
-9600
-8100
5280
-7684
9413
-6837
6208
5423
-5550
658
3375
-5765
-546
-3207
-5362
667
-7967
7041
-6380
-5995
-1015
-7149
6833
7075
-9147
-2075
56
-7748
-8008
39
-8721
-8682
-1948
-2588
531
-4433
5188
-9959
-4497
-1010
-3019
-1797
1285
-5931
4554
-47
-9420
8213
-3948
808
4617
9386
-8147
-9655
5880
1621
-7591
9094
9641
-1633
-2391
-9368
2787
-5843
-1256
2924
-6282
3413
-1711
2139
-876
2791
-7829
6782
9168
-6422
-5603
-329
-7751
-6017
-5611
5857
-3067
-1047
-9029
8874
6657
2379
7194
7224
1205
-2684
-3737
3265
-4560
9906
3115
6256
-7734
-7447
2447
9036
6249
-3064
-8210
3898
808
44
7339
-2604
3188
4173
6758
4221
-9270
-3718
-7369
-4500
5534
7054
-1223
-8054
9347
9708
9374
8069
-4612
-1241
-6422
-9348
6313
-5478
-4198
-6207
-541
2768
3784
-9258
7242
-7882
-8363
5416
9206
5638
-2704
-2382
2778
-2479
484
2054
9203
-115
-4405
-3184
-6485
228
-3562
-6725
3703
-776
-9873
-4835
1964
-3974
-606
-8933
-7735
-7729
-1446
5583
-9694
6201
-6453
-5869
-2300
-4260
-9324
-4615
-3734
-1844
402
-7234
3226
-1184
5395
-7581
-5795
2924
-9913
2574
8077
7903
4247
4579
-2826
-382
4690
-679
-3251
4480
-5904
-6338
-2443
-9101
837
222
8120
-9563
8037
6867
-7120
700
-4259
9076
7434
-9013
-6758
-3346
-2578
1888
-2361
-4330
5775
-604
-9199
-3646
8868
4295
-7356
1613
6744
-7251
-5545
8999
2083
-5404
-8057
-4347
8870
-2315
-2329
-7550
-4006
2380
3047
6075
-4771
6963
7633
-2623
-4034
-9143
4665
3973
-6014
-5114
9999
6950
-3602
9687
265
-2167
-2684
3697
1177
4565
-3706
1634
7236
9940
1002
-9451
-198
-5886
7264
-99
2143
3015
-360
-2876
-6960
1663
-9316
8419
2291
3092
5338
-324
-8465
-3289
6394
-538
-2610
29
-754
3099
-6899
-9910
-3360
-2363
7614
1985
4407
8638
8169
-3958
-6932
-1857
3233
7202
-9777
2456
4189
-4489
755
4537
-5018
-2138
-9667
4858
-197
6696
7865
6520
3075
-9506
1404
7341
4658
2146
9103
-9064
-774
2620
-5717
3261
3710
-8965
8184
2624
-2029
-7034
-4864
-1718
6688
-5383
-493
6321
2066
-3549
-2278
9900
2945
6577
5852
-2856
-2642
2676
9883
5698
-4572
5593
-4394
-6423
7162
-332
9518
3952
7495
-4030
-7792
-2359
4451
2396
4462
7911
-8490
391
1432
6324
9793
3917
7078
-4692
4920
6663
9198
-9394
5081
-8212
-638
-1779
6648
-9950
-8047
-1968
-9622
-4540
-2480
-6646
-166
7210
3036
-3712
7552
-4148
2498
6929
9351
-9600
-69
5884
2033
4729
1169
5554
-2711
-3398
8035
4470
-2461
-7675
5092
-1110
2916
9716
-1313
-222
7922
-6530
-1706
-909
2337
-4633
-9371
-6553
6016
7997
-7921
-1581
-1333
-5208
235
4743
2321
-6102
5444
4769
-6446
-1595
-5864
3785
2892
4601
-9222
-5295
5471
6331
9395
2015
7710
4239
-6988
-5175
-2106
9958
-8000
-1285
-9073
55
-8390
329
-5002
4827
-9967
5131
6060
9456
-2303
-5254
5831
9668
-5401
1899
-158
-8380
3156
4925
6677
-7253
-4022
4281
3520
-1146
5980
-2675
-9920
8237
6341
5385
729
5142
5765
-6230
-1879
5679
4819
-5631
-5225
1946
-5061
5521
3795
9713
6830
-8192
-4295
-9317
-1575
8672
-7408
7643
9498
3763
6899
-3850
3974
-2427
-6548
7223
7518
-5555
-6436
2135
2012
6174
-5197
2403
-6153
4914
6809
-5609
1327
-5048
5656
8948
-8853
-4943
-3004
1878
-4404
800
7058
-450
-2439
-3450
863
-7723
2025
-9829
4878
-9849
7938
2548
-2734
-9029
4161
-5993
-856
-4058
1768
4844
-4754
261
191
5381
3201
-6074
2555
-5488
-4897
8381
4695
4357
-8923
-6802
-7103
-3983
-715
-9614
2029
3976
805
-9325
-2154
632
4741
7102
6907
-2738
9440
-591
2991
-3755
8474
6429
585
6441
9624
6358
-9337
-5283
-1597
-4459
-2577
-1024
-5936
3357
5502
-1852
409
-9074
-6128
9381
-6639
4637
4925
9038
-8933
5844
1544
5798
-7049
9104
9385
-3600
-4317
-2937
2447
8779
8735
6289
-7705
-6033
3007
63
-9669
-8955
3802
5904
5082
2604
1249
7536
7963
3138
-2587
8368
4925
-2544
-258
-9270
2783
5588
5004
6259
6317
-2081
9093
-1421
-6246
4686
-3679
7930
-8486
8361
-7687
-4909
5692
4384
-3274
-7341
1466
7389
-9431
-5541
5437
3480
-3169
498
-3120
476
-3733
-4960
-8512
1774
810
5845
-76
193
-7286
-3579
-6785
6087
4607
-634
-5598
-2297
-6743
1483
9332
-6315
6858
7995
-5880
9964
-2578
-1931
947
5494
-3642
3207
3532
-851
-8714
5562
3315
1777
3282
3195
8720
-5244
-566
-4374
8507
-3061
-225
1675
-7441
-1434
-2194
7705
8162
-7196
8735
9062
-2106
-9032
2778
-8360
-3475
-3684
6309
-8053
3949
-9689
-4495
1898
-3118
8439
6142
6105
-3218
-2751
3086
327
-1658
-1148
-2663
3445
-5882
-6085
-6582
7363
9592
3554
261
-5792
-9448
9600
9468
-4043
-688
9907
7757
-3637
-8760
-233
3733
6952
-4616
-9192
9811
6106
8109
7677
-4763
8012
-307
9559
-1052
-2365
7360
4457
-4865
-8062
2088
-4514
8026
6097
-575
7869
-8236
6813
-5626
-9511
911
8304
4020
5987
-4612
2418
1423
1045
-2861
-1250
5162
-7966
3390
-9006
9964
-3895
-4085
2038
6247
-777
-3531
-3279
3169
-6965
6158
9446
-6599
1577
-5119
3558
8057
5610
-3499
-4511
9993
197
-3826
4937
2836
7702
9285
-2323
-2520
-870
-5274
111
4836
7114
-5412
7863
693
1669
1878
-9566
6940
6273
-8511
2143
-7199
5921
-9443
-6714
-2546
1972
-9990
8901
3973
-4265
2852
4533
-8538
-5232
4721
8539
8374
-1566
8532
-7599
4327
9849
1864
-9754
-5234
4763
-3901
-7081
-178
-811
2702
-2840
-9942
-7134
628
9603
4569
252
9199
2298
-4777
-1306
7784
-7564
-2420
7613
9187
-7344
4257
-964
5854
-6366
4251
4500
9640
8603
2154
735
-1201
7370
7511
8191
-856
7795
6968
8023
-4436
-2406
5071
-7488
-1029
3423
-2026
1792
-5820
5168
-9078
-2966
-5112
-4759
4782
-6927
5586
-2556
-7767
-9883
-1736
3712
-2115
-576
6701
8029
7200
4170
-1079
-6748
1781
-196
-1231
-9262
8551
8168
-5885
1077
521
-2450
-8261
-1000
-2969
-5660
-5133
5980
6076
-4734
-2540
-3202
-138
615
-8087
-4482
2464
7954
-5931
-4662
-411
-6445
-1738
7271
-7057
2730
7506
-5406
-8883
1046
9956
-9583
4257
1681
4088
-7935
4735
-2591
-9159
-9634
-4
-8646
2142
-5467
-7798
9655
6332
-4320
-5640
-1750
756
-1696
-4561
-4953
-7873
163
-6362
-7608
8222
1231
3216
5205
-469
-6998
6893
5353
6050
-6967
3022
6729
-3187
-6686
9350
-663
6062
-6443
-1968
2550
-2650
544
-6494
2529
5672
-9288
-5127
3849
-8049
4131
-3361
1665
1385
-8628
-8974
-6459
1415
-2857
1403
6201
-9215
-9
2334
-8439
-8454
-7695
6555
-6719
-103
3167
7674
-8369
-7842
-40
-2626
701
3780
3923
9704
-4860
3553
4219
-755
-2773
8433
5125
706
5335
1016
-9470
7381
-9085
3873
6086
1358
710
-7116
-4316
423
-2850
1667
-1295
9712
-1428
-3091
-5758
9259
8424
3955
3710
-7400
-8800
-5259
-9566
8979
494
472
-136
182
-499
-3879
-3147
-538
-4853
-4065
6220
3511
-9754
-576
-4484
3467
4750
8740
1046
5663
3216
5728
-1101
-5023
2364
8779
-4835
4554
7268
-7122
9770
2811
-3819
4135
5227
149
-2622
-8608
6336
8393
8175
6209
8480
-1926
-7253
2866
-1502
-2046
1400
-2183
-1134
-85
-9357
-8095
4510
3387
8007
-535
-9841
-1200
6521
-4397
9121
-4585
-1626
6375
2359
-8196
-436
-3553
-4122
-8528
-1174
-6890
-3159
-9265
-1218
2646
4586
-6981
9260
-2679
-484
1910
-160
-9592
4423
-7994
7285
-2074
3999
1564
-6891
9209
-9620
4728
4650
-5681
1345
9074
-796
3802
-7493
-54
-9926
-7710
-8660
9121
-150
-774
6108
8186
1267
-9310
-6102
-3887
9795
-9519
-5742
4149
7660
562
-6231
4619
2798
1206
6986
-391
-2417
3624
6439
-2432
3863
-6921
-8799
-7600
6208
2031
-1213
6432
8311
2769
5574
-3062
5858
-6693
-9599
-2721
-4894
809
-7850
-5078
-3582
5788
-1025
-6575
4797
4314
-4393
-874
-8765
4113
1271
6107
5543
-5062
-8048
2546
7094
-93
8961
-562
-3831
8103
-3491
1909
7954
-410
1964
-7127
565
729
3283
-9519
-2651
-8647
6084
-9195
1309
-2878
9541
1985
-1666
8530
-9138
-5200
-4112
-2255
-3349
4754
-6774
2122
5834
-3229
-6578
-6108
4867
-7829
-8486
1311
-9403
8230
-2293
-5607
7864
-6618
-5248
9604
-4091
-733
-8442
-4270
-5952
1434
9045
4751
-4103
-6119
-9796
1255
9339
5894
-1585
-1337
6059
7442
-6609
-8741
-1454
-2911
8027
-14
-9897
1401
-8093
4448
4965
2784
5274
8823
3949
-1721
-2409
-6697
-2725
-5714
-8846
-1713
8535
-1260
-7747
3298
8092
-7316
-1029
-6644
-3832
-7162
-1259
-5877
-2176
6831
188
-4717
2329
-3258
185
2585
-7345
-6586
-5764
-344
9699
-2994
1122
6495
-1484
530
-8312
-1285
-7721
-1536
22
145
-2243
2906
-4110
-7794
34
-2818
2650
8759
5064
9486
-4187
1005
2700
1745
9596
-5081
-7632
-6566
1798
6776
7774
-4508
-9614
1874
-1650
-8254
9010
8250
-5348
-6512
-4887
-9813
-4692
-8396
5109
-101
-7749
9519
7685
-7079
-6437
7847
7497
-9603
1710
-4814
2267
-2079
-6943
3598
-1546
-6998
2750
-953
-9352
9905
6798
9117
9365
-3977
-6510
-4308
7008
5994
-2373
-7121
9755
-6385
6432
-7242
-7984
5337
7793
-4939
6802
1424
-56
-4108
-154
-4360
-7486
9218
2564
-3543
-1286
5343
-3420
-3027
-9913
1659
8420
-4690
2398
-7563
-5008
9212
-5
-5123
-7629
-3054
-3133
-6419
9377
-9080
-2174
5634
7578
1417
-1062
7973
2584
7272
9355
1736
-8162
4700
7404
4957
-2811
5042
9329
8024
825
592
-1423
-6926
-1732
-1843
3900
-1050
-669
-5154
9870
4518
-8914
-8799
2523
-7572
-7635
-3932
2430
-7799
4188
2876
-2898
9041
-666
-16
7386
5875
-1116
2985
-791
9890
48
3149
-409
6366
-6871
-8306
5484
5653
-7900
2657
3645
-4078
-4093
-5954
-2768
5098
-5795
-2412
-9257
2451
-8051
-6851
-8984
-8509
7995
429
-9865
-8047
8464
-3395
7259
4540
1283
8111
-9398
-8553
7166
-5318
140
-9963
-5067
-7371
7251
-2387
-5434
-2501
-9875
3897
-6024
-6593
1064
8796
-4757
-4932
9220
-9947
1260
5481
-3423
-8462
1539
-445
5435
6983
26
7437
480
1286
-2065
-8109
-3095
6483
-997
-4122
-4506
-4084
5699
4310
400
3970
-4096
-1775
642
3754
-909
1516
-2468
-1967
-7782
-5317
-1904
-7261
4884
-3874
-4554
2539
8402
2880
691
9251
5383
-8693
2691
-7401
2850
-3391
2011
5129
-2047
-9594
-7011
9014
-5966
-3524
-3878
8847
992
276
-548
-4747
-9149
-1880
-354
-4079
3552
7097
4537
9252
-6703
2143
158
1315
-5968
2439
2339
-8825
-4380
-4565
6263
-561
5940
-9485
1821
6022
-7006
-9926
-1130
-3016
-4883
6085
-4207
-1858
-9592
-4466
9049
-9244
-7226
6079
-3897
1725
-3051
-2761
-102
-1271
6633
3482
9368
7560
-4326
5649
4374
8621
6414
-4098
-108
-8170
-754
1147
6233
8728
9674
3928
-2485
-66
-7626
2649
6113
-3639
5321
8710
-1878
-7782
9351
-8225
-5876
2006
-2744
-5299
6360
-8263
242
-825
6678
-9257
4225
9137
-1062
-5914
-8830
1220
-6355
4142
-3146
6467
-7426
-1065
2934
-5272
-8160
-3670
-8337
6487
-2234
2622
-7904
639
-9582
-3446
-1556
6260
130
6868
-4659
7821
-4340
-9691
2641
1395
1812
405
-7907
-1961
-8611
-4782
722
4862
-7954
202
8351
-8017
56
-5054
3614
-8383
1311
-6121
715
5101
165
908
4398
8636
5479
4139
1071
-4428
3112
-5018
1187
-1225
-9428
7322
1904
-7848
276
7758
4503
2442
-5915
7153
7478
-2449
-9128
5100
8000
1902
-2169
-8164
-9120
830
2575
-2285
1550
-6754
3783
8380
8362
-3919
9041
-5513
520
-5909
6358
-1754
-2328
7324
4440
-1186
1082
2194
-1031
7204
-5450
9968
791
2889
-9300
-3229
-1548
-2224
2505
-1162
4606
-2614
914
6167
-6432
-6387
1803
-1437
-3455
-9342
3759
2293
683
-6438
7824
-2781
5285
-1459
-9002
-5688
-4297
1244
7296
-2200
9743
-8753
719
2848
-8241
-8590
-4424
3005
2884
-7184
6377
9435
-7744
6911
-7183
1474
-5366
3363
7027
8083
9278
3589
-576
-203
555
4577
2971
-4678
3189
2131
6444
2609
-5402
2457
-9987
-4428
2814
-9017
193
1391
7946
-7509
-5079
-4513
7169
-8496
-3749
-421
-4253
2070
6257
9470
-5464
-4477
3385
529
-5477
-601
-4507
9258
-6072
7167
539
-1178
12
9669
7942
-6674
-5845
-7028
1712
-8291
-9907
-6033
765
-712
-5118
1230
-2004
-9152
3579
7561
-3185
-9349
6811
4635
613
2978
8516
-9688
2775
-6369
-1681
-6648
704
3844
1214
-2898
6662
-6907
1825
-7770
3254
7493
1440
8278
-8625
6335
-405
7725
-1312
-8616
6625
9969
5893
3344
4112
-1872
64
-4321
-2855
4310
-3652
5923
3426
4165
3230
-8451
7828
9303
-9189
2439
9100
9474
-7151
7370
74
-1938
9284
121
-4074
-1654
820
185
-4688
7311
307
9491
3496
6349
-6473
-3709
1547
-9415
1134
-8053
-900
-754
-7880
3252
2082
-5919
-7787
-9112
-9259
-9164
8332
4954
-3900
8657
7006
-2037
-782
7014
-9831
7851
-7789
2711
5460
1873
-2163
-6984
2876
-5372
-5227
2996
-2366
1284
2987
5042
2035
4784
-7783
9244
8969
-3715
1492
-9745
-473
-1417
-3031
5600
-1075
3483
-8096
-4180
1501
-877
1991
5455
-6329
-931
4310
1662
-9561
4129
4857
87
7830
-3846
-1006
1570
-9511
9465
-6264
-4199
8374
3415
7935
-8243
-8511
1438
4495
-3693
-8990
-1491
-4078
4293
9993
7939
-2517
-9460
-3438
-3923
-4053
-409
-7214
3854
-2752
871
-373
-572
6942
7576
663
-4345
2099
-9772
8720
8426
-9961
-2933
-5622
6556
-1743
-5597
6991
-3594
2803
2087
-903
-5246
-2775
2563
3603
-3130
-2146
-561
6545
4376
-2444
-1002
-2150
-2213
1271
-2077
1380
9342
9862
-3356
-938
276
-7488
-6116
-4140
8951
5911
6241
-4329
5398
4469
-2723
-5557
659
-2764
2741
5581
-9579
8330
7142
-7316
87
9922
-3360
-7164
2953
-7021
-6712
9134
4339
-3130
-2163
7831
-2589
-727
-2478
6688
4733
-4683
3228
2818
-2478
-9964
5977
-387
-1757
8231
-8032
-7332
-6998
-8608
-8236
1580
3945
1711
2385
-1067
6243
-4792
-2601
378
2076
2932
-927
7311
3397
7276
9227
-3318
-2898
-4095
-6698
9167
-8666
-8823
-6551
-3161
-6212
-7012
9140
-2885
4335
5013
-5966
565
7689
5045
-5435
2662
7664
1945
-5857
4723
-2055
-8952
-1707
9880
-5424
3181
3342
2090
4976
-8964
-7024
537
-5254
733
-5523
8208
9533
4234
-9234
2382
4899
-8678
-3134
2847
2441
7718
-8856
7705
-3136
-8104
-7231
1262
4336
7852
1535
-1181
2736
8854
-5333
-9445
6320
2385
2735
-6844
6014
-9438
8137
-476
6523
-4604
2981
488
5661
9913
-2452
-4837
-9731
73
-8337
2136
5600
5428
-9055
-9960
3304
6005
-319
7907
-9003
9170
-1981
9656
-7393
1786
-697
-7627
6672
-4007
-6601
-1924
-167
7656
-1509
-788
-8903
-16
5041
-4676
-1027
-6962
-3923
2536
-8917
-5997
2577
-7891
7193
-383
-7216
4719
9994
-6486
324
7470
4558
-6389
-5621
-4492
-6304
2537
-959
3371
-5408
3517
-7095
878
-5725
8414
-568
-5330
-9100
-5094
9254
2113
-221
-2412
-769
1396
-5490
-2701
9618
1452
-391
5026
4653
8891
-9313
2683
-2563
8187
-8671
-5738
4028
501
-1778
-6782
-9945
7778
6483
3324
-4255
9201
-4954
9493
3741
-7728
7555
-2530
5455
-6611
-7876
-6333
9819
-2605
-2017
-2232
7157
9851
586
9122
-9781
5810
-4895
-4230
2675
4443
229
3822
-2611
-6271
-3913
201
-1705
5226
3454
4886
-5842
7071
6544
5917
-8795
-2521
7175
4030
-2400
-7889
6648
-8318
1460
-3490
2290
5182
-9980
4324
-7348
-2870
6259
1093
-2414
-4434
4893
-2183
4154
-8015
-1453
503
2368
1244
-208
202
-6278
-5584
4437
-3047
5135
-8902
1927
9284
2926
-54
-2680
-6906
5711
-1576
-8374
4404
4687
-7967
-2058
6527
8545
7298
1098
-9704
-5797
-8816
-1817
4366
-925
-7438
2452
-3743
3138
5572
4256
3340
-9157
4526
5564
7346
-7023
5976
-2438
-6504
6454
8896
5838
6237
4184
-8300
-3542
-8495
1324
-3568
9420
-9629
7261
-6376
-2319
-5569
-709
6699
3422
-7302
3189
3452
-1793
2961
6051
-5692
-4121
-3296
-2181
-9538
-5996
-7818
-4273
7100
8951
2338
3616
-452
-2046
-2783
-4161
-9504
-7347
5628
-2645
-8731
1791
-6724
-6255
1165
2720
5448
-5779
2778
-8981
-6192
-8991
2291
2873
-614
-8790
-975
-8630
9955
-6938
-3293
3922
6395
2452
-234
-6069
-161
1619
-3222
8153
-9837
1477
-5650
7332
1184
7260
-158
-857
-9820
-9214
3831
-4098
9761
1748
-1497
-9521
9063
-1055
3630
-2297
3549
-415
266
-9947
4675
3927
-7448
-3733
-5205
333
3332
1495
-5761
-4646
7505
9293
8389
-9523
-7800
-6590
7191
-6285
-1466
-5189
8501
-5531
4455
-3575
-511
8606
1011
6208
-9731
-1373
-1817
-2949
4177
5539
5689
-3545
-9091
6787
2625
-7648
-7469
-6710
1022
1670
-7920
-7157
3225
1799
4414
1180
1737
-1093
-5084
1645
6121
-353
5646
-7654
3877
-248
-3094
-2303
2710
-8237
-1504
998
-3934
-2358
-8135
-5314
-37
2567
5189
5440
-4754
3968
8102
8789
974
-9163
9535
-5806
9974
3280
3069
8207
5161
4583
-9456
-3721
-9517
-3036
-9336
9085
-9756
9039
-2575
5
9136
-4350
-676
2666
8792
7123
-6133
-2110
4808
-9188
-5515
6693
2203
3433
8672
-3507
2095
-6441
6060
-1622
8847
7239
4712
7532
8587
1718
2733
3386
3767
-425
3350
7158
3137
-3005
8473
248
3139
2252
6346
-4955
-5355
3274
9905
8298
-8561
7058
-7207
-5583
7759
-7567
2700
4537
-7583
5454
8435
-5023
-5788
-4379
-9049
296
353
5404
5097
6697
-9684
8091
2662
-2492
-6267
9601
-5860
9353
4080
6261
-8930
8853
9595
9033
-6892
384
-1310
5442
4435
7063
5938
9550
-9528
-2809
-2386
5610
452
-1701
1476
4375
4992
-7474
-5059
5239
4451
-2705
-513
-357
2131
-2312
6390
7047
7098
1798
8434
-3806
2135
-2898
-6581
8527
-3671
701
7223
-3543
-3035
7443
-1103
-5098
4682
-7212
-5296
-1715
-8554
6457
271
-7792
-8345
3536
-7235
-8198
5057
4169
-1129
-9965
1556
6686
-6287
5605
-7230
-7789
2659
8152
5419
7223
575
5592
7136
462
1690
-6942
-9873
-629
-6042
-1094
-9981
-3977
8324
-6680
-5575
-7830
8982
-1505
7612
-4799
9709
4340
3318
7488
-6648
6499
-5192
-7405
5472
8806
4580
4546
-4348
3672
6894
380
-6174
-2503
-4614
4733
-4578
70
-1193
-2589
-9502
-8197
4994
-7405
-2522
-9073
-3029
8193
5307
8351
8637
278
-551
3720
-1526
8484
-6662
4809
7454
-4223
3662
4137
2065
8222
9325
7654
2920
-1224
-7082
-1296
-5337
-5517
-2895
-5495
-328
9786
7586
2304
8512
1997
-883
-8177
-2602
-946
-1010
5590
7393
9936
-4542
31
-142
9749
-104
8573
-7001
-1285
-7546
-192
-7203
3373
-3616
-1708
8566
2588
4479
1086
-4810
-3574
-436
-4866
-1255
-2823
6339
-6818
1605
-7039
7184
8817
-9867
-258
6695
-6468
8173
3728
1329
-8066
-479
6485
-7676
-4823
-2654
6610
2410
2041
2144
-9440
1235
8726
-3253
943
8936
-7028
7114
12
-1629
-8050
-1638
-4476
-1401
-2967
7358
2595
3367
405
5717
-3195
3091
2156
-1263
851
3394
9714
5115
-2247
5630
-9466
6386
9934
8208
1235
-7560
-3325
-5498
3574
-758
3877
4583
-7529
-2291
8353
4320
6764
-7145
-8700
-5886
-5570
4867
4653
106
-5293
7057
1223
3595
-6970
9881
37
-5030
5684
-3926
-5262
-3407
9308
-276
6869
-5249
-517
-5755
-9002
-7086
-7993
3563
6261
5144
-7624
2845
4748
-1802
2676
-3944
3327
-9241
219
-887
6300
-716
4815
-7115
-2338
841
-6634
9372
6701
9335
6406
2293
-3109
-5961
9955
-1626
-2858
8961
-863
-4959
4086
8359
8365
-2563
1365
8868
5073
5686
8141
-3544
6941
7383
4852
7800
1097
7223
-986
-191
-2339
-8150
-941
4435
-9977
2449
9983
-4381
-5600
9042
4382
2054
9343
-2189
2663
-1276
2611
9546
-9954
-3665
2670
-2179
3476
-2913
-9871
-446
8923
2917
-9334
142
-1709
3094
-404
-2492
8819
-3748
6624
-1372
-8302
1513
8238
-9308
-7286
4002
8332
5546
3248
1381
5320
-9050
4799
-3479
-8254
3281
-9121
-9547
1381
5410
9690
1771
-7559
-3334
2891
2770
-6047
-100
9821
8489
-4438
3880
2751
-5647
1021
-1029
6232
-9991
-4507
9489
-9032
8201
-5581
4686
-3478
-1284
-8716
-3364
-5137
4819
-915
-3641
5640
4075
1966
347
7359
-7102
7848
-5954
5237
-8678
-1786
9614
1063
-5638
6706
8046
7440
2292
-2294
-7934
7350
5105
5980
-1956
7147
438
-4630
-985
8567
8330
-9294
-4233
-342
-3769
2819
3938
9971
1293
-9732
-7988
-949
-2416
1381
2658
-7881
-8136
-2092
-8386
6404
3495
4311
-3839
-1568
-7481
2912
-6154
-2772
6238
4095
284
6119
4829
500
82
-2326
6315
-4712
-745
-776
-2853
8070
-5609
5921
-2740
-5400
3637
-5589
637
-4613
9722
3441
-7039
-7005
-16
5277
8359
-7038
-971
-2451
3162
-9143
-6875
-9482
1840
-8017
-5333
9347
4555
5070
9783
1204
7715
8983
-449
3379
-5770
8170
3544
-2704
3517
4025
9402
9432
-5673
-2364
-752
-9919
-536
8458
-9673
-2230
-1116
559
-9715
1463
-1141
6570
-5550
-715
-2413
8012
-1798
-433
-9055
-3657
4672
-5916
7080
-9185
-9707
-7101
7655
-9782
4539
5042
2265
8486
-9148
-784
-8758
-3297
-27
-9575
9687
2557
6622
-2674
1674
6789
7149
4473
9350
-6293
5540
5093
-4286
2909
1588
-841
-6539
9378
-9525
-5889
7988
3710
6696
8960
-4732
-2861
-3020
4389
2613
5297
-6765
1172
-648
8915
-5783
-5998
-175
-5765
-7399
-2474
5176
1553
-1447
-8913
7203
-7400
-3916
4184
-6594
7520
-3911
9127
-2407
-333
-1763
-1475
1357
8998
-3380
5006
3934
-3474
9555
5899
-1247
-5065
-893
1386
-6702
4095
6956
-7674
-7487
2838
5650
6094
-1694
818
7595
9862
9825
5651
4895
4539
9676
-3188
3602
2761
1930
6941
1618
3150
9394
9252
-586
6832
8087
4077
-935
-986
3470
5660
740
893
3762
-8312
-5369
-6650
2695
261
-1361
6563
-2412
-7913
-86
-7343
-4911
-3206
-2937
-8150
795
-1810
6277
-6284
-2281
-9969
-3745
7810
3201
-349
1097
3087
8640
3651
8448
5661
-4919
-8295
-4509
1993
8794
-9492
-8125
9771
-5310
-2704
-1429
-2247
7656
-8491
699
-4044
-8629
5085
-7490
-7286
5625
8877
7598
534
-2011
-7480
5368
-4430
-299
-7458
-1106
-3335
7375
-1295
5010
8636
932
-8632
-2503
-6593
-8409
3095
-847
8458
992
-4908
-3999
4817
2890
1889
-3882
-8280
-8984
5583
6287
-4287
-9004
-658
-6045
8605
6175
930
-5838
-4497
717
-5627
8779
-9423
2515
4383
-4283
2126
-1474
-4569
-739
-6153
-5658
3361
-9014
5437
-8835
7579
6925
9669
3074
-6564
9588
8561
-1277
-3684
-4625
-7236
8193
-3442
7703
-1509
-9281
-9509
-805
2776
-9097
-7737
-3991
2970
-5278
5356
5152
4400
-935
-396
-8126
9336
-6150
7667
-6144
1351
1389
5719
3452
1762
-3525
-5278
6712
4189
5054
7903
2006
7711
-4979
7353
-9325
-950
-9449
-4678
-2148
3355
-1526
-6488
-3740
4492
714
-4499
9256
9751
-4441
5724
1816
2989
3630
-4478
-7253
9307
6223
3626
-3530
-8554
3835
3276
-2068
-2770
-6563
-1507
8824
315
4018
9683
8573
-5652
7232
-1618
9711
-1559
9412
8592
6115
-5761
-5789
-1464
7829
9168
3558
3041
-387
564
9883
157
3348
-9683
-9346
-3733
7325
3518
-2937
-4836
-4611
8943
-7131
2766
-6991
7804
-6978
-3422
-4955
-6638
5453
-8334
1749
-3053
-5130
3316
7330
9725
5254
9371
8106
-2496
-1542
-7058
-6946
-8226
-2726
4658
4448
-7290
-2796
-749
-7476
-6856
-1942
4003
-900
4517
5254
3230
6721
-9142
-9236
65
-5400
9226
5898
4461
6555
5705
-3092
-4686
5825
-4475
-5129
703
6687
-5272
2917
1201
-3932
4719
-5498
7684
-1646
-5310
-6454
9231
-3902
2688
9856
2381
-6919
-8943
-5868
8377
1871
-2756
5162
-4301
-6897
-4898
-5758
5409
4893
-9549
1564
-2959
2107
-9741
7655
7324
-390
-9308
-7342
4055
-4992
-3960
-9808
-6091
-5899
-715
2872
-4364
-9202
6119
-1531
-6941
-3462
-2176
-4160
-9370
-4510
-3862
5573
4722
-4082
-1220
-6985
-4768
-7280
-921
6762
8440
-1820
9582
9770
-7677
-4517
-1072
-6278
9637
-523
4157
-204
8827
-9926
8278
8737
8119
1980
4531
-2229
-124
2682
-1849
-6491
5547
-7474
8657
5650
1261
-9234
-3286
441
8469
-1215
-5091
-6709
-3495
8997
-5791
-2075
9993
2822
-4083
1933
-4105
-7343
-7116
7722
1830
-9389
7725
9605
2271
8185
-2088
-7254
1677
-8619
-7097
-7463
-4206
-4947
-9549
-6759
-727
987
-8882
-7133
9476
-3553
-2599
-5441
-1939
2292
-1930
-646
-2457
4351
-2150
4643
-5564
780
7194
-7875
-686
-761
-4146
-776
-9773
-3083
-9545
6785
794
9347
-1642
4122
-8666
-8959
2874
9176
3551
8632
-8392
2061
8728
-3088
6888
-1386
-1588
370
-4106
-26
4631
8744
-9658
9797
-5789
-1622
4230
3081
1613
2864
-6214
155
-6769
2160
3479
9920
1603
-4025
-2082
1394
-4476
-3397
7416
7033
6773
9154
-8489
-4717
4810
3496
242
-8435
-309
5383
3861
7018
-5907
8133
9997
3266
9324
-3454
5713
2729
1697
-4253
2449
-185
8677
1810
241
2427
-1225
5711
4631
9410
-9040
-5242
-6447
7921
-2287
7159
5630
-5609
5856
4760
-8103
8379
-377
2453
-2887
8190
6014
8999
1589
-7994
-5639
8470
-9984
-1330
-1093
9958
-32
-1598
-7553
-4106
-9211
1824
-6749
-7899
-7019
-1412
-7166
4969
-4357
2162
-3246
-4872
4659
-5248
9131
-6503
4407
-2899
7340
4263
2762
1368
7775
1914
4832
2656
-1164
9674
-3989
5925
7834
2055
7883
-9656
3824
-4521
-247
-4986
-6042
-5092
-1354
-5088
-8225
-7081
7821
4592
-7717
6060
2342
2540
2049
9700
-6604
6990
5918
6698
-5259
4398
1489
9779
4621
953
1744
-1319
9144
3874
-2782
-1333
-9874
2809
6173
-3195
-9361
-4248
5831
1185
8756
8281
551
6882
8592
-5252
-4067
4562
9309
-5912
-3939
2868
-6593
-6244
-3669
4107
189
-9043
5029
1632
-2033
1407
5526
-5430
1308
4636
1644
-1187
9862
2881
9701
990
548
-3946
6780
6286
2411
1862
5519
2558
-8783
-1476
7341
1042
6159
1065
5546
-23
-5740
7015
5806
-1949
-2337
-3867
-1313
-9299
-2477
-7335
-4518
7273
376
-1274
8040
4617
2550
-976
-774
6339
-5788
-2974
-4250
6378
-2007
463
520
-226
5636
1341
-5016
8939
-4363
3829
-5562
4988
-8074
9832
-3453
-9028
-1359
3909
350
-4410
5510
5219
9025
-6494
4720
3556
-8895
7617
4915
4538
-4918
834
8101
-8484
-3163
8445
8065
-4097
2731
3368
-3744
-557
-4767
-1356
-7931
8485
-2182
678
-5740
4597
-5362
8172
-1288
-8761
5897
-5133
3846
-7814
9382
-6002
6809
-1934
5912
9915
9830
3758
-6038
-860
8432
9954
-996
-3669
917
-2935
-3808
6081
6344
-2191
-9911
5018
2438
6286
8885
-5921
-1954
-8769
-8629
-2644
-9832
-3277
-3038
5667
-8481
5403
-5172
-800
-901
7205
-8490
9804
-5448
475
-1323
-4689
3294
172
6492
228
-4133
4301
-8703
7449
-2893
-1432
382
-7137
-1935
-276
998
-6055
-7290
-411
6898
962
1755
7415
4999
-5761
1459
5148
8334
-5028
-5870
-4524
-6439
423
7195
-7205
9868
4452
3513
4714
750
7795
-2512
619
7213
-9586
-7766
-2132
-5789
2057
8533
9777
5245
-5731
-6378
-7915
9956
-1949
-6131
-2795
-3346
-1962
2072
-5457
-6196
3816
-1181
-649
981
798
6770
-9903
8479
-9286
7831
-1568
-4397
7520
-5391
7415
-6273
1413
-1164
4795
4737
-1020
-9474
7412
-8208
-585
-1078
8865
-313
-1260
-6315
-7025
-8773
955
-8083
7430
7419
147
6665
1736
1050
-8218
7939
9547
-3977
-2041
1631
8209
4266
-7493
4871
-7822
-1406
3636
8320
-758
-6313
9088
9957
1267
6972
-4127
4267
4807
7187
7627
-2673
3088
-1512
-749
-9237
8985
-2714
4467
-2785
-2056
9760
-5801
-2488
8247
-6228
3124
9582
8036
-5516
-5781
-4744
5317
3671
599
-4181
1044
1790
-243
-6716
8814
3214
8557
894
-8613
2994
-596
-6885
2238
2896
-7980
-9286
-4739
8205
1674
5714
-3309
-1102
-7040
-5834
3813
2999
-4228
8761
-7629
6843
6051
1442
-4010
3486
-3059
680
4263
-6922
6560
5592
8367
-6631
-6715
-9471
-1241
-2723
-274
5650
-9648
6830
3655
5559
-69
-6064
1649
-5230
-8937
-1426
2590
-6441
-5236
8768
-7118
9045
2603
6359
843
6976
-4976
1520
5306
-1503
-9357
-6408
9600
-6039
-1791
-896
4482
-3780
-39
-4173
4543
-1441
1342
-867
-9069
1045
5109
-3523
-943
-2839
9760
9466
3454
177
-1756
4017
-1369
6080
8422
7145
-9479
3140
8035
-5246
4119
7193
-407
2937
-197
-3806
4684
-1814
-2373
8732
8259
-8922
-6745
-1692
-836
-9556
4885
1546
-483
5509
-1077
1154
-8843
-7037
-674
9842
-8002
-4169
-3232
-3507
4547
-6874
9858
-7987
-3963
-2441
6420
6296
1429
-6579
-4356
8422
9693
-9629
-7602
-5733
3644
1774
-5261
-3845
-9140
-4166
-8778
-8045
-3215
3568
7630
-5364
8763
-3659
-3989
-8727
-3202
7764
-9113
-3121
1828
1198
760
-6013
3406
-7792
-76
2523
-2056
1160
4477
-9444
2114
-2494
4446
-1036
4243
6012
9921
-1782
6509
-5142
5378
-7429
5369
-5109
-9077
-4867
-9329
-427
-8549
-5234
-7414
-9883
-645
-2966
9594
4799
-3551
-4853
-9876
6398
5414
-5429
-8450
-8374
-1764
5637
109
455
-6475
-1862
7520
313
1559
8774
8556
7316
-7164
-1393
-1660
7642
9674
-8638
2814
-6554
-4109
-148
-3871
-4960
-8108
-7538
-561
-3671
6043
-7607
-4809
-8423
6284
5090
-1387
5648
2639
1310
-4198
-4839
-7259
-3738
-4614
-4089
-7995
909
-4248
-1852
-3444
-5673
-111
-168
7064
18
-708
4880
3828
-1799
-5155
-1279
-5973
-9750
5337
-9220
5059
5750
7135
2255
-7341
-9823
-9165
537
-5428
7979
5590
-1415
2288
3367
7189
6902
-7649
4359
-8302
9244
-679
7597
7955
-1249
8145
7786
7956
4203
233
8832
9545
3207
5710
-9187
-8678
7622
4630
1685
4329
-4582
9507
-7533
-5843
-8903
-986
-8137
-6813
-8856
2110
-6053
-9248
4591
8976
-3920
-3502
-8542
-2470
-580
6972
-1414
5820
7849
-173
-1737
-5521
2311
8404
-5641
3670
-1489
-7764
1600
-5881
-7670
-3219
5258
-982
1333
-9092
-5576
7706
4406
4129
6909
2131
6573
2267
7781
-3555
-8803
-7307
5314
-8283
3975
-1533
-5737
-8731
-5196
1030
-7754
4153
109
2118
5992
-5048
-53
6127
-1669
7544
7023
-3198
3296
-7347
-3996
6667
-1150
-7556
1679
-8519
-549
-6188
4305
876
-6186
-5013
8669
6315
4381
-2785
-6044
8613
-4010
-864
6120
-1140
7088
-106
-5114
7372
-44
8359
3818
2754
5803
7866
7652
-1811
2112
-8805
-3282
4798
-7733
-2685
-2605
7604
-9240
3699
-1198
9929
-4429
9477
-9560
6136
4665
-6491
-1804
6703
-1804
6133
-8660
5129
-7035
1408
23
-4458
7697
-1126
-3567
-8979
-2632
-3348
8849
8908
-9369
-1675
-2664
-3263
-5433
2462
-3435
-7468
-2158
5903
8854
3588
4900
-6777
4311
-8863
-1500
-2159
8534
5516
-7261
-2728
-860
-7906
-5061
-7404
7735
-1675
-8167
-8637
54
-2662
4619
-2285
-2582
-2342
-3071
-128
2361
1782
-5355
-8231
-2325
-3193
1001
-7923
-2932
-3151
6622
995
910
4363
8127
9291
8619
4611
6763
246
4847
9812
7771
-9765
6090
1928
5141
7558
2940
2175
4048
9231
-3958
7209
-4918
1279
5114
-6918
-3157
9054
-9082
-6674
-7262
-2263
1875
184
-7708
-9560
5343
1739
274
816
1310
-7925
209
-8749
6649
2812
-9548
8576
5355
-4873
-3929
-2824
-5006
8882
-2956
392
-15
-7632
-7118
3315
1526
-271
-1785
5978
942
-3692
-8422
-9027
3310
6720
-2331
7223
1491
1395
-4369
-7385
-912
-4957
5052
-2903
-4157
1274
7432
7388
-3803
-1394
990
8484
1325
4541
-982
9385
-6128
1521
-6092
1649
-4060
838
-912
2262
3132
-7496
1007
-2908
-3450
1741
5161
-5260
-3844
6532
-9024
1806
9215
-74
4621
7246
-2971
2270
-8782
9709
-1157
8033
-9439
5055
9801
6756
-642
5822
-2147
-6647
9533
-2650
41
2342
5122
6969
-5458
2746
5083
-4268
7183
-7410
-6275
-6281
8941
3506
-3001
-656
1836
-845
-3336
8198
7308
8618
1255
-3784
4827
2794
7321
759
-3824
-6851
-6008
9786
-7317
-8491
-3612
3474
-9594
-4690
5904
-56
3093
4046
6697
5162
-2579
525
8679
1215
1799
-2376
1925
-7169
-5031
-3245
9444
5854
-1249
545
-7634
-1002
-4072
9322
-5334
-4654
-8822
-5034
329
2995
-1662
5793
-7727
-7966
-9200
5233
8267
1979
3754
2361
8501
-1756
1162
4814
-5380
2806
2119
7656
6410
-9989
-6931
745
8783
-7786
-552
7939
-3783
5840
6914
4229
7522
9773
1150
-6573
-7174
404
616
-9401
-9128
4796
-8832
-5378
-9840
-656
-1514
-9608
-5504
9658
-9362
-1115
9719
3438
-5933
-2872
-5136
1987
-9022
6296
9054
-9856
9668
8638
887
3165
1483
228
-6465
-2612
-3520
9433
8311
1926
-9431
-4130
-3309
766
491
3625
-4631
-2616
-3836
592
3179
9678
8480
9952
-3558
3733
-5019
9249
-6879
1722
4038
8900
6983
-157
4671
-4408
7262
-8480
2673
1790
3915
-322
-3710
3012
-9371
-2677
4314
-6209
-8833
4370
-8978
-9430
2858
5041
4076
2702
-3444
2446
6686
7139
8632
3114
-4506
2220
3829
3944
-6195
-5626
5540
5261
-6065
-4214
-5256
7234
-5558
5128
-6204
-1368
2849
-2724
-3667
3660
4422
-4852
-2956
-9207
-3112
8632
3963
7532
631
-6617
-212
-1983
6414
-8340
-7291
-8873
-3685
5673
8171
1765
-5706
-194
8311
-4926
-7927
1716
2817
9994
4823
8381
4868
-2825
-4670
-5932
-9811
-3264
7861
4936
-5195
9551
-6415
-9960
-2249
2638
-1734
-9675
-5032
-5220
-8160
3226
-4632
8701
4298
7219
-7153
4620
6881
-8757
4726
1241
-9396
-7544
-5694
-2894
4105
1848
-6031
9835
-1429
-1130
9188
-471
2214
-9382
-4100
8688
2887
303
-8271
-8360
5794
-4321
-353
5828
5967
-3737
9764
-135
-567
6533
-3224
-6539
5009
-242
3201
-6370
4551
8781
-160
-7249
5271
4141
-9118
9830
-4493
-2423
3686
-9905
4555
998
6654
-2609
7012
-647
2739
-708
2230
8056
3578
1348
-1673
8675
6218
9498
4250
3237
-2022
-4862
-9744
-8689
-4111
8438
75
5717
-5631
-5198
8730
8111
5894
1588
914
7419
7022
5312
-9316
7939
2523
-2268
7935
-7191
-8532
2091
9560
-2281
-5108
5173
-4067
1905
-5219
6342
3225
9449
1410
-2016
7199
-3778
-8869
-528
5109
-9894
8059
6718
-7918
5996
3213
8157
7375
7421
1798
-6229
6183
4689
1517
8001
307
-9259
6361
-3818
-2027
-5826
8419
-7340
-8110
-6562
-5897
8496
-3542
2013
8437
5900
-9970
3317
3905
-3306
4362
-6809
9060
6380
6277
1992
-4962
-4175
8330
-8821
-6263
7861
6
8034
3712
9084
113
-6361
5009
-8640
4561
-6834
6367
-4961
5857
6942
-5966
2317
2874
4312
-7544
4700
6200
777
5527
-2144
5921
-1828
-894
5928
787
-9866
-234
143
9050
-3999
-8607
5961
-2397
-9497
4796
-200
3094
2269
-8803
2842
-9446
644
5397
-471
-4432
-6385
-9267
-4676
3978
-5739
229
-8074
-2252
8289
-9436
-2645
8729
-5634
-4608
721
-87
-4796
269
4224
3480
6685
7207
-4440
-7409
9660
5576
-7346
-8992
-1904
-4428
158
9015
7322
-9680
2883
-2905
-5493
-2242
700
2103
-1697
640
9865
9336
-930
9261
9269
-7290
-4414
5222
-3119
-4014
4174
-6354
-7263
5049
-589
-2460
-3809
-4308
7478
-3304
8759
7402
120
-3285
8145
4127
6949
7860
-187
-1254
-93
-2062
-6803
-9622
4552
-3098
-1522
-3282
6821
-5953
-3208
2368
-1720
1904
-7348
8868
6246
-3141
9074
-427
970
-8367
9166
-7331
-4269
-9092
8607
109
-1401
8483
3979
6658
9573
-8212
9742
-2517
-41
3172
3031
-1767
7975
1200
-9588
2929
1338
9854
7385
-1827
-894
-1197
-4068
5925
150
-2500
6026
5413
2984
5999
8056
4596
-6002
7629
6260
792
3728
-2862
8893
-1774
683
-1364
6533
1012
-2169
6037
-3578
-1092
-953
5097
-3465
3510
-4007
127
5303
4972
250
9273
-7521
6644
25
9942
-9443
-7124
249
3796
-7962
-2204
998
-4634
1335
5327
1169
-4231
8936
2008
453
9506
9002
-1038
-8717
9656
9599
-8706
-9924
-6297
2569
1515
3745
6693
5969
-2344
2697
6303
-5863
-1914
-2954
856
3132
-1022
-977
-4705
6049
510
6177
-1215
-6677
5587
8663
-881
-1780
5651
-5939
-9844
-2864
5766
-3365
-7361
7241
4582
-9015
-7459
-5162
6223
-1419
4654
-324
6738
6535
4835
-8467
6255
-1370
7636
3241
5720
-4002
-2992
-403
292
7819
-3552
-171
4005
-7990
-8431
966
9960
4655
7211
-8323
8639
1451
3630
-4306
-4625
-9014
-5210
-1700
8559
-7552
9947
-1606
-8686
-5685
-5461
2386
-119
3850
6397
8705
9487
420
1591
-1922
6894
4428
3812
-7310
-7856
2504
-8360
2078
1907
4026
-7919
632
7848
-5272
-6494
5762
-2128
5954
8790
-7197
-3683
3857
5994
9141
6393
-8157
-6572
2751
2506
-8615
487
6926
-31
-6643
-3208
-1910
-80
-9745
-8754
-4972
-3456
6242
-9094
-8157
-8082
-9947
8375
1080
2465
6056
6037
7422
-8509
5053
-3789
6479
3263
-5779
7920
5159
5228
-8667
8447
3346
-1508
-1089
-9419
-9203
-7277
-4223
-2636
-2210
-199
2359
-7224
6589
-5695
-9766
9111
2414
-40
-8484
4308
5924
-5556
2022
-7594
2749
6575
-6766
1926
7343
4523
8493
-4665
-8720
9718
-2657
-6092
-7380
-1504
8076
3342
6509
9156
8137
5367
2132
-6348
-6150
-4576
-4787
3623
-2720
9729
-332
-1044
-9458
-79
-9185
-8238
5835
-1507
2198
-1292
-8920
8548
8987
4026
3197
-7927
-880
6018
-8688
1867
356
-585
8118
3311
2650
-5197
1954
8341
5516
-676
-8994
3519
3915
436
315
-2931
-5335
8799
5735
-4200
6760
2910
9719
-8607
1933
5212
7043
-7569
7010
7924
2900
1381
3224
-5221
-7997
8674
-8457
1497
3133
-1667
5376
6919
6612
3220
9378
4869
-1694
-2673
4354
-2582
8600
-7098
1103
2561
-3662
8678
-1327
-9092
9281
-7784
-1350
4359
4749
3717
-98
-7994
-2411
590
-7346
2792
-7305
1421
-3678
-9265
5783
9605
-872
-8497
-9421
-4528
-2167
-3353
9588
7729
4822
398
-797
4022
-4617
-6541
5464
-821
-2001
-1586
-5619
6439
-9535
1341
366
1860
-6223
9
3198
-9051
-5028
1903
2902
-4157
2020
4641
1455
-3330
-458
1406
9566
252
9733
-4688
1678
9333
-498
6714
-9244
9675
613
4132
6267
-8817
-2701
1974
-9921
9493
-4914
5554
3767
-2048
3501
-7170
-223
5705
-1321
3707
-9443
411
2474
-7007
-1141
-5677
4431
-6563
-5660
712
7659
1436
9108
-2594
-6585
-9741
-8914
1979
-3558
-7408
-6582
-4465
-7898
1001
7254
-416
-7347
234
-4662
2375
-7825
5194
1286
-3400
7058
4491
3873
9386
4560
8999
5513
5799
8819
1275
4791
-5914
-7227
7719
3248
4843
6680
3552
9602
-5204
-2833
7090
-7797
-4778
8426
4832
762
4842
-2287
-7721
5572
-3683
-7894
8507
-3129
-4167
8547
-3913
6053
7159
-1027
3168
587
5575
3911
6413
4471
-3093
-9478
-8132
2394
3955
-7897
5954
8932
-3216
-5369
-3644
-96
580
6361
5195
-7378
-3998
2338
-2601
-3312
1683
616
5910
-6985
-1640
-7448
723
790
-6760
1399
-5696
-8328
-6011
-1615
-3862
-4186
-7036
1647
-2154
-2497
1809
-9483
8270
5850
2243
-5129
-8561
-9591
2423
1181
-5733
9454
5087
2251
-2243
5870
6405
-1025
1417
8332
2086
-1294
4196
-8742
1508
-3508
-7715
2126
5963
1807
8195
6654
-106
-6549
4754
1923
-448
-1607
7053
-7523
-907
6678
-8614
7362
-5765
-900
8816
7523
5234
6127
-835
2873
3240
-393
-649
-3212
8967
5904
5576
-4754
-3272
-4437
-7942
5186
-665
2335
9693
-4234
9046
7520
4633
-4507
-9932
-7616
1586
-2965
2264
2063
-5512
-6184
-6453
5214
-8026
-2056
3475
-2943
-2590
1577
1807
2914
-14
7077
9635
-3065
-8121
-6026
-7346
7971
-8332
6431
-9790
4655
1603
-4804
5585
-3285
3041
-9621
5929
-6211
3814
-3389
-9039
-6905
-7876
7651
-9387
5884
-4142
7224
-4268
8512
4903
4162
-3466
-4712
1863
-8940
3359
-7507
-2597
6432
-4282
-6861
6934
-4047
9092
-9191
4651
9835
6169
8322
4530
3985
8569
-6265
6727
-3118
8994
426
8742
5876
-3835
-1113
-7416
3931
-8218
-7840
-8207
5568
-66
-3907
827
1578
-3270
9290
8166
-1275
2994
4499
1661
-8410
-6478
-7509
5649
-5011
-6208
-3746
6407
6335
3729
-9315
1184
-2325
-7201
-6043
-2944
1508
8440
-6076
-4458
8184
2946
5310
4247
8316
-7177
3675
1115
-5883
-2477
-6012
-8605
-4032
798
9449
4585
-163
-2578
85
-1895
-7313
1408
9585
6503
1315
8177
4129
6268
-2264
4871
9190
7998
-6071
2229
-3205
-748
-1692
5171
-9097
-8343
4455
-5212
8737
-6790
9982
2730
-8291
2416
7378
3342
1859
187
8916
-9820
9997
-9573
-2139
-9107
-3868
7254
4559
-7329
5385
3500
8161
558
6677
4170
3103
-3244
-5648
3774
-525
-3636
5683
5474
-9546
-3406
-7399
7643
5967
8277
336
6282
650
-1836
-8717
-6782
2851
2611
5485
-5610
-306
1051
-7986
9582
1270
329
-8136
8251
-1455
-9650
-8609
-979
7006
-9654
-9427
-2746
6775
1409
5894
-8773
2617
-5633
-7695
-4111
9554
1595
5089
-4876
5607
-5017
-2981
7749
-2737
-8556
8027
-7467
-4488
8126
9056
9062
-1886
-6131
-6053
5446
3498
7718
1105
-8936
3604
5031
-8912
7433
-9248
-2713
5416
5626
-3877
7656
-3933
9965
3440
-1304
-4472
-1002
9111
-7488
5864
-7406
2597
-5180
-3802
-8579
-7234
3726
6908
691
-8962
-9324
-1151
1194
-7196
1908
-4268
-1078
-4390
-2111
6989
7003
5164
-4294
8584
-9556
5692
3100
-5286
-5413
2255
-2879
-3797
4575
-1842
-680
-3971
-1005
241
-2427
-9231
6274
9337
-7653
-4741
3079
17
9942
-2154
-2776
-3578
-2748
-2918
-9975
-4104
8455
1454
6848
-9489
-4210
-8138
-2523
-6685
6205
-633
-1301
-179
7344
-3679
6925
9569
4728
3045
5697
-2194
8596
-2289
-6620
-6121
-7088
-3421
9294
-2718
-1225
8715
4542
6864
8625
-6829
337
7066
-3116
-763
-6393
-957
-1569
-9057
-5622
-9638
1180
-5659
9881
-9630
-769
3337
-2625
8981
-7451
4732
294
-3164
-3982
-9090
682
-724
-4785
-6756
-739
5244
7136
1558
-7504
4771
-1549
3179
-8505
5935
-667
7161
-7838
-202
-6716
7650
5483
-917
-930
9334
5606
-8409
8249
-5645
-2791
-9939
-1718
-7330
4876
7219
-8489
-4655
-3389
-7960
-1023
-5048
-4376
-8829
826
-1384
7543
-3704
-7551
-176
6621
6136
-6223
7471
-1955
6690
5367
9595
-9880
-7714
8604
-3708
6864
1288
3821
-117
6784
-7972
-4720
7188
8402
-5912
-22
-934
-7708
2757
7595
-3096
-4339
-5220
-626
6643
-1358
9372
-826
7644
-8540
-4089
-64
5617
-7096
-2788
-6448
8059
3821
-4905
-3216
1070
4505
-4743
-162
-3882
2389
8199
6868
-1150
-8346
9116
-4653
-5516
-5159
2578
-4973
8365
-315
-1004
2854
-4017
6463
-9177
3183
9403
3234
755
-3711
5290
-4945
7722
1698
166
-1667
-1652
-3472
-9680
-4005
-2853
6650
-4936
8722
-7352
-6869
2738
-9993
-3376
20
-8901
-1586
1951
2920
-8688
2379
9274
5713
-1139
7699
5263
-244
8962
-2154
-3251
3186
-3573
-859
-9273
-3541
8563
4283
6742
150
-3047
-8730
3128
-6125
-7165
8848
1440
2401
-6270
-3396
-8185
-3017
-8481
7088
8341
-7772
-987
-2786
-437
6666
-5786
3605
9592
977
113
-4579
4230
1782
6048
2856
9298
-5770
6323
9025
-855
7729
1049
-5527
9059
9863
-1914
6536
-167
5506
-145
2669
7658
-2150
-5636
8939
993
1698
-4093
7229
-2035
271
-297
-2017
5837
5491
-3661
-6818
3469
6448
3191
-2263
7456
7471
8803
3836
-6558
-5971
-8258
-833
-262
1938
8965
-7822
-2369
-4250
-8772
-7659
8657
4693
8795
7106
-7949
42
2145
1696
-4831
9698
-7911
-1058
-3078
8962
-995
8217
-880
4630
8919
3352
-6729
5801
-8756
685
-2469
9355
-9102
-3532
-3274
-8306
7912
-4594
-8138
8306
-1092
-7045
7009
9508
-1943
-1637
2690
3815
5254
4052
-4743
-1724
-6962
9670
4600
3034
-6036
7346
1767
-2483
-2664
6878
5843
-5483
6763
-306
-8924
-9120
3992
-7711
-4767
2001
-6381
2077
-8780
490
9241
5681
2934
-2508
9096
-3922
2533
1145
6038
-8391
-7373
5107
2527
3807
-1763
9145
7290
-1516
7902
3610
124
8060
-8446
-7462
-593
-7173
-3374
-1164
4525
8838
-2395
6260
-8118
2608
-2903
2597
-6075
-2338
6242
8261
-489
-430
1244
-6579
-1577
-7166
2297
-7921
87
-8379
-9334
-260
-2093
-7614
1316
21
-4136
-2971
6322
-5043
-4178
6791
867
-2726
7652
-7240
-3062
-8314
8524
6088
-5141
4100
-8629
298
-8964
-1085
4645
7361
-2114
-6566
7842
14
2023
6990
2390
9780
-1011
4075
5319
111
-498
-18
8527
2177
8915
-6907
-1787
3792
-2462
7981
7024
2188
-3900
-8606
-9916
3024
-4134
7095
1823
6928
8859
-7457
-2066
-7892
-3513
684
6354
-5712
-4381
-6320
-2458
4365
-454
-444
916
1254
1072
8503
5709
6668
7152
-5595
-8235
-8310
-2339
-1708
-2786
273
-811
-448
8257
9129
8142
-8882
7109
8723
3042
819
-371
7148
-2808
30
-475
-1421
4699
-7971
-4137
324
6682
-7052
-243
-6509
5690
-5266
2963
6804
-721
6117
-3166
7402
-9388
-3094
-9395
9606
846
4335
-2777
6493
5131
-5658
-6562
-4352
5783
8773
49
-3460
-6178
6194
-7179
1367
6775
-5927
5146
2536
2904
-6964
-8330
-4376
7427
4825
4855
-8568
-282
4318
1056
-5428
-9747
9355
4983
6086
-7779
4463
-3079
5521
-6276
-8102
-8491
-7454
-9880
933
8454
4435
76
-2669
5190
-5765
-7527
-4776
-3052
-1153
6454
5437
2426
-8123
4274
59
5758
-1250
-818
-6609
397
-3723
-7846
3426
-2375
3604
8627
-3139
7355
-1305
1366
-6859
741
-789
3714
-2103
-2691
546
-5323
-2779
-8022
5253
-1763
-2541
-4507
5430
-7906
-1187
-5040
5669
-8715
-8524
1708
9695
662
1136
3739
-539
-5591
6041
626
1511
8684
6392
5230
-7963
3982
6429
-6385
816
-7786
1645
-2477
5436
-1486
-1437
3541
8831
-5830
365
-9517
1766
-6412
9519
-4811
4433
-9968
-6846
6500
8016
9166
-3857
1954
3521
-843
1642
-4969
4687
-6772
-7527
3442
8270
-2892
7362
8364
9657
617
-6957
-7683
-2802
6245
-634
-2158
-5568
-5832
5336
-8751
685
7078
7278
8349
-6505
2181
-8988
7190
1214
336
2248
-6897
4143
7526
4904
6850
-7574
-8827
390
6384
-1737
-6647
-9658
-7700
-6309
-7459
4507
-7942
5991
-6813
5985
5311
-2445
-2524
9179
-7008
-9097
-9286
9068
3956
-1512
-82
8359
-2719
8648
-5470
3851
3322
-4888
3231
-716
-70
-4925
-8142
-3419
2691
-539
5283
-9343
-1381
-707
-9160
3884
-887
-6654
-2605
4857
-1522
-4098
-7941
-2232
6371
210
8374
-5059
7950
7430
8204
8491
-8034
5064
4390
3307
-4708
-5401
8777
6501
4592
6562
5989
-3678
1064
-516
7313
-7633
2205
-9849
-7896
-337
4941
-5253
-3462
2134
-5082
-1224
1815
-4326
-6840
-7797
-2993
-4079
1116
-1862
9593
-8961
864
6575
-4762
3602
-2890
-9838
3440
5124
-1197
-4614
-4196
3785
-5209
-4537
9687
-9878
-8153
-2693
795
-3657
-3395
-4018
3458
4892
1595
-6997
-1077
-1303
7389
-9262
-1962
-4922
8067
5732
-3979
-3837
-3690
2103
-3811
8591
8982
-9477
7112
4878
3782
6056
-9102
-8507
-176
1757
418
1596
-4150
4646
9958
-1895
5997
-1558
9972
-5202
-7477
6002
2664
-7326
5444
5545
7843
8391
-9952
9924
3749
7356
-6242
-5214
1101
-747
-7367
-8410
5747
-9058
3771
788
-6116
-6535
1516
-5704
1862
-9438
9583
1513
-214
5307
3398
5346
3451
-1396
-3933
-4047
-6139
7506
-1146
-6819
-4603
-2426
8211
6040
2953
-9903
-4960
349
6809
4814
-3545
-7039
-3289
6685
-56
-2122
7778
-77
-4526
-5027
-7017
2412
865
336
-3010
4722
-3063
7542
-5242
340
7333
-9667
-2954
3360
2020
-8879
7987
893
7421
-4673
6451
7674
2875
1252
-8392
-3125
-7279
3604
347
-8453
9441
-3648
9279
-7984
-6102
-2538
3992
-4295
-5252
-239
-9498
1773
-706
-5151
-5304
-7428
-5659
-6681
-5573
-6717
5991
8821
-586
-8384
-1549
-895
3042
3128
7194
-7935
1685
-8841
259
9620
-2909
9213
7386
9561
9048
3363
4320
3123
4503
-6710
-2196
7858
-7479
-3218
-6644
8862
4315
-1891
-1667
-6760
-8910
6318
-7421
502
-3777
3381
6904
-4978
2552
-1657
2148
7525
-8910
2440
-6640
3344
3543
-8590
-323
9886
-4490
4176
-7677
-2983
-4841
4601
-6222
5141
-5226
-3239
-4052
-5925
-9494
-9241
-4029
4025
4627
-3719
-1476
2448
-5736
-2788
-8750
-3129
-7557
-6114
6537
-1596
4080
4716
2691
3664
967
-2703
-6214
8059
-587
-232
4661
-7475
2909
-1079
3306
468
8070
-450
-8674
-6335
6646
-3520
-5640
-1772
-4424
-6717
8848
5462
-4411
5515
2904
-3720
8706
-1345
8749
4459
-4878
5366
1694
-6173
8670
-4254
1875
-2974
1474
7523
-2659
-4421
-4123
9559
-8362
-2971
82
7858
-1678
3564
-787
-106
-4930
-1721
1175
8329
-891
-8930
3616
6363
-5228
-7746
-7529
5444
-8125
1715
-886
4502
-194
-5381
-9960
3670
2901
-5383
8746
7772
5189
4266
-7769
2802
6465
-8767
-9533
-3725
5562
-5320
-5841
-9049
1366
-6452
-9875
-291
6454
5726
-9652
-9537
5595
4013
8041
-1943
-9072
3545
-6118
-778
-784
-562
4083
-4139
-2725
-1991
-6814
-8523
8823
9181
-1031
-2623
5429
5356
7911
-2045
-7424
-7092
-7754
2137
-1706
-873
9002
-6876
-2004
-343
625
-5073
2642
-9436
-3815
-1882
-5894
6528
5390
-2995
-9808
1379
3894
-3757
-5830
-4571
3070
-3181
-180
-8618
-9765
-5403
242
-556
-689
-7803
7520
4859
-2281
-2961
1329
-4725
-7338
4549
4970
9303
-2246
-6463
4177
-854
9269
4305
-3476
3227
-9544
-8717
-6402
-9225
-9720
7245
1663
3155
-1423
-7768
672
6479
-5617
9918
-4202
-5101
7982
6365
2432
3372
-7339
-2325
-9230
-8354
9842
-928
-101
2488
-3749
-579
3355
-5931
-6967
2444
9332
7828
-4903
-5636
-2574
785
-9326
-6708
-1208
-690
7544
9277
-4512
9081
2493
2068
9982
-9380
-1253
4572
2175
7292
2784
4463
-3190
-3409
-383
-8012
-8565
-3352
-7685
-767
-1714
-8412
801
-2926
-7916
-1227
7003
3922
647
980
1122
8086
8420
1282
4648
-4407
-5120
-8985
-4133
2280
1286
-3331
719
-1003
6157
-6878
8784
7617
-5698
-9487
8813
-596
-330
-9869
-8536
3487
7784
-6411
-6521
4850
62
-700
-442
-9355
-6341
-5332
6866
307
-6702
-3726
5370
-9943
-4355
-6523
-9521
-6623
-7222
7863
-9088
6993
-3391
5591
454
5699
-1484
-7109
-674
-3286
2491
-9014
-7256
-7939
9353
-7878
-9955
5365
6230
478
-2700
1705
-1205
6528
3370
74
-2656
2779
-2162
3057
-8704
-8309
1202
3866
-4490
-4730
-6104
5527
-5757
-1748
5411
705
7743
7088
-6113
-1812
-7048
-3543
7236
8596
5633
7456
-4517
159
9841
-6377
6083
9907
-2141
-2131
-4543
8091
8679
7174
-8693
-1799
2029
-9278
1464
-1728
4626
-1012
-5834
-9251
4916
-5170
-8823
-8167
3910
-1905
5671
-2178
-521
7987
-295
-1247
-1705
9251
-5303
-6339
4111
-3086
-8264
6802
-3552
-4658
-3763
-1459
-8844
-8745
-8264
-9437
-2161
-7881
-9885
3368
8601
2369
6590
6307
1350
-5329
2274
-4172
2950
160
-9873
-7091
3083
-7074
-8536
8821
318
7376
2124
8092
-8403
9621
-5608
-656
8067
5292
-2149
3230
1858
4086
-2252
-9708
6700
7949
-7990
-8637
-4195
-6096
5224
489
876
829
6610
8417
7913
4111
7698
6154
9709
7502
-5670
-7735
-1810
776
8432
-5317
7568
-1283
8903
