7570
-3101
6195
281
3838
8433
-4642
3783
-7440
5398
5944
-7281
-5356
-2554
-3505
-4323
9363
-3720
5487
3620
-7812
177
-4283
-5653
6270
-5461
847
8378
-6604
3922
-4164
-8084
-1239
9582
-640
-7162
-447
-3012
3549
8912
3186
-9498
8392
6080
4439
-5384
7940
1886
4522
1460
-4482
-3741
-4192
4101
-1571
-9944
1252
5037
3913
-8570
-3802
-6000
-2789
-6957
-1953
9468
271
5094
2409
-3882
3775
-4753
-7783
4578
2290
8813
-8831
9014
-7028
-5649
-2345
3950
-8362
7739
-8742
2021
-8773
-8403
-4679
-3617
-2751
-5373
-8618
815
6735
-7922
-7912
-6229
4907
9899
6867
-4723
-6766
-2295
-4879
2706
-9486
4967
-2733
87
-7941
-4339
-6902
-6278
-3457
-9426
-8941
-1094
-9925
-8166
-8408
-8383
-6358
-1292
8701
-1365
1720
2055
7413
-9239
1239
-4533
-937
9409
-6983
5133
-8088
-6741
-7425
5669
-5886
3785
-5063
-8783
415
-3109
-9295
2083
9575
4036
1656
-4732
2635
-3673
3533
-6041
-5100
6593
4845
-462
-7976
1860
8424
-9191
-589
3031
7007
2162
8520
1236
-6516
-7453
-1567
-7014
7339
1619
7642
-3921
-5972
-8837
-9414
2013
4718
7511
1740
2816
-6939
5451
9371
-8518
9164
593
6262
9328
-9995
-7081
-1264
-4653
9431
4249
-8968
-6710
5904
-3280
-4504
-6626
1476
1819
-1689
9684
7842
8463
7656
-5069
654
-515
6535
8550
5521
2071
4169
3660
8415
-7702
7455
3017
-3895
4035
-5438
-5515
-949
-9448
-5664
-4619
-6814
9991
-9963
-5312
5532
8923
-1689
-295
4379
2695
-7198
9400
1654
3374
-2359
-5315
7304
-8704
-7886
-8782
9548
339
-5385
7115
1777
4157
-6918
1564
6042
6433
7741
5314
474
3551
-6150
-9318
7342
8966
-7865
5545
-2160
6468
8238
-8191
-1581
8350
-7254
-2518
3153
5006
1708
9585
-2548
5220
152
-2208
3689
2643
8850
2409
2152
-8822
-2643
-3747
2372
4236
2677
9783
8591
5663
-1200
6008
-2918
2138
3670
-1141
-192
2664
-170
-9876
7146
7832
-8287
2687
6801
3997
5742
-3228
2930
-7746
-5066
-5927
-612
4826
3309
-7135
-3434
-3783
368
7812
2481
8036
-1407
-2317
1700
6726
9464
2472
8325
9695
12
-6645
-4095
762
-802
-528
-6355
-2696
2216
-5733
-6772
-792
9884
-339
-2557
5883
-3325
-3710
2085
9558
8163
-62
-8178
-5536
6571
-4847
-8630
-113
8545
6765
-9948
-3823
355
1991
9522
-1478
2983
6264
-1633
9552
4904
3545
4423
-8432
-8667
-7894
9105
1896
-5178
9549
-1643
6173
-9485
-7591
3062
5705
1049
-3961
6575
-3881
8918
-6709
-8614
-5631
-9324
-7063
-4924
8830
2223
-496
-2526
3196
6696
-4328
3016
-4886
-960
2447
-462
-8606
9706
-9067
265
5854
4832
4684
7189
-6262
-9800
9338
-351
4669
-3857
3532
5822
5212
8542
1239
5380
2343
5958
2708
6244
-9725
-5208
-6926
-3577
-2482
-1519
626
-7267
5715
1085
-2408
-337
3183
7112
4129
-5870
-3325
-1097
7989
2322
9988
6127
3408
2417
-8619
-9425
4835
-1260
-7787
7069
-8762
-2526
-8867
-4026
-4879
-7370
7647
-7435
8838
-2062
7253
-2807
-7530
3626
-5271
-8869
6833
3189
4623
-5102
-7037
-1559
7112
-6747
-2578
-2350
-2418
2369
1897
3640
5847
4959
9157
-2146
2170
8028
7880
-1785
-7966
2772
9894
-4657
-7586
-8267
-7694
1742
2922
-8829
-821
-7339
8321
242
3904
-7289
-9363
1718
3285
-3651
-3434
-9629
-192
-2981
8388
6934
-3951
-8754
156
-1182
1111
6462
4164
-5949
-2013
1788
4650
-6232
-7868
4793
-5314
1624
3508
902
4892
-3074
-4076
9473
5758
8217
5872
3913
1358
-9204
-7226
8799
8172
4929
5178
9669
-2529
-5675
-7883
2286
-9644
4705
-7601
8782
-6591
-6924
9807
877
8851
7221
-2092
9853
-3222
2734
4298
7005
9912
9162
4534
-1398
-841
-8736
-1431
9113
-6191
5175
-6610
-4534
-9874
-8183
-6474
1444
2746
2830
9951
5453
-5199
313
-5551
-9734
-4457
-5938
8027
7482
-1308
-80
3241
8323
-4065
-9452
8512
1153
2555
271
-6209
9373
8631
7005
-2680
-7433
8701
-1684
6592
-580
-5580
-6550
6446
6928
-5902
3531
-913
-2395
-4168
-1900
-1112
5946
2074
9767
-9947
-6871
-5798
-560
6966
-4805
1079
-1465
-4523
8751
-9
-7977
5990
8217
2277
-4144
6251
3496
239
-6742
5794
1031
5802
2592
-722
5801
-6993
9995
-4200
-9313
-4800
-8345
-9037
7862
6251
-8910
-6481
4762
-5163
-1756
-564
-2743
2322
-5931
-833
-3550
-254
8644
3746
-9284
5556
-761
-5130
7553
7757
2658
8028
1122
586
8987
517
9687
-8979
7559
833
-4057
1955
-9902
3243
3322
-4436
-4094
-9560
-5089
4990
8988
-8285
-623
3847
-9005
1282
8331
-6977
1375
-5721
-4232
595
7894
-5412
7324
5777
4032
-7710
5432
-5495
3742
-5076
2797
-6300
-503
-3322
6655
9031
-7410
-1213
-1531
-4475
-2893
-4264
-696
-8966
-9780
-1150
3813
3380
-2861
9017
2539
-4233
-2738
285
4387
5640
7320
-6131
4239
-61
1513
5835
-6941
-4155
5402
-9439
-3030
-4230
-1764
6700
1432
2439
-6603
8034
-8308
9404
4655
-4985
172
6597
6705
-3046
-8326
3453
6866
1344
-7295
-268
-2438
2861
-8585
-1855
1931
264
2261
-1381
7985
-8409
951
2102
-7300
4939
-6884
951
-3620
3895
-7974
-2953
-9563
-4800
3035
-7871
2792
-9266
-5335
1774
1537
-724
444
-6120
1674
7418
521
3463
9725
-7308
5470
8840
-9987
142
7742
-132
-5940
-2613
-322
3831
1863
1630
-6680
9753
-1615
6836
4261
4254
-8361
-7839
9525
-1590
7034
8137
2200
8461
-9662
2038
3342
-5816
6380
-781
-1551
175
-6686
172
-7006
-7235
4572
9258
-5313
-8577
-1388
644
-768
-4295
9765
7922
1338
-2349
-4960
289
3053
-1855
1211
184
-6794
-853
5244
223
6611
6405
-972
3564
1228
-9622
-2730
6236
-6519
8258
-5568
2219
-9495
6647
4761
2604
-4550
6787
2308
-4796
3626
-7556
7139
-6170
-3366
4525
7054
4685
4960
526
5099
-5314
6968
-7858
-6584
-273
-1872
740
-8726
-6798
4794
3727
8229
1361
-983
-9545
-4799
3624
-7903
-1960
8778
6696
9277
-3844
-7529
8781
8941
7446
9745
9258
4592
2555
-9264
-9403
5925
582
-2414
7874
-244
-6946
-2930
-4893
-544
-969
428
-874
1425
-8504
7807
6932
1964
-3277
-1562
-8437
-9092
5927
-2016
-3681
-6962
-4022
6069
2871
5527
-2306
-6112
-1536
-1963
6717
1884
-475
-8537
8989
8430
-5719
5577
3579
-8780
3273
-1490
-8795
-3373
-3627
6708
-5466
-7180
-5074
3492
2512
-5265
6702
-692
-5036
-4711
-4486
808
-2552
-5394
-5500
-1560
468
-755
-8296
5452
-9500
-2797
-2625
-6928
-2108
9079
-634
-288
6627
-669
5588
8372
-8875
293
4705
-9892
-6986
-7077
8101
3284
-8582
3261
-342
6645
-627
6706
7473
-2945
6343
781
3647
-6319
-5688
-4517
-9419
1354
7928
-5313
6224
2983
3787
5388
3781
-7394
-3352
6892
7775
4366
1744
7199
994
7277
-9744
-6805
6098
-3073
7922
8271
5792
-5261
6413
3513
7709
-5463
-841
9412
-24
6461
-447
7057
-606
-4761
-1515
6668
-6553
9143
9675
991
-7019
6546
8313
7799
-60
-1270
3087
-8276
-5709
-2944
-2681
-1252
-8399
-3108
-4761
-851
506
7404
4679
4489
-629
-4415
-2248
9558
-6189
1150
255
-7491
2897
-9630
-7965
-7886
1887
5388
-604
-6426
-2768
4000
4013
9800
-8432
7786
-586
-3962
6828
5205
3044
628
-8967
-6304
5250
7044
-559
-274
-4823
9833
4959
4727
-5873
-3445
1697
-3844
-6659
-5707
6615
1042
2352
711
2923
6081
-1545
-9677
-9370
8382
-2562
-7710
7282
8755
-7095
-5716
-717
-4034
3945
-811
1154
8606
3984
-516
3508
8089
6996
-5369
-4388
4672
2719
-7152
8043
-3859
-5690
2719
1796
-5852
5745
-1233
7622
-6856
-746
-1112
-3690
8942
5995
7231
5467
4626
-4398
7829
-6787
-6180
-7717
-8397
-662
3322
8123
9075
5684
7103
-6371
-8415
815
461
-7199
3146
2232
-8374
-1077
1946
-5738
-5077
6244
-803
5738
7595
2528
7361
-3029
-3161
-8951
5926
9027
8073
7926
950
-7208
1112
4073
3972
704
5153
-802
-1568
2699
1498
2765
-7423
-1000
-6114
-8883
-4001
-2687
-933
9602
-115
-8245
6423
1269
-6000
-8368
7389
9626
-4120
-9120
-6846
18
-5104
3964
-887
833
7771
-8058
1017
-9571
7223
-3038
2917
5013
-3438
-6477
-9671
423
-1745
9130
6792
-1042
-2742
7145
-9486
2287
5885
2981
-3997
-5174
2679
-7710
-5742
6764
-8461
-2640
5597
9865
-15
5211
-1865
-7981
5035
8924
-5292
6307
4546
-9407
6457
2749
5226
6288
3360
-40
1297
-6687
-1805
8259
-9306
-4880
7764
9632
-9922
-6387
-3494
-296
4542
2356
-7124
8591
-1717
-3648
4570
-7215
6140
-7199
6606
5510
-663
23
1280
4656
-2216
8193
1708
-8666
3998
5357
2517
-634
-5897
2909
-4651
3466
8098
631
-8426
1515
-1962
-8725
9195
-9635
-5878
7938
3997
-5410
9341
9922
-1179
-2699
-9037
8085
-3824
7734
7208
3482
766
1319
1319
-1427
-6051
-4509
4551
-492
6249
-5416
-4744
8793
5007
-5069
-1084
5189
-975
1601
-7076
9067
4268
778
-739
1685
2498
4138
-7209
777
-525
-7681
-2428
9251
-4862
292
570
6590
-8848
-2900
-6451
-7654
-9212
-2592
-4524
-1268
3287
-3835
-5840
198
6396
-1342
539
1158
-5591
-468
96
4979
-9967
-5838
220
-2548
7890
4338
2808
-1788
789
6043
-9915
6366
664
4816
8466
7803
-3385
-1439
4778
-4021
6121
-9197
-7446
3943
-4256
-8302
-9803
4399
496
-5025
-5097
-1437
4903
5510
-1454
-678
8296
-4454
-6444
-2961
-7221
6034
6097
1178
-5692
9571
-7124
-8179
-4508
-6395
9449
3114
9884
9781
4462
9779
6650
5073
-205
4250
5624
4957
-2857
2393
-3030
-1203
-2884
-3915
850
-9810
7148
-991
-4774
4223
-4081
42
-9482
-9992
6805
8867
-2618
852
8854
9797
9362
7312
8743
-145
-3596
-4929
-5162
-6139
4508
8737
7106
5648
-9337
-1894
2892
812
-9288
1134
1875
9890
-7616
-4074
-476
-8713
-817
-6709
-1536
2320
-3374
-8820
8527
255
-8783
-4785
-122
-7751
-7882
-1516
9201
-567
-5321
-3328
7009
5894
727
6782
-3439
9086
5246
4089
6569
6383
5102
-6113
-2044
-4056
-8439
1775
2867
37
8053
-1271
4256
7890
6060
-6706
-9528
3002
5975
60
-6879
9465
3078
-1140
-1386
8570
-2803
3950
-7404
9305
9443
9467
-5357
7987
-4470
-6059
7295
47
-6224
-4002
9526
-5296
-2936
5746
1647
-3058
-2674
-833
-7056
-2017
-4829
-3551
4984
-6119
-7387
-1038
-2290
6988
9332
-8115
-9335
1683
-7083
9765
8793
-8964
-7896
-4915
-2235
-8013
9328
8113
-5113
-491
-2689
776
5422
-2856
2198
928
-9359
-4163
-2542
6992
-9939
8102
-5142
-7075
9768
-5790
-1297
187
4207
-3996
6788
-8803
-6905
5119
-8908
-9567
3874
-3385
-124
-8222
-7113
-7185
-8217
4772
-5431
-6037
3324
-6580
-8959
6389
3954
-814
7898
6116
-258
-1681
-5340
1028
4043
-2214
5482
-6397
275
-6504
-3120
-1562
6385
-1947
9868
-9426
-8328
425
-1966
-4177
5042
9937
-8386
6664
-1601
6284
-6188
-5655
6427
4968
4068
-6040
3419
3055
-807
-9725
-5040
-1483
8789
-2884
350
8007
-7495
2875
-7688
-5479
7420
-2138
7556
-6554
-8270
-1556
526
-5442
-9845
9315
-3235
-4756
4368
-5084
9101
-5288
6482
2830
6062
9759
6053
-5368
-4699
5967
2382
6704
-544
-8290
-7651
-1541
-7063
-624
-6245
1340
-8667
-1450
-7433
-3486
-2989
-2239
4991
-8747
-4092
9124
-7639
6127
-8880
-5567
2083
1253
-2355
-762
1907
8543
428
895
4229
3371
2551
2079
8740
-8990
-2114
9462
-8937
-9617
-9716
-9761
5411
-3311
-5792
-2694
2773
-1066
3776
-4390
5026
3770
1877
4347
-2017
7270
6876
4108
-8872
-3210
1413
4806
-1405
-4054
-1776
-5398
7477
8148
-881
-3699
-9733
-3529
-2510
-7230
-6570
6664
-671
2643
3809
-4526
6691
9155
-5113
9390
5606
9467
8762
-5127
6639
-1393
-8239
7351
-5001
-6571
-7276
-9768
-1096
-2651
7434
-8082
7667
8526
6464
-5188
-6063
-8305
-9404
4464
6160
6558
8644
1566
-2824
8094
5159
-4806
8069
-8611
-2874
-5037
-7381
2411
-1203
-7215
6582
-8917
-7302
3403
2790
-3114
-6610
2647
6227
8624
3535
-1615
1840
-1216
7307
-9294
-2403
-1654
5285
1943
5745
1132
7219
6662
-5249
1301
-5327
-2870
-5739
2316
-2828
7477
2032
-4526
1318
-5783
-6613
5221
8053
-839
8954
-4592
-590
2006
6322
7345
502
997
7801
-407
4595
-2192
-2688
-3724
2604
8099
1069
397
-6075
9492
-6091
7003
-5479
5435
1253
4704
627
-7951
-2200
3782
9508
-727
-6511
2550
4408
4268
7135
-4649
9405
4868
-216
6259
1044
-1185
-3635
4266
2020
-374
-9787
-2645
-1090
-5283
7894
3193
-2557
227
-1108
9356
-941
-1071
-3418
-2192
-5690
3606
4876
1685
8717
-2767
6933
-9598
-9305
6295
225
-2930
7353
8025
-8754
7046
-6915
1232
-2827
-7675
3454
-2263
2537
-6682
-6643
2329
-7754
-8311
-8723
-1744
-3446
-6488
-1990
7386
-7454
-3578
1820
8713
7756
-6380
-2447
-7502
272
3162
-5286
-9856
2199
6957
8562
-1394
8864
9916
-974
193
-8492
-3532
6949
-13
-8644
9255
-4989
-5545
9633
6048
8133
-8518
-5902
-8874
6004
-5240
4116
2315
-3244
-9718
-8517
-2504
-7409
2981
163
5002
-5895
6968
8760
9441
-3499
83
-2595
7898
-4999
3654
4643
-7569
-432
7779
-4164
-3751
-6626
8310
6903
-1654
-7846
4241
-1416
-2721
5197
2473
4592
8993
-709
-7289
8349
2093
7989
6252
5053
3187
-8567
-6257
-4627
-557
8605
9050
479
-4484
6839
-853
-5221
-2290
6642
9498
1412
1490
-4542
-13
-445
8935
-9588
3318
1791
7539
-1404
9090
-9123
-2507
1841
-330
8593
7208
2596
5418
8367
-1469
-4381
41
902
-1942
8300
3911
-810
8986
-627
9103
-4116
4309
2662
-4293
-8636
719
-8750
-1104
6275
5867
-9593
3381
2526
-7936
-355
9976
-338
-464
-5550
4036
-4227
-6143
-5029
499
-3724
-8095
-5485
2336
360
-5563
-8488
-7676
4827
6802
3567
-6163
-6800
9333
-6910
-7587
-5330
6436
-3673
1236
8823
-7947
5424
6172
3205
9741
-1008
-6292
201
612
9137
4210
4494
-1664
-4779
358
-1010
-4965
-6536
5483
9240
-3719
-9983
-7263
-1645
-2475
3600
760
2394
-6079
5155
-7982
-1280
-3091
8975
6126
5365
-9900
9452
-6722
-1091
1865
7209
-2401
-2318
-4434
3815
6766
-5687
-6110
-5036
360
9444
9142
1719
5312
-9280
-3868
3809
8317
-9125
-6383
-9994
-6308
4272
-8471
1441
-729
-3815
-8073
516
-9387
5467
-3605
-4807
9402
-5201
-6252
5050
-4240
-6710
-6811
3004
806
1769
-2792
-6271
-3367
-7723
-769
2816
5173
211
5890
-3165
-5164
-4052
9113
-2309
9460
1839
-9928
2735
6516
-4120
-3439
-2892
5364
4762
-6742
-4810
1288
-9391
5619
3060
-9841
-6592
3343
6990
4469
-1331
-4585
-794
-7368
1845
1932
-3114
3071
-7895
-2913
5192
-9083
8030
808
-3114
-1985
-5657
5000
-4895
-2100
4778
-3012
-9410
-9559
-6003
4309
8716
9888
4515
9115
-2977
-4804
-8442
-9848
4751
-2062
5714
5983
-2229
-9414
-5222
-2442
-8375
-1487
7363
1891
4572
-2872
-4207
-5231
6212
-5020
-4419
4849
-1449
728
2638
-6380
2052
3937
-3105
-8536
-5565
9601
-1347
4826
-7953
-8489
-7351
-5492
8403
1178
-5285
3872
1116
-3617
-8459
8638
7890
7080
-8699
5558
-6859
4927
6472
9922
-844
9347
8299
-794
6430
7291
-1835
-177
-8007
-6077
-9105
-4003
-1323
-3607
-325
386
-760
-5721
7176
8509
7934
-9681
8904
-7257
-6624
-7659
-2051
4073
3226
8227
-4283
1408
1132
6926
-4136
-9279
8672
5576
-6512
6137
363
12
7787
-393
8045
-3035
-1779
-8630
1551
39
9254
-4219
-9564
-126
8254
3482
-4394
-2932
-5700
-8715
-1559
-5924
7305
9371
-9228
-6410
4373
1552
-423
-7359
-4026
-3535
6535
5262
5515
-6243
5740
5075
5532
-9099
-4004
598
5310
547
7329
-7019
4903
1312
-7717
681
5283
-4966
-8035
-9038
7395
807
-7845
1565
7455
9756
341
2053
-4467
1151
-6862
8125
5203
-7050
804
8816
-3768
-1819
-2383
-6249
-8413
1250
-7496
4180
-7875
2931
3486
-4335
-6271
-6354
2929
-9476
2350
718
4930
5035
-7930
-7333
-233
-1902
-9025
-1930
8922
-7980
1369
-1761
-4701
9301
-7335
4260
-7281
-3449
-98
3891
6584
6327
-9709
-5779
-5013
6908
-3028
-5819
-9009
-1682
3832
1893
-4038
7549
5948
8742
-5375
5546
-7667
986
3114
-6763
4137
-1432
7297
-9999
6218
-596
8855
467
3753
9733
-2205
941
5620
-4250
8129
-4067
-1575
-5200
-1789
-9202
7189
-9942
6048
7936
-3130
2870
-7841
-9925
-7776
3907
9893
5929
7836
-2673
-2915
-5839
-2916
-6916
1322
-2323
6755
-2189
9402
1239
4522
-8004
-5776
3200
508
-8591
7159
-6625
8608
1018
-9875
9076
-6436
2511
-8080
-3132
7923
-95
2501
4073
-3637
-7784
-826
-2570
-1381
9121
9853
9470
5130
-5931
3934
2626
-562
4847
8099
3607
-8580
-6189
-8174
3819
-1293
3471
1883
-9413
5453
-6624
-5513
-8027
-9922
1854
8180
-1495
8751
-6346
4057
3782
1646
9049
-1871
9657
1748
9672
-4969
-5931
3882
7352
-5841
-141
2788
-5155
-8366
9822
694
1307
9522
-7657
7505
3863
3786
-50
3905
6882
-5499
-3409
6348
4695
-1743
4641
-2318
386
4988
3802
4774
-610
-8393
4026
1863
6167
3247
3395
1249
4643
5693
7444
705
-3051
9803
9451
-7409
513
9356
-1162
5535
1706
7395
-2750
6297
9347
-1340
-5925
-5065
465
-2172
5417
-6914
1590
1900
-5863
-6421
-9205
4992
-4620
-571
-895
-7840
589
-5023
-1035
-3668
-4274
-1643
-36
-6987
8236
3404
-9328
264
9693
3130
7600
-4342
7676
-4726
-5112
-9694
-2119
2670
2260
9567
2764
-3408
-5384
129
-659
-1434
8750
2749
1668
-412
6950
2829
-1812
-7108
7798
3188
-5200
-1301
1772
3739
9441
-8545
-1049
5453
8838
-896
1345
6195
-7316
8930
2801
5972
-6554
2234
-3287
2946
-9161
-103
3792
-268
-8552
5134
-7504
-3062
-7969
-5516
8285
-458
8093
2884
9763
-9533
-941
-6731
1508
-5488
-6219
864
-9467
-3934
-6760
-8321
-1535
2658
-9877
-9579
8221
-4887
-283
-9478
-3003
8034
-8501
8427
-2420
-2081
-2845
4211
-9611
5286
-9300
-7637
-5634
-2448
4141
6309
3736
9160
-667
-8766
2771
-2599
2484
4288
6761
4749
8925
-797
-4255
7641
6352
3510
2402
9346
2293
-9072
-3221
7838
-2458
-3602
106
-4084
-8978
-5606
-8572
6904
1529
5283
2417
896
9815
-868
8054
-3450
9150
-1228
2748
-4670
-2020
9584
-6812
-1775
9649
-761
-9777
9073
-4804
-7251
-7597
-6720
2096
-8046
2207
2199
7306
5130
1516
-5058
492
9804
-1337
-7618
9797
-3239
-2792
-7368
-863
-4715
4989
1028
816
-692
-5938
-2277
32
7004
1059
9755
-5513
5430
-8080
1528
-7386
-1927
3643
-7630
2642
9858
6260
-2800
3804
-787
-3029
-8681
-3905
-4823
2637
-1226
5355
-9422
-9933
1982
1163
-1179
9055
-1830
-2184
-7231
-3844
7575
2659
-1649
6163
1472
3191
5348
-7669
9585
5321
917
6011
1785
-2405
600
-8209
6287
-7905
-6752
-7315
4326
7299
777
4250
646
-894
-8631
-3704
-3542
-375
-2007
4939
-3250
-6067
-1194
8424
-7130
-8269
8529
-9705
-6015
1221
2511
-4765
-527
5550
-9932
319
-8386
8597
-9633
1792
4290
3934
3439
2704
-1788
9680
694
8432
-8061
-8072
-9980
-414
-6921
-6102
5032
8940
6422
5726
-9712
6638
-8099
-2821
-3729
-3727
-7542
-9411
9097
-4146
7736
-8674
-9567
-3496
1787
1508
-7252
3784
4361
4291
6
1685
8685
4718
6481
1704
-2711
6126
8716
2505
-9936
5643
-9351
-1728
7130
-8964
-3139
1785
-5222
-3830
-5325
5322
-5241
-3596
-220
8354
7187
-2826
-7374
3148
-7414
-8304
-1027
-7627
-2199
-6360
4254
-219
-4413
-2058
-6680
664
-6997
8429
-447
-8769
-4249
-3621
1107
-610
-6968
-5935
3704
2580
4261
7133
-2756
-9577
-4717
-4156
4327
4555
-6642
6946
3920
1264
-9540
-9214
-3566
-2061
-2087
-8559
1601
4130
9893
-3857
1051
5999
8840
9541
3626
-4891
2914
-2688
-306
8461
59
5487
-537
-9868
1366
-3476
4151
-7473
4616
3453
-6493
-610
6390
7760
1429
-1884
-2049
2361
-8888
-6525
-8517
-3099
-3545
-6432
2741
5200
-8172
1260
-3624
-1136
-4448
-7035
2138
3363
4544
-9475
5660
-8585
6073
4111
-7712
5590
-6443
4510
-6208
4156
8793
-1980
-849
-1032
-7388
-3672
-8417
-9362
6118
8225
-2736
4815
-2758
-3130
4868
6361
5486
9507
7850
1714
-4790
-2786
7787
-3047
-924
6390
-3331
-8390
-6942
4260
-7680
3392
-4361
-7763
4137
9155
7970
6129
-6162
1148
8232
-3572
6530
5026
8309
4812
-8424
8718
2202
-5244
9045
1576
-1872
6254
1277
3432
3087
533
-5945
3889
5981
1745
-6497
5949
5610
2406
8424
-2375
-424
2124
-3916
-6280
7729
-5117
-5367
6826
-5731
3300
2682
-35
-446
-7941
-6508
-6901
3737
4618
-8824
2747
940
-5134
1123
2225
-1802
-9403
-6980
-7703
1631
3083
-4062
-222
-2268
-6339
143
5346
3866
7816
5851
3081
1688
9823
-7904
4541
-1921
8485
-8300
3712
-4003
1345
-3865
-5770
-366
-4905
-2625
-9685
5075
4096
-9888
-5805
9954
-1005
-4937
7412
-9495
3656
7780
9434
-9038
9224
2567
-8184
5346
2056
-724
806
-3433
-3709
-322
-9849
-9468
-9271
3258
-7859
-7381
-1296
6358
1771
839
-8995
-1148
5401
86
-2501
2246
-1831
-8577
-3915
-4908
-5602
-7387
3791
5681
-3840
1907
-2448
-6619
1424
2559
8013
9635
-1434
-3077
51
5484
9467
-5824
-696
1075
-5128
6946
3624
-7972
2987
-4671
5801
-6556
8754
6683
8624
-5694
-4854
-3175
9625
-5024
1016
-8616
6454
7113
5621
395
-2889
9572
7762
5373
-9883
-257
-3917
-3745
-2317
8052
5822
907
8994
-2059
-9887
8405
3978
5308
243
-253
-4629
-9063
-6875
-8362
1622
-2965
-3744
2233
-2760
9894
-2501
899
7428
-98
-7947
3524
-9485
-5859
2619
6361
-2826
-5725
-1550
6751
-9685
-9597
-5648
3711
3642
-3242
8292
-7493
292
-5038
5171
6993
-6945
1952
-5495
-4129
-2973
-9762
-8780
9735
-2635
1645
-9203
-4617
4490
506
-6325
-5513
932
5406
6098
-2800
-4992
4067
2198
633
-8329
8291
-7128
-6960
-5848
6542
6641
-199
6095
-7224
-7216
-637
-5868
4246
5998
-5906
5918
-4071
2395
7235
9951
-5490
-3610
7934
-7396
-7285
-3039
6360
1126
-5953
4459
-2103
-4047
-660
-7099
3773
-848
4486
-1400
-7462
-2907
-5744
7004
1911
8733
7884
-5991
5281
8337
-2707
8368
-7293
-2264
-7521
9849
-5287
-584
-3184
514
3295
-1571
2924
6590
-7086
7616
8717
-1063
6776
208
6268
-3459
-1252
8792
-8424
-38
-5664
-3731
-3629
656
-2069
9118
-456
-6372
7650
1353
4745
7071
6263
-8098
6991
-7364
-7739
6424
6953
-8692
1189
-3857
6755
-5592
3861
-1782
-2603
8720
-8818
-4036
926
3933
3567
8129
-4612
-4078
-1003
-1711
-7467
853
-5898
61
-9493
-8354
-1966
387
5477
-4336
-8695
811
7034
-7132
2798
8280
-5530
-1166
-4814
-444
2780
-7545
4782
-9644
2597
-7513
2987
6632
-8402
-7191
-438
7341
9565
-5180
41
4177
850
-6202
-5523
-9917
-9818
2048
7158
6936
3326
-9028
-5998
8776
2649
2451
-80
9779
2631
5591
8706
5583
-7412
-3469
2086
2521
3351
-1024
-4804
7380
-9337
-1451
-6283
-278
-1734
8889
-9993
3348
-2460
-910
6110
2452
-2036
5060
8688
5759
2915
7790
-5806
-5706
2046
992
-2576
1804
7110
1510
3491
-5460
-6924
2274
-3406
1338
4804
5684
3043
6845
-4200
376
-5044
-2565
2711
1691
-1669
5829
-8396
-9219
9541
4940
870
-6533
-3873
-281
-7173
5024
-2183
-1330
476
-8905
8989
9226
-4819
7267
-7652
4549
1296
-8219
1455
-5731
4532
9804
5844
-614
7525
2367
-9536
7554
9919
4538
-8890
-565
-9974
3541
3854
-2996
-7516
-4367
-4786
6293
-3383
-7269
1824
1353
-7334
-3955
-4789
2196
-4783
7237
488
5491
-8796
319
1262
4625
3717
6263
-3365
-2344
7925
-5417
-9518
551
4585
-6196
6257
2478
-638
3409
-8895
1932
3553
-6971
-2563
5632
-3645
-7060
-2776
1308
5733
-8452
-9403
-5567
3417
-8083
9558
-4302
6106
5558
6513
-8022
7718
967
8336
9637
-8036
-3956
508
-1615
-3505
9228
6905
-4567
9973
-4224
-7074
1566
5005
-4902
-4306
3373
8165
5888
-7932
-5504
-3801
5424
9394
8137
3859
-9520
-3213
-9342
2140
-3511
-1281
-4380
-3719
-105
-2310
8636
-6566
2991
4631
5412
6099
2921
-5409
7463
-4308
3323
7173
-9327
-397
-8392
5463
5667
-2691
-7917
850
4919
9039
-2820
9315
-7119
6274
-956
-8062
3328
-4529
-5378
9775
-3494
-2370
-8288
590
4406
-8697
-9501
-8672
4014
4015
-4933
3239
-4479
-1221
4064
4487
913
-2278
7441
6311
8107
-1303
-6979
-692
-8155
-2455
2969
900
6585
-4632
9829
5574
-5797
5309
-4365
6225
9052
-415
8504
-4908
8650
8530
481
-3031
-8802
2222
-6434
773
-7815
-1473
8325
-4355
1084
4777
-6872
-2528
6540
-2058
-1104
452
-5947
-2564
-4396
-5176
651
4385
-3385
2301
6785
-8641
-2715
-7237
3007
-1578
4592
-9173
-5869
7084
-3191
9953
3628
1391
9641
2420
-7510
-1731
-1491
4041
3431
9594
-9388
5851
2029
-4877
5606
-4865
-5633
-3684
-4988
1073
4066
8134
3369
5531
5628
-8407
8177
4844
-5576
-2684
5964
9415
-3021
-1711
-4924
7916
7177
-7917
1372
1262
7788
6260
2140
8348
9992
5788
7588
5764
5454
-4144
3082
-5719
-2402
2983
3100
-4844
-7395
8994
6036
-8161
4176
3879
1697
-9696
-9077
5029
3698
2670
5737
8677
-3254
7193
-8700
3827
8131
-2264
-8357
-7737
-4706
-3190
-6920
-2067
-190
6631
4029
-870
9799
-1009
7918
5581
-8547
-4964
3638
-1263
-5483
-6586
-4881
158
-8481
-24
7913
-9685
-10000
9187
-5380
-8513
2684
-7429
6935
-3528
8060
-9317
-1407
8989
5146
9593
8750
709
7602
-3127
3758
8353
-450
-4806
6937
-9148
-4603
7000
-5508
-4716
1576
5940
6941
-9375
-9651
-8982
-8538
-6978
3177
-8807
-8921
8262
9151
4660
-7989
-279
3655
1690
6435
-8370
7947
-1711
-1988
7172
-8786
1103
9081
-6267
6685
-8164
-1540
6086
-4989
7564
-6066
6315
-7693
-9960
7005
-5608
3746
-997
-2199
9105
3653
8112
691
-5663
-7660
-6579
-9585
7585
9436
1038
4182
-6076
1772
5517
-9691
-1044
4732
5027
6695
-1257
-2765
5277
-6473
9992
6164
9716
5024
-9433
-5084
9489
823
-2678
6011
2293
-1368
1334
4071
7192
-7916
17
-3403
793
8938
9863
7066
-3594
-5298
7806
-4929
3253
7154
5776
-2505
-6691
4152
-6302
7875
4680
3091
-1870
1257
-2895
5200
7360
1851
-5119
1165
4744
9627
-5974
-622
-6103
2826
-4948
-8756
1774
-3927
-5984
-5279
-2868
-2833
-9524
-3200
3999
1850
-5026
-3506
-4388
6119
6060
-6352
-888
5721
5455
-9129
3449
-4132
7270
-9537
5108
-6063
-300
7033
-7987
3406
-8842
3760
-7274
-9082
-6943
4529
957
-6340
7687
-1773
4792
-2376
9126
-5332
-2234
6749
-7802
8844
-4399
-5044
1156
5192
-6263
-6621
-8241
6817
-7170
7112
-6258
3742
5432
4485
731
7184
-7641
2302
8134
4803
5199
-2996
6059
4600
381
1558
-9149
-1846
9768
6986
6135
8725
1019
850
-2416
4803
-1811
5792
-7800
7295
8480
-3475
-3983
-9541
3800
-7928
8915
-595
7155
4116
-3236
8610
-6429
748
-4933
-5410
-835
2501
4357
-6670
7594
9086
4057
480
-2547
-5605
1611
924
-7565
-8911
6694
1554
-2694
4162
-7514
4799
-7338
1545
-8104
-4988
-7658
-5415
-3075
-801
-2623
103
6194
8667
6948
-3852
-4513
-3982
2511
6015
-817
-6817
-8205
-4332
-3218
-4570
8573
-8829
8524
-7908
2628
-6667
-3928
-1747
-4936
-455
4121
1711
-2108
6493
-7265
4037
-5946
-7898
-8114
-3019
-2443
6554
-5150
-1398
-5204
-1831
-6729
-8629
6855
9567
9320
8269
-1498
-7328
-733
-9888
7087
7223
-4101
5750
5464
6173
-7858
-8331
5509
7449
-4968
-633
1186
-7418
-9893
1683
3047
6559
-6005
6075
2185
-4105
8056
-5672
4025
4668
6421
-5213
4062
5408
-23
1569
649
840
7170
9440
-6928
-5010
-7655
5610
1219
-3700
-9681
-8572
9471
-1678
-4985
3907
7810
-8476
5204
5435
-1796
-1418
-2615
3765
-162
8269
3660
322
501
-175
8491
-8077
-8283
-8937
97
9638
-6349
3026
-8715
7996
4702
7849
9111
1383
-299
-3011
-7561
-2440
4063
5452
5664
-2764
1269
-4961
9834
8149
-4303
1726
2418
-5131
6412
-3890
-1069
3430
2463
6125
771
6171
6140
227
-3655
-6099
-9013
1036
9502
-9897
3573
-136
-909
6646
6269
9584
-3327
-4931
-8301
5510
-4326
-4110
-4765
-823
-7111
-9461
2561
757
6928
-8662
462
-4758
3613
2453
8531
-1328
838
8481
4593
5365
2101
-6904
6418
-570
437
4197
-6520
923
6708
-3913
-2193
7047
-1319
5133
3984
-2031
8671
-3735
5080
722
3172
-6273
-9527
604
989
2664
-4860
7554
5354
7809
8412
7691
4896
5706
-8044
-2340
-7736
5814
-6514
4953
4669
9912
4255
8528
-8717
9200
3364
-1352
2722
-6751
-795
-1154
-5803
3635
8286
2645
-4327
1696
-1896
4087
9069
-272
1468
-4067
-235
-2778
-1655
-4078
-432
7707
8475
-3991
-5390
5420
-33
-8490
4898
-2414
1527
7898
-6702
3577
2009
-9465
-2367
9082
-5159
-4250
-4447
-8699
-7617
-4935
-5063
-5482
383
-5888
3275
7607
7349
-1580
8684
-7966
1738
-3053
2394
-3208
5620
9667
-9165
-5651
-5168
-7770
-1746
4589
3464
-5674
-5267
-8626
672
-3079
3358
1475
4715
144
-9408
1355
2160
-7879
9546
3963
4852
1452
-2859
-6901
-7912
-1192
-9166
-7473
-3054
1750
-56
2492
-2631
4394
9794
-2587
9242
-1258
-7674
-1500
-9095
-6589
3118
-7658
5697
3526
9480
-2282
-2504
-7832
-1923
3346
6859
270
-8586
4992
-3858
-9667
2453
-8739
6106
-1932
7722
-6152
1151
-7555
7856
6814
-8147
-6199
-671
4443
-3889
3168
8166
-2536
488
-5023
-3209
-6250
4184
-578
4141
7280
3803
839
1760
6513
7735
1467
-1662
-8661
5770
-3100
-9385
-8906
-3541
7174
5438
3155
8873
-6857
-9143
-3244
113
7875
4578
-8942
-3516
9746
9041
-2397
-46
1336
-8356
7075
-890
1761
9661
-2414
-4168
4793
427
2841
8591
959
1135
-7054
9287
2633
-4864
9663
-8254
2073
9279
2973
2880
-430
2779
-3717
-9387
9082
116
-4521
10000
3171
2751
-8405
7753
-2344
-3018
4880
7829
-8216
3065
-3623
-9948
-2015
-3383
5014
-6905
-8264
-2626
-3635
-8652
-4473
-5856
8107
7362
-5815
-4699
-796
5598
-8099
362
6221
-8585
8301
1262
3796
2824
-6177
-9755
-8062
-576
1622
-8823
2932
3190
-5891
-4167
5132
3538
-2755
6374
7974
-8181
-415
1539
5714
3731
-2949
3878
-6392
3734
-767
-1114
-6430
6621
5302
-3080
4827
-100
-978
3006
-5731
5126
444
-1046
5355
6899
5673
6086
-4405
-7946
-6859
-9286
-998
8730
4424
-2274
2540
8378
9383
8370
-6965
1493
2305
7559
2891
-8384
-5922
7899
-9502
9115
-8166
-4450
-7071
-4690
-5236
7747
5377
8538
-7089
9631
1642
-8585
6391
5899
-5790
-6400
173
9473
-3313
-1705
-1385
-4133
1777
-3062
5739
6803
5088
3111
4226
823
8699
5401
5324
8547
7531
-4313
5361
-8843
3193
8763
7707
-9446
390
-5031
-9407
3040
6626
8911
1901
-3687
-5626
4710
1281
-1896
-8270
-8974
6042
-5631
-6011
4575
-1630
7581
-4258
7158
5864
9811
3014
-6007
-9664
4400
6878
-7640
4359
9825
-1477
9191
-3861
9999
7825
4250
-5589
331
7744
-454
7157
-8559
-7301
1211
-243
-1313
-5339
-8518
422
-701
4445
-1835
1988
3255
-5146
9497
4534
-826
8610
7975
-6440
6800
-1267
-4921
-8798
-3679
-8927
4763
-4069
7658
3077
2736
-6236
5702
5994
1069
-7667
-7399
5106
900
3211
8176
7667
7394
6542
9527
-1239
-766
-2890
-7860
-15
-5318
9188
3516
-4950
-9567
-8156
-6031
-634
8878
-3037
-5101
-9457
471
5659
2807
-5691
-917
-3935
-102
9891
-6780
4248
-4602
-4671
753
6002
-3284
-5270
-8215
9442
314
-8727
4782
5772
-8374
-6899
2256
1530
-5973
1649
7800
9886
7874
9583
2286
-4564
5840
2476
5948
-6041
-5884
8134
4565
3506
1405
5885
541
2196
-6873
1793
-4955
9965
6667
-8332
-1876
-4159
1619
8615
866
-357
1565
8428
-3229
-2296
8407
7284
4292
2149
621
-4388
4363
-1505
-9151
-9871
-9337
-5137
-8060
-7975
-4228
-3393
2739
-2775
3411
-5868
8513
-2244
3543
-2296
-3348
-7004
505
6960
-1512
-2452
-8940
-5837
-2743
-9338
-884
-9008
5155
-5566
-788
-765
-1925
9934
-3529
9889
-4026
4123
5985
773
2274
1114
-9340
-6858
6921
-7467
330
8371
-371
-9984
2910
529
-5848
9100
-9444
1202
-263
5565
9966
8188
7437
7657
-6436
-6081
-8627
-9255
1188
-390
9157
-5665
-6378
4066
-8663
-7377
-1982
9280
-4879
1378
8642
7284
-4169
5940
6853
7675
-9626
4133
-2435
-5764
-8608
-4360
-8021
-8805
-2066
-168
866
-4413
-6134
-7693
-9394
9323
538
5470
7791
-8035
-8341
-430
-9561
-7963
5811
-1232
8358
-1055
-837
-9532
2058
-9438
-4490
8523
6390
2842
610
4797
9027
9010
4389
-6605
-2242
5734
-2544
3645
1313
-1665
-1425
-6554
-2518
56
3038
9667
3198
-9694
8278
9758
-6668
5878
-8131
-4935
7554
8087
-489
6875
4712
-2836
-5830
-4565
-6065
-3176
-7501
7293
-1330
644
-2493
-7172
-4566
-7455
-7716
-5484
7705
-6713
4370
-8786
9792
-3743
-4477
4146
8307
-640
7195
990
1599
4305
8936
8464
-7434
-4239
3174
-6522
-5650
-8225
804
-2239
6121
9382
-1940
-8550
2856
7273
-7802
5083
6321
3584
-2799
4760
-206
7125
6761
-3254
7135
-9224
-8478
4208
1280
1448
761
320
1858
-6625
8797
-4172
-7998
-3297
8842
8903
-3102
-6525
8389
-6499
-5918
-7315
1668
9520
-8013
2077
-1325
-8118
-729
-9351
-7309
-5325
3925
6584
8441
701
1487
-6130
-4870
2872
111
1077
8203
-9562
-5951
-8990
-3846
5922
-1297
9667
8602
6697
-9667
-6811
-3936
2466
7728
-5799
1375
809
-6686
-5085
-5575
3258
3075
-6282
-9311
-9499
-3926
501
3108
-5377
654
7684
-7383
-1381
-711
-5066
-1586
-8507
5883
4593
-7521
6840
8421
-7005
7891
-7250
-6109
5366
-5466
-6756
-2817
6499
-7532
4942
7544
60
6478
7735
8331
-6231
-300
5304
8371
7741
418
-5286
9509
419
9349
9163
-9518
-1869
1509
-172
1095
971
2780
6741
8163
6902
7931
-301
2311
-7951
5162
4138
-2248
8033
6549
-4809
1597
-3581
-2649
-3602
2196
3399
5171
-6047
5996
-9617
4688
-8166
6489
5995
1420
3483
5403
-1
-8087
459
4615
6525
-4031
1136
1728
-7091
-9974
9351
2633
998
3770
-1972
8043
-424
-6933
-4409
-6008
7273
2330
2756
2582
4027
1506
9631
-2704
8558
-115
4977
3804
6747
3779
-5389
-8000
9079
-9635
-2882
-4244
-3756
-9507
-9472
-4123
-2963
-5414
472
2344
7036
8740
9794
-1073
-9204
5179
7440
-3803
7876
-1822
-1247
6851
-1757
-2078
2274
8782
-6448
-3237
-9608
-8853
-428
83
-1396
4817
2882
-2837
9516
-2169
2160
5498
-854
3899
-6375
-1115
8633
3566
-6264
2229
7104
-6687
2867
-8888
5137
-572
-7026
3620
-1018
-3156
3273
7202
-384
6566
-7024
-2541
-8287
1178
-6586
-324
-7358
6804
6189
-3452
7656
-576
-2336
-5524
8991
4384
5809
-2079
-7285
1181
-3554
-4515
-6655
2746
-701
4712
-4400
-4414
6346
1434
-4295
2525
-2777
1824
-342
7966
-4953
-6947
5789
2328
-4160
4515
-5607
-3445
833
409
4072
3443
-106
-4170
7293
-6019
615
6842
-5047
-1905
-3183
9579
5997
-6394
2239
-1809
-2211
-6536
6025
-8036
2326
3655
6818
-6351
9731
2079
-1758
-1660
1044
335
-4131
-4347
-7440
-8078
8890
458
8591
-4805
-6876
6169
2822
-1323
-3507
-1862
7641
856
8499
2060
9903
-7180
9274
-4266
-1239
1009
-252
-7337
-5180
8787
-2741
-9425
380
3614
-3145
5529
-935
9917
5368
176
-6658
2536
-8376
-316
7336
-5939
9912
-643
1749
-7021
3061
3781
5085
-6805
4352
-6581
6128
1218
8603
623
5479
-4313
2190
6419
742
-3960
3775
6802
4547
3641
-7326
2874
-9113
9816
1818
-5792
-9421
1338
-5050
-9339
5574
-2726
-3432
1000
109
-2224
-293
-4068
563
-2684
1821
-1490
9889
-3965
-8747
-6226
32
2336
-8740
1403
7371
-2770
2624
-5313
-7108
2253
-3912
9012
-427
-6816
7357
-7441
-8744
2622
-6004
-6896
9252
3554
-7488
-7645
6875
2225
-2578
-9651
-8798
1839
-5648
7911
-7743
-4481
1095
816
-7385
2630
-9243
1370
-3029
4434
5947
-1953
-1344
-1122
-7371
-304
-1236
3932
4743
-6258
-1341
-8002
-2261
-5544
3799
1582
3459
-3448
-7657
6923
6010
9708
-638
-8738
-5649
7169
6050
4644
8867
6454
-9928
6342
-54
4917
6973
2894
8744
-8277
5710
-4664
-7064
2270
132
9983
-5931
6420
-7796
2980
9543
-9706
-7207
3769
-7536
-3436
-3943
-4105
3300
-1143
-8918
3514
-4881
7421
2439
7556
867
-4542
-760
5692
406
-2879
-5767
7631
-3488
9840
-5309
-631
389
-8771
8421
-8480
-5821
-301
4049
-2654
-6634
-1770
-142
-5472
-834
-9876
-5590
-972
8410
-6269
3818
7005
-4615
4813
5044
-3837
-9639
-2352
8156
2210
1184
-7843
-1283
-325
6783
1393
9047
-225
-1819
-6879
7615
1110
8937
-2845
5202
5175
-7161
5425
-2302
-9153
9768
-5579
-171
-7373
9093
7532
-4635
3688
-2939
-7730
3299
738
2126
5014
-9612
3655
-21
2394
4727
4729
1304
-2057
2904
-7428
-4573
-6548
5895
711
-3177
8235
1653
-4073
-6837
-4515
-902
-9461
3380
9610
-308
675
2373
-1160
8286
3815
-2693
8047
1106
-2290
7918
-2042
-5471
-3454
-1168
5617
2518
4398
-5979
-1445
-2861
2093
-5604
-7979
171
-221
-5998
9708
-7021
6850
-1030
-3329
-7349
1041
4542
-6961
9818
7169
-6944
7674
-8589
4115
-1369
-625
-425
-342
7150
-1779
313
-3555
9219
-5385
4803
2215
1538
7417
-1747
-4592
2506
-588
7300
4333
4788
-514
-9178
6305
666
3288
-8173
408
-4203
4477
4969
2995
-6395
9275
-2038
-7958
9615
-8064
-847
-8630
6853
-2373
-8834
-9172
-1649
-8249
4209
3269
1987
4312
-4083
-2935
5356
7466
-1269
6997
-3740
2762
539
8733
8774
-2135
3275
-6082
-5219
-7118
-9023
7898
9212
-3021
-7370
-5262
2440
-1884
3763
-7468
4649
-8691
-6016
-7473
-8419
-8743
-4783
39
7395
-7880
7239
-7015
-9502
-819
1863
231
-7675
8683
567
4154
-5359
-7116
5933
-3648
-13
6627
-5572
-1118
8393
3641
8436
9672
8066
-7680
-7342
-5175
2515
-1066
2362
6648
4656
3446
-7571
4228
-141
-6109
-4969
1320
-5889
-4255
624
-4091
-7465
2819
-2972
1876
4536
-1517
-6755
3416
614
-7037
2902
8894
-7766
5802
-5128
-3771
8206
-7459
-8090
3753
-2957
-7459
-1254
3929
-356
-1138
-334
-2115
8580
3920
-5312
4129
-2190
449
-8411
-196
3649
-2887
1439
9938
2326
3758
1039
-7366
4249
2096
-1533
4064
-7155
1653
-2863
102
-4201
4246
-2949
-3857
-9617
-5646
-5863
9695
551
2409
5487
-3218
-5455
2255
4769
292
-7563
8674
-3983
-1301
3723
-7821
3287
7674
-9181
5190
-6363
257
9108
8040
3210
8428
-1462
-9665
-1147
5815
3026
-8120
5926
-532
-208
3357
8355
9745
-4470
2771
-901
-693
-6284
-2702
-2984
7684
5190
8501
6606
3215
-6036
-7962
-6916
-4714
9690
-3257
6529
-6303
5629
4363
764
-9542
-5703
2820
-340
-53
-8251
-3599
-1540
-4361
-867
-591
4847
-7218
5224
9806
5584
2945
800
8623
2701
689
4128
3178
9704
2495
8871
276
4300
655
7966
-5052
1675
9100
-3410
-7412
8857
-2527
942
3907
4831
-1050
-6049
-4593
750
-5392
9279
6822
1357
-9413
-5323
-4733
-4375
-4080
8827
150
-6006
7110
-1849
4521
-9504
-8716
7203
-6079
3141
997
-7650
-2558
-820
1655
-6012
-1059
-5835
4206
-4071
5415
-8685
-3364
-282
5612
1375
8270
2979
-2426
7683
-4895
-3872
3119
-8627
7967
3604
6929
-9984
-5818
-284
-4275
9693
4293
1413
6685
-8795
1190
-3180
-1181
8064
1037
6736
7576
-1370
7479
7102
9287
975
-8330
-3817
481
2504
-3924
9683
-6288
3807
-2939
5132
1327
-1189
5039
-2637
6527
-7031
195
6955
491
2032
-519
-3461
5958
6348
5748
-5549
-2681
4505
-599
7215
1968
1085
813
-4857
5830
4260
2214
1505
-4779
-3983
-9708
6469
-8162
-893
3392
6142
-3613
1005
-3763
-8494
-6822
-7551
-2428
-4300
-6061
-4394
-7810
-5054
-9550
1439
7378
-9496
-3487
9065
-230
9898
7196
-6532
-2076
-3175
-4092
8187
6094
-2722
-8123
7411
-7992
-3935
-9339
-801
-8729
-3063
-1790
-8465
-5274
-6733
2104
-7682
6818
7304
-8455
9366
9152
-8961
5529
9191
5284
-8924
423
-5975
3100
9836
-9652
1682
-5077
2677
1012
9549
-1498
-9288
-6466
-2575
4149
-8008
545
-961
6398
8131
8518
9924
-570
-3773
-9688
-3615
144
-8732
2243
21
876
-1056
-6247
-4346
-3798
-1850
-8367
-6777
-1
3103
8780
-6392
1501
2945
-4084
1682
6855
6822
8804
7733
285
-116
-8916
8411
-5179
9281
-2667
-1524
260
-5854
8979
-5476
7286
9082
4653
-4983
-5660
1373
3836
-3261
6323
-9514
2158
4394
8558
3210
-9564
2137
-3190
-3179
9556
7990
-8206
1873
-6499
3006
4807
2765
5889
-4053
8473
-6602
-6055
9976
-1408
-6118
-6830
-7418
-7733
-8738
3644
-518
-8984
9094
1110
9971
-5188
-8632
-3543
-7506
-7637
-6572
-8723
-3481
-9311
-3721
-119
-2197
91
7387
-9359
8490
8767
-8436
5957
-9867
-1064
9033
2448
1538
-6704
-7395
-9631
-7178
6900
-6543
-9033
581
-5516
-6597
9689
-5841
7279
8902
-19
7452
-5192
-2536
1277
-1511
-1487
-7432
-9180
-4022
5149
610
-9756
-8291
7305
-7368
1557
-1111
-2734
6758
6802
5070
-6941
4182
-7745
5604
2031
-9371
1617
4767
6930
2345
3343
1749
-8802
-9844
1455
843
-252
6756
9749
381
5690
-6777
-6204
5535
4023
7823
887
-5487
-9545
-500
9277
8998
-7345
1467
3624
3173
-8277
-2431
4303
-1780
9704
9739
6047
1633
-2537
5829
-2426
717
1587
4739
2536
3684
7875
-276
-897
-4580
-7683
6691
2757
7536
-59
6868
-476
1204
1218
-639
-6000
2491
-6503
-4377
4298
-8332
9653
-7142
8198
3377
-2426
6233
3626
-3452
5494
-1289
-2396
8639
9646
4854
7025
2121
1389
6354
4336
-3395
-7890
-8126
961
2113
7308
-7516
7132
2489
4329
-6568
-6392
-9104
-3238
-1058
9367
-5381
6545
6279
-6846
-4037
9903
4505
8721
8559
-948
3622
6154
4506
-5069
3117
-3662
7581
-4760
616
-433
-8042
-5657
-5575
8833
1391
-5490
-5169
7050
-9921
-1953
-2650
-3956
1744
5188
3648
-400
4736
-7288
1021
-2122
5567
-474
-4279
-1547
-2675
3809
3758
-9651
4303
4668
-9740
7215
-2761
-8916
-2402
2187
3563
8289
2938
1810
9768
9401
-2276
-9533
-8744
-3818
1528
-1218
5813
-2203
-3836
-8505
-4465
1135
-8108
2781
896
3251
-5157
3953
-6917
-6196
1319
5262
-3095
-7618
8514
-1427
5801
7945
5865
3060
47
4780
-1813
5093
-9876
-7165
-1649
-419
7683
6849
-4589
3730
-8188
6241
9586
-6884
-5014
-7805
-3099
6824
118
7590
-3299
817
-6150
-7992
5439
-7266
2679
829
9627
-2339
-5968
6172
-1471
-6055
8971
-2166
-4287
6145
1925
-717
-352
1380
7143
-6763
-4
-5350
5236
-8250
-2848
2772
-1147
-713
7488
3014
-6670
1356
-8937
-4570
-311
2255
7411
-9025
-8815
949
8988
6099
333
3777
947
-9265
4978
401
8670
-4091
-5621
-456
-8591
-3451
-5210
-7731
1426
1160
8995
-4701
-729
-1820
3893
2621
6818
-7266
-2759
6061
1798
-6797
-9766
1687
-4061
7019
-5875
-9750
-5227
-5743
-2312
-2804
-2929
6088
-9998
-7739
374
-662
-3136
-2317
2206
1273
2225
-7415
3953
2594
-5048
-4326
7444
-9426
414
-7881
7612
-2943
7222
-596
735
-2976
-8057
-6207
4660
-2222
6305
5814
-231
3325
-6333
-6309
4992
-2360
-3104
4641
-5788
7142
4219
-8602
-8410
7222
8029
1962
-7905
1454
-166
-1739
-3039
3243
-2595
7871
5907
-930
-488
4668
-7416
-8403
9109
2742
-3128
7479
-827
-6253
-3606
9616
-6074
6613
-5192
2163
-2375
9345
8149
-1799
-4261
5631
2174
1451
-9244
3666
-4820
-7819
-5790
3103
2726
4130
8672
6623
-3767
6266
-2083
5386
-3162
-9229
-2881
1321
5058
-4773
-2585
-9868
6222
-5264
9772
-4800
1734
-736
-4297
-7544
4884
-9515
-5451
-6707
6947
7901
-6243
-7478
-1145
115
2662
5293
-733
6800
7419
5817
-9208
9151
-7003
8000
-3537
2163
-151
-1123
-7521
-4233
4419
-6583
-1907
1227
-9993
2771
1915
7214
8793
-4315
507
-2037
6016
7175
-1528
-6504
-5788
-8443
-9607
1862
5302
-7726
9991
-2245
3225
-757
-2626
-3957
-5559
1636
2508
-6611
-654
-8211
2382
-2073
8767
-6646
-1096
184
-7924
-8710
-6912
-5253
-5177
-4707
-7673
6321
-2165
-2709
-4356
-7226
-9887
8770
6922
-8099
-4334
-3566
9429
8139
-4104
6545
9126
-7531
7936
-285
-6015
9069
9653
9872
-675
5446
-6614
8490
-2576
9997
4759
497
-130
-5760
4230
531
5698
-8134
703
3669
7280
1759
-216
6012
6735
-4886
-7574
4263
8717
5804
-5043
-9667
-1253
-1127
-7624
-2736
3820
707
-7891
3901
-3917
-9406
-9994
-1157
9106
7459
-3658
3483
8669
-8628
-3410
-8711
-1798
6679
2320
-3197
-4060
-7282
-3670
7393
328
-5658
-5817
2538
-7987
-2088
2522
7604
9016
6005
-9821
-5288
-3805
-5851
-1664
154
8326
8333
7983
8233
-4001
-3328
-9134
-4530
5538
5279
-364
486
-7361
1605
5177
9522
-7210
2248
6423
-9015
4183
9055
-1564
-6128
4081
-9005
3368
-3407
-9004
8056
5826
-9599
2094
-3573
275
940
7341
7914
6652
5479
4456
-9865
-1862
1118
-7193
4785
-2472
3050
8781
6577
9510
-532
-7641
-9852
3300
4511
-5330
2515
7850
4261
-4921
-258
6716
9055
-8660
-4766
4722
8427
4526
-4888
6958
-2542
-8036
-7271
-5736
-839
-2797
-579
591
-6842
9698
-6685
-5857
17
-4772
-9494
-3375
9278
6456
-3035
-9754
-7550
-7855
-6350
-5249
-9749
9165
-8520
1659
9228
1443
9596
-7548
292
7832
-8
6218
-2913
2522
736
-7492
6563
7920
-9105
-3635
-3409
3368
4161
5758
-6329
-820
-3026
2692
-1277
4030
6548
-4725
-9000
-1627
5105
-6465
7306
853
-3536
2531
-9655
6507
5466
6192
-1386
2180
-8998
8638
-7345
-4632
-6759
1903
-3582
-7440
516
9207
-3979
-1049
-8636
-8658
-7178
8027
7209
-6911
-4216
4585
-672
-7889
-9460
365
6384
-8348
-2306
-4814
-3741
-9363
-2947
-5833
3740
-2101
5371
7999
1081
8852
-2053
8493
-1210
-1493
4017
4063
2369
-4360
8640
-3357
-7709
6554
-8807
-7313
971
8286
3881
-2039
2531
-8150
9209
-9776
1809
1574
-4877
-9516
-3065
-2675
7741
3494
7396
2387
7374
8839
5967
-7423
4260
3992
5038
-3007
-8323
6564
5006
6067
-3306
-4493
6578
-2067
2893
6586
-1400
-1421
5561
-4543
52
-5796
-2218
3299
2964
-6072
6736
-6035
-3731
-5135
9466
-1337
675
1852
-1957
324
551
-3098
-3282
-3731
-2403
-6397
1105
-2671
8624
3799
1751
-5775
6487
-7265
2400
7360
-4760
6399
-6562
190
4022
-7513
3
-6248
2514
-1198
8379
2598
1655
-3650
-1921
1285
-278
-2552
8461
-3509
842
-1332
-1210
-211
-6832
-203
7495
3830
5662
8549
-6165
6369
-2695
8993
-8794
6737
8742
-6075
6340
-3879
8170
-8684
-3163
-2167
-4571
8981
2747
3438
6820
-4913
5496
-6330
4242
6562
-3047
4169
-1181
9634
-9530
-2951
-7647
-8218
5213
-6402
9420
734
6457
-6634
5842
-1548
-8808
-3925
-258
3880
4806
-9930
9817
-2288
8807
-4374
-2756
7737
-1950
-8152
7337
-9642
5251
6865
-9967
5868
5700
-95
-6206
9659
-3176
831
-1555
