7500
-687
5981
-5658
-1527
-8331
9234
-6098
7967
3765
4784
4788
4085
1592
8986
-4183
-1801
5385
6321
148
-7196
-9272
-5689
-5120
-9062
1504
2639
-5356
4023
6148
-9150
-8990
7709
292
9336
-9352
3404
-9767
-9693
8619
-3172
-5468
5446
-3851
-1358
-1749
-6228
-9375
4962
2508
-2613
3528
2783
-5179
175
-8149
5583
-8553
-2448
5910
8463
-6642
7344
6911
466
2372
-3333
-905
4276
4736
5934
-419
9305
6970
-1789
6225
7240
5637
7617
-9749
-1922
9207
1574
-7270
1729
6101
520
-3356
2245
-4819
-4108
-1508
-9291
-1451
-77
8360
-4019
-7457
-8724
7312
9945
-2547
-9834
1367
4431
-7717
2800
-3172
5525
6152
-4065
-3515
-5391
-699
-7431
6292
-6303
-275
-2289
-1349
453
2689
7361
-8686
-1967
9737
-2381
3649
6569
6791
-6446
3530
-4054
-6839
8049
-7903
-923
6230
-151
282
7813
-7278
-8605
6846
9987
-5697
3050
6457
-2798
7919
9414
666
2167
-6393
7444
7767
1053
-3356
1322
5064
-3976
7074
677
1990
9312
-1884
3222
50
-5874
4589
-8328
-7273
9412
-5142
-8942
9473
-3533
9075
2852
7216
-6715
170
-8924
-5946
3831
5630
9314
9330
2258
-248
646
2117
1788
2199
-5539
-8483
-6609
7925
-855
2725
-281
3468
-615
-4799
5285
4345
-6682
-7197
-6928
1885
7555
-2193
769
8192
2347
7960
3919
6607
-9876
4170
-7794
-4016
-4316
5870
9568
1552
9645
6881
-2400
-7058
-7984
-4810
-1399
-9005
2371
-2670
3636
7738
-5578
3243
6571
-9719
5226
2563
9271
-9243
-6776
2900
-7568
-9300
-5095
1623
-1300
7157
5384
7349
-4757
8176
9821
3462
8723
607
-7955
9121
-1720
-3932
8863
-3668
772
-2540
-2530
-4714
-578
8385
8642
8123
1852
4384
5853
-5153
692
7236
-9456
8629
-1312
9841
875
-3259
-3160
-7458
7479
-2565
9107
1382
-4946
2629
-9555
-5909
-5626
-9282
6800
-7402
-5420
-4868
9753
9498
6915
2565
-3442
-5344
5979
-6581
7166
3149
-3471
-5036
8084
-1342
-1971
1954
-6057
-1101
-4661
-4982
-2117
8306
9046
-9039
1033
-3006
-7445
-7953
-7061
5974
-7674
-8333
6432
-3784
6220
-8468
4008
-7944
7202
-8342
5002
-8121
-993
-314
-8653
-1072
2629
2927
6307
-120
6767
1260
294
9400
5469
8465
-7131
-7226
-6121
-6556
-592
3355
7060
-4988
-3091
-7885
-3868
2375
-9825
-4630
8090
-4657
7420
5441
-3102
5165
8394
-1826
2634
-1690
2076
-4310
-8114
1503
9056
708
-8025
-4270
-6677
-7010
-1407
6129
3212
7930
6436
5111
1636
3754
-953
-1702
6552
2926
-9370
8311
-6273
-3113
-6599
5685
7717
740
-4758
-8162
7961
611
-7606
6344
8283
6818
-1883
-7352
-3067
-5514
-6008
1297
7818
2545
267
-9043
3786
-7974
490
4127
-8267
-4460
-524
7687
6943
-6843
9794
-3841
9158
6968
7337
-4426
642
-7077
7832
-9593
-3246
-4602
-8573
6010
-5112
7639
1132
453
-38
1596
4823
4268
-1987
6255
-9637
-6762
5139
5271
318
5267
2457
-6177
-6419
-6578
4847
-3247
-2840
787
-2979
-9896
9518
7539
-6245
-2536
-7161
9770
-4021
-367
-8994
8168
-9183
2757
4318
-9276
3242
-9610
195
5811
3791
5421
-6401
-9943
-684
-542
5685
-8143
577
-3988
-5617
-3604
3692
-1158
-5254
5571
4804
8544
7214
-8822
-2757
6375
-1985
7083
5816
-6131
-4557
6486
925
-8806
-7040
-588
-7838
4793
6126
-461
-9583
2843
7548
4872
-1742
-3449
-4358
2781
-840
-6329
9811
6014
4115
9520
184
-1279
8394
-6125
-60
9308
-7045
2210
-4792
-6422
-9416
9524
777
-3409
-1482
3068
6127
-681
-9226
5131
165
1885
-919
284
-4869
9978
7588
391
-5641
5105
-7876
9868
-2445
1887
-715
-8979
-4609
-4723
1551
-3756
3974
-3286
-3508
3409
3272
7858
6660
-5258
-1880
-5888
-6453
-6537
-6078
4226
-4807
-929
-7580
8611
4607
2772
-98
4709
5658
-682
-5302
-1151
644
-4208
-8876
-9124
4069
-7013
-8042
-6432
7882
-6185
3044
-6466
-2160
-3407
-9454
694
-2582
-5008
-9070
-756
-2757
-551
4394
-6253
5216
6812
-1023
-3323
-3085
3279
-7462
8890
9566
-5404
8673
5507
-3844
-8941
4827
-3004
4486
-3656
-2073
-6301
5777
1234
-1282
4311
-8603
-2865
-4055
-1933
3109
4223
153
-7398
-8177
-3156
-9449
9953
6887
-5156
770
-7220
9942
5183
-7778
-9977
4520
6351
4928
-9320
-2808
-8172
-526
-6969
6334
1002
3515
-2819
3012
-1971
-9080
2781
4092
6429
-9037
3264
7037
8294
-4871
2897
-2517
3555
-4237
3307
-1200
9867
5314
8141
-7372
8792
9264
8814
6201
3799
3711
7968
-4885
5657
-7159
9458
6992
-3513
-6792
652
-960
924
-943
7427
8148
8862
-1385
-4705
-6262
-5252
311
2967
3357
1648
1953
6704
1679
-4387
-5884
7794
-8090
95
-6774
-4497
-6289
4086
-2535
8469
-5397
-3316
-5838
1520
-1473
-5134
1139
-1432
-6017
-1788
1803
1321
-6711
-2569
629
-3413
-1092
-1658
-9593
-8924
-8778
-8787
-7847
-9851
-5813
1208
-6283
-4775
5958
3474
-2292
3962
847
9719
9674
-2823
-1312
-4941
-4317
-441
8324
-6321
465
5058
991
-3444
-7199
671
7071
3926
-9856
8203
1299
5221
-7945
-9450
-9343
-2402
2401
-1739
-9136
6346
4621
7213
-521
2523
7157
-1563
-3183
8858
6357
-8510
-8288
8821
-1847
-533
2319
-2130
-1922
-8206
7138
2195
3464
-2533
51
4034
2796
7989
-7657
4708
-724
-2084
8524
-7203
6961
8344
3073
9524
-3650
-9795
5549
4175
-5097
70
-4747
6991
-6236
-1981
-207
2234
-9347
8014
-9575
7203
-9071
-4164
4470
-5907
451
9386
9671
-5106
-199
-199
-8471
4865
4174
-6898
8113
-2655
6229
-3065
-4892
1603
-6207
725
-1537
-9136
9844
-4436
7376
433
1642
7945
7067
-5346
7879
-5819
4585
-8558
6114
-6101
3054
4044
3694
-2553
4109
1735
8409
7967
-7351
-5095
-9141
-4512
-8726
3864
962
-7167
-8064
7505
-1170
7399
229
-7525
9270
-3509
3812
9325
-6613
-4898
6919
638
-8674
-5680
6510
7255
254
-6236
-1996
7911
7869
-652
592
-5318
5046
9061
-5368
-5721
-9912
-1709
1773
-2256
-2794
-733
-5467
-5673
-2308
-7990
-2021
3482
610
6730
9161
-3624
-532
2171
-80
2557
1050
6282
-3644
3308
3613
-4202
2320
9210
-7577
-6691
1211
4415
607
-1082
-7197
-2139
9706
-1855
9325
-7399
1312
-7826
-7007
-2171
296
-7329
1786
8431
-8365
-3457
9215
2233
1518
-2610
-1570
9792
8384
4150
-8718
2450
8056
-263
782
-3580
-4599
2075
-3175
6852
2801
7432
-5430
2356
5827
8446
6235
-7762
-1988
-511
7408
2907
5646
3792
-3418
-188
7404
-10000
-2115
3139
3567
-5696
-7910
-9751
-1563
3688
8351
5031
1797
2501
-387
-7659
5357
-6941
-5255
-8308
-3179
8577
8314
3440
1083
1589
3910
-8056
-2871
1188
-4805
2929
-7446
-1705
-7483
-1655
-972
5880
-3731
-5847
-8302
-1808
-5877
1225
6276
9907
-8541
-3683
8028
-953
-1200
6315
3559
-6481
7221
-3812
-872
8420
9963
-5533
5789
3021
-9162
-7741
5781
8938
9024
-5949
-1327
-6254
204
7618
-5182
-152
6889
-1046
-664
2559
-7136
5716
-8196
9041
8430
6990
1666
1238
-2445
-9844
-2793
9291
-3770
-6161
6080
5858
-4500
1955
1544
-3336
7278
9684
1539
-2893
9499
-4338
-3912
3122
4325
6026
-9788
-5931
-2019
-9913
9879
2004
3010
2433
-7947
-1454
-6428
-812
-87
-1134
664
5911
-4814
-8095
6766
-3648
-130
93
8799
-2040
4536
2237
646
-4511
-8331
-565
-1797
3264
9916
3255
-6341
5867
9782
-8794
-195
6996
-910
-8760
-4310
1861
7012
2931
5706
8329
2283
-8249
5879
6001
-5626
-1667
1077
8112
7249
7674
-3924
-8803
8371
3554
8518
-2749
7087
-4349
345
-925
6722
-1221
2482
-3273
-3298
-7982
9175
4017
7677
9000
6520
9077
-3366
-9231
-8815
7237
-3894
-1691
-2969
4662
9356
-1701
2124
7348
-3641
9090
-9242
5463
-1307
5865
-4712
-107
-8056
-2884
-1168
-8533
-4614
6735
-4593
1555
6806
3156
-2126
-3892
5748
3066
137
-5713
-7802
4343
1563
-6606
581
631
-7081
8038
2018
-4326
-4422
9299
9316
-7660
-2885
-5540
-5729
9576
4207
3591
6743
5734
9966
-3333
2596
9949
2116
-1246
8606
-9958
7016
-7503
2310
3542
3806
-934
-4189
5335
-9255
5730
-672
-6995
-1228
-9241
-3017
2136
4338
4273
1333
8743
-9481
-4210
9793
9444
16
-8235
-3325
3262
1603
-7777
4220
3490
-3418
-7740
2195
-7454
9212
-9514
5757
-308
-8808
-8677
8739
-8600
3
-7330
-5488
9835
6708
-6767
-4982
-8952
-7131
9460
9692
-4149
7483
8215
-4816
4901
8676
6970
-2961
-6222
7949
1304
-6389
-9478
-7547
4043
-9929
-1873
-3084
-3150
-6941
-9482
5405
4668
-4388
-2656
-7824
9017
-1346
-9791
-8742
5907
5237
6402
4453
8109
1795
8277
6076
-2940
-6317
6665
2445
7800
7091
4564
-6655
9357
464
-5127
9598
576
-6323
2489
7912
4443
-7562
8368
3887
9077
6430
2155
-1556
8439
4083
-3182
-2692
5626
-5745
4480
-6619
-5771
3993
7259
-340
8744
-5916
2192
-2814
1784
1951
-6173
-3567
8319
5177
7356
-3746
6212
9739
6926
1642
-435
4979
-8424
-4210
-6907
-9269
4674
-404
3800
26
1847
3981
265
3633
3555
-447
-7639
-4696
5524
7607
-2959
-9737
633
4178
7330
8862
-8089
-7463
4454
-1697
5341
1083
5008
3723
6989
8382
-2233
-3700
-6730
4425
-8777
8099
9320
-3311
4595
-1927
9927
2360
2319
8095
5978
6238
-5901
-8500
-3323
6936
-803
252
2396
-7131
-8428
-1685
8626
-5121
-9347
7459
-6690
7159
-6138
9963
-1981
-8548
4245
2292
9820
-3247
2
-3241
688
-9873
-1982
6976
-6842
-7756
-6074
-2586
-5361
5737
-8629
4887
2113
9218
-8328
6917
-9540
5642
2867
3556
8140
6558
9053
8994
6473
9075
9968
4096
5385
6247
-5687
-1827
-9653
9153
-8656
-4960
106
693
1031
-2311
1192
-2009
4301
993
-8343
5552
-7898
-1523
2837
4878
7984
7074
-6199
1448
8671
39
3298
9114
-7959
8873
9157
8845
-1029
2292
3246
-9736
-7271
1837
2885
-168
-544
-4901
-1141
-8974
5584
-7030
4415
-3176
9758
-8217
-1711
-4710
2972
1030
7210
-2620
-258
5710
-962
-5874
9285
-3519
-1535
6132
2446
4115
5642
7335
-1947
326
3634
6724
-6558
-280
-4672
7028
-6244
-8827
1947
22
2301
8268
4639
851
-2894
5101
-4965
-7159
-3708
-7067
-8634
9311
6830
8535
-120
2708
2411
-9156
6779
6799
-3382
8871
6598
-1618
923
4439
9834
-3255
-7878
5618
-72
3925
-7318
-3118
5749
-8903
6728
2735
1277
-170
7621
-9044
8351
-9608
8460
9361
-7866
5756
6056
3283
5455
5159
-1633
9727
5841
6388
-6217
-2422
2623
7174
-9042
-9278
3380
-5790
2693
2679
4175
-6660
1016
864
6358
4456
-4655
-9736
4210
9676
1226
-6973
-245
-6076
-1683
-6080
4554
3770
9236
9883
2138
8092
7171
1378
8416
8557
5835
3489
7865
9023
7773
-6067
-43
7097
-1979
6950
-5570
304
-7635
8990
2984
-4608
8612
1737
-4540
4219
-8844
-8984
-1402
-413
7985
-8724
9126
-74
-7496
-6851
-3288
-2165
-4992
3431
6559
-547
-3548
3881
8408
-7845
-7991
-9991
4570
6689
-5373
-5352
-7112
-1036
-483
8585
3967
2061
3155
-18
5846
-3642
9936
-417
8492
6127
5672
1754
4917
4421
-8469
-4854
5267
-2914
9834
-699
-8089
-224
-2950
-7418
8130
-3534
2003
-3910
775
-4878
7081
-5558
-6314
5330
-6226
-5959
9271
543
5057
2325
8975
4800
2433
-4650
-9044
6430
-3231
2140
7911
7430
544
-7729
1197
-740
-8780
-5039
7713
7040
4884
-6717
3033
7551
-1808
-8124
9862
-8282
1574
-2781
-454
-9578
-4736
-3158
-5558
2667
5828
-4039
-1281
4265
4205
-2700
9427
3896
-8489
-4172
7797
9524
-8876
5446
5545
5031
-2167
-1939
-9371
-297
2104
-749
-6671
-563
5814
2442
1349
7172
9202
-3936
437
2026
8999
-9812
-2593
854
5399
-3370
-5024
-8349
-5636
4456
-9870
-7838
8727
-5257
2500
-418
-4881
-1961
5148
5988
2627
2724
-7576
9258
-1721
2726
-4809
5118
-2771
-7777
-6017
6795
-2042
-4601
-1947
-2164
1204
7954
7554
-5010
7231
-262
4342
9850
4354
141
-9548
-6709
-5901
-467
4152
-2194
-5072
7845
9806
-1530
7327
5387
2114
6723
-4395
-5865
7383
-769
6174
4575
2443
6201
-1414
1901
3058
-9798
-934
8331
-3096
9103
9288
7066
-3709
65
524
1863
-5782
8895
9617
5960
-8261
-7548
-1853
-1370
3910
8652
6912
9982
259
-9119
4401
6988
4298
-1097
-960
8646
8307
1470
7538
-691
-2462
5616
9119
-6346
7838
-3192
8448
-8240
-4990
-9174
-210
-5597
2024
1541
-7258
7409
8075
788
-868
-772
-516
-3837
-1540
9407
8283
8735
1562
-1077
27
-911
-262
-4630
-9083
7502
-7480
-2117
1558
-7193
8095
-4511
4848
-5458
-2869
1481
1498
361
-1115
8144
-9888
-7885
8309
-6051
-9398
6460
-5095
4906
5515
-2430
3035
6539
3173
2724
-1881
3208
9198
2619
9902
1054
4714
7098
7061
5156
-238
-5606
4851
-8127
-5958
-6128
49
-8509
5337
1203
-8346
1939
-9009
4280
9114
3518
-9667
7030
-4354
-270
9779
-2918
-3466
805
5946
4302
1278
-3491
-48
7630
1549
6783
8397
-7618
3492
-6511
-6537
-2798
-5011
6182
3829
8740
-800
6963
-281
-3024
-2612
8422
2588
8050
8532
-445
-6214
-1848
-7494
8955
5767
9403
2162
1848
-709
3013
8168
3981
-2748
-2102
-9571
1767
9872
8219
8070
1953
-7531
5247
8260
2118
-103
-8048
-7674
-9354
-556
-6214
-7230
-240
-5911
6656
-5514
-1958
6556
-5357
-4075
204
1446
7701
-4994
-8941
48
3509
4578
-6644
-6538
-4819
-3772
-2947
-2510
-8758
-4157
1813
-5173
-5442
4787
-5087
-4428
-6907
4446
1242
-4277
-257
9736
7846
-1235
5731
5892
-7821
-838
-2843
9424
-3564
9797
-8829
-5786
2478
6608
1264
-2425
8982
-2246
-7589
3909
-858
-713
5694
-6171
2945
1508
-7519
-7657
5811
-8522
-969
7594
-4048
-9673
-3002
-8803
-7080
-7169
-8045
9297
6979
3627
6131
5923
-4034
7274
-9202
6508
3871
-8836
-8804
9137
-2854
-3138
522
-7582
353
5612
-3929
-2685
221
-1202
9524
-4146
-9033
7143
4571
6946
-4621
-9089
-8007
1436
-2103
5988
2487
-4319
-4188
-2303
6644
-755
6156
3114
2387
-3577
1877
5609
2709
-2684
-6770
-4324
-1513
7227
8997
-1122
-9795
-5935
1646
-4745
788
8113
7570
1570
3626
1772
-8684
-2934
8318
-1082
-9656
-2866
7137
-9873
1669
3251
-4344
6777
9901
-3331
741
-2877
-1895
-6088
262
8936
7562
4043
-9892
3359
-2043
2032
-480
5302
3460
2870
-6059
-7783
8905
-9221
3661
6910
-6849
-597
-597
-5114
-420
3938
-7842
-6293
-9560
3815
-9666
2774
9949
3559
-1863
6859
-7816
-293
-9986
-8731
4739
2022
-9804
-5296
-5302
-8981
-9216
9573
5107
-8986
7192
1464
425
-6583
6770
2881
-8570
8766
-1418
-45
6976
8070
-9807
-1916
4661
9975
-7872
-1692
2972
-695
4682
6214
9541
6287
8388
-2119
-5737
-2771
-6371
8310
-9538
915
-5122
-3011
-5600
4996
-4311
-636
4368
2584
-4502
-4180
-2517
3708
-9482
7841
5349
-4235
-3136
6386
5306
-9014
8158
4341
5659
-5602
-3158
3695
3125
6574
7073
9194
6495
6539
-8503
-7977
-3668
-6014
-8607
-8532
7980
-6311
7439
607
659
788
921
3745
-7352
5165
-379
-6852
-7276
3492
5443
9621
1404
-2177
-6022
-47
1520
-3102
-1001
7739
-2184
2238
9198
9229
-8630
-9061
1852
-8639
-3024
5602
-8374
-2572
-9176
-8178
8490
-9265
-7158
7917
6551
2291
-2792
5746
8960
2085
-9319
-7833
-129
242
5892
-1728
-8565
4748
784
-3089
1551
719
9711
-9428
8047
-5756
8780
3303
-5328
-886
-750
9834
-9108
157
-1475
3306
8260
-462
4993
7990
7719
2595
-9004
409
2729
-8713
7351
9462
-2723
-7587
7272
-2898
-1308
-2088
-9372
-1251
389
7111
-102
-3223
2112
5941
-8532
-241
4859
-1179
-6205
-9643
2595
551
5162
5629
8423
3014
-1205
7481
-16
-4391
-7536
-4411
-8022
-411
-1569
-9695
8618
4388
-5381
-3908
1084
5412
-4758
-6726
9333
6005
-2776
257
-219
1055
5559
-9189
5295
-7340
4879
-9408
3930
-8785
-834
-881
-834
6918
-3981
1078
-2176
4525
-3201
8686
7853
7838
-1626
-4418
9528
2241
6638
1726
6596
-8231
-2391
7518
-7126
-9236
-1712
2100
4209
-7547
2335
4401
6366
-9804
4442
681
448
9828
7699
4832
3966
8229
7683
-9475
937
-6009
-7134
-5850
8782
-1483
3051
-5630
8343
9206
5541
-9777
5573
6306
-5000
-5813
-8552
8602
2275
-2506
9728
-5822
6383
-4719
-4818
-5749
-9890
-9101
-9877
-1218
-5432
-1680
490
-5655
-1632
-2901
2174
-7638
125
-5814
-6433
179
2081
-812
1356
-6106
7232
7299
-6283
-1839
3507
1699
6568
-8612
8239
-4182
3184
-1976
6732
4453
9812
-1673
8929
-5984
-2675
3550
-7576
-7683
6355
5600
7074
-7107
7793
9077
-8481
2933
-7537
6106
2652
-973
9595
1734
-8103
7129
-6698
1298
7189
1121
-8589
6896
-7846
493
1370
2630
6266
-7396
-4679
-2323
8978
5668
8350
3430
7436
-4256
1023
2404
4985
1436
-331
5019
8384
-1495
-1651
5877
-7289
8841
2341
2255
-6104
6295
9938
8642
-9034
-4682
3083
-6418
-9802
2594
9556
9182
-8001
1197
-578
-7776
4730
-9068
-8585
-6103
-3680
-5872
625
4316
4361
-5383
266
6804
-3901
1369
7506
-6373
-3881
-433
1582
1913
2090
3032
7709
-4296
-3655
9420
-6744
-8758
283
71
3824
3604
2626
-3586
-1137
5224
-6762
-1199
6056
-4174
1527
-6112
2708
8789
-3394
-3067
600
-4067
9753
-2981
-1176
6810
5659
9904
9359
-3695
-7741
-7762
-3383
-8441
-5126
1833
8888
9364
7598
3632
2508
-7702
-9943
5005
-1946
-1725
7142
-5508
-6028
-947
4876
-4208
-975
7727
4071
2759
1781
3929
3435
3232
7683
5178
8341
-847
1997
5953
9967
-3120
8303
-5064
-8794
-1317
8371
9714
9824
7595
8024
4650
6007
3417
-8927
-5231
191
9181
3300
-5114
5283
-8923
3972
2264
359
2499
-2766
5197
-4431
2471
8669
7879
8943
-3694
3485
-8228
-756
-8375
2978
7547
-7767
-6761
5606
9268
-4684
9339
-9017
7650
-328
-3316
-9265
1769
-4003
-5282
948
-4344
-6657
-9635
7251
1018
-566
7055
-7491
-2135
5624
8755
-7905
-4868
3158
8103
8174
-2157
-7584
-5175
5981
5828
-4836
2995
6816
-6711
4692
-6032
-7025
-4429
-1173
-3229
6380
-6798
7756
2131
4786
4035
-3579
-3861
-2256
9948
-2317
3485
-7613
-2642
-6758
9810
7489
9015
-3705
-1583
-618
-9917
-6958
447
8857
4662
-8219
2364
-8768
-3652
1095
2608
8014
-2793
4119
8196
3979
-3025
7692
-8653
3743
4089
-6744
8616
9846
4652
9856
-238
-9608
-2291
-1355
-4754
4168
2910
-2170
5402
251
-9564
-9924
-7120
7227
-3765
-4593
8684
8296
-3005
-6464
-1123
9302
397
-2319
-9762
-3952
-349
-9259
-5693
6319
7217
8476
52
-393
-362
4996
-2865
-9277
-5938
-8246
1478
-7520
371
4131
-1191
-1188
-7568
8128
-2386
-3081
3003
-5464
6830
2597
-1735
4205
3055
2415
-8296
8471
2132
-7019
6090
9832
2962
6967
5394
-1636
-5462
-4355
-3262
2609
298
3253
-2095
9217
8841
8039
9997
8972
-5068
-3376
1645
8324
2386
2519
-826
-9640
2292
-5382
-1557
-4575
4097
3315
7953
7581
4991
-9518
-2522
1083
7538
2169
9812
4952
4396
906
-7752
-2875
4585
-7990
1492
2067
6762
-8431
-3358
1632
1601
7456
-9787
-2969
6704
9552
-1566
2850
-3958
-8816
-3569
7796
-4893
-1827
-5328
-5198
2242
-1795
-2496
-5627
6560
7628
975
7552
9586
-4871
-1894
6354
339
1382
4565
8350
3761
9338
-2943
-7168
5847
4906
4927
3374
-9066
-1663
9066
-8844
6883
-4
-9215
7565
7118
-6182
4464
-3813
8609
1568
9723
7241
-5002
1785
5518
-873
-3641
-3948
-6828
4134
-9073
3806
-5880
5812
-6951
1336
3777
8654
-1379
2296
-247
2058
-5142
5498
4854
-4406
-5908
-9999
320
-6794
7511
7203
-9420
-8949
5865
5338
-1556
7274
5649
-6979
-7405
-8755
3454
2899
6115
867
-2302
-6749
301
9592
6750
8482
1705
9849
3430
-4052
-4041
99
-1904
-480
-936
9879
8777
2572
9538
7556
6036
-736
7745
-2932
5987
2797
-8777
3686
9682
3925
-2829
5728
-3665
198
7428
-7873
2028
4219
6500
2197
5222
-5415
1710
-5675
4203
-7845
8311
3751
-3587
-4117
-7167
-2664
5186
2961
-1884
-3864
-6781
7853
-7834
-985
6974
1948
-4000
6442
5356
7865
8136
4500
-3110
-5334
-8387
116
-7954
9085
-7935
-5781
6809
4636
3610
-6883
6055
-8906
-8675
-7349
700
9311
4013
1166
7331
-4715
-4004
6647
-9583
-3331
9032
9612
8930
2618
7895
-9827
2060
6750
-8459
-4295
-1628
-2000
-5652
1861
-3662
-211
-5315
-4650
-3877
5710
4020
-4346
9251
-613
2100
-6827
8607
-7280
4065
7093
6816
-5205
6785
6632
-8826
-7316
9197
6029
-9224
-7555
-8433
1153
-6997
4590
281
9367
4299
-4824
-3903
-1276
669
-9586
8600
-8572
6337
1498
3019
-810
-4037
3133
-6839
-1084
9985
-9040
-1831
5194
5003
8529
3162
8367
-8761
5187
4348
5050
-314
-6005
-2004
920
-758
-5699
-9805
6378
6529
-4061
8989
4244
3343
2751
5729
5437
8345
-8249
-4259
-1918
-8953
-5314
-2395
-7965
5963
6936
-9573
-5957
9828
-2102
-273
4164
-890
-7099
-2996
4431
-3633
3326
2612
-3977
-2787
-2945
2191
1835
3601
-572
-560
7724
3688
-9484
-7790
-1288
-5470
-947
7088
2230
-8769
8125
6911
-7858
408
3116
7119
-1042
7351
-5703
2204
1765
7891
8403
4964
1612
7180
-3762
9298
6661
1435
6196
-4134
-9777
3051
-5392
-7587
5253
-6811
722
4831
-9010
-2437
322
-6108
9679
2806
-7196
2375
758
669
-6126
7364
2926
6549
3595
-7439
7269
-4184
6205
7789
7314
-873
7723
6539
-9621
-4287
2435
-3142
143
-7879
8715
464
8180
6725
3895
-710
4080
1207
-159
4249
7322
4528
1908
4878
804
4169
2541
335
-383
8885
-2337
729
1149
-6967
-9099
-7923
6459
6174
3549
-9426
7526
-3259
2438
-1186
-3472
-691
-4661
9346
-9087
4763
7518
8669
-7731
6851
-3166
8994
-7482
8626
-9508
-8099
-4040
-9438
1957
-9811
-4515
3048
3906
-6961
5581
9240
-7528
6927
-926
5217
-1441
2026
5639
-3447
1852
7314
7916
320
-8042
1504
-566
4631
-4576
-9612
2576
2520
5801
2188
2415
-3026
2615
3500
-6482
-2167
233
2648
-7743
708
29
3285
8939
5278
-8967
-2958
9848
2309
4568
-8814
135
2330
7439
8604
8184
-1204
-3533
-6883
-4392
4938
-9516
2756
-3933
2733
2117
-3934
5705
9682
-1109
2322
-6070
-797
-9779
-6728
4477
-4259
-4260
400
-6352
-4456
-2231
-5842
2963
-1482
-52
-4926
7138
-8965
-5465
9376
667
1539
5327
-5072
-9444
-855
-3703
3873
-3454
-8117
2274
2010
7997
-7196
-5886
-6028
-4744
6268
5174
5057
-8520
-7607
1746
6416
-5633
8494
-4601
-3025
3841
7079
5100
-659
7516
-3494
8050
-3654
-4825
-8832
-1792
3934
528
-3879
3556
-8235
7819
4416
-3619
1567
-9211
7501
6045
8113
6939
5361
504
6464
-2561
880
1445
-7636
7402
-823
3400
7888
-7157
-6798
-1897
-6065
-4063
-942
-327
6845
9476
-2624
-6753
6979
-9879
-4462
9434
3819
6886
-1502
6587
3890
4835
5067
2897
-782
9287
-4329
4683
-8436
566
8952
1215
-2434
-976
-7965
-1132
9231
-5485
-5785
8254
4415
-5474
-1185
5693
8267
4007
2735
-9875
5944
9163
-3682
2209
7407
-9239
-2830
-9740
-7104
769
-2370
-3410
-2587
-6084
4995
-1288
-4948
8604
-4383
7548
4817
-1002
5348
-6510
-3730
772
1297
4199
-4379
12
6007
-8593
-746
-5761
-3543
-3405
-1957
9336
-8067
-5242
9836
-1120
-6067
-9743
1718
1466
6838
-4693
7547
-6846
-6
-5623
4543
-2118
6325
5068
-6741
7759
2527
-472
5017
-1902
-4878
2558
1399
-8414
-9954
-8357
-7799
3833
7463
-5929
-808
2943
1170
5701
-5725
-1186
9407
8902
-7502
-5481
-664
2707
8101
-357
-4961
5895
5742
2114
-9973
4210
-1888
-7351
-3663
-3683
7104
506
-2090
-7877
-6109
1524
550
-6492
-7825
8547
997
-4830
7889
6525
-4244
906
9249
325
-2634
21
-9012
-2104
-5276
3792
-5484
-331
-2908
-4128
-3333
1618
5683
-5314
-5325
-4112
-7896
1188
-944
2686
1149
-931
-4420
7961
-4292
1599
-7024
9388
271
7406
-266
-1452
1728
8530
8830
-5374
-2607
4673
-4864
1314
-1087
-8143
4539
-1011
-1169
2921
-6374
9685
234
-368
587
-7803
450
-9333
3896
-1204
8327
-6823
-7585
2716
3009
-3707
-8435
2042
-1739
509
7620
7650
-1605
2477
5207
-1253
9880
5936
3972
-5620
-7353
-1050
21
6602
6550
-1222
8265
9743
-7915
2099
4828
8571
-6740
4874
-5420
-8066
-8282
-1921
6908
6123
4308
-2079
-7348
4671
8293
-7910
-6579
-1564
-7252
7935
-746
1954
-6409
5021
2931
-2914
3182
9728
-2559
-6061
3767
-9088
2780
-8369
-53
9770
-4968
-1309
8140
-5830
5602
-1997
5529
1744
3033
9994
-685
-3693
-5551
-8032
-6488
5561
9997
7075
2897
-8145
8289
2007
-2853
4601
-3050
4169
884
-9780
5152
2940
-3305
-8299
7228
6874
1700
1449
8843
9702
2111
-7889
4039
9793
1898
-3987
-7891
3663
-4107
4465
-9149
-3110
5650
-8100
4274
-8893
-5448
409
-1160
-5994
-9145
773
5015
-2096
-7473
-9960
-955
-5877
1907
9518
-9410
8730
9330
7952
-9936
8139
7927
4777
1909
-7606
-2596
9344
-2162
3754
-3930
6295
-5374
2526
997
9272
-5876
3419
-4473
-8877
-6321
-4962
-4035
6581
1746
-7226
-5760
4260
-3187
-4326
3229
-4452
9511
-2686
-2828
8185
-5753
-5688
-1398
3580
-3236
-9728
-8571
-1490
8591
7871
-5433
-6659
4806
-8888
-4754
7399
7084
-1252
-5803
2433
2108
8551
-6890
4241
6900
-4923
-4875
-9895
3604
-5035
-4643
4303
-2810
-175
3023
-2682
6682
-9716
3948
3133
-3591
9406
-6144
-8208
-9671
7916
-9681
1810
-5281
-7285
-5492
-6741
6083
-9684
3842
-3563
-3513
2382
-8764
-9316
-3902
88
4036
8460
-5862
-2306
6647
2355
2044
-4149
1143
2332
4892
-2085
2578
-7123
-4800
1608
2865
2383
2682
9609
-3565
-8947
-7046
9503
162
-2511
-7204
6354
7844
-6390
-7038
-5149
5648
-4937
4662
-7121
4671
-4242
-3337
-9307
1572
-8171
-8085
9369
-2302
-7921
-3944
-5802
-7217
-9730
3820
-7134
9157
-8597
-6505
191
4257
-7673
-2899
530
9582
-5742
-3559
-8846
598
3915
4788
-5638
-860
-6605
1738
1884
9892
-6858
266
-7528
198
-4265
-98
-7868
-609
3466
-704
4420
-6761
-2609
4908
-1153
7853
8761
-5024
-7571
1902
-2573
656
-6432
4458
-4901
-3634
-6058
3225
-1312
-3683
-4489
2026
1598
843
-5752
-6595
8309
6303
-9491
-1406
-7082
1239
-9523
2869
2276
-2182
-6462
9962
-844
-1964
6607
4728
-1011
-1911
-4453
6841
6435
6145
7114
9508
-4645
-5894
-6927
-3079
9310
-3883
3516
2650
-8009
-2768
4752
-5472
6171
6675
-2477
-5930
-6630
-6410
-4006
-9100
-8698
6095
-7923
-5430
2615
-1373
8129
3890
2808
2125
637
9692
9657
1309
-2097
-7616
6206
5353
-8938
7226
2206
-6414
-4425
3309
242
6076
-5396
-1222
766
-8144
-1246
1741
9117
-2302
2116
-2577
-804
6159
9783
-1405
5081
-842
-5515
-7474
9228
2043
3528
-7912
2494
1129
-3466
-4396
-2900
5010
9435
-5219
627
8229
6732
6427
3245
-8816
862
8124
4680
7059
5654
-6293
-6694
-4545
2686
-9255
-5814
4782
9770
-3791
7289
-7355
-4454
-4573
9610
4412
1448
-5241
-3730
-1864
-9488
8468
4848
4275
4215
3890
7449
1537
-4426
-3514
-9742
7786
-3150
7104
-9312
-9021
8392
-326
9526
-7805
-5442
9303
1062
1542
4382
-4934
-6575
5829
8202
9465
728
951
-6879
-8499
-272
7160
1950
-7978
-5183
6600
-2165
1491
9841
-8593
5180
-4609
1627
-2680
9209
1375
5934
-3527
4560
-1337
-3873
-9523
4283
2481
8232
5181
7155
-9802
-3192
-1502
3203
4934
-9121
-212
-3261
-3726
2920
-9344
-9322
1271
-6284
-1518
-6889
4155
6106
-118
-295
9235
730
-2415
-4438
4808
-9763
-6498
6933
7993
8195
1112
-429
-4415
4206
3441
5166
9292
-6311
6596
8478
6941
7976
-7285
3913
33
-4926
8982
9549
6096
-6428
-9493
1403
3269
-433
-7648
5438
7851
4817
-3455
-112
-8358
9018
4402
-2109
-8279
-1012
7832
9241
-7035
1308
-282
-4164
-9873
-6400
-5513
4198
2759
-7769
8084
-6646
-4004
3819
9506
1608
-6384
-4965
-1301
-7630
-5024
-1330
-3719
-7950
1199
-7214
-9128
-3338
-8368
-318
3925
-9049
-5886
-5639
5121
8712
-320
-1406
3702
-1047
-1864
-9993
-8102
7486
-1229
-4504
4464
-650
-815
-3076
-8226
6238
-9391
-4704
7258
-6909
-1302
-1818
4515
852
-8646
8331
9192
-3584
9351
-9969
-7334
2009
-6623
8938
4048
2689
-4649
-1384
1833
4837
-9840
-7998
8778
6327
-9233
-2855
429
-9012
2610
5527
4741
2123
-3051
-4447
5674
-4884
1829
3678
-4940
9786
-7055
7851
4368
-1377
9537
294
31
2077
-5454
-3249
3152
6322
5974
-560
-9535
-8124
4102
6544
4486
7822
-343
-4803
1452
-5868
8902
8283
5193
5882
-5674
3629
2496
-7789
-3475
-2199
-2268
-672
2457
-6748
-7911
9963
2599
8965
7739
8038
-8727
-4182
4392
1114
-4135
-1911
-4933
2359
-5116
-4643
4834
-3058
-1749
5612
-3735
-2577
2128
3355
-1489
-8740
4435
5329
-2677
-6726
-4312
-3013
4910
5011
-3156
3901
-1768
-8796
5643
6393
-8133
3998
8423
82
2152
3546
8073
402
961
-1168
-9152
6115
8573
-9863
-5473
4542
7619
2298
642
-7499
1703
6698
-6340
-5449
-1758
118
5925
4881
3816
2755
2768
-9193
-7385
1302
-5523
5262
-5995
-7793
2391
-1837
9160
119
1679
6122
82
4978
-2045
9717
8336
-3249
3605
4455
4657
-7122
566
-2646
-6092
4844
832
3871
7235
6442
4020
-7916
-1522
-4652
-9223
-5152
-6251
2550
6536
-6684
-7991
7828
-8988
-9692
4671
3156
7810
8152
9381
-1962
7308
3600
6684
4767
-135
-9562
-7327
-5994
9317
-8871
-549
-667
-5110
52
567
-2259
5853
-3322
-1517
-2830
-3989
-8412
-2043
5008
-2762
7439
-239
-7725
4098
1482
9212
5092
618
-8205
-7898
2038
-8008
7858
3052
8390
-574
-2823
4199
-3310
2706
8636
8514
-5892
6464
-2627
-3683
-1047
8113
6886
846
-8825
8979
-8991
-4996
410
386
-64
-8257
7734
6957
-5719
1361
6541
-4747
2369
4330
97
2583
5108
2405
5029
-5205
-9062
-1108
8261
6319
8885
8337
6111
9782
-7658
4163
-6218
8881
227
-9460
-8596
-9408
-6310
5295
7452
396
1319
-6734
-9171
4980
5940
-1022
-8857
8188
-4185
-3575
-9168
-4416
-6279
1812
7473
-3478
-132
3779
3114
9131
-72
-7940
-9627
-6197
-9667
-9499
-2981
1586
-2984
1762
-1814
268
-4299
-7739
1543
-3316
6787
-2403
9838
9655
4464
9429
1823
6859
-8835
4260
-1931
-3410
-5841
8334
-4292
-1400
1217
-8763
-310
7635
-36
-8606
4840
2849
4242
-1008
4451
6395
-7994
2043
-9141
9904
-6909
5153
-2870
-7869
2983
-5601
616
-2564
3577
-3585
-4856
3301
8615
3863
1078
-5905
8273
-5915
-6540
5973
1014
9965
1774
8651
1671
4171
2886
6799
-6724
3095
-1021
8803
-297
-9335
-4536
-5157
-4070
1933
808
4946
1813
8738
-8195
8671
-8313
7158
-5720
-7530
3185
-313
5979
-1284
-6372
6288
686
-4011
6555
4695
-3504
-8930
3314
-7566
-2229
-3264
-6795
-4602
865
797
-4747
4123
-9474
-9946
4621
3178
8134
-2580
1800
-1341
7474
4537
5517
9329
1051
8534
-7831
-6536
-7289
-2754
-4768
-2851
2917
4977
-9332
5531
-7197
9636
9811
1785
101
-7503
-4745
-6152
3634
9136
-8125
6016
-1757
1170
-12
5365
-1938
2613
6762
3468
9165
-3862
-9062
9151
6006
-6643
-6741
5297
-6680
-7123
4109
-145
6665
9426
4397
9010
-7939
5642
-169
-5659
4217
6169
2776
-8952
-5280
6054
-8653
-3900
851
9823
8048
9534
-7402
8702
-7215
9738
7564
2746
-8460
-5445
-6635
6720
-7236
9990
6712
947
2613
-9033
-4890
5395
2371
-2572
-9641
8877
3083
-3887
-4216
-3017
-1554
3002
-4845
7856
-8114
-7592
9688
2209
-2664
1757
7213
2788
1214
-7265
5215
-3254
1966
-2380
-1294
-8169
1188
2143
5435
-4702
2129
5113
9171
-1916
-7990
-4362
-8845
5660
-9224
9983
5749
-2396
-5179
-769
-3343
9282
-5499
8573
-7464
-9433
1630
-1893
6053
3810
-8964
2348
8011
1661
8575
3761
5545
5029
-4755
-3780
-827
-7441
1522
-2396
8499
5022
-8046
3686
-468
-9182
1368
-3022
-7839
-5356
910
5776
-3233
1663
-1498
6830
-2516
-4082
-3971
9019
6248
756
7727
-7681
-8920
3283
3888
5139
619
8644
-8650
3347
2628
5640
-141
2606
-1697
-1212
-1765
-1176
9553
-8844
2589
-7259
-3629
6037
-1653
973
-3602
-3491
4687
1520
9097
5472
7103
-4291
4908
1263
5001
-9015
9416
-9207
-2178
6611
4792
8066
-2127
-1303
-465
-6336
7938
-401
-4731
3417
4543
6830
-1994
4488
-101
-4261
-1090
-3876
-2558
1969
-853
6620
-6184
8176
9270
-4981
-5687
-9736
4875
3182
-2497
6779
1823
-2685
-8507
7464
6309
-9498
8049
7383
-9307
-1753
5773
-9686
8408
-5547
3036
5377
-4844
261
6979
-2436
-9658
-5553
3123
9709
-7935
431
3755
6483
3297
5556
-5293
4389
-5535
-2103
-9302
-8101
9757
-4311
2926
4344
1424
9865
8029
937
-3027
6220
-6943
5148
4814
-512
-2076
-2388
-3122
-6188
7314
3930
4456
-9423
8083
1235
-874
-772
-798
-3608
-8028
-9628
692
8708
-3299
1993
1771
8780
7895
-691
-9248
-9199
-8496
-7144
-4987
1007
-2149
-2724
7518
-8696
-9568
-6703
3712
-8783
7971
-2598
-5803
-4771
-640
3016
410
7744
-6374
5967
9238
-8996
9080
-1923
-5244
3915
7158
-6132
5432
1169
1510
-8558
-4074
-9166
8111
2177
6074
5068
-6436
-8097
2348
1739
5304
-3954
291
-860
719
2736
-7904
-8295
6990
-4428
119
-6234
2312
8762
1069
-3263
2829
-9829
8016
1963
-9039
8720
-8414
7292
6543
-6633
9803
6051
-343
1832
-4548
-4232
8642
9519
3965
5889
5795
-294
5287
-2831
-4333
955
-919
9130
6274
-7554
9475
-4417
-8331
8645
-4561
9274
-3773
-2971
-4482
-4990
3011
-1588
-4843
-3438
615
7962
5573
4404
9658
1040
-252
4375
-1517
825
-9378
-4617
2047
8154
-2135
2168
5356
-8906
1158
-6292
-4633
-1091
-4727
-443
1252
-1743
2466
6818
4450
-139
-2024
-4332
1609
3677
-126
-8935
3860
7488
9878
2985
4183
852
-3939
8769
1676
-5528
3877
4492
-7063
-8548
516
217
-8632
-9314
-9174
1148
2535
6829
5378
6225
-5782
-8655
-1041
-7278
-8916
-7992
5964
3878
6814
4305
1585
-7842
6998
7922
-8556
-1430
-8831
-7402
5114
-4498
-8596
4271
4751
-9435
140
-2121
-8676
-1553
8249
-6158
-3747
-8427
7789
6778
6802
6186
-5892
-9701
-5874
4769
748
1155
-3951
-971
9112
2569
3317
1198
-8425
4196
1555
7550
-4362
5931
-5284
-2895
8570
-7912
-4210
-4241
-2425
2845
-5841
1042
-2365
-2439
-944
-9996
2929
-3273
-364
1947
8808
-8781
-6552
-9353
-4219
-2049
7268
2418
-8384
-4193
121
-5948
259
-8871
200
7560
-4610
3720
-4153
-4992
4068
1809
-7456
-1467
7031
926
-6661
-6400
7402
-3004
-5097
6190
-8792
-3076
114
2445
-1875
-5843
3096
-9496
-1001
-1970
335
6759
5530
7199
8047
3659
-5378
9591
500
-828
1649
-7081
-9317
3025
-4148
9168
8597
-8292
-8461
5677
2987
9511
-9263
1754
-5183
-2453
6101
7457
-1636
-5820
-7502
-940
8961
-9679
-215
7116
4850
-8264
5754
3485
9579
-3651
9864
1479
-599
-2035
5729
4227
3287
7961
3698
3611
-966
4812
-2270
-6852
-9160
-9670
5218
4369
-9091
6839
1564
-4287
4886
-6289
4466
-4470
2831
3236
-9454
-9130
6425
-5069
1405
-1212
2567
-9379
-7561
-7841
-296
1251
5076
309
810
5482
8234
-1990
6017
-4893
5676
167
-5619
-5531
940
2013
8049
-2004
-7831
-1130
6530
17
7629
487
9275
7558
-9889
9094
-9092
5542
-8899
-8419
-3277
-8051
1159
-2923
1921
2454
8546
7264
-7703
137
-1044
-7251
3909
-9458
-9461
2052
2395
5504
2919
-8759
2817
-2072
-7338
-6641
-5333
-6144
-2589
1510
-5339
-1050
1495
356
5577
6267
-3933
9465
-3055
5193
9994
7615
-8441
4408
-6167
-4286
-2233
-524
-2218
-5087
9434
-1575
-5986
9509
-4381
-8573
-3607
4836
-7680
-3910
1923
1002
-6374
-1360
5342
-6950
-7676
-1840
2775
-9784
-8249
5601
7601
-5728
4034
-7481
2835
-8889
-9908
584
-1414
-682
-5473
3272
-6120
-2756
-7710
-6590
-8670
-71
1574
4063
2137
-6779
7506
-9039
4835
-8955
-6745
-4671
-3409
-7519
3379
-4679
-3190
1493
1907
9992
33
3576
3132
1202
-8718
3217
-7428
-511
-3020
9241
1181
-3786
-7405
9827
-6169
-661
-4272
6065
-7088
9264
-3814
-6382
15
259
-3032
2485
-9904
5927
4951
-7205
9252
-9191
-1675
5289
-8219
3628
1375
6829
3500
-1381
-9464
679
9512
-8649
-8273
-8587
4835
2637
7200
6359
-6193
8470
-9490
1538
-2770
-3253
-2451
-6910
-1287
9070
-8728
-5248
-5797
-4741
4531
6431
-3298
-3844
8915
-1343
6915
-1595
8792
4627
1742
3854
-9053
-1042
9919
1112
-4376
2033
503
-9110
989
1379
-6565
-3866
-7688
4896
601
1613
7706
3829
-6749
1754
9459
-4690
-2473
9811
-3698
-1335
5913
41
6372
-9692
-6671
5822
6842
9421
-8934
-2821
-7633
3674
4626
6504
-3322
2824
-8768
4922
-8984
260
-2690
-8646
5004
6023
4165
-3492
-2755
-9794
3621
-3971
8446
3921
-8172
7255
8749
9893
-8712
-1489
8282
5880
6257
8987
5499
-8688
7119
2029
1825
-3574
-175
-1291
-6002
-4770
7406
-4778
749
-5373
-7676
8144
584
5067
2654
-2520
7135
1387
1106
9969
6329
-6986
-3895
-2109
4316
-9827
-1983
1637
4952
-773
4276
-4793
9668
-8653
9186
113
-5959
-7110
-2286
613
3380
-4823
-5842
-9170
4671
254
4111
-5328
5224
-4825
-4096
7598
6581
8888
-5485
-18
-6708
8409
2728
7191
-724
3040
-4292
6170
-7585
-6602
-4025
-5443
-9911
-3441
-7206
-7745
-7166
3252
-6876
-7935
-7910
-90
-7891
9534
-3100
2715
4240
-1100
3108
292
-5554
5532
-2485
-8780
-4528
-6762
7091
8301
-7472
2857
5373
-9768
3312
4646
-1246
8322
-7233
-1375
8067
-5112
-3451
728
4921
-6997
-6353
9732
7542
3664
4688
5646
-7132
6093
81
-6798
-5025
7611
737
1074
-5872
-2971
3041
-318
-1436
2034
-3762
2294
-2123
6999
3856
6447
2028
3039
-8083
3097
-8812
-4189
9326
8042
-824
9563
-172
-7208
6249
2001
-3368
-7566
-1308
9074
5096
4121
503
7321
6112
1452
-4826
3507
8040
-9204
4607
-4894
-8398
1581
4720
-8963
-2957
9309
-7754
1072
-7675
9724
4229
1814
-8914
-7096
6637
-1568
-6856
1638
5617
-9525
1644
-5362
2333
4204
3860
9227
6287
5304
-8989
9334
-7626
1066
8829
-6574
-6704
-2868
3525
8458
-7062
-4922
-3495
6984
7083
-8304
-3530
-3850
6875
-9052
5598
-4059
-3003
-9572
7510
3787
-6194
2006
4267
9891
-4090
-7560
-1786
599
3111
-2684
-5374
3390
-9094
6445
2218
-6443
-594
-1774
-5881
-355
-6836
9998
6756
9916
-4061
-5760
8752
2602
4254
-3071
-6934
5435
7490
843
7999
8030
8930
-6290
-5266
9195
-9770
-1812
-3081
-6020
-3796
3332
4099
-5145
8299
-6381
-6903
-6520
440
-8308
8373
2547
-5805
5168
2144
2891
-1848
1204
-9924
7166
-8478
-8608
-1450
5859
7206
7868
6925
5081
-6665
4105
-9919
6380
-7740
7029
-3326
1099
4800
9577
-4637
3041
-1965
7131
-6810
-9508
-6003
8778
-2037
4011
3086
-6750
-3169
-2451
7295
9831
1720
409
5866
9528
2913
2560
-7457
-6497
1557
8368
-6547
9335
6144
-690
-5074
-6417
-7602
9854
-2624
-4174
9856
5325
3080
141
-8422
-9562
-6218
-2390
603
5793
5876
3271
5422
-2786
-3582
-4
6739
5483
-3607
1488
7059
8553
5942
5410
-9098
1026
6883
1471
1792
-7135
-9866
9855
-3094
5676
2226
-6340
-3168
-5401
-7176
-5854
-5574
-4392
2030
7139
-7717
-2866
-2051
4037
8165
9868
7536
6523
7318
6820
-9627
-1120
3973
-6736
9012
402
-2596
-6661
7310
-878
-584
4087
-6620
-532
771
195
-5115
-2066
-4520
2305
-673
3721
-3350
-4050
1941
8872
-6844
-148
7793
-1261
-7584
-9169
4115
-2681
-6057
-2905
-4969
2238
9912
-6788
-9354
7623
4562
-8924
-8899
5099
-6596
-4004
9867
5791
627
8792
4310
2348
7975
-9397
2426
2230
-8356
9384
8197
-8020
-3977
7232
-2051
338
4276
-1164
-5888
4173
1077
-9320
-9038
-4666
4211
-4147
2512
3270
-4862
-7821
-2295
-4346
-3029
-9193
-4286
-6902
-8106
8547
3605
5066
-7425
-9719
-8164
5634
7315
-939
2597
2982
9090
1555
5111
-4762
4323
1376
-1049
7388
-7107
7132
-3623
6160
-8806
-4243
-9791
2282
8010
246
6030
-7254
-5909
5485
-9714
-6809
-9892
3595
3011
-4152
-5187
5315
-9299
6839
3227
3891
-3913
9669
-4237
437
8989
-241
2034
-1251
-8093
6099
-1708
-3151
5806
3006
-5427
7401
2654
-8409
7954
-7664
-1626
2651
-9431
-4631
1430
-4081
-2154
-753
-6448
8980
1866
5877
-2702
-4545
-2476
-3449
-5964
-4984
-3332
-2074
7930
3952
133
2713
-4014
764
-7921
5168
-1000
4528
-1706
-1588
6252
-7738
-139
-7934
-6260
7198
-7002
7346
-7089
-3625
7294
-5642
6137
1322
-2784
-237
-2269
-4265
-5430
-579
-1648
-2806
-1905
4513
4404
6172
-1888
7455
-1991
1974
8315
7251
-334
-2645
3288
2097
-8610
-3477
2793
3996
2792
-6338
7780
-5771
-113
2920
-586
-3576
3678
2800
5418
-3814
-6645
-9860
-5165
-7559
-5456
-6575
276
323
-362
-2172
7863
626
2353
9623
-2209
-5846
294
-2303
-2123
-8070
1313
-1194
-7432
32
3651
-1105
-8501
-3571
6869
9973
-8323
-2975
-104
882
-266
-4179
-6036
3345
3977
-4033
-3170
-6040
5206
957
7789
-1130
-8102
1090
9166
-9596
9552
6322
5166
4850
8659
-1957
-4822
-785
2428
3001
-7355
-6265
-3613
-5290
-9278
-3072
-2357
-4175
-8567
6566
5589
1680
3776
-7346
2623
-8627
2664
-1685
-8093
-9073
-1864
2781
2106
619
-1001
1417
2919
-1122
3807
5666
-5682
-4065
8031
3318
-7505
-238
3379
8196
3517
-8894
1553
-6603
-6366
2505
3651
-715
-8860
-1712
-8242
-6501
-9726
-9017
3632
-731
-1001
5237
-1288
-5429
3614
-9057
-353
4584
4417
-7421
3264
-3089
4841
452
-4692
5406
87
-9096
6310
3747
2702
6650
6578
7341
2061
818
-2843
-4535
-4474
-525
-206
4213
5476
3804
-3424
-3444
-9358
-7227
4206
-1802
-3219
6682
5872
5261
-4968
-3455
-8006
-2841
-9353
-6707
8174
-2229
-7888
-1665
-8817
439
5178
-2532
-7631
-7330
-2450
-2190
1492
-5709
-4199
-2267
-2934
4382
-6272
-1120
3648
899
3768
6299
-4315
4484
-3691
1673
2480
-6888
-2354
-8054
3403
8077
719
-4126
-8426
7009
-5879
-8112
7268
6564
1596
5319
-8882
2607
-6340
-4054
-8650
7378
384
-6039
-8076
2795
-522
6242
7551
7080
8534
7294
9117
-8666
-1852
3723
6947
2664
8582
3421
7740
-8927
-1082
-5236
-9502
736
4123
-9073
3530
-1578
-8249
893
9562
6506
6920
-5661
-1172
2388
3696
2138
7782
-6099
-1160
9163
8225
-2818
-2770
-9609
-2712
9972
6513
903
-1087
-7940
0
2322
9009
-4640
-2127
-6111
-2393
1036
9958
6052
9502
8051
-3626
-5299
2864
4786
4719
-2177
2968
-200
-9712
-5668
-2385
4098
1768
1207
-3122
-3520
-9733
1782
7679
-4957
-8856
1417
-815
4608
-1038
-5642
-2771
2049
-9671
-1069
-5866
-5080
-53
9949
-6860
-5046
7114
-8350
7730
9396
8
5347
-3088
9702
-6281
3352
-7004
6689
-5829
431
3975
-920
8489
1266
2599
-9227
2516
-9495
1881
-6905
1088
-7456
1031
1202
7845
16
-1546
-856
8211
-5923
8836
5427
3894
7007
-3536
-3296
4640
4898
-8312
-4302
511
-7177
-1809
-2258
6758
168
7049
6955
-759
6574
-8916
531
-712
9052
-2225
7192
-6006
-814
-7582
8955
-4239
8281
-9663
-7475
-5429
-6354
-4439
4896
3883
-3124
3230
2872
-6397
-4723
1212
-5986
3671
1556
8812
-4505
-7842
-7019
-1261
-268
2587
-3763
4989
-6461
9269
-6698
-9967
-2743
9853
6990
-5299
6402
-8996
1001
-4787
9319
4784
-220
-3903
7574
-7993
2794
3611
9530
2906
2063
-5488
-1348
6358
-1713
4527
-8428
-6626
-6992
-3625
-5386
-1991
-7055
-7853
-6777
9533
2181
-59
-5292
-4518
667
-6932
3499
-2716
-6774
-5596
-2361
-4626
-4836
1742
5610
2031
-3178
-1873
-6610
8525
625
8083
-7685
1515
-8879
-3557
2392
-1826
2589
2218
-7900
-3365
-2617
7403
-5929
6684
-6185
4834
-2021
-6672
-5775
4429
-6469
-6721
-6787
4843
2430
-5747
-7654
-6789
446
4856
-7960
-1577
9733
-6949
-209
-5527
-5562
3315
-5396
8150
-8353
-7533
-9274
-7312
6450
-2233
-7553
7758
-7732
2274
-4522
9674
3949
-8216
-4174
-2601
1371
-9384
-6105
-5313
-6024
-5852
8376
7236
9309
665
-3974
4043
-6254
8586
724
3174
-1322
-9715
-6099
925
-8347
-4078
-2150
-581
-4446
1808
-639
6516
4307
-6053
5376
-9974
-3726
-1168
4208
-9782
-3735
3989
2619
-1757
-8797
1660
-7704
4252
-7873
-9654
7171
8706
-7784
-6477
5603
-7250
-9877
8654
9616
-3299
-9300
-5602
5147
2696
-3202
-5966
2074
-324
3178
-3854
-4759
2385
3872
4376
8988
-4161
2860
-649
4698
114
5154
-5585
-8178
3940
7318
2225
-9859
-6123
-3450
-5959
4290
-3074
-6890
3254
-3468
1487
-8740
-9552
7851
-2372
-3938
-5061
7851
-2000
-2575
-5935
3433
-108
-1173
-1863
359
2976
-1916
-6667
5108
9224
-333
-9599
-5257
-6036
-7621
5825
-5239
-7295
-1816
-5372
-9814
-9492
-1397
4247
3163
8780
654
-4627
-5458
5286
-8157
1498
9610
5335
2428
6183
-3892
4893
-6399
-1857
5381
-9294
-9003
1220
5277
-5665
-1933
-7433
-2994
1107
-8921
-9804
223
-5993
-2724
-6597
-7535
8067
-6310
-3408
7481
-9355
-684
-2412
8629
626
4603
5587
-9833
6087
-330
-8807
1461
-4430
-9332
3739
-4547
3631
-9315
4582
8769
6525
2164
-8309
-4230
414
7757
-5327
6499
-4118
-562
7124
-8451
8907
-2271
-5330
7301
7666
-1347
164
-2814
5480
7878
-9092
-2837
-4931
3154
-812
-8544
-7412
8670
9991
-7649
3652
154
7399
-9528
5214
-2440
740
939
-1907
1577
-5070
2047
9879
-1167
2742
-6089
-4430
-4636
1944
6867
3239
-3740
-8566
7025
-671
-3313
-3050
-1983
-4558
7842
7833
7527
-743
6335
8311
2605
-3752
2953
5026
-2520
-2585
-4984
-5625
-6790
5696
-4452
2270
5456
-4962
3536
273
8340
6020
-9745
2072
6439
5553
2631
957
8113
2653
5543
-6951
3011
-6461
677
1352
5520
556
4231
2997
-5899
4187
-9104
2409
541
-229
2035
2280
3696
3629
-5002
3065
-1147
628
-6734
-6736
-9687
-5886
4511
5677
-2768
805
2825
2754
4843
9466
-6695
-2025
9533
-6043
-3367
2570
5875
6363
-771
4263
9500
3681
5518
203
-6598
-6380
-6293
-3255
4743
-7295
-782
-2266
9680
7427
7826
-1434
-8988
-112
3011
-4632
-52
4067
-248
-2356
786
-6092
2845
5814
7384
2518
-5282
-139
-5729
6125
-2758
-2493
4031
7740
-2149
-9220
-5720
-5060
-6055
-3064
9997
-1137
6667
-4870
3638
9272
-8293
-7925
4006
-9994
-2396
2295
8375
-6389
8305
8638
8176
-2135
2774
-4789
-4599
-6022
5130
3843
-281
849
-4286
-6675
