3840
-2776
3358
6375
-3524
2193
8079
7460
366
-865
5188
6829
-8509
5056
6241
-1773
-5807
-3655
-4318
8056
468
6007
-6467
-9993
725
2327
3526
-5611
6948
-8733
2396
2875
-2172
9546
7276
5746
-2242
-645
-2836
-7661
-3954
-7056
-755
-4101
-8233
2941
-2201
-6274
-5240
-4871
-6205
-3530
1994
1898
-4777
5611
-9337
-5425
-9390
4119
-108
-9966
-5522
-1678
-7752
-4702
-9432
-2378
-4453
2963
1566
8268
-523
-543
7925
-5222
6959
2480
3643
8415
-6710
-8124
2889
-1957
-5918
-5898
-3886
1512
-3826
9583
5787
-6733
3270
-1840
9931
4154
3649
-4130
7289
9836
-3157
721
-3983
8644
6853
-1134
-9642
8599
7371
-2099
-6916
-1686
-984
-5956
3464
6231
4272
1503
8960
2966
-6223
2634
5192
-7399
-9968
-2692
2245
-7040
8461
-4617
-159
2801
49
-9492
-9527
3283
2827
102
8660
-7002
9180
-5634
-2630
-8257
-8096
-4313
4421
5633
317
2974
1668
7369
6958
830
-1629
9385
4485
7318
6229
241
2853
-5515
-7560
1323
-7178
134
796
-2222
-9980
4740
7272
4975
-7776
-3761
759
-8843
5549
-8795
-9866
3042
-4186
1199
8358
5485
7493
3788
2157
-4872
-5817
328
3549
-4516
6492
4691
6630
9756
-9419
1268
1655
676
-5921
7657
2228
-6018
-2482
-3658
9133
-4447
-7622
6479
2850
-1486
-1096
-1507
9141
-9218
-9813
-6787
9634
-3406
-7815
-5051
-759
-1952
-6312
-6048
8203
-3483
-7034
2757
4627
7462
8216
4470
2696
-2536
3531
-1472
8013
1106
6597
-3208
-4865
-3020
-9130
7343
-5011
-9991
-9504
-3648
6835
863
-743
-9412
-646
-6679
-3506
-3140
6235
-3493
-5295
-4650
-6576
1855
7669
401
-479
3666
-3882
-9690
6046
-9591
4700
6255
-2662
8600
-3438
-3302
5327
-4561
4289
-4872
4427
3043
-9217
8625
2577
-5596
-3293
7110
7923
904
1153
-7066
8534
-7381
4471
-4097
-8785
3470
-3016
7746
8369
-4538
-3271
-1672
-9542
-1989
-2890
-218
739
-8452
4541
8841
7646
8186
-8551
-7978
-4702
1896
6118
4921
-2325
7719
8265
-7126
-5601
-355
-4136
-5877
7866
-6872
4285
4114
5587
2196
-6464
1986
-4626
7688
6050
-7356
-5396
8204
-2553
6766
-6023
-8794
4270
197
2509
-3365
-7209
9573
-8004
7994
4002
-2821
2166
-6539
9763
-1003
-8111
5195
8796
-7918
7450
-8063
3558
-3345
6948
-5226
7215
5225
1191
-6734
-8821
3445
-8040
-7479
3274
-5481
-9541
-9460
-5269
-1030
8080
6530
-2765
5436
-6089
-5196
-8154
-3103
-6845
1141
5327
-3314
-4483
-5750
-4522
9849
-6112
-6018
5250
-1377
-6440
6100
5099
4435
8619
-17
2971
8436
-7731
-8395
-1925
-1802
-6066
1139
6180
-8106
-874
-7031
7203
9776
386
-233
-8063
-369
-6006
5851
7633
-7928
-1587
-1287
-1951
-7688
-815
7166
-2718
7403
-8075
1124
-2577
6623
-6961
-8045
3994
-8273
-144
-9072
-7196
4752
7455
-9917
-5274
7877
3460
1960
6551
-8112
6330
-5670
-7713
-9964
-8060
-6612
6817
-5942
8091
-7624
5929
-3999
-4489
-7341
5657
2145
-4896
-3216
-5859
7550
8464
-8673
6465
5365
-7678
-7145
5325
1499
9791
6707
8441
2393
701
-3570
-2491
4771
5239
-5161
2216
-7379
-7778
5832
-3061
-2922
-2809
1535
8348
6658
-509
1317
8193
1826
5682
5689
-5611
4619
3121
-8173
-1502
3382
-810
-8043
-3983
2236
5992
-3406
-9188
-6491
-3181
-5603
-7861
-6206
1498
1815
130
-9478
719
-8764
4144
-6092
8273
8916
2495
5625
4828
2360
-7392
3777
1768
7423
-4092
-1014
-3837
-2120
-4873
4406
1950
8732
-1113
9336
-3846
4765
729
4686
-7163
6898
2464
-3217
-2274
4392
-5083
6275
-1740
340
7726
835
-9349
7135
1052
-8618
8612
-9361
-6093
-7419
3389
3809
1577
674
4950
-289
-9125
-6213
5709
-1890
-1290
5448
-2112
-8152
2486
1433
-4956
-5249
-8832
-1393
-2888
3530
703
4265
5273
-5977
9686
-1573
9344
-7028
-5450
-2993
-3027
-3711
-1387
-5687
-5431
-8298
7599
-9344
-8806
-9130
-273
-1231
1143
9553
-8616
8764
-1575
-6279
7698
-5839
-6951
-5745
-8201
-6833
1262
5087
-5829
2889
1567
-423
-5511
1724
9577
-3470
5274
-6628
3085
-4406
1794
977
-5132
8846
3679
1337
6836
4384
493
3156
-6757
1420
-5773
-7534
3025
7501
-1874
-4266
6610
4889
4845
6540
6401
5715
0
-3462
5104
8619
-8569
6931
1402
-5331
-5497
9707
5988
-4311
-3758
-5457
-2787
7861
3737
9889
-4586
-3626
-4538
-940
-1353
4336
-6560
7915
5550
-945
5412
4036
1728
-1456
7074
-9685
-321
-1202
378
-380
3782
-629
-7826
-2168
5029
5692
3661
-3484
3747
-8563
-3718
1329
-1140
306
8991
-7231
1445
9816
1948
-1832
9415
-5987
5647
1092
4528
-9219
-5202
7420
-9978
-8268
-1412
-9532
-8647
-3518
-8261
-5904
-3686
9501
-2402
8510
4383
-8574
2710
-4153
-7241
-9020
-733
-5538
3578
-8974
-3142
-9497
-8565
643
2452
-2998
-1363
1340
1315
6368
7652
-7259
184
-6695
-1918
-9950
9346
-266
-6906
6967
-4885
-1903
1732
3297
-7792
-5180
-4048
7036
-6902
-7593
9070
2971
-4522
-9101
2937
-3101
4640
-3858
8363
1737
-5230
-9082
-3152
5224
-2234
-6364
8476
-9306
7874
-8578
-6346
2480
-3558
340
6983
3069
2034
-6930
689
1
5720
7880
6258
4391
-4893
-5856
-4768
8301
1865
8394
7768
-2602
-1286
-8388
-1938
-8056
-9841
-178
2646
5376
-2762
7818
5839
-249
-2299
5716
-5817
99
4907
-8142
-6602
-7047
9238
4605
8085
1252
8222
5516
-7371
-9052
6846
-269
5637
6639
16
510
-6910
4158
9992
-1990
-9190
-3559
-8928
-8563
-8803
-4771
-9003
6236
6213
-287
451
-9202
489
-478
-4250
2351
-4064
-4683
6705
-4205
6175
-6161
983
6264
9572
-165
4879
-3906
9459
4330
-1752
2888
4116
2752
-2954
-619
-1622
5565
1703
5460
-4328
4315
9216
2034
9222
4147
-1230
-395
-4914
-1806
9223
-6324
-1173
145
3600
9785
8885
-6735
3321
1200
-3812
822
-8063
-5545
-3570
4574
-8548
-6072
9159
1215
9999
-2012
3495
3240
1601
8726
9424
3918
-4507
-1549
-8924
9
9497
-4841
9142
-1181
2207
-1068
6834
8001
875
-1059
6489
3752
-5609
-6685
509
6745
-2519
3444
3870
-8126
8080
-8954
3770
2695
-7664
-2914
2807
-8295
4996
3780
4069
-8954
7659
7441
-6075
-7284
2166
4722
1641
2319
3027
6126
-4099
677
-9006
3088
-2267
489
1744
6888
-7725
-5882
9438
-6270
8606
-3333
-2133
-3136
-1695
4916
5993
8570
-6896
-9994
892
2914
5984
-2751
7712
7107
-4092
7284
-8051
-357
681
-3886
-4914
9756
5827
1781
1627
675
-6655
3292
7814
4769
165
-7851
-1264
-6906
-6518
-7255
8345
-8570
3597
-2689
327
9674
-1900
8914
-7136
-7323
9471
3193
7840
-3973
8252
-9649
-5458
4356
7348
-9708
-2312
-7103
-3179
-912
-8899
9232
-8667
-7158
-5924
5013
363
-1633
2597
-2969
9384
1288
-381
7240
-2404
-2395
6411
2185
4796
-938
-2193
-7993
3297
3035
5954
9785
-9661
-9470
-5612
-5378
6618
-3362
377
8874
4556
-5119
-8121
1896
-6899
1371
-1351
-5115
-4766
1322
4842
-7882
-8543
-7446
3099
-6166
6535
8277
5471
417
-2625
-511
2531
-7494
-8161
4995
-6350
-5398
3066
-5269
-2434
7814
6512
-181
3546
-3693
-4886
1651
-9696
737
-646
-9163
5872
-7748
9312
1161
-1770
8090
-6215
57
8825
-7432
-3478
6757
4862
6892
-9805
5767
-6125
-4238
-7393
-7235
-9863
-3125
-3919
-6439
-3457
-4340
8335
-729
-7358
-3076
8524
8290
378
7794
-447
-2283
-9551
4582
9356
-6556
6215
-4157
-3919
570
6151
2149
3121
2325
1000
-7617
-6235
429
-1267
-20
5990
-6726
5896
-4555
-149
8900
-2732
-6461
640
9377
4622
6680
3330
-1729
-732
-227
-7334
1990
9124
-5387
-1085
4782
-5273
1273
-6194
5230
9163
-5682
8728
4625
-2060
4804
-1743
-1628
6056
-8097
-6256
-7811
7729
-2848
8149
7453
2168
6968
9577
4467
-6625
826
4707
-9777
3288
2263
4620
514
2698
1387
-6728
-3360
-1133
4238
3070
3009
6863
-978
-4586
3217
-7558
-2226
4014
-7766
-1968
1906
6391
4435
775
5278
-7403
-5400
-7094
9719
-7048
-999
7232
-773
5288
1485
8917
8195
6105
5753
-1548
-8768
-5903
-6441
2990
3419
-7766
-5405
-4264
4339
2829
-5085
6237
-1184
8063
2803
5013
-5021
-3759
949
1301
-1787
-9880
-7322
9513
3105
4453
-6842
-824
-787
5709
-4719
-3312
6218
4250
-3403
-8367
-1258
-4953
3564
-7958
6888
-7553
1755
8690
-2965
307
6064
8324
-9071
-6549
-5952
-9121
3430
6695
6905
6978
2205
-682
-7958
9177
892
-8812
-1340
2061
-8416
297
-19
-2192
-1982
-8544
3781
-8136
-5053
7584
-7495
300
3130
-6027
3903
-6763
-189
-6957
8643
-6617
-9112
7193
-5581
-3985
7956
-3886
689
-5804
-9207
-1810
6515
-9154
-4370
1399
9844
5345
435
-4433
-1337
3149
1980
-4321
9871
-5022
-583
-4536
-706
5061
-8730
-6734
-496
-2808
-7397
8280
-3930
5830
-6395
-2826
1908
-9585
-4514
-343
-6832
-5033
595
1640
-9657
5424
1689
-4144
-7933
3907
4491
9296
3453
-918
-6794
-2397
-9534
-6410
4310
-7569
-8202
-3664
7875
-1153
3112
-7386
-6855
9848
1680
8166
4306
6103
8670
8046
6887
1569
-70
-1020
-7380
1741
3519
9141
-6542
-9200
-9983
-8781
-2021
-2325
-6825
-6650
9482
-1088
-6449
-4630
-6737
-1278
-7314
-2242
3567
-6821
3915
-5404
-1748
-3404
1026
-7904
-7133
-2253
6262
-9509
-3930
990
-7515
3283
1295
2103
-6506
4779
9734
5491
7427
-8702
-2838
158
7770
7263
-1483
1526
7718
-4529
-2852
-2421
7808
-9492
6648
-6374
-5841
3131
-4045
-886
9391
-1077
8205
-4960
5081
-1614
-4205
-5305
9461
3616
-6730
7927
6102
1232
6391
-8495
-6992
-5951
-2922
2487
5677
1008
-1739
-110
-2590
9844
7529
2214
-1450
5309
-7565
-7407
3661
-2430
-6934
5213
-5251
-6767
-4042
7350
-9809
-7388
-1325
-9535
-772
3206
-9446
-733
7237
5324
5547
9232
730
-9489
7471
-8545
6206
-4782
-7706
-3804
1782
7224
-7355
3236
-1406
3740
1849
-9104
3290
-7752
6864
2523
3989
-318
7129
4341
-5808
-8332
9324
2683
-475
-5197
-6662
5055
-2436
-1048
-5380
863
-4090
-6777
5399
-9099
1025
1192
-3017
7376
-8538
-4393
8663
8674
8098
3714
-6138
4204
6067
1803
8694
-8875
4130
2301
-7498
-8638
-7995
8695
7208
-9638
7164
7549
9492
1086
2348
-3325
8233
-5099
6645
4409
-1880
-587
-7309
7525
-1880
4302
5551
-8743
7704
5039
3033
1860
7015
4624
9635
-9451
-2349
9001
-349
-803
6723
5889
-47
1817
8295
-4481
5569
-8708
-2297
5436
-9140
638
-3900
-2232
-7089
8058
567
-1970
-6584
-5806
9959
-2316
-285
-9863
1398
6677
-2022
3264
6401
5823
-140
2028
5565
-4198
-9408
-4369
-8766
-4000
-4997
9749
8322
-9505
-8418
-7314
-5155
5643
2277
-6979
2479
5531
7609
8987
2925
8714
7407
-4524
-85
7496
1401
8780
-71
-4942
-8999
9307
5670
-5960
-9840
8238
3368
9097
-2441
9524
-5874
7883
-6902
669
-5803
6224
987
-6806
3838
-7844
-1887
-4034
-8841
-9343
-6794
6931
7469
6269
-9455
4659
3121
7361
-6692
-8447
6148
-9994
-7219
-6629
5830
8908
-5881
-435
5603
-9879
-810
-2904
-1128
5427
-7009
-8058
-3910
-6219
-7185
-3468
-5455
-1811
-2842
-5613
336
8261
-9820
-3120
7221
5873
-4298
-5840
8231
-3515
7212
-4625
7793
-6114
1376
7484
8878
-3417
4107
-7551
288
5758
-560
5609
-3589
1676
8110
-466
-5408
-8612
192
-2255
566
7576
4635
-3458
-7966
658
8950
1706
-9331
-4615
-3476
7141
1593
-8643
-3050
9235
-9410
5759
5334
818
-9623
-1465
6430
6862
-1281
3758
-1118
-7027
8794
4732
-6863
2690
5908
-3033
-8305
-2932
6803
1197
7711
-3272
404
286
-197
-8465
-5487
-9288
-4592
4573
1539
8227
6825
4186
6989
1979
7984
-1091
8839
-4600
-3457
9932
2441
8022
-1828
3446
-806
4999
5760
3159
4101
5164
-7499
-7834
-7356
7457
-2337
-435
-6855
382
-7004
-7419
-108
93
-4369
-8222
-6300
-2127
-306
4128
-7043
9563
-3524
-3981
4378
-5286
-7281
-4629
-575
-7955
-9983
-7518
-1670
4839
-6079
-6797
3039
-7056
7760
9264
-6183
-4564
-405
4768
7250
-3628
-1688
1075
8349
9718
9183
2070
-6026
-7160
-5921
-9967
6786
-7045
3463
-2128
-1361
-7197
9885
8751
656
-730
9749
-1529
5801
1839
6212
1731
2464
7155
-8893
-448
1608
6769
-5558
-2975
-4550
-9172
-6278
8991
1920
5337
-3825
404
4536
5378
-5505
-7064
1249
-9289
-4113
-3810
-2281
-545
-1486
6920
-9586
-1988
-3311
-628
-62
-8983
8696
8401
-1436
7398
-7957
-6528
2380
-1423
-6301
-9350
5145
-3
1791
-3621
-9653
1286
-6905
3414
4034
3710
-1326
-3568
-7501
-9286
7793
-519
780
9124
9189
5440
4248
-5518
-3763
-1816
6515
5345
4662
1283
-940
4444
-248
-8149
7703
4478
4688
-5808
5342
-8791
-9861
7470
-2503
-9931
8271
6111
-6232
-39
8714
-5734
6872
-4635
1535
-6160
1596
2158
2923
8730
-8103
4694
7001
-2032
3550
-8692
3591
1519
-7667
-9716
-4257
-706
-6942
-6327
-8161
-62
237
-5178
7093
-9631
8524
7639
4217
-1630
-3987
-5535
-6487
-3830
-4564
3131
3504
1539
-521
8083
2438
-6148
-5611
-9876
-8513
-3155
8201
9355
1785
-2247
5369
-7065
1775
9761
9817
248
-1630
-8090
-3681
-5807
6295
5672
4326
-6160
-8609
3252
7629
-3316
-8069
-1573
6428
198
-9461
7504
6305
-106
2466
-720
5442
469
-4281
-6596
-2752
452
16
1950
-5279
6380
9957
-871
5114
-7978
-307
-7067
-1635
5272
-1646
-1658
5707
9723
2865
6168
-4852
-2899
9148
-2500
9677
-8488
7010
3294
5226
3865
-3229
-2483
1159
6072
-6178
-3960
8319
-823
-9403
7191
2572
-5202
6870
-7484
6817
-1063
-4300
-1662
1654
689
9594
-612
-4947
9236
7735
2351
-3246
-5265
1106
-5037
-9811
-367
3242
8658
-692
-2448
-2658
-3827
7111
-8989
-7498
5970
1306
-1524
2962
-4082
-7561
-1484
1525
-6820
-3063
6047
383
8460
394
8013
1382
-9960
6421
-941
-4395
-1348
-664
-9964
622
-9047
6853
8491
9275
5182
2145
315
9404
9329
-4346
-5361
1188
282
3867
8660
7933
7450
6395
2374
-4328
-5698
-623
-3812
-3632
2222
-2942
2882
-4844
5343
-4707
-1169
8931
-2950
5899
5803
7472
9706
-7202
6748
-5054
-8910
8453
-2899
3307
3615
-4422
4462
2592
4870
-7876
-566
2095
9510
-8611
-2900
8981
-3771
6601
-5128
-5438
-3141
656
428
616
-5724
-9473
-540
2393
5034
8137
8956
-20
-9514
-7328
8053
-4065
7261
8943
-7235
1385
-1079
-9873
-429
-673
9752
3699
5998
-1422
-9303
-87
2131
2175
2896
1253
-8543
-2464
4492
2630
-2876
-8606
-308
-1665
-3684
8962
-6465
-6729
5635
1855
1604
7833
9137
-6531
172
-8530
9163
-9335
1225
7749
9390
3961
-374
-9383
1035
-1296
-3508
-3354
1329
8525
-1847
3983
5891
-3521
2523
3522
-6142
3960
-8932
-1762
3118
-663
-81
-1725
2005
7841
6501
3517
8797
-4651
-4351
2487
-8880
-5743
-2045
1135
127
-9847
7233
-8330
-4631
-4409
-7730
-9657
8604
-4818
5512
-2780
6811
3331
7741
-3821
-9831
6386
-6957
5006
2392
1563
-3203
-1327
-6845
-20
-4136
6761
-4864
-2503
4851
-418
-5679
5774
-5611
-7066
6500
7889
-2031
-5436
4675
6264
-9221
-5436
5284
3585
-1124
-5910
7730
9974
3725
1982
4657
6106
-5401
-5522
-3600
-7725
-2415
4216
-6002
5225
-8088
5619
5509
-4967
7918
-6827
3161
-4093
5141
-4402
1527
3468
-3185
-4865
-4546
-5141
-2718
2473
6495
2805
-7024
1979
4636
-3309
462
-6065
-8685
-1621
4083
-2014
2722
9818
8169
-2723
-1979
1008
8574
-3750
-4669
-401
9362
-7932
5716
6340
-4422
-6647
1658
-6564
564
-1884
1473
3064
-649
8353
7547
3441
9704
-5262
5917
-9799
-5054
3077
-5723
8154
3857
-2639
-2717
-8267
3138
627
2103
-8644
-598
-9032
7514
4372
9791
-1035
-6902
-272
6888
-5389
-7388
-955
-3577
-9456
4737
7937
5909
4314
-307
1368
6418
-8122
7431
9406
-2625
9103
9398
-5758
8788
2702
-6777
1135
-7983
8643
-7910
-2538
8422
9987
-1082
-6157
-4365
8568
-649
6266
-3252
2295
-9468
-5000
8176
-1691
-804
-1583
-7803
-1159
-7634
732
-8572
4129
7192
-485
6507
-1356
-9955
-2762
688
-3587
9043
6868
-1037
7089
5612
8119
-2105
174
3484
-5586
3223
7451
-2076
1145
7500
7512
-4946
9648
-875
1308
-8871
-4866
2391
8082
8934
-1922
1201
8003
-1296
-2252
1988
-5261
-4539
-1240
881
-3002
7039
2702
-3730
279
-8026
6481
-5226
5255
7315
-3173
8228
6030
-1170
-4605
-2360
6708
-3113
6117
9957
2393
5325
4658
-6940
6862
8111
2612
4621
8318
-4793
5919
5426
-9075
6715
-5347
-6078
-7184
776
-5855
8670
659
-129
5760
-6370
8413
-4345
-6830
5179
-2156
7768
4513
3730
5707
-8116
2157
4644
-9183
-8647
3780
8577
-1634
-7070
-9479
1338
-64
8385
-2677
-7600
-252
-5863
-5159
-4922
435
3016
-171
732
-5156
8882
-224
7049
779
9267
-3231
-8842
25
8778
4282
2376
-4132
-2995
5702
717
8210
-887
-5325
6748
6406
-2529
-8462
-4318
6373
9926
-9570
-786
-3953
340
-4601
8386
5914
3659
-1388
-3341
6561
-4348
3123
7135
1024
-142
5368
7513
872
-6701
6495
1492
7871
-6808
-7206
4465
7835
8824
-8799
-2890
44
-3281
-2895
3282
-819
2392
-4822
-7026
7547
8844
1252
-7566
5476
-3806
-4375
-3319
6335
3828
136
-3138
5158
-6533
-9871
-7290
-4682
-3348
1043
-6672
-9073
8387
-2052
-4026
-7230
-6701
6738
2780
-662
-5949
-2851
1484
4203
-2565
-3697
4838
-7690
-7763
7423
-6242
-3912
8544
1754
5613
-6879
9193
6568
-5254
4384
-427
-3482
-3243
-1097
-6170
-7700
3226
946
2105
1984
4801
-4898
2294
6030
-8903
-9594
6311
839
8785
-8995
74
5103
-5235
1165
-9307
-7490
8014
-4971
1762
-8647
891
-404
5517
-9331
4360
7757
1341
5019
2553
-2382
-5397
-4034
-5598
3651
-5468
-9980
-9143
9128
942
8188
4771
-8674
9114
-4248
-7766
-15
2596
-5111
-7910
-723
4171
-3422
-2124
8604
-431
709
-3332
4455
-9397
4590
-6939
2006
2096
1192
4751
3225
3323
-3527
9277
848
-5340
3009
5375
5317
-9270
5021
7282
856
7808
-3732
-7303
362
-2933
8017
-7822
9883
3776
3513
8368
-2160
1910
-9043
-321
2375
-3567
6304
-3030
-3902
-2157
8743
-3951
-8434
7423
-625
5129
2958
4909
-9823
-3402
1066
2863
171
-7727
-6278
1065
-6751
9441
5895
-3934
-5573
2304
5755
6037
-3510
6352
-293
-6015
-2706
-9729
-2460
-6562
2597
-994
-2061
6460
3033
-6604
8436
2636
-927
3520
-7179
-829
-7691
-4095
2971
-6339
-9807
-923
-2588
8538
3956
799
367
7860
-6934
-6991
-6530
-8284
1764
7316
-7490
9929
-3665
7657
3141
-1301
6852
6862
5466
-355
8591
-1928
-1042
-7087
-3578
405
-3365
3576
8583
-5694
-2148
-5841
5071
-7962
-5815
7584
-3295
-3510
9350
-7218
234
-33
-5175
5092
-3962
-9105
-9210
9061
2137
8822
-6050
5963
8218
8669
-8219
2163
481
3943
9678
8497
-7901
-3103
1499
3999
-5891
8838
7193
-9626
3263
-7307
3466
3797
-5256
-591
-9549
4740
1880
424
4439
8509
8972
327
-9300
8803
4492
-8185
-8933
6864
-4109
5282
-7405
-1759
3612
8505
-6774
-8273
-38
-4735
-167
-7933
-917
-7066
123
721
-4691
-8747
3697
6650
8325
-5694
-9465
-1188
4816
-2007
-3810
-4976
-4372
4340
-9739
-389
1308
-72
-6400
8230
828
-6767
1390
4755
-2458
5026
278
-682
-2728
-1858
-2457
4409
-1010
-3545
8222
3958
-4738
7233
-8364
1885
2918
5410
7114
-5981
-5388
-1459
-1526
5483
-1108
1158
-7994
5792
4350
8904
-4178
3807
4362
7316
9628
8513
-3261
-2829
3169
2786
-3991
-3491
-4171
-233
-9833
1482
-178
-300
-378
-3229
3828
785
487
1978
9479
9169
-8761
-7573
-5
-3781
-7718
-4819
-1252
3989
2754
-6392
-6060
5391
-4459
-7494
33
7695
-7185
-6840
9614
8622
-9812
-3917
1834
1475
9676
3201
4955
-2180
8975
-3422
8571
4703
-4666
6330
9471
8851
7527
4197
-950
7283
-8330
-5717
-3784
-1897
6022
5330
-5974
-592
-4625
-2013
-1814
6670
2357
2056
8930
-7725
-4600
-6064
2277
-9826
-3346
1531
3409
6880
5442
-70
-4875
1214
8786
9779
2062
-9202
5564
-1237
7261
6184
1845
-5541
636
705
-1827
-1007
4733
-4022
-2772
7823
3408
-4542
-1003
-432
8356
2560
7838
-9839
7783
644
7668
-6888
-8538
-9031
2576
3359
6222
-6612
4749
-4797
6763
-9028
-5387
-3724
1512
7350
6649
7754
-7990
-790
8505
6678
-8901
8724
5843
-5254
-4541
-9749
-4251
-1803
7286
7150
5606
-5921
-2104
-4882
5903
5809
9679
-8106
-9098
2753
4579
3449
7484
8811
-9699
5324
9860
401
-1263
4559
-9619
8549
1570
-2119
1563
3610
526
-4244
181
-3557
2611
9007
-9852
-9333
-1475
-5652
-8048
-6419
2877
1849
7357
-9953
1659
4926
4190
-5105
2439
6471
-6520
2765
3125
6874
4503
8127
3833
-2215
-6498
6382
-485
2665
-7033
-8311
6191
1882
2955
-7370
3346
-4770
-306
3058
7938
3127
2950
2410
342
-5746
-7416
-6265
5038
-1637
6731
119
8978
-6807
-8393
6812
3655
-1458
-7155
-9504
5378
-6257
-4973
1558
-753
6122
-5547
5900
-7245
9793
-1377
6587
476
9277
627
5097
8318
-6376
9610
-318
-6829
7085
6389
-5650
-19
-1120
-1497
-8718
-2394
-6850
5515
-6891
470
-9315
7605
-58
3831
-3679
5589
-4109
-4596
119
-3489
7647
1742
-3400
-9131
-6274
-5366
-2788
1938
-592
847
6667
-1196
4043
-8615
-2064
-6143
604
-1202
3163
-911
-8399
8438
-8631
9551
-3847
-4813
-8713
8813
3947
-2668
4513
8822
-9614
4184
-3443
-5121
8877
-9064
-8006
237
3984
-4869
1660
1166
-7138
2578
3703
1278
-7159
-3435
-3378
-3857
-1706
-2044
9381
3103
5110
7799
-2249
6410
6994
1864
9173
9813
6523
-5574
-4112
9571
6139
-8688
-478
-8141
644
-3599
-6850
6145
6022
5883
5716
665
-921
-3260
-4787
9374
-6684
-5889
1658
3500
6320
6581
-6869
9735
-6564
-1479
8455
7097
447
-3562
6598
-9544
-1649
4978
6105
-9436
25
2065
-9921
2649
-161
-9599
-5168
4743
-822
-6681
-5295
-530
514
4556
2597
-5899
-787
2501
-2228
476
9516
4747
2332
-2140
-36
-3458
6897
-7955
-3836
-4393
-519
-518
3972
-5533
9938
-2722
-2309
2614
4517
4329
7068
8951
955
2299
-253
5596
-9411
3839
7990
-6245
-4165
4886
3401
-2835
5173
4463
4266
-5935
-4289
981
-5451
8850
-1030
8939
6917
-3876
-2527
7937
-3819
761
-7890
-214
-1823
-3949
-4129
-9802
-4651
-9367
-3592
-8231
-1889
-7764
-7238
6199
1593
8336
-5099
-7741
4790
2945
9175
-4662
7723
-9836
-2170
-3652
1819
-6371
-622
7742
-4560
-4728
4615
1052
-5678
-9425
9289
9134
-742
1526
5698
-9201
-297
9293
3439
-3157
8032
5892
-4056
5667
1080
7444
-9920
-2054
-8755
8714
-6320
2586
6204
-5486
-3396
4226
7454
8732
4694
-3716
7029
-6582
-8845
497
4406
662
-7860
6798
-2360
-9974
5629
-1779
2355
2651
9307
-7708
-5339
6769
9626
6715
7371
-1073
-5229
-7903
5586
5896
1272
8418
376
4294
-2029
9143
9216
-4512
3721
-7793
-5117
9405
5780
8475
9046
1261
-3759
2261
-6565
1636
-4876
4928
-3609
1360
2506
7375
-8458
720
-9879
-742
-7973
-4210
6905
-4105
7728
-7710
-9355
1681
-6639
7476
9647
9624
-425
7411
-6435
5236
-2804
-5715
2208
-1679
8568
-5636
1179
2641
8942
1896
-9765
-9847
-1559
-6677
-9925
8893
-8284
9255
6053
-1848
-7171
3906
5380
-7756
6951
6851
4096
-9821
6562
-378
7239
1515
6087
7721
2126
7982
8618
-949
-1798
-252
-5624
1357
-7121
986
-3552
-1899
5573
-6651
2494
-533
9941
-4865
-9320
-794
-4026
-5910
6503
8708
9777
4704
652
-6942
7934
-6334
-4405
145
-7678
-7786
7422
6059
-520
-6266
-1193
-6381
-4244
-6764
-1231
7847
4872
1763
-2159
2694
-7485
-6780
318
-2061
-5016
-334
8185
-8162
9930
9167
8571
-7358
-4152
5894
-7835
6069
-5539
-3426
-2184
9817
3055
6325
-6866
-6054
-9437
-4562
-6734
2927
8641
6864
-1646
