7780
-8711
-2243
-8371
-8941
9086
7383
122
8465
-3433
6976
8421
-1790
8736
-2303
-2499
-8244
4566
8049
-8077
-6113
5211
1329
-5783
-7162
-299
-5128
-1761
-3881
-4975
-3338
6709
2750
-2711
1414
-9166
-2532
5514
-969
-8010
-6170
7403
8002
-2746
7509
1066
-571
3228
-3228
-5657
312
-5046
-9162
2586
-9945
-6193
-6570
-1302
-2059
-1543
5374
1003
-4551
4855
-2181
-3933
3574
9349
-4455
5858
3437
5450
-9747
696
6360
5047
-5800
3785
3282
3022
-4553
3676
6200
-496
1928
-8293
6999
-2681
1095
-5607
-8323
-6721
4869
6623
-1746
-50
-259
9000
4846
-7863
-5002
3627
-5897
-8679
-7787
5992
-9308
-8282
6609
3298
1878
-4838
-1257
9935
2127
3699
8883
-2444
-3721
-9226
-1017
-1989
8214
-7008
9950
6380
4827
-5801
7037
9590
8754
-6097
5143
9124
-1871
-5252
1428
5281
-1240
1861
7103
-7432
-9852
6743
2602
-9148
6367
5592
-1261
3004
3839
-2435
3694
-4146
4094
7007
-1218
4381
4825
-9006
3736
-5183
-6129
9201
7298
-2589
-3332
3830
-973
-1439
8555
-9057
8940
6627
-8273
375
-96
9798
2291
-9159
3642
-8829
-7555
-5294
-3235
3178
9670
3525
-118
-1288
1570
-6068
-1915
9025
3299
-871
5393
-6487
8831
5970
6929
7960
-741
-5267
-3090
-6411
9469
-9391
-799
-5419
-3230
8595
-9436
-6462
5869
-1091
-7639
-3076
-9733
-8526
-5928
-4273
-3781
5642
-4974
8991
420
1449
-8991
-9229
6535
-3620
614
8700
4416
1228
-7945
8734
1684
-646
-928
8582
-4691
-3221
-3989
4902
6931
7028
2254
-8993
4240
1723
-1140
-9555
7521
-4049
-3980
6218
6793
7035
7730
-2681
-8579
2407
8287
5286
6742
6221
-8798
3969
-4469
-3142
-8856
7611
-4177
8053
-9409
-7144
6580
8475
4758
-3481
-6850
5222
-1931
-1445
7491
3952
7903
6765
-9726
-1333
9156
9678
-6086
-7739
9150
-6920
-586
9871
9978
-6926
5381
7938
6847
1030
-7117
3458
-6986
-5311
8128
-9331
3000
5114
-7489
-1552
8072
1142
-2993
3618
-719
-4249
-2136
-5523
8333
-6230
-9106
5822
1807
-5295
-5931
4929
-8367
418
7343
1981
-8028
1253
-4607
-6966
-6563
3420
-7229
5781
-2455
2565
-3235
2495
2036
-4686
3631
7546
-5709
1338
-9336
1179
1116
1467
1184
517
2460
-4978
6137
9327
-2606
-919
7773
4854
6049
7008
3985
-8721
2164
1814
2113
5106
3722
4060
4573
-5311
9758
-5013
-9676
-3112
-12
-2857
-8161
1919
-1654
-1023
7470
-3710
3563
-4866
-8087
5828
7293
3795
-3659
-3642
-5409
-5473
-7543
-8798
1104
9575
-3004
4927
159
-5359
5504
-1220
2886
2504
2871
-4528
-9392
-7834
840
5938
-9098
-9417
-342
-4289
-8165
6547
7290
-3051
6692
-5382
9573
2320
7886
-1172
9962
-3999
-6718
9071
3048
7198
-6129
9417
2404
-2981
-3855
-3374
6322
-8454
-2919
7780
7308
-2732
6992
2434
-4014
-807
-9839
-209
1355
-8360
4628
-1508
2906
-2052
-6549
5398
1190
-6722
1952
-6516
959
-9582
9170
229
770
-3683
-8523
-9869
4899
9517
-3074
8476
5930
-455
8292
1537
3055
-5377
-9129
-3712
765
1718
6088
-1136
-9084
1228
6398
-5556
5977
-9576
-2764
1345
7318
-1507
-3916
9792
8685
3722
-5265
1295
-8439
2787
9486
-2158
-5929
6255
4899
-2527
-2065
-7017
-353
-8073
6663
8415
-7631
569
-2074
-2994
-7813
2105
-8064
-2379
353
4541
-129
-3478
2911
1566
1619
3956
-9133
-5648
-2048
3503
-3426
-8041
6592
-7157
-7495
-9281
7465
-5460
6599
-3772
7758
-4343
6687
-6239
8192
313
2019
2481
-7307
-5539
3320
-1387
6956
-2447
-850
-3906
8790
9797
-1565
694
5184
-6610
-1633
3522
3691
6538
-9095
8550
-4331
8421
9353
6295
-5682
-6041
2773
6408
-6807
6455
2084
-8545
-7983
-7044
484
9721
7915
8123
8830
-4428
-8451
6512
434
7267
4679
8459
-9319
1398
6373
7084
9155
2810
-3648
-1176
3287
3661
-4439
-2345
-4491
-3382
6446
-9185
7903
-2123
-8517
462
8518
-2905
766
3686
-5462
-4233
9481
-7191
9965
-9573
461
193
-2322
-4329
-111
9447
3032
8141
-808
-396
9690
8614
1157
-565
2162
5687
-8050
-5982
-5147
-6646
-5455
9175
9349
-6963
9890
-6734
5278
6874
-384
-1629
-358
2500
1513
-5985
-6569
-2232
-4674
7905
2096
-2976
-14
-1788
-3768
-8948
-7793
-1920
-2316
-5942
7718
-1300
3892
-729
-1980
-9735
1723
3387
3385
2643
-1474
-3686
-1779
3373
120
-7480
-5109
5843
-9257
4316
7261
7419
-1815
-1560
461
2363
7753
-5126
2353
-8662
2595
7186
-7121
8676
-9657
-5420
3171
-7779
-7115
-5446
-3270
7545
-8279
1742
5087
-8935
9918
-9020
-1547
3900
8206
-9140
-5395
5478
-8487
3512
-6438
-4938
-4141
9110
-3543
-209
8583
4487
2339
1157
-7494
-8042
1553
-8918
-8639
7903
4709
7449
-967
8698
-5235
8109
-9967
-6051
-1694
895
3069
5040
7821
-7042
-3554
719
-6419
-6449
-9084
-3141
7107
5786
-7292
2736
-6953
-3024
9809
-5908
-1388
4582
4440
-9749
-1428
855
-586
-1374
-60
-2942
-5706
7886
2232
-6069
-5886
-2220
3687
642
8230
2038
-9213
-9098
-6462
-6743
6896
6225
-1229
-5834
3353
1407
-1498
-6153
2214
-6629
7579
4792
-8944
5861
-6182
-3373
-8449
329
1774
-2529
8032
-3262
1826
-2389
6950
1205
5585
-3485
-1097
-37
8413
5520
1514
565
-4582
-1832
-5286
-317
5462
7277
9600
-5850
-9484
4021
941
-5349
1111
-1184
1248
6057
-5788
-3452
-6901
8487
-9577
-746
1536
1323
-2606
1157
-2185
-11
-4410
-9121
-1569
1278
-4596
4876
-3293
-5488
8893
-7458
-9311
-471
6193
6120
9087
6826
9804
8897
-8799
760
-3973
202
-4371
8998
-7938
7595
-5620
4740
8906
552
1722
4638
-3046
-920
-1363
335
7850
3089
-9092
-4109
-7104
-5075
-9738
-9888
-9221
2118
-791
9704
-6835
2639
3180
3476
-8534
4913
5273
-5920
-8678
1785
-5823
2924
867
-1468
9501
-4389
-1497
-2829
-8846
9787
7008
9099
-9115
6312
6822
4572
-4879
3715
-6984
-8811
-3040
-9089
-9982
-6758
6377
6906
8064
587
-2399
-88
-8558
-833
-1189
-1010
-3524
-7234
8308
5973
-5734
-3841
2410
2700
2792
8815
-1829
9226
3469
-626
7765
1918
-1138
-8240
3369
-4577
-863
1154
5974
-7689
3797
3377
5318
-2011
-6766
134
707
-6878
-2489
6132
9843
-5415
2058
1486
-2085
2844
-5372
-1038
-4774
3424
-3707
4353
8381
-948
-1339
388
-3718
-3634
73
7945
2781
7098
-8398
6827
-9385
-2790
7073
3263
8381
-3943
-86
-5823
2472
-439
-1030
4074
375
8322
1022
-6264
-1014
5392
6448
8318
8337
-7984
-6209
4463
4166
3760
-7870
6058
-357
-2637
1966
-9424
9127
1117
5851
2648
-9184
4300
-8966
2418
-964
7295
-6811
-7811
-6746
-4588
8627
3475
7123
-6939
7904
-890
4353
-2114
3521
6835
2338
6999
906
4726
-6532
3156
214
-1432
-83
-5435
4369
-6343
-7623
-9904
4713
1324
-8690
8969
-3710
-3005
-658
-2432
-801
2327
-5320
3870
6210
-1420
-533
-3385
2830
-8821
1393
-9323
-5039
1566
-934
9432
-613
4245
-9262
-1667
-5278
-725
9243
-1169
-9841
-3375
-1158
-8602
-4269
-2081
-656
-4682
2902
-1904
-4596
-7310
-9087
2079
-5714
-5301
-1175
-9756
-9164
9873
-4532
9448
-1724
-6280
4787
-3536
-3307
-4689
-9861
-4288
7795
3989
3603
-9872
8848
219
-5728
-4128
-9582
-8100
-4383
-1261
9889
9398
3904
-9614
1798
-9230
-908
2832
1125
-9392
-5341
9665
-4797
9595
1193
7946
-1863
-8616
-6950
2969
4356
3421
8043
-4092
-1877
-7474
240
7359
3760
-9934
-4730
-7908
-3698
4747
-6331
-6812
6511
5878
4984
7019
7199
1641
1161
-9978
7307
-8517
-1840
3983
-9721
-2567
3649
-3199
-7817
6842
5377
9934
-8746
5957
-9776
-1600
-5999
-7525
8869
-7617
649
-6391
-3791
-9584
2486
-8498
8650
7356
-5442
1613
-5360
-8856
-9046
-5590
2583
-4173
-6615
7739
-3379
-4183
2613
-4315
-3095
-9903
3207
6807
1845
-1159
3743
-5608
1471
-395
-3401
-6961
5341
2464
504
3720
-2391
-1092
8807
8214
-9087
-3097
-5320
-868
-1669
-3490
9303
2465
5771
-8846
-8401
-7029
3574
3013
-3764
-3109
-8249
-4346
7979
2009
8892
-1126
8269
4643
-9288
2754
-5609
1113
-2417
8828
6865
-1480
-7125
8491
-6903
-1524
-6307
787
-2037
8132
-5205
3868
-389
-3913
6269
3457
5006
-5050
-4931
5276
2059
8483
-7158
8965
6370
5612
-7305
7842
-9234
-2210
-4986
-6921
1584
5462
-9953
-1616
-8645
-4587
-2309
7145
-6914
7379
-1073
4934
5783
-749
4595
-9213
-1353
9603
7151
9950
5797
-1493
-6623
-1455
-2283
8797
8011
-9568
7317
1402
328
-8968
-755
-5136
-1637
-6394
5328
5940
-5439
7655
-8593
1096
-7703
-9904
-314
4300
775
9476
-963
5642
-133
3678
8466
-4149
-428
-6061
8223
-4934
-2526
-2781
4915
-6254
51
530
-8338
-4592
-5454
4953
-8274
5517
4994
9658
2795
7811
-3382
-9105
11
-7503
-9397
997
-8410
-9201
-6420
41
-4097
-1256
8598
4512
5908
4408
-9114
2663
2576
7886
-7808
-9757
-1142
5732
7341
6481
-9440
-1357
1691
7519
3629
-2199
-5256
6453
5045
-4763
-2120
9163
-5614
-8694
3551
-6880
-4131
7830
8492
-3685
-1854
7555
9138
9880
6416
1970
8997
9040
-7883
2977
6659
-9858
1187
1966
3838
4458
8411
-1365
-6893
-6939
-8798
-9360
4990
1933
594
-5932
8844
1212
6585
-8795
-9494
-1170
8514
-5273
-7151
2805
6606
-6984
-6650
3804
-4487
-6885
1003
7191
4059
-7997
-6136
6287
-566
291
3119
-6121
511
2277
-4478
-630
-3847
9941
4456
1761
-994
2654
1887
510
-7325
-4602
8895
8459
1289
2533
3542
7365
-7962
9178
9649
4484
-8480
-2334
-9096
9807
-6110
-7519
7535
-9083
-1473
-7765
855
1050
-4886
923
9995
2690
9325
8231
7285
6356
9676
-4401
6685
3813
-4743
4175
-236
-4825
1622
5219
2548
-5264
2155
83
2623
3805
-32
-1507
7933
-4557
-567
2776
-1517
-1830
-8893
4188
-7495
-7740
1579
-6706
-2706
-5420
8331
4834
5036
1781
-2333
649
-2790
9670
6185
-9030
-4885
-9793
499
-8450
-2163
-5325
-4358
-5504
6692
-8623
4948
-5484
5697
-5330
-3683
-5803
563
-368
-9684
-2849
-3839
-4836
-4846
2782
-6344
-8798
-5933
-8856
4465
-8780
-8742
-4549
-4911
5344
3021
-70
6627
-6203
-4529
-50
-418
-9575
-5188
-8192
644
-5854
946
5729
-7627
-4660
-2518
-6759
7883
1036
6036
3361
4326
-5525
-4087
-1285
-4802
-3230
9954
8504
-9607
3159
-1854
-6394
9313
-4488
6597
1984
-4513
-9287
-1084
-4386
-7507
9080
9032
-6218
-1977
-765
-7390
6019
-4827
6447
-8327
2492
-7421
4212
6929
2824
8270
-6419
-3948
-8513
-437
4606
-1355
2968
-8387
224
-5989
-1996
-489
8156
-3204
2146
-9334
788
5644
9935
-3118
6865
3327
-6569
5723
-6926
3860
6126
2268
-3121
-3440
-1570
2727
8199
6374
5973
1656
-8156
-7514
-3277
-9592
-1560
5192
-9825
5494
-3389
-9834
8689
1891
-6224
519
-4806
-1368
-652
9553
-2784
-736
-2247
-5373
-2588
-9092
3787
2950
-7599
-9495
4392
4535
-1330
1985
7239
9905
1351
4778
4326
-4765
9161
-2186
4925
-8688
-4342
-2150
6897
-1790
-7456
-2154
6577
6903
-7836
-5125
4325
6337
-9611
7527
-4499
2980
214
-7057
-3565
596
1971
2220
-5291
6484
-8990
3445
-4131
-7770
-3699
-1684
817
9820
-1639
216
-7162
7260
-4619
-8551
-3503
-6152
-7757
-3465
-3570
-7223
-5621
9517
2644
-1761
4185
8736
739
-3800
-8812
9874
-7026
-4069
1493
5160
-6977
-6306
4469
-4653
8517
-407
2227
7017
-8269
2367
-7918
-6106
8779
-8306
9965
1801
-7860
3950
-9096
-1445
-2798
7869
-9472
9928
-3132
9397
2671
2347
-1624
4691
-4127
-8216
1264
-7520
520
5968
1335
6343
-7326
7465
-4715
3763
2351
-4834
-104
-7911
4655
6925
3457
2909
288
4835
9775
3982
6795
-4718
2206
3847
-2214
-1102
-8554
7218
5478
-9433
-7420
-3146
6166
7614
7182
-6731
4134
925
-1105
5893
5620
-5539
-7353
5449
-6374
-936
4545
7793
1652
4325
-83
1118
-9529
1206
-6302
-9963
3138
5106
-1016
1538
-1900
-9348
-3273
9946
-3985
8802
-5589
-955
8248
-6768
1918
-5548
-8451
-449
7602
5870
4527
2501
9007
4544
-6847
4635
-6477
5878
7521
5751
-9762
9873
-1346
-715
6205
3978
4221
-9942
6356
-8447
914
-1714
5335
-8623
-8013
-1902
-2896
-4770
-1633
-2227
-2396
2765
-5453
5625
-2885
-6768
8836
3
-9691
-9159
-753
929
3901
4821
-2034
8827
5374
-6133
4020
270
6276
2639
3096
2753
-9379
-5331
-1470
8
-5600
2593
9677
-9949
6856
-3962
-537
-6479
-2551
-6226
-3700
-9123
-5348
1052
3140
7219
8263
2264
-782
-1401
-3582
8389
-6977
-8165
-9196
-6104
-7731
-1885
3483
-8757
5576
1612
-9485
6710
-236
9316
-4526
98
7458
3068
2834
-1694
-6264
-6937
3913
7455
-8811
4232
-583
-8819
-719
3194
-4114
855
1900
-2045
2334
7777
9437
6624
1812
5475
-1672
-667
-3800
8280
-5054
-8140
-2589
5684
9735
-2729
4400
5395
1317
3317
194
6988
1611
-6384
8593
-4135
9821
-8029
-1589
6459
-7528
-8039
9030
-6769
-496
7713
-8236
6404
-7202
-7296
-4267
-1316
7102
7328
6149
-652
-8655
1377
7629
9368
1420
-960
-5211
-5026
-5177
8712
-8804
-3957
1564
6877
-6278
8770
7683
2669
-8613
-4508
4653
2921
-5199
-5666
2896
-9321
4071
-4474
-600
7567
9808
5329
2680
6361
-2051
-746
-9321
6032
-2856
826
-5277
-4378
-2172
7202
7504
-3696
4784
-112
9439
3121
-8310
8804
3357
5078
8127
8840
925
5532
-7737
2527
1441
-9224
-9665
7344
3345
-5638
1370
-3470
5023
5458
791
-4858
-2236
3239
3179
7486
186
-3632
-1646
-3247
-5111
959
1522
-4482
-723
8080
-4376
-4110
5321
-8500
1901
-9574
-3208
4065
4658
7256
-4235
1632
-6105
607
-7385
9420
8903
-9475
-3465
9491
2241
-7451
3376
5241
6141
4749
5366
-7805
2294
-2436
-1917
-4829
-2578
-3509
5035
-7172
-948
3717
6038
-5437
7607
-6339
6776
-3906
9407
6681
-9574
-2115
3191
1432
-9502
454
9530
9421
3396
5952
3507
-671
-8513
9699
-2084
-6347
-9851
-8244
-3966
8034
5631
175
-9597
-5303
4887
-9158
3819
4150
6594
3331
-4104
-9242
5341
-4180
9246
-8028
4195
4800
2963
1662
-4587
-8960
-5153
3932
4046
6385
8580
-4885
-2430
-3462
7654
3225
9221
-1416
-3916
5708
-5964
-1719
2477
-9430
3560
-3643
6503
5054
2834
-7769
210
3013
-9793
-7912
-3536
8584
-7631
873
2273
4268
-8046
-1198
1271
5643
4410
-8116
9593
-1984
-9395
7563
-8181
4072
1616
-5347
282
-4900
4273
-2562
-4886
3129
-3942
3212
278
8924
-6327
-6227
6925
2392
924
-7255
8254
-9581
135
-9335
-4054
-6162
592
7435
4686
5523
9406
-1715
7745
9593
4634
6764
-8808
-5689
-3144
3923
-3258
9781
610
501
-2535
-7122
-373
32
9324
4001
-5295
6365
-775
7722
-8003
-7531
-359
7951
-59
-6287
8062
3600
7384
-415
-1891
6511
-7889
7139
-9653
6155
-5070
7146
3197
-3020
-7723
-6391
1716
-4673
-7317
9896
6410
6789
-3681
-6364
-9462
-3211
-1568
-7510
8600
6834
-8967
-6800
9416
-2238
-1675
-128
2589
6933
4863
-9258
9798
2437
-5047
-7692
-9098
8438
9612
9115
-1309
8128
-9018
-7409
7856
2345
-5321
-2926
8448
-1645
-5557
-2488
9979
6420
-9120
-9851
-5979
-1768
-8804
-3438
-3256
7681
3467
3752
5639
-6169
3220
9194
-4879
-2630
-8726
5870
8355
9923
-8087
-8870
780
2603
-2382
1535
3926
-1772
1973
2067
-9887
9413
2117
516
2025
3770
-1271
8483
5507
-1304
6080
1709
4225
-9683
-1553
-5771
2239
6150
-908
5278
-6092
-4711
-5511
2511
-9521
-5415
-1891
-6237
7986
-1184
3088
-4609
-47
-4797
2020
-9675
-8164
7383
-2803
9240
-3762
-5009
4380
-1574
5527
-5984
3138
4301
71
1337
-3004
2420
6078
5079
-876
-7287
9826
9942
-9190
8233
8387
-7899
-3622
-9621
-6300
6206
7420
3308
-3589
-7544
3755
9694
-6764
3646
-9483
-829
8609
5276
7530
-3357
-5259
-3239
6905
-6545
-9863
3426
-9911
-8749
3369
7878
8812
1482
9794
5522
-389
-2542
-7539
-2251
4809
-6100
-7642
-7587
9520
6642
2419
6581
-4517
4053
-888
9745
-8077
5930
8619
-2971
2697
-3827
535
4851
-910
7692
-4041
6629
4569
1937
3520
-4447
-2121
5568
-1170
-2006
-4735
4145
3044
8786
-7856
-5397
7811
-2987
-9236
4143
2305
2801
-8358
-312
162
4153
-8453
-2099
955
-791
1346
-920
1097
2832
-6183
-3524
-2371
-1514
-136
-1914
-6738
-9385
-9513
10
3718
7479
5919
-3755
4152
4403
-4371
9501
-9423
-6802
-9967
-1204
5884
-7984
6025
4962
2874
9498
9096
3388
1518
3298
938
5302
-1075
2886
693
-4384
-1130
-9676
7199
4196
-4602
-7514
8573
8480
5836
5521
-9823
-5655
3378
-3294
-3633
-9458
725
6301
-7776
5751
-7671
-3489
7034
3055
-2772
6675
-321
4718
4349
7576
4376
2061
-1250
-7917
9473
-5303
8637
9355
-8423
-6436
1257
-6757
5940
-51
6411
-7099
-2197
-5455
-7974
-5115
9170
-1602
-5786
-7016
-4254
-4211
-6402
-3447
768
-9540
-4195
5197
-4321
9169
-1992
-3300
-51
7600
-8441
-577
8795
2043
3583
-1308
7154
-6140
2332
370
6373
9381
-5137
-9507
3421
8088
7271
-5630
7298
6545
4287
-5348
-6910
8756
-2318
4782
-2182
-2185
-8051
-522
1900
-169
-844
2926
9052
1158
4502
243
-6604
1797
4514
9222
-1408
-3836
-9615
-5093
-9189
-2852
1401
6763
7164
5612
-4041
8322
3268
5383
3659
3670
-1294
-8201
5871
1547
-3637
-7350
-4524
-8890
2137
-1560
-8343
6291
4429
3267
-5638
-4883
-4654
3407
-6937
-7256
-7885
5588
7346
-3410
-5467
144
-1634
-3041
-3901
-4293
105
-608
-2686
5271
6996
7661
7622
-8558
9707
8291
927
-2377
-3186
-6210
-2742
3065
-1314
-1915
1642
-476
-6801
8561
3987
3226
9029
5997
6679
-9884
-6523
-7342
-4499
9043
6575
4219
-4410
3687
-1721
2841
-3000
-6041
1934
-5201
4701
3809
-8253
-9737
7213
-591
-2496
-8985
-4822
-8699
-1208
-9055
-6633
8358
7524
1942
-5325
5775
8499
-8681
-6334
1102
4590
-2856
8310
3793
-5622
-3955
-8401
7482
3196
-4607
9779
1718
4025
-338
-9824
-6644
-5145
150
-5096
-4231
3589
1139
2307
9033
-5781
4120
-5325
-1626
9264
-9611
4209
-5202
-3809
-9042
-8305
-6760
5058
-1414
-2395
-5873
-7980
-9268
-3325
-6935
9547
-2303
-1647
9794
5338
-33
-6748
-4723
2833
-3013
-2604
817
-5402
-5583
-6550
1083
-6814
8917
-572
6449
9514
-7354
-3246
-171
-3161
-47
-1788
5210
7943
5711
5158
-3940
-7073
-6517
-3504
-7292
-3008
-9792
4325
-992
-7504
-9972
5853
5686
190
5091
7611
-8121
2674
6952
-3447
2252
-394
-5359
732
3759
-7029
8813
-4772
-3690
9864
4737
-2708
-171
6266
3324
1834
-5669
-2755
2990
-160
-1702
3061
-7483
-7660
8222
-1267
-2238
-3001
-9651
-6549
-7440
5078
-4360
2582
-3422
4595
-1407
-4147
-3278
5166
3320
8235
-6803
-5455
-1626
-8798
-7442
9730
541
1181
-8433
1635
-5690
-3755
-5269
6610
5973
1056
3185
-5376
1488
5260
7383
-7597
2139
8499
6217
-8153
2521
-2506
4263
-806
4937
9313
6774
-9366
-1939
-2926
8078
-7131
-9307
6185
-6516
-3293
-6640
5468
2960
435
-2661
3057
-3315
7196
7426
-941
-1511
-7611
2997
4164
-4604
3337
2910
-826
5436
6777
-1786
-5469
-4774
-2836
-1641
13
-3206
-9992
-5966
5604
-2087
309
-6224
6920
-7929
-9224
-2278
-5024
7600
-102
5352
9477
6204
9898
-7017
-318
-8723
-2340
-4163
-9329
7734
-1674
-8355
3093
1888
-6089
-2117
8936
-8701
7494
-4489
7829
2247
-746
-5452
-7745
-6351
9931
7285
7185
3944
-2558
5963
-6178
504
-586
4577
7091
4324
-8945
-3446
-626
-7310
-7043
6991
7839
8889
-4035
8354
2889
4220
9068
2832
-8192
-8889
3997
4872
-1993
-6020
9441
-7769
-310
3303
-6769
4101
-4624
4750
-6782
-319
-4541
3225
-8584
5150
1252
5884
1610
4941
-532
-875
3753
-8032
-5570
2648
8650
3536
-8042
-8099
6753
-8317
-3873
-9485
3536
-7342
-1503
3323
3096
2391
-8149
367
8745
628
754
-9699
4123
6054
4379
-3164
231
1745
9130
8962
-2823
-7098
195
3007
5174
-689
6525
7229
455
-3349
5520
4083
1615
-7831
-6769
2464
-6052
3885
-7486
6412
3530
-7618
-1827
1049
7366
-7054
6987
-3158
5178
9649
-8128
7870
-9583
7246
-6377
2545
-7555
9543
-5619
3590
-1852
6776
-6406
-2386
-1460
4175
-6039
-1959
7124
2759
-5480
7801
-6019
-2346
1124
8144
-377
-1045
5913
364
8628
4679
2654
4134
3418
-9684
-964
9011
-9781
5474
8033
-1533
2392
3062
3864
2269
4947
143
8435
-1224
-529
-1205
431
-616
1062
3761
-2607
7981
1515
6939
-1522
6838
-9830
-924
-3473
5430
7587
7218
-4466
6430
-1584
7769
-6914
-20
5889
-42
7616
-4278
467
514
-906
-5726
-3450
5239
-3689
-9817
-2817
3371
3191
-1159
1351
358
9722
2729
-2164
-984
-788
3504
951
2226
8840
9102
-6931
5776
3698
9261
-1810
-9198
-7337
2078
7873
-737
-7280
-2381
1406
7801
-3189
8943
-4869
6708
-4698
8273
-752
5546
8074
-6182
-8639
-2058
758
1347
839
-4589
8924
9428
9581
3390
-9221
4246
752
3628
8445
800
5801
-3119
-6551
-2874
-3934
8044
-441
2594
4419
-3061
-1821
1899
8572
-1578
1589
6211
1893
9788
9314
-55
7540
-3358
-8354
9132
-8046
-406
-4145
9619
-4487
3142
-4014
-1034
6797
8536
7097
-5034
-9578
-4020
-3288
3488
3895
9845
-6510
-21
758
-1223
4430
-4531
9817
8231
1289
5494
7497
7088
-3841
-8243
-3226
8662
-1675
2727
-3540
8957
9553
-552
-8130
-7165
2665
-6669
8450
-3915
-596
-8252
-9004
2772
9461
-3566
6550
-1453
9157
4801
4430
-8867
3922
884
7373
2634
-6886
2286
-8288
9164
2593
885
1133
3476
8400
-1920
-8815
-5881
-2730
-8091
1882
-9209
-5952
9752
855
-2516
5999
5196
-6429
1082
-2350
6108
-4585
3605
3228
-9778
-977
-5402
-2325
8625
-6631
-5658
3707
-8306
46
2875
-7751
-6277
-3070
-1569
-5147
6744
-7043
-2999
-3543
-3328
6699
1899
-5223
-2655
-1990
-4263
3036
2037
-8537
-4769
-6834
-3039
8855
8493
-188
-5473
-6885
-1515
-257
-7790
4334
5676
4212
-4691
3272
-3064
2844
9499
-6757
-8874
-2877
-9718
8737
1132
-8371
-7585
1500
5200
-8619
-6538
-7946
6406
4875
-7037
-1797
-5702
957
9286
-4760
-866
-3562
7465
7047
-8649
-815
-2178
-2588
2185
1096
-8426
9134
-1236
6715
-2687
9812
-7750
-3398
8675
4045
-4965
349
6863
-9944
4572
1698
2441
-4926
2438
-2472
-9734
-3866
7093
-1500
-7047
3911
6950
9058
591
2496
-3229
9527
4181
-2075
3760
2027
-2064
-8075
-4358
5024
7071
-6563
-2177
-3137
-4656
716
-6668
-460
531
4295
3721
4483
-6624
-3681
-6793
-2085
8252
-9000
-18
1083
1948
-5704
-6000
1927
-3422
5804
-6552
-5866
-546
-6277
918
5356
-8841
-7057
-1645
-6234
4291
-6266
-5179
-2760
4442
-7446
820
-7470
183
-2485
-7215
2559
4243
-5690
5945
7164
9302
-3631
-9332
5037
3960
-360
2664
6965
-4198
6387
-8058
4320
-8844
-5492
-4817
-6027
2471
-8989
-7219
-1897
-507
7706
5658
5153
-68
7473
6335
-7012
5706
4905
4400
-9084
-2977
-5910
-6342
9422
8426
-7091
-3302
4207
-5752
-1130
-9388
1954
-5616
697
-8392
7042
-5986
-3288
-2722
-1774
8252
-9121
3176
9085
-7577
7443
-5214
-8233
4700
6977
6094
-1935
1878
8388
-5826
-1531
-4286
-8105
1343
1245
7219
-4930
4092
9412
1683
-1797
6507
662
-935
7287
8596
6026
4465
6447
-2943
2876
8172
7368
-1157
4766
1538
2411
-9839
-6775
582
-4529
-2052
-7793
7122
-611
-3331
-5226
-8446
4786
8034
-5437
3942
-758
-5039
3610
-2679
-9345
-4623
-1667
2881
9454
2309
-2079
-5265
9606
5088
8210
4342
-6612
1801
-143
7738
907
-6038
8507
-503
9028
864
3296
8834
-387
7982
-5900
9390
8414
8404
-9482
-7092
-4858
2428
2197
-9298
1110
-7512
-9564
6322
5715
-2678
-8309
-6053
-6344
-4629
-3535
7895
1410
-5692
8856
-2285
-2986
3981
9063
-8664
7364
-4240
-6127
-2074
-4635
7872
-5630
6116
9118
887
8668
3194
-7560
-1055
-2746
-3623
7572
1567
602
-5046
-2345
5964
-9335
-9880
-3154
-9415
-4441
107
3012
-1603
-1159
-9783
6078
3876
3604
-523
2573
4486
-940
9808
-3532
-805
5264
1059
1897
9682
9801
7950
-217
2405
8653
2420
4698
8780
4581
-3305
7295
-6295
-3126
-9560
7582
1842
6136
9112
-7128
8784
6775
1446
-3565
-7535
597
4964
-3340
6943
-3388
2677
-4434
3528
4824
6093
-6713
5508
8909
6553
1176
-3731
-3247
-2534
-2949
-2447
-2817
2946
1404
7056
-8480
5842
4637
-971
-7729
8266
850
4025
8854
-7885
-194
-7628
-2307
-5137
-137
2453
5757
-6572
6161
5018
-7329
-9136
-4632
7338
-4172
6501
-7702
6223
3160
257
-9343
-2684
846
-6642
1219
-5793
-3444
7148
7073
4547
-4336
-3650
5306
-8561
3404
4183
3280
-3811
4883
1470
-2704
8428
-9627
9145
1157
416
-5858
-7246
-4789
5642
-5301
1079
3105
-7114
-5201
5075
7732
5111
-7838
-7658
2742
-6004
4904
-5598
3379
-6590
-4393
-6955
-8430
-4149
-1651
-7476
3404
-4339
3014
-5558
-7906
-8110
9713
5328
-5248
-3417
977
-7975
-1611
-4466
-4815
6111
87
4652
-3440
6603
3898
-2573
-244
1381
-5604
1829
-4143
4703
-4172
-1521
5725
-6231
-6485
3845
-3468
6341
9366
-9339
5221
9812
-3849
9574
-800
-7331
4844
9940
-9471
156
1052
-7216
-2561
-8550
-2358
8640
-5885
8773
8280
-4556
-727
-9563
8159
-9046
-4141
-8826
-7232
4126
-2177
-8117
-1140
-2942
4833
2113
8942
-9012
7523
1747
-4319
2830
6292
6621
-1414
5742
5502
-5122
-7177
1933
3989
-5289
6286
-9589
3512
9491
-3290
1859
2500
-5792
-1140
-9352
-554
-3495
7728
-5214
7004
833
-6987
3371
5063
-4304
3334
-8572
-1946
-5003
-630
-4900
6930
-5956
5773
-815
5347
-7196
-7712
9128
-9641
-9027
219
7435
-4808
-310
-6891
8635
-3847
4367
-488
7765
-1183
-2214
-1792
2142
-1821
8080
-4050
-3120
-6733
-4213
8943
-9120
-641
2622
-7899
-780
3957
-3361
-335
-7582
2256
9539
424
-5906
3888
686
315
674
8150
-4976
-3482
-8970
4451
-1677
1114
214
-8221
-8715
-2736
-3819
-2706
-526
-6233
-9266
6579
-1194
-9532
4935
-8403
-7227
-734
-2892
4165
6260
7774
-7779
1486
-8685
-2584
7487
-2322
5324
8498
2139
7262
-2238
-5624
5552
9113
8437
4431
5637
1803
-9172
-1824
-9715
-5443
7900
8263
-4100
-530
6942
6082
5999
4501
-2740
-808
-198
6066
-1600
3679
-7106
-6170
-4120
-8411
661
9402
-4814
5640
5905
4188
233
7891
-4070
7407
-5475
3890
2705
-8909
-1432
-1531
7156
-7527
5060
4541
-5102
-8448
-7528
6740
-2417
5110
1601
-7395
3936
-5135
2975
2230
4677
-2428
1437
9424
-3468
-1532
-4057
-7514
9322
603
7469
-1749
6528
-6691
-1384
9159
-7875
602
-406
470
3002
-7672
-2847
6569
-6818
1296
7209
-173
6037
4635
-4576
-4384
-2456
3651
-9253
-1337
9971
-3841
7176
-1455
-7863
-9205
-6001
-6543
1347
5790
5826
-6432
3667
1726
-4985
-9196
-954
-1882
6805
-5204
-7481
9596
-7017
3204
-3657
-153
1718
-1534
-7580
2180
8770
-781
1607
1547
-6772
-7465
7152
4300
-9768
-1086
1642
-5475
8831
-7753
9332
5497
3018
173
-8738
-1118
-3216
-8758
-7183
8035
-8198
-7855
-9215
2178
8429
8650
6764
-8525
7412
-5201
-7221
-5778
5720
3866
-8512
8154
-7268
-5657
4543
-9316
-1618
9418
1370
-5323
6141
5892
7562
-3897
-9570
-3357
-3811
-8884
-2061
6646
-2015
1977
7759
8705
8824
-5261
9989
3093
-2168
-1556
-2284
-4368
371
-4131
4441
6370
-5680
-4748
-6136
6400
3399
-250
-2823
6927
-7362
8672
-3862
-1020
-8513
-4270
-1201
-5735
8145
-3359
-9355
5607
-8092
1616
-6245
-1187
-5558
-1314
-7955
-3602
9587
2223
-1847
5904
-1265
-650
6231
-3126
3623
-3231
-188
3896
3226
9820
-7195
-7127
2656
-9161
-5421
-1213
-2442
6480
5254
-4883
-4333
-552
8378
3987
4056
-5021
-7804
2318
5917
-3694
-7620
-1222
-5237
-5468
2094
3992
-2720
-2513
-646
-4021
-8625
1047
9457
1732
5800
-2766
-7567
181
8549
-1943
-6667
1201
7307
-8002
7949
5049
-6091
-2929
6452
-15
-7991
-8320
-5319
-5449
2683
404
695
6212
9985
3757
-2452
-3999
-2004
-9131
5483
9698
-822
-2226
-6582
-59
2517
-2368
-1983
483
9669
-9662
5485
335
-6558
1790
3972
1550
591
-4247
-3074
5169
9893
-9512
-6653
1483
1469
-169
-6316
-3131
597
-2458
-6135
6439
8867
-6984
750
9440
-5994
-9813
-7226
7840
7440
9153
-5582
5655
-3823
8109
-1062
7777
4437
-5934
1514
-286
-1001
9864
-9514
-7354
-4572
3714
-7724
4457
9748
6988
-9799
1401
-3892
-8824
-7120
1088
770
-1306
5833
-313
2709
-6835
2123
4683
1964
9491
-3642
-1457
3575
-9803
-9824
1996
3275
8428
-3699
9712
1368
7407
-355
-5013
6439
-7402
4792
9527
-2839
-2585
-6362
-2032
-232
6744
-365
-533
-8172
-6326
-4525
9925
745
9514
-735
-5480
3613
7098
5786
-3754
-9267
-9565
7315
-5569
-4176
-4365
1463
-3590
4863
6983
-7736
7186
5190
-2671
2386
7366
2183
-1186
-5652
7945
4229
-7376
9163
9138
-5068
7624
-5111
-3237
3521
-5839
-3956
3523
9579
7720
-9876
-7252
9737
2797
-2949
25
-7549
-1945
6870
-2938
-3106
9815
3109
6617
-4229
210
-8914
-4510
2479
-1575
-3425
3230
-4531
6401
-2181
-5227
7238
2720
4143
1590
656
2256
-5445
6423
1061
-3025
6875
-6345
517
-4663
103
-5616
7398
-5462
-6220
3031
-8316
-681
7116
2600
9526
-2776
-3419
4525
2540
-4307
8198
-4228
-8488
-2923
7184
-8330
4575
-8107
-6062
-1469
-6723
-8015
-7343
-7472
3013
-846
3250
2846
7075
-7053
-2571
408
7714
-924
4038
-4017
-9442
-9648
-528
4085
9808
-1412
-3347
4953
7079
-3665
-3475
-8961
1848
8855
3180
4672
246
2193
9534
6865
-2390
-9097
7728
6117
-5344
-5970
-2668
2799
-8418
-7801
4379
-8677
6767
-4601
-1776
9868
-8060
-2068
3378
-269
-3679
-796
-4539
2481
-7430
1992
-3018
2068
-3772
4902
9431
369
5394
2375
-374
5471
3280
-2838
2090
-3559
-5150
-226
4474
5823
-6751
-381
5506
-4884
-1549
-463
-5680
-5558
1391
-4301
-2509
-3675
3834
1021
5777
-2636
-2316
-6132
-8725
-4870
-7686
-6498
6709
-3390
8374
2926
-8882
-1989
5866
-7001
-9690
3794
3191
-8466
-5094
-9056
-6981
-5890
-6145
6904
-1328
3807
6891
-1314
3780
5300
9033
2264
-1602
1201
5180
2242
-7347
-9858
3630
830
3957
6298
2617
-9633
-6113
-5523
-8859
5471
1280
8018
-4295
-218
-4576
-991
-3745
-5937
7913
-8262
-3421
7575
-6799
1577
9568
811
-4968
9697
8336
7832
-6555
-5054
8200
-9118
2468
-9503
-6469
8112
-8998
2479
-1621
-8870
9823
-2337
7699
-1531
5356
-6526
-9189
7782
-5985
-8565
5354
-5624
-9607
1960
8151
-2169
-9635
4619
-3298
6409
2900
-7951
3166
7324
-2890
198
-5438
-1076
-6909
-8997
-1194
913
-366
2496
7993
-5913
4453
-2378
9877
-980
1269
8134
-5494
-3540
-1548
1821
-8794
-4469
-1975
7563
3214
3062
2064
-5426
4801
3435
-4190
-1510
7503
2753
-2238
2444
-882
-8295
-4085
1346
6446
5227
-4409
1041
-6379
-7909
-1733
-2178
-5357
6215
7163
-9147
7554
9319
2839
6418
-7876
-5124
-7545
5657
5437
4841
-1856
-3229
7283
912
-6307
-753
5472
-2550
1190
-147
-6497
9741
2043
-2660
5026
-5
-6147
-3198
6402
-8291
-4656
5262
-5590
5200
-9822
7787
-9276
-6342
6220
9030
9748
6425
-9094
4275
6193
3234
-6597
-473
6551
-5056
-552
4242
1909
6983
-5919
-4409
-3735
-7550
-8716
9355
8145
-4731
5536
9495
5594
6129
9482
9455
7452
5813
-3611
-1717
7466
-6075
-2696
-6262
-1762
4548
9352
6785
-9899
-2307
6626
1142
6714
90
-9887
-669
343
-9362
-8171
8571
8376
6619
6687
1308
-8232
-7151
-9792
4852
784
-351
-5413
-560
8176
-4515
-5593
-8729
-8533
6976
7451
7791
-228
2866
3542
4343
7643
7692
-2350
-2161
-1789
9268
-5878
-5534
660
5113
4054
-8094
-5448
3177
-2284
112
-4005
9680
7635
1468
9360
114
-8145
-9266
7699
8230
-9065
-7193
-7423
-227
-2331
-7124
1643
9244
-1655
7889
9828
1676
-608
4930
-7065
-3265
1265
7200
5039
5942
-272
480
-996
8045
-8433
-6577
-9280
-981
3586
8050
2337
-5688
4859
9492
1885
-785
-8211
-2090
1916
448
-9318
-2330
-5996
-5709
9820
-1130
7986
5599
-513
-7111
495
-7578
-3100
-6986
8715
2813
4072
7334
523
6046
-9237
-666
-8718
-1049
-9606
40
7416
-231
-1615
3454
-2628
6448
-1777
4527
8926
-886
-999
5793
-3897
7553
-7543
3560
1905
-2618
-3159
-7055
-3183
335
-482
-8589
1053
9540
4559
6672
7787
-7174
-5437
8267
-8987
-7422
5125
7992
9454
9560
8024
54
3649
5167
598
1135
-9982
3384
2363
-3748
4198
-636
8781
-2656
-3358
-9341
-3185
-9457
9317
-6959
1522
6638
2592
-7229
-7379
-9244
1921
6063
-8723
8335
-7420
3663
6643
4966
1627
-5049
6129
-3944
-672
-5391
-174
8663
3616
-4368
6971
8907
-8895
9742
4138
2684
9948
-5879
4469
-4172
-8134
-4086
3446
6675
2769
-9689
-1634
7921
3693
4193
694
5688
-1388
1715
117
965
-1205
-8460
-5929
6984
8466
7621
-9730
-8929
-5048
1975
-4537
-2878
-3141
4182
9023
3576
-9854
-9299
8214
-7238
-7974
-356
7910
320
1854
2345
7743
-8939
-6330
-3994
9456
-9470
-395
-8383
7354
-2130
5695
-4123
-5158
-2448
-4531
-1928
1189
3475
6050
-6638
-7777
-3302
9467
-9219
-2169
-6167
9017
-464
-1107
6958
5605
-1355
5824
5049
268
5868
6527
-1757
-3822
9228
687
4260
-1810
3794
4377
-2141
-167
4754
6586
2392
-2598
-2858
-3192
-7714
5626
-2576
-3372
7762
-7888
-5144
7206
-3550
4143
7060
-4578
-8541
2736
-8994
-5234
4391
8296
-3703
-4243
8967
-49
1527
1576
7247
4793
-4028
7467
-1830
-2394
7128
2771
-7555
5688
8865
-6557
-2116
-9648
-4280
5568
554
7557
-8989
465
-3965
6908
4548
-7497
6051
-2990
-9304
2015
-3285
-1461
-9434
-4782
7129
-7325
3910
1628
8467
264
7490
7973
5343
4484
-9627
2040
-7851
5506
8492
-7176
-2795
-636
-3718
7917
-5614
-9825
-3492
6706
-73
2868
7870
8526
1216
8238
2561
3304
894
-1559
3794
-2864
-9344
6574
1948
325
-1209
3652
-8257
5955
-394
-2579
-7393
8533
2650
2645
-9685
1251
4664
-1473
9632
-3291
-202
7816
-324
-2094
-2330
-9703
6633
185
-6463
-9023
-3670
3990
-5958
-4109
5269
4777
-5702
6291
-614
-8655
-9026
8848
-5470
-761
-2769
-4693
117
3059
-1755
3077
2969
9115
5567
-864
-262
-5679
-5013
-5186
5305
7243
2063
8413
-2265
-2313
-8509
1763
-7177
6004
5353
-5820
1228
-6873
8511
-6851
8276
-6031
-9727
-5535
-5133
2927
810
997
421
-9014
6438
9565
-2110
-9619
-9067
6383
-3532
-4640
-5586
1545
-1881
-9600
-8274
3360
-1139
-4135
4589
-4463
-5648
6779
1559
9588
-5125
-4497
-5356
5430
-3627
-3571
7460
-6672
7741
4773
6384
-9523
7348
4262
-3871
-9705
9772
-7045
-3505
-1845
-3125
-6042
6404
-649
-1059
-8615
-9458
-9525
8841
-1276
8594
-1403
6275
6384
-1192
8993
-1551
-9052
-9280
6552
4194
-8358
-3503
-3543
668
8775
-9529
2560
-8051
7
-5466
-2806
4096
-3364
-1532
346
-7403
3567
4255
1765
7539
-4646
9505
9969
-6965
6025
8102
-2243
-9202
5357
3212
3836
1665
5009
1099
-8939
3865
9959
559
153
-9337
384
7899
3426
70
1548
1539
6623
5386
8630
-5556
-6180
-18
9961
-8224
5083
-2857
6535
6065
-3637
955
-286
9894
266
8132
-3964
-4024
-8370
-3598
-2580
-9995
9183
-7220
1218
4117
-5414
-1698
6594
-9050
-5455
5851
8695
-2386
-6762
-1725
3758
-7905
5595
-5455
2230
-1957
-5076
-5433
-7385
2701
-8063
-6883
6075
871
4362
3060
5609
5519
8345
7683
-5038
9041
-4454
-9318
4693
5073
-4659
-7274
-3006
-3223
-1721
7651
-9832
-7504
3923
-1173
-5872
-2225
5106
-2804
-1968
-9413
-3664
-1264
-4419
7226
5026
4392
8970
-5674
-8039
-8309
-9903
9661
8530
8945
-4438
-1955
-5583
-7275
6630
-4348
2263
-9854
5767
7144
6897
9807
-5869
-4939
5143
-1072
5639
6801
-6416
-4828
-309
-4457
-1019
8352
2206
8596
7604
6925
-2587
6261
-810
-1503
-4885
12
404
-5961
-2268
-799
-6842
4027
-2070
7218
-8721
-5695
-9384
8165
2206
-3718
-9183
6616
-8992
3726
-7596
-371
-7711
9970
-4924
7179
-5603
1760
349
-6079
4303
2433
4983
2762
5156
-3010
-9358
-1971
-9879
-9890
-6623
-6273
-9898
-7309
3378
-1253
5558
-6731
2662
2692
3621
7614
-2030
-5036
-6191
-4915
-6477
-3931
3855
-2326
7245
4104
-5637
986
-1952
1931
-8764
-8680
4338
5249
-4919
6112
2343
-7866
7258
4799
5252
-5604
-5573
-3016
-2885
-4081
-7780
-5540
-7331
3566
-442
-1064
2897
-7241
1515
2412
7792
-8491
4160
1789
9765
-2636
-9873
8627
-2574
6016
-4211
1087
5752
-6641
1251
-9109
1498
1283
706
-7541
-9457
5426
-9337
9552
-7343
6840
3361
88
-635
392
-950
-4748
-9312
4163
-3512
-3841
1911
-1725
-5045
-290
-1886
-2359
-1721
3020
9144
-4679
4994
9782
1495
-2721
6249
-3005
40
-3879
785
6847
1358
-4834
-1886
-9134
-3470
9941
-8664
1383
-2633
-9341
-2060
-7891
-8894
-6346
-5619
-6187
2868
-6860
-4512
-9055
8299
4646
-7748
6105
2025
-6324
-3026
1408
1478
-8369
9855
6562
-3840
5288
7093
4614
5998
9240
6824
-3509
6116
-8755
-9413
-7557
1210
7455
1452
617
6587
-5663
-8299
3099
-7727
-8782
-9700
-5096
7118
3942
-907
-9763
8963
9241
6336
-2371
2100
962
-4370
7699
1333
-6339
4338
-8211
-9927
-1477
3332
7787
-9432
2929
3662
-6947
9502
2115
-3206
-2437
-2263
-8381
-6700
-2835
-2914
-8391
-135
6491
6556
-6406
5442
-4199
-1519
7776
4846
-2018
-4577
9296
-6541
-9285
3446
5332
5378
-5593
-8926
-7544
-6276
-7030
-969
-5010
-2717
3556
-9357
-6555
-7024
-6801
-5022
-6843
-376
4400
7809
3518
-6105
8637
-5865
-2650
3432
-8895
4321
7176
7310
1512
-5547
1536
150
9851
5121
-9202
8150
6165
9665
886
6381
1598
5711
5989
3620
4245
2423
-4960
5357
-2225
-3357
4329
5593
6509
-4935
8579
-9572
-9620
5155
-4843
-1981
5362
-7655
-4254
-4108
8403
5430
872
8873
4342
9126
5226
4842
343
8102
-7579
2192
3717
7712
-3032
-5180
6739
1931
-1435
-6526
404
-5687
-8665
398
5386
9297
7336
-8593
9550
-895
3627
-7699
-7230
-6270
6398
-1916
-5205
-7634
-5229
-4958
5108
-4620
-2921
6197
-3813
6899
-4391
-5672
4740
237
8012
-6967
9134
299
5346
2898
8938
-8112
-5884
-3089
1297
7909
1807
-57
9482
-6902
-5452
-7513
-3810
-3165
969
5079
-902
-1799
7069
9826
19
-4492
4466
9104
-4691
-6064
8593
-5079
9776
582
6366
2243
-4594
2883
-586
-2335
-3362
-7029
1962
8584
7637
-8103
5163
-8528
-2893
-530
-6437
4753
4568
5461
-7015
5275
-3725
8446
-5908
1842
-2790
-3284
8749
-3156
-64
-9308
-6891
-9341
6352
4085
4969
3698
7626
3257
1450
-4535
-4974
1032
1611
3297
-5623
-6606
9557
619
-5463
1508
-6636
-828
9502
6362
8291
3117
-5641
-5021
7313
1756
-7171
-1509
-788
6789
-6314
2643
8451
-7421
625
2450
1468
-8773
99
-6232
3985
-7961
-1986
6865
-2678
322
6977
-1601
-5154
-5993
-6230
3445
-7222
-3942
7322
-4316
-4632
-6264
3032
-9696
2513
-5206
-2963
7857
5371
-2177
2854
758
-5383
7071
7828
7786
-4522
5145
4589
2768
-1872
-2810
-3521
-8790
9921
-9780
5903
-5127
6201
1468
1703
2711
8005
2121
-7905
7248
1407
8056
700
3045
-645
-2433
584
-3672
990
7642
6628
1975
-1344
-207
4404
-5518
-3197
-9865
8108
-7575
-9988
-6093
-7370
8663
8048
1431
-3684
135
5101
-4572
2592
9238
-7147
-4971
-4451
1204
-1171
-8571
6357
5607
3459
-8723
4716
-8940
-9433
5981
7647
5784
7669
6228
-7874
-6148
464
4456
-4145
-8526
-9269
-2275
-9778
-2191
9982
2464
-4395
-8414
9777
-7444
6383
-9570
-9913
-3821
-7253
5377
-5631
7518
5030
9615
4170
7096
9632
-7901
-846
2195
771
-2052
7140
9837
-3012
747
8569
-9436
-9517
3076
-8600
-7618
3161
-1220
-2606
-1706
-2688
-51
4778
9016
3631
9160
-1440
529
-7990
-8827
-8887
-1421
2376
-5496
5130
5782
-3311
-2609
8842
7725
9211
7454
-8809
-4309
70
9910
-3063
5130
-5817
9488
9105
9517
-7625
-8985
7884
-5528
-1240
-9086
-6565
-1595
9026
4601
-4881
-6401
1105
-3788
545
-2198
4993
188
2577
-419
8997
1524
6686
-2387
-5312
-154
-2506
8619
9042
8008
-3552
-5065
-1021
6963
133
-3490
5978
-3704
946
-5895
9915
4333
-1373
-5009
4343
-9509
-5310
4257
7215
9988
5174
-5236
-8465
3229
-2882
-438
-3262
1093
3524
7607
7802
1531
8884
4129
6123
-8275
-4464
2654
-5606
8539
3652
5264
-3541
2835
-4349
-2168
1934
-8620
5035
3978
-3502
9005
4783
-6978
9757
6269
8273
2357
-2238
-9007
-153
-1501
-9039
-867
2489
-7610
9894
6955
-4549
6098
-2816
4736
-3065
-1437
-8687
6675
-4020
1753
4446
-1266
-9207
-1473
-1101
-6044
-4842
-4754
-4341
-7975
5081
8726
-7820
-5297
-5795
-3108
2078
5111
-857
6973
2633
5957
-6586
-8981
-9057
8570
-4384
3676
3203
-9222
2323
-2385
6477
-7110
5871
-9129
9058
9152
-4757
6692
5189
2499
137
-8540
-8370
3727
-9758
9949
4834
8240
-430
9615
-6585
-7842
3345
2444
5062
1728
-9473
-6052
-2071
-9774
-3935
7169
-5725
-3472
-3969
7177
-4546
-3763
8765
2093
8855
-7095
-1238
-9983
-6015
-5918
4651
-3673
-8226
8496
-9186
8040
5487
9529
84
1884
-8145
-4526
-6903
-1479
-8669
-4675
-4879
-6913
8406
-5329
-27
-5821
9346
-759
9597
4881
-3582
-7120
-8862
7416
8473
5761
-1095
4205
1700
6838
-5843
-880
-6288
652
-3407
6325
-7194
1430
-8578
-2497
6281
2685
7031
-3938
-3175
5231
-2493
-8139
199
3934
2405
8867
6251
4538
6239
5840
-6220
7154
3631
-8227
-7112
4690
-4355
-188
-2077
5763
-5243
-2852
9787
-8069
-4366
-458
3396
-1296
-8173
9179
-206
-5097
1240
3676
-4629
9757
7654
5450
2213
9057
9109
-8849
5931
1665
213
-3671
-3650
-6866
-7107
4340
6609
-3757
-7759
-1985
5421
8599
1798
8567
6583
8669
9943
-3327
6830
9976
9237
-5436
-7543
-2579
-1869
9397
-6360
6887
-7766
-6992
-1159
-5928
-5081
5528
5487
8866
6183
-2684
1310
-1573
6887
8665
-2084
5002
-1162
-3009
-4926
-4459
5288
742
1923
7254
5888
-476
-3184
168
2162
-4377
6886
7700
1009
-7818
9010
2532
-6072
2017
-9685
8960
3929
9663
3495
5192
-1986
-8964
780
-2528
3248
8780
-2043
-5283
-7178
8454
3456
2904
1639
-3484
5313
9934
6660
-489
-2997
5260
-8922
-2598
3983
-6115
-3336
6088
-4605
-298
-6918
2592
-84
3375
-8790
-7829
-1205
7107
-3942
-472
-9963
-9309
2941
281
5577
-7398
6223
-845
-2484
2260
2437
843
75
290
4030
-5052
-929
1168
6074
-4862
9206
2266
-1327
7995
7407
5583
-2303
-9939
3632
2396
-4086
-4693
-279
-6558
9738
7750
-4
7511
3108
-4592
8660
3740
-8871
-3716
-3543
205
7602
-7938
-4169
-4936
1116
6194
1778
5145
-7707
6872
-7843
-2977
2938
6153
2410
-2379
234
7074
-1401
6487
8902
-6794
6321
-5008
435
1777
2379
-3237
-7314
9110
6462
-911
-3239
-374
4620
1182
6195
-2522
-2180
3558
-4937
8830
-3975
2499
8970
-3790
4504
929
-5567
8301
6595
-4310
-9338
-7348
-2513
2798
8193
7767
-1659
-9021
-6826
1046
2090
-4711
3580
6147
-5065
2042
-9514
5043
-5716
-6370
201
2206
2607
-9889
4163
448
-4362
3321
2385
7622
-4001
9525
-1264
-8263
1700
6730
-9689
-2666
8423
-6284
8092
-8603
-5160
-9567
-5656
4104
743
9481
-2083
-7508
-3497
-4000
-3625
2786
5960
-4652
2758
1393
9363
-6
-8628
-9268
2854
5027
-6771
-9610
2373
-4735
-7010
-2394
8211
-2385
5589
-5614
-6775
-6555
3724
-4987
-6075
8473
7209
9916
3217
-6309
-1536
5742
8552
8670
3504
789
4997
111
-9784
7311
7671
-656
-9595
-5156
6328
-4489
-1033
-731
1627
-3484
9632
-9826
-2897
-512
5611
2833
-2106
-2852
1519
-9168
-8236
-6308
5461
3071
-2521
4971
-3418
-9542
4621
-8277
7775
-8603
7457
-7747
4595
1376
2253
-9370
3763
9127
-7034
-8203
-7137
99
2545
-8908
-4945
-7145
-3522
6388
9840
2372
-1732
-6786
6010
-8734
3885
7836
-3038
8218
8624
-5987
-4728
-4730
6400
8324
-9560
-3068
-4007
2338
-4480
-1002
3755
4837
-7014
913
-1789
-2970
-8827
-9701
-6264
-3529
-7286
-7973
2320
-3822
4598
-6775
1023
2341
1159
2698
-533
-6800
-7558
-4739
-8183
3056
9734
-7228
292
7361
9369
-7074
5848
9078
9606
-7332
-2482
9027
3300
-2148
217
4405
-1819
-6674
5111
7412
-9120
-2623
8472
9857
2076
-8914
-5596
1071
9427
890
-4014
4459
-9057
-8912
3323
179
-266
-7622
3602
5119
3338
9448
-4989
-1228
1504
2775
-6812
424
7925
2039
4826
-9687
-2303
-3925
-7592
-3940
5072
-5781
4313
-1907
-9970
6818
4047
-7495
7383
3815
9953
-8768
7173
4337
3765
-5672
5727
-4938
3808
6498
-3850
-1917
1859
7515
-8211
1656
-9394
2907
5350
-9989
-4546
-3873
1611
4212
4454
9131
3717
4140
4740
-567
-8860
6771
5722
3054
1899
-3576
-9957
6871
8775
6941
-4738
6303
8133
7207
2741
-8098
-4786
-9750
776
1174
-578
3173
-7000
7844
7699
2892
-7045
7384
-6059
-8184
-2472
-8572
-9641
-9678
5760
-8748
3480
3060
-4627
4890
1143
-8835
4245
145
1597
-8921
-2614
-2500
1528
-9272
9357
-9833
1432
8531
-8497
-9764
-9136
-8979
5474
6760
-3739
4496
-3440
74
-2228
-8245
-992
-4030
8370
-4973
8246
-3532
-1841
6624
9238
3230
5504
-7000
-1810
-6878
1766
8453
-5942
-503
-7221
-6462
-7013
-232
-8696
-2969
-4031
-8857
-2237
-4441
-5422
1590
-9926
-9663
-8070
2189
6056
-8131
3553
8349
1970
1160
-5481
-9842
-5770
-1152
-6908
2053
-9581
7369
5941
-1929
-7334
5740
5333
-5171
-2479
-8470
2265
1591
1490
5196
9539
-7931
-2869
1414
-3225
8229
-4145
-8689
3402
4786
2456
3608
6535
-9148
-568
8600
9995
-6530
9971
-8588
-278
-9780
-2434
-4725
246
2023
5142
8000
-6775
6301
6446
1993
-51
-6376
4124
775
-3701
3210
-7611
837
-8111
-4306
3826
-371
7100
-3025
-405
2204
-7592
9947
1902
5969
301
1124
-5486
4597
-229
-4564
1678
-1607
-5005
-4643
8146
-7893
2466
2505
-1545
5933
-5308
7707
-8319
-292
4800
8948
-425
7040
2388
-7549
-479
3305
-7316
-3722
5661
9399
6171
-8818
749
-7445
1042
3660
-707
4304
9822
1149
4172
1907
807
-1703
-9783
-9843
-2427
-4200
2005
9321
-9034
-7083
-7280
5223
2160
3448
-8914
9121
1357
-6317
-9319
-3901
5854
5146
7325
-7888
-8323
-6297
-1967
-7994
883
9595
-1027
4400
6587
4230
-7089
-9072
-4312
172
-4344
3572
8506
-6882
-2063
-111
-9734
5995
-8610
-8070
1247
2299
-818
-6498
-9801
-366
-725
-105
-5349
1750
-3063
9685
-9308
-7146
-3720
6091
-6012
5386
-2442
2424
-2496
-5325
5148
1463
-2554
4656
4995
-7825
-5592
-5684
3394
4790
2686
9571
-7183
7328
-8893
4268
-1211
-9099
-8543
-9465
-5514
-5593
5617
4643
-2915
-9677
-5252
514
-3676
-9422
-7070
7613
-6477
-9191
-4121
2076
2461
8839
7177
-9895
8818
1287
-5175
1892
2812
9610
-2731
-6082
310
-5859
2658
2401
4919
-4391
-8188
-4994
-3532
-5644
5018
-1319
-2957
-6431
2785
1728
8266
-5893
418
-9418
5794
-4711
-4303
-9945
-4095
7076
-5728
4402
6772
8964
4255
9331
261
9653
-7785
1940
5166
-4047
-5623
-3922
7654
-7872
-9588
193
-9014
6458
7118
1645
-9466
8170
1908
-9360
8663
-9290
4422
9619
-6692
1563
4253
-5640
5993
3410
614
-5560
-6582
-152
4104
9660
-9841
5622
-4909
6459
-8116
-9110
8203
3876
7911
-7819
3558
-5809
-523
5400
-6020
-7558
-573
2381
4591
-1606
2967
1008
5351
4408
8521
-3320
-1010
4794
8088
-8956
7304
8891
-9358
-7778
6287
-4398
-6571
-6594
-5590
3244
-3208
3370
5776
-3972
1597
-1718
-9297
9813
5703
-381
73
-4914
6125
916
6159
-7128
7882
6513
-4018
2865
-3584
684
-5609
-1916
1284
-6068
5598
7518
2156
-4913
-5979
2258
8699
-6834
3972
-4425
1909
7170
965
958
-9166
4057
-8028
6543
7532
-6773
5243
1135
9606
-5833
-5594
6576
9059
753
3160
2080
-7546
-6501
6029
660
9186
-2299
3291
-5672
1766
-8670
-3329
1974
2589
4958
-6542
4675
-1620
-1971
3416
-4176
-3544
-1128
6487
1303
-2963
-8330
2364
-6046
8658
-3464
-7479
-8412
9000
-5333
-5475
1508
2292
-7560
3013
-1726
4149
4748
9749
3361
