2180
-2334
9682
666
2191
8159
-6659
5933
-4704
6808
-9028
5648
-4864
-1535
3743
1949
4454
8658
3243
1984
-6501
7301
4589
2379
4175
1203
3950
9606
-4166
-9545
-7576
-4808
-336
8863
-3327
8528
7065
-7833
8517
705
7517
-3592
5405
7104
1573
9856
-2526
9880
-7872
2249
-186
9494
3809
-995
-7846
8297
-8798
4319
-2996
-1548
8069
4186
9271
-680
-2106
4191
-343
4385
6848
4517
-3863
2076
6932
4524
-759
-9229
-3692
552
-7290
1613
-4485
-3811
-604
4061
-3248
-8156
-5409
-7697
64
7707
-650
-2597
-6730
-10000
-3619
3040
7811
-3625
3655
5477
7143
-8454
-2146
-1795
-7298
-200
-3319
6036
800
-9111
-2816
-5100
-7826
6330
-935
8153
7601
-2396
-3251
2106
3849
9709
3226
-3905
8368
629
4772
883
8261
9611
8355
-1012
2360
4144
9263
2592
-3242
5054
6316
3363
-3501
-430
5762
-7158
-4306
2090
9749
-5155
-124
1003
6213
-7247
5077
-7743
2729
8779
8160
-4489
9074
-6133
7104
8628
4182
9973
-1534
-6625
-7517
-963
8226
-2184
1250
-8686
230
-5847
-4087
1064
-2256
6942
-5190
4423
-8697
2860
-4355
-9687
-1306
7708
7688
-9555
-4478
-549
8198
-7831
7102
6922
4471
8379
4358
-403
-4128
7319
8392
3995
4100
7822
-1013
6273
-483
5056
-9430
3296
524
-2451
1317
-6807
-278
-1303
-4052
-420
-8982
-8717
1888
-4783
-8819
-8245
-660
4902
9453
4254
-9088
7638
9608
-2873
-14
-2494
-3898
9404
6544
-5083
2786
8404
491
6628
2151
-6201
-5775
-7072
7997
-8645
5112
-4616
7760
6284
3535
2516
-9232
2520
-1551
-8147
2279
-6517
9416
772
2614
-7616
7323
6822
5221
-6215
1650
3944
-8658
-965
-2851
8049
-5193
-9510
-6232
-5496
1388
109
-5032
-7280
-5155
-3003
6355
5385
5884
-9531
-3424
-3689
691
9747
9101
-7621
6429
-1810
7086
2434
3657
5444
-920
-4872
9741
-9887
-2653
-3286
7560
-2675
-6687
4015
-4711
-5006
4862
-2655
-3361
-5892
-1811
6624
-7604
2500
2649
3930
9686
6388
4412
-1465
8414
5511
4504
-4395
1132
7874
6212
5277
-9386
-4024
-4159
8481
3655
1385
5777
-3906
-4690
7216
4317
-1470
-6669
-8360
-4883
-909
-1542
-6706
1690
-5711
-7352
3440
-9944
3958
5256
-3449
4632
-6111
4708
7439
3331
-7088
-7393
-4224
-4011
5550
5619
4702
3665
-3174
7505
5768
-9812
2708
3570
-5388
-5667
1761
1423
-8288
-3648
-7321
119
3550
-882
1894
-7259
1135
-8271
2826
7478
3803
-2632
-6912
-4625
-675
-959
2951
9544
-1375
-411
7966
3405
7028
1667
9117
-3634
-8062
-6674
2240
-834
6957
-3282
3036
7849
4655
-6687
-5604
-2597
-1022
-6795
-6435
-4425
-4228
9095
-4699
-9510
-2484
-3926
-4609
6177
2768
3028
3475
-727
4405
-5860
-6098
-7718
-1460
-9020
9197
1740
-431
1117
-3652
-571
-93
1279
9205
2058
3867
8814
7288
485
-4163
-105
8172
3505
4861
-4720
7298
6304
-2411
5315
-2350
8909
2975
-4122
-5770
6045
6257
3478
-7599
6951
-3192
-5460
-960
-8589
-9722
-5450
-4593
-4439
2514
-4002
-9506
-6213
-4671
1141
-6081
-2019
-2689
-5521
-758
-1425
3034
6392
9147
5261
311
-443
-6254
-4982
4866
-5286
1050
4325
-8098
7722
8622
5531
-6973
9856
-938
-5713
603
7982
-6389
9580
-6218
-7069
-2172
-6486
8130
2269
-8071
6382
2825
1566
-6154
-8400
1462
679
-887
-8460
-4483
1801
5210
-2521
-3189
-1985
3629
-9589
1201
7376
-9666
5424
2053
-3357
9748
1810
8590
-1047
-1058
6296
5853
-2797
9125
-7169
-4808
-8205
1761
-8547
-4122
-4499
3330
-9365
4374
4761
37
4729
-9939
3907
403
988
-4614
-6643
7811
7729
-180
5106
8273
4495
-1023
-1005
-3126
4486
1463
2221
8878
8529
2395
-8654
8968
-1924
9929
-2948
1896
6141
-7498
-6562
-5211
7090
1294
-8602
898
-6159
-446
-7420
2644
-7632
-894
3917
-7862
-1467
-5931
-6910
-5139
9795
8640
-8449
-1520
5741
-1673
3381
2845
880
1321
-7241
900
-5550
-4359
-4865
3454
2050
-6851
-6814
-5265
-9232
-2180
8268
-3034
-1543
-2743
286
-6249
5158
-5573
3419
1110
7029
3860
-5326
6409
6256
3418
4204
6879
-5607
2586
1498
3361
4444
-9051
2803
-5322
3155
6050
-4200
-4562
-838
-8166
2327
-6737
7361
-6349
-3108
-8460
4126
-8021
3158
-9796
7425
3508
-2707
-8252
-3014
-3234
-4702
2406
8447
9654
9283
8111
2870
-8
-5750
-9531
-2363
8769
8064
6237
1753
-7010
655
-7386
2374
7417
-1785
9073
5821
3988
-4535
7414
-543
-2633
-2871
-4556
7202
-9943
5360
9057
2456
-835
5571
4124
6265
5283
8097
-2868
5657
9812
-7873
4610
5656
724
-8278
9198
5781
1459
6625
-4319
8328
4922
1513
-3383
4254
-9451
-5107
5341
4162
-4352
-5531
32
5790
-4505
-952
3348
-6700
2426
-8839
-6180
-333
4708
1440
-7485
4426
258
3784
4522
2437
9535
1383
-1674
3563
8792
7093
-1600
-2288
8702
6214
3168
5148
4716
459
-1425
9486
-2912
1936
-4251
6009
5329
6485
-1397
2698
-6976
-7824
-6713
-8330
-7625
-2025
2312
9233
9514
5604
-8344
5217
6334
-3822
6013
-3923
-1831
9240
7993
6468
2573
889
9481
-1250
-3547
8074
8816
-4277
7306
9276
9496
-3578
-7843
9898
9750
8732
6556
7637
9013
-2006
-1594
6886
-1006
27
1170
-219
-7369
-4170
-4244
6758
5671
-828
5156
184
4467
-8321
-3711
6302
-703
-6070
2153
9294
-3709
7236
-9001
-398
-8701
1903
-5136
-292
532
304
345
1476
-8884
-8018
82
-56
1333
-1078
3947
3715
-395
5248
-5495
-5594
-4066
1057
-6636
6927
-8644
-1021
9091
-4072
-7681
-2887
-2456
-6155
-2978
-7568
-2383
3165
2289
5956
4167
9548
9457
2651
-2695
1490
-4537
9402
-2783
-8476
9489
9115
-4536
3213
637
3912
-7487
7773
3664
8935
-3622
5177
-6953
-3252
4972
-1389
-9426
-416
-9642
3888
5176
7288
6336
-6441
-6971
6499
1027
-5170
-7280
3591
8781
6037
-4497
-2260
50
-6856
8308
3700
-4930
1330
7211
-4565
6052
-5831
-1646
2059
1330
-3476
8095
-105
-1642
7982
-2673
8954
8172
5838
919
-3195
111
-7738
-8122
-8263
2452
3544
-500
3614
702
1604
5354
-6107
-7564
-3638
9169
4721
-4125
356
5235
-259
3222
-9613
7791
-9006
9502
5830
-4895
1604
6674
-8987
-6352
667
6013
-526
-5780
-4738
-2146
-8162
1872
3715
6291
8112
-9310
9132
3922
-7182
912
-85
6313
-1901
9597
-2059
-5787
7281
542
5985
8179
-7600
-3429
6600
2200
5631
3293
40
-3074
3046
2273
3177
-4101
351
6795
-9045
-5662
4451
7424
-7626
1195
7035
-1691
9236
1067
-3017
-9158
2305
-9352
470
2851
6947
681
6891
-9395
6758
6225
-4546
9917
-8774
573
-2538
-1715
8665
3801
2910
9874
-3701
3608
-7284
-4129
2504
-6295
5665
-5115
-4721
-8360
6797
-7888
-5626
4970
1572
-3759
6064
8178
8683
-2587
-1028
1499
-2091
-4227
-6976
6280
270
8139
9378
-8244
5723
8296
-8432
-3026
-6574
9394
-182
-7703
-6817
-3634
-808
5655
6872
3453
9288
2918
4388
6276
1739
-9097
-7526
4434
6063
2083
1408
9890
6274
2723
-8706
-7577
513
258
-9303
6600
-3491
-5713
-6904
-5830
7160
-5211
642
-7043
-2995
-5977
1693
7751
-3222
2035
-3960
8698
-8312
-1413
-9920
-9474
933
2764
-6043
-7889
5267
6165
80
6089
9858
-3837
9243
9637
2890
-6594
1618
-5679
-2919
-9466
-6587
8779
-9733
-7128
-6293
6506
8609
6289
-1582
-9118
7935
5868
6756
2714
6092
-8619
2975
-7375
-1965
-547
1137
-5342
9787
-6942
-2073
-7742
7419
-8098
-880
-7621
-1208
-9813
6194
-305
-9025
2147
3693
4454
-5887
-2834
-1407
9568
5433
7278
6240
476
-2506
1486
-1825
-9764
1890
-1786
-2699
-4494
-7696
-6336
9351
-5765
-3809
-6022
-8130
7168
5973
5026
5760
-339
702
-2938
258
-2639
-5912
-8934
7915
3745
-4864
-3772
9673
-9629
-8187
9076
6211
5874
-5789
5518
-3784
9969
8265
4055
-9739
3221
7043
-5081
-1466
1321
3548
1338
6678
-5548
7386
-2106
-2383
-9351
9795
6877
-41
6832
-1247
590
2714
4971
-3332
-6133
6720
2423
1636
1131
5037
-1790
3608
-5043
4122
3888
3859
54
-197
51
8278
-1999
7894
875
8287
1564
-2026
-1893
-5516
-8277
370
3156
-6747
-8380
2767
9692
7090
-9443
-1487
4876
9373
137
-8334
1683
2984
5421
7818
123
9244
-4852
-4032
5799
-2423
-5318
741
8651
849
-8857
-519
9507
-5344
-218
1591
8005
6676
-8840
263
-9884
7265
8369
-1025
-15
-8525
7351
7089
-2673
6919
-8091
-368
-8367
-1362
4815
-1785
-1897
-9620
-9180
8804
4532
-1749
8611
4031
1886
414
-1370
-14
1378
6477
-3161
-679
7442
2651
-2296
464
-4723
-6458
-3780
-6116
-5634
4959
-8967
-625
4119
-1296
9473
9444
6012
9097
5375
1871
-2513
-8866
2388
-3595
-9324
4400
-5695
905
-9825
5698
-387
2708
4927
6109
6069
-6798
5673
-6282
9973
-1591
-1290
159
3374
-40
-3902
512
3827
-5791
9840
1158
-8173
-234
5393
1202
-9119
-629
-413
6328
-5683
2734
9661
-9301
-5621
-3773
5398
-3263
1410
2531
-8403
4606
6104
-4067
-4458
-9175
5862
-817
-6302
2858
-2520
1763
-7221
-2228
927
-4543
-8537
-2321
-6131
-2562
-7392
-8754
5556
5071
4690
-4570
-9265
6214
-9338
110
-8008
-1851
-9620
2478
-2511
1501
-4336
-9858
6145
-3361
-4243
2936
1708
6674
-7646
-3928
-8749
-86
-8347
5823
973
-1025
-1282
8586
-7912
-8605
8555
4207
-6595
-4197
-4909
128
-9448
-6047
326
133
1494
-7599
2154
3404
-7543
-5784
6318
7542
8414
2929
-1105
-3791
200
-6107
-2501
-5263
6186
-6085
-7909
2017
8284
7752
103
78
-3625
956
5741
3403
2067
982
9496
-9886
-2208
-2394
-3411
6349
-6346
6057
-4721
-1645
4091
-6725
9925
-5060
7692
-7539
-1885
5367
32
3278
-2399
336
8714
5381
-4435
-8812
6781
8211
412
2331
-5391
-5036
-8614
3384
3908
-5554
-9207
-5969
-853
4679
7297
5799
5208
-1163
2278
888
3062
4835
2507
3460
4182
83
-9872
-3223
-6072
-8181
-949
5945
-8060
-1982
-4574
5488
-3963
-3329
9666
-2589
5990
6272
-7347
9341
-7656
-6324
926
-6182
-3365
-8211
2427
7844
7201
5391
-217
-3743
4196
2517
353
6104
-169
4030
2562
-1269
-9675
-4061
1008
5824
8776
2962
4889
-8857
-5550
-3505
-4959
2857
-1682
-962
2540
7327
2806
-3905
344
2136
6703
-180
3714
4627
-9546
-3495
6346
953
-4399
3634
-9427
-5517
-2718
-8575
-2506
-7585
-1509
946
2323
-2572
-9588
4469
1426
3753
-5733
873
-719
4373
-5440
6345
6898
-9535
1526
-8645
-1032
8974
-9575
4011
2741
-4255
4900
9959
-2051
8116
2906
-5098
-3927
4841
968
-5594
-8085
6775
2307
7119
-3677
-6988
-258
-9582
4726
502
-266
1631
-4028
9594
-2395
-8934
-8238
-4823
-3087
-9466
-5436
5654
-7347
2364
1790
8702
696
-1368
5622
5416
4789
-7067
-1465
4463
1051
-9888
-7514
7937
2204
-8004
8677
1630
4436
-7823
8767
-1216
3319
9918
-4538
-380
5971
559
-3347
-683
-5672
-1247
15
-317
-7043
7740
2026
1713
8828
5234
-1449
7131
-5593
-7757
-7915
3912
7836
7813
9013
2730
-7186
-4972
-9479
5126
8687
-5169
5871
-5027
6889
6086
695
4063
-4469
-3384
-1696
134
-7840
-8368
8284
8931
3967
1265
611
-274
-9269
-8768
9642
-7795
9318
3806
-2372
2506
5852
727
5291
-1222
-1239
-2197
5327
4041
2170
8973
9550
4073
-8906
6254
677
1552
4932
929
7484
-9683
-3658
-9632
-7050
6622
-5561
-1490
-5803
-6677
-4087
9367
6024
-9819
-7358
-736
-5781
-1236
5289
2259
-8801
9910
7166
3407
-8235
-7078
-9912
4255
-1335
8024
-1307
-8562
-697
1893
2020
5726
7061
5084
-9659
-9541
-4830
-3183
-6963
5257
-2745
1667
8210
6083
3167
-4581
-5234
8829
-5903
-8676
-1836
-2214
-2108
8842
-1184
-4596
1682
9384
-5687
-7696
3283
-1771
-8316
1938
-4336
8969
-1301
-851
-6550
-7761
-7732
-45
-2258
9647
-4078
3545
-1344
6255
3444
-7387
-2849
-1796
8032
7908
2235
2124
-5706
438
2891
213
6705
6750
8424
3023
2139
-9653
7803
7696
6578
150
-7328
-1917
-5296
8597
-9869
6928
-5760
-2933
-7822
-4463
2918
5114
-1540
3746
931
-1322
-164
652
9198
-9151
-6192
7035
-6158
-3388
2710
-3268
62
6958
-8083
3847
-7675
2842
-7448
-4202
-7128
5464
1728
-6093
-6636
-3056
-1809
693
-9978
-1862
-8806
5662
-4266
7989
759
4939
5395
-6979
1083
7906
7137
-1482
8084
-2672
2919
-2103
8528
-9951
3125
6838
7528
-8232
-4969
-5834
5185
-3477
-2696
2050
2426
-3969
8188
9496
-75
-7621
-4483
7453
876
-3476
5631
-902
-4470
279
2229
3238
4506
-1442
8069
4665
4843
8784
2052
-3295
-753
5518
2101
2293
-2604
-654
5899
-5457
8135
3346
6606
-2250
-7616
6719
-3983
-9675
7090
4537
-5797
-3090
-1703
8952
-2591
2648
-100
-1034
-6790
7766
-5385
4678
9303
915
-981
-5940
8099
4752
7324
6340
-1473
7834
-1419
-4156
-4011
-3561
6448
8671
-5920
7901
3381
925
-3201
-7635
3023
-7764
-8981
-5449
5682
-958
8526
606
-882
-2418
-96
-3070
5504
-4457
-2671
-2832
9923
-9987
3221
1560
-3822
-6637
2115
256
1461
-3650
-7598
5902
-3798
5253
-3542
-4979
3419
3496
-6964
-6894
4793
6441
9631
-1317
6213
9383
-6695
5439
-7180
6154
-165
-1034
-2023
125
-2356
-9834
7065
-8742
-6375
-4797
4172
2066
-9494
-6938
4922
8323
-5371
3232
-2933
-5026
5820
-8368
8125
-3744
-3205
9181
6166
-7273
7259
2051
-8089
-6397
2513
8091
8515
-4847
250
-2123
-1295
-3265
3593
-5604
3032
3097
-220
3648
5368
1570
-5859
5242
7435
-7282
7217
-423
