1380
-7671
-6819
8026
6608
7048
2561
548
-7675
7841
6430
3775
8424
8582
2962
5183
6852
6319
9573
-9782
6059
1003
-1047
9851
19
1784
-7054
-2660
-3454
-9740
1577
-5046
9752
180
5330
-1442
8253
643
-8677
-2867
-6320
2420
-246
9452
-434
9610
-407
3950
3815
856
-1668
1128
9199
7983
-5788
-1665
5687
6088
-8291
3790
-4009
1811
876
2001
5291
6480
8086
-25
-5995
-3589
-252
-1478
-8620
-4180
-3314
-3792
-5116
-5721
1020
-1727
-2815
1983
-1342
427
-1767
-8975
2881
2731
-6781
5644
1560
4730
-5347
2902
9791
8045
4122
-3094
8458
6498
-5684
-7400
6836
-7346
-3203
-4300
-1287
-9391
-256
-853
-7440
-2226
8494
176
-1430
5080
-4909
7282
-4491
-5319
3130
-8043
935
266
2026
-620
2165
4183
-3953
-4696
-3677
-4866
5903
8762
-5979
3725
-7833
531
3567
-8738
-4649
4181
-9794
2400
2820
-6887
8543
1105
-3002
-8620
-4197
-883
-1171
-7493
-9088
-6670
9154
6346
3721
-6504
-5862
4935
9634
7301
-82
6346
999
-2795
-5451
-1727
-4830
5187
-981
-8451
3030
4486
-6429
7928
-2009
-332
1094
-4881
-7399
-5019
-8682
163
-3849
-4705
-1910
6928
8784
3114
7973
-9917
-4247
5098
7981
8946
7619
-1983
2658
4418
-3805
-7777
-9522
8953
9589
4659
3525
-2515
9044
-8232
-7799
7726
8776
4236
7425
-4987
8479
-8693
7053
8138
-2272
-8507
-2569
2689
-5913
1558
7840
-4383
45
2096
8649
5609
-8653
-1694
-3010
-5128
-2434
3980
4976
9937
-5847
-495
2471
1177
5966
-2154
-7415
6828
7943
8833
8709
-8019
7913
-6612
-3866
-2787
7853
4151
3953
-2526
7038
-9197
1860
1388
-8235
6329
-5266
-4880
-9804
6677
-2697
-1296
8991
8712
5920
9750
-9865
-3149
-4403
-1995
-6178
4717
-8804
3363
3115
-3443
-1350
-5206
1323
8196
-8021
8030
7718
-8826
3568
9243
-8200
5421
-3998
5275
1846
-8921
6125
-3102
5558
490
-8719
-5295
7626
-9361
1017
1136
771
8557
-2150
-156
2427
3941
4606
-1564
-5782
-2569
174
-1723
8179
-732
2257
-9743
-2755
-9937
-8879
-8316
1263
-9429
4694
3429
-638
-4931
9799
101
-7768
-7294
4636
9097
9656
-1025
-1257
1722
-2422
-5039
4020
-8314
6173
6611
225
-6778
5820
2447
-1030
-7544
-8124
-6167
656
-6590
2902
-9995
-5561
5600
9474
1315
-1654
5635
7105
-9384
4056
-9950
6576
8998
2397
-3518
2157
3022
-9597
4903
-500
7728
-9480
-5360
9383
-9621
5532
-6430
-2025
-9520
-8555
-5692
-7597
-4627
82
-2501
8279
-9199
7
2061
8776
-7668
-5730
-8088
-7434
-3027
6301
8907
-9449
-1194
-6951
9774
5243
-7782
-7957
653
3187
334
8414
-3810
-6814
20
-2540
-4614
-8991
7032
5375
-2016
-9131
6047
8970
2093
-7519
1190
-7518
-9806
-5404
-6327
1611
3987
489
8551
9108
-9106
-5701
2481
2699
7957
3888
-5052
9896
3030
9466
-6271
2153
-4362
-8833
1844
-4952
6199
-3550
5382
1876
1276
8725
-8279
-7843
-8146
-3620
4097
4986
-7956
-8234
-9533
3657
-4419
6996
-4007
-5958
-5590
4528
-9325
9985
-4467
-1425
-8980
5092
-2352
6397
70
110
-7048
-4576
1524
-8526
3055
-3924
-31
-5198
4993
9411
9860
8695
7680
6825
9988
-6887
5131
-2234
-4289
4621
-1972
-9340
5179
9360
-8355
-2968
-5470
-8515
-5197
-3254
4079
-2917
6647
6925
-1549
3271
5858
773
2331
-1057
-9135
7343
-3191
6147
-3610
-5369
-526
-7119
-9079
9626
-3603
-3951
-2515
9312
5884
-8326
-3272
2703
-3215
-4777
5412
-5921
1228
6184
9248
3369
-9743
-8507
-303
-2899
-9137
-8145
-1720
7104
-7505
-1720
8520
-3032
-9212
6983
-9012
-879
3697
6789
6488
5174
-5040
-4129
-5857
1392
7333
42
476
948
1176
2549
-6950
2541
-515
5170
-4853
-809
5106
4473
-2906
3821
5686
-4578
4653
-7967
6272
-2400
-5995
-3608
3227
-8683
-3848
-6989
9074
-4492
6293
-7950
3771
-6976
-2878
6517
7062
-7171
7284
8345
-2284
-7277
-4319
5643
-7600
-9705
-8848
-3824
3049
9450
3308
-4525
-8172
-6306
-2346
-9860
9800
-2061
-4999
-3861
3579
-4295
499
4838
3244
-9801
7289
3561
3640
-7238
-7111
2563
4932
7611
-7560
3122
6160
2558
8535
4297
3701
-5514
8785
9316
-4850
-8521
3987
-3839
-4240
5476
-280
975
-6518
3616
8270
-8703
4494
8929
-1302
-758
3797
-6396
-8945
-1799
3949
-5504
286
8515
-7083
3945
-1136
848
-3859
-5622
-2439
-9821
6798
-3221
7565
-6628
-9177
-9393
2395
7629
-4455
-8060
9451
1665
8108
2661
-9972
-4826
-4397
3058
-9681
8161
5361
8730
-7580
6981
7332
-4779
8218
2483
2673
-7997
9809
-6664
-6647
-9325
368
9648
5203
-8653
-8937
1979
4923
-5000
6866
-7342
2440
-4143
629
9012
2947
4816
-6662
5757
-6945
9399
8320
-5871
-6468
459
3545
-5284
-2587
9669
2881
650
4783
338
-1282
-6014
7724
3859
-2862
7552
-8853
8139
9471
3225
8791
-5903
-7015
2982
-1508
6826
7164
6232
1338
-7769
-1027
-7972
45
-3905
9879
-2311
-5223
3660
-5696
5670
6474
-8367
-6809
-1819
-6923
-4862
6494
8304
414
-9970
6098
-7633
1013
-5251
4983
5092
-6528
-1998
2490
-6722
8530
8814
3814
110
8511
5216
5899
2395
360
869
9712
3078
-7744
-215
81
709
-2611
-6627
9650
-2985
-6449
6715
9670
1413
-2526
4031
1565
-4496
-1028
3503
-9231
-9943
-6261
-6464
-6673
-5292
2987
-8058
1153
-4716
-521
-2027
-8972
69
8859
-6232
7769
-8278
-2187
5328
9226
-6540
4614
1680
-2264
5321
-591
-5875
-6722
5697
1009
-8778
-6993
-2269
8168
6587
5877
-8059
-7015
2721
-9793
6445
-9031
4801
676
8746
8207
3043
1011
9119
7585
-1636
-332
3554
-9511
-9220
-7802
658
3139
-1047
-7509
-4155
7742
973
-364
-7894
2653
-4035
-6849
963
8012
-9333
-5093
-9874
3034
5151
-9050
-6216
-1948
-1696
-8659
7268
1878
-8471
-4699
7321
-6330
-6912
-2666
8910
148
-82
6033
112
1114
1049
-8281
-4045
-1398
-2549
6403
-36
-8481
-8371
1194
-1630
-3978
1990
2308
-2376
2081
-217
3897
-7349
-253
-1543
-2908
2450
8419
5573
8982
9624
6590
-1598
7545
-234
5668
-4634
-2910
1535
-1453
-2919
-901
2698
-7081
7269
2974
-4542
-937
5794
-181
-3847
-4369
-4442
-3011
6847
-5747
7415
8016
7590
1094
8367
1270
8209
6902
-6237
-9212
2595
-2328
-2678
-9303
-4445
3818
586
901
878
6195
-5571
2071
-5281
-4399
4401
-5671
-2618
9169
8499
-3406
140
8723
-7181
831
-5223
7654
9435
-9190
-2953
-8374
7240
6890
3606
-6970
6073
-993
1795
230
6144
-4853
3772
-4795
-5219
8959
7747
8583
8379
674
8733
-7151
1944
-9550
-9441
-7731
-2170
2054
-8872
-3472
-2070
3528
6225
7142
6325
-4141
3873
-613
8520
1248
3787
-6895
3247
9101
-9214
-5100
-4008
-1441
-3097
-6900
6672
4268
-8164
-759
-6135
9705
-4519
-3228
-5581
5930
4484
1720
-9875
6024
1910
-3656
9109
-9194
3099
-3009
4645
-9964
-701
-8095
-9506
-9142
-362
-4568
-4354
-3428
9265
129
-4117
-8295
-1333
5700
-9921
-2503
-1894
4144
-4485
9119
-5552
-7700
-8222
-940
6889
5486
2293
-8433
7061
-2941
1250
6846
-1532
-9352
4378
3850
3920
3795
6240
-4922
-983
3624
-3208
7265
493
-3816
6944
-4267
5431
5152
1889
-1525
-8540
6264
-4265
-8456
2962
458
-8429
-7640
-4740
-7423
3446
-3465
4862
833
-5420
6146
-7857
-4289
4796
-7844
-9325
7301
4991
4583
-4821
8260
-9397
5974
118
3762
1147
8317
-7624
2346
9293
-9539
2628
-6436
-6461
-7647
-2112
7091
432
1467
5484
6360
-8216
-4784
-6712
1910
9631
-1209
-766
-842
1522
9372
5191
-8304
-5633
553
-6919
7710
-6385
3058
-212
-4073
9808
9166
7019
666
-8895
-4411
9490
-2413
-7855
4729
-9579
-2990
4894
-5859
1830
5750
1212
3651
-6609
7937
3547
-8594
-2969
-5012
-7217
3251
-3638
-112
-6866
-7709
-3707
9339
4985
-3535
-5972
6154
-4804
4845
-3991
-9064
1290
-5928
-2653
9317
-3034
-4377
-2686
-4635
-6498
-7310
-5760
-1017
-3688
-2913
-5156
-7751
-4854
7622
-9105
-6977
6279
2969
-7405
-581
-7597
6716
-9992
-2751
-7175
-5895
-582
-9413
-4793
5401
-5891
-7628
4343
4978
-4222
4444
-2434
2468
-9034
-6789
8201
474
-9020
-7716
-4209
9262
1815
-6118
-6158
4349
-5007
-4230
-540
1128
3058
-1007
7894
-4722
5596
-2086
-3549
6122
-8421
7064
-1176
923
-3125
-7506
-8442
8703
2088
-1574
-2181
-2929
7653
-5515
-5404
1176
8973
7212
3710
8817
9066
7476
-3316
-6898
-7588
9639
-6708
6830
-1155
-7935
2335
3066
-4144
-3563
-5697
-6877
9864
-5143
8665
9477
4246
-4699
-483
-59
6398
3857
9928
-1199
5419
8468
-4981
