6880
4578
-4916
-9857
2415
-1815
-8897
-3439
-8346
1822
-6592
-7424
-4220
-6942
3362
-8644
87
5799
6371
-8561
311
-1811
-9758
-5523
7268
8924
-7419
8947
-540
3085
5337
822
6342
-8008
-5118
3167
-2245
-4987
-6939
-3543
-3138
-5853
-7694
-22
723
7247
-4446
951
4679
1493
-152
8484
-2236
-3608
5383
1353
5733
-8083
1198
3219
-994
77
-131
6028
2318
-5092
9234
5463
6386
7647
-7504
3066
-7430
2936
-2880
-7691
-2076
-4254
9
3489
-9077
6969
2418
-8421
-7592
5631
9727
-2461
-9837
-2056
8434
9201
6625
-3545
1030
1965
4562
4715
-6814
8413
-9087
-3303
5709
1326
-9749
8495
5185
-1305
9647
5521
1309
8075
5519
-319
6539
6730
-4782
-9876
1730
7579
2006
8959
3427
-6074
-530
4998
-2657
-3504
-7415
-9619
-2727
-9126
-497
-6212
3646
7247
2085
6658
-5925
4087
5459
-7694
4208
-1759
-5404
-5734
4342
-6317
6128
5760
-9990
-7383
1325
-2074
-8210
-7594
-941
3614
8518
933
-4676
-58
-5056
-8516
-9113
-5446
-528
-1389
-563
1340
-5111
3685
-6211
1795
1197
-7335
6647
727
-9183
6900
4027
-8400
-5965
-1645
7576
5716
678
-1546
6203
-4655
-627
-3404
-5441
-8256
8215
213
-2185
-4171
132
-2729
-5590
4043
8775
2559
6125
1533
-461
2974
2973
-3015
-3628
8336
-3608
-2211
-4968
764
8846
-124
6164
-8016
1764
9252
-8602
1995
2191
-7588
7262
-428
-7781
-1197
4882
-4450
7284
-1232
6167
-7326
5121
-2632
5218
-31
9510
4611
9086
425
5780
-9360
-8267
8050
7361
4455
7328
1508
6276
-2749
-7299
-1376
418
5532
-4101
-319
2492
5997
-9988
9261
-4595
-7788
5722
4006
8381
-7596
8916
5888
-2895
-3225
7209
-818
9995
-5475
-3715
-1274
-516
4450
6112
2284
4746
8140
-3028
1513
-3639
-5295
-7009
-8543
-9667
-7724
-378
-6402
4564
-3147
825
-3490
-4543
-6495
9911
-1225
-994
-6727
-2360
-9485
-5465
-9280
4630
2579
5024
-2043
3325
-9986
-7430
-4416
-2415
7826
-4953
5022
6868
-9610
2657
2353
3984
3561
-9399
3976
957
5190
-1496
-6398
-2942
1600
-8490
4570
-3176
-8126
-7655
1066
2761
3918
5525
2954
-6452
-7704
5500
9475
6170
4946
-7360
-4465
-5006
9126
-5226
-4256
-4461
7982
2631
1207
-1068
4867
-9988
-3621
-9980
-2545
-8659
-9638
6611
-3161
-5414
-2108
-5762
-4356
-1658
3490
1338
6652
7785
-3992
-2066
5244
6889
-4977
-5539
-5196
-480
-1172
-8171
-2752
-7551
2268
-5200
2689
-9595
-5731
-6213
8921
-4160
-5824
7638
8344
7845
-2687
5915
-8656
5358
-5325
386
2422
-5227
-2433
-8718
-1638
-7015
-2113
8370
-1166
5916
-7477
8006
2811
2947
-513
-7970
6168
2337
959
-794
-8470
-4114
2681
-1472
-4545
-3875
-7656
1547
-185
-2987
-1703
7322
7197
-4683
7218
-4821
-6026
-3911
8751
5359
5176
-3420
914
-65
5088
-7367
6083
8654
9076
4445
-615
-8131
8044
3703
7858
3901
-225
-2909
5678
7933
-1608
550
586
9970
25
-7008
-7118
6976
3931
-2789
-9828
7256
8741
8137
7553
2279
-610
-7646
-2260
-545
-7054
-988
-8988
-6870
9452
8978
3029
4756
6034
-8734
-4563
5759
333
-1251
-1710
-4432
-7089
3228
-330
3378
9534
-4127
-5090
537
3685
-6627
7210
5397
-8208
2007
-2437
-7114
-1098
3619
-5590
6162
3414
1887
-4359
-9831
-7553
-9912
-4902
-3676
9373
-9442
5255
-738
-5944
-8053
2186
8640
1612
-3940
-9705
3671
5984
4555
640
8002
7242
4117
-6470
-2952
3198
-3122
-4226
7347
1270
-8509
-6145
5518
-9702
6813
3689
4593
-9715
8162
-5656
3092
-9924
9498
8368
3555
3233
5599
-8937
-558
-5846
-5719
-2565
-4631
-4115
-1375
2645
1949
7251
-2436
-1701
-7754
-9032
6637
-2159
9718
7962
-4592
4381
-8516
546
-8201
-5858
-618
-9746
6514
-7411
-355
-7545
6165
-3356
3200
1271
9676
1280
7596
-9124
-2557
-9171
-1224
-2913
2052
430
-7508
-1201
-712
-6274
-6374
9892
3861
678
-803
9004
1182
8605
4033
6636
5350
1482
188
-7585
6197
-8101
-2436
6903
3108
-7593
1885
-2828
7645
-5193
-3004
-6119
-1290
-6158
-5790
-1741
5933
-4010
-261
-3464
-5163
-1783
2149
-9415
6172
-7481
-4863
-561
8556
8188
-3290
-6584
1630
-8637
4777
2264
275
-3404
360
-3032
3463
9070
-3196
1804
8285
6126
-6723
-7136
9776
-1174
9061
-3886
-3425
4525
-1468
9104
-6908
5626
1970
-8601
7831
3988
6430
-6038
-4625
-4787
-8010
3899
-7461
9721
3871
-2732
759
5235
-2537
-975
9026
-1830
-5578
1052
-2232
-2557
7491
-262
-7115
180
3165
1495
7338
231
8885
-4457
-4186
-8305
3171
-9028
9491
-9345
3467
-1218
-5795
4196
-9964
7201
-7100
7697
8571
6677
-4635
-3680
2093
-7305
558
7954
-9216
-5252
9567
-9779
-5850
178
-8698
-7147
3030
859
-6490
309
106
197
-5338
-4900
-4231
7249
4018
1714
-1898
-5760
-2220
3886
-7766
-1382
8481
-8225
-5879
7348
-4714
-9739
-3224
413
-7677
-9245
6186
-1300
8064
-4102
-8770
-3697
-433
-1083
9341
1241
-4481
-3833
-5132
6662
-4959
568
-9761
1279
-4577
9259
-3219
-3119
2526
-142
-8293
-6200
-2105
-5605
-968
-1435
4680
5384
-3265
5558
-6908
-1609
8951
-5824
-9782
-6039
8107
4772
-7197
8877
1915
-267
9551
-2887
7852
-6279
-4955
-5384
-1620
-8160
-1092
-1754
8781
-3056
3795
7908
-973
-5434
-9668
7412
5707
-4563
7599
1543
-9198
-4806
5947
-6478
8482
9477
3482
-158
2931
-9239
-8897
-6975
5586
8172
2057
-1037
-8559
-9839
1531
-9900
6749
-611
-5554
5386
-3370
-2605
-5377
5937
-9335
3760
3574
7755
3454
9648
1952
-201
9943
7667
-897
2634
1090
5750
-6385
8888
-6956
-9656
5072
-976
-8533
-7748
-7127
-3089
-2750
9958
3747
-2899
3486
9215
-5958
2988
-3682
-3035
4317
-8330
4642
-8169
1473
5393
186
3027
9311
-56
6080
5075
-1122
-2236
8789
6373
-1091
8623
-1813
-7092
7538
-88
-623
9590
7843
-8558
2284
-7964
9895
716
-9099
9897
-1363
2625
8220
1073
5937
-1832
-7604
1413
313
4656
2778
-1793
6384
-4615
9677
2810
1456
-9412
-4026
3925
-5527
8468
7799
-4076
-1353
7217
3637
-9052
-9689
4559
6863
-5484
428
2567
3074
2348
7258
-6242
-5618
-8574
240
2525
6683
6253
2413
1359
-4288
-1968
-6320
-7255
-4377
1388
-1077
7645
-5169
-379
7427
7255
2162
8298
-1348
-9700
-7320
-4889
8561
8555
-7023
9528
6978
-201
556
-268
-2785
5202
7759
-4297
-7603
-6777
3241
-2818
3595
-344
-666
-5271
-7186
3456
-6662
-1871
-4649
1066
-1775
1311
-6339
-4142
2379
-4906
-5309
-3130
2926
-8892
3226
5065
-8833
2971
8366
-9372
7081
7432
-1900
4492
-5286
2876
-7372
-5123
8566
-3272
-5892
-8694
3985
-6525
8574
-5860
-4508
-7604
5428
-1311
3810
-5504
-4335
-3359
-3213
4725
9923
5269
-1095
8934
-1902
4877
-9796
-8329
-7803
-2540
-675
-2276
-7643
6750
-7667
-5347
3896
6582
-1785
-1968
7816
-4010
6400
2420
5152
3421
-1553
-3513
-5170
7520
6431
9786
-7080
9982
-9205
-6961
1288
9251
175
-7271
8677
-155
-1290
3015
5582
4862
-9390
-2637
3433
874
-5324
-7299
7357
5181
2151
6536
-6593
1244
-8645
-3831
-4592
8227
7595
-3445
-236
5915
-9782
-3613
-9913
6738
-8528
9411
-9630
9690
3053
-1035
887
976
-1137
-9349
-984
8363
-3269
-4234
-5134
1496
-928
7880
877
-912
-7261
8754
6249
3982
4486
-9815
9386
-9237
-1141
9023
-5260
1978
6148
7445
890
1798
9018
-8333
7901
-9747
8249
8738
2665
-8370
4314
-4134
62
5030
-7874
8932
5695
6944
984
9346
-4444
6970
-138
-9597
-2772
2386
-7974
9181
-117
-1623
9512
-3616
6844
4758
-9154
121
-744
8044
7885
1478
-72
-8609
4042
4698
-7692
7947
6809
-2600
1358
-9048
1339
5138
7950
-2734
-8949
8647
2325
-369
9645
-9643
-3005
-5855
-8489
5013
8247
-821
-1340
6563
6449
-4867
2825
9671
2386
4340
5967
-3215
-2535
2743
-929
9177
-9631
2646
-2993
186
-7876
-4398
3965
7667
3430
7795
-7378
608
5094
-4348
-3890
9977
5482
4920
1011
-7356
1771
-8616
2661
2673
5037
4531
6046
-5466
-3878
2293
2450
2297
-4461
-8974
-6202
-4854
9297
5870
-1543
-238
21
6463
-8235
5916
2659
585
9630
2489
6089
5314
-6165
9316
-8146
-5025
4317
-4039
4446
8400
-7911
-9034
-7981
-3248
-824
-4614
7797
-2734
2117
9312
8252
-9790
4157
894
-5818
-9554
4118
-1787
6123
1127
-4882
-4662
-1191
-3588
4302
861
-7955
7934
99
1826
-9055
-894
-6216
-452
1999
3303
5500
2235
4352
-1077
-8734
-8856
6462
-9989
-3320
-5229
-5355
-180
-1073
-6295
2779
-1671
-3218
976
-3331
-796
5663
-8552
-7284
2514
9924
4462
-2521
-5372
-7231
309
-4479
-4745
880
-3788
2863
4073
-3358
-7745
1717
7022
751
-5476
3061
-8312
7931
8831
2454
-4197
1562
5295
-7285
7879
-8584
-3343
4971
7675
3738
-5836
-2509
571
2754
946
9806
-8750
8208
-3805
-2596
-7687
-9555
3958
4975
-7613
6915
-3237
1718
-4567
7673
-6810
1207
7863
9469
2154
9748
-116
6440
-2813
-3108
-8182
-4232
-7614
-7297
-1974
9886
5614
4487
-9142
-9943
6732
-8735
-1538
-4072
4456
-5905
-6998
-1025
-7912
4849
-60
269
-4874
-1608
7757
3254
902
3753
-1012
-7895
-925
-2319
-8879
-317
7814
6430
3428
-4890
-1647
-269
6220
4128
-1655
-7209
-8292
732
-6340
-5079
1603
4381
-925
-320
2410
7697
446
-9400
-1587
2499
-5071
3268
-1625
-5911
-5973
-1504
5223
7462
1510
-1924
-5884
-5349
-9002
-1302
-5388
510
-5998
1944
-5909
6736
-1313
2449
-6905
7627
-9194
2664
-9599
-9721
8114
-4388
3250
497
8771
5362
-300
-8580
3523
3242
4422
-1552
4331
9046
3409
-5340
-9537
-8774
-9497
6229
-9871
-8382
-2012
8153
3368
-6938
4412
-5106
-1864
8935
-7363
5811
-2526
6071
-1732
-6619
6973
-9208
-3491
-3787
-4372
7554
-3564
-7980
4972
-3490
-8713
8761
6961
3409
3513
8993
-7053
-5331
-4479
-9655
4224
-7609
3904
2853
5840
2069
-8
-1185
4477
8328
-7120
-4958
7417
4324
-6551
3149
-8012
5212
-5386
5811
-1392
2177
-2251
5970
4980
-7318
-910
-3945
-5452
9941
4233
-227
-5090
7934
-6728
1600
-3729
-1204
6205
8284
4536
-3841
1333
-5330
4970
9253
-7399
-6893
-131
-4649
-8464
-2063
621
2598
7143
-8979
-5068
-9069
-811
-1516
9409
-576
-4279
5167
-8590
9863
-3631
-8977
-6323
-9275
-8284
4098
2696
-9569
-8449
6969
223
330
-2151
-3787
-2561
-1996
1416
-3571
9534
-7608
-1088
3469
5754
3047
4064
-273
944
2668
-3825
987
-9202
4673
7750
-8123
-2320
-4131
-3030
9891
-1965
3842
4855
6306
-1435
7896
-754
5773
7922
-6524
-193
349
-5087
-9287
-2810
-419
1635
4927
3356
969
5767
3445
-8872
8631
-7170
6806
-3725
-6106
7348
-172
4988
3294
6791
5971
-2673
2490
4813
1377
5408
-8262
9617
2115
171
-2931
6812
5874
-3747
4088
-5788
-2198
-2754
5219
-8257
3457
1902
-9328
-4966
9995
1425
4305
-6081
-9964
2026
6936
-1512
-1981
1198
-1106
-9765
7677
-2453
-6114
639
3127
2957
5344
527
-479
-8035
-6291
1841
-5378
2141
5663
-6246
-5460
2165
-9854
-3579
166
-1713
2356
-9599
-9912
4271
6816
-757
-3758
3059
-3682
-2008
-1971
-1900
3388
7454
7779
3150
-6854
-4547
-2993
1389
4181
-4113
5512
-9379
-4609
-2480
9592
-8171
6236
-3856
-8193
9556
9496
8546
-447
355
7314
9713
-27
9172
-7812
5604
-911
3605
-172
-43
-1790
6490
-339
8160
2858
-6087
-3363
2910
821
5229
-6353
9136
-8955
-8676
-2412
7036
3828
3476
-2344
4143
3357
4041
7821
-9975
-114
-2194
-5576
4261
4318
-2021
6084
-2190
-4887
-8262
3416
-7647
-3726
-5301
9750
884
-8159
3294
-5621
4400
4553
-6634
7559
6338
7448
-8869
-157
-7778
9651
2208
-9619
-4485
-1679
-7716
-8669
612
3892
-2424
-9907
7375
-5708
7150
9318
-3956
6185
9139
815
-6563
8453
-9571
1258
1349
-5284
-9681
-1746
-1782
3959
-5703
6033
-8112
5548
9360
-6714
5253
-867
8576
-8966
3546
-1212
6652
8979
2946
-8097
3658
-559
8561
-2384
3861
9542
-7046
3882
5148
-281
-4143
-859
-4990
-301
-5760
-3345
-5727
3233
2735
7544
6701
-2807
-1511
6221
-4938
-3211
-1244
3202
5857
2766
1000
-6446
-6494
9888
1859
-4703
-5458
5035
-9643
7353
-4542
-9920
-1788
7432
9760
-8838
-9411
3243
-750
-5716
5715
-7252
9057
-3107
-7300
3654
2815
-614
-8015
-1229
2769
-5820
2545
-7070
-8808
-9452
-8192
-1252
-7417
8983
-9545
-5354
-3941
-8506
6657
8002
7682
7658
3111
-7452
6733
1198
-9464
9800
-2153
-792
3005
-364
-3629
3653
609
4589
-4815
-3845
-2620
-726
9654
9783
6116
3315
-2504
-2376
-2076
3435
-4435
-2638
4027
-906
743
867
-7968
2085
3127
-3276
7936
6304
8516
-5837
8252
6393
7965
-4623
-6620
2710
2045
4427
-4470
1378
-9591
-1269
2148
883
2843
-9059
-5118
-6234
-4597
242
-5125
7003
3853
-8378
-515
-4587
-3934
8510
-6642
4360
7997
2
-8703
-8304
-879
-2772
-1814
-4184
286
97
720
5236
8741
-3914
9241
2296
484
9446
8506
6755
-2959
-3571
2076
5547
8761
8575
5054
9625
-9821
-522
2104
979
-3070
-2672
-7473
3617
-5090
-2520
-4420
6655
2703
-7722
-7144
7340
7280
-3973
-7179
-2217
-7783
-8555
920
-6854
7678
-3536
5809
-7476
-9254
-5699
6782
-8457
7595
7325
-107
-8705
4426
-1492
-366
-5755
8382
6287
5118
-1872
-8122
5245
7523
2670
-1097
4904
-3515
-3247
4853
-7704
6185
7151
8426
3967
8726
40
6988
-336
8152
-9238
9165
569
4411
2157
2086
9794
-9354
9185
2526
7070
9292
-3183
3475
4671
8475
9480
3859
2323
6162
9906
2953
-1292
6609
1303
-2330
7912
419
-6641
9286
2840
1759
3914
-2218
2874
-9031
7899
1113
-1546
4835
8428
3633
-4442
-4935
-309
-5717
-6046
3898
3167
7435
8435
-4772
-8488
-849
4522
3460
-6161
226
2901
7995
-6101
-1297
5664
-2907
6156
-2269
4727
-1692
5011
7652
4514
-3871
-8486
-6307
-9428
-823
5821
-5268
5357
1951
8301
3547
-6369
5782
-7412
8828
329
-4453
2953
-7129
6680
-308
8011
-8694
2450
-9094
7503
-9613
-827
-1391
-2671
706
3197
2694
3702
-3617
-4964
9228
-3148
2520
1131
-7329
-9306
-8574
4077
6700
7311
2490
1715
9116
-1731
9885
-8881
-8773
-8211
3217
-4758
1576
-9329
9626
-1615
5821
-2626
2496
-5251
-3150
-6840
2149
3650
370
-9763
9620
-583
-131
1999
1986
-7162
7603
3579
7159
-7669
6579
-4860
-4976
3057
-8334
-7729
9978
-7130
-8704
4601
-3251
-9013
3320
-149
-9597
1111
6988
-9718
-9313
-8229
4691
1014
-5458
2799
8395
9475
7686
3333
7475
3009
-5094
-2771
8841
911
1721
9448
2481
2018
9475
-821
3085
-3262
-7037
7914
3975
3292
-5473
5475
2630
-9118
-793
7389
2141
7077
-6927
7136
-3706
-5497
6713
7499
1343
6815
-4492
-2271
-8368
451
-1878
-5960
4289
506
8481
-158
-5913
674
1973
-3066
7812
-8250
-3079
7121
-398
-4245
-3683
-8727
-8022
-1303
-9520
1710
5152
-3432
3162
1162
8295
3169
-7384
-2980
6148
6630
-775
8071
4823
-9335
-4655
-3006
844
-3110
-448
9232
1188
-8131
6359
5650
-2068
-5544
720
4561
1046
3014
-1493
-6168
-1952
-2553
-5195
2932
-7513
-8982
1005
1719
-3742
5347
-7718
8675
3117
-7232
8596
-1855
6678
9575
4422
-4752
4632
-2915
-1258
-5816
-9337
-9165
-89
8921
6882
8224
-3486
-2087
-7339
4085
-3291
-2111
9033
-539
-1736
-2528
-920
-526
-8668
3909
-3797
9474
-5055
-9755
2517
-3728
-4678
8728
-8640
3469
-2918
9888
-5890
-4468
-2565
3968
3454
1895
-8779
-3877
-234
-7204
5116
-5997
9998
3326
-2783
7346
-3232
-9682
4785
525
-5774
1063
-1240
6517
-300
-4316
2669
-6391
5907
-2677
-2373
9495
5132
1172
-4740
-8976
-447
-1331
6082
-1944
-3428
1011
-278
4333
-7921
1908
9996
-6167
5100
-3601
-4690
-3738
9448
2718
-3571
-6474
9899
-7158
-6618
-9488
-8234
5886
-9879
6836
-9651
-5031
-604
1959
7089
-3112
469
1076
-2867
500
-6737
-5065
-2022
1071
6850
7929
4694
8744
-3198
-4270
-9602
-6724
5444
5547
3991
-7159
7946
-3470
-1515
-5576
9960
5732
9970
-7883
3618
-5131
-4183
9120
3040
-6035
6190
6209
7489
-5224
2530
3252
4506
8734
6014
896
8274
-7482
-1341
3315
-3137
8964
-7022
-6220
-8027
-9318
-6386
-7906
-6231
-6293
-3620
-253
6441
-6181
-4421
3206
6515
-9620
2635
-7954
-6986
2643
7478
7047
6651
-1593
1833
-6708
5437
5799
-9723
139
5863
3858
2330
3006
9387
786
-9558
-643
-9079
6844
-608
-6507
-124
6502
2505
-2221
6007
2809
-1030
1254
9606
-5077
8430
7425
7487
8769
814
-5929
9164
8711
9772
-8720
4846
-5003
-3194
1188
1140
1137
8026
4767
-2610
-3902
4865
8562
1204
8011
7598
-7362
-934
-2146
3172
-7036
-6454
6943
6032
7484
482
-4380
-5757
-1408
-8615
-6915
-6244
892
-6267
-8931
-5761
503
3976
-6114
-6288
2251
-2542
4055
-7733
-4837
5258
3402
-5325
-6281
-2079
4643
-9768
7051
-6589
3429
4026
-2239
-341
6298
-7761
-8682
-6976
1019
97
9672
-2477
-589
3937
1134
-1048
-403
-2692
2805
-1499
1523
-6357
-7049
-2463
-3515
5833
-1463
3554
6971
7295
9524
468
4928
-3684
3324
-1252
-1534
-2249
2820
6604
5669
-5286
-854
2496
-4249
-6949
-7297
815
-4332
7421
5152
-4153
-2410
-6314
8050
-7975
-9237
-9511
6898
-8305
28
-7716
7614
9051
-4338
-3340
461
9578
-9196
5545
-3291
-7992
6444
-8290
9011
-3701
3550
3987
1509
6635
6921
9920
2273
-4152
1473
-8429
2420
3429
3187
-4342
-1358
8458
-6692
7409
-767
-3843
4705
-3381
-4723
7641
-9870
4196
-3204
-5099
8233
-8630
7102
7633
2862
7246
-9256
-8763
2727
-2999
-8413
-5164
9341
-1879
-9253
-8412
4933
-4277
-1870
1172
8356
-3273
7183
-1475
-9357
6477
-4758
-6958
-7728
2533
1984
-89
-4706
-7063
7548
4139
6638
-6979
-4454
7937
6959
2632
-2151
4789
-3555
6690
6973
-3721
2586
6966
3483
5176
7011
-2972
-8492
-5808
-5874
2632
1845
-1898
-7194
4509
7611
-6039
1607
-6532
7644
-56
7930
-725
-1544
8927
-2372
1965
-8584
960
-3252
7871
3221
-869
6810
-4978
4994
1753
-5521
-1162
705
-3318
-5563
-8961
9238
-2445
2268
6223
-2241
9048
-9800
631
7478
3103
7759
-8895
3719
8036
-4485
-9831
9451
5792
-8067
2806
-6099
6837
-6995
4870
957
-6488
3398
-6913
-7687
-5826
5208
-1807
-4150
-6090
7819
-4361
6974
2008
2597
-6149
2641
-1333
-7213
1463
-6239
-2020
-6453
3705
-4497
97
-6453
2990
8688
8263
-9649
311
5144
-2482
-3336
290
8125
-3417
3152
-2407
410
-6631
5743
-3760
-9
5537
1286
-7403
2025
-9303
-820
-4894
8352
5861
2161
5361
-2565
-6584
8114
5839
4325
3801
2537
-1634
8422
-8140
6028
-3557
-6742
4982
-7626
4544
-4739
-1833
3491
9694
6341
8365
-4980
-2729
-8883
1744
-9944
3671
3667
-6497
-9395
-8703
294
3510
-3630
1197
-4828
5205
-6113
5406
-9554
-137
4797
8844
-5434
-8930
-8581
5956
-850
-3997
-2310
-1703
-5580
-8913
7599
1032
5645
-4930
-9243
-4883
-6860
-3202
-6861
-4859
-2525
-2798
8699
2640
7324
-6201
9266
-8689
1499
9571
-3862
-222
-1585
1377
6210
-3080
-2737
9532
3315
-1073
-1369
2627
6908
-1298
6430
6304
3520
-1004
-1281
-7020
3837
2325
8694
-4894
-1480
-5290
-4298
-4413
-247
-6893
-9818
9777
1270
-7767
5117
2070
-6990
336
4393
-1736
-1807
-4982
7236
9004
358
8490
9315
9376
-5768
-4326
-384
4311
2627
946
8064
-4673
5578
7269
630
6850
-1053
674
-2317
3741
-1449
-8271
1485
-5933
1069
6812
-7018
-9080
-9906
4255
2587
-3308
7818
1985
602
-6825
1780
-6771
-9989
1795
-386
2430
-4691
-3076
-7744
-1315
-9232
-8078
-7308
-4644
-7252
-9269
2783
-7490
-3542
-4748
3595
-2251
-8130
9530
-7697
5841
-4466
-4892
-5929
7060
1464
-5416
1726
9582
-6289
9685
-2074
-4270
7519
-2877
-585
-5986
9815
7993
-9944
240
-7627
-7320
4759
5677
2938
8551
701
8087
-3256
1131
5810
1241
5529
-486
1978
5772
-7416
8543
-568
-7326
-3267
833
7552
-1141
6438
7088
7992
8002
-7785
6669
-5767
8891
8842
8451
3332
9456
-4995
-6821
-2682
-3506
-4287
-6102
204
684
9356
1362
3424
-913
-8499
5355
9890
-2689
3377
-6143
-6105
-238
3659
-2206
2800
-7697
-2418
4334
514
6609
-4374
-5143
9802
-9335
-8585
6716
5674
3713
-5754
-7162
3987
-9249
-9179
9510
4909
3046
7426
-6917
2851
-8652
-2810
-2117
4283
318
1377
-1992
6059
-6803
5693
-5162
6987
-308
4362
8580
3748
-14
7546
-6260
2567
1620
5116
1635
1977
3476
-2620
5378
6443
-2165
-4702
7288
3609
-7244
2355
6067
-1655
-6615
-217
5171
9701
3215
-7983
8580
-4825
9495
6620
-3403
-4834
7164
-6074
-7823
7205
7124
-1616
-5915
2344
-251
-6074
-8215
941
9229
1083
-3831
4622
3906
64
1603
-3455
6649
7294
-3109
3352
4494
-8312
8363
-3400
-6270
-6157
-3636
-2850
7838
1105
5167
-7036
156
-2089
-8900
-1641
764
2567
571
7110
9802
1208
6089
-2741
-7118
8068
-2552
7880
4172
-5358
274
-6546
9037
8022
-4208
4617
-7876
-4697
-1604
2233
-8
-2484
-7312
-5268
-6583
-6940
-4733
-7089
-6543
-4223
6562
-5739
9193
-8937
8969
3539
8322
-5030
-3206
-4330
-9550
-1837
492
-4344
3005
-9255
325
3334
-3698
5751
-4294
-7420
-7397
7124
-170
-418
4276
3361
-8777
2007
1525
1879
4579
-5597
-8167
-5146
-6011
-231
-2778
-1875
-1304
3296
5250
7817
6891
-8340
-6603
-2793
-1856
-9256
951
-5916
-4109
9758
-8314
-5982
-3965
-4163
3539
7116
-5482
-6450
-9050
-6017
8453
909
8281
8503
-6854
1738
1140
-5314
-8292
-1675
1705
-4221
6944
-6034
-5507
822
-9568
-6083
4960
3837
7465
7555
5833
346
9895
-9006
-4769
-7453
5342
-8002
-4472
8332
-1170
5794
3875
2895
7393
7027
-4284
-8823
-4883
-9728
3337
6472
6910
-2885
-718
8552
8737
-4205
-2927
174
-1628
8840
-5655
709
-6026
-4393
-4052
-5466
5336
4478
2874
5264
-833
-2682
4316
3836
-5629
-1641
5773
4267
-4768
5741
9247
-8454
9980
3215
-8674
-2765
4567
-475
-7933
-4118
-5335
-1454
-8221
-4840
1665
-4957
5418
-9062
-4906
5082
2006
-8734
-2663
-4754
-4464
8370
-2638
5597
-2483
-1584
2578
-2811
-623
-4968
-7069
-9474
-7559
903
7715
-7901
4680
8117
-7154
-4126
9231
-8268
4955
-7982
-1447
1884
-455
3508
-7982
-5761
-7928
-1813
-1590
-1168
-9971
-2181
3472
282
23
-5629
1145
-6096
4664
3496
-26
-6477
765
-5224
-9980
2248
-5150
-7903
180
-6597
-8524
4173
-7993
-8001
2660
-1180
-6234
2714
-2015
8064
7775
6601
66
2395
5645
-4279
-391
4179
-9176
2899
-9646
3094
9869
-8353
-9991
4153
4865
-5493
9311
4535
-990
7483
5185
2552
-1984
-8598
-4029
4246
6174
9896
-4367
-7532
-4035
6201
2961
-9915
-2576
585
1787
-4805
9438
9097
-2170
770
5442
-5495
8929
24
-1632
-7793
9290
-990
9025
-9022
9546
-8328
-7797
-882
1325
6283
-2948
-5591
-3548
-8782
7641
-5077
-7558
-8142
-1455
1741
-5343
3471
-501
7429
979
1003
9857
6281
7274
0
5618
2917
-563
2645
-6338
-2973
3012
-5496
-108
-7090
-7938
2734
-7020
-7505
4464
-4921
-7361
-5801
-3917
2892
5049
-3023
-3424
7635
4532
-3910
7691
4122
6900
8417
-330
-7173
-2021
-7184
3741
-2738
4679
-5955
-7390
-2433
344
-4712
-3525
-8875
9132
-3038
3023
6619
-3013
-5903
-3610
8333
9379
-1516
760
-2793
1572
-4640
1363
1331
8662
-1466
6984
5431
-1859
-294
4704
-6523
-958
9594
7334
6300
2594
5056
-7845
-5722
9648
3803
1069
9533
75
8122
-3727
-4246
1534
-5485
4778
-9982
901
1322
-1990
-5658
-7444
2329
7433
-8529
1703
-4813
-223
-2384
6451
1130
3720
6011
-8315
4648
3040
9718
113
-7209
-2706
-1491
-3349
-5071
6700
-4747
4875
-5138
-3808
-6628
3975
1800
6061
-2564
6967
-3188
5296
4335
7443
-2277
-1256
3564
5497
-4410
-8010
919
9885
3454
8785
8165
9991
6493
-6407
4287
-6554
-2767
-8821
-8757
9923
-6689
-8178
-286
2361
-3961
6126
-2884
-3687
8231
1641
4518
-4483
-5661
-9869
-2373
-6727
-7582
-5722
-7077
4826
-3530
5016
4792
-6897
-995
7645
-2304
-6990
-597
-3772
-7978
8808
-3251
1011
-3068
3895
-8506
-1940
-8466
-4169
1110
9960
-4911
-3596
-7031
-7882
5082
9776
-4183
-15
-5297
2437
-2189
-6892
-335
4116
900
-7200
793
-7009
-2088
9445
-3792
-9682
37
-8620
7391
9262
2751
3463
-5593
-952
-967
-1243
-5648
-1087
-7508
4746
3122
1940
7494
-3598
6439
-4410
-7471
-535
-5434
-2502
4935
4482
8973
3176
-2025
2283
4970
-3474
-9653
-1977
4543
180
3442
5646
5688
-8121
5653
-1284
-7004
277
-8059
-1547
-5004
3503
5605
-1609
9840
4091
-5928
7405
5954
4457
1707
-7013
-1251
9412
3077
-6848
-7851
9135
-2684
-466
7733
-8504
810
3523
7220
-7613
2118
-3656
-6358
9036
8375
165
4188
-4138
-1369
4461
5964
9060
5007
1976
1591
7221
-1461
-9340
8443
8474
5696
-4189
-5366
7481
-4518
9206
-5969
6771
1034
2109
6751
7136
-2406
-6607
5930
-3330
-8241
-1552
9404
7983
-8769
-5493
-6213
244
6424
-2402
-6990
1032
3035
2275
1480
-8159
-4766
2062
4882
8134
1367
939
1011
-3534
6680
-2281
-1875
-1059
-6109
8190
-4051
-6668
8425
5170
-2808
-9298
-2002
-9789
-5148
5808
-714
-505
-9627
-6095
4754
5575
-577
9292
3659
568
5282
-2429
-3156
9739
-3396
-333
-9954
6318
2284
326
3917
9389
6455
7808
8336
-1206
6750
-6707
-5483
-5572
-7445
-6342
-4625
-4693
-5846
-7227
9147
-7945
3983
-3027
-1490
-9233
-9295
8453
6432
-3811
-6613
-6375
-6954
-7303
3632
7061
-3020
4193
-8009
7866
-8426
-4806
-5170
-6286
-7242
4326
7276
6210
3404
-2435
8335
-3827
902
1009
9060
2384
-3060
-1193
6940
224
-8280
1082
6447
8012
-8822
8274
-2059
7133
-6757
-5516
5016
-2992
-8736
1708
3984
8987
-3006
1141
-4304
-9217
4892
-9982
-3377
6604
612
8244
-9820
8313
-4643
2660
-7228
3696
8468
5523
-7431
1083
3919
4427
-706
1130
2365
-6949
5224
-5140
3210
6890
-6280
7875
4371
4028
9828
-5605
-5222
-1067
-3795
-6268
-4248
4829
822
-8268
4887
8526
5819
2394
-5843
7335
7072
-845
-7409
-9013
-9906
5120
-9761
-9593
5215
-4962
4902
735
-3594
-9827
-3135
-7074
429
-9873
-1711
5884
7071
-7427
292
-2992
3364
-4193
-2704
6979
-2836
3590
5098
-4311
6683
5663
5793
-2629
3995
-806
9436
-6631
-89
-495
-6852
8475
3872
2567
-452
-6720
-4115
7711
2036
-1501
-1890
8197
8054
-2458
9599
-713
6254
-3492
-6985
-5946
-6187
-8634
9665
5860
-981
-5075
-6413
4356
-2729
-4121
4246
-8806
8321
5577
6074
7879
-4786
8183
-2973
7988
-6810
-3982
7493
9929
-2691
-6751
6960
1884
4859
-4985
-3356
-8082
2767
-9550
1457
7702
-9779
2684
8258
5228
-867
8466
-3558
9149
8778
-1624
3118
-5719
8073
-929
-8167
6762
7928
2008
6202
92
260
-6191
4938
3779
347
3760
-9375
-2089
-4646
-9878
-8124
4306
7109
-6965
738
-2841
9690
1769
3662
5146
7523
-7420
-222
958
870
-5696
-2282
-4765
-365
6430
3083
-9769
-4387
-1839
-7548
3354
2624
-2374
-2157
-3593
-2635
-6135
-774
3260
-8220
-616
-3761
269
-9239
5035
3133
-9229
-8065
4485
-3427
-6119
-3212
-6818
-1550
3263
3023
4584
-4983
-1929
7682
-3821
4768
5731
3518
6085
-9130
-1578
5814
4912
7699
-7743
-3288
-208
-181
-7001
-112
7934
3408
1607
-6855
-5542
2076
7500
7950
-290
-6443
-8295
1840
4971
6140
2786
5196
-7326
-4972
5564
7355
-2749
2721
5988
-9132
-656
-9501
8358
-1028
2462
286
44
4637
-4839
-251
-8758
6689
4778
3967
2716
4116
1890
-1349
5713
4462
7125
2858
6728
3607
-420
2003
9616
2294
-5467
9799
5393
-3219
8731
1994
3707
-5836
5889
1372
-3407
-8945
6507
-1953
-5975
7394
-3587
-2223
6110
7522
-3054
-7311
-6708
-4658
-9875
-9733
-6786
-113
-8017
4350
8344
-9349
7437
7544
3922
-2955
-36
-8349
-3409
6542
-9164
-2341
-5392
742
-4386
7034
5718
8452
-2360
541
1810
6604
-418
-5371
-5183
4975
5338
5447
-5290
-3405
-9845
-7066
8980
-1365
605
-8200
-7696
-6459
6785
2578
7285
1272
8706
-3644
-4601
9156
288
-9299
3998
9134
4486
-3208
7443
5309
-6961
5970
1297
-3072
9855
5954
5689
7342
3451
9247
5236
5981
-4398
2638
-7573
1771
3731
1030
5921
6639
-6638
-9754
-9432
2501
-7721
9402
7990
-2084
-5729
-50
-7745
-3560
2562
-3819
-7585
-5427
988
-6298
9835
5214
427
-5936
8299
7677
2736
8701
-9773
8724
-9136
-6889
-7307
-7350
-1015
-8901
2399
-9822
6831
-8298
-8800
1363
6530
-5280
7100
-118
3885
3052
-9727
9327
4705
6362
9221
-7455
9125
4219
-8474
1139
-6175
1536
8061
6972
518
-8439
5581
2143
3136
9042
3603
2206
-1630
6316
-3422
2633
9201
7357
-6663
7108
-4527
6355
-1267
1179
-892
52
9797
889
6579
-7478
-3288
2233
-1120
-9515
2699
-5670
6641
3066
-3653
-2592
-6606
-32
-8367
-2805
7124
3083
-4487
7823
-4350
-1873
3014
-9074
-4768
-3149
-8416
7885
158
8816
-2002
-3667
3416
8751
-2863
9710
-4381
943
-7372
9802
8014
-1122
-1280
-7341
-2567
-4463
-5677
3216
2438
8130
5244
6705
3999
9960
5505
5058
-5224
-3919
9612
6321
8299
-504
5526
815
-3051
149
-6604
-4498
-2882
9411
2699
-7305
-7889
-4884
1619
3071
-5447
1722
8769
3320
-6065
5750
87
1676
2136
1698
4950
1949
-5884
-751
-7188
-9918
-9015
-8450
-1897
-7401
805
5935
4013
-7081
2449
8294
1794
4725
2757
4778
9831
3848
-1706
1874
2288
-2210
4614
-7951
2936
-2919
2161
-4185
-8707
3650
3103
-945
-4448
-1421
-422
-484
6335
-3248
-9795
-8900
-8479
4773
8976
9512
-4423
3127
4230
9569
174
6185
7275
-7143
-3222
-6021
271
6002
-7172
-6219
-9230
-3554
8485
79
2308
6010
5913
4304
-4128
2918
-4017
6990
-4993
-5474
9094
-677
-6562
-1732
6235
-5929
-1195
458
2580
763
1666
6603
7959
-4200
7385
18
-4837
-601
9952
-2153
-4465
9674
-8800
115
-2968
-7354
791
-1826
7517
8085
914
2384
-304
2599
-1499
-7784
5866
140
-8725
-7066
6606
-3071
8102
2804
-4862
7087
4170
9176
6621
-8752
-4685
5051
3461
-8310
-2098
-353
190
-7675
-632
1514
3893
-4281
9916
9926
4494
7531
5280
424
-2450
-9428
-7909
-8882
3516
2933
-7748
-9599
3012
-8288
8078
-6807
-7852
8096
-2936
-5440
-5568
4657
1607
-2703
-8481
3337
9642
1517
8734
4889
4799
178
-3393
-2479
-81
2914
7940
2300
9209
-8114
526
-7820
-4979
2773
-2533
5628
6099
-5853
-3063
-9621
2961
-1784
5817
-1750
-7471
9439
-4715
-6759
3342
-6197
6371
-6121
7985
3020
-866
2043
-7784
7458
172
-5640
7236
-3626
-1669
3024
-7346
6832
9916
4786
6906
-4113
-2270
485
-9721
-1941
7490
-8305
8783
-8286
-4644
-2117
-9329
-4758
-9124
-6
9439
7603
2150
1919
2128
4587
1304
-5058
-1227
-3088
5423
-5506
-970
4881
6470
2495
-734
-7494
2895
4214
-7833
8451
-2317
5755
-6838
1888
4118
6006
-1004
-3740
-6323
8877
8463
2687
979
743
9892
-7715
5903
-7925
-276
623
-3585
7877
6905
6971
-335
-376
-759
8967
-4679
-6742
-2398
7623
7668
-3974
-1119
-2191
1164
197
-6311
1458
7127
4082
7972
-741
7855
8742
-8360
-7431
2790
8025
8440
-4735
1835
-7825
4014
5536
-9649
-5367
-1215
2769
-698
-4544
-3291
9630
-4858
-3293
2541
-3238
-6356
-6161
2345
-8754
6115
1648
7743
-8458
3823
-780
233
-3943
1674
-5070
4765
4731
-1729
-6298
-569
1264
-3447
1269
1292
3798
-4319
-9218
-109
-4123
4207
-7076
-9615
1543
-9862
8287
7996
-4097
7739
-549
543
7792
2122
6309
5694
-7302
8219
8429
-2929
-4789
-9494
-6154
-743
-3281
2684
6394
8813
5886
-4183
4135
5009
7192
4020
7359
-3390
57
-1203
-1382
-2987
-180
-8340
564
7269
2784
-1102
5241
7723
-425
-4729
8354
-8600
-2970
3821
9238
-3983
-81
5270
-5770
8565
-8969
-599
5901
-422
-4196
1660
-482
3160
-7934
-4471
8484
1245
-2028
9516
9222
-5245
6980
-1080
-3702
1799
6255
-187
-9145
-3680
8364
-8743
-1061
-5866
-9988
6289
346
-524
6070
7359
-4798
6111
-8794
5903
-9509
-3950
-906
-7520
5485
3670
-9416
-3812
3162
-5435
8264
-4422
-267
162
-2679
-64
7832
-4100
-859
-7465
-2100
5177
-7407
5183
-3125
8192
2627
435
3211
-4271
1702
5403
-7350
-4725
4659
-6566
-6766
-5013
9172
-6781
7304
-2611
3228
3220
3837
1814
-3193
-8050
4243
8488
-8483
-7776
2684
3551
-2635
-679
-5670
-264
-5231
-3070
4904
-8118
-6811
-2481
957
3609
-3423
-3729
6760
-1749
-1688
-9727
1854
-6561
6104
-72
-8919
417
7775
-3560
1028
7209
-1019
-9658
-710
7775
-9758
-9614
-8859
-5462
1853
-7678
-5876
8418
1895
5196
-7385
9505
-2211
-4400
-1402
-9917
-5848
9645
-7659
-1070
-1140
998
7507
4630
-8020
371
-2403
-9173
2122
-5656
6197
9462
-7796
2520
-3911
-5527
2585
4447
-7927
9061
-8329
2814
-830
5024
3609
5001
5920
-3887
-9052
642
-6426
9853
1253
-1585
821
-2584
6000
5945
-2794
-8875
131
-5662
5131
1049
-6491
1192
6296
1056
5393
-3740
5020
7011
5337
-1401
-6476
-6069
3842
309
3235
7621
-4373
6388
-6940
1653
-5037
1593
-3152
-274
8858
-2069
4161
-9972
-8577
-5425
-9815
-3911
3469
7322
-2612
-4624
-3181
-3592
7450
3523
5336
-82
-3968
-4052
-7534
-4283
-6231
-6995
285
5333
-5422
-7725
3832
7591
1728
6154
-4227
943
-6800
8943
-4690
8999
538
439
3431
31
4111
7081
-9074
-1777
271
-9348
-5236
9540
-2542
3323
642
2810
-2861
-9751
-6139
7903
-5236
5830
-672
-9111
5038
6592
7879
8588
9008
-151
-6706
8298
-2936
-4459
961
-315
-4782
-4213
9604
-6688
-6886
-9533
9606
6507
4372
-9138
-5083
2126
-5298
1384
-243
2339
5959
3776
8756
-1380
2163
-5208
-5628
7759
-6272
1805
-1175
-3016
-4776
7701
2248
2095
-4752
-8117
-3136
5172
-9031
-8000
-3425
-7625
8055
3279
4117
-3056
-4145
-995
-7959
3196
5470
4930
8522
-8672
-8612
-9312
-5014
111
2271
-4338
9495
82
-1856
7133
-5337
-3213
-7304
-1672
-240
297
-2010
-8666
-8548
-5150
-803
6224
-7654
-9942
-7294
-3598
7646
3275
6066
-1459
5197
9405
-6686
-7562
4747
-2129
-6705
8094
8575
-33
7466
9250
-8551
-5661
-4253
-4958
5419
-5800
4891
6389
-2028
968
-3517
5033
6412
-7524
4971
4824
7988
-5615
-3263
4437
1175
5206
-4380
1166
7069
-3610
6445
3236
-1051
-3276
6423
-8804
-4704
9334
8716
9082
-9430
6204
-6405
-7669
4854
-9560
-3382
8392
-3147
-546
-2534
9133
2682
-6911
-29
3849
8981
-7589
-1784
4089
-5473
1282
1766
-6828
4070
-9426
-2190
-8999
2798
-5589
2599
-9756
-6272
-7312
-3110
8358
-5281
2380
5509
-2828
9086
-8254
-3537
-9237
9422
-3083
5517
-2763
-9841
-9719
9488
6595
228
4537
8690
-6095
-5579
-8725
-9176
2482
156
3437
5453
-5461
-2337
-512
4056
-5123
-3690
-7320
-7670
-9061
-635
-955
9494
-8020
6493
6804
-1369
6105
4181
-4898
-8751
7836
1218
2781
-4925
-7825
-1189
1777
-6267
-8034
-3415
-2436
-8906
1782
2811
2389
-9179
-8583
-1464
-1793
-8055
1363
8089
8845
-6615
-9193
5409
2884
5108
-3914
8605
-6465
7922
9377
-846
3390
8878
-7363
-2321
-7364
-3246
-9084
-4224
-1518
2820
-4005
29
-7442
2847
-5626
-6261
6914
8630
-7864
3220
-7969
8863
-2488
-3427
3498
4188
2478
-1971
5023
-9367
3592
-8795
4333
-5740
-1080
-2103
-9337
-4836
8132
30
849
-7185
6114
9794
-1554
-6880
-6061
7716
-9169
-2685
-9168
-4481
-1519
-2202
-5043
3770
7414
-2539
-5687
2441
-5712
-8387
4736
5294
-3212
2584
-2431
7339
-3515
4336
-8895
3189
2754
7578
-5017
-8793
7874
7334
8687
-337
-5593
429
-4839
21
-6715
-887
-6442
-1156
-1460
6838
6175
5485
-1103
7988
7225
744
-6210
-8462
1023
5507
9190
3322
-1890
5699
2134
-9681
-3308
-6760
3081
7336
8496
1453
-105
3062
2660
-5069
1419
-8503
-9963
-1781
-4787
4061
4451
-3985
50
9325
3493
4160
-111
-641
4586
9620
9182
-68
7121
-8853
-9978
3128
-2876
-1039
-7164
5751
8467
3115
22
5424
-6286
8188
6737
-7465
-8501
-5063
-5705
529
-2383
2053
-1813
4307
-3606
8379
-6560
-9794
-6744
-2594
-2104
-2326
-1346
9502
5767
-2605
7760
8485
5483
-3899
-4478
8206
-6651
5879
3954
3899
7730
1026
-2658
7281
-3593
-4209
244
-3962
-7675
8661
-6741
-6637
-6134
-6725
7901
96
-4447
-6307
-6178
-5463
-4070
-3811
-4876
-9764
-6205
3903
6334
6625
-2397
-8163
8012
2091
-7299
-9127
6789
5983
7272
-588
-9600
-999
255
5413
-8356
-782
7905
-2570
-2524
-295
-8416
4745
5978
-3704
8937
-1096
-943
-5742
-1076
1769
5803
-5365
-1528
-1055
3630
9184
-1502
-3226
-9037
4471
-4137
9276
5595
7104
9869
6515
4791
4841
3064
-7299
312
8713
-8086
-2100
2031
1022
-1060
7465
8166
5857
4846
-542
-2083
4296
-4654
8617
-2827
5044
-7947
-2330
-5566
9372
-158
-6658
-8261
-3741
-4809
3218
9196
4394
3220
-3817
-8177
6455
-1307
1261
825
-6634
2827
-2473
6671
2169
-5312
-5944
9143
-239
-8725
6051
6140
-2950
-7253
-7792
9863
-7521
-4337
-707
7245
371
3226
767
-5581
8127
-7389
-9893
2253
-3798
-2006
5059
-1172
9508
-5156
423
-7850
-51
2150
4229
-1380
-3612
8159
-1834
5634
4263
-4368
5631
-2731
3564
8472
-8959
6182
2676
-2067
4627
1181
-2287
-8448
4750
7727
5623
5515
-3406
-8970
-6482
-2174
-8599
9405
7760
-942
-2805
-2941
1900
-1246
-4985
7866
-1928
-8906
-248
-2177
9814
7977
656
327
335
-3098
7903
-1968
-2233
4301
5646
-9238
-4723
8825
7681
1475
-4105
-500
6766
465
-2056
5805
-9101
5797
7544
8765
4125
-1866
-231
9783
-1962
7905
8109
-1322
-9057
-2648
-6342
6696
5747
-6629
-4216
44
-7684
-1095
-9055
2580
2772
7193
678
6532
-6175
-8643
6739
1263
-6803
2980
-3042
-2485
6425
-2363
8163
4440
111
1885
-4821
9742
-4885
2653
9897
2347
-109
5541
1202
6421
2103
-7078
4072
4115
-7983
1925
1327
4051
2710
-4351
-8211
2277
-4918
3414
7885
4574
7643
9851
-6123
6144
7871
-8724
-5731
-3540
-7024
5088
7986
-3032
-1595
7317
7892
-6269
-2942
-1015
-4707
-5343
4553
-1871
-480
5782
5463
-6036
3771
816
4841
2246
3366
-2573
9463
-2450
4839
-3341
-4291
-2482
-692
8946
-2757
-5445
-8020
7130
-8838
214
-3259
-2337
3331
2935
-2840
-513
6058
8602
4521
9087
-1500
7068
8087
-6040
-4917
-4912
1178
2990
-1531
-1460
-142
4367
-3610
317
-7904
-9044
8092
-3166
2728
462
8142
4553
-4468
4502
3699
1076
2051
-9360
-8897
4274
-5801
-6167
223
1082
-9644
-1472
3530
-775
-5663
6220
718
2536
9768
-4259
-453
1764
-7180
4390
553
-7839
-3129
2862
-4121
7336
-5826
209
1410
-9096
-7352
409
9486
1125
2645
-5610
-513
-4859
2075
-7646
6708
7246
253
-7108
-5210
-3070
-5751
7280
-4068
-1304
2528
6877
-8214
-7308
-3113
-7408
-8447
-1622
-4031
6399
-7170
1712
-3159
-4881
2641
4359
7281
97
9119
9118
-1399
-3143
5108
-1021
-2114
-1981
8501
-594
3368
2065
9050
7600
-2154
-5161
-8052
3036
7205
-9558
8675
-2651
7711
-9487
-3711
9924
7560
-7288
-6740
4599
-8457
2424
-867
-4206
-6354
9369
-9593
-8814
-2400
6718
7381
2980
-6191
3834
-92
-8727
8762
-8868
-5036
-3885
7855
-4285
-6773
7678
2705
-4352
-6626
-6864
-4456
4940
5245
-8503
637
-7840
-8712
533
8675
844
4406
944
1418
-651
-3729
-7272
1315
-6921
-4215
-5268
1207
-775
738
-2105
234
3575
-3977
-598
-7490
6537
-704
1271
6749
-5563
3993
-6637
-4572
-1384
-5976
2807
9222
-3115
-9828
-1635
2355
-5611
-4511
-7618
-8718
-6458
7949
8175
-8803
8275
-9345
8045
3734
-1261
-8906
6442
8088
2859
-5773
-1544
-9153
1514
-5796
-1691
3607
5686
-8001
4405
-724
5077
5726
-9043
6820
3110
8876
-9942
-3905
-7965
-489
-204
6313
7057
-7777
1844
3129
4602
-1140
3674
4248
-5733
2412
-8972
4776
7108
5273
876
3703
-9857
2756
9025
7594
7454
2596
-6152
-5411
8478
-1766
4634
-8618
-9625
-5562
5778
-1616
-6900
2071
-18
-5799
8682
8632
-2488
1881
-2647
-7427
2770
6824
2976
6947
-6787
-9803
-6729
-3424
7661
-7175
-5966
4456
-6644
1395
4780
3194
7113
-6302
-3443
-587
-3734
-3370
2379
-41
-6762
6636
-7307
1287
5650
-5778
1113
-1319
-4937
4889
-4537
-7849
1203
1468
-1874
2640
-200
1886
6741
917
-759
774
2058
-1990
5372
-7015
8222
-8269
5097
4053
-1209
-9914
4899
3545
9691
-4477
9372
-3618
8814
-475
-4262
-2571
-5812
-5685
3173
9909
7060
-2781
-776
3562
2353
7845
3131
-420
-9380
-173
-2341
3908
-9188
4010
371
-2495
-5213
-440
8912
6515
-6748
3739
-6760
-2812
6955
-1692
-174
2119
-7787
6389
5120
8423
-1211
6831
9828
7678
2061
-2227
2073
-1264
9462
-2533
-8923
6387
-1917
4879
-4761
776
-9451
2865
9372
-9424
-315
7196
3189
-332
1424
-719
8006
6202
7044
-1615
-3066
7426
-1239
5700
-1698
-1559
6173
3631
-2578
2316
4180
1793
-7158
7552
-41
-3182
3502
583
5463
3439
3092
-6659
-9625
-1482
3900
-4914
-3515
2707
-9502
-2016
10000
-8850
-366
41
4932
-7938
1911
6160
762
3307
5038
7699
2901
3264
-3776
-2276
6212
7544
-6258
-5551
-8452
8167
-1568
-3769
-3939
2847
709
9976
130
6739
7924
-7560
1371
-8940
3338
5228
791
-3809
-4297
-9808
3457
-196
2265
8250
8030
4049
8754
6236
9846
-9313
3272
-6428
767
3161
4991
8806
-1502
6383
7063
-6677
3060
9775
8955
-4725
3621
7008
-4072
-4832
6364
-5492
4630
-8243
-943
1983
9544
3190
-8788
2020
-6894
7130
8429
-3986
-9100
6561
2283
-1144
8338
6626
-4807
-7018
-2979
6732
3880
-3375
-140
-3472
-7430
9940
2447
-9545
-819
-7857
2819
2919
-1536
-1715
-2116
-5590
-2088
9349
-1162
-5694
-835
6039
7408
5457
-3165
-4540
-5337
-2915
-9701
-5703
7562
-4440
-2894
233
-365
-8779
6383
-398
-7139
-8128
6110
1110
-4013
1764
7282
4629
-3138
2219
3073
7699
-9606
7516
9896
9901
9261
-1648
-6176
-816
4457
-8939
-207
-9281
1459
773
-926
6459
9564
-9286
144
-3106
-940
-5762
-1165
4837
2276
3169
-2584
2171
-9876
5964
-985
-6462
1884
699
-254
-1725
-1340
-5106
5413
6617
4780
-2812
3448
4248
-6069
2031
-4975
-1624
1354
6512
-7021
-5033
-919
-7653
2348
6093
782
6562
-1449
-2004
-5053
5210
9869
6798
7846
7449
-4173
-2117
-8385
-5819
-3203
-4565
-499
7541
9053
1467
-6173
-4336
-6519
830
-1562
-1489
8955
4136
-257
5358
2807
-4020
