6340
-6421
1920
-7791
-163
1079
-4880
-7789
3509
3596
1320
-4406
3227
6174
9251
1872
-5967
-5331
1598
-6326
-3650
-8750
-7086
2554
6463
2846
-5463
-6970
-2325
5859
-1737
-2695
320
-764
-9607
8684
-3958
5922
-4008
3382
9852
-9354
-1080
9039
5725
-133
7520
-5420
-8095
1967
-7477
1200
5314
-2779
8054
-1666
-6117
-238
-8020
4430
-6775
-4860
9583
8443
2962
5341
4052
-6712
-6856
-2919
6362
-3512
6267
-1041
-4564
9643
2336
-2027
6427
-5101
2228
8401
-4020
-3763
-3287
8557
-3356
9651
-7073
-3141
1887
5275
-6515
8410
2266
9376
-9831
1394
-3736
6420
500
8441
-4577
-7759
-5162
-2233
4476
-1848
-3967
-8383
-4783
-1726
8727
-2940
9922
1053
8161
2473
-3519
-5931
5527
2610
-6972
3608
-224
4036
-1988
-9604
-7324
3606
-9033
1192
2972
-9151
6321
3250
-7581
8674
3594
1525
7659
-9303
223
2290
-8886
2360
-8697
-7166
2199
-3872
908
-667
6554
-9209
-6175
-1052
1554
-164
-9598
416
-8980
425
-7736
-6600
-969
7
-9764
3579
1152
2181
-6482
1073
5402
9354
-4894
6372
8174
7035
978
-6825
9324
4666
-9013
8939
-361
8411
6506
-7651
4912
2914
9959
3761
5348
-1333
9746
1530
-5216
71
6345
386
-4452
2550
9539
-2047
-2018
-4954
6479
-5128
-8929
3560
7024
9484
9836
6019
-9469
167
4840
4799
9726
178
-3440
-4311
7596
8289
-298
-6051
9031
-4138
2708
-5797
-8004
2169
-7814
-3366
6777
1740
5339
-8676
8624
5873
-6790
-2388
16
7759
-3374
-6020
1532
5993
8915
-1964
-170
-6171
-2413
8253
-5308
9833
4422
-3225
-4849
4430
530
1070
4968
8620
9422
982
-4949
-7178
-2879
-2694
-9231
-6730
-7890
-6465
7449
8589
-4310
-5275
-9362
-4095
8244
8684
9762
9318
9853
-4070
-8336
140
-6425
1270
7784
8183
-8085
9448
-9629
5397
-925
-1642
9314
-9227
-5332
7831
-7172
9494
-8958
-2096
-3887
7509
1531
-1045
3751
-7917
314
3052
-2978
885
-802
-6643
7928
6757
8471
3672
-4545
5545
-2910
-4665
2599
-3593
-285
-8155
-6700
-9121
3444
-3667
-4855
3536
7810
-2828
5143
5555
3173
-2050
-4248
6190
-524
3601
4573
2525
5581
-810
427
217
-9594
-8849
-2674
-9511
2452
5719
-7669
-1868
-6511
-9637
-8038
5497
-3261
9941
3767
3950
-2031
5480
-427
7470
2514
5488
8051
-2910
6132
-3633
-8021
3088
-4925
-270
-5067
-3430
9134
2313
-9189
-6731
979
5300
7213
636
5365
-9021
2676
8389
-5063
-7884
8600
-9955
-6508
-4125
-976
6678
-346
-7796
-5383
-9093
-4363
299
-3289
1495
-2886
7709
2639
-790
-2690
4427
1328
-5870
9695
4542
-8655
3131
6599
2951
-3611
466
9229
9751
-5747
5553
8734
5088
-5814
7766
4097
-227
-2869
8298
1357
-892
-502
4714
-6328
-8782
-5588
1804
-9315
-4275
8782
669
5314
-4041
-4358
7760
9986
5907
-8711
-1412
-9562
-926
-5184
8032
-6416
600
6939
9917
1300
-4233
-2911
9667
-8996
-56
4710
7849
0
4515
-9489
-9683
-1836
-473
-2649
9113
-4675
2014
6772
-5766
-9563
1608
8465
-9996
-6292
-3748
-5122
-4345
-1581
8828
7693
2673
925
6072
-3463
-2384
8942
9112
-4795
-8831
-8831
-9333
1131
-1044
-3013
-6023
4394
774
9880
7233
-6784
9723
-2336
-4429
-1379
-9151
6022
6507
9109
3576
1793
4144
198
7742
1252
-8963
8671
5288
6963
8172
8614
5548
-1426
-6374
594
-2245
872
2183
-8398
-9750
8425
9296
-6916
-8748
-9520
7300
-5298
3591
1657
7680
-9697
2466
-5430
-9867
6227
-5238
312
-2718
5812
-1811
-4995
-3269
965
-3020
1613
4127
4720
-8262
1280
-2638
6090
-2714
-261
-3657
-9942
5474
-9236
3004
4307
-5869
4747
-9793
-5507
-3087
6869
-1657
7058
8691
-8246
-6544
8183
-233
5758
-2842
5870
3809
6098
6133
1587
-8015
7401
-9124
6102
-1957
-1555
412
-2126
-7751
-7199
-6153
-5308
7166
7378
-633
4341
-7134
7025
-8791
3887
1928
4497
6830
7558
-5181
-5293
1710
-8981
-6167
-5684
-8883
-2825
-2484
8401
7539
2007
-4138
2921
-1284
-2903
-8332
-2863
4252
4004
-1618
-6477
551
517
-3050
3713
6249
-7418
1357
-376
-3589
6368
-5622
6355
2126
7073
2807
-8715
3924
5188
-8916
-6283
-8026
7460
9113
-183
1214
-8664
-4171
7686
-3302
-3536
2596
6244
-1587
-2783
5748
2356
9550
-2871
-8847
-2890
-8889
3469
2976
-7349
857
-6742
-3740
7552
781
-3621
-3899
-2798
8517
-1499
-2955
548
-3817
-1214
-382
8521
-1946
-9372
52
7721
3835
-6007
-1237
8510
71
-5887
-1804
8166
-4335
-9719
6769
-9935
9061
3602
6089
-1547
6024
7723
6204
3677
-2874
4792
-9132
-7364
8534
-2335
2864
6349
6321
4244
-7338
-2124
-8409
-7623
-9017
-5981
-3171
2945
-9222
-4875
7179
-1024
4487
4554
1237
-7933
-585
-2711
-1684
8261
5783
6502
-3405
-7891
5512
4096
7724
5353
-9567
-6304
-3080
4962
3309
7366
-528
-3109
-3623
3619
3907
-2265
-2381
5120
9940
844
7102
5049
-7570
8818
-9454
6658
-8094
-3970
-4379
-6402
1290
7421
-7628
-9642
-625
1444
7253
-8087
-3072
5903
-7947
-2640
3105
8405
-2802
6865
7471
5318
-303
-7345
2737
9230
-9853
4756
-8131
-9560
-3504
-5798
-6860
-1272
-9203
-37
555
-2931
-9172
478
507
4269
-2859
-431
-9057
1491
-8128
9529
8186
-6335
9860
6520
-457
-9538
-7112
-7219
-7684
4268
5557
-1486
-1267
-9350
5077
-9341
-309
-6637
6624
4757
8292
-2128
-657
3577
-1530
1653
-7996
109
2236
-479
4000
-6361
2552
136
-5765
-757
-3769
1319
-3753
-499
-3100
-1209
3843
182
4022
8430
4891
1994
3501
125
-1728
-1221
-3422
5502
7107
-8068
-2009
6813
-7319
1529
6453
1413
-5591
-5270
1711
9992
-157
2492
2439
-3230
-6178
2627
-2354
4149
5124
7441
7241
4340
1012
-6848
7577
8470
5699
429
-4655
-2195
6112
3041
-6983
894
9804
4221
5938
-1197
-9746
2352
-5240
1971
-8202
3298
6367
6780
-1708
-6567
-5601
-1625
2012
7244
4096
2427
-998
-8691
6748
-8759
3392
3230
-3974
-5632
-381
3564
-2096
-8186
4954
9424
1537
-7439
9892
-7818
-5417
-5033
-410
1847
5426
-5262
-8359
-3308
7255
-2489
-4055
271
8119
1958
2761
-2174
965
-4440
-302
-7133
-143
-3353
-9055
-4524
-3257
-249
2414
-781
3348
-8165
3525
521
-3726
-2268
-5768
3249
-9609
8583
-8760
968
-495
3705
536
3591
-4187
-7282
-2835
9114
-2486
-7214
2297
8702
-951
6567
-836
-2449
2277
-1278
-6859
-759
2875
8948
-7848
6878
7277
-6360
-3373
3026
2959
-6826
-645
9658
-9388
-6643
-8636
-4192
7470
3518
-4492
1908
-4279
2384
-5233
-448
-8537
-367
8678
506
1767
-5749
-3448
7394
7462
5451
9627
-5785
3162
-8662
-5008
8476
-591
-8006
2337
-1569
-8458
2840
-502
-6293
-9017
1016
-8473
-5308
-1402
-7084
8788
-3593
7746
-4136
5238
8859
-4039
-7193
4235
5051
9718
-9145
-3665
-1562
4118
2800
30
-8547
-1907
6831
-799
-7228
-2563
8420
9130
5101
-5780
-5305
7155
-8186
9882
-8981
-2583
-3821
5181
-795
-6798
6373
-9106
5540
2602
5238
8261
-8270
8811
-6101
-829
7571
-9032
9872
1821
9313
2586
-3534
53
-5157
2214
-7288
-6841
7333
-6401
-6934
-7716
7101
-9694
567
-7280
-716
-43
-1354
-9807
3877
6338
2742
-5734
-549
6909
-7658
-6853
5576
-8542
8119
-5063
-5013
-399
-6883
-9859
3615
2599
127
-7730
-6620
5168
7627
6962
-3135
-2595
5707
6042
-2613
8033
-1946
-5627
-1433
629
-4158
900
-9031
-2544
-8139
3342
6549
1280
5954
57
-9559
-2663
-2338
5726
-5816
-9460
-5812
3325
9282
-2140
-2574
-84
7029
9581
3142
4489
-4151
7598
4160
2636
254
-18
2366
-7517
-2584
-31
-2632
8291
666
-6557
-3591
3945
3656
-3738
8031
-1170
8653
8825
9007
-4318
-7008
314
7803
-4526
7895
4108
5236
-7896
-910
621
1739
1157
-4597
6758
-9559
-7582
357
-298
6067
7907
-6588
-6784
1267
-6161
-4519
-952
-2707
-5298
-5533
1538
8594
6421
-1515
-5230
-6093
3341
-6469
-2621
-6805
-3033
-6326
-1233
9337
-5311
-4254
-6465
-9157
-1799
-1749
8280
9307
476
2579
-2062
5694
-9722
1546
-25
-9962
-4739
7767
4752
116
342
6011
5819
-6912
7674
5720
-317
-7351
-2601
6920
4091
-2267
5196
-9704
-3166
-7868
-261
-3672
1978
-5345
482
-6770
-9374
5947
4761
3294
1756
-459
-8560
3072
-6986
7557
-4927
3516
5875
767
-3314
9706
5809
8118
-7047
-1372
5600
9766
-587
1058
149
-5524
783
-21
262
1768
-5030
-3726
-2129
9681
-2638
4954
-1274
1677
-4966
9878
9396
9158
-500
-6759
-4037
9262
-8442
-2854
-9036
-4447
-5556
-6620
-1961
4132
-5425
4813
-4674
6778
-3230
462
-4275
-434
8677
3619
6901
-8761
380
-264
130
-1215
5549
-3542
6350
-3950
9944
6646
-1405
-5234
-1402
-1408
2738
-2712
1497
8975
-4165
3252
1616
-1490
5066
-8726
5300
7775
2971
-2481
852
7776
-1855
6216
1043
-3051
-5205
-3337
6581
-4157
1699
8247
-4138
943
-60
-160
-1259
-3278
-2885
7947
-1244
6071
7012
-5008
-5398
5918
2049
8535
9825
-8050
2190
-9547
-2694
-5354
1127
-9560
-4426
-9409
7801
-180
1099
8339
-788
-9192
5079
5596
9937
-1411
-3137
-6166
4547
6918
-7310
3589
6869
-4546
-8290
5996
5912
907
-5474
3685
2644
-1549
4755
6354
5382
-5560
-5905
-7400
9961
-4811
47
-6147
5559
873
3796
2366
9752
-9313
-9239
-8592
2617
-7958
1157
-8692
1716
6854
-2162
-9247
2231
-8356
3993
1549
-5001
1361
-8230
5122
-5409
9362
-9126
8490
-43
693
-7071
-4166
1903
-9722
-105
4646
-2794
3058
8399
2151
-5922
-500
-2199
-7443
4791
-5650
1603
1735
-5532
4175
-841
-258
8890
-987
-7351
4926
704
5264
-169
-6731
7625
-9752
422
-3622
-555
181
-8661
-9491
-6035
7338
-2187
-3236
3275
-8113
488
-8703
7165
2198
-9425
5088
5927
9968
-7653
7193
7558
5240
8277
-2995
-2364
6176
-5086
9827
-1249
7317
7006
8345
4332
-1516
-7970
8909
-1146
-7466
9314
-4204
-6526
3213
9225
-8482
3324
4948
-7485
4773
-6794
2963
3681
-7320
8947
-4416
-6914
-1011
6809
5215
-3251
-7743
-1059
3959
129
6879
-2407
-5570
-6920
-7773
-5823
7645
5165
-9557
7712
2722
7552
-8389
6817
140
4442
7466
-5180
2843
-2946
-1222
-342
7632
3507
2390
8979
4811
-2592
9284
8754
-2091
6145
6636
1569
-9770
-2485
-8126
6522
-6807
8162
2043
-1623
-3265
2278
-1840
-947
-4896
-9303
3325
-5493
2510
-6128
2935
5651
-7862
9127
5070
-9995
-1327
8923
-1607
-2802
130
9775
6813
1526
-7411
-4906
-7481
2296
351
-7798
9485
-400
9203
5966
2665
-1569
1575
-490
-4174
7979
1478
3638
-5086
603
-9412
-431
-4878
215
-7444
-9394
-6185
-6837
-5608
-4563
-1519
-4960
7738
6363
-4614
-7335
-1469
577
7592
1549
-9622
-6317
3185
4406
8615
7840
-8472
5006
-3272
-9881
-9386
7036
4536
3313
3889
-6132
-1173
-134
-3208
-5649
-3320
-3551
8175
-9538
-5565
-548
-1430
-8913
-9183
-531
-3742
6185
-9670
-8551
3237
-2949
6039
-1657
5160
-314
-5886
-3620
6496
-5265
521
-5518
-3450
9673
7812
6700
1916
6310
-5280
-8385
-5520
4263
0
2355
-1421
-2193
-5116
-4718
1292
8027
3883
887
9346
7790
-5944
8826
-8775
-2907
-5793
2238
4592
-9563
683
2104
8131
-433
1630
3195
5428
-3955
2333
5755
1031
4169
-7056
3928
-2429
5468
-1780
8678
5597
-5607
7104
-8740
9493
-8151
7096
-3579
-4437
-4715
-7366
1635
1724
5541
-6081
-9468
9006
2434
7539
2543
5700
-1698
-3591
7848
-2343
4754
-5452
7488
-6533
4752
8780
2002
-5741
8862
-3393
5271
-4817
-5522
6245
-859
-2730
-2535
6211
-4562
7307
-5438
-4616
741
-2412
-3014
7802
-7956
-5567
8424
5139
-3127
-8992
4842
636
-3930
4943
-2922
3714
5528
-5116
-6931
-9536
7625
8446
1657
964
-7039
-5912
-1014
-192
6010
322
7520
5928
-9401
6240
8766
2779
-9193
-4456
-8234
-2406
-8524
1339
-720
6022
-5005
-8684
6177
4454
-6582
924
-2285
4832
2142
-1563
-2322
990
-8567
501
-527
812
9259
805
2401
8952
-6508
351
-2981
-1024
-9236
-756
-8521
-4809
3232
1115
-6479
-7417
-7363
-783
-507
5609
7618
6561
6511
5411
-5175
5916
-1026
-8587
-4062
-7230
9878
-3014
530
-6618
-4502
-1596
6496
9203
-2896
-9011
-1687
-571
-8973
1893
37
4196
-8895
4433
7126
-8441
9184
5879
-5014
-4105
7480
9970
6777
-335
-3587
-7806
847
7186
9979
-9385
-7441
4289
-8161
2926
6279
4272
-1791
-4297
7345
820
6459
-1707
-7378
8945
1196
-8423
8473
-1032
-1326
-6412
-1507
2612
8083
7718
8260
7247
6180
-859
-5203
6580
-4841
-1782
-8157
1081
-6201
9990
-8598
-8493
-6412
1935
-5752
-5214
8815
2471
9543
-2630
-8922
1798
-4729
-728
9843
4400
-3586
-2769
-8631
2186
6436
-2438
-3873
4324
8583
8473
476
645
16
-7925
5232
-4662
6603
-4405
3005
3923
-9638
-2779
9456
-1862
-8666
9296
-4598
3218
3505
2655
2660
5998
7975
-9039
4960
-2868
-1819
-3029
-3462
-761
1782
7328
-6697
-3837
-9258
3907
1619
-8792
3658
1539
6723
-8500
786
7072
4963
-8451
3655
-1246
-5511
-7795
2787
4209
83
-7642
9937
-9704
-8566
-8558
-2410
-2139
6925
-4629
4923
6929
-321
-4532
-2690
-1330
5011
4589
3553
9414
-3955
9068
6556
-566
6541
-627
777
-7373
31
-2927
-7754
8451
9078
-9641
-9729
2874
-6363
-9659
5952
-8045
-1217
3517
-8896
9218
803
5011
-381
9777
1085
-6068
7248
-3611
-1911
-763
1100
-8719
-9057
279
3125
8117
9806
5689
5013
-7176
-6371
7142
-7808
-9873
-8183
3809
-7483
-3760
-9171
5920
2042
9970
-9905
6304
6803
5463
3447
2024
1709
-8026
3872
3757
2920
835
7936
4878
-6557
-270
2202
2764
9288
8594
-5739
7774
5036
-1028
-1853
313
5767
-8114
5415
6669
8946
1345
-9691
-8253
-6643
-2911
7928
4771
-8887
-273
-9960
-9383
-8092
81
4546
-6865
-3458
7139
7452
-8693
1292
330
-9853
4496
8962
6653
-9073
-7354
3896
7646
-5587
-8514
-6035
74
284
1606
-9505
-2379
6262
-5426
6389
9376
1582
5317
-3654
5398
3660
-9608
9064
5613
8317
8609
5039
-8891
3495
-5284
-8812
1292
2659
-8120
-7576
-6509
-1885
-7147
7018
2656
-6903
5126
7303
-1658
8721
-4063
-655
2611
-6421
-6296
-6850
-7911
530
-2758
4301
8459
-4373
3958
-1851
433
9828
-9248
65
-8247
-2584
9147
-1283
-7140
5034
-8057
-5277
3217
-9109
5363
765
-4267
4429
9040
-167
669
-66
5503
-3581
-453
5200
4076
5258
5986
8621
-3943
-5602
-7255
4177
-9938
635
1078
-7316
9417
5317
-8490
3936
4188
2081
-936
6954
-8943
1528
-2642
-3716
1861
-4407
-2519
-4970
8752
-8094
1130
-6755
9437
-7312
-5906
-4626
-1122
-5894
5074
-8002
3197
-5940
-6721
3942
7896
6589
1797
9967
-8565
-1842
344
-5880
7212
427
8403
-8091
-7073
-8980
979
-929
7490
-2707
9343
-4921
-941
-807
-1066
-6045
-621
7786
-5272
-3841
-3182
5272
5226
-920
-1550
-81
-3530
-2886
-326
7538
-9418
-5506
-9591
-9867
6738
7939
2161
6136
-4059
-7729
3192
8654
4221
-4275
7010
2510
-1851
-2455
-3666
-6836
5336
7327
2554
5589
2788
-3063
-1132
1323
1573
-3110
6020
3159
4997
7001
-574
8716
-556
4828
7710
-1387
-6289
2966
8329
-2027
3617
9233
-5287
9490
-3044
-6698
1018
9905
2335
-8618
4366
-5066
1783
4225
7060
-7768
1486
1261
8697
-3409
8204
728
2615
7686
-7206
8934
-6808
-1380
2253
7072
4731
-2766
8704
7257
-8051
5828
1973
-7599
-522
5778
-3425
-1209
8060
-8180
7871
-3482
6526
-1285
3574
5927
2441
9653
1575
-1293
-1770
2528
-863
6302
4519
-9395
2649
8663
746
8512
-8788
-8102
-5744
-9116
-9182
2207
-7341
-2591
9141
2741
4372
-1697
3048
4723
5371
5129
4131
4936
8420
-2271
5234
-7543
6760
-8858
-5184
-1440
-4005
6627
-9939
791
5970
2952
-3045
-8329
3198
-8114
1809
-6562
3904
-4469
-1342
-6068
-6244
7026
-7127
9016
-4790
-6975
2121
621
-2911
-8242
8141
9296
411
-3482
3012
1403
-850
1364
-9468
9826
-4246
-4889
8825
686
8091
-1528
-7162
1690
4917
8038
-5128
3555
-714
-8283
860
8991
-6502
9523
598
6633
-2603
5114
8530
-7193
-9852
4603
-6818
-1707
4297
8937
5928
2102
2564
-3414
3886
3842
3112
-984
-1761
-8495
3087
-810
1357
-1295
3015
6678
-602
4842
-3580
2076
-7900
-5196
-693
-4210
-6469
8019
5992
8690
3194
7903
4561
7952
-3268
-3863
-5075
2910
2064
-7214
-5118
1732
-6532
-1738
-9972
-412
-3384
-1846
-4514
-2477
-9495
6958
2026
-4125
-1538
8192
-5439
6484
-645
9996
5825
-7040
1611
3251
3350
-844
8263
282
-8683
-8858
-8378
2211
-2800
-5925
2569
3924
-9232
-1550
1804
1653
3289
-5606
-6727
-8320
3799
-2295
-3189
-8935
-2969
-2021
-8413
-4653
-7581
-4841
9040
3065
4939
-152
1108
-2716
8965
-8849
-8165
7848
3576
7194
2726
2198
6058
5306
-149
6296
-3828
7478
4241
-9262
4267
-4193
-8270
-381
-2410
4058
5262
-9715
4419
-3607
-1762
-5449
-5935
-9474
8174
9760
-6799
2591
-3608
3900
1012
-1207
-7615
-3333
-6631
5004
3666
5949
8744
-6092
8834
2250
4694
-1180
88
7326
4607
2856
-8482
-3672
5684
7129
-1697
-1764
-7606
4860
5536
5129
-4501
459
-7182
-457
-3568
-5233
8027
-6979
-2320
9083
5885
740
2521
8843
9567
9790
-5449
-7434
6727
8066
-7871
4848
5942
-9747
-7840
2734
-201
-3991
5168
-6879
-3949
7019
4941
8660
8061
-6836
-2180
1556
8158
9564
3678
3597
-7470
9097
-7393
-2255
9695
-5840
-9486
-6930
4595
-229
-9069
5241
-4135
-3589
7324
-6111
4573
8554
-3895
-9920
-4082
-1649
-2667
-1512
3613
8670
-1962
-3741
1357
-9551
4882
-5122
4966
-2009
-1119
7759
-3443
2009
-2572
9190
2607
5280
-1610
-6818
9673
6861
2737
-948
8819
558
-599
-8024
6654
-4989
1394
5499
-4481
1745
-670
-3574
5036
-4746
9365
7593
7830
-7700
3827
2240
-4500
-5887
806
-7512
-6803
8376
-2960
-8085
-9925
-1982
-2647
829
-5751
-3552
-2649
6708
6984
383
3909
-1913
8685
-8627
6677
1827
-1218
-1566
-7233
-8502
9069
117
-6750
-1519
3588
-8701
-9736
7739
-4048
7204
-3625
-7179
-5607
-9646
-230
-4204
2833
7457
-8255
5401
-2056
-3196
-6599
5007
-2778
4177
5439
5473
2311
-4590
-408
-9745
-7304
6479
1792
-898
-9699
6499
7952
-7216
-7059
7071
-293
-6923
8943
510
-8059
-5910
-8136
6508
8469
3047
2983
-3020
-9489
-3000
488
6791
9468
3451
-1366
8700
-1905
-8846
-2648
-7681
-1959
-40
5949
8031
-6230
-6086
1623
3941
-966
338
-7983
-793
5888
7128
-914
-6960
7891
-7371
-714
-2135
-8924
8100
-2241
2257
-1283
2365
-8512
7067
-5447
9214
1506
-8401
9685
-8000
3230
6604
5331
3649
7389
8180
169
1348
4043
9526
4736
2502
389
5817
1318
-5128
-4813
-6668
2218
-2264
-2438
6812
-883
403
-3321
5571
-5253
-7994
-2639
-5877
-6767
-724
-9864
4692
141
-5557
-2950
7682
3690
-3821
8556
1390
-263
1582
-7087
3503
-1567
-2659
-8901
-811
-2175
3571
1343
-9611
7241
9353
-4972
4293
1814
-5877
9174
2354
4545
649
-9149
-9341
-4243
6818
-2667
5328
6782
8567
-8668
-4797
4792
-2171
-3475
4290
-6133
5602
418
444
-5407
6583
-4558
2987
299
-4910
7674
368
-5220
-83
-6689
-6512
-5182
-8975
5546
6277
7148
-1539
-4252
4644
5089
-4675
-8265
-3697
-1942
6433
-6234
-4073
5363
6947
8123
3974
954
-9693
274
-5334
8475
4575
-9765
2355
-9837
-6605
5672
-7922
3489
3304
2246
-7220
-2318
6224
-7573
-1721
-3937
-3453
7479
-7039
-8406
5207
-3436
-5390
7917
-7464
4955
4952
887
1344
9703
6334
-219
5328
6059
7493
934
4324
7395
6567
-2399
-7011
-2424
3679
-6228
7324
6078
-3628
5864
-8131
-4016
-8268
-704
6309
4277
-553
-6958
-9232
7142
9153
7268
-6750
8590
4427
5255
-2754
-582
4722
3940
2990
-3679
-56
9903
-2365
3405
-8388
-4143
-4480
5696
3529
-4386
-3283
9345
5253
-7551
-7688
-6555
-6936
5432
6178
8976
6551
9635
-2369
-5671
-3205
6428
-3987
8510
8167
-6924
-7828
-6741
1514
3580
-6922
6022
5144
4334
-2326
-1606
9235
-7717
-6312
-4039
7203
-7845
-2700
5940
-5683
6980
6933
-9021
8149
-5747
-1643
6529
1558
-4751
-2603
-9330
3957
2533
4193
-3206
-4685
7812
-6081
7881
-1415
-8554
-1291
-8427
5330
-7252
-9358
-2789
864
7359
-7172
727
-6335
8529
-4254
534
-6041
-4301
-5939
9136
-3974
742
8880
7783
-4702
7460
5225
2314
2891
3042
-7128
-5853
4298
-8100
-7271
-9488
3483
3287
-916
6062
-6273
-4912
7773
8703
-3994
-7919
-3892
-4013
-8322
5134
-916
-5060
3594
1450
7724
-878
1973
-6989
495
3233
-6844
-2806
6211
9052
3335
-8138
-6575
-3987
3224
4201
-8455
5978
-7322
505
6424
2043
-1542
970
6124
-5108
8864
-1087
-7643
8863
-7773
4882
-4504
8414
-5517
-2810
2222
-4334
2081
2121
-6162
-3029
9347
2239
-814
-3762
-7775
2650
-8124
7574
3823
-9699
8692
-5590
5788
-6775
-4142
9448
6568
8957
-7184
-5070
-3874
-8870
-9294
-7412
-3786
345
-1429
-8816
6358
3385
-8119
6205
7756
-9908
6441
6894
9573
-9616
4886
-478
-3228
6163
-7558
3904
4741
-1639
1160
3769
-2750
-6501
8878
-6832
-559
-9359
-6074
-314
7458
-6562
-3934
-5940
7493
2098
-6152
6810
3818
-569
4128
6602
-2713
-9546
2494
-6887
-3572
-8635
-7784
-51
5559
5821
7081
4069
5806
-2649
-156
-3606
6674
-8245
9435
434
-1188
4496
-8937
-7156
822
9654
-334
1964
4566
9264
-8295
7936
-8285
-8723
5385
-1198
-9372
-8019
6748
-5956
8087
-8170
-2617
1772
-6697
523
-9868
-1533
-5972
-7709
-3909
2986
8689
5784
2806
9770
2487
-6744
-2220
-3388
-3862
-8014
9893
-7510
-8035
7256
9173
-8466
9907
8206
-9451
-4416
5881
7822
803
-1480
2355
3779
-7863
4945
8561
1228
2761
4120
1815
-3695
9799
5996
9077
-6333
-3888
-6508
-6104
852
3151
-6653
5258
-1386
70
960
-3193
5472
18
6190
-3538
-5602
-5168
2181
-4097
-9679
9735
-2036
6742
2708
2396
-3237
-1041
-3480
7370
-3459
-5739
5291
1701
-2382
-3924
-9045
-4302
-4034
2673
3449
-3086
9965
2120
-1861
-2348
824
6819
-7442
-4009
-8066
7543
-8754
8739
7851
-2887
-7264
-4607
-6039
7819
3488
-2893
-6547
-467
6876
-2334
2458
-2161
3405
3212
-4442
-7650
7993
7809
-3996
9097
-6021
5144
4890
9353
-3347
302
1836
995
7143
-1137
-3955
3312
6776
-8040
284
8373
8519
2268
-2613
-6230
-3001
6592
841
5312
6455
-3712
1648
9155
853
-7005
8771
-5781
8168
-5221
-1243
-8667
4783
3239
4532
-2319
-272
-2894
-1228
-2163
-5751
-3983
-7693
4577
-3413
9776
-6153
-6268
71
3274
-2443
-1721
-5300
-3876
4840
543
8819
4866
4212
1281
-780
1033
-205
-3791
-7723
3474
-559
-7934
8015
6974
-5239
-2019
3934
1076
-9734
4379
-735
8066
1419
1047
-8948
-5254
-2193
-6145
-7155
9134
-5293
-37
8377
5350
-4955
-3563
9655
-89
-7448
-2883
-4930
9817
-9491
-5206
-1013
-3976
-2831
724
1489
-9984
9336
3401
2077
5145
6890
8356
-6007
-3478
1283
-3510
-867
3911
3488
2001
8541
1689
4986
7346
-2798
-4479
8612
-5866
-9638
-8473
3940
-7512
-8477
-6284
-5497
-4606
-960
-6565
6722
-6378
5904
-3315
-4976
5530
4268
9731
-4015
685
908
-4825
-488
4108
-8647
5346
5361
2277
-1844
-5980
-1113
7528
3716
-1872
1356
-1441
7241
2484
-5561
5110
-5792
7317
3036
-1253
3334
-1096
2276
-3561
-613
-49
5774
-3698
2805
-696
4370
7625
-4353
-6947
-3233
-1221
-7825
-336
5124
-9121
-7498
1359
3335
6873
7043
8046
-1669
-8215
5611
2159
-5730
-7285
-9869
7750
313
-3849
7517
-1990
-5027
5428
1079
7955
-2024
-6213
2661
-8712
7875
9862
-6092
-7727
-329
4181
8321
4144
-7143
-4795
5695
9744
-272
7543
-9860
1462
-7660
3611
-2411
5992
-7993
-334
5119
-4091
815
1793
-3325
6365
-718
-5858
-1098
7517
1873
835
5436
-5304
3822
4281
-8926
9334
9828
7099
9552
-7841
-9132
1964
6199
-4002
-7228
1921
-5495
-4913
1945
3307
-3327
2249
-7300
2303
-1483
1201
2537
-7130
-2463
9460
861
3497
-7783
-7753
-2809
-9492
-9116
-8988
-1859
4661
-6182
8612
3064
7877
1494
-5201
9667
-1279
2574
6612
2382
3514
5827
-907
4778
-9935
413
-2516
-3488
-7213
8706
-6131
-2583
-9658
817
-9212
4417
8314
3892
-4001
-7632
9594
-859
-5208
-7750
-5932
-4403
-3994
5736
-3356
-704
1466
3023
4219
6641
2378
-3799
1400
-524
6762
3073
8293
-9193
-1089
-7098
-3946
-6338
-1587
-5034
-433
-8475
7654
5838
5131
7543
-9377
4723
9494
-3128
-8802
46
9740
2868
-4740
7028
6440
3274
7449
-5265
2213
-7980
4594
8762
-1448
-731
-5184
4129
-2691
-881
1384
9955
-4800
-9305
7439
-944
3814
7045
2753
-4309
7892
-9450
4837
-2163
3266
-662
-8651
-6463
1448
-3514
-2591
9347
9430
-6849
-2284
-4340
512
-551
-702
-2085
-1158
-9474
-9808
-6307
1368
-1327
-6518
-5257
885
6811
1918
3100
-392
9144
-2667
-8757
3868
-5567
3765
-7924
-3988
-6499
9299
-6960
-2329
-4026
1239
3275
2242
5346
4351
9681
102
-6792
-1525
2470
813
5473
7679
-4475
-4830
-9429
-7993
3597
9302
2836
4547
-8803
-594
2568
6024
-6786
-9088
2686
-1474
-9252
-2733
-7391
8743
7407
-435
3403
8050
-1804
-2626
5016
1788
-2106
9763
2283
-4443
939
-6091
8094
-2485
6360
-3965
4303
-4212
6166
3049
-5484
4666
7452
-3969
1811
3134
1861
-1131
6150
-9516
3187
8211
2622
-2839
-4924
3243
-9934
-6840
6586
6226
-6592
-1987
-2111
3101
-3081
-278
8227
3590
6741
2703
-3302
-2099
-9299
-2251
-5516
-4960
-2835
-7284
-5527
3306
-5051
9060
-916
8323
6671
-7922
5968
4369
-348
-7725
2659
4493
4265
9289
6165
9209
-3670
-824
1303
8638
6026
6523
-8710
281
-5688
2709
2544
2591
7623
-6410
-245
5219
7545
2930
-5788
2636
2099
-7582
3823
-5462
1901
-1927
620
883
1027
-6440
6887
6255
6526
5017
1071
9796
-6740
-7637
-6004
-9891
6291
-3572
5611
2614
-954
1969
2278
-9999
-3423
-4985
3948
-3552
-27
6693
-8034
-9126
1729
5183
5331
-6479
7744
9314
-3353
-2253
-4917
-1901
-5493
-8888
-9403
8270
5219
-7486
-7833
-7022
-516
-7588
229
-9771
-5001
-5091
-3349
-6958
-294
5317
7166
-9325
5345
1536
-1808
-8707
-6769
7666
-2216
4449
-4520
-6791
3630
8911
-5658
4784
6153
1931
5111
-7213
9109
-3399
1162
8823
9701
4366
5299
296
-8204
-252
2586
-4831
-907
3306
7631
1886
-5244
-2905
-1572
8597
4740
-5932
3904
2459
6562
7334
3792
-5862
-9090
-9076
5747
9359
-5363
4536
-4712
-3781
-3297
7534
-9676
-7214
-8817
-3215
9338
-4079
8349
-8970
6975
-2247
5317
-6984
5387
-6237
4685
-8717
-500
-4313
6397
3931
1934
-3802
7823
-162
-3258
-968
1159
6715
4936
1368
-4720
5372
-5260
-6480
6096
3886
1603
611
4568
-1779
7267
-4803
243
6774
-1461
9738
-4677
7247
833
9935
7747
2415
-1396
-9301
-9910
2986
-7170
-369
-479
4317
2499
7327
9596
-3130
5709
7698
-9574
-4118
-2590
-2242
8671
-3283
2922
-8913
259
7149
4506
-2780
-5768
3770
-4903
-3890
-5136
-3963
-3581
-2316
-4986
-2338
6320
1457
-5462
7225
6927
-5345
6809
1609
2457
4709
760
680
-552
-4009
-1885
4512
2117
-7222
-4720
-9690
1512
-8687
8761
-7593
-3630
9536
-7313
5064
-3101
9123
-405
8006
-6430
-7449
719
228
-3709
6936
751
10
3786
-4488
-7523
8628
-7326
-6164
6661
7042
-6836
-1579
-4425
-3754
-983
5797
-539
9805
6353
7887
6124
9346
-1886
-2962
-4001
-572
-7154
914
9228
9982
6324
4650
8476
-465
347
-5720
4991
-340
-4566
2796
7309
-7925
6081
2170
2873
5361
794
-133
-3062
-68
-8566
88
3251
-6870
4156
-125
-1315
3880
-3520
9147
7202
-5393
-9152
4863
-9564
-9325
-6181
5201
7043
-4156
-2561
9534
808
-1751
-4880
8381
1944
8663
-8020
3576
-2676
4564
-7529
4331
5611
-1806
2138
7995
-741
4030
1230
5568
1903
7423
4570
-9527
9528
-2276
-5951
-1899
7958
-10000
1666
-8908
-9399
271
4343
-5913
3025
-3990
4670
1396
1065
-6688
-8113
-3616
-4623
668
-3346
-5243
8555
3481
-8626
52
-7931
7627
-102
-7017
-7714
6627
-9191
6883
-7392
-3301
-3027
-1843
-7516
8584
915
594
-2213
-6718
7970
-2747
8820
3560
-2920
-5649
386
-8836
-9732
-3191
2578
-7862
624
-8100
-4444
-7267
-5869
6684
7967
-763
-4950
9702
-3554
7214
-2971
665
3110
9813
2122
-3338
5679
7186
5663
-3754
-2601
-2948
-8623
6951
-7007
761
-9774
4534
-672
2547
9034
7540
-1439
-522
-6879
6304
1953
9787
-465
7783
-9589
1614
-9037
9192
-5066
-8606
391
-3289
1412
3247
9859
-1391
5585
1682
-271
337
-213
-6508
-6676
-1858
4646
7521
-1862
1864
-9863
-461
-8695
6667
6036
1714
-8177
5894
-2646
3921
7101
9731
-2099
-3764
9732
6592
4588
7945
-1211
7950
4745
866
7873
9683
-2
5512
-3416
6750
4663
9975
6419
4102
7140
-1217
-6754
5565
793
-6762
5447
7652
-8876
-6446
7463
-1425
-5218
3753
4859
4542
2622
9192
9572
9878
9519
-4743
-2576
-9008
-1100
3342
-6551
1089
-1358
2652
2202
-4512
-961
-6178
-9879
-3847
7539
-3678
6192
-8446
4064
-8974
4994
-2674
3312
5484
957
-7135
-6934
7229
8631
-3020
677
2359
6441
6281
7800
-4453
-6266
4417
-8493
7251
-4777
9113
-3175
-2298
-7020
618
6026
1847
3899
2448
-8516
-9203
6614
5392
-4707
-1025
4449
7341
-1295
4239
-6030
4737
-3343
3214
9675
-8424
-3602
-236
8861
-807
-5687
6172
1854
1288
2860
7425
-1216
7728
8911
110
-2050
-6651
-1925
-5865
684
-4206
9236
2689
4976
-591
-5918
-5770
-7926
-173
-1740
2155
-3159
-6110
6865
4182
-8574
2138
-82
7367
-5098
663
-8470
3252
-3925
-4713
-1922
335
-2262
-5866
-7744
8016
1508
1884
-6027
-375
7281
-3627
4665
-883
-1471
-5880
-2943
-9824
-257
-3633
-780
9403
8744
2181
8500
-4273
9598
3555
-3051
-7
9352
3835
6639
1443
5923
2125
-5426
2262
8343
6032
-7860
3009
8810
5481
-8831
-5015
5556
-4263
4222
-2806
-628
-1597
-8431
6821
-2736
5107
-8664
-524
7418
504
-1420
1116
-6019
1639
-164
-3686
2372
-5567
-7895
-1834
-3664
8576
6995
-3663
-6665
7264
5862
3497
4421
-406
5450
-7146
-2727
-3686
-3616
907
4911
-3381
-9032
4705
-6984
-6620
3883
-2089
4826
-1989
-4775
8560
611
-1619
-2068
-8706
424
2354
-2792
7368
3615
7032
5897
6607
5843
7445
-2110
-8563
-1043
-4035
6418
-2076
-6784
1461
-174
-5794
3381
-1177
-3299
-1759
-6455
-1828
8524
-5096
1747
9731
5279
-1422
9300
-710
3470
1231
-489
-1984
2786
5296
7061
1854
-7383
4525
6510
-9010
-5217
1064
6988
8248
7573
6213
-5709
526
-5619
-6760
-6677
-325
-6364
7459
-7760
8487
774
-5391
-1989
-2590
6132
3060
-684
-1980
-2543
4431
6170
-4899
8074
-2001
9123
-4401
-2679
-977
-6586
2660
6002
8641
6576
-2589
-1927
-6279
9799
2191
3957
6081
8741
2587
-155
2211
7488
195
9898
4701
1454
4845
-1098
4023
4479
2259
-4853
8260
5918
1170
2711
-503
7818
9237
-671
679
3977
638
2550
-5598
-7223
-9777
-2747
-980
-7263
-4782
-9878
7181
-338
2729
1218
3974
-8820
5126
-6314
1112
-1698
9849
-9924
-1503
2972
55
1661
-4136
1600
-861
4667
-7851
-1727
-5504
-8586
4187
1712
-1675
-9197
-8212
-6675
6384
1817
9464
-587
-2146
-8583
-3894
-6423
8059
-7873
-5218
840
-2919
-256
4206
8227
-5021
4364
-5772
-7916
-888
-815
8053
-5425
-4557
-3602
-7779
-9668
-8946
-7852
7299
-8324
-7496
1472
2553
-4428
7336
2649
6597
5411
2591
-8749
-1728
2002
710
-71
7439
-548
4222
6371
8860
-9959
3641
8905
7925
-3495
8941
-6323
1723
-2043
-4827
4834
2660
-4368
5497
9165
4758
-4542
-6428
-2851
568
-606
2722
9047
-5820
-9293
4364
5199
-1128
8732
4971
-9361
-6136
2731
1393
7148
-4892
6563
2139
1936
-5993
9637
2553
-2514
5169
5779
5489
-7311
-730
5528
-3204
-9696
5299
6517
-4560
1896
-7238
5330
-3462
-555
2280
-3888
7749
-8906
3039
-9181
-6408
7327
5036
-1417
-5351
-2454
833
-5824
5924
-6577
8517
-9632
-2064
-4029
6936
5157
9196
6209
-4608
9937
8413
2991
2181
4365
-3569
335
-2166
-4721
6687
7164
1769
3066
-1857
-5928
9470
-9410
-2384
7753
-4545
-6960
-1258
2283
-562
5934
6611
-3429
-302
-6855
-6085
-7737
-6230
6878
9300
-1641
3712
-2347
6382
6348
-2332
-1505
1445
4331
-9514
-8507
7674
-3541
-4661
-5652
2393
-7
5394
-5657
8333
6225
117
-9061
2407
5802
-1663
4909
6938
-8609
1890
-7869
-4366
4438
1944
-3190
3860
790
-8970
-3935
-977
-6410
717
2489
-6029
-295
-5203
-4417
-1450
-9402
-120
8918
9905
3206
8537
5353
-9699
-2652
6753
-9534
-9206
1582
-5498
6326
-9191
697
1040
3011
-4217
8986
-7122
-7886
-525
382
9111
1799
-8822
9476
4077
8432
-6939
-7534
-6500
-7683
-4703
-4444
1546
307
-47
6532
-1171
3018
-9543
883
8361
-7506
-6527
-4954
-3197
-6204
3383
1088
-8084
2639
9558
-7059
-6897
-3951
-775
39
8975
3427
9239
7707
-3846
3557
-7109
2029
2527
-4945
-3079
5845
-9459
-8797
-3493
657
-8357
-6337
-359
-1255
-8592
-3350
8509
-2138
-3330
-3028
-4258
-9141
397
5942
3243
-6998
9670
8309
-4448
-5554
-2064
-4162
-9563
-6782
-6030
-6999
-1599
2893
6799
-1840
-5468
7990
-7637
2001
-3890
4336
-3045
-1601
7593
-6602
6947
-2745
2358
-1108
3209
-7310
-3231
-9155
435
2656
567
3675
-1342
5175
9533
1889
-2567
-3674
-597
1327
9120
-4056
3021
-1281
-8148
8957
-7171
3751
8653
-9022
8467
3455
-5317
-9256
3518
-5339
2276
7184
-6107
-2421
-2809
5583
-896
182
-4854
4184
-243
7093
-6465
6152
9801
6520
5037
-115
3846
9963
2572
-1337
-6332
2387
5960
-1554
-4069
-1220
744
6907
-8787
7533
-1454
-5632
-6400
3446
4832
-1921
-9568
773
6250
3022
-6482
-1205
7012
-2713
9318
6936
-3525
7147
5871
1424
-506
-3554
-9080
4074
-9604
968
6703
3127
3430
-5009
-1332
-4070
-7971
-6546
-9758
-7041
1542
6562
-7612
7569
-7899
-1963
-3842
-6842
-1090
-5300
-4262
5941
-4639
-5642
4599
9912
-1736
8132
-7260
-3482
-6473
5620
2906
5729
6057
5014
1044
6928
-3821
381
-5344
-8688
5964
-7419
8177
7876
-1835
4447
-1295
5972
-8308
8654
-532
2091
-6692
2186
-8820
733
5189
2007
-9181
-3642
-165
-9144
5141
1166
8759
6780
-7090
538
-3969
8326
-8608
-4080
-4863
-4035
-2293
7187
8959
6696
-9502
-1867
-8848
-8658
3413
9330
-6221
5025
5636
-4931
6024
6563
-2182
730
6224
-7707
5935
7720
-444
-597
-3146
9046
2410
-6292
5022
5022
-6265
5051
955
2563
9432
-147
-1676
3123
-1271
-8018
-6542
-1852
-2752
-3444
-7712
-4707
-3194
3038
-3770
9859
-4152
-9652
-9195
9431
80
6780
-2713
-3130
5676
-5953
-4749
-1101
-7281
5165
-6194
-1140
9001
-8126
3378
7533
-8132
-3139
-6054
-6935
6318
-1742
6431
4102
-8687
-8483
4996
1617
2369
-8400
-1721
6255
3561
1529
-9683
-1710
4436
4276
5241
6297
7142
-4782
5045
3719
5175
740
-6557
-5235
-5510
1462
4271
7295
3184
-8953
-5019
9831
8842
3106
4482
5768
2331
-8076
-503
4700
7992
2399
9432
-4488
9230
-4262
4383
7877
8799
-1985
3249
-9022
9012
4110
3652
9700
6722
-9932
-1719
-8469
-5284
-4758
-5957
-9669
-1908
-4844
-6282
-9582
3554
2653
3825
-4685
-6114
4637
-3590
2962
7544
5405
-7532
-8609
-6714
-494
2617
923
6653
-9077
-2577
7983
7135
-3178
-9999
6246
4478
-1251
3257
-1926
2776
5503
-4185
3275
5947
-8495
9641
6244
-3764
-3688
7185
-2681
9128
9612
9081
-5640
6427
-1023
3226
3225
-5390
-398
9877
4688
-4489
9586
5793
-4392
4594
-7890
-8011
-8570
-5362
8164
6265
-7260
368
2844
-6120
-9781
1491
-9230
3212
-3067
-9173
3551
4818
-2796
-8478
7093
841
-9860
-4492
3291
-5605
5583
-3032
7937
-4981
-1882
-5865
6632
-1776
-6549
9884
-6873
-6302
7736
3539
3550
9792
-4249
-6216
7512
1924
-1300
-2522
9571
-8642
-6063
-263
5396
-3980
13
-6906
-1491
-4388
-6700
4651
-4357
-6234
2021
-6081
-843
-8902
-4315
-8431
-5764
-5483
-3590
2474
-3694
2480
-3578
-3232
7218
-4561
5257
-5094
4433
-2224
3210
-5139
2225
3315
-4946
2250
-9724
3924
-781
3940
-7916
-8250
-1516
-9874
-1586
1438
-4427
-5727
3355
-1545
-3192
-3769
9699
-27
460
9339
4733
1249
-3898
3258
-6059
-4924
-3185
5597
2369
-1453
-8185
-4827
-4684
-8135
-7002
-412
8688
-7
-788
-8282
7953
3770
5181
2722
-8112
4771
-8201
2157
3733
-9483
-9870
4315
927
-1458
9382
9568
5885
565
4997
2969
7646
-8199
-9327
3893
3892
9214
2522
-3380
-662
9470
-2010
6915
-7333
596
-4025
9958
5443
-2918
3290
-5199
5890
2271
6133
-4474
-3346
-5254
-2378
-2482
-9887
7325
-5800
4032
1879
-1847
-8373
-827
6700
1028
-2766
-9649
-5453
6071
-787
-1384
-3476
-8838
-8404
5658
9375
-9378
778
-9381
-1511
4109
745
-426
5022
-8300
3649
3014
2301
-5132
5900
4173
3423
-7949
3008
4906
-7813
-7913
-9647
-3408
-9960
1310
-9730
1891
3687
-6411
8218
-6253
-6855
-3271
9524
1328
-1992
7978
-3954
-9867
6972
-9947
8351
7471
4915
7465
-6719
-937
8144
-9946
1503
-6087
-4757
331
-3960
-6697
-7178
3379
22
3101
-1199
-4340
-7220
2107
6687
460
-4106
-1808
9551
3208
-3105
6901
646
8230
1319
-1481
-5192
9822
-6468
550
2062
-6762
8262
995
-5859
-2021
-5947
-7524
9953
2571
4089
-1817
-4428
6146
-4853
7172
6713
-4143
7223
-1876
-9635
-6653
-1596
481
-9915
-9565
-4719
-9502
-5821
-1004
-4871
-2813
-9065
9459
4668
-8829
4386
5342
3219
3557
974
9259
-4901
4830
-4388
-7239
-3408
-9495
5939
3789
6526
-721
-4916
5073
6319
9199
6920
-7973
9252
-726
-1094
6672
783
-387
-8135
-6303
6575
7268
-8405
2447
1617
-598
375
-9149
1236
-3191
-2015
-3767
298
8121
-1435
-5343
2164
5643
-5560
-1085
-8626
9201
4874
-111
-4914
-6105
6490
4632
-8269
-8742
-9650
4798
9394
-4949
-894
-1452
9081
164
-1980
-2077
9798
-1275
-5895
-8847
6879
1286
-1327
648
6797
4853
6724
1297
9049
-237
-9707
-2634
-443
4284
-3169
7619
3348
3934
-5196
7360
-4522
-2196
-7406
-5780
-3
-6220
-1914
-4565
7541
6451
2339
9151
4156
-7082
6245
4428
4781
1753
2909
-3516
-9270
-9722
-9929
-5999
-2568
7738
-1585
-9537
7568
-1771
-3362
-6771
6686
-5684
-7502
-9318
958
6705
9497
4845
-5387
-1831
9809
7425
1621
7236
1510
-7699
4927
-4703
-2513
1297
-7855
7125
-7792
9321
-9238
3488
-7385
136
-7895
-8324
3471
-7049
9043
-6015
7869
3492
5535
-8348
-9087
-9722
3855
8243
7599
-9433
8989
-5015
1356
2351
519
-3666
9124
7064
2409
882
-9809
6994
-799
5339
5382
-9919
1787
-6466
1305
5519
-3658
-6100
295
-8725
-5367
434
-8704
340
6977
-3901
-3036
-6828
-143
-4664
3290
-1805
2865
3438
9344
5222
-3940
920
7545
-6062
8703
9425
7626
2532
-1468
-2890
1945
-4847
-9578
6634
-3476
6397
-9667
5182
4246
-759
-5231
6439
7543
-5511
5285
4168
4086
-73
-9286
-6724
-7456
-3687
-8494
8561
9006
-1710
1230
237
-1502
-4388
-5567
4174
-3043
161
-6699
922
-5395
-9272
-8126
-7566
-8959
-5246
5972
-5825
-9579
3048
5739
