2040
-2721
-7503
-2973
-5046
-5817
-7641
-8349
-8239
3812
6889
-2085
-7427
-8746
-6316
8508
-8434
-9820
-811
-8402
6560
7738
-7379
9818
8838
-7503
-872
9272
7288
-9305
-4666
8119
-7761
-6363
4862
9253
6387
-4348
611
5694
236
-8233
-308
3917
-1469
-2641
-2118
-5697
-3225
-5602
-717
7042
-5492
-6866
8481
-7315
4121
6585
-8233
-4466
-3583
7495
-3950
-9500
5909
-8380
8203
-2038
-728
4623
-2361
-8730
2149
-6134
-8296
-2793
-9379
3579
-1023
4885
8197
8429
9102
1420
-535
5697
-6225
-2531
-4155
-3657
-7388
-2357
-9660
-3558
-2467
795
-3493
-4988
-5964
9738
481
-8884
-937
5530
-7615
-9686
4960
-4977
-7739
-2597
877
-6709
7831
-6282
-2793
3131
-776
-9135
-6990
-9643
-6134
-9675
644
-5831
6170
-9969
9866
9440
-9061
2766
4277
-6894
-9059
5231
3614
5571
-5715
9709
-3989
-673
4525
678
5684
753
-1156
8089
-3504
-1536
4093
1463
-4054
9196
4918
8362
-1630
16
-2561
-250
-6604
-5415
8897
7718
-3657
-3779
-6040
-5668
-1487
-6661
281
-8729
1667
-5646
9380
2930
750
-7810
-6873
9040
7582
-6920
2759
-3115
2136
-2480
814
3067
-646
831
-7107
478
8926
-2235
1747
-9205
-167
1465
1891
-4941
-6023
6541
4409
8806
-4386
29
-115
1002
-3871
150
6994
-6759
-45
9391
3259
6011
-7004
-9449
-2493
3604
9778
102
9885
-875
2628
2944
-7168
-658
-8757
-2960
-3408
8949
405
-8492
8138
4848
-9443
5335
-2814
9768
-299
-8324
-3306
-6817
-8975
3172
-1984
7617
-4862
-8533
6418
-7882
1056
-20
-297
2931
2711
2992
6649
2745
-9627
-1102
8205
8517
4480
9456
2439
-6998
-5820
-7869
-8457
3793
-9047
6621
-9031
6993
1173
2213
7517
-8279
5811
-8429
-2125
1616
2271
-6554
6607
-3393
6593
-8623
8973
5457
4352
-9698
-1733
6770
89
-6062
5449
-1024
2585
-8269
2650
-1938
6646
-7670
9212
-3889
3450
-3537
9555
-5014
-9024
-5298
3789
-1634
-4312
-4079
4393
-2889
-7251
-7558
1449
-1289
56
-2880
8024
-273
9888
7670
8104
-6150
6451
-5638
-1146
-311
4646
7698
9411
8026
2507
4071
8739
-732
4343
-894
3694
-6830
-1593
-7926
-6458
8147
-5577
-5622
-9248
3140
9726
-1585
-571
-855
-2043
-9537
-2866
2323
103
-5140
1203
-8029
4506
8271
-4173
9330
677
6676
-4870
-2867
3359
1375
220
-5723
-9247
-4281
9071
-2213
7771
3286
-8357
-5560
4682
-9138
-5801
-9063
6302
7922
-8101
-7114
3975
-6267
9238
-2514
-3492
577
-5317
9634
4473
487
7488
-9831
9745
5919
-6616
-7299
2059
-9852
-3994
6550
8486
-1339
-6808
-9828
-2129
5849
-997
9036
-9543
-7287
-1190
-9846
-2979
-4571
-2138
3873
-1615
-1234
1620
-4972
-1439
9083
4642
9157
-2508
8322
-2404
4825
-8824
7804
2950
2584
-4480
1373
-4960
4184
-20
-4904
6408
5903
3919
1208
6771
7340
-5556
-1994
9956
196
-9992
1777
3680
-4314
-9468
-9135
-8883
-2301
1772
6106
-842
-7479
5535
-5995
3215
-7943
2161
-590
-7290
-502
5980
-1701
2059
9418
5305
-6893
-2349
-7448
8437
6975
-6576
-2228
-8819
1788
8923
3303
8352
-2636
-6288
3408
1716
-7769
-1401
-8836
-854
9851
-8333
660
3709
-9077
3355
4811
-9008
-2474
-7714
9293
-9262
-9571
-4276
-1330
8962
-850
-4367
-49
1388
-2928
4938
3363
-2789
2293
-2793
8041
-1312
-7806
7468
-851
485
-2228
-9458
3071
2260
-3998
8586
4327
-1532
3289
710
1421
-8487
8042
-5810
8661
2805
-3314
-9901
-8726
-8346
8400
1023
7098
4759
9323
-353
4119
-2873
6123
1308
-6199
-9432
-5770
6263
4678
-357
-9786
-5456
-9414
3396
2304
6759
5154
3203
-4568
-2358
-5302
964
-3240
-2188
-214
690
4842
9067
-2719
7168
-4070
-1506
9449
2149
-9945
-3205
986
-1977
-9356
-1337
-8617
-9968
-8067
750
-649
-5186
-8651
7987
-4503
-2562
-7190
-714
-2242
-2976
-6550
-5934
2390
-8134
-5593
9493
-598
6052
-4100
1096
-8479
-4288
-3033
-2630
-284
-7686
-9032
-8391
-7631
-6340
2925
-4492
-6735
-5021
3972
-3276
7981
-5791
-5520
9130
-200
5158
-5721
-6206
2717
-6173
2866
9024
-2070
-3212
4138
-5740
1942
-4116
-5651
-6312
-7913
-854
-1344
-323
383
6744
-6583
9172
-2308
1748
-9402
8814
-239
9976
6973
6684
2020
4884
6817
5247
3005
6579
4312
5785
898
-3088
-6772
-7043
-81
-2896
5117
-4961
-5970
-408
5857
9233
-556
-4386
-3849
-5092
5586
7834
-591
6200
244
8174
6661
-3597
6266
8372
8384
300
-4918
9654
6353
7622
8706
7729
-5563
2772
-4253
5640
-5994
-8361
7377
-2224
5429
7175
3392
2045
7315
-9141
-1592
-2421
8035
6928
6556
-4778
-3267
-1402
1353
-3846
-695
-352
-2481
-3941
-7332
3191
-8012
4906
-6331
-6455
-4295
-9778
-4638
6867
-8535
-4247
-7538
-8259
9260
4872
458
587
-6406
5535
318
7817
9729
4190
1721
6233
-6206
6928
-6928
1658
-1204
-5763
8782
4238
-5801
6205
-4276
2308
5636
4616
6797
-8518
-8610
-3575
5274
-2187
9926
2666
-7665
-6225
7798
1004
-8538
-6983
8131
1664
1713
-6499
-214
-74
8465
-7143
-4237
-659
2923
1738
-8841
-7552
118
884
6087
5914
-6552
9415
4423
8617
8202
1731
6082
6738
2350
8637
7391
-694
5655
-1158
1685
-1283
1508
5367
-9224
-3103
-1598
7236
-5924
-983
496
4230
2245
-2422
6860
-8384
9096
-779
-7640
6120
4706
-708
-9901
-8071
9711
815
4489
2273
9971
6138
-9718
-5852
7845
-7662
-2272
-7927
-8660
8549
-2005
-3495
-9958
-2303
-9607
-8688
-4807
7985
7199
-4182
8981
-8827
7006
-2313
-7247
-8052
9018
-254
1309
3887
1414
3427
-1026
6445
1317
7868
1541
-1499
830
-8802
1855
2613
3019
6860
3392
-7647
3345
8920
5450
8401
-8935
6017
-8667
9160
8920
-328
-5457
-4316
-9305
-907
6991
6843
-1649
-7718
5870
-5296
-7978
-5058
1012
-2007
-1664
5604
-3481
-7988
2187
2676
-410
-9542
-6393
4974
-375
3909
-7285
7089
6370
-7628
-6099
-9135
-5355
-6063
6955
-158
-6165
-6092
-6419
-6864
-5701
-6943
9497
-1794
-9403
3874
8272
9458
-2010
3353
-3455
2005
-5121
-4839
-3326
2231
6713
7322
5662
9678
5984
3043
8931
-5795
-2461
407
-9972
-9237
-6120
-3981
1778
-1555
-9414
3384
5415
-4623
-5980
4744
5778
3364
-4488
5745
4586
1927
3573
-4009
-5355
-4035
9236
5898
316
-8900
-9746
6252
-6850
8293
8540
4988
3870
-8407
8906
-1135
-6046
-7768
9583
1024
9289
2388
2640
1565
5295
3138
-613
7602
-1899
732
-1159
-4620
9296
7532
7276
5786
2342
3793
-7273
6795
-1738
-9815
-4216
9772
-6574
4288
3959
6063
-6811
433
-725
9288
889
4999
-7256
-4732
6380
-4753
1266
8939
-7664
-9940
-5548
7309
4131
8162
-4888
3073
-8884
8422
-6073
-7111
-5658
1146
-769
2633
-7127
9511
-4879
7215
6412
-6264
657
4709
-1083
-7811
9461
2705
-6559
7732
-7560
4966
1806
7938
4941
-987
-916
-399
-4237
3903
2286
9346
8016
-1672
2244
-5649
4630
-6775
6707
7183
8449
465
-4179
-4460
-2937
-6267
4272
8646
-2633
7007
7534
7106
-3376
-312
-9143
9846
-266
2515
-7786
-8333
1235
3944
7970
-6335
-7123
-1741
8222
971
-4281
-5541
-1044
6164
6647
8895
-2303
9553
7851
8776
-9113
734
4713
426
4245
-1694
6635
8032
-7106
5157
-7523
2777
2821
4655
-6922
-5831
9845
317
-3554
-119
-5528
4435
7770
-311
2898
3064
429
-2972
-2774
4925
-1248
221
-5975
-1096
-2219
1673
8286
4693
-3212
7255
-2239
7826
2554
-5312
6319
-400
9898
-7623
-5096
1805
8817
6677
-4592
9882
-3622
5720
-6500
8313
5888
-1911
-4646
-8327
-6180
-73
-7228
8963
1718
3628
9273
4308
9364
-9360
-6061
3121
-1154
-646
-9856
-9120
-5598
434
-5902
9954
113
-857
-2669
-5201
3707
7666
-1233
-4581
9414
-4832
7058
6781
8965
-7828
8452
5195
7211
-2792
8359
4685
6343
8037
5803
-794
74
4720
9164
6439
6223
-2132
3306
7725
6627
1748
5585
-3032
-8490
6211
-9451
7876
-9905
1495
-1853
-5788
21
4304
-5149
743
2841
-478
7100
-1566
-7903
-9995
8091
9006
6644
2836
-3528
-6323
7256
-6968
-1658
6819
-2424
-2735
-6463
4516
1368
2110
-857
8169
2684
8812
1963
-9574
-7040
5280
-474
8775
913
738
2471
4247
-1690
1106
-3025
6873
-3579
3018
-4690
8767
-2564
-5245
2990
-7652
2916
-4106
2293
-9612
3819
-4680
2014
-552
7887
5311
-5905
8062
-8433
1412
7405
-2856
6063
-372
9597
-9645
6959
-9873
-9346
-1523
-8038
-3961
-5823
-6382
-8578
-3523
8273
-2803
-4388
7322
3794
1729
9724
4795
-5454
840
7558
1946
807
6108
-3859
2863
2165
5973
2579
9151
3395
-9852
4694
7960
6738
-7871
-1141
-5130
-5838
645
-6931
4205
2067
-8164
-5003
589
6542
-7965
6810
-9846
-3914
-3172
6904
4561
9654
-2143
2612
-3576
-2548
-3407
8582
-9612
6332
-2104
9611
1898
-4565
-5022
-6221
-9771
-1931
8945
5688
-2745
-9085
7555
2465
-9371
1033
-4116
971
-7586
5196
6061
3028
449
-3338
2258
7222
8581
6879
-1835
-8239
1191
8410
-551
-202
-8438
3717
-2004
5446
6565
5300
-1521
-5417
-2067
8595
-4481
-9265
-8346
2818
7211
-8816
6493
501
2210
-7551
819
2629
-966
-5706
-4192
-3112
-7616
3115
5894
-7144
-1069
8300
5460
-4361
1469
6874
9718
4854
-5857
3809
-9075
-8680
3885
1264
3626
-727
2133
1305
8609
-2279
3038
5207
6957
6894
-2611
8160
9907
-2794
-5827
3739
-7638
8588
3485
-6823
8771
332
-6573
-7405
-3642
-646
4172
3261
1401
4608
9512
3804
9962
-8856
3260
7310
4536
5894
-2015
-4494
-7380
6443
1281
-5675
1188
-9741
4228
-9731
2655
5360
-3873
-3283
7072
9383
-798
3961
195
-6268
-1451
-2409
7819
7501
-5077
-9995
-7052
-6286
-4806
-971
3213
7250
5710
-1581
-3254
7513
427
2207
598
848
8347
8382
7370
-4301
-282
6373
-5010
7351
7804
-9917
-2722
1065
-2552
6140
-8688
-8053
772
-2267
-4869
1447
5605
9768
-4255
-9505
1839
-3678
-6150
5620
5368
-1117
-3353
-9692
8789
-7590
-525
3298
-1360
-6944
7941
-4807
-300
9534
5921
-1233
6005
3173
-6673
8731
-5040
9251
7304
-7629
5520
8797
-7618
202
-6756
6656
8915
4740
-9230
-8648
4979
6539
-187
-4618
1059
8041
-1640
5462
5713
-2447
-3513
4623
-7838
7294
-7676
-5260
-3173
5131
-572
-4712
-7865
6528
7437
-517
-9459
9651
690
3631
1472
-5336
751
-4188
6667
-9843
7684
-1878
4038
3325
7241
282
-7642
-3010
1004
5746
-6220
-6270
-8312
-1215
5121
4509
-2701
-1460
-7288
2945
748
-3119
-5074
-6564
4905
4011
969
-5689
-4422
5196
-4224
-3263
9887
-5938
4220
3214
-6218
-7223
424
3513
-7119
-6171
8343
1685
43
3914
-282
890
-6794
7549
3330
-5809
-985
-2311
2830
-405
890
-3725
2658
4606
9437
-1099
3219
1744
7012
3763
4036
-5436
-350
-3794
-5352
-8044
-3127
-3826
7462
3642
6153
4196
-1858
-7987
-9527
-9674
6953
9230
-6470
-9283
-7955
-4922
-1707
-3172
33
-3503
-4326
-7585
2090
-9800
9875
-5204
3603
-4889
-1699
-6234
-6741
5114
-4057
1893
5462
505
455
1481
-6755
-6372
9467
9152
-164
-8631
3256
-465
2603
-7344
-6740
2774
9124
-8503
9859
55
-5432
108
-8973
-2014
-1422
9905
5553
-3149
6176
7705
-7104
862
-5597
-5529
-7979
5814
4233
-3376
7923
8060
-9694
4127
-5962
-1016
8798
-8092
3228
-8845
-8022
6722
5296
3853
314
2683
7282
394
1556
4177
-4259
-3743
8039
6730
-9838
9758
4166
6992
-9914
-7433
-6255
-5587
-4459
4189
9154
-7244
8970
8704
6544
1876
-1009
-8240
-2457
-6928
347
6316
-5363
-7701
-6487
-1779
-6154
-603
-1639
3357
-1919
-7377
-4788
4742
851
-1623
-8690
-585
-2025
4864
1392
4996
-9201
2993
-5803
3240
-9364
-3566
4190
1498
5525
538
-4112
-8524
-2560
5516
6982
1502
-4712
-2468
-1569
9855
-9374
-3900
9674
-9582
-5511
-2166
995
-1247
-6708
-7858
-6797
-7213
9621
2663
-8405
6417
3035
2222
-1161
573
822
1438
-9526
3562
-9555
1914
7539
7995
2209
7163
-118
-9914
7115
7437
-3892
-9262
-9872
-7266
-7666
-9702
-5305
1829
-5595
-2686
-7681
-8436
-3268
5377
3407
-6456
-3345
-3258
8161
-9532
-3532
-8452
5119
-7557
8549
9498
-8081
5844
-7777
-9091
-1699
4911
4351
895
-975
-1731
2863
284
-2386
2467
-7985
-2644
3155
1485
9233
-9264
1416
-1888
8010
4360
-9809
-7128
7873
3473
3372
-2398
3377
-8725
8348
-5680
-8220
8574
4002
-2939
3319
8963
-5793
-6560
2251
-5355
-6038
-2437
1495
-2194
6652
4017
3518
-494
-7150
4176
6006
-2665
7384
-4102
-3628
7286
4660
245
8337
-3182
6373
7064
-8747
3525
4369
-2151
-5348
-7011
7205
-6746
-7662
9980
-4652
-8104
6639
3626
-1084
-7159
-8871
