7020
5925
-4672
-2812
-6292
4788
-5013
174
-3007
8819
-1890
1872
5343
2556
4434
796
1993
-366
-5399
-7267
-5191
151
-1535
8066
-3827
-1076
8739
4801
-255
-9651
8618
-9422
-5794
-1790
2894
-5570
-3991
-5622
-2216
2611
6014
-6356
2296
2164
941
6030
7212
-3981
7918
-8327
8081
-9276
8456
6924
1979
4083
-8588
8231
-6160
-5926
-7505
159
-8998
8234
-6609
3743
-5161
-3268
-3550
-8276
6069
4641
9233
6654
7174
6554
8487
-7669
-3509
8620
5189
6440
-7899
-6204
9301
5127
-3981
3860
1909
-7020
8420
8052
-7445
4337
-8317
-2416
-7001
5890
5255
-5060
-1316
5129
1549
-8665
-6411
2073
-8495
-5958
8728
9134
455
4912
9974
4659
-2284
3822
6805
2678
9005
-4719
501
636
-5156
767
-139
-9693
587
2669
-5535
8319
4897
8948
-8582
3895
-8798
-3604
-1895
5913
7928
-4456
-9330
9961
-1743
-8639
9207
6906
-3335
6381
-2944
9257
-4375
7737
9114
5180
-9327
-8582
9335
3998
7435
-2902
6808
1433
-1427
7256
2916
-6465
-826
6421
-5766
-5987
9274
9023
3736
-5713
4060
105
4852
2669
-8895
5056
-9449
9556
394
-9354
-8049
8671
-5654
2602
6777
3569
8883
-3687
1042
4381
-3939
6108
1286
2837
-5978
1408
-524
-3260
6174
456
8720
-2351
-2474
814
160
9756
-1186
-9193
3434
-3843
3150
-285
-7976
-7805
-7659
4511
-4259
-9732
-1559
-2909
3455
7689
-2795
5420
5978
-1695
-4949
-5320
2282
-160
-7412
-2972
-388
-6576
-6639
5906
3595
-9765
6021
-3985
1157
-9754
8852
1748
1119
-5847
94
-6203
-8389
-4917
-6151
5325
-6255
1572
-8586
3971
-1666
-1763
-7396
-2049
7882
1069
-294
9675
295
-4405
5369
-2520
5150
8195
-6160
7274
-8546
3531
5796
2482
-9611
3620
-9419
7696
-1013
6946
4593
-5785
-2406
2570
4728
-535
-5415
-4350
-5849
4051
131
-3975
-1476
-1936
-2298
-4407
-8323
-9622
4899
-1822
9204
-2371
260
-5224
-3601
-7546
-3736
-4278
100
-5996
-5873
7427
-4369
6851
9680
8578
-360
6778
8301
5305
4435
9060
-5903
-887
-8797
-9101
4007
760
4647
-7643
-9379
7164
3798
7311
6693
-6350
6759
5881
717
-1142
-4564
-7743
-677
9147
3260
-5912
2038
8997
2280
3355
-8722
6580
-9757
-7134
3087
-3379
-8278
1595
6729
7442
-817
7805
-7416
2213
5294
1021
-6656
319
-7397
6967
3414
8088
250
9138
9778
-7864
-9964
8895
1461
-109
3664
-8355
-1579
646
6701
8913
-1622
-7590
2543
7929
4027
-1457
-7426
-182
-3063
-7185
-2098
7917
-5376
5674
-5224
4019
8995
1567
-838
-407
5561
9537
6927
5148
-3220
3721
7544
-9934
3407
-1036
-2896
-4421
6074
-4285
3693
-5804
3368
-1460
-1172
-3366
-3
-8351
-8493
-769
2528
2752
-1254
8167
8386
-1339
716
4433
-3201
-2076
7911
-5363
-2066
-1483
-5261
544
-939
-5007
1496
-6423
3669
-1239
8930
-2596
9651
-865
-6727
4686
9427
-2089
-3801
-3869
4042
-722
9449
7607
145
-381
-7294
5509
7471
4394
7794
6489
3537
40
8948
-6324
-4703
-820
-9098
4707
-8179
2309
7325
1532
-6645
6632
-7263
-995
-2011
8525
-9355
9596
474
-4364
-3578
2081
-5436
2895
-6450
-5455
2032
-3212
8740
7984
-5001
7229
7297
-927
-2207
6638
-4142
-3553
-8373
-8089
7330
-3017
913
2054
2977
5138
-5926
-3714
-1691
-5852
9803
3188
7226
7332
-2449
-6424
9355
-7408
3982
-4410
-8494
2762
-9084
7176
6028
1408
-1896
42
7361
-4677
1482
-8331
-8113
5656
3369
-329
-4092
-6495
-6221
-8548
1370
-5380
-460
-5927
3578
-7277
5130
8519
5291
-6890
-8524
9222
-8010
9023
9286
6598
-5800
-3261
-1513
-2422
-220
-8016
-864
-922
4796
-4728
-4562
-8445
-3231
9071
-2592
3323
5561
-8545
-3939
-5794
2609
-5634
-46
5765
6201
-8330
-8411
-2548
-2715
5409
-7914
4941
-3031
5890
-5215
2986
6232
-2407
4859
1584
5265
-4740
652
-6212
-9090
-6399
-8748
-4383
9557
-6781
1048
3109
-2422
-7354
661
-6173
7672
-2507
-534
-859
7688
-1368
9621
5901
8100
-957
-1631
-7741
6951
859
-7079
-857
9059
-3550
8663
7489
2501
1561
-3987
-7139
-3703
465
5137
9364
7510
-1911
-7669
-50
8032
-6538
1022
319
3375
-6048
1722
-2516
-7698
978
-7930
-6940
-3882
-7546
2365
1188
8509
4888
-571
2821
6265
2143
757
9787
1110
2718
6993
3431
3467
-732
-458
9178
-9773
7936
-3873
4387
-4234
7602
4507
-1359
2284
-8010
-3316
-9406
-4008
3384
-9579
-8997
7000
7993
1982
-666
8704
-3500
9835
904
-4734
-8497
-4881
-8763
-5154
857
-9718
-3801
-4581
-1954
-7989
-4781
1849
8915
4457
8260
-5883
-5631
-5002
7715
-4513
-6631
6975
2955
9361
-96
2065
3217
8887
-9458
-5382
-4186
6754
2126
8586
-9647
8198
-3168
8149
-9361
-3916
3989
1710
9477
-1643
2204
-5012
-2026
-7070
4275
-1509
2986
7241
1490
-5736
-5837
2402
2060
5600
-8333
1589
5596
-2915
-4366
-1166
-8093
7319
4557
-9810
7473
485
-6914
-6000
-1919
8881
6160
7584
5031
-5441
-1620
2039
-9623
9356
-9080
-9291
-851
5886
-1005
-8952
1795
-5758
3425
734
-3490
-3039
9290
-6260
8522
-8027
1591
-5964
-7164
5796
-1843
2144
-9025
-1003
5920
-2668
-7570
-1123
18
6158
-9525
-9202
7429
4570
9563
-2005
4511
-4631
9928
9854
-9168
8324
-3121
-1738
-8493
2418
2420
572
1818
805
2873
-5592
-6429
-5009
-3516
3222
575
-3903
3233
2519
6612
-7896
-2437
-6022
-7232
5890
3199
-5093
-2379
-3670
5683
-722
5657
-5139
4440
-7205
5900
8460
6249
9774
4280
-3549
-3882
-6180
-1560
-9843
-4186
-8036
3436
9317
-7022
-5819
6808
7111
-7561
-8307
8401
-1057
-7005
-2091
-371
-1794
3141
7933
9235
998
961
-8915
-7442
-4037
7520
-3305
5809
73
6874
6684
5376
7868
9450
-3300
-5438
41
970
3811
-6256
7695
8999
-5636
-1507
745
-6503
186
-6011
-5808
-5695
-3260
2468
9581
6014
2578
5724
5096
-5708
-3630
200
-784
-6113
-2364
-2535
3273
9571
-7737
-369
5895
-374
7597
-6548
-5477
6604
-4552
8919
5130
4236
-3191
-4480
-7609
-305
-7259
-5427
952
-127
7980
-3361
-7994
-352
8785
2070
4577
-1341
-4413
7241
-4065
-2316
-748
9887
1962
3367
8801
8929
-3256
-9909
-5350
5943
-2608
-331
-7291
-5715
-9425
5958
1679
-5526
-3488
-9367
9082
8069
-1510
3145
-6576
-4800
-7287
511
8938
-5129
3251
1272
-5408
7139
1852
3936
-4901
-8924
-1162
-1478
-258
4866
8440
5378
55
3254
6661
7026
-4448
-5929
9309
9815
7465
-4838
-1520
-2890
-4173
-682
208
4829
-3828
-2905
-8945
1106
-2890
2097
-2035
-3119
9507
-3048
5069
6524
6119
1583
3336
-6851
-4344
-540
8036
3517
2897
-5895
-9042
3955
6218
3984
620
5498
3264
-6113
1442
-1757
6279
5659
3056
-8639
-6229
-9577
-2295
523
-1601
7318
-1673
2822
-6096
-6679
-7459
-8283
9884
-8749
-3886
-7678
-2344
8949
285
-3487
5405
-2775
-5800
1227
-6253
-5707
6821
-8296
-9302
-7010
-7978
4974
-442
-476
-4626
4813
4851
4089
-5097
-3108
-7246
-5860
3197
4571
-8173
-4480
5364
1392
9883
3985
1745
-1593
-9088
2729
-6012
-2770
-2656
955
-2513
-8128
2932
-9195
-2679
9480
-8040
-7449
-7418
5456
-5376
-4628
-6664
-5517
2442
6977
2387
8536
6752
8606
695
-6860
-9481
2608
1672
7723
-7536
-6546
-6481
9629
9083
6
-3351
-3854
2520
2264
5605
1825
-4909
662
-5620
-9476
-9564
-4423
-9633
-2135
9420
-9981
-7440
-5308
-2162
-9072
2657
-5254
4251
-2727
4178
7874
9061
3755
-9696
-1447
6194
7008
-9597
6700
-1211
4790
2541
8278
-328
-6916
2168
-8074
6585
5122
4000
-3522
-8009
-3104
8205
-8046
-9685
457
1870
9943
2509
-5071
6634
-2715
-8967
-3818
-2025
-8218
-7378
1883
-2730
4129
-5309
-6591
-569
-5327
7595
-6117
1923
-4261
5617
22
-758
5244
8802
9740
7860
181
-2034
6217
-1220
-552
7955
4690
325
-8432
-5317
5063
-2097
7902
-8236
6039
5042
-8515
-5804
-1250
9205
1358
-2711
-6161
8802
1122
-8223
689
4909
6491
-1600
-3845
5300
-8133
2508
6809
1818
5571
4933
2864
3855
9776
664
-2272
6885
9834
-412
477
44
-7671
-6474
-1497
4456
-1577
-8839
6831
1159
6859
-6606
-5952
5930
-5957
-8426
9229
4219
-7636
1891
7623
1431
-4628
-8389
-9412
-7003
5207
4512
1519
4352
175
1765
8594
-3752
8150
-9332
9291
-1339
-396
-9378
2291
-5013
-8953
3580
-3540
6794
-3181
-8413
7667
4561
5801
5783
8563
-2464
-1626
-9275
7802
-8613
-5413
5790
619
-870
-8318
-1856
6592
5879
6646
849
5334
-6422
8558
3254
-1352
5889
-5501
-6700
8202
-6486
-6532
3480
2011
8540
5284
-4495
-5638
-9629
-3809
-5198
9005
9696
6128
1182
-5022
1654
8839
-4843
-1123
2505
-3382
884
713
-1870
-3202
9072
4596
-6717
3294
436
-3286
3637
9201
9193
-160
-9424
-2619
7732
-7514
-7011
-4789
-889
-852
-7773
2047
267
-1086
-5495
6987
2710
-3978
1079
-9253
8194
5261
-6899
1990
7544
-8187
5509
-7647
4342
830
4757
-41
-5909
7487
-9764
-668
-2300
583
4806
1859
5048
7339
6461
8265
1349
1941
5172
2421
150
-4698
3008
8262
9482
1090
-9198
-2393
2326
1771
-864
5538
-3546
3058
6441
8268
-1063
9516
-6839
-5822
9498
9195
-5120
8126
-422
-8304
-8975
-3353
7213
-1584
6666
-3526
4669
-7055
-4386
5301
-8198
-284
-5359
-7892
-4754
8891
-9141
-1856
-5441
-3919
-9011
9806
4259
-9747
-8271
556
-6392
-4056
-5493
7470
2914
9284
-8995
4305
6654
-8770
2737
-7844
-8395
2936
-5290
8214
-7877
-5803
1175
-7614
6775
-8591
-9784
-8778
-7467
-3145
575
-5073
-5347
1948
-5643
-2046
-1264
-1298
3069
8853
-2469
1394
-5582
3586
8002
5187
3853
7403
-7203
7583
3103
9415
-4529
7357
9929
-4032
7582
-2128
-2919
1988
8473
9221
8995
1525
-6449
5268
5847
3805
-2571
-2934
1732
-9128
7552
1773
-8960
2587
5383
8897
-9075
4172
5717
9088
9494
-6190
2411
-2077
-2784
-7041
-8826
-8228
1761
-7932
7950
4611
2572
221
7579
-1618
-4937
-6967
-2343
-3351
-6844
-8048
-2231
-7232
3342
7957
8927
-7667
-7803
-1197
6990
8757
8152
-3754
-8700
-9102
3202
-7127
-7074
2062
-4438
-3297
158
-4823
-2965
2252
-6042
-5898
-3217
-3606
-3239
6239
3057
4648
-468
7218
1957
-8983
-4671
8972
-5249
-302
-6952
-6468
6460
8672
-3173
-7645
2409
26
-868
-2381
2624
-4377
-3947
5011
1994
795
6857
516
-6304
-987
3045
-2141
1077
-9246
6796
-1771
5432
-6625
7238
-81
-1329
-9834
8469
-4672
6213
-6134
2332
-8581
-7587
4505
-4596
9612
7389
-7441
4490
9002
-6642
-9575
-2859
-4855
5176
-7141
1024
6330
-3170
5953
-6146
4115
-6067
-1172
-4413
-7901
7014
-3755
-3317
-5546
5450
5097
2434
-4632
-8657
1654
5112
8416
6461
384
7524
-350
-197
-9492
5967
4192
2325
3315
-5419
-185
-4305
6738
4701
1795
7255
7844
-9042
-8315
7339
-1746
-9411
-6961
-4499
-4430
842
7772
4999
8967
7709
-3325
3405
-7040
5229
5828
3238
-7575
-9337
-1493
3367
-4448
-8650
104
8102
9819
-3271
1541
-4439
7434
9993
9486
9448
-2262
-2280
-7958
7851
-192
1141
-1144
-6992
-4528
-6439
3228
7283
-17
-1754
-3702
-841
-4361
8681
3688
-9211
9920
-3312
-4023
-5388
923
-7139
2741
-7127
-8520
-329
4037
-4001
5020
-6084
-6749
8178
2821
3498
-2005
-3079
-1909
9008
-4745
6864
5884
-1979
4777
-8624
-1802
7614
-1057
-5595
-9251
-5313
-7063
-3780
-357
1190
-9911
6485
3777
-8612
5933
-6881
581
-9760
-6645
5749
1745
-2259
1838
7419
-4816
2184
-3562
-7419
9621
4299
2847
-789
-9028
9807
5604
-2768
-3657
8824
114
-963
2984
5268
4113
742
8696
301
-6889
4740
9392
5166
5974
-9638
14
-5463
6898
-7616
-1604
5231
4342
4369
9784
-424
7004
4791
4577
-3508
-700
7649
-7603
-8114
6854
-3593
1870
8417
-7562
533
7982
2156
-3525
162
3212
-3085
-433
2817
3038
1209
-214
-1476
4918
-994
-4020
8386
1766
-7977
5699
2494
-3851
2170
-377
2991
-5820
-2150
-4071
2841
-7007
-9489
382
-2286
2070
-5592
4026
1678
2822
122
-3335
4776
-9998
-8393
-6336
1311
-5979
-138
3179
-3500
-7279
-4077
8657
-6822
2483
-2647
4867
8361
-7045
1255
-535
-3888
5301
-1101
1319
-9606
-1406
-721
5601
8960
2711
-9797
2837
-9677
-2051
4393
2314
-2083
6981
9024
-5104
5545
5338
7940
361
-7276
5789
-1679
9657
-9780
-1127
5593
1217
-2430
-8796
7736
-415
809
-6603
4051
-1405
-2524
9519
6114
-270
5540
4666
-5747
3352
-2559
4657
-5101
-5144
9150
-463
-5747
4588
8345
3253
-3899
-9167
9943
1417
-2039
6405
-9330
8054
3609
612
-7375
8020
-6102
6101
-4747
7421
910
4936
16
-2671
9336
508
7453
-4761
3138
-295
2551
-8249
2029
7500
1380
-7664
4118
6097
9325
-6274
-5792
-8615
3996
9054
5699
7085
-1563
3805
-3728
-2148
9905
7869
-1836
4698
4907
7110
-7685
6487
-3258
2774
246
-5220
-4787
3255
-2453
7135
-5533
-8863
-6898
4179
-9727
8704
5303
8826
8423
-5639
3525
-7469
5599
5615
2667
-5218
5016
6352
-976
-7688
9583
8986
8442
-2650
5251
-9749
967
-4344
7729
-5601
-2707
1032
-2714
-1613
6523
9914
-7264
1246
1075
1939
7651
-416
828
6738
1199
-9867
-6226
552
-2513
1583
6825
7643
3066
4366
-9039
369
9326
2004
-4409
-2032
-857
-8055
8399
8792
-9506
-925
3440
3259
-567
6269
-8055
-3474
2006
2376
2048
4188
-7234
5342
-5486
-2244
-3377
-7665
-5417
-5996
-7999
7499
190
9320
1383
-3055
-2910
4508
-8444
-4221
-9079
-9272
1392
-1116
1498
-808
-9471
-576
-8270
-5297
-5645
-6546
4981
-3716
-1447
4176
-6941
-6344
5605
-1987
-1813
-8616
9599
443
1209
3329
-1131
-8360
-6648
-9518
484
-2383
-2992
3763
9925
6998
-1879
-2252
9388
-3393
-341
-705
-7336
-5188
4764
2106
-9345
2263
-1020
7451
8721
-7733
9942
6168
3649
9304
7617
6335
-3397
-7034
4897
-2266
633
-5774
-7780
5348
-6845
-7988
-258
7201
8765
-1673
852
-9302
2116
4259
-2260
8652
1865
3300
-136
-5016
-9058
-7805
-2777
-2929
2510
-2589
-1403
7287
-8788
-2788
7397
9066
5722
4030
-7278
-658
3126
2760
-2334
4178
-4702
8898
-2877
-765
9778
8544
7916
3016
-6478
-4384
-1632
5908
1746
-9288
7321
3014
-188
1280
7441
-1015
-5108
7812
-5464
84
-7003
-73
2013
7898
-4067
3509
-1689
-4322
5738
6018
-5861
-9852
5018
7908
-6483
6663
-5332
-9655
-8751
2576
1404
3762
-6468
6534
6957
2113
4926
828
-7715
9051
6256
2982
6136
8811
7922
-4360
-4356
7042
-1558
7771
5293
-377
-5849
755
7289
-6547
-8909
7801
1989
-7129
6040
-2953
8640
9100
-7974
-2956
-7780
4978
3798
-8208
9709
9416
-7091
-4416
-2552
-8373
5769
3725
2294
-8288
-5463
2259
-3724
-1383
-9057
-225
4394
-1824
5183
-8524
-6030
-3386
8677
6943
-2292
7518
-4195
-8707
7075
2071
-469
9976
-587
9320
-1801
-3135
-7469
-8632
7923
1591
-1767
-2175
3075
4906
5294
-8542
-9995
5013
4997
4222
696
8735
-8208
3373
6631
4700
-7563
-3015
5870
2296
5173
-8471
-7319
-7729
-6587
6915
2139
2424
-1162
8368
5153
-8478
7623
9189
-1886
7128
2060
2824
-2794
-5823
3103
-5186
-6962
-313
8854
-9197
-7876
-5322
-3573
9062
5086
-2420
-4070
-1025
-1448
-4996
-2853
971
7799
3738
3433
4039
-5843
7980
4996
-845
-6930
-593
3450
6588
9397
-117
922
4802
5242
-6169
-1591
2401
-3873
-6846
-5808
-2085
-6420
1210
3392
9191
-855
-4233
-314
-3695
-2449
-4118
156
7656
-2787
-8472
-4881
9920
-9759
2521
-4819
28
-1697
-9355
9510
-8754
6366
-5495
7546
-9706
-98
9038
9722
630
1525
-3337
-8346
1690
-2562
-6531
9
-7017
-1470
4052
-2580
-940
-2733
-6804
6532
9475
4614
-7244
6739
-7821
-6172
-1175
3023
-9901
-4640
-5218
2978
1097
1327
1052
-4017
-8657
8713
6451
-594
-2406
2139
-8296
969
8325
-7583
-7186
6873
2629
-8816
-6018
9204
9547
2502
2510
-1166
-5488
1677
-2933
7541
-913
-6185
6339
-5405
-4388
-7331
-4906
-1959
1065
4563
874
-9941
27
6351
-6656
6485
6857
3283
-4425
812
7110
3604
7694
-4752
-5233
4808
9428
7964
-5828
3720
-7845
-4285
-8901
9189
-9209
4946
4660
7605
2753
-5834
-9848
-7138
7493
-7366
3555
8530
6296
-2701
4219
6813
-297
-992
7132
-97
-7514
-3547
906
4087
8490
-9201
-4521
6227
6087
74
3912
-9529
-2863
6186
116
9594
2610
-3621
-5773
-539
-5846
7219
-5801
9828
-3954
-5343
2519
2041
5530
5877
7081
4575
-419
-4776
-2650
-2457
-4660
-824
-8104
7126
-2730
-3063
-8314
-2639
-5529
9307
-8222
5314
-7362
7253
7664
6842
-4918
9234
2459
-2976
-3984
-556
-6318
-1474
1887
-4709
8986
4125
-5194
-5575
-3757
7329
-987
-8736
20
6093
7002
1595
4015
-2319
-260
8807
5423
-3695
-6694
4270
-8737
-1835
-2016
-3282
1014
3682
6815
-4829
-1547
2477
5645
9268
1658
-8800
-3083
9732
7488
4029
5775
3956
5190
4351
-5587
-2638
7863
-8052
-2486
-4000
560
-6235
-787
2610
-7982
-5982
1682
-9723
2456
-9985
-5033
7031
-3799
-2264
542
-8274
9568
6651
-3672
4167
-390
-1012
8128
5913
2061
-9622
6348
5360
2953
4731
9110
9461
-6977
-8170
9080
9226
1645
3234
1539
6357
3082
5761
2909
5473
2313
-8888
7284
-6925
844
-787
7941
9900
-4063
9786
459
-4228
746
-8931
9759
-3842
-4417
-7113
6072
-2882
5082
-3536
2269
-1627
3718
6260
-8630
4364
4804
1380
-7325
7404
-5594
1479
9248
-5285
-8081
-1372
-6932
3374
6447
9555
8503
2416
9913
8485
2879
-4122
5752
-631
-1097
-4765
-7990
9695
-9173
7929
8876
7940
-5932
6185
-4559
297
1735
-4445
4891
2458
-6577
-2704
-7511
-200
-8110
7572
6499
-1645
-3215
3169
7967
-3960
-2506
4214
-5176
8977
-6269
4340
4488
-3512
906
4188
-4225
5368
6711
-2993
3389
-4720
2418
9949
4609
-5912
-4485
517
3062
-3259
9288
2618
-7172
-1749
-22
-77
-3254
-8729
-7873
-9602
9571
-3549
6090
-6489
-7446
-7330
-9445
8520
-4840
-6031
-2414
-9354
8687
-9759
-6719
7698
-2507
-1364
-1216
-9880
-1208
-9339
4417
841
-7355
6142
-5356
5363
-4990
-6372
2305
-6668
-5502
-9567
8948
9523
2521
8578
-7558
-1074
-4344
7846
-1235
9841
8453
-9365
-4458
-9049
2992
4365
7101
6605
-222
-7006
5403
-3675
-8283
2900
8156
9286
8158
-4745
-5868
8012
8789
880
9092
4920
5081
5038
9490
-6131
5515
650
-1096
-2981
-2741
1983
-5572
2430
777
8030
-312
-6672
7231
-307
8254
9372
-5371
3684
-9132
9103
9648
-7400
-1303
-7761
907
-5884
5138
-3357
-7836
4112
-5346
6857
-7045
6046
-2514
117
-9483
5999
-9015
-7492
8908
-700
-6307
6213
-8918
-2671
3614
-2495
4013
9245
5535
-7520
1700
-8838
8029
-3178
3105
-2419
-3582
-2088
-177
5192
-4492
7068
1514
7934
4792
294
1637
7323
2350
5079
-2279
-6094
7741
3164
9454
-5406
-5363
-9674
6203
-9801
3254
-2264
9244
-1260
-754
8851
7632
-6369
707
-7538
-9403
9282
-8707
-495
-3670
2133
-1586
-6914
-1533
-7638
-5508
9267
7562
5222
-9352
7604
-2498
-224
8995
-5058
1087
-764
2432
5251
-9856
-1563
-7916
2321
4150
501
4755
8514
-8826
-9003
-1136
9109
3074
-2390
-8159
7803
3369
-855
3820
-2041
4609
-892
-6058
-3864
8616
-4367
9295
4407
9396
9569
-7154
-3401
8957
9062
7242
4354
9692
1468
-2861
-7556
-6130
-9013
592
9566
7318
8800
7235
5651
-1374
-3235
3453
1817
9524
1608
-9510
7853
-3854
4946
3390
6287
-2103
6982
-7878
4730
8134
-6003
-466
-5071
-3649
3650
4281
2404
-8505
-5423
974
5816
-4207
-6052
4242
-4647
1092
3653
-8569
-3251
-7289
-4699
-8196
-9688
-2598
2789
-9606
7689
-3077
2482
-9960
9741
4700
-5861
-5447
4108
-216
-1812
-2706
6290
2617
9062
6883
4460
-7058
9774
7809
-2840
695
-8417
6843
-6973
-1093
-9687
-111
1178
-6855
-5476
2805
5918
6250
-1695
-9605
6518
5438
-2115
-5264
-4034
5191
2559
-2679
-4393
-5986
1177
-9587
-5593
5589
-801
-4060
-7494
-4689
-5024
7948
-9661
-9676
-12
-5730
4473
5176
8262
-1027
-3008
5615
9898
-3217
6946
-4772
-1412
8692
-8385
-215
4001
9166
-8200
-9982
6247
-8291
-7757
-762
-7345
8779
-3752
1022
-6401
2470
7414
8047
3223
371
-8234
9595
773
-7496
-4776
7416
613
-9343
-2215
-9422
9368
-6576
2926
590
4994
4151
7085
-3534
-8222
4442
3554
8111
1440
-5129
-5059
7551
-1599
1807
-8047
2436
-1283
-7679
8153
3649
-4179
-3962
9723
9666
6205
6108
3723
5946
-7293
3494
-2664
-6867
-9175
2651
-5101
4673
-999
-3582
7788
-7284
9341
-8696
2963
6210
-6002
5801
-6416
7562
273
9944
-5384
7439
707
4470
918
-8868
-4301
-9842
-8677
3925
1028
-8403
-7268
1349
-773
-1586
8635
-3013
-5330
6674
6027
8861
-2426
6448
-8161
-8732
6753
-1311
-8904
7778
4763
3284
-3903
3286
-4394
-6699
-4581
-593
1900
-706
-3584
-6884
8419
-9245
-8071
-2221
-1987
8666
1040
-933
-8562
-6136
-6243
4944
7534
-1042
9332
9131
5427
-6423
4655
-4405
9021
-5017
108
4994
-3672
9903
5609
2913
2937
-526
-7145
-5231
-3550
8098
3166
2229
1832
-7803
-8932
-835
3208
-1792
502
8822
-3879
4716
4185
943
4187
-6247
-9262
8418
3313
-7955
3978
-862
2123
-7374
-6413
-3085
2011
-4529
2840
3923
-7712
-6706
-6585
-1864
3007
-4870
-5473
-7176
-3618
2127
3890
8820
-4549
6382
4898
7707
-2314
-7909
-8373
-3168
-696
342
1317
4158
-7778
-7789
1610
-4236
8373
-6977
5133
-7176
9730
4187
-2089
-9984
-8011
4195
8870
48
519
6010
9620
8185
9842
8216
-4734
-3196
805
-2408
2898
-9437
-4605
9615
7265
3799
4085
4025
6854
-9826
5638
-8279
-3180
2028
8228
9886
-2889
-9700
-8783
772
8232
-9610
-7910
34
-3842
-1921
7956
4338
9226
-2990
5505
-3327
-6148
-28
-8537
2126
5477
2865
8240
-4503
3687
6142
-709
1564
5780
-2004
-8321
3648
5378
4908
-909
-9526
3788
4566
1602
4690
-1028
-5588
7317
1001
-8179
8934
6896
-555
2610
-5538
-6879
-4575
2624
9654
-5280
-6563
-6196
9567
-9783
-511
-8051
-1904
5080
-4753
3853
8596
-9525
4176
5009
-3311
6021
-1712
-171
-1686
1131
-4905
-1439
-6954
-404
-109
9733
-6145
9095
5460
-8855
-8733
1772
6843
-2071
-7085
9954
-2018
982
8345
1552
-3582
-2614
-4972
7470
-5734
-4920
-8811
6379
5116
-7275
1650
-1929
7523
2623
-2641
-5640
-2811
-8768
3653
-7117
7401
-8844
-2970
123
9178
9561
4586
3973
-5861
2976
-6997
6969
-424
2689
-2160
-7780
-7128
7410
-1844
-975
1180
-4494
3953
3068
6668
3141
4272
-3608
7551
-76
1196
7678
-8065
-3444
-1407
-9507
6239
8372
-5313
2489
7292
7447
8848
-6234
7279
-1158
3055
-7008
515
-5805
9297
-5305
-8710
-7086
359
-1820
7876
-1761
7128
-8675
-5292
-2741
1282
-7639
1691
-2841
838
-7938
-1575
-2511
-8131
8500
7573
6429
-7876
-9628
294
3034
-1280
-2996
4686
3754
3780
-3447
-3930
-8930
193
-5690
7590
-2012
7431
4450
-5330
3923
2879
6740
-5602
2557
2808
-6214
4747
9389
6159
-828
-3002
-2040
2502
3496
3313
6422
8534
-6616
9693
8110
1914
-937
-8514
4136
7940
4747
-5217
-6618
-8529
9847
1161
1527
-4641
-6193
2033
927
-5015
-9452
-754
959
-7106
-4951
1417
-4282
-266
-3699
-3050
-755
595
-1457
4522
8872
-476
-8861
1725
-4691
1768
8099
-6879
-2145
-9510
1391
2642
2139
5717
8125
6892
2411
-7382
5271
-1668
-2763
-7336
9517
-1983
-1906
-4156
2791
-6752
7973
1916
7309
6257
5563
6084
-4401
-3939
3493
-9852
6697
2557
8785
-7798
3492
3029
-7935
-9865
409
-7619
-6858
4314
2081
-5467
-185
2863
-6433
5909
-4979
3206
-5196
2138
3510
5570
6918
8885
-4728
5013
-4525
4690
-9667
316
241
-1665
1774
673
8044
2627
7270
-1832
167
-6835
8500
-1437
5380
5820
9941
-5407
-9936
9599
5306
-4985
3913
1503
1058
373
-9522
-2865
-7620
336
2282
-3533
-7404
8479
-2805
1136
3807
228
4685
-2993
-4657
7020
-5120
8701
37
7788
102
8900
-2241
2625
6214
3256
-6748
-5405
4723
-1428
-7293
1361
-5172
-4506
-6537
5863
5661
1580
-6603
3454
9598
-2868
3581
9222
-3612
6962
304
-9750
7256
-3773
3986
-4345
3456
1455
-6476
-4028
-9829
-6637
-3357
-2281
-7913
-8105
4518
2722
2731
-156
7670
8943
-9046
-4912
6855
-5737
4015
1263
9250
204
7845
7325
-7387
373
-6881
9312
-1736
181
-3792
2302
-622
4265
8107
-438
4278
5854
-5817
9388
-2062
-2466
1834
-8862
2311
-1678
-1878
2710
4924
-3689
9816
5265
-4626
2064
-4693
6079
5044
-4322
-2582
-2777
-2887
1094
6338
4564
-9475
-4763
-9718
-74
-9250
2739
4691
-518
-9923
905
-3017
1097
2720
4432
-3215
8947
-6688
-7827
-1780
-1915
5779
-197
-6715
-4016
4139
-2139
-780
-1970
9423
6589
829
-3644
7874
-8621
-6245
-2498
2220
-2826
-8660
-11
-4295
-3520
8137
-9308
9917
-8468
807
-7761
6633
-5908
5903
-7721
-7287
-8939
181
5752
1181
-6619
-475
6934
-2826
5275
-3765
5616
-4878
2007
5199
9106
-7237
2883
6617
-1613
3268
-3160
5380
1611
-1140
7825
-6896
-1579
-1736
-5727
4729
4529
-9765
-6385
-2824
-5250
7617
-5831
-4149
1488
7044
-3883
8193
4636
-8743
2129
2793
-8671
-3388
6563
4836
6084
-1391
9811
475
4240
-1035
-9235
-2036
-5862
-8506
3531
-9495
2941
1195
3272
-2347
1277
-9086
9382
5616
4491
-7025
-7911
-5511
-2045
7500
8397
-3174
-8229
-6368
-1605
-4085
5976
593
-8319
6118
2833
6247
9083
-8130
-8220
-3371
-2208
1459
6625
-7388
2944
1439
9590
-9719
7033
5500
721
8833
-6567
-940
4379
-270
4764
-7790
-5848
9010
-5449
-6247
4329
-1091
-5890
-9966
-2967
-76
2623
4381
5269
-8596
1390
-9844
-8203
7761
-7356
-7963
5308
6326
5941
8058
2247
-3483
-6087
2386
-3379
-1853
-4436
-8772
-4400
-8299
3328
-3934
632
-1866
4635
-5416
-8508
-9627
-8881
-6014
422
9449
-216
-3108
4230
1004
-270
1881
5704
-9774
-2257
7391
-9150
9175
-8959
5052
-4271
5343
5171
-677
1855
1931
-5907
-579
7610
-5548
-8043
4442
-6931
4055
3987
-4394
9192
-8678
-6506
-6802
-6359
-5973
7644
3141
1175
1254
2081
-943
-4904
-7724
6131
-4946
-4199
-8705
7386
8436
-7547
-9283
-8440
-194
8421
4683
-2235
5960
5281
6519
-4025
4848
6638
-44
-2283
9057
-7309
7180
-4748
-4535
6952
9337
-1927
7468
1397
5978
5339
-3929
8322
-872
615
-7872
-3847
8478
-720
-9516
6914
6557
-4321
-7102
7818
-7669
-6566
-4552
405
-3698
5202
3720
8940
7334
8852
-746
7560
-7456
8910
393
-8749
2682
361
6790
-2531
-5571
-8089
7834
7272
-2918
-3582
-9580
5671
8702
5302
-5058
3204
7684
4309
-1351
-9500
-1777
1712
5760
273
651
5303
7662
-6044
4665
-1863
-7199
4843
-504
2107
-7949
-2267
4085
-3622
1046
-7589
4282
2803
-7395
2167
-4730
8012
9069
4055
6144
-3581
6603
1571
-4837
-8806
4220
2125
-7790
5100
-8125
-6484
3630
8705
7910
-4842
-3239
2555
-5801
-6055
7705
-4549
1000
-1102
-6313
-9879
1172
4698
520
-1978
-1264
4756
6394
4045
-6738
-5321
8102
-5284
2634
-8102
8352
298
2915
7436
1426
-9682
9906
745
9678
-3237
-3500
-8332
5398
1374
1341
5142
-7595
-8625
-1161
-7348
5110
1544
8047
3525
-1461
8282
8027
9101
-1439
-9702
6812
-8403
628
6405
5822
5701
2003
4415
7272
-1177
-9619
-2242
-9324
2689
-3489
-7188
1515
-1389
2174
-4988
4226
-3931
7636
-9951
-1457
-4221
-5634
4854
810
-9416
7102
2338
-1201
484
935
5692
-6178
5854
-6716
-2041
4863
6799
9972
-2635
-128
8754
-1073
7395
5310
-2846
-7328
5594
3035
-8700
-9003
9310
-6782
8455
-7660
279
-2570
5456
-738
-1424
-8679
-9732
4070
2095
-8765
-5027
3564
-6787
-972
4084
5155
1303
2898
9410
-2715
-4876
-9351
-893
-4613
9828
815
9449
-7012
-277
657
-2424
-2784
-5713
7927
-7305
6285
-4510
-3722
1050
9987
-2912
-9996
-1064
-2140
-3864
-1570
-1942
7510
8747
9835
-4391
3793
7346
8869
-8478
7715
8428
7280
-8489
4820
-1357
-2441
3516
-7446
-3114
6977
-9059
-3235
-9570
7644
3164
3327
-8841
-1899
-9596
4958
1435
-3323
-808
6232
5006
-6897
-9737
7335
-9512
2644
5778
-7982
-8846
4155
-1291
-2385
-7329
6343
-564
-6115
-823
3854
2063
2783
-3186
-8029
4417
-2851
-4695
2003
5702
-2217
-3793
2305
910
-4188
-6674
-7908
-9635
-7234
6230
5733
194
5447
-227
6227
-7568
60
-5523
-4722
-5609
3002
-6995
7239
9970
3264
-9334
-9254
9557
5747
700
-1463
-8086
2727
4115
3225
-5445
-8294
-3577
-2222
-5446
-4041
-2432
-7201
7010
8229
-3519
-3680
8479
-3926
-5161
-8439
7810
-3999
5049
405
-8145
-1162
5930
9220
5306
-1493
-2091
-4349
-6187
-6475
-9722
2920
-9391
5747
4941
-7107
2107
250
-7291
-7468
-8504
-4817
4712
8828
-1360
-2164
-8617
-219
-7820
-2118
-2419
-2734
3398
5426
6066
-8323
2140
-8214
-5085
1529
1991
5268
-1676
4658
4131
-9164
-1666
1426
2128
-7004
-3258
9761
8249
-5201
8567
-735
7357
-9315
-9328
-417
-5691
7395
-928
-2322
-864
-3198
2183
6118
-2781
-4671
-3712
-485
7604
-6813
-4203
-3259
1762
5213
6389
-4911
535
-7291
8105
-2709
6741
-7114
8517
-900
-7586
-6847
9895
-9115
4681
4095
-2269
-980
1451
-7189
950
8603
-9162
5758
-2115
-1491
-6075
8155
-3951
-5717
-4501
-5457
-5938
537
-7141
2665
-919
-6955
-4576
-1723
4810
9973
7824
9127
92
9721
-9055
4373
-489
438
-2942
8973
-5329
8779
1622
-2729
-2090
3124
-9927
-6472
-9437
7584
4592
3500
7396
-6933
3547
-8564
-9132
1642
-9196
2084
6923
6168
-639
-9917
8716
4615
-6192
-2405
-2869
-2381
5093
-352
7170
9841
7236
6493
-2534
-7848
9273
-2221
-7726
-2686
-8425
-4837
8979
3240
9793
7946
5967
9729
-7833
-9135
-6535
4540
-5559
8369
-1792
1311
-4000
5942
503
-1347
2406
2146
-9101
-7599
4355
2211
4746
8535
-510
4250
-7547
8684
-4385
-481
3317
680
6539
337
5958
7755
2907
2371
-5456
-1869
-2141
-6723
-3070
-4801
1644
-9209
-8686
-3789
5087
1958
-8409
2623
-8829
2593
-556
2713
8500
3904
-2852
2878
5813
-6544
9296
-3951
2020
7056
124
-4409
5916
5035
-3331
-665
-1898
-6989
7143
-9173
2736
-3664
6870
595
-5903
-5359
-3953
-5431
4869
-2987
2702
-1088
-3789
-5980
7486
6737
3873
-9836
-2464
-1679
-2773
-5067
909
-9870
8617
-7379
4183
-5023
-9708
-6650
-3811
962
3283
-6975
7213
8460
-1428
8825
6643
1740
4663
7160
6808
3663
2816
-7355
-6555
-8161
7291
7938
4071
-6882
6760
4734
1797
6099
-5060
-7514
-72
-2915
-6627
-4095
-2603
9486
9622
8910
3565
7883
4019
7639
4344
-4287
-5794
9649
-8026
6058
19
6677
-991
-994
-6219
3230
2088
1810
-789
-9802
8708
7342
-7052
5102
9595
6261
-4258
-3875
6987
351
-9436
1296
-871
-378
3442
2362
6404
1733
8037
-6354
6987
-9868
-6469
2849
8042
7407
1767
1815
-6320
9138
-7003
-8928
-1836
-3348
9589
-2451
8446
-6017
-4659
3908
7994
-5909
-5211
-4713
2704
-3231
-658
2292
-567
-3190
1905
2000
-2502
-8279
6498
-3913
6813
-1355
-85
-5559
450
-8284
3582
-7125
5208
-5637
2560
-3888
-8003
-417
1699
265
-6205
-5358
8823
-4957
-5945
-6323
4640
-1321
-8299
698
9001
4643
9804
1077
5170
-3155
-4829
138
8858
2015
4323
-7771
-8844
-8901
1467
-2542
6279
-5371
-4607
640
2590
2748
2651
-1042
37
-397
7089
-9588
-4455
2117
9202
-5709
-3062
6438
-9782
6766
2863
9030
5706
-8534
8221
377
4951
886
7790
-5540
-6028
5980
675
-3816
-3096
-905
1094
9635
-2478
7777
3004
3236
6813
-2100
-2985
5626
-9416
-6482
4126
5615
-1831
7800
9947
-138
-4691
9666
-389
-1209
9637
-3651
-1131
-5199
-4126
-6873
-3001
-2036
1558
-7318
-8528
9428
7729
416
-2298
-4186
-277
7261
-6160
6356
-7251
-2613
-1123
-8039
-1276
-4670
1220
-7067
9080
-949
-9129
-9643
-6075
-8268
8824
2651
9928
8213
9383
-3399
1530
-5008
-4728
4982
3305
5449
6640
3065
-1028
-7550
2718
-7374
6046
-8113
3813
-2666
-2947
5371
2283
3363
-5043
-4147
3179
1736
6787
2730
4916
5858
3382
9695
6765
-3042
4830
-5950
4277
4417
-5171
9621
189
-8648
-6852
-6317
-7384
4631
-3035
-9384
8679
8058
-1542
-8348
9107
6560
3058
-7151
4413
-4694
519
4293
8616
-8315
1310
5374
1006
-1193
1513
2326
-5032
7373
-5916
1867
-7761
6771
-8432
7994
4472
7863
6183
-5935
8803
6288
-1395
-2249
8623
6755
-9825
8376
-650
9668
-3754
6897
-6897
-6238
-3333
80
-9570
-1779
-2168
9533
3740
932
9936
-8296
-3945
3013
4608
2076
9069
-2504
6796
-5791
-5417
166
-7942
-7077
-5463
6565
1876
-6261
-7124
6031
860
2675
-5708
9966
7384
826
-1873
-6486
-1030
-4753
3360
26
-1560
9622
2796
-2762
9173
4947
-6980
-4928
-4163
-8630
8676
7561
-7348
8829
-1636
-5104
-5089
3619
-584
-3712
-6426
-5958
-154
6912
2582
2562
-611
-697
-1587
4007
9483
625
7567
-3741
719
72
5804
-3559
-4499
-7318
1608
4994
-6248
-9687
4078
-6026
7135
8495
6820
-9176
-4266
1075
-1583
-179
-6319
7842
6744
-2655
9836
-7268
1190
1967
9446
-9310
803
-9089
9721
5265
-2809
-5407
-1239
-4252
-6525
-7101
687
-2704
3861
-7767
7765
9364
4483
9549
6509
-1500
-7821
4348
9264
-5320
-3155
-9836
8837
-2661
8748
3217
7432
-921
-5004
375
-8445
2682
3521
4914
2324
-5349
2922
1146
4702
7908
7794
1254
7633
4262
-5052
-7780
3501
8273
3515
-1672
-575
4436
-2064
-735
-5674
8225
7594
-1866
-4769
2385
5743
7460
-4515
575
6507
-368
-445
-5470
7712
5769
7235
5536
-4229
-829
4612
-2753
1360
5347
8679
369
479
1934
7317
9513
-6600
3197
6859
-7355
-6875
6145
-505
-6119
-6979
-9424
-3257
6974
4496
-2270
1041
1842
-5191
-9308
-8590
9892
-4363
2324
-6874
-7871
7450
3179
-6979
7507
-4177
-4586
-6462
-5065
-6986
-419
-3447
-958
5841
8116
7695
3803
1547
2160
-2277
-7154
2036
-9412
9410
2506
-4006
4757
3155
8965
5187
8284
730
2401
4638
-4896
-752
9782
8342
6665
-857
138
8669
-2200
636
5612
9410
4295
-3247
-2956
3600
2266
1505
-382
6244
7457
633
4104
7678
6936
4636
6122
1593
4677
842
15
895
9949
-5677
-9988
-9681
-9491
-4143
6877
2092
7008
-9100
5041
-1276
9899
-5472
6761
-5555
4556
2161
1135
4199
6157
1699
5627
6244
-7984
-6089
-727
4972
6913
3895
-7552
-3232
-9916
8013
8269
-5482
3166
-7385
1354
-6463
5952
1746
9089
-3977
-3980
6645
-9096
1232
-9126
-1744
8004
1014
-577
7754
-5049
9481
-439
6943
-9540
2529
3324
661
2344
3795
8965
8043
6109
690
1526
-8190
-6094
6172
-1075
-1056
245
9663
-1423
-539
3426
-2172
-4287
-5879
-9779
-9160
-6878
-8853
1781
-3278
2057
747
9634
1942
-9064
-9534
8805
5817
-6121
5457
-6490
6273
7577
5657
721
-3773
7465
7231
4500
-4597
7122
9178
-4457
5651
-6943
8499
6549
7313
8842
1012
-4011
-3595
-3551
9179
6670
-6043
-9701
6943
-5180
9054
-8366
6288
-4146
-8510
9276
2574
1506
8998
602
7515
7810
2112
-421
-4479
8390
6447
2615
-7957
4898
-9096
8623
-5769
9783
-2229
7491
4795
-3289
5561
-358
7332
-889
244
-2809
7210
-6711
-8482
-3960
3506
5571
-466
1487
4632
-3850
-4229
4375
-3369
8515
5878
-2714
6563
-988
-6799
-3613
-5126
-4318
-9273
-4806
5116
8392
28
-8326
9469
-1956
-9097
1569
-1234
881
-1384
7694
7661
3500
48
3784
5215
-9264
-5403
-7660
2041
-6272
3658
1516
3800
-8810
-4748
-5844
575
-2779
-484
935
-2288
-3661
-9191
6730
4744
1104
5174
-8342
-7576
3029
-4652
-9048
2162
-9444
-2241
7294
1690
259
8189
2591
653
1184
3189
-4321
1710
7634
-5695
4337
9064
8459
7527
4942
-6901
3629
-4075
-5123
7110
7598
-8694
7041
9939
-6447
-976
-4428
-6137
-2788
-8162
6855
-6662
5051
-7311
157
-7607
-4799
4450
2454
-6897
-6550
7287
4876
7187
-9380
2758
-8061
3908
7505
-5805
6220
628
-7176
-1271
-9868
6525
-6450
-1794
3729
-3518
8172
-1299
-7327
-2983
-5972
-9016
5527
5913
5168
6395
9613
1026
5930
9780
7927
-7743
-4055
-536
-9275
7222
7955
-4832
115
5417
1561
-9869
2055
-6183
7858
388
3283
6341
9057
3953
-3819
-6852
-3790
-9747
7254
-9497
9023
86
7766
8587
-980
7180
-1139
-4758
2247
-2114
-3413
-1108
-4057
-2738
6233
6973
-2928
4172
-5547
-4305
672
543
-1908
-8095
-8708
-6211
9325
-319
-1169
2702
-428
-6767
8859
2327
-70
3929
9494
3713
9417
-2249
7273
-1472
6111
-1055
-3177
-9859
5929
8200
7666
9374
-4599
-9618
7152
-1842
4458
4905
7889
4969
-1188
4622
-8928
501
-1730
6570
-6213
-7474
7133
2094
6963
-2382
-4313
5413
-7326
2389
8448
-9742
-858
-445
462
8223
-7031
9088
7792
-3321
2491
5063
2443
-7661
284
6660
6311
7414
7921
5411
7796
-1152
-7363
5833
8986
1308
-6021
8531
9049
-7734
923
-1651
-1633
-4050
1300
8677
-9431
-9142
-6135
6510
-9202
1321
-972
-5053
-4484
-9677
-9307
4885
4071
5918
2262
630
-8343
7390
-2189
8502
-8876
-9547
-9199
-6899
8652
-7914
7111
-1351
-8100
6838
538
6146
7323
3090
3059
449
9709
-9015
4492
6560
2712
9295
8461
3223
-4482
-4604
2034
-8345
8729
-8849
-4437
1449
8394
-5462
1727
-1184
-6847
-3678
5694
-1523
-4111
8348
6470
6676
9117
4323
-4874
-8259
6607
-7766
-485
7916
-8300
-739
-2186
5484
8308
-652
-8721
-4153
8385
5597
3598
-8266
-5049
420
-4145
8973
-8169
-8086
-3643
6806
-7458
6126
-6564
-670
-2636
-5668
716
-603
-8121
-8443
-3294
1029
9148
2072
-8003
-9215
6834
-5170
6934
-996
7732
-3793
-9284
-9913
-9119
7706
-1243
2238
3735
-7583
-3890
-123
-5222
-3851
8831
-8043
9867
3736
6557
-5354
9260
51
8166
-9882
9818
3817
-5194
-2743
-4751
-2988
-3042
-532
5552
-4957
424
-5424
7483
8260
2932
-8714
-7681
-3598
-5961
-7344
-7897
8428
488
8155
-4503
9193
-7094
3227
-7739
-9982
-4439
1771
-497
2543
-3311
-7547
8844
5180
9675
6956
-9293
7117
8365
1701
1920
2335
-1865
-6409
-3006
-4145
-9795
-1658
4424
8011
-9611
-1096
-6603
3237
-6454
-7826
9945
-6549
5028
7895
-5309
-9087
2384
9980
2280
-3213
-2358
-33
-7473
-5783
2840
9121
2777
-9248
-1000
4544
4220
-5182
6638
4069
5825
-9138
4252
-6572
3026
-6528
9587
6331
4848
2041
3019
9599
1176
-4745
9352
-1307
-13
-9122
-208
-4500
-5941
2660
-8122
6144
-4752
-359
-6661
9192
-3247
2438
2656
8155
3524
8181
-9250
-9763
-7853
-6260
2769
414
-9050
3657
-249
-4157
2595
9701
-9618
9848
2982
7249
-4429
2602
8968
4505
-4291
-7179
8925
5562
-9941
-4071
3032
2052
-2007
-4687
2885
6343
-7373
-5819
-7973
9287
-1495
5202
362
6684
1694
6777
2057
-6211
8373
-3205
-9386
-9376
6371
-6052
7390
6789
-8932
-3353
971
-9185
-940
1334
-5325
-4788
-9179
7011
1386
8178
-6070
-9237
-2430
-9979
9080
-866
-7454
-347
8176
-875
5685
4569
-6190
-8441
-3062
8970
803
6067
-3938
-2367
6167
6444
-4946
-860
-8996
5718
-8033
9779
-3004
-5739
-7064
-3445
5057
557
-7310
886
-2790
-7992
7900
2233
-7261
5247
-1944
-834
3201
3052
8231
1527
5646
2797
-7456
4603
-4254
-8298
6976
-7816
4991
4887
7184
-1128
-9721
-8525
-3929
-3552
-8015
-4152
-5393
-4047
1508
-3294
-1155
-2828
-4596
3561
6264
-6401
-5124
-809
603
-942
-9945
1932
-8148
4592
-2266
-7529
1755
-8214
1439
7954
6321
-4936
-6694
9535
-8830
399
-2248
-1355
-9533
7372
1356
6074
-3303
2805
9167
4033
-5169
9104
-4778
-7383
-9567
5212
-9374
-8548
-7837
-6532
9294
-9992
6097
7108
-8012
5990
-4711
5235
2962
7981
-6463
-4549
341
3023
-5572
1618
-1765
6267
-9642
-6788
6526
-4396
-8529
3630
-22
-6614
-8502
-8892
4085
-9923
-4017
617
-3686
-1242
-1352
-2295
-993
-4102
4571
1353
-9552
-5434
-6200
-971
701
1327
2158
-6477
4753
4871
8257
-6976
-2440
1770
-2037
-8324
8299
-476
3165
6196
3570
5481
-8043
4112
4913
1242
-5923
-8854
-8504
9845
7299
7117
-1382
-9971
-8484
-8540
262
8251
5433
8962
-8138
-3164
8138
6379
-3389
-1604
5210
7456
-9498
-475
-7316
-6783
-9027
6200
-6396
5164
2389
-6019
-6303
-4057
6514
-3208
140
5945
4713
-8495
4510
-9704
-861
6873
8861
-1155
1784
3019
8370
2935
3287
-7596
-3631
-1615
-686
-2819
-4005
1464
-9380
8412
6327
7800
-4417
2838
5001
-1537
1620
4604
-6556
-5964
-2748
-3568
-3402
1793
3507
775
1474
7349
5922
-3190
-1753
-7949
6664
-1104
2274
-6735
-1310
-9750
-8534
7851
-1702
-5880
-7243
-3434
-9946
7367
7576
-3121
-1227
8254
8809
2279
2033
-6576
8397
-4776
-8159
7230
1461
5210
2092
2795
2538
8992
4575
9985
-8736
-5126
-6389
-4699
-6998
3113
-5427
1524
-1928
-6508
8783
3360
4552
-542
6446
-3446
-9809
2593
2605
-3379
-7639
-631
-9294
-7137
3578
-9927
-4715
6319
4874
5557
1072
5628
7647
5276
9199
6217
7532
-8052
-7187
9802
834
-946
2498
1018
3753
2398
3575
-9308
-9173
6525
2180
8183
9040
1306
8516
237
-6980
-9348
9777
5475
6525
3561
-9891
-8424
-7419
1415
5077
-3448
-1741
2533
-6783
-3123
577
-7287
5686
1508
6035
-9298
1749
-3053
-9618
-6589
7054
3155
-1764
8620
-990
-423
-5578
6618
3368
-627
7605
2891
-9051
-6406
9076
-9226
1461
-9597
1297
-5881
2940
-1034
4253
-1166
1592
-8022
-15
-1869
1971
-3082
6505
-3175
-7254
-3254
-6695
-9142
1757
-2500
-8842
-7725
9866
-1639
7268
-5118
-6537
9994
8676
-6122
2334
-4778
-9463
713
-9061
-5275
-8752
4071
-9937
2370
5923
8855
2115
1358
-5619
3847
8059
2934
5900
-6109
-2604
-2091
3827
4477
-4975
7596
-4835
2914
-124
8976
9181
3953
2265
4750
-5695
4396
8873
-8819
6770
-9240
-8234
-6025
9177
-7696
411
-3371
-2267
2104
-8368
7184
4200
3162
2157
-9786
7812
1067
-8648
1118
743
3100
-2345
3024
-1008
-476
4254
1250
-3602
9575
-1545
-2429
-7552
-8082
7640
-4502
9784
-5211
3215
-6016
-8449
2471
9452
-8907
-3363
5210
-5763
7945
7927
-5630
-4672
1505
-674
9627
-4525
7232
-6037
-9040
-2134
9388
893
4697
-8336
7646
5571
9416
8168
-8202
2548
4813
-5028
-2167
2180
2500
6815
4880
3648
-7200
8489
2646
3860
1662
392
-2280
-9993
-4847
2401
-4884
5263
1563
3150
7694
5225
-5324
-6024
4855
1408
6770
3896
6732
814
2084
-1821
7288
5877
-9469
-7784
-3420
-8634
-476
-7981
-6792
-5082
-7242
3561
-976
5406
-5876
7796
22
876
1435
-296
880
-9882
5318
-7168
9037
-9852
5246
-2006
-9028
4776
-5428
617
-6143
8316
-5830
388
-2726
-2650
-7221
9275
6008
8677
3136
-5292
8358
2784
-6913
9788
-7994
-2781
4881
-6346
-9059
-3725
1059
-818
2762
-2674
8680
-3034
9607
4923
8788
8991
-2254
1381
-3914
-1597
6607
3638
9898
-7596
-8209
8586
9783
1215
-3760
-1089
411
3125
-1527
7836
-4294
-3135
6019
-7207
4029
6775
-256
-348
6753
-4549
1167
1934
5428
7337
3410
1879
6331
-9942
5231
263
174
7696
-4288
-100
5253
-5925
4133
8232
-1271
-7437
8826
9236
-3267
-2408
2989
4284
6005
7680
606
3621
-4335
-8568
662
-1311
-5940
115
7045
-107
-1637
9242
8575
2057
3452
8927
2214
686
988
5143
5211
-8165
-9995
-4333
6328
659
-8781
-6110
-213
-1902
5037
28
9293
-6970
15
-4189
-1058
-9393
