15850
-1362
2256
-6261
7045
-2292
6005
7321
-7620
7708
9304
2072
4254
-2222
9494
-4883
9763
7963
-9782
-7166
7583
-5012
8083
-4316
-4144
7905
-242
9003
5722
-5412
6107
-1690
-1576
3853
8695
-2747
9904
-6714
-1986
8502
1354
-1164
7019
2548
2327
5471
1773
-3525
-3624
9800
8058
-2534
-3543
-2625
-1323
-4530
4170
-3188
8174
-8736
9551
9792
3533
-6570
-3901
1983
4190
-6278
-704
-7525
-8033
8599
-7478
3737
-7924
8068
7281
9166
-2262
1865
-3082
3802
-2021
3415
240
-745
-7199
3660
7762
6853
-5423
2321
8342
-4337
2277
5461
8890
-8405
3739
6468
-7319
-4333
-8453
-6026
-2624
9405
3023
9745
-4796
7357
-7026
2151
5806
1339
1459
4672
5331
7463
-5662
-496
-8813
-415
7763
1298
-9466
1331
2927
4055
-219
7655
-5360
-5767
5963
-6711
6079
-8632
9154
-8979
115
-1816
-7742
-7579
6644
5620
-3398
7279
-8925
-9395
643
-3247
-542
4246
8806
-2466
8558
1633
8514
-608
-3780
-4866
4341
4580
-7618
9715
-7497
-7574
6287
-6265
1455
3218
8400
-115
-727
-3513
7541
6948
-9076
-5690
-6217
8604
-6952
-1640
-9179
-4230
4751
230
7957
6553
6460
5024
5732
7854
-1148
-227
-6793
-5489
-3125
416
-9722
7838
-3173
1628
-5978
-4883
-4809
4467
4805
3361
-2086
3496
-3018
-9976
-7481
8090
-8926
2399
7223
7190
-471
1520
-6944
-6575
3769
-5116
2416
8348
-8796
8672
-3224
6898
-8914
-1660
9557
-7851
-796
691
5822
-9541
-3050
-7802
-1727
7629
8983
6119
-9242
1117
8154
-6332
2787
-9607
2126
-4259
2873
-5566
7867
-9242
2562
8791
-8493
6178
5101
-5472
-8091
-2312
-4750
2067
7961
-3173
4213
-2122
8985
-430
-8511
-4771
-4820
-6165
9672
-8318
-2049
-9532
-9087
-1083
-5667
-1221
-712
-4511
2409
7203
7342
-6748
9802
4131
-2568
-6973
6013
-5527
-5329
3613
8256
5334
6805
3583
312
7725
5456
-4590
-7655
347
1836
-3395
3529
3872
968
8550
886
-7943
5772
-5722
631
5118
-1191
5796
9421
-1434
672
-8932
-8726
-9353
1708
3061
-8922
-2480
2090
3529
-8645
159
-9043
-7764
9982
-3233
-4972
5739
7137
4143
7286
4916
-4665
8587
-8354
966
4071
-9900
8008
-3401
2444
-5743
6754
8855
-5840
2624
-4662
-410
4800
2232
-8070
-4135
9995
-918
-7183
-2634
-3079
1954
-7084
8776
4568
-8998
-5221
-4589
-259
-344
-7981
-8330
-5373
-7891
-4551
5997
-5262
-1559
-6315
8474
2130
3117
-5062
2957
-2645
-7845
612
6874
1168
-3407
-5882
-4099
-5120
-386
-8603
-3443
-6100
7293
5298
8959
-5445
-5860
7111
-3256
-640
-1169
820
7059
-8575
7545
-3163
-4961
-4267
3924
811
5224
-6518
9777
-6555
-4514
-1299
-5639
-3861
5438
-9175
-1572
3564
-1501
8288
-5885
7207
-7850
-3567
-4612
-5259
2869
-6231
-5215
-9461
4750
7809
-6827
-5302
401
8884
6160
2837
-8133
-2869
8180
-432
-3590
8177
-7937
3834
-5099
-9647
-4046
-2291
3199
6616
7658
-9392
356
-1431
3943
-1564
6145
3593
-1260
5163
-974
2756
3538
388
-9765
1408
8090
-6221
-2586
2296
4921
2782
-1154
-8071
7440
-8682
6560
-9337
352
8569
-8844
-4145
-827
-1713
-7119
1190
-1098
-5995
1488
-1496
7379
6863
1637
4481
-3908
7094
498
-6859
-6196
588
9445
8132
-3049
-7437
3935
9097
-115
-2336
-4741
9720
4300
1877
1483
-5909
6932
9514
7848
-504
-7330
-9122
9236
5348
9975
-901
5825
3693
9943
7732
9354
5715
9025
-2309
2972
-8384
226
-6481
698
7729
8669
1083
-8991
2721
-9048
-7515
-9064
-1758
8170
3522
3970
6293
-1757
-1133
-6579
-2334
-9453
-3563
-2746
3942
2021
-654
6602
595
-6101
4134
3775
-7130
5079
-6537
747
242
6782
8277
-600
-8020
5249
-1894
3004
-3956
9021
-3548
7993
-8392
-3144
-7799
-4633
-8723
6444
5163
1022
3852
-4568
3035
-1671
-8767
-4089
7647
-4150
1075
-730
-1770
3863
6338
665
-789
-9056
-5933
2679
8277
-3714
3127
-4190
-5060
3072
4109
-6244
-594
5334
-8723
359
-4022
-9037
-8259
7259
-4739
6166
-9042
-4499
318
2524
9191
9444
-6117
-4477
-338
3042
-2715
3797
2637
-4165
-9729
3592
-9786
7765
7211
699
102
2799
-5113
-7312
8150
8095
9423
546
-459
8613
-6579
-5172
-5817
9468
-6103
-6199
-6108
9762
2191
-8955
3946
5559
-2318
-514
-5173
-5512
9444
-3862
-8695
-4911
3883
-5950
8116
8626
1524
-7098
5758
6735
-1168
-2782
-3501
4840
4384
-9003
-5952
2129
-6382
4433
-3930
4569
1025
-405
4766
-8089
8585
-1856
-2752
9139
-5848
-3743
1555
7207
4532
-6857
-4004
4701
-8853
-8737
-2921
-1937
6617
8973
-1517
-7331
2418
-2039
-2798
-9520
663
-5253
-7932
8451
9448
-1895
-3448
3575
-3669
-8047
9890
-9420
-2861
7015
1974
6933
7878
-7638
-339
9850
6797
-1349
-583
-2315
-3046
3801
3233
9000
6560
-4559
-9974
-5794
-9276
3593
9800
-8641
-225
-5523
-656
5347
8400
6142
3151
-2942
8180
-525
6621
-5345
-3256
-3816
8766
-206
3690
5234
9453
4861
1338
-1904
-8616
-8033
-2647
2777
-7181
-5976
-4757
6235
-4786
6270
6190
-3989
2542
4637
-8197
2900
-3396
-1413
-8420
-6906
-6953
-4697
-5024
1705
-8562
5097
103
-2706
-3336
1084
4867
-4184
-3362
-7197
-6886
3588
-1871
-411
3110
1312
2418
-4289
-3347
1900
-641
-5895
2532
-5895
-1717
-653
3047
-9877
2229
8934
6812
7444
-746
2081
9854
-4385
2848
-8912
9920
9551
3843
-4632
4038
-2016
-4408
-3094
2612
-2507
-2328
-8591
6192
-9933
-2463
-5211
6962
-9392
-8247
4911
5663
-2520
3544
-2614
2361
1861
-2894
3961
6474
7253
3124
6289
4043
2662
3931
7041
5684
-3039
7230
-3361
-6069
904
-9659
-9766
-5060
-3745
-8023
-6060
-6301
5480
-3192
-4985
-1503
-2808
674
-673
1394
7801
4422
-2112
619
281
-9581
-9490
-8755
118
-2094
7287
-157
8362
-1336
9314
-2037
6833
298
6145
-3652
8377
6961
-3078
-7047
-7911
6735
7528
-750
4665
3563
-5142
-1389
3204
8242
-100
-3357
332
-8701
-4313
3747
-6139
1780
-8583
3821
-7997
7722
3657
6834
-7945
-1033
-8845
-8302
-3644
-3636
1295
5811
8595
-6548
-6745
-1061
5723
2707
4096
9925
-9461
-6173
987
1436
5509
2545
-9624
-548
180
2754
-4831
-8577
-7315
2895
2701
216
8852
3688
-7142
7269
-4001
9778
-1624
-8027
7945
5052
-5684
1228
1833
6969
7544
8656
3017
-3120
-3331
-4060
-2738
7477
-1842
-2938
9570
-4355
5488
-6125
-837
5579
-8509
-2281
-6680
-886
3097
-2986
3079
2833
764
2571
9120
-7232
-6794
-7189
3245
-167
3221
-3218
-4665
-162
-4872
8374
1098
-5117
8257
-3637
1909
-5989
-2977
4653
8904
1690
3564
-493
2429
-3305
4556
7882
4020
-7104
6334
-6906
-3517
290
4334
-2190
-4978
-2791
-7415
-8699
9161
-8984
-1774
1043
-791
5584
-7764
-8845
-3262
1751
-9948
-1000
2793
156
-6794
9971
359
2790
3089
3531
4422
-6789
-5247
3610
8019
-6565
-7446
-6059
-100
-1439
-1933
9807
7255
7735
9596
-5089
-4300
6304
-9382
5063
-881
5682
-409
339
-3076
9662
-2776
-3721
-2931
4605
-7896
-1578
-6067
1779
-5889
-1418
-7965
1282
-7743
-2442
8018
5079
-9963
1921
5922
-3798
9825
1403
5915
-492
2003
-8457
236
5049
9395
-5672
4229
5972
8914
-7031
9461
9184
8971
-2505
-7108
5065
-865
-6902
4569
-1482
-8597
-2385
-1331
-1883
-3923
4401
7316
589
5854
-2099
-7679
-7475
-5423
-8026
-4749
-1565
-4869
8462
-3652
-1720
4758
6223
4005
-4972
7821
-9362
1667
8289
507
9802
9224
1614
5246
-1865
-1331
-4913
-290
-6211
-4819
63
-337
-1887
-4858
-6166
-9771
8963
-9969
7180
7621
4750
-2699
-6414
-4966
-4577
261
9778
-3566
899
8703
-7897
-4572
-5122
4964
6965
-6197
-2960
-9712
-4948
8940
-2562
248
-5971
-96
3309
2591
-7389
5076
3657
9200
6692
-8695
1798
-9972
-1954
2354
-3373
3851
5155
-4582
-5185
-7525
7316
-8900
2469
8798
-9491
2246
-1761
81
-607
-3052
-8088
-3929
-5098
6299
7177
-3226
-7866
8160
8992
-9942
9070
-9342
5844
-6636
-5765
2322
4316
-24
9663
-4291
-7634
7485
-3882
1487
-698
7987
-165
5150
5816
-381
-3291
-2576
-5694
-4732
2821
-9975
484
-2
6269
-2326
-9541
-4887
-4774
3253
5842
-4099
-7474
8257
6672
-6537
-3018
2912
-9260
7308
-5442
1324
-7392
8176
-4901
1868
9560
7960
5084
919
-7638
5802
-9411
-2323
-1873
1995
6605
1828
4365
-6881
-8269
1712
2472
-7597
5415
9329
4478
-7176
-3230
-198
4771
-496
-3276
5942
500
4671
-1392
631
-1145
-7592
-5960
-8369
4681
7012
1491
-2564
-9950
-5945
1711
5407
1982
-6548
775
3282
8530
9120
1686
49
-5435
4325
1600
-8998
1816
9318
-7106
-5788
4175
-952
-2116
-908
6683
6064
-3342
-5278
6200
2385
9436
-5642
-967
8028
3812
4251
-8260
8421
8155
-2264
-1969
-605
-6043
8801
9661
-4622
7240
-9883
2818
4161
1294
-6362
-9794
7169
5399
-4441
6733
5475
142
2481
-3331
2471
8528
3971
-7442
6643
-8015
9826
7955
9282
-8501
0
6944
2002
9893
7494
-6203
-8428
1798
7900
-8144
1189
121
-1245
2214
-1524
-6430
1112
803
9167
3769
6687
9147
-9199
8478
-6620
1924
-7385
3593
1440
582
7805
-2194
4597
-4886
-5403
9023
-2923
-5695
-7510
-3477
1718
3290
7201
3604
1695
9332
1786
-5670
4383
1691
-9716
-4692
-42
-1344
5485
-6988
-1914
-4711
8847
9040
-9292
-7251
-7659
-3508
530
522
4911
6387
-5070
-7356
-148
9404
7281
9381
4229
-3274
-8316
-7730
3800
-9358
9349
-7973
-415
3584
-2793
7312
5845
-2635
9675
3664
-498
-1258
-8885
-3899
-3152
136
-6310
9229
-8729
-4722
-7360
1998
-7065
-8896
-3269
-741
7072
-7889
-5245
-1753
510
-7359
9349
3989
5315
-2886
-1894
-6468
-2623
-9488
4821
-9530
-7259
9861
-8270
-1528
4160
7382
414
-4109
7665
-5985
9825
-7547
8870
-8783
7551
-704
3548
-443
-6685
8453
-4949
8542
-2912
5263
-8814
1611
-6332
6872
1896
153
2585
7090
9851
-2502
2562
6739
-6870
1326
-8907
-3461
3218
-3497
2398
8761
6534
-8099
1937
-4426
1914
7073
5285
-3167
-1134
1113
6823
-355
1349
0
602
177
713
6446
5417
4087
9350
-8281
-7243
-55
-1988
-6093
-9569
-2057
89
-1188
-5399
-163
9571
2008
-4105
7748
7384
7572
7853
-9954
-388
-2534
6123
3261
6420
-3812
1198
2573
8688
-1119
7487
-2140
-4800
5773
3399
-7739
2280
8504
-9407
5449
-597
-5228
9470
6138
5951
4333
3672
4705
7063
9625
-8072
-2054
8505
-9574
-1031
2056
4556
-1858
-9519
7990
-7449
-1557
-9529
183
-7166
-3032
-8446
6873
-9589
5650
-6484
-9033
-7853
9458
-352
-3999
-9049
-3236
2846
-2118
9973
-5541
-2875
7445
5196
-7202
2193
9424
-5483
1406
1966
2136
-952
6820
-6902
6835
-3588
-1014
-5724
-6468
-5033
-2184
931
9618
-7461
-479
9419
2556
2186
7707
-5474
561
-8818
4574
4642
-4726
-7498
-6338
-4466
-4502
-3012
-3967
7961
-479
8771
2838
5983
-8027
8104
-8788
-6490
5484
4120
-9231
-4039
-2875
7085
-3633
7003
6226
4785
7270
8149
9794
-7980
-8536
8652
-8766
-5436
-1188
-5155
6440
1062
4901
-9301
1812
8148
7293
6554
8782
-1457
2058
-3385
-2285
-521
781
-9094
3712
-9179
3233
-957
3696
-4652
3905
4379
5246
-3508
-5897
-7935
9442
6739
6310
8937
-4865
-4295
1316
8511
-9701
-4388
-991
-394
4934
-5592
-9041
-3550
6579
-8556
-2512
-1551
2307
3539
-6923
-9746
4830
9333
4135
-8277
13
-1922
-9538
687
4323
-828
-9931
2318
1675
-3691
-6649
-720
1318
-6319
-4635
-5352
-6328
2338
983
7764
-4391
-8927
-369
3342
5250
5967
-2062
4469
6616
-4199
5684
-1901
-4515
7872
-6138
-3368
-8009
-3423
2233
2514
8937
-8397
3883
3473
-8040
-5279
-7425
-1954
7068
-2385
5886
-5235
-8953
3219
-9684
-8012
-9618
-3891
3319
4480
8539
1488
-7136
-9625
-9599
-3756
-1686
-3176
683
-9717
-2751
6415
-5028
-2540
3530
7441
-8039
-25
-9568
8820
2760
1886
-5058
9744
1226
-7678
3490
5866
-866
-8452
-5391
-6750
-7601
455
-8711
4871
-2369
8661
7894
4734
-3691
1856
-8883
5921
2852
-6657
6474
-2621
-8038
-2391
1557
2720
-1690
8248
-9341
-8085
1031
6182
4098
1899
-9130
-4336
9930
2825
7987
-5324
1427
6972
1183
7261
2119
-7409
5078
8328
-6938
2440
-1034
2262
-7890
858
630
-7421
-5402
1310
-6102
-4942
-3309
-3393
3173
-2518
-4210
8198
-6138
9169
8865
-248
-4607
-602
6558
8003
-4185
9937
-2173
4811
-9209
598
6099
4151
-6043
1129
-906
-5525
2059
-1337
4375
4157
9378
-1390
5697
-5793
-5466
2897
-419
8560
-7566
330
612
4025
5250
7312
3359
-3277
9750
4795
4789
-2712
-6360
4861
-6539
-9875
1257
-8384
4039
-3814
-9295
3344
-6232
-9640
-787
8844
-1322
9169
3465
-6701
-420
5791
-2022
5961
-5868
-3009
8199
909
551
-4387
-9609
-1904
-6739
1510
-1161
-4561
-4422
4158
5030
1925
6984
8770
7465
-1984
-2581
-7524
3157
8128
-6255
4763
-1206
-9583
3518
2361
5190
-4248
-722
-3645
-6225
-7311
5755
-4019
-2803
7236
-6559
1453
-2900
6707
-8284
9703
-9454
-1222
9130
-4284
-7087
3187
3029
-4670
-1280
3668
8494
-983
6126
4994
3312
2865
-842
-4848
5107
-138
411
-2916
-2955
-8636
7910
1699
-4457
-5004
8209
-6260
-1466
-2682
-5739
6232
-9161
6716
4788
-8360
-5446
-8263
6422
2940
-6197
3370
4743
4172
-8227
-4126
-2137
2413
-1896
-8269
-5744
-7956
-6293
1822
2792
-9239
1943
-6966
4224
8993
-9499
-8524
2881
8558
5600
8867
-4728
6243
-7652
-6738
5885
-8242
-1730
9085
6855
9417
-5720
4898
9404
9370
-9796
-6722
3459
-2918
5093
-1112
-8205
769
-1116
-5297
-5614
8753
9852
2697
-6182
2162
-6972
5179
-8209
3491
7090
1660
9583
5585
3999
9740
-9220
-1204
-9487
-8747
-3141
-669
-184
1871
6748
-748
2514
5369
-9344
9756
-6370
-4344
-3003
1388
98
-9910
8136
-2588
-5596
-3282
-1704
385
-7710
-4553
-4596
-7895
7117
1885
-4727
-9198
9822
-6562
-925
7404
1168
2413
-2956
-2536
-9556
-4743
9415
831
1421
-6026
1474
-9216
-9899
-7771
-8805
-4990
3521
1533
8540
-3980
-5567
7777
-1673
-4084
-438
7683
-5714
-1703
5704
2300
5731
-8516
-8480
-5984
6117
-6854
9558
-7711
-8386
-9727
1282
-481
-5630
-9102
-6205
1468
-8825
-7569
-7521
-4063
-5166
2057
-6564
4451
4168
-4422
-7594
-3699
1887
3901
9726
-1731
8758
-8084
-841
5087
-6313
7238
-5067
-4859
-957
6139
-5657
6663
-3126
2756
2049
1811
9233
-1155
9605
4996
-4661
-3805
1352
46
-6418
-8436
-6346
-4409
371
-3360
1362
-1074
-646
-8929
7827
-7085
102
4897
-8841
-1027
5788
-6293
4367
-6606
1750
-8427
8222
-5200
-372
-7780
9225
9468
7871
3898
6738
9056
7592
-3374
1011
3424
9468
-9841
6254
-7659
1522
-9905
-1668
6245
4231
2888
3946
-2216
-3565
-6970
861
5525
-6120
8815
2900
9397
4973
3674
2088
-5516
-2091
-181
-5892
-2519
-7176
-1170
-6347
3543
-3841
1827
-7964
8421
3233
-2181
2651
-8714
-3983
-8677
8264
-5793
-6662
-5778
5128
8561
1857
-2088
593
5364
-6253
1452
9871
9983
7396
-9807
-4693
-1033
-5923
-6980
-9122
-4767
-338
-4879
7675
153
-6403
-26
9160
-8229
3466
-3859
-6181
5806
9803
9935
-9830
-5533
9780
4858
2634
-245
5983
1348
7255
9671
2328
7147
-6914
5347
-7927
7752
8022
-2371
-6932
-3479
1362
-2002
-4670
-3151
-8771
-5917
-9175
-1121
8911
-3464
-9259
-6708
-2087
9826
-4089
6904
-2922
2661
-8421
5185
-3788
-1552
9702
-6236
3743
-4728
-778
4102
-1072
-3844
-2377
8499
1621
-4220
2922
-1308
4814
3788
1157
9178
3455
-4551
-2501
4675
-1215
-8825
4459
-5051
-1243
-1168
-3016
4837
-5377
9016
1790
1839
2783
2109
8226
5966
-1123
8601
-3217
-1582
6798
-7232
9454
-9495
1634
9864
9217
2865
3311
-7321
4890
-5370
5508
3635
3440
-3485
-9549
365
2450
-2345
-3697
-5472
6218
7139
6817
-769
-2584
-3829
4552
4548
1601
2874
7433
1797
-3586
9326
-9362
-5663
9814
-6830
6005
-7176
-3798
77
6371
4546
-5054
4039
-582
6149
-2846
-1945
-5956
9040
-360
-3424
-9232
3980
-7838
4507
-6390
4078
4703
5396
-1934
6105
-8543
-7669
-5415
-7678
2311
8592
-1330
-4142
-3510
2200
-9089
-5714
9637
4400
6207
-1529
8996
-6854
-4351
5749
7806
9474
-3880
-6426
7983
-320
-474
-3643
6285
3350
2059
-8933
-4078
-9207
9154
607
1625
-7611
-6606
5251
5727
-3562
-8996
1629
1611
-7440
617
-4982
-771
7854
3069
-9653
-1217
-5311
8925
-2507
-2473
-9643
-3430
-8357
8571
-8641
-5186
1212
-3048
-6186
-6251
8229
1280
-140
1312
-854
-7434
-6465
1271
2908
482
-6831
-9984
7773
-3210
-2459
-4584
-2753
9149
7986
2779
-2946
3493
271
9693
-1819
5690
9137
-7394
3674
9463
1744
-4400
-4374
-4299
1816
-9898
-3590
5203
3025
-1783
5776
-3540
788
-9529
-8741
9051
3205
-6907
-3934
5013
5147
6455
9112
-8262
-9839
5870
3525
-7353
-7044
3029
2693
-475
-2462
3600
-5603
4992
-7008
1418
-6953
4552
5641
-4494
622
-3974
1979
-9286
-587
-2896
-1585
-2376
541
7831
622
-3428
-9352
6080
-103
9517
-7814
-6198
-3476
-1199
9040
2226
-4373
-4778
-9719
-8823
8035
-434
-2912
3963
9636
3449
-2753
-5903
3776
-7118
6862
-7595
-7259
-7355
-5324
476
7148
6598
-5671
2717
-85
-9872
-714
-2260
-4881
-7093
5316
2891
-3470
-5268
5472
3209
3710
-4623
-7489
-2005
4226
-7656
-6632
7944
-5209
1766
-6082
3870
5086
613
-1922
-1961
-3410
9219
8169
545
3887
8553
8564
9965
-6892
9168
-9093
7744
-1499
5336
-8824
-772
-8244
3406
3055
1073
-4519
-710
-9365
-6144
6728
-3401
6858
4774
487
-2427
9151
4223
-7647
215
2959
-7390
3049
5643
8275
-3193
-9383
7281
5191
-1581
4904
8385
9746
-7880
-5505
9104
579
-5139
4077
2258
3940
-3482
9139
-7560
878
-2790
-9889
-5882
-439
6690
3182
-7859
5081
9861
2945
6967
7069
-237
3866
-4165
188
4996
3011
-1512
-2360
-1698
-9751
-4189
-4877
-5669
-1893
513
4098
654
-2210
-2773
7498
1285
6597
8660
-5927
-354
-9956
9191
1726
-342
1841
-293
3645
422
-4686
-5464
7413
-2029
6887
-8000
-5606
2108
232
-6603
3424
-109
8492
5693
-2010
9465
-578
-8499
-4800
-3161
9835
9001
-8268
4944
-2517
-1920
8757
-3058
-1740
129
-6772
-9157
761
-436
-5227
-4752
751
2009
-219
-3472
-9022
268
-8125
-9159
-5803
9666
-6668
-907
-2348
-8181
-5927
-6654
-9155
1337
4660
-9053
8363
1432
3162
-4992
3105
207
-916
1422
-5918
6427
4768
-1545
3293
9173
2937
-4297
-2575
-1063
788
5615
3786
4175
-8070
-5925
-2565
10000
9663
-3283
7880
8729
6313
-5087
-4667
-1597
-4894
9879
8676
-2466
8573
-3691
5390
4007
6971
-5564
6490
5535
3289
486
4146
3250
9459
-8555
-8952
-6522
1427
3843
-9953
-8092
9721
-8125
5618
-1981
7430
2881
1958
-7231
5892
4896
1504
-5128
3793
198
-7821
7518
2286
-2280
-6618
-7395
-9757
-2211
-8132
7819
5441
1363
1915
8558
-6879
7336
-7624
-6608
6918
-1795
5143
-8905
-1590
8875
7454
329
5988
4690
-2978
9647
3013
1347
9420
3983
-2902
-5977
6625
-7668
-1309
7213
7742
6247
6533
-1693
8
2211
-4962
1116
-5708
-4360
5041
-5533
-1449
-8261
-6074
-1792
-4384
-8903
4252
-5464
-1910
5317
-274
-8238
-693
-3034
-2208
3290
-5317
3183
4891
-842
1291
-6297
-749
-2203
7622
8185
4639
9648
-355
2141
6831
7054
7988
-1383
-2295
5891
-3747
3032
1996
5936
7432
-3429
-1151
-5309
-1111
-986
-9096
2203
7834
-1633
-9894
9654
9646
9672
-1254
-2676
7031
2971
-2161
-4382
-3036
2343
2304
774
3868
-5647
7895
4098
-73
1691
1505
-9341
-5233
5266
-8566
3238
-4137
1772
-2657
6166
-3953
-5012
5520
-5260
-877
-5832
7603
-3550
-249
9666
1699
-8351
-2561
24
4500
7536
998
-7554
-5206
606
-4995
-5405
-5524
-1414
6049
-6846
-2863
-5998
-6625
-3914
-2530
-6472
5565
-6018
-3564
1222
3707
9569
9083
9626
-4968
-5178
5376
-7018
9237
-2747
-9783
9544
8318
-798
-6220
2781
-6813
8155
-3899
-1797
-5562
9181
9082
1927
-9504
-3517
9857
3780
-3124
7314
7864
-1489
-4553
-4000
5908
-1377
-1228
1919
6502
506
-7222
3247
-1617
-3617
7196
-9208
4103
-9661
-1727
2938
9657
3746
2901
-5030
-5265
-6741
-4720
-9544
-23
444
1276
-9442
-4278
-3355
-5856
-5750
3655
6063
-2941
8955
-1978
1561
-9731
8898
-5535
-271
3872
1737
402
628
7622
-5645
5854
820
4680
1038
5038
-7122
-5904
-909
-8166
-7243
-7855
-283
-2276
-2426
4507
-7950
-8435
-2056
-2989
4318
3553
1855
8568
4054
5244
7843
-712
9030
479
2588
-8197
900
5451
-4138
1502
-8271
4919
501
-2819
-8493
5839
-6926
-1904
-1784
-7175
-7605
3347
5416
-7611
3342
2258
-1835
-3697
1161
-9276
5979
-5040
1901
5377
-3797
-2751
-8516
-8003
-5428
-8315
-294
-2872
2294
-4997
6062
3882
9290
-1098
7113
-9962
4958
-4946
-4107
-2446
-5463
7110
-6270
4619
4112
-1924
3037
1872
-5703
-7977
99
5295
-8046
1557
1881
8201
8745
-5297
-1102
4401
-4494
-9317
-6568
9520
-1352
-5216
3313
4896
-849
3126
3996
-2241
-9504
-4106
-5967
1124
848
6928
-50
3884
8291
-8510
-2566
7599
-9614
6967
-4447
1312
4954
1880
-6726
-2071
-4344
-2012
7316
6775
-8927
-3188
-4611
568
-9687
-8631
5334
1583
-7554
1013
6588
-4594
-7676
1965
-2054
-3500
-7890
-3794
5336
-2904
2067
-9414
-2770
3780
2614
6026
1652
-686
-4588
7764
4255
-5354
-2740
-1653
-6603
3186
-6917
7228
4697
-1979
132
-4207
-2136
1453
-1918
-8845
7893
-5729
-1493
-20
-4773
-5600
-1624
-9375
-6750
8072
7614
5548
-5906
-5656
-574
-526
-3757
-7432
987
-8053
9240
-1627
-8495
3344
704
5230
1182
-4220
-5919
77
-3722
9845
221
-9291
5090
-3840
4379
8202
6282
-2083
6697
894
5136
-9618
4776
-9623
4276
956
-4940
6868
-7099
2709
-4148
-3288
5833
6147
8490
-1117
-8939
348
-8112
3964
-8143
-7322
-5912
-3643
7224
-547
-8584
-8104
-7604
-9456
5877
8042
8294
-7940
1023
5166
2361
3000
-8895
4669
3576
8663
6689
9376
-1820
7677
2273
-5357
5152
1314
8136
2772
-9644
-4607
-6779
-9910
1879
5930
-9727
-4390
4718
3447
1491
7909
8000
-7311
-2369
-5922
5289
7086
7750
54
-4784
-585
6343
3174
-8268
-3099
8364
100
3966
6680
-6227
20
-6093
-4183
9038
-1207
-5465
-9411
-8329
-5841
4541
-9870
-996
198
516
-3127
7695
22
-8729
9244
-1480
9806
24
2406
7488
-3238
-6652
7274
-1854
6613
-2801
3500
4338
5047
-5059
-9232
-4145
7095
6299
3488
9865
-2884
-5711
4176
7829
1341
1314
-1006
-5078
9646
2333
9689
8048
-8192
8861
9372
-8056
2625
-459
-3264
2344
-3312
-6265
7984
6135
6002
-8379
6598
2887
-1265
-1162
614
7688
-3670
-5813
149
-756
7342
-9222
-2269
-8476
8027
3757
5289
9843
8564
1222
6851
-8099
-560
8527
-3489
4063
8386
9583
-3694
-715
352
387
9294
9525
-571
-452
-7612
2341
-6328
1646
3546
8667
-1625
7651
-9581
4520
-5586
-5775
-2492
8029
-697
-8394
-6044
-3927
-6594
1656
-9396
6150
5120
-7059
6745
-3027
-6940
6914
-6518
-6609
7241
1657
9388
2495
4467
-249
-9742
7724
-5348
-8720
7960
-4295
-8989
8903
1840
-7044
-837
-5711
-7972
6432
-7593
-7142
59
8382
-2882
-6597
-5012
5183
8978
331
3269
-3644
-3012
7878
2610
-9832
7258
-3319
-9131
5372
1929
-6165
1853
6231
2125
-6351
-7194
-3064
2015
807
-2021
-9449
-1268
6456
-3700
6179
-4199
5713
-4228
-8287
-1891
-1319
-9418
5401
2777
7461
-5004
5365
-5126
8963
-1855
5711
-9577
5272
-9355
3149
-1079
-1239
2329
9829
3595
-8607
-7934
3618
-1690
-2806
1866
-9545
-1261
-6414
3776
6668
-8048
3271
2802
9492
-9920
54
-6332
-346
6227
-850
-6476
-3715
-9711
-3411
3974
5931
2205
-7701
-8738
-9062
4781
3045
-8509
6999
4999
-6608
-1834
9230
5969
2532
2406
-9755
6345
5086
-2723
3446
-9621
-6023
-9397
4381
5988
8244
-4972
-7025
-2980
-4741
6214
5981
7684
6365
-241
-7472
1372
530
420
-7067
7045
7617
-8729
9809
-1137
3175
-5246
-9294
5307
-3773
8238
-8320
6628
6477
5148
7700
-5723
-8144
4359
-4715
2727
7166
-9885
8642
3070
-1369
6408
1694
2770
7498
-2647
3133
-2353
5036
5569
3790
8191
-2738
981
-1767
8037
7073
5155
-4084
6751
-4592
6075
2746
-7111
-3106
-4499
-9498
-2656
-1478
-1470
7508
625
-3159
5572
47
7824
-8002
-104
5766
6729
6727
-9664
-3848
8852
1770
-8935
9399
8070
-5723
2898
-821
7607
-8138
4411
4633
-5266
-4011
-1981
-1760
-285
239
-9807
4847
3891
2542
-6774
7288
6867
2011
-1896
-9771
7507
5967
7483
687
-4694
-4986
-8512
584
9692
2908
756
485
-4851
7977
-537
-7816
3845
7619
3658
-2863
-5833
-6835
4632
4330
-107
-9402
-1795
7965
9893
6384
7170
7177
4055
-3627
-3111
1372
2640
5496
5302
3294
2887
-5989
-8917
4378
2010
-720
3084
9758
512
6892
-7231
4107
-3364
-7738
3669
4329
414
-5183
-7964
6474
327
-7750
-9886
3013
-9142
6003
-7759
-4429
-1584
-1259
-4342
-4623
6892
-650
8635
6645
1008
2142
-1898
3992
-6268
-3186
2294
1380
6461
4922
2907
3254
-6865
5034
-2856
9581
928
-917
9081
-8863
9955
2239
-7652
8227
3015
8781
-4498
9170
-1425
3105
-1716
3872
-7350
-3265
4934
3897
4650
-9909
5608
-1596
-3891
-1808
6062
3575
-7251
-8400
-7348
9214
-6864
1948
6778
5750
-3012
-5405
5638
-3251
6797
-7453
-8240
779
-2649
-9323
6540
-4838
-9443
-1164
-1419
9695
7970
3059
6100
-1867
-8998
-7711
-9553
-5762
1790
2316
9561
7252
-1318
-4336
4149
4053
7224
8776
-7089
9322
7029
-564
-1942
888
-5149
1515
-3497
-9669
458
2426
4517
-8838
5896
7189
-7136
-5325
-822
2195
-4091
-1992
-7576
7732
6251
5227
-4958
5567
-2615
-1548
596
-3669
5146
3255
3869
534
7427
-4698
6642
8662
8438
1244
1381
-958
5801
-206
7317
7650
7332
2447
-6934
4523
7718
-1519
-5154
-6533
8628
4658
-8860
8844
-7299
-4525
-5704
4955
1740
-2948
316
4990
-1560
-2869
8734
5165
3829
-8706
1044
-6761
5183
7624
1218
-2779
3068
9160
623
9905
5129
-8194
-8403
-1616
-9927
9312
-735
6600
734
3040
5106
7852
3168
-3313
-1247
1560
-3822
-4005
-4713
-2135
-9012
2023
-498
7869
849
-5774
-5046
5217
8312
-5159
9121
3332
6209
1142
229
-4930
6920
3823
-6679
3140
-1647
8923
906
4578
-6481
-1645
3964
-3769
5482
-4362
2477
9325
4066
-2053
-5127
1416
9014
-4011
-7438
5605
-6521
1480
-7322
8265
-8736
154
7124
2236
-5645
5750
44
656
-2400
2489
8213
1289
6445
1338
-1602
8911
8372
-5372
-6612
6514
-4328
-2256
5533
2364
2732
7263
-6296
-7386
-7365
-7276
4328
7422
-1000
-6526
8651
-7808
6034
-619
-8137
3291
-5397
-2694
-3118
-8341
-1086
6700
-715
3180
-9246
9332
-3849
591
9182
-9789
-7137
6796
-9108
7153
9701
-3840
-7800
7514
-2587
3589
-2054
399
-2416
4829
8315
1478
-4328
2447
-2473
-6974
2216
-2092
-7583
-6632
1962
-695
-2274
225
-2846
-8600
9424
-6045
8552
-9117
-6552
7754
-7524
-4543
9742
-8199
-6794
8059
4930
-521
9392
2772
-1784
6914
2106
970
6700
-4625
5612
4723
-2526
9688
-9402
-6550
3477
438
-1712
7367
6566
7312
-7439
4729
8766
-7993
-1292
4391
7229
1650
-4332
4941
-5791
-8114
-2701
2197
-2527
-5107
-6292
3511
4567
197
-9468
1525
-4521
-1739
-2449
9520
9447
9092
1736
-7534
-8886
-3439
-82
4895
3655
4835
1235
-2537
3919
-2527
6612
-7942
-9723
747
4512
49
-5480
2424
3433
-3967
3744
-9128
-4668
4876
7342
6200
-104
-3683
-5588
-9775
-3278
-9858
5628
-2754
3672
-6999
9128
5015
-8711
1806
6904
6027
-3791
-6037
-7412
7960
-2573
8955
-8373
-7257
-3392
9359
-3890
-4725
-7302
-6999
-3339
-1253
-5324
5333
7344
745
-1255
2319
-8340
-2170
-8998
-6369
-8447
5416
1432
7293
7280
5377
-4880
-3970
-4002
5616
1801
5011
428
-5057
9434
6316
-3229
-8694
5533
765
-2011
-4677
-7218
9993
6712
197
6456
1916
5722
-772
-2861
-5141
5573
9722
507
-7901
-6771
-9866
7827
-2687
-3420
1183
-6201
-6225
4975
9511
-7856
6846
-6289
-4269
8436
3169
4880
-4502
-3260
3965
3849
-8531
-6124
-4524
-2644
-7264
-8685
8041
-5336
6099
-4984
-6123
2872
-7164
-1879
-4940
5395
7809
-1959
-5612
-781
3283
-4064
-8296
-1032
51
-6932
-5438
9602
-9562
551
1768
4297
-5422
627
-4042
-7393
-959
-4592
-2429
7955
437
-2191
866
2865
4934
-8828
-9381
5972
6574
-3885
5973
7255
-854
695
3178
2911
-7758
-1906
-536
-3545
5538
3514
-214
-6101
7019
-3222
-6178
1417
-8128
9813
-5830
3111
709
7281
7349
9207
5161
-1826
6572
-6196
-6950
-9810
3902
-4127
-2121
3204
-2923
-8086
-8108
-2620
5840
-1710
-6948
-8937
4148
-9589
2491
9423
-842
-4043
-7502
9843
-9983
-5489
835
6196
6460
8999
-216
463
-9638
-4753
-8151
9842
5446
5922
9602
9243
-3032
-1232
2715
-5562
8215
5536
-8985
-3896
-8960
-1309
-2001
-1299
-7636
-9961
788
8552
9862
-271
-9868
-1831
7094
2798
7279
-605
-6425
-8745
2761
6393
-2897
4305
-7060
-6282
886
9025
-1888
-1256
-9760
-5774
8972
4540
-2110
-6317
3234
-3178
9898
-8287
2605
40
-4338
-6518
8570
-8269
-1549
-9016
5895
-4429
5237
-5570
-2114
-7104
6757
-7814
-9356
1631
2760
-5016
-6806
9783
9468
-6533
1912
-4634
6125
-6101
-4304
2840
-6762
3181
6095
4818
-3317
-3964
8195
9303
352
7792
1509
-8568
4681
6740
-1902
8002
-7053
-617
3047
-4809
-1324
-9438
8575
5849
-4555
-9335
-257
-6117
-1603
-3593
-3294
5173
-9290
-766
196
-5376
-2033
-6990
8018
-6276
9560
7383
2873
4284
8458
-8113
-6842
-7203
-4058
-9065
-6088
5180
-4558
-7016
-9646
-8027
-7788
-7178
-9269
5043
2058
3704
3664
4810
-1461
-1844
-5925
-5315
-7779
2053
-4704
-3045
3441
4087
-862
-6095
-3435
5451
-9199
-2567
-7497
1652
3184
2788
-5740
9968
-8884
-6324
9007
-9925
3097
5909
-5597
7679
-7178
-3722
5492
7548
-1109
6615
-4716
-6041
1836
8375
4744
-7032
-1585
774
2560
6456
-1783
7333
6766
8445
9218
-1165
-568
7338
8728
7015
6749
-9834
7926
9621
-3277
-6923
8328
-228
-7974
4715
-1968
-976
-5009
1696
6647
-3275
-3979
7331
8177
-9820
-5050
8667
-1280
1548
-601
9542
-9886
868
-486
7576
6961
-3138
8006
3400
5891
1158
-5188
4372
-1957
-4975
-9163
-7190
9813
-9090
8148
-5471
7968
-4248
3359
6907
-1771
9575
-2794
-3089
-5460
6906
-2866
-6307
6055
-4538
2978
7249
9869
4656
4012
-4566
-2080
-7003
-9246
-9128
-5470
-4543
5696
775
-1275
4884
-5050
1094
6288
5138
-4758
-4395
4133
-9298
-2711
6305
7414
2204
5997
9404
-8082
-4700
-8107
2168
-1490
-660
-3975
-7519
-2667
-7481
7293
7587
-9481
5993
-1542
9108
-2336
3195
-9673
2830
9153
-4286
3452
-8013
-9260
4650
-8605
9031
3515
8721
-9766
4278
-9537
5721
7168
6252
-4488
7840
-9900
3767
210
7890
-623
6471
-1554
7646
257
-9028
8949
-8748
1734
3780
3084
-2269
8931
4755
-3036
-8514
410
8063
4346
-1929
-7359
1442
8492
-9513
282
4482
-6326
6354
9616
-9066
6081
7673
-8468
-2036
6544
2061
-5534
-9898
-5217
6164
961
-9635
-4496
4342
-7232
3031
8167
-7051
8738
-6892
8336
3959
9907
-2916
-8992
9645
5291
756
4716
8512
-8716
-7794
6105
-7097
-2666
-4291
9275
-9335
9425
7773
-4775
1790
-5929
8777
-3092
4450
8711
-6400
5148
-7640
-6501
-3031
-46
-3750
4437
4061
8659
-4073
8398
5847
-2450
6515
-937
-725
-1719
-8715
-4594
-4003
-6778
4726
6149
-2569
1076
-2417
-2988
4844
880
-1973
-6147
-7253
1053
4633
9032
3634
7567
-2092
-7827
-6410
2604
-1441
9706
8522
-4675
-6394
3189
-6079
2192
-2711
-1371
-2599
8389
-5593
8216
-7917
7399
6931
375
-3588
-5655
1772
-7668
-6293
4343
6284
-2719
1643
9410
-4232
-7995
5561
3731
-6158
3357
8116
-8314
3475
-9751
2954
1800
1639
-9188
8139
1973
-307
-6272
1572
56
2510
-4941
2401
9512
8069
-1889
-987
1060
7919
-4821
-6333
70
-5368
-8319
1701
3886
1969
2543
9884
-8527
-8565
-8382
-2679
6439
9166
1240
904
6419
-6763
-9635
179
7008
-6136
-577
281
-4453
7061
-7454
-3372
-4974
763
-9291
-788
4182
-588
-7334
8458
9966
2199
3577
-6358
-4408
-1974
9103
-6282
151
9909
-3653
9189
-7880
8543
3943
8116
9193
-2044
7718
-2021
1117
2371
-4393
6277
-8792
-7552
5808
7625
7742
-8858
5484
-447
9481
9452
9377
3256
2486
5399
3579
-5960
-1043
-3083
127
8633
4302
-4406
-3776
-4782
-2843
2237
1124
-8866
-4956
8334
453
2823
6671
-3912
1063
4005
7857
-780
2826
6736
3798
1950
-3857
7215
5921
6845
3130
4462
6562
-3223
1997
8751
-1227
-3093
2320
4201
8773
7464
5573
-48
6186
-8712
-2802
6188
-7429
-1922
-8157
-8462
3765
143
2770
6583
4791
-8196
-1708
-2544
-1324
3159
2586
7148
-519
8789
-4134
2868
-871
-7290
-4563
3562
-4364
2147
-6233
-8560
-487
-5880
-2416
-6420
9212
1363
-7004
-2040
-7516
-6030
-9628
9503
-8518
-9464
-1025
3381
9723
-1272
-4714
-2051
-484
-4346
4802
-9655
-3414
-4758
331
4044
3460
-9814
-7866
9571
3905
3261
-8021
6286
-7675
-8586
5518
132
6851
-6402
2470
-5565
-2968
-3410
-7255
-2832
7612
-5971
-4347
-9972
-1152
-1342
215
307
-5292
-2455
6898
6235
4487
-9325
8786
-4783
-9302
1325
-7515
-5087
-6762
-2377
-3499
-5604
4295
1969
-5174
-3770
-959
1890
2107
4543
-8824
-1509
4485
8284
294
-8769
4236
-1344
9539
-178
8152
9976
-577
54
5238
-9145
-2786
-6323
-2706
9432
253
8689
-5857
7985
-3503
8707
4760
-7132
-5873
9374
6836
-8937
5700
-8961
8010
-6458
4775
4393
4211
-1671
5519
-1879
759
5703
7339
-8380
-1905
9494
-5658
-5237
-9833
6651
4866
-5245
-4358
1221
6668
-2144
2756
-4793
8764
-9760
-939
5913
5431
49
-8651
9240
-7331
-5465
4726
5635
7983
-6746
3509
6895
-249
-8778
-5902
-3578
-3600
2611
-294
-5151
-9587
820
-6278
-9074
3338
4459
-8254
-9249
5031
-8482
-6319
6014
-4985
7306
6067
6926
-173
-3829
-6590
508
-2259
-6928
-5240
-5873
-5109
-44
-1812
158
-8327
1051
5914
9615
-3587
-2131
2122
-3797
-7194
3311
9962
6500
-8616
-9518
6749
1367
9928
9433
6155
7815
1198
5935
-14
8956
-8273
-790
-971
2974
-9881
-2836
8285
-7859
3675
3831
8264
-5311
-7595
-5715
7247
611
5101
9381
1388
4864
3890
7556
9444
-3292
3555
-500
-3690
8488
8842
-2230
-1737
-5646
-9190
-4530
-458
7878
-2027
2038
-4261
5145
5724
-7166
3566
1713
-7595
8266
722
-9053
-882
9492
7953
6886
-9161
-3274
-733
-4100
9009
-8143
5721
6943
-1073
-1659
571
3298
-832
5778
-7107
-9299
-5058
2585
-5632
1427
-4745
367
1715
7526
-8257
6730
-8767
-1075
-5330
3488
-6554
-7677
-836
-2890
2737
-4289
7653
4801
-9117
-7574
-3646
-6087
-5375
-7360
8477
156
8292
-1997
-1755
4754
-61
9698
7119
1299
9093
-5844
-8623
-1058
-838
7719
6880
-6967
5236
3664
2175
9627
-4656
2344
-5562
-2876
4740
7489
2857
-699
9089
8427
9271
7184
-4456
4279
3552
-2280
4784
2605
7793
-7775
905
1559
-9591
-2858
-8925
-9447
7075
26
9508
-6215
8156
5500
-5183
3921
-1585
-1776
2295
2645
4201
-5978
6671
-3211
3871
-1436
-2836
4054
-1807
8990
-6939
7205
2982
-5986
5413
9354
-3655
9035
-2750
7600
8082
-4413
-111
7689
-983
4100
-6510
5851
7927
-484
6159
4341
-387
-9717
6757
5636
9460
-6857
2185
-9650
-653
4218
-626
4886
2830
-3229
8855
-7150
-9975
-2752
6828
4610
4811
6779
-1219
3548
-2887
2051
-2443
6720
3602
-7225
6404
9586
218
5649
-8523
8825
9389
7403
8943
-3459
7961
-2177
-9503
7670
4382
-9686
3331
1441
-1196
-7737
-7936
-9092
1521
-9964
8115
-1201
-6221
2185
8692
3162
4823
2489
-7303
795
262
2985
-6177
579
-209
-3718
9113
-1045
9809
-6520
-185
-1064
-4797
9148
-8883
-6857
-648
-877
8902
931
-4264
-4474
-6305
6026
8179
6043
3123
-5612
2506
-6356
-9889
-6979
448
-192
-4017
3123
-155
-2561
-8915
9757
-3523
-4375
3244
-9767
156
-1203
-2586
-5628
8255
-4229
-9816
4462
-7152
547
-2362
-7021
8433
8962
9095
-7129
-4575
4225
1795
1369
-3776
-3116
9721
-7044
6973
-6970
-9468
-7940
-7693
6765
-3690
9110
4650
3722
7043
-8215
-7446
-9355
-5190
-6183
1997
-6640
6706
4633
3605
-548
9803
-6420
795
-5955
371
-5069
7484
3754
-8217
-6887
1798
-5297
-5760
1428
7487
4989
-6255
-5124
-9667
-9259
8839
-8494
-242
-5554
815
6957
-7603
2524
-3254
2528
3528
-5443
-8184
6201
5792
8016
-7437
1641
5163
3578
-231
-7219
4354
-288
-4203
-3899
2411
-6717
1555
9941
-5128
9069
4596
-3094
-4344
4446
-9123
3124
-7179
762
3961
-7701
-6430
4822
-7365
-8918
-8307
-6231
9293
-350
-1511
9997
-6390
8020
4907
2122
-5283
2743
5633
3869
-4102
-9463
1752
1456
4388
-6807
2155
1938
-5836
-7863
994
2016
648
4955
-7054
-7001
-6176
6056
1387
2629
1163
7610
7735
-8411
9498
309
9180
2842
2445
-5738
2112
1127
8275
2133
-2636
-5787
5163
6787
-2160
-3295
6215
-9699
-8623
1004
-4992
4577
-3969
-5687
3192
-1794
7976
5251
7124
-7737
-4878
-949
-4804
-1304
-3645
2242
-616
8343
3714
4559
2588
5636
2943
-7497
-9712
6449
-2913
4599
6464
9880
-3755
7053
8434
1249
1180
-4314
4812
4132
-1146
-5939
471
-5560
8427
5191
-7174
-6054
8722
8130
5762
2459
-8974
-6211
-6466
9345
-8338
8424
-6804
6881
-6081
6640
-1819
-6437
-2116
-3460
793
-9329
6691
-7139
5430
-237
387
-203
5981
-5655
-6086
5354
649
-8041
9823
3736
-8724
9326
3339
-371
5486
3860
-1508
-6205
-9741
-6987
809
4589
-3803
-2222
-4723
-2620
-3268
-3090
-7480
-9937
-846
1535
746
193
-9912
-2937
-563
-7067
-9361
-1385
2934
-2771
-3042
3013
-7505
1679
9691
8830
3177
-6960
7102
3282
2605
6646
-2325
3249
-5878
7845
-2291
3764
-4274
9281
-3384
-261
-9988
-6486
5723
-2850
-2538
-6036
-5870
4610
-9801
-3105
-914
-7222
4346
-1076
4902
-3689
7316
5057
-4849
-242
7785
-5638
3780
-7626
6440
2807
2104
-9756
-1792
-1885
7228
3851
-2334
-4597
-8263
7255
5590
-2370
-9352
-8640
-921
-683
4749
-506
-7010
5203
7807
6878
-4413
3317
-4858
-3824
8212
-8434
979
4800
7079
500
2652
-4410
-4277
-7639
-6270
-8537
-6544
2342
-2429
4589
3800
-8299
4560
-558
-1987
-7940
-2016
-1988
1591
-2956
8138
-600
-2157
-6372
5690
-9575
-4568
3842
5850
-1772
6761
-3492
-5092
8290
5334
7903
-245
998
-6724
-3224
3110
-8111
8181
1496
-1086
527
-4295
-5532
1882
-3596
6671
1156
-3998
1573
8234
896
-656
762
-2330
-6499
-1276
3401
9497
-7180
7591
-8117
-8221
1511
-1149
4047
-9666
9406
-7244
-1538
-574
-7248
9504
9746
-1434
-1028
2280
-1653
4351
-7172
8740
640
1491
-2137
5589
-5387
-5904
8992
-3910
-4394
-632
-5357
219
-9475
3102
8233
-9276
5736
4734
-6324
-7461
9688
-5318
2151
8952
-3907
-7818
-7581
6562
-702
-1208
-653
1343
-8974
-610
-8524
-3191
7891
-7838
8434
945
2364
-1371
-8924
-7453
1078
-5829
-3367
3221
7628
-1510
-500
4370
2855
-6234
5584
5784
5406
4877
-6863
-7789
-2054
8306
-9474
-797
5089
-8133
6365
5477
8230
3621
-8822
-9852
4643
-9321
-2390
277
1887
-902
7817
-9562
-8979
-857
-2199
-2295
2991
-4322
-117
-8289
6698
-187
-184
-3622
7884
-6716
-7259
3785
-8038
7821
-2644
-1412
-6140
492
3698
-2796
-5615
531
5262
-1204
2179
3952
7867
-411
-2862
1347
-1624
-7394
5382
4566
6101
-8442
-1248
659
4437
-4373
-4849
-6421
-2434
-4284
5465
4225
3735
9900
-4932
2449
-8743
5200
7752
-362
4819
-9592
-6191
-5355
-927
-9485
-3325
-7341
3378
6244
9462
9825
-2866
6954
3399
-9424
-6053
4836
-9862
-8816
9792
-1616
-6264
4680
-2511
335
4435
332
4092
6237
-6907
-920
9959
-612
1402
8962
-5555
1699
-6310
6825
-4407
778
3270
7269
1781
8879
-9534
3023
670
1351
-5091
9738
3356
3279
2887
586
7461
-3869
-3642
2341
6538
-8815
-928
726
-1662
4616
-7785
9528
-301
1373
-9023
3811
-7671
7462
2920
-5640
-1957
9816
9094
-4325
5301
2676
-4682
-5439
-9872
9633
9372
-5899
6578
9975
5512
-894
-3977
8917
692
-2905
6389
-7922
-5033
8083
-9710
-65
-6504
2050
-8241
-42
-59
1404
-3104
6754
1065
1264
3621
-4859
2517
9559
4084
-3238
1930
5183
-6920
-9642
-2943
-1837
-3531
2579
2630
1223
4713
-747
4309
7691
8977
-9025
-735
6902
-3428
-5904
-4766
-3909
-9898
8621
8715
-2617
-898
9881
-783
7536
-9681
558
3670
2477
5759
263
-2541
-9034
8207
8922
-5334
6652
5380
-9404
-6717
-1076
3996
-6600
-7812
5955
1660
7686
5802
3673
7136
-1387
4843
1581
-6016
4895
570
8243
-9326
8221
-5938
3364
-6900
2217
-4762
4235
8100
-4615
-9569
8630
-8830
-1671
1370
-5290
-6623
-781
-2827
8894
9140
8705
9793
6812
2977
6198
572
6849
-8701
-3698
3773
810
-3077
-158
-2040
-3378
627
-8676
-3365
-7127
5632
3624
2223
9684
2951
8461
-7693
491
9092
8163
2297
-3021
9201
-8190
-6286
-4919
-5672
-3716
-757
-4801
4447
-4592
3819
8502
8375
-8157
1653
1203
3994
-2520
-8510
8364
-4585
-9455
-3060
4639
-5722
-2998
-1423
-3308
8058
7784
516
8455
-9139
-5191
-9347
-7239
-5817
694
-3289
-4645
-3803
3321
-63
-9400
3402
-3330
9344
-2532
-3604
1814
689
-6119
-9062
-8095
-8604
4732
1186
-5365
6701
-7744
-2092
-8634
6836
4442
-2686
3304
-5502
-8151
-9694
7936
6653
9424
-7815
712
5865
7675
-5399
-5807
9838
-1660
8398
2350
1512
5262
-5129
5221
8475
7011
-9792
6879
9637
-7373
-8852
-9562
7232
-9693
7760
-3137
6953
-2202
-6802
7777
-1792
9465
6243
-413
9315
1401
-1416
1528
8611
7057
5037
3314
4117
-2762
5621
570
-1031
9448
3810
-8629
-3082
-4345
9217
-6567
2499
8036
-7072
8387
146
9819
-6003
55
5567
-4949
-5438
8907
8886
8182
-3095
2125
-9281
5749
4942
4891
3269
315
3179
8784
-5372
-7295
-5761
-2450
-3843
9743
6875
-7563
-3166
3590
7356
5075
8440
-3181
-1598
1851
4358
6440
4395
9644
-5008
-4521
1842
5181
9600
-8350
8765
5593
5034
5447
-752
5944
-9377
-6753
6219
-5783
4724
303
2734
776
-4191
-6472
-4772
5222
-9922
283
-9063
-4903
64
-6207
8767
6227
3556
-5140
-6784
-9358
2131
2432
-1000
-5812
996
-6400
9513
-1447
-6810
-6614
8429
7799
-3780
2271
5696
-6735
6287
-6382
-7421
-1128
-9406
5058
985
9521
-7701
-5597
1221
-7214
7008
9499
-6181
4791
-6668
-6898
-8325
9611
4303
510
-4969
-689
-7726
-3722
98
-2339
-2465
-5187
-3396
1628
-7349
1029
-9561
-3082
6339
-9990
3560
-8646
-1551
-8275
460
6535
-8987
3605
-9989
1120
6546
9719
-7217
587
4366
-8869
-4088
6628
-2690
-6706
-9010
-2706
9965
2221
-6116
-8684
-3300
-2501
7674
-6760
-5034
-7516
3713
6513
2817
9786
6248
-9265
-2913
-9965
1898
-2008
-1165
-7139
5307
3901
-8247
3741
-8977
-6482
7680
-4027
7839
-9613
135
-7485
7967
395
8478
-1559
9018
8535
-4721
2255
-4942
-978
9897
-3614
4816
-7313
9784
8074
-1111
5910
9997
-2910
92
-5150
9190
5653
-9097
1705
1454
-2239
2255
2844
-1097
-1126
-6115
6364
-9363
-5548
-5419
-191
-8842
8069
5461
8874
-7260
9283
8114
4148
-1149
-9695
-8965
5857
890
5972
8498
1272
4715
-7735
5890
2283
2423
-449
9495
9524
-3476
3910
2667
5976
6823
-5231
3931
-4118
3226
-1233
5290
4376
-1233
-4129
-5016
-6063
-7332
816
2684
-9852
-7524
-5033
-5254
1616
-704
5823
6062
-5947
6358
9755
-4462
-3742
4480
6829
-7289
6552
2849
2066
-3146
2281
7999
-483
-1574
2159
9395
-2805
-8265
6518
-8937
-184
3182
-2323
4965
4128
-3866
2918
-2592
-3581
9905
6904
-2160
-2388
-2967
5762
6575
2988
-724
9848
-1640
527
5938
-5697
1155
-4013
-1760
-9723
6086
-4658
-9715
-6121
6325
-30
-9992
854
3208
7575
-1204
1896
-4020
8169
5007
-5488
2704
3996
-9674
-2249
-4281
-3541
-1849
1592
6412
1325
-2021
3798
-8201
-927
-3107
576
6577
-5318
3339
9174
-2670
-7570
4314
-6914
6639
8348
9199
-7043
8563
-4189
-429
5888
-8644
1366
-5115
298
7179
693
-9105
4270
5168
7010
4121
-5858
4298
8248
-4683
527
7466
-8480
-6846
4089
7684
-4049
-4910
-9045
9825
9211
2558
-1890
-829
-8445
-4389
2647
3008
-3328
6857
2156
9942
1735
5115
17
-9592
-6351
-3166
2567
-8126
5320
-6876
-3391
-9362
-368
-8347
-4891
-8664
3532
802
-1513
2171
-563
-6605
3973
6375
9192
5003
9995
-1294
9395
-9571
-4896
9891
-5610
9119
-4038
5601
2702
-3826
-1374
-1385
-1948
1962
4673
-2960
3712
-203
9017
-7945
5401
-7367
-8284
4055
845
2645
1680
-6621
7510
-4772
-8258
3823
-3092
377
-8199
3589
4041
-3250
7279
-4802
1920
9054
4156
4011
8599
8182
4585
-1188
2549
2246
-599
-7681
7782
-574
-1921
4608
-873
-8159
-5398
-5862
-9122
9810
2056
3852
7508
4877
1840
24
1073
-100
-2303
1714
3406
-9277
8693
2475
8914
5775
9413
-2207
-130
7172
7550
-9985
-3829
-5860
3127
4005
-4575
-834
6824
709
-3747
6944
7949
7611
-627
-5519
2799
5256
7453
8390
-6578
-2402
-4235
-7140
-3130
-6023
9196
192
4756
-6243
520
-2357
8130
-2830
-5414
6113
-9705
-7022
3069
6946
-4394
7720
-5247
9480
-1363
1670
-5225
-968
9830
-5360
5104
8976
-5100
-615
4995
7566
-964
6997
112
5779
4960
-6747
-2355
-305
2217
-3962
-3502
9088
4662
643
-9848
1360
138
7072
8293
-7342
4288
13
-5659
9365
5921
-9263
-1557
-3515
-1865
-1929
3477
-9820
-9971
-9870
9337
2119
-5099
4125
-3439
4
5659
7924
-8939
6145
5655
5337
-2703
-3206
-1670
1014
7638
5333
9451
-1841
5532
760
5758
-6093
-5839
-3388
1175
1726
-8535
9381
-1411
-2396
-9223
688
2080
920
3181
9469
9278
-7253
-1971
8431
-2861
-1086
4542
7185
-4896
-2539
-4621
-1071
2190
9618
7908
6596
6585
5291
4323
-6015
7627
-8445
6900
-4146
-4385
-1864
7088
-9819
-6077
-4075
-3925
6978
-1491
561
-1184
-1442
3149
-2432
8152
6051
-4305
-5840
2419
6985
-4178
-9874
7850
3708
4557
6004
5642
-355
5588
-2021
903
5140
5135
-6856
332
-4841
6979
-3240
-1273
8926
-8370
7823
7285
5240
8982
1847
6623
-684
-5167
-6671
-2138
752
7982
6773
-1207
-6543
-1003
-493
-4207
-4707
-3122
9845
7625
-7905
9253
922
8002
-9560
-7464
3864
8024
-5486
-4206
1578
-3273
-6081
7892
-6116
-9748
4533
-6545
8644
-7026
-2831
144
4126
-4229
-6965
-8097
-3868
6410
-1577
9513
6274
1602
6214
1215
5286
4127
4498
5733
9297
6061
5676
-7380
6541
-5628
8333
-7784
1803
3270
5159
-2102
-600
3287
-2575
79
9380
-9819
-9368
9234
-8348
-3187
-1358
3065
-2157
-7658
-5407
103
9693
2174
-1307
-9479
9284
7728
8323
-8169
-2105
9234
-1446
4363
2653
-9358
1295
-673
7063
1774
7746
-8224
-9619
8082
3978
-652
8926
6380
-9003
-7103
5223
-6419
-2273
114
-6937
4412
-8469
4574
3388
3535
-3788
1066
-9945
-7441
4041
-2193
-756
4786
-6313
-7927
-8441
2454
2801
-4691
1854
9781
-4907
-1078
-9100
-8653
3705
7273
2645
-2227
-6813
9707
2347
-3944
1624
9719
4107
4482
6855
-9126
6190
-1982
-347
5383
-8269
-3881
-5039
9964
-3974
3821
-8013
-3950
-1660
-7444
7956
-3353
6336
-4164
3016
2393
8661
-9535
9576
9202
9126
-1781
-4174
8249
6167
-9637
-4838
-5198
6321
417
3794
-8482
9029
3293
9217
-4720
324
-8789
-6544
9002
6940
3869
8245
-2102
-3615
-5740
8309
7428
-7425
-4211
-1936
-6657
-8669
2458
2645
7889
4577
-1513
-5694
2998
-8541
3438
1982
1744
5046
9512
-6516
-9293
-2026
4169
-6271
4420
2693
2806
-1034
-5142
-3035
-8717
6943
-6964
-664
-2899
74
5620
1184
-2700
9305
7552
-7385
-5879
-7333
-861
-8755
4050
5287
2303
6241
6545
-6989
6590
9458
6633
9980
6476
1018
-7864
-4614
8539
3757
-3451
-5465
-7616
-7096
-3010
2830
5267
-5937
-9450
-3958
-1394
1458
8893
-5278
740
-8047
1499
-4446
9697
-6154
7617
9573
-7386
9580
4477
4621
9195
999
-644
5649
-7949
6922
7010
-1559
-1159
4137
-4198
2734
4749
1957
-7259
1071
-2982
-8325
7919
-6213
1357
9239
7714
-7986
490
3390
-4077
5064
-6524
8837
-1650
4189
918
4901
605
-6312
2836
3326
-7882
-2904
-7532
-2154
-100
6185
8826
7961
-3996
265
5839
-2152
-1928
-1531
9142
8216
-788
5999
-2499
-5000
8606
-9396
4282
1694
4937
-7135
-8287
3095
-81
9084
6958
9678
-3121
2646
-7270
8337
4072
-6793
-1639
4052
-7223
-1904
-4171
-5730
-7777
-2112
7057
-3934
5114
-1872
-4455
-8401
4609
-7699
1619
2357
-4056
-9407
126
-5234
-5929
2068
-5376
-8144
-4420
1886
7774
-5919
1457
9760
9964
-5969
9124
-2517
-9449
-5608
-7262
-9597
5676
7996
-187
-152
7993
3879
4833
1807
-2006
-7789
3875
49
-9796
7977
-1022
-7883
145
-7159
4751
-2069
1872
-2437
-5646
-6279
3501
1269
1061
-7132
-8368
-5339
1437
3184
8268
9829
-2936
-540
210
-6853
603
5492
261
4726
-5933
4181
4775
-873
-6904
-9890
1717
2326
-5798
-6934
-2282
-4520
-9633
4014
-6815
-6078
8288
5421
7588
-7561
-9820
-8961
-6233
5452
-5731
1376
5980
5
-5631
149
284
3310
5460
6382
-7446
-1582
-9899
-769
38
7067
-2301
8727
6618
4147
1376
6726
1421
4939
-890
8515
3297
7813
-8077
-9106
3708
5627
6735
-2192
6964
1276
2030
2604
-5839
2766
8987
7470
-4199
7505
1506
9792
-3025
-9074
-5235
-9809
-4707
-8938
8019
6677
3080
-8279
2532
-970
-5258
4472
-5394
-7742
9750
2761
3885
2360
-6767
9576
8212
-7189
9003
-7431
-4299
-5682
-4699
2548
-7354
5884
3622
-2700
-8246
4174
1497
3348
2207
-939
4822
119
9325
5420
-5320
4377
-1195
-7399
-3763
-2253
-9486
8913
-8251
7525
9290
6639
-3493
-8790
-9898
-656
-4681
-4392
-1105
7920
-6908
4370
39
2224
2455
4444
4762
-5175
-9241
-9128
-8893
2895
-5299
-5721
-8692
-1772
-9532
-5623
9745
-1479
-6311
1363
-7925
-3747
2851
-1298
5206
1347
5000
4757
355
-6943
5791
-1648
-6148
-2020
8619
-9404
5428
9289
-3129
3013
-7171
-4674
2455
322
9825
5199
-824
9606
9900
-8388
-9111
5859
-8053
-4875
7552
-905
6149
-2120
1706
-5505
-1541
-508
-4682
5244
8649
4049
-8549
-1285
7562
80
5537
-3751
-7258
-8673
-9953
5350
-165
-7397
8819
7060
-260
-1142
7656
-7477
-4623
-451
9392
-3696
5612
9449
-5774
7185
6280
9528
-5761
5537
3975
2638
2601
-1379
8120
-164
5323
4446
-7598
8166
-6597
-1872
1159
2995
2219
8094
2068
9411
-1997
517
-7665
-4252
5656
-6085
6850
-9143
1505
-6977
-5552
-4612
5795
9727
4076
6917
3706
-3264
-7355
2785
8628
-8457
-6323
-920
-4206
659
4686
-6083
-8927
5748
-3897
-9182
-2640
-8012
-6664
-4210
2033
-467
6279
-8367
1105
3006
-4820
-9094
9620
853
-1576
-5310
-2451
3837
-6861
3248
-7893
-2883
-6083
-8803
2251
-7254
3538
9074
2005
-3231
2169
-7949
-4958
-338
7226
8714
-5683
-7081
-3220
-2312
-5104
-4129
2295
-4898
-7845
4468
-9824
-3084
-7461
-1899
9261
4891
4094
3830
9141
-9642
-9701
9959
-5554
5202
3899
-7362
-3182
3578
-117
1304
5747
-5208
-1428
4436
-351
7153
1462
4521
165
-2381
9868
4717
5388
-1098
275
5303
-1748
-2963
-887
-8185
1596
-1194
-7018
-3600
5018
-9122
4517
-2864
-7182
7237
-441
2500
4199
-2709
3308
-2077
2575
1663
9961
8856
-6977
6820
6202
1364
8534
-672
-2250
-4331
-5098
-8742
-7759
3628
7245
-3049
21
-9035
-7892
1420
9849
23
1116
4056
-4655
-9425
-9819
388
5575
5870
8958
-6777
-5365
-993
4707
-5275
-771
6742
5835
6077
4603
-451
-6737
-8893
2564
4597
463
-7084
6960
-4996
3088
40
6577
-5357
-7084
-8426
-770
642
1731
7720
3371
-8036
6362
-2025
3034
-3113
-569
9227
3600
5772
-1232
6010
-5824
5896
3010
-4590
802
-6899
-6544
1060
7197
7237
5125
-7111
1625
7211
-1924
9436
-3779
8689
7190
-8379
-258
6375
7568
-6365
5985
-2223
6217
7920
926
4442
8900
9399
9727
3651
-7705
-8910
9922
-3085
-1559
3639
5623
-5792
-6802
1114
-2074
5402
-6424
-6893
8334
8377
9830
-9520
-5023
-7898
3221
-1083
4974
-9078
-1142
2585
2512
8634
-8935
-7996
3627
9842
9927
1254
-7607
-274
-5116
9195
-8582
-3234
8679
-7049
3576
-1659
5182
-5307
5200
7070
-7821
-2763
7410
553
-8731
434
5738
-504
1310
9139
3953
-9956
2257
8053
-8073
-1987
6268
-59
-906
1787
5595
8176
-6900
6930
1027
6306
-1016
-5009
-1504
-3661
8108
8065
858
-5489
9814
-6714
1485
-1705
1213
-1350
7220
894
-7120
-8630
1794
4831
3557
-6804
6016
2183
9392
2843
-4040
-2251
7422
-4625
-3621
-5123
75
1070
2058
8657
-3469
-7054
5996
2596
4694
-5123
1055
-9590
7973
-6308
5939
-3356
4786
-8335
-5249
-4023
3495
-2744
9920
657
-6600
5915
-9610
4349
-199
9465
6090
-8637
-6839
9414
6497
4793
1424
-8536
2891
-3508
9841
3711
9125
1547
482
2621
7107
2837
817
833
-8119
8225
-1264
7337
8924
-9849
7480
7613
-9170
-5834
8729
-3653
2396
-8654
-3959
-9378
-7741
4053
5127
2296
-6046
8443
2904
8478
5403
-5651
1819
3163
7768
-4050
692
4700
5459
-4607
-10000
2048
-8106
-646
-1919
4570
-6661
5473
-8074
-484
1097
1239
5391
4952
-8142
-6441
-6730
8974
-3739
2880
-9075
-320
8369
-5206
8007
2158
5808
5038
-8356
-1769
8148
538
788
-1645
-4613
-6228
5701
7367
-3241
6058
-722
-189
7367
6057
-3720
8289
1330
-4385
-6843
-5741
-1608
-8888
-4568
8363
-6951
6475
-5404
-7798
-6898
-9359
-5426
-2296
-1166
-7536
3028
4463
3731
-3808
2278
8787
9006
166
-4632
-6507
4880
-1252
2083
6409
-2797
2825
-5730
1566
-6473
2394
7229
-6788
1339
-9731
-6480
2519
-7964
3150
5888
-2184
-9274
-7653
1087
3407
4218
1250
-2737
-724
951
8149
6886
-3365
4820
7014
2333
-6056
-9211
2355
-8777
5269
-8991
4946
-4430
6835
7241
-319
7682
2824
-9621
984
-2492
6635
-7063
-369
-1288
2174
1173
-2802
-8277
-9962
6641
3636
-5174
8106
-6105
-9749
5223
3865
8973
-2127
-1163
-6053
2373
7840
-2685
-2318
-9696
3801
-6068
-823
-3472
-8513
-5806
2659
-5172
-8067
2591
4811
-262
-4166
5457
2955
-5717
-9419
-545
-8928
5420
-2135
-8074
1499
-5301
-6076
2917
518
380
6086
-4567
-7317
-5498
8574
7507
1888
287
3724
4369
-8516
-4856
5705
-7027
-8450
2926
9541
-5347
7849
2333
9202
-7786
6526
3971
-2709
52
-1587
-5744
-1880
4099
4475
-1039
-7527
3367
6573
-7276
5812
-141
719
-5117
-3816
4409
2657
1805
-8093
-7116
-572
-2681
5944
-5811
9051
7818
-8846
2374
-9281
-846
8181
-975
-5230
-751
9686
9670
-6000
-369
3295
-8026
-8714
-8559
6186
-3795
4904
9474
2701
7407
-8948
5455
-3912
5639
9087
-4045
-3168
-2563
-2491
-1133
3103
-9278
-8435
-2008
-8991
5203
2447
1805
2502
-4113
8703
-564
5918
-2328
-1913
4189
-6835
-904
-1859
-2355
250
-9277
6932
-145
9160
-3592
4086
591
-7841
9973
5698
2668
2360
-6017
-3303
7355
7883
1853
-4031
6642
4524
-1473
-5853
2749
-7397
7652
2807
-6293
8503
-8598
8559
-8140
5028
834
-6184
-7031
-6386
6408
7697
8588
8416
-1022
-117
-6084
-6945
-6922
-566
2652
7158
-817
-6737
6839
9111
7252
1241
1442
-5622
-7842
-1008
-4371
3198
-3783
9214
8466
-7491
-9895
-8316
5922
-9074
9901
1500
-8295
-6097
-6814
-2575
-7419
1029
-7358
1930
-5022
2129
674
-2499
-9259
-1099
-9626
5004
-9634
659
6229
7396
-1435
8800
-4985
-4803
1625
-7852
2492
5441
1362
-383
7564
-746
1441
-2310
-3673
4619
-9134
-1586
-105
-9679
-6334
-3678
7180
-3960
-5571
2256
-3071
-7944
-8551
1965
-5907
2395
-7435
-415
-710
-656
8809
8933
-8891
-3179
-2144
9268
-6064
-4161
-5958
-1850
-2194
1721
-421
-6271
-4528
-2709
2140
-8924
-5550
-8891
5883
-9677
5188
-1758
9105
6069
-2694
-5694
4206
2335
-6686
3559
-5824
329
1257
-8671
-9607
340
-629
1224
2754
-9934
-7079
5473
-9584
8721
4263
3000
6015
-8510
2306
6862
-7495
4730
-9896
-787
-2226
5977
724
1743
-4763
-4958
8688
6387
-7830
9065
-9930
9718
3836
9858
8563
4203
8054
-3104
-3670
6014
-1134
-7204
-5991
-8020
-416
-4772
-739
-2435
3909
-1852
-1180
-2542
8960
2154
6791
5216
-2051
3724
680
2488
-8884
9167
-4744
7667
5619
-3715
2596
-7166
8152
1417
-4823
9271
5583
-1106
8727
8574
-1258
3047
-5308
4197
3594
8448
-2025
-6699
-6422
4969
3045
-1592
-465
-3713
6615
7769
-2702
431
-2388
-5728
-1421
3352
-3217
3294
8144
4348
959
-1271
-6788
-7641
-3619
944
-4535
1542
9587
890
8449
8544
-3245
-8582
6634
-8011
-4496
9838
6049
-225
-5888
9298
-9796
-1290
7103
-9473
-3273
-3963
5597
-5535
-9387
6642
-2882
-4278
-8198
240
-6957
7115
-1188
-4037
-2979
5175
-1811
-2768
-6733
2695
9886
4887
6000
-844
9714
-4541
3931
-2055
17
9586
3947
-1867
7165
-8309
-5570
-7053
-6016
5735
-4611
6228
2359
1753
-8967
-5763
-8810
-5668
4442
7022
-4245
-7266
9198
-644
9461
-936
-9092
-4839
8094
-7626
-4502
4916
9918
-8122
5455
-5046
-2718
-5877
-1113
9054
-5552
-5227
5425
3723
-8847
4531
6554
9509
-7010
-2477
-1995
-1800
-4043
-6856
-2588
-5740
831
9948
-6397
9649
-7840
8379
-5045
4489
-9930
-5437
-2252
1634
1957
4162
-9419
-9018
-6808
-8220
2750
-8738
-6468
-7041
2597
5454
1011
1807
6088
6151
-7084
3901
3072
-8481
3021
2125
8965
7732
8703
-1777
7874
-1734
-1888
6661
8230
-3174
-9721
8171
-1880
-6486
-7899
-2004
-1423
-4640
-1443
-7455
5005
-4571
-6411
6428
9011
-7247
1975
-1102
-4354
-3150
-8923
-8383
-7317
448
8399
5373
-2873
4082
-4974
-45
5662
7019
-6009
3405
-9198
2667
7301
7430
-9034
8050
4344
1833
5814
-1823
3776
-9028
6061
-6082
399
8901
9976
-5335
-2524
3505
-4492
8551
-1795
8364
6018
-5436
-487
-1531
1870
-7326
8922
8056
7122
-7766
2848
9262
-8277
5804
-742
-9969
4214
5877
8942
5339
5299
-2510
-8221
-2911
-36
5787
-2301
2000
5036
-6058
4517
-8266
-5676
-4013
-4090
-4124
7390
7963
-3707
4589
-8161
-9090
9492
9942
6260
509
2301
-7190
-7132
6990
196
-9139
1437
-2535
4205
-3236
-4153
-1236
-75
-5359
231
3115
9327
6288
1241
-4173
-3795
-4953
3026
8213
6038
3257
-5486
-5100
8162
-1935
2525
8092
1108
-8767
7971
1226
5598
354
9007
-9031
-7105
8662
5755
8100
4529
2727
3548
-7950
-844
-3010
-3473
2575
-14
2010
97
-6756
2363
6544
8319
9746
285
-551
8204
-3804
-1895
-7595
5668
-5308
-7796
-6565
-5834
238
-9359
-5691
4144
2593
225
8115
-7234
6650
-1022
-2157
8182
1930
9455
-6804
4726
-4190
-3402
8367
-5572
5016
2919
700
-9605
6925
-5432
3894
-5638
4414
-3568
1036
-4426
-9980
6711
4645
2595
4024
-1911
-9456
-9924
9509
-2894
6841
4226
8506
7613
-943
8514
-4579
9706
9676
13
1363
568
9692
3785
-5443
3471
-8021
9699
-5784
1429
-4942
-9950
3334
3425
2529
-6828
-5033
-1202
-32
9505
-8157
4652
-47
5480
3989
-439
6528
-9403
-2647
-1184
-2963
9311
1576
-4512
-6826
-8650
-3368
-1912
5214
-392
5203
5790
-5459
-1390
942
6753
-3673
1459
-6228
9876
-9383
9172
-4099
-9972
-2546
2354
-4757
-7956
4734
1386
7236
9492
-7706
4223
-5079
-2522
-4078
484
2387
-4898
-8322
1025
2439
-2837
-5331
-1426
-9837
6068
-1591
5585
-6760
1806
-8319
-4687
-4497
-1763
3543
5391
-105
1483
6040
-3348
-1527
-3881
-9199
5599
-8346
9343
-532
8539
169
-6487
274
-4250
-2314
7208
589
4857
-3301
8745
9068
878
1121
-6028
5748
-9775
9419
9003
-4802
110
-5534
-4347
4918
-6473
-9197
1180
3648
-725
522
2526
6625
-2702
-4700
-7528
-2223
6944
-6686
5818
4912
3839
5978
35
-2159
1655
-7261
7069
-8716
-5077
-6788
3099
4751
416
3007
-4513
-2225
7424
6602
-6094
4934
305
-1942
-5860
6788
5319
7709
893
5823
-8448
4245
-9094
9265
-2883
5948
717
-9403
8154
-385
-4858
4492
-2306
-138
-5481
-3537
-5535
2152
-3098
1604
5784
-4354
-2515
-963
-5320
6583
4331
8156
-6827
-2344
6435
5610
5520
3429
-1244
5622
-6297
6945
4607
5761
878
641
-3552
5433
3326
-7947
-1901
-8977
1303
-3432
7447
-4086
-6551
-9950
6585
4102
596
3284
-9022
9819
5829
8679
-9720
-4847
6046
4666
-9681
8413
3129
-4741
278
6608
-7358
-8589
-7220
8191
7820
-613
6361
719
-6771
-1791
3315
-4085
9288
7827
5887
4864
-5181
-1031
7587
5702
-9424
-193
-940
-441
-7549
-1635
8670
8658
5838
-2416
-768
9206
7723
-1840
-9165
-2487
9986
3405
-9184
7447
-9072
-1912
-9243
7492
-4246
-2649
-312
-4622
367
5317
-8432
-2953
-449
4713
2517
-3220
-4806
6050
9491
5154
7083
379
9807
-7517
2395
2654
-4333
9141
-9657
5203
-5064
9887
-63
6156
-134
9014
-2252
5484
5472
-230
-9125
8140
3759
5832
574
1401
4664
-8710
3778
-739
-2171
-7379
1121
5851
-1301
7693
5943
-9132
2000
-8367
-6081
6877
-4121
2506
8351
6750
6442
-1466
-3309
1428
-531
5810
9345
3781
-5671
-9680
-3279
-4467
2007
-870
-104
-4669
-480
3871
-1942
-1773
-9754
2057
8432
-406
6263
-4157
-6950
9635
-9445
-4856
-1497
-6348
7207
-6019
-1639
3587
2560
9498
4877
3768
4366
6850
9086
-6989
-7780
5665
-1376
-2426
2797
8834
629
-2788
4784
5750
-7877
5407
-7997
-3580
78
1182
-721
-4942
-8498
793
3617
928
-2945
5706
8451
-1111
4239
7550
-6838
-1368
-8377
1130
2377
-2377
-959
5158
9714
480
8753
4376
-6903
-5827
5002
1426
2662
5865
2941
-7349
-1652
416
8243
8228
5285
2896
-1649
6618
7838
-9977
954
-975
-3435
7011
-2396
4928
-4163
-486
-3973
4409
7003
1289
-4549
-1549
-9118
3307
-3116
-2451
9398
-2502
7484
6674
8888
9066
8512
-7497
6207
-7765
5219
-8081
-8857
6598
1505
6830
-7829
-1432
5990
-1124
-4313
-4762
9347
5991
909
3873
1650
9431
7473
-164
1867
3139
5270
3696
7585
5630
7095
-1474
976
-4464
3620
4952
1625
7492
5403
9334
6796
6486
1289
9812
1211
1363
9816
652
7370
-7575
245
1225
-5121
-6938
5088
-3428
4191
4390
9318
-4031
5671
-6233
-4315
8841
-4535
-4992
-1932
-5162
4062
5872
9580
-3791
214
3587
-3117
-9253
-164
-8176
-3798
-1031
7346
9446
-6089
333
-9996
-9181
4787
2913
-4928
-4256
-5210
455
-7639
1078
-1160
-7779
-5489
5758
7770
-194
3475
1384
-6061
5201
4788
-2077
-8630
8113
-6815
7913
-1090
2234
-1131
4561
2444
-4787
-2701
-1734
-1346
5806
9303
8283
-7988
4564
-700
584
3170
4191
-5499
-654
-4599
6277
4105
-4637
7451
-5467
-6040
5393
4360
8276
-8978
-164
241
-8165
-6051
8482
-9510
9449
8466
-959
-5438
-406
3002
-8303
-2249
-2555
-907
7033
-2312
1072
-7718
-3497
5459
-2966
1421
1887
-7387
8759
-1577
-1269
9493
5146
-8830
115
-7960
353
3982
7873
-9084
-791
-4158
4216
873
5013
7213
-3098
757
873
2182
-5291
-1925
-8422
7876
-2865
2993
7522
-915
4179
4027
-2423
-9018
-5619
-5497
4044
1853
2715
1247
-8265
1853
8944
-3696
1401
3389
9636
-9156
-8605
-1863
9042
1683
10000
7914
-2842
1186
-9026
4299
-3583
-2163
1164
8172
-5722
-4953
7289
284
-5097
1897
9781
2158
-1816
3219
-8677
9604
-4271
9355
4294
-2752
8510
-5699
-3944
-3358
4321
300
-1250
5722
-6857
-3018
-4940
-4389
-1665
8454
2653
-139
-5390
9747
7519
9999
5760
-7058
5646
-5702
52
4024
-749
-9236
6878
4090
-2380
8756
-9104
2859
-4736
-6062
9320
-2259
3415
-1437
4186
672
-1501
-4379
-4528
-7455
-3880
4236
-1831
-3378
-7142
-6945
-7213
6316
2492
-8331
7511
-48
-3813
-7062
-4105
-4364
-27
-5910
4855
7919
257
-3191
-7764
1045
159
6491
-2550
2947
-4945
2472
-6460
-3026
-9014
-7975
1391
-4646
-2290
507
8240
-5668
-672
6221
6496
1902
9754
9752
1583
-3525
4261
1175
797
3171
-7636
-2061
6967
6990
-2875
236
3728
3848
4156
-987
-7834
-7521
-4368
-3566
1307
-1585
6488
-4916
834
8131
-3418
-4574
676
-8461
9054
2043
2011
4242
3628
-262
-6336
-8481
-4813
-72
-2297
1525
-4036
2912
973
-5821
8009
4315
1027
5283
9659
8839
-2919
-5060
-2901
-8793
-3569
-8669
-323
-3138
2779
1655
5058
-2383
-7084
-8053
4292
-7079
2040
-6954
-2136
3686
-657
2058
2993
-1634
2689
4401
4205
-7102
-3974
4635
9307
-212
-4385
-1170
1816
-1127
4227
-4091
4512
5684
6830
-5146
-3460
5031
-1756
4062
-3790
2784
-8365
5080
2444
-8615
-3304
-2012
-5363
5327
8766
7425
-9221
-3021
-4183
-2313
5659
5280
7742
4269
1687
1848
-1563
8099
3637
-6001
-4498
-3600
6031
6917
6208
-7532
9346
-6464
5323
-4875
9853
3125
4522
8566
1533
-2747
-8865
-4984
-4699
-4867
5236
0
-9570
-8184
9698
5582
-1181
7794
8887
-4830
-8651
4787
-507
6239
-5701
2119
7631
5130
3627
1632
-5916
7984
6053
-3121
4464
4687
-574
-3293
2486
4706
4996
-2840
-6020
-6894
8237
-5800
4686
213
6544
-2579
6138
7052
-1399
-4100
-94
1673
2238
5931
4189
-9547
4377
-4820
2198
-7663
6401
-1448
-8242
8004
-7157
-1815
-7154
-6755
-8091
-159
8726
2658
-7129
-2853
-4334
-3546
-5221
3594
-6785
-3708
1320
2555
9962
2022
-3817
2394
-7667
-3464
-1856
6292
-6532
7569
-6506
-2710
8379
5081
2865
-9343
3138
-8129
8116
-5553
4687
-2795
1323
919
-2518
9504
-9989
4773
2602
9265
-4922
2722
-2287
5581
2969
-1923
8710
4539
-5958
7247
-3871
-8799
-8880
1326
-8797
-8051
7096
362
-113
-2048
-3852
173
744
6429
8306
1632
-7100
-2315
-2888
-3158
-4648
-9063
-9129
-8217
2841
1095
-7474
8479
-9205
4631
-374
5632
4852
48
8201
4532
1984
-9582
6937
2850
7535
-3709
-5042
6735
465
4484
4206
5125
4060
6773
-566
9475
-4219
-2506
-4271
1304
2012
-2755
2176
6349
3159
-7480
-9966
9036
-788
-8330
-4509
831
8898
444
-5821
-5659
-2233
-1334
-9704
-367
4554
-8168
-8879
-3187
237
-2038
-2547
3544
5439
-5553
6899
-1240
-9895
5121
-9857
2077
1069
-8737
1748
8638
8064
-7029
-2380
-9888
-2366
6025
6938
299
-5026
-3184
7180
8727
-5665
-7893
-4649
2917
-6517
5287
1103
7884
-1484
-102
-9945
-1478
-1517
1489
-2902
-4706
-4160
-6601
5407
3179
3205
-4092
1026
159
3786
-5396
7799
9334
-6630
-7058
9981
7545
1825
-4440
-5132
-53
-4167
7639
3811
4774
2892
-9009
4554
507
-5405
-8186
684
8773
-8528
-8585
6908
-3037
-8977
-9391
-8186
5971
489
6895
151
5082
-5193
-1819
1701
3695
9346
-9371
-7764
1280
-6973
4021
5703
-2330
4295
-7530
9053
-6590
-2789
544
-78
9951
8136
4371
5738
-9858
5392
-361
5982
-3758
4650
4333
8203
5494
-7972
4123
7429
5284
-6196
-5298
-8619
904
5663
7847
-2643
-158
6535
389
-2291
-7311
148
9347
5215
5459
2281
5512
-6913
-3321
4437
-5816
6036
-4075
4440
-8188
7160
-604
-8171
-2302
-4467
8414
-6954
-2264
8698
-2569
-3472
-3972
1462
-4405
2564
-9285
-7039
4961
-5809
4376
8776
7212
-7893
6816
-9549
7013
-9753
-4733
-5652
-311
6839
-2053
-2553
-8532
5470
8
5697
-7505
1250
-9805
-4898
-3908
4527
3308
-9756
2492
9194
-1394
1623
1593
7759
6033
-9023
3857
-4760
9468
2617
8939
2507
-7520
1304
-578
8208
-7802
9810
-7098
-5045
2276
-4917
1105
3230
-3474
2111
1527
3113
-6502
8359
5780
5549
5619
1061
3254
-3649
-5498
-5262
3113
-711
-5094
8770
2161
-2305
2043
-7971
-6130
-9785
8432
-3315
6973
2109
-250
8076
7128
-6178
-4855
-5777
3354
1885
-8024
-9876
-1480
-4568
-1402
-8517
905
104
-114
1679
8663
5962
-730
3900
2400
2064
5690
9045
6341
4845
5577
6878
1926
-11
-5500
-5402
-1800
3277
6531
2738
-6679
-4766
8584
7402
5662
-3042
325
-8531
1103
6713
6861
-6610
9434
740
9642
-831
-9288
-1983
8515
4584
211
-3779
-6628
5460
695
-6055
-2294
-3231
9785
-2203
6281
7113
-4111
9310
1813
7022
-612
-8134
4460
8938
-7145
9592
-9094
4533
-6551
3481
2992
5263
-487
-6410
3564
-9006
-1564
-1069
9560
8137
-6051
3326
-9022
9930
-4328
3288
1024
-7423
4886
3350
162
6883
-2729
-6836
-1473
-9557
-5575
-9514
8829
5050
-8536
4805
-2911
6484
-8304
-4803
-9540
7323
-8977
-2841
-3367
5171
-5082
-9532
-1271
6846
-857
6506
-1654
372
-7400
-1403
2864
5446
-6190
-4488
2977
9896
-7966
3890
-5122
-3969
-9371
-9074
-6654
7134
-6479
2646
-644
-1137
-8431
2034
-5384
-2814
-7802
-1332
-7315
8953
-663
-7335
5682
3824
-7456
2178
-4580
5023
231
8204
7505
-5060
1925
2854
-674
-6763
4228
-6586
-9785
-6761
-7919
-8405
-4087
8217
8823
-7314
-3047
-7335
-1553
-961
-1394
-7901
4188
-3134
-8396
-641
2242
-2685
-6431
9453
-3457
-5025
-4957
-7478
9214
9396
4852
-9262
2442
715
-9391
-9685
-7375
9792
-9585
-1367
6597
3114
-323
8264
-3578
8735
2804
6520
4047
-9595
-1038
-9972
-7644
3031
7573
-8792
2178
-4338
-3105
-4328
5115
-9510
1745
1467
-2205
-6401
-8337
-3745
5381
-1141
9671
-3432
9093
701
-6432
-5142
-632
5292
-8871
-138
-4264
5401
-6216
-5286
1838
3885
-6803
-3402
5203
3448
5287
4294
-4737
-6256
818
-9067
3450
1906
-1913
8673
6508
-4990
3268
-8719
-6103
-5515
-8938
8170
-6028
1789
-8535
2088
2711
1835
-4680
7834
2528
-5291
-1634
6985
-6210
579
3128
-678
1219
9563
986
-7090
9169
-303
-3335
4943
5289
953
-2998
-3087
1659
9207
1020
-4697
894
5214
1865
-1413
7358
5449
1690
6906
-2886
5846
6744
-7218
-8840
5819
-1488
1534
1086
-7133
1383
-3849
6625
-8790
1963
-1058
-5975
-6680
-9995
6949
4565
592
-8755
-6013
7030
-6818
9797
-3044
-2954
-7542
-8412
-6209
6105
2500
-5101
-6002
9102
-5967
1296
3824
-7112
6341
7580
536
-9442
-7685
-8715
-7839
-1397
-8942
7745
9974
3886
9165
3171
-6571
-7119
7264
-2678
-3587
8280
-8144
283
-255
5478
-8091
1758
-2573
2323
-6785
-6430
-6646
8437
6122
3403
-9939
6475
-1423
-5159
-661
2700
-8643
7926
-6509
3926
693
-1630
3605
7576
-900
-8533
-1963
-7794
-4805
-4668
-6269
-6183
5256
983
-7274
1992
-6865
4241
2779
1956
-2876
-816
-5819
-1179
-4298
3906
4959
4366
-6686
-593
4767
1345
-2723
4885
-3120
-5851
-6734
6104
-7506
1080
8830
9025
7523
7053
-6831
3100
-3868
608
-1095
-8042
9890
-5132
-4767
-2128
-190
4714
4991
-8910
2240
-3322
-4607
226
-2324
-2700
6449
9768
-183
1922
2411
8834
8492
-5941
-6289
-7514
-2504
6220
267
1639
3232
-7287
6978
-1117
-9468
9479
-739
-2361
-9535
-9003
-5183
37
1752
3410
-7016
-6939
-5920
3832
5788
-9637
4893
5640
-3833
8118
3477
-6858
-9487
-4249
-6672
-1786
2526
4287
8640
-9751
-983
9054
2295
-2213
-3803
-6517
-2319
-9401
1922
-2300
5104
-8719
-1491
-2283
-8266
3262
1633
-1511
-2549
-6222
-4617
6631
-1326
-4574
51
-8299
7165
-1726
-5655
-4558
5927
-4234
9446
3225
1199
-9274
8509
-5795
-5716
4472
4854
6382
-9151
-7504
-5605
-5346
-1915
-7098
-7090
1710
-9801
-572
-498
-6506
911
34
-3460
1420
-8849
8817
-8396
2788
533
8957
1214
-8009
-974
-3860
8973
1211
-5160
-9366
1947
-8020
-6663
5394
-3677
-5635
8789
9714
2014
-8418
-7648
-5312
3385
-4283
-7271
6095
3108
2386
-6141
3562
-7200
2547
10
-4847
-6651
-4629
-9861
1334
-7475
-8925
-9229
-7686
7385
5341
7725
-3390
7387
-2291
-2408
4124
-6405
5275
9043
3800
-5465
-4652
5862
7592
6356
2480
-7369
4280
-3416
5393
-7414
9844
-4327
-6805
438
-6278
9090
-3587
7652
5749
5085
2147
-2129
652
5144
-9000
1237
-3112
-9240
8177
9019
2553
-737
-4676
7450
4516
3770
2827
-5137
-7566
731
8474
-5230
5603
9576
2366
-1142
3821
3145
-9082
1857
-5255
-9884
3602
-3737
9081
1790
1317
7177
8066
-1399
-5109
-3153
9773
8316
3430
-127
9114
233
5690
-309
4168
7056
6571
-4396
-3866
893
7926
5680
-5196
-2063
-3197
-7833
9507
8552
1375
-3823
-4145
-3839
6487
6742
-8412
-7327
-1871
-9169
7428
-7753
-7712
832
3070
8035
9547
2008
1257
384
-9902
4685
7359
623
-7810
-9453
-9192
-115
-6955
5534
4328
1814
8651
-9783
1324
-8574
8421
-5879
-6291
-4844
-4168
-6575
8006
236
5493
-294
-39
5165
2970
-485
8066
-2181
8071
9104
-4575
-1926
6006
4655
4033
9827
-7679
-6727
-5270
-3442
-6136
-5405
-1129
2080
-8101
-6452
5110
-3268
-9859
-9130
7716
-5209
-3846
8461
2027
-4758
2190
-3936
-5893
8414
4150
-8027
-3821
1486
1257
-8593
-8154
2963
-5525
5606
788
-1738
-1884
6473
-9053
-9397
3538
-1290
-2733
6665
8723
-9219
9770
-4147
9682
-7518
5272
-2680
-8670
7649
-3742
-838
-8409
-6173
1361
-982
-7677
-3017
-4746
-793
-9963
-981
9166
-3000
-9378
9448
5527
2462
-3765
-5400
-9137
-9442
4043
6879
-6436
6356
6860
-4742
8677
8494
-6793
1463
2164
-356
3653
-3739
-2016
-501
-9343
-8744
-1780
6920
7840
8498
9863
-9851
5222
7613
-4207
8234
7680
6543
5410
-1670
-9882
-2808
-329
-5889
4466
-1832
3855
-9699
2395
6262
5744
6503
7929
-6731
-3720
-3666
-7651
8382
-744
-7756
-491
8311
-8127
-3523
7325
-8612
-2746
7229
-2980
8622
-7001
8803
9237
4785
6226
5475
9589
214
-2534
-3095
-6769
1008
258
-8210
-8019
-12
9505
5011
-6003
-3436
6029
-1120
-5756
-2303
7839
6324
-9718
-7244
2639
1352
-9899
6855
-3169
5908
9845
696
7418
-3066
1586
4568
1613
-4348
7312
-6988
7591
-1147
-5155
-5043
7796
-7249
631
-8433
-3639
9878
7878
1181
-5551
-1221
1512
-4274
6003
-1321
8953
-9066
-3899
8217
2893
-2364
-6869
-6989
-7965
5941
-1337
8309
-5440
-3934
2696
9774
3137
5471
-5433
7859
-7475
-3188
963
55
-1380
384
-6789
-6476
8421
5872
-2251
7711
-9915
8893
-1446
581
2055
3645
-3099
3017
8301
-5360
-36
1092
6632
-9424
7861
-648
-6648
-5378
-12
7355
3391
-2232
-8862
-8277
-1204
404
-2857
-73
-459
9152
9203
-7845
2401
-684
9348
-2121
-8832
9696
-4166
2935
-312
886
9274
3812
9322
6831
5825
-643
1282
2754
511
6088
7933
9070
-1292
7014
-3864
-7417
-1597
3697
9788
-1807
-5999
-9902
974
6645
9508
136
5797
-5717
-3374
3626
6042
-1529
-4926
-4078
4071
2796
4942
-4585
-8666
-9206
3077
-6435
-7047
859
-6278
-6187
1733
6198
-5640
9885
-5439
7036
5788
8695
8077
-1560
-2645
-2553
8796
-417
9716
-385
8365
-7580
5280
-2635
-7185
7404
3429
4888
-4878
4220
8503
-9067
-3878
-9911
5779
-7751
-2810
1838
6336
7364
-2682
3522
5421
2884
-6768
6289
4498
-8407
-2732
4660
9886
2840
5430
-5868
-2897
-8241
-8384
6952
6745
9622
4035
-946
-6849
-1226
7290
-2767
3948
6646
6888
-4175
-2734
-8582
4073
4569
375
9580
4501
1279
1314
3798
9229
310
-6659
1104
-7494
9384
2247
-8436
-9961
8433
-6690
1782
-9115
-7582
-4277
-723
-2320
-4988
7245
-3266
-8628
7147
4915
5221
4684
-3598
9681
-6982
-671
-6352
1292
1760
-9870
-2320
-2223
153
7856
-1774
5772
3069
6181
7462
3797
-4730
1212
8358
-2691
-1883
-5841
3728
4006
6426
3755
-5538
1722
9193
-643
-4283
-5565
3752
-3002
2868
2110
6189
8557
8913
-4838
-4221
-764
-2539
-2579
-5510
-493
5384
5710
-8634
-8551
-9560
7204
3308
-4022
4129
1943
353
6008
-3902
-6578
6967
2292
-9291
-3817
347
9474
-8556
-4847
-6211
-2202
9181
1225
6362
1983
9775
-2860
-9616
886
4166
2866
-108
-5596
-2340
1552
95
-3990
8786
-7950
714
-2336
-2873
-3914
2709
6072
-9322
4680
-3037
4996
8994
3370
-5984
-2675
-3380
7211
-2863
-5465
-2692
-1633
5793
-2865
866
7315
-1263
-7680
8227
882
3909
7228
6148
-6813
-3263
-2811
-7630
1666
-242
1278
-9813
98
5000
-6676
7487
-448
-79
-5273
9086
5478
2080
2130
-5938
242
3677
-7279
-9553
2308
-4898
3141
172
6030
4051
-9580
-2645
-2924
-4335
-3117
4625
4483
-4157
9173
-8239
877
2899
-672
-3292
-8332
2227
7794
-5881
565
1897
-8984
-7519
6141
-1295
-1532
-7442
3238
7682
-970
3386
9754
5707
-9770
-1307
-5449
1565
8839
-1097
2229
-2473
-2200
-1387
2356
-8431
2517
-8451
8891
-5235
1450
4051
-4935
2138
-8139
-5505
-4743
-9383
1446
-1737
3686
7653
-5067
-886
-4028
6552
-5749
5442
-9791
-3055
-4803
-6364
2137
-8438
6276
-3613
-6505
6221
-3840
-7444
5890
-4149
-4111
1309
-5889
7107
6786
7473
9238
5439
2976
7671
-8252
-8729
-6802
3783
7293
-96
5782
233
-7132
-2474
-2851
-8109
7297
-9348
-1198
-2935
2674
-3782
-3005
4984
-6228
59
1560
3027
9818
8386
8374
-9223
-1038
-7354
4240
1477
-2562
3781
9990
-5240
8000
-4203
-9669
-5259
6104
-7596
6230
-9463
-3610
-5746
-5308
1042
7878
-3138
-5198
503
-810
1252
8586
2431
4396
4185
2191
6663
4376
-492
1479
8293
-2039
8222
-5518
-9343
-5273
4291
-425
8065
5997
7664
8387
-6286
6467
-9942
-242
437
-9737
-5785
6826
9474
-1068
-9025
-1269
-9337
-1218
4819
1433
-3617
4185
6289
-530
9094
6016
2054
2633
8047
1124
6165
7717
-4112
-3129
730
4986
6988
9296
8918
5084
1709
-1827
5002
-5563
-1087
262
-6423
-5387
4164
-7718
4179
-7828
1876
-8661
6059
-2876
2792
-3242
3752
7478
-2036
2462
-3790
-340
-76
9793
-1934
-8588
-5524
-4616
-958
-1766
4572
-241
3551
-5106
6979
2644
-3364
49
-3968
-2598
-1780
5555
-6846
-2890
3448
-8243
8373
-1593
5544
-6576
8183
9556
-7875
-2355
8485
1825
8137
-9111
-1612
4286
-9527
8854
-9690
9936
-635
-4042
9113
-8206
-6106
-9190
9234
-260
-2274
-5199
-3987
-5343
-3167
4461
1960
9854
6502
-8944
5571
-3334
9572
3682
27
7865
7637
-4661
-3235
786
-4626
-413
670
2433
-4554
-7091
8884
-9300
-3672
8914
732
-2090
1269
-8541
8212
-6160
-5081
1129
739
2273
6796
5994
-5973
9799
455
-3760
7601
3243
-8955
8556
-7670
8421
-3938
-6444
-7666
-6729
6887
915
-2683
7320
8402
-4794
-6970
-8803
-9227
396
36
-1018
5717
8292
8616
-1250
-4453
-8867
-8501
-6412
-8745
-2275
4547
-1897
8169
5688
6120
-9902
8145
-8217
5194
7057
-5096
4906
1472
5923
3674
-9284
97
-1869
9017
-6415
-8918
-2052
-2380
7553
-4570
-3443
-334
-7716
-241
9738
5957
1827
-8076
9389
-1271
-2545
-3349
-5154
-7295
-9281
-6051
-4685
-4723
-8661
4230
-2928
-4546
5666
6873
7834
-1083
9480
3940
-9127
7040
-8905
-7320
-3959
-7404
7398
-1919
-3328
-5615
-9151
-6674
-2646
-780
-2336
5965
742
7839
-1867
-1091
819
8391
2174
3512
784
7423
-3549
-6176
-136
-1103
2559
-1652
8173
8569
-5855
-9505
2274
-4879
-9128
-4329
-9230
3924
-9316
7446
5914
2608
3534
-6479
-3610
5813
663
3734
-5972
4897
1169
7806
-8983
2087
1498
-1619
-2882
8744
-675
-5563
-6699
-3985
-3272
-2448
9755
-174
-175
-4050
252
-5839
-883
-9479
-4912
2372
2607
-5791
799
2503
4274
8937
-39
7280
-9354
8946
-6389
9867
-6825
1203
-488
-8331
7015
-2680
3890
-8577
1703
41
9866
-3348
-6141
-8006
-2076
-8548
1292
3887
4113
2067
-9178
6748
7859
-2393
8719
-4225
9950
-3494
-2466
-5578
-9727
-665
195
6499
4446
-3317
-1466
2432
-9671
-5651
-7564
-8521
4766
7325
-5336
-6124
7724
264
-9449
2420
9144
4277
-1244
4975
-6793
2151
-7950
2017
9496
169
7580
-476
7535
-5494
-2950
-5739
47
6833
-9625
7344
-5523
3885
7138
89
8614
8024
-9111
5349
-1494
-2702
-7794
-5653
2786
5611
-1290
4678
9968
6880
-9788
-9313
-3611
-156
1206
8355
-4013
8787
3374
1091
613
9263
6230
5804
2372
-8816
8173
-4037
-7652
-576
2291
-1667
5215
2492
2008
1540
-5819
-2171
4863
-6929
-4981
-4868
7165
-8110
-8516
5707
8509
-9054
9521
-2940
4638
4357
2250
1682
7193
-479
-6738
-8916
9004
5844
1241
5913
3208
3019
-2129
-2915
9648
-4571
3452
-6529
2494
-1191
8672
-2306
-2502
-8964
7138
3646
-9409
-2432
-6470
4426
-8085
73
-3176
-4886
6496
3230
433
-7486
6908
5002
9208
2776
-8146
426
9814
2981
7697
-6607
-3970
8049
1537
-2053
8769
2206
-681
-2941
-976
-2048
-2254
7506
-489
-7662
4049
5501
-8663
6136
-9325
-9945
-1705
8451
-645
-8779
1503
-3397
-2558
1956
4246
6613
1329
832
-5334
615
5748
5250
3428
7561
5047
6638
-7294
5066
-5956
-5979
-5520
-7932
-1913
-5182
-3993
3278
-9781
2993
7213
-8782
-699
-2338
-5945
-4924
2277
-5895
-6967
4092
-5107
-7705
9845
-4371
-7638
-2337
8254
8450
-8797
7797
-9086
2250
-7989
2194
9196
-7986
7551
9200
8706
-9868
2045
3314
-4841
5163
-7173
8494
-7785
2527
8866
-9540
9372
-9565
6085
-3314
4796
-4631
-266
4630
-457
8111
-1086
-5935
2101
753
7348
9745
7687
2300
-4885
-4858
8582
-5854
6638
7167
-8742
1659
-3549
-1536
-2902
6886
-5572
4410
7501
-3811
-1771
-6448
6563
2780
8203
-5295
-7723
9547
1993
-4501
-5766
5306
-274
8896
8303
8185
9951
1664
-9314
-1243
7727
-4356
5013
6292
6860
1305
-2304
-2289
-6072
436
-6538
-3532
3465
-4022
-9200
3337
-6999
-4276
-7121
2073
-4257
2811
9701
7517
-7531
-5444
1575
4092
722
8677
-6653
-410
-5195
-3062
-6065
-6724
-7327
-7098
-5527
1158
-1074
6125
-5299
-3671
8719
727
-8405
126
-8182
-6018
-179
-7571
4483
-9783
-8163
-1519
2509
5871
-599
1192
6458
5384
-2354
5337
4802
-7274
-1649
-10000
4321
-9657
2491
-8114
3949
-9004
7371
-93
2942
1892
-4251
5260
-7226
-5936
4501
6857
-8764
-6113
-7517
-2150
6985
-3825
-3218
9913
8122
5217
9156
4961
8699
-3420
5892
3759
-3125
-739
2100
7516
2907
2605
8743
6108
1820
-9372
1090
4640
2726
-6675
-4689
-1392
734
-6763
-3051
-970
-4096
491
-2466
1781
2101
2715
2024
-5897
-9060
3740
1281
9198
-7421
3105
74
-3773
9202
-1986
-980
8047
-4337
5430
4888
6123
-3817
-542
1311
-7795
-1569
-5061
-9149
9930
5154
-4439
-7197
-1908
-6691
-804
-2795
4567
-1159
-5676
5056
-3794
-758
-1884
-1414
-4616
7379
-5528
-7683
1922
2304
-6483
3335
5318
5342
6837
8934
2193
-3818
-2655
-3650
-5330
-6547
-7026
1975
8062
4637
-8556
-983
1396
9576
-7755
4823
6657
-4633
-7884
4463
2331
-2196
-71
-9156
2334
-9081
5684
9802
4616
-1739
-9469
4547
5585
-498
5051
546
4061
3067
-104
3268
9796
-9859
9378
-9002
-2940
2139
2629
5881
-6031
-3781
-3732
-4523
5602
-5897
-6224
7214
-1812
-465
4414
626
3761
8547
-3449
-8417
-343
-8224
-2845
-3059
6033
-9327
-7542
4473
-8707
-6030
-5787
75
3205
-1933
-5827
-5033
3251
8401
-412
2070
3513
3452
-3460
-7538
-6480
-3061
225
-905
-9018
-186
-760
8210
5925
2913
5812
-1923
-3043
-4107
-2234
-8700
-4729
-8701
9524
1352
-9419
2027
4323
-1121
1656
-4272
7347
3344
-498
6754
9776
-155
-4410
4339
-4229
-4533
-2461
1923
-2305
-6203
7494
3152
2045
9734
8348
-9563
-4099
-423
-3211
1610
3666
-5344
-7778
1256
7102
3193
7099
3755
3193
-7710
1258
-8763
8731
-9282
-113
-7194
-2108
-6503
8955
-4454
3039
-1206
-9178
-8033
-6157
-5365
-6282
5952
3413
-5739
-4462
529
-5449
1716
5758
-184
-19
-7307
7040
-1308
-2520
-6268
4131
-9791
-5823
8241
6648
-1830
-7057
-4617
-2072
-7569
-8476
5708
850
-5171
-9371
7200
-7461
281
4342
3735
8249
-2139
-713
2568
-3905
7538
9078
-7676
-1649
9257
-2403
-8469
9287
306
-1215
3805
-6945
9914
9858
924
-1790
8678
6471
2135
2819
-3910
-8467
-6939
-2035
-3735
-4266
4228
-2306
2937
5503
9125
-7192
1151
-5478
-3008
-5509
-5595
3655
-129
-1043
770
2029
-8939
1041
8463
-9820
-2240
-5343
-628
-7520
3387
7779
2718
-3494
71
-3871
-2406
-5050
-6956
2588
2881
1697
8675
-4774
-2044
4181
-1016
-3866
-4177
9170
-1234
-1973
-1993
7471
659
-6126
1752
-1275
-6002
-4321
-6750
2940
-3480
8262
-3127
-3862
-192
1452
7997
96
1512
8332
1034
2633
-5783
8716
-1532
-9668
-9126
-8290
2614
-3997
4194
-3157
-5177
-5598
-2942
7247
-9582
1626
6180
-7202
6193
-937
-6849
-5484
313
336
384
4174
-2120
-2188
-483
5283
-223
-3819
-9481
-6186
6251
6306
1399
-6036
-703
-6530
-1862
-4654
-1008
-5462
6125
8190
-705
1551
-2386
5984
7669
-3926
9415
2839
-413
-7917
-6963
5894
-8463
2089
5627
8624
6317
-9443
6615
-6479
-3577
8226
3173
-1864
386
2774
-3781
-7566
1313
5436
8411
8192
7594
4552
4424
-3476
4294
4666
9967
4466
3808
2698
-8587
-2032
-4882
-5049
3195
2104
-6844
6385
6527
707
2962
100
-8035
-6830
-4848
-2399
6483
9664
-6489
-260
8200
7216
-7445
1278
-3349
8929
8794
-2411
2657
1966
-2128
9879
5262
2412
719
8559
478
-6527
-454
2591
-8054
-3427
7853
-2485
-4793
853
4981
7565
-2874
-3126
-1429
-2377
-4228
-9234
-4445
-7635
5371
4561
-7029
-5947
3121
-5408
7181
-5975
-8234
-1091
-5855
-1432
5411
4588
-6759
-4739
8137
-609
2158
6259
-2446
9212
4032
1542
-365
4406
-4795
4184
-2299
8989
-8583
5200
-4126
2789
-8062
4698
-8266
-4666
7361
1294
-2466
-597
8245
-7946
3776
-4441
9085
6980
-1362
180
2949
-8291
1699
2397
3173
-7984
-4413
5600
-6001
-3838
-9682
-7043
-6284
-3154
1211
9346
1042
5536
3697
-5837
1515
9690
8082
-2692
-5143
6800
-473
2649
-706
3434
-667
-165
3384
-595
6793
-6809
-7552
42
-8395
-1026
3674
5834
-7509
5268
-3676
-6338
-4463
-5917
-3520
6889
3889
-6063
-8559
3236
6325
-3214
9155
-4751
1504
-7070
9400
2974
-6470
-1364
-6209
2201
479
-451
1934
-4719
-3729
-4870
-4224
8872
3364
9642
7920
2476
-5894
-530
5971
-3051
-541
725
8143
4408
-3309
9097
-8641
3114
-184
-4065
-2298
-4569
692
5004
-6759
1792
9040
-9463
-6801
-719
2125
5751
9503
-9278
6381
2136
-5592
-3979
-6540
-1397
103
-4916
3902
5235
-2792
6422
-8542
243
-235
-2185
4173
-7353
4434
-6698
7005
-5601
7709
2515
-2867
-7677
-4871
2503
-1885
-4250
2134
-8511
1035
5645
2863
4216
9360
-9818
8843
-8331
9641
8557
4443
-4277
-1936
-9786
3049
-9650
-3901
-8038
-937
8385
-158
-7789
-8056
-2248
6939
-8575
-9087
8868
-1915
-5026
-5978
-9752
2911
3125
-3774
2931
8030
2356
4410
-4153
-5754
-8763
-9230
7224
650
8007
-2882
-24
-9915
5558
7999
4938
-8634
-1104
-4269
8447
-9750
-6056
-5120
-3226
7352
-6140
-2170
6664
1950
-3732
-6495
5018
3605
-5141
9130
-2163
361
-4157
-7483
1795
-7035
8205
5451
-8934
-9016
-2754
-5877
-1256
-6272
-9206
349
-4783
-2718
-9648
-9633
1929
246
4697
-1672
-1799
-2007
4050
-6115
-631
-6139
3504
-510
7921
-4480
-5193
9494
-9417
-8695
-359
2398
6776
-6530
-3376
5706
-1363
-6590
5861
8180
-902
2542
7470
7017
-3960
9921
702
9660
-6177
5454
998
1880
7072
6098
5485
5722
-6490
4078
-4416
6051
-5030
-1228
6925
275
6314
1968
4739
7434
-5713
1196
1768
8349
7214
5507
-1667
1226
3105
-5339
-7233
-9439
-145
-3237
559
1513
582
3748
-7182
-3581
4310
7761
2466
5132
8562
5144
4213
5062
-2772
5767
-6989
-8206
5671
-564
-4787
-6412
8601
6758
-2509
-5086
9969
-2008
7169
-870
-9869
4047
-5304
-4355
-2122
-5415
2037
2941
-6631
6162
-5780
1510
1820
9916
2070
-3655
-3904
2351
-7394
1243
-3342
-5039
455
8856
-3721
4350
548
-2989
-5303
4345
8345
-9036
-9815
8055
9614
-4110
1688
6949
4616
-731
5442
-2045
-6497
4171
-8634
2840
6677
-7758
-9626
2629
3427
6250
8337
2138
4400
9263
5300
-9885
8805
-1375
5285
3096
-3837
-7306
2063
1490
8167
-7225
-3965
-1965
-5890
-4862
5774
-5543
9484
1468
-6958
9582
3807
-8146
-160
9044
-9864
-2207
861
5861
3436
8157
2929
2755
5552
-5758
-4239
326
-7830
-8965
-8802
-1563
5155
-7583
-8931
-2551
5206
6699
5737
-2422
523
470
6708
-6123
1478
-6351
-5789
5727
5458
-7819
-7963
7738
9088
-511
3502
8115
-6522
2503
-2386
-6846
-4028
2530
-2483
4306
-2336
8660
6133
6649
-1477
6680
2380
2111
9510
-5500
7063
-6203
-5057
3296
-2808
-2982
5826
6941
-5863
-4785
2727
-6832
-4416
-4660
9812
-6826
9756
-1290
-2619
-5178
-4847
-7275
-3466
-6375
-4216
-2219
6438
-2979
-7769
8128
-1876
5708
388
-7073
-6908
8220
-1048
6582
7120
8283
6125
-2843
1474
-4650
-1332
-2113
-9882
-2458
-9501
4288
-5391
-6539
3944
-489
-9667
5593
1773
2788
6814
2633
5270
-2023
4316
3590
3222
368
-659
6527
-7971
9814
-4497
2533
-5366
5424
5159
3406
-5764
-4687
2317
9451
1524
-8469
7902
-4260
2782
6463
4750
-9987
-3127
-764
-419
970
9956
-3628
-3935
6964
316
-5637
-8623
447
67
-3663
5646
8719
559
-4225
-3041
-2446
6301
3647
-4021
-5238
4644
-2998
-1217
4438
5894
-3597
-5579
850
4227
-1913
-4852
9155
-552
-8269
-4986
6308
5863
625
-324
2507
-9211
8134
-8445
5202
1585
459
-9040
2784
1457
-7601
-9362
6879
1664
1684
-6398
6779
5537
-5274
8816
4581
2037
-6612
2740
-8571
-5911
2148
-8490
-6358
-2399
-978
-8682
9628
-1031
4839
7129
-6550
7981
3899
1619
8926
-5125
-6366
568
-4457
1423
4178
3281
-5557
2976
-471
-6339
-561
-1953
4017
-8847
-384
-4989
4663
2463
934
6322
-4512
-3547
-253
7216
-2577
1722
-3250
832
3719
-2063
-511
-2487
-8361
-6379
-8841
-623
-9673
-1234
-3521
-8457
8527
9366
-6846
-4947
3391
8408
3073
-3590
-2533
-3979
-9459
8654
-6796
5440
2781
8071
-3377
1658
6518
-666
-62
-5233
9014
5138
3069
113
3449
9522
-3760
7223
-437
-3706
293
5055
230
-3264
-1687
7617
9923
4716
-5101
1874
4963
5584
-8308
6894
7611
3021
4299
2605
122
-7849
6133
7164
4742
-2005
-749
-1156
-3546
6751
-8916
4611
-663
456
-4921
2442
2200
8333
1940
1801
5991
576
9943
-5987
2072
84
1874
4190
-9371
1989
5443
7003
7939
8401
-4440
-8474
6294
2294
5336
-8255
4651
-535
-9838
-3112
2518
-5747
-3193
9202
-1380
-2923
3689
-2100
-5791
5640
8383
4738
-3637
-5770
9281
-6328
-5884
-9686
-1347
1317
9246
-4950
1729
-5743
7273
-1220
19
7673
-8380
211
2186
-598
-5722
-9631
120
-4410
-4430
3650
-2154
-1971
-4215
5349
-7720
-6408
-1446
6619
-5598
-3630
4211
579
8880
-5826
747
-7022
-1803
4445
3733
-9658
8764
-7449
5760
-7104
2413
-7909
3844
1198
-9124
2165
6078
194
-4267
-2203
-7246
3589
3156
6014
-1576
7732
-4355
9305
7428
-9206
-5760
5330
-9361
7144
-2011
-5631
-1995
4541
-5931
5896
-4664
-3562
-910
-9742
5362
1900
-6988
4946
3257
-355
-3715
5552
7211
-5667
-7601
-3247
6405
-8941
-7570
3311
8948
8302
5470
5586
-6398
-9806
-4453
-2163
-9045
2381
-652
-6272
-8541
-7222
1313
-2059
-8225
1382
633
1919
7244
-7778
-9320
4746
-9051
-3123
-544
5825
9419
-1729
1407
2683
4088
-6737
-1712
-6829
-9717
3896
-2273
3197
-9113
-4452
764
-1564
-8398
-250
7077
-7226
-21
2677
5405
4024
9711
3208
2407
3247
9380
-7448
-2166
-292
6089
1725
-6415
7505
1279
-9718
1980
-5129
1295
-6958
-2912
-6389
-9078
-6589
-7276
-4847
-8360
4680
3256
2990
8371
3663
7202
-1491
5581
-4705
-4227
-1402
-639
7581
2076
-3635
5527
-2453
-9034
1822
-3323
4537
-224
6107
-8992
-2421
5115
8345
-3720
-5559
-8016
898
9120
-854
-4378
-2657
6951
8652
61
-5303
-149
2664
9454
7931
3415
8524
-2224
2139
-7867
-1893
6851
4848
-3557
3274
9612
4370
-8157
9592
-5051
-4432
-8290
-6481
1923
-8315
-9632
958
3061
-8721
-808
-6948
848
9298
-8645
3996
-8892
-2802
-5715
1568
-9841
5603
-2204
586
6535
5418
187
-1161
-5625
5314
-223
-973
5527
-3524
3519
-1778
1367
1928
5848
515
-4335
-2173
5434
9454
-3483
7304
-9948
7296
-7310
-1048
8234
3740
-9901
2487
8241
-4267
-9909
-2019
3537
3644
7917
-5413
-6780
4297
145
-1956
394
2418
1934
9946
1211
-7357
333
-521
3348
295
9871
-2055
2799
328
9594
523
7960
5281
-8201
-6857
7002
-7937
6777
-56
5983
4899
9385
-9188
5666
1284
-130
2704
3307
-5026
-1671
2816
5538
9186
-5678
9295
-3427
8806
9859
-5410
9757
8689
6085
3834
-6792
4880
1857
7700
-9803
-5162
-5827
1698
1398
-3186
-4149
-9299
3326
1289
557
3848
-6411
3162
-7096
8047
-2366
4456
8247
2834
-5689
578
5977
-126
-3462
6458
-3911
7472
-1025
-4663
5233
-7999
2802
1554
-6619
-5612
-9355
-9383
9120
-2616
796
-1188
3128
-1895
-2420
6157
-8381
3774
3923
1215
-3424
7556
-8851
-8167
9111
-1557
2819
-8978
1952
-2950
6501
-5807
5420
-4183
7673
1019
5120
2967
812
6191
435
-2456
-1086
-6026
7113
1818
-5287
-1695
5444
-7461
-4224
4111
5817
7251
-6032
4800
549
-3051
8387
7276
5936
-7676
-5791
2397
-1845
1943
7791
4454
6668
987
-8585
5884
-3330
-2804
-5376
1690
3291
7592
-6926
-3861
-4072
1805
-3800
-3894
8840
2223
-4560
-2290
-4260
6186
-6921
4230
-6217
5006
-2075
-5426
-880
-9200
1095
8294
7397
-495
-4411
-9853
-7111
4798
1285
2070
-9865
5027
-9342
-3545
-4031
-1714
2518
-9283
-4717
4784
5622
-5419
5263
1165
-717
-9465
-4511
-6400
7350
-5324
-8028
4571
-3476
4574
3611
7925
8616
1331
4515
-8102
-3630
-4884
3530
1247
9469
-8915
7878
-1915
-312
8820
2501
479
-8617
8875
8192
2016
8092
9332
-7016
3964
-9930
-2511
-4806
-9284
-7588
-3568
2237
999
-8399
3026
4407
-3203
2017
263
5135
-479
301
-4982
1997
18
-7186
8919
-8483
7201
-1399
6283
-3374
-9383
-7166
2430
2918
2675
1083
-6103
6214
-420
3017
3166
-5664
-9720
-8462
-1449
-3448
3162
-4508
-7969
-941
-1247
7263
-5727
6504
2623
-4650
-7707
9023
3844
-5450
9458
7011
-3773
9082
7907
-1414
3025
-4470
1238
8012
-4443
-8213
-9325
381
3330
5419
-1453
-9778
612
3692
3452
-1602
5427
4464
-759
686
1891
4489
-2596
8899
1598
-4279
3380
-3613
2179
1972
6649
1721
5360
2131
-9188
-9433
7408
9298
-9027
-779
1311
9415
6624
-2835
681
-1892
9268
3825
-4926
-4911
-9794
-8148
-9285
4736
1713
-8934
8526
3809
5721
-6222
-6469
-844
-7148
6352
-723
-6840
9828
2033
3792
-2453
8970
2075
5427
8772
3138
7864
-9041
8450
-1958
8680
2222
-4650
8844
4505
-8912
9999
1950
-5917
-6751
829
-4080
2262
-3283
2410
4456
1808
-4941
6582
-7264
-5783
-2089
-1796
7750
-8942
7024
7615
1518
-4932
7239
-5223
5162
7887
-1197
-3665
-7565
696
-4900
5509
5304
3741
5544
-3351
5666
2349
-9412
9127
5595
-2919
5735
8466
-1103
7717
-9282
9497
-5750
1413
8286
-3992
764
-4409
-8568
3742
-2737
-6508
3730
-8627
-90
-1661
7184
1319
-9885
9540
5867
-1911
2048
-8935
5659
-8367
-6795
1301
1835
6658
-6660
-6498
-7758
3735
-9289
5374
-4305
-6914
5858
1087
5327
2181
7657
-3575
634
-6587
7685
-7187
-7680
5297
-4759
-7753
9100
-7457
6875
8497
-4168
6615
3180
-3037
1387
1787
-674
-2724
184
4536
-3554
-8573
-2814
-3899
8705
9172
-4872
-5396
2649
-5913
-6092
8445
5423
1061
2778
8604
8205
-9722
6123
2527
-137
-527
4102
-9389
9274
-4297
-5828
-4823
-5485
-890
3297
1477
2771
714
-6914
5388
-6421
-9479
-2567
6883
-5409
4888
6962
-6077
4369
165
-7294
-8818
6237
-7916
-1778
9590
-2361
1852
-2357
-8100
847
-2769
-2282
8916
-3398
-9898
4379
-7898
5287
-7963
-7163
-5926
3506
-7945
1051
-8264
6146
7261
-7557
-3931
8333
1988
-7894
-3835
-1972
-4543
-4168
2481
5470
1601
-6330
-4079
-911
-2469
-5726
1609
-8758
911
5502
-3476
-872
-4281
7930
5955
8630
-7858
5817
-7665
-5373
-2814
9224
3976
-5998
2264
-7926
3975
1964
-5365
6480
-3021
-7150
7835
-5565
5821
-9281
9838
-8503
6840
-2775
-1355
9815
-1127
6557
2160
5997
3105
-8923
1361
2704
5018
8238
-1029
-8286
8151
-4168
-4069
-8740
9391
7488
-1363
7385
-7071
-7741
-1199
-3872
-3551
-8424
8624
-7620
-4536
-4162
4241
60
-4319
3188
5307
-7587
-3397
5786
-9189
8447
-9908
8016
-1959
-8069
6823
8457
3863
-9356
6749
1737
3369
-1560
-4061
1992
-685
6981
-1619
3862
2660
257
-4233
-769
4689
-8532
6774
-9115
6484
-4823
-8916
-261
5858
-3922
4391
7047
-8681
8669
2979
-7840
-6211
-4113
8949
9769
3397
-4719
8097
6519
3402
-9473
3363
-5476
5578
-7137
-3243
6837
-5086
2721
-959
-2856
-7167
-1477
4187
7568
-6245
-1217
8992
-4809
-3360
6965
-9136
1165
7302
411
-892
4313
-4768
7022
-2119
9449
7242
7184
-5805
-9536
-2728
-5163
-5999
-7413
-989
-3349
583
-6712
-9711
8296
8979
-489
-8220
2962
-2181
-5033
8613
-4112
-9509
1610
3866
8449
-5485
8845
8845
6458
-5003
-9208
4377
-7231
-2202
8992
-5898
454
5938
-9684
2341
3373
4890
8344
9606
-6931
-234
1246
-1998
-6687
-6618
-3762
-6320
-8139
7952
770
8058
-4601
3027
2476
-7170
-4205
1019
-7392
-6458
9078
-7557
6758
8123
8820
-8964
-9652
-5121
3282
7274
7860
-379
-7877
4575
-7164
1872
4888
5937
3771
-2787
-8916
-7875
3159
-9153
-4849
9581
1799
-874
1363
-9775
1351
1381
1989
-3552
-4101
-5076
7727
5189
-885
-1407
-7910
-6633
-5789
-8861
8656
-101
654
3658
-5682
7427
-4458
-3212
-1416
-7216
719
1428
-4915
-6230
2564
-1953
-8468
280
4606
-515
-49
-8577
7955
9545
-8462
9035
-9971
-8541
-8327
1130
-7970
-6152
9810
6440
-3503
-8578
-7718
4331
-6411
6151
1018
-3004
2548
6644
6699
-6640
3691
5949
5480
5005
5723
-2756
6323
6706
7972
-6575
3578
1804
6524
5011
-2399
-2771
4741
4842
-196
-8188
-7613
-1383
-9033
-9806
7743
4297
-8427
4503
746
-179
-9857
-9863
-1424
3330
7019
-6504
4428
-6032
-5300
229
-616
113
7971
-9952
-2747
8899
