16290
3020
-7537
-8210
-7435
1867
-9415
-4237
2621
-9830
794
8860
4917
1585
-7350
-5190
-4533
5551
4276
6511
-6878
-5243
5953
-7139
262
522
-337
-5004
7459
-2149
7966
6808
3514
-6075
-3904
-6220
-4029
-1343
1555
-6862
-3193
-307
-9633
2228
4147
-6398
9097
3972
-1224
-2649
3249
-446
-3077
8690
5879
-6645
3315
1706
4370
6081
-581
-4132
3650
4947
1858
5462
7703
5458
9758
9153
6856
2224
1230
3365
3901
-6535
-3115
-2316
6653
6696
9507
8184
-3916
-1225
2080
-605
1176
3394
-5224
7857
781
-260
3304
6522
6914
1134
3555
3003
-3206
5233
-7663
-54
9734
-6531
5558
-9550
8743
-5805
3347
4655
-8582
52
7711
-438
763
-4154
-7820
3999
-5540
-2761
2753
4912
9160
8186
173
-7916
-373
-1321
-8007
3158
-8787
-3970
-3749
340
-6026
-8736
-5240
4185
6385
9776
-3507
1230
-6542
9702
-5824
-9772
5614
5036
-2438
-284
-7185
2441
-2994
-2345
-2755
-6162
-2667
-6695
-9070
1953
4363
8460
1392
-7202
4961
9455
-105
-6634
1977
4535
271
4734
-7084
3056
-8988
1266
6071
-224
-1113
4490
4720
-1326
3614
-444
-2332
-744
2624
-5316
2819
3275
2162
-9126
-4683
-6188
-2488
-9278
-451
5219
1973
-7688
7022
5729
6927
4479
4618
-9451
-8026
9902
6307
5877
9101
-1237
7771
434
-582
-4818
1715
1613
3785
5418
-3471
7864
945
4905
2182
2796
9636
-1168
-6363
-1275
4048
-6787
7357
-8849
5796
-1903
-5349
-1127
-843
5845
1257
2124
1549
987
436
-3282
7373
9688
7930
3069
-7535
-131
-7097
4422
-7907
9060
-9131
-45
-6544
7281
-5571
-1661
4331
-7802
4010
338
-3204
1572
7058
-6542
-2353
1304
3637
-8022
3930
8656
-6332
-6970
-9467
9569
6790
-1596
606
9630
-60
4239
-6548
3244
-8929
4057
5661
1847
7004
-8309
-7618
-4856
-1280
-1084
3011
-7783
-1740
9014
2128
5844
8519
6479
4660
2270
2362
4585
-6474
1002
-55
-7337
-3100
-6284
8752
3971
8940
8698
4940
-413
-7425
-3089
-2703
2100
-2903
36
-6910
-7752
-4546
432
2310
-7833
-2229
-6312
-1874
9269
-7174
-6906
5295
-6781
8647
9128
7870
8996
9296
3173
-9515
3100
-1632
-771
3330
7079
-709
5094
-1619
-4717
4902
-6945
911
-955
7103
1700
-7939
-7929
9324
5378
1770
8519
4185
4296
-8906
7751
4788
-5389
8712
-6552
2256
9919
7770
412
4791
6377
-396
8961
1157
6110
-4400
8870
4417
-5470
8626
9069
2755
3574
5676
5551
-8240
5208
7889
-4400
9707
-7865
-7938
106
933
6567
-9599
-7974
9906
6482
-9611
3963
-9136
238
8918
7155
4966
4786
-8148
-3444
1756
6496
4776
327
-8868
4921
-4878
9808
326
-7644
-7416
2923
-2917
-9713
4026
1177
-9543
-5393
-3468
-8893
2695
-4145
300
7534
4317
-5460
-4219
-8266
-7230
-5917
-7070
-3129
-9627
-9835
2867
-6108
-6230
2861
3210
6404
3146
9022
6085
-5891
-2403
5308
-4716
379
-9239
9661
-2580
-1369
4453
-4397
-5516
-5134
7386
5247
2817
3188
-9521
-5558
9691
2814
-8587
-2244
7204
-4326
-718
-4229
201
-9626
20
1015
7930
5312
-9789
-7397
-1931
7375
-3203
1321
-2147
-1136
4285
2826
-6065
-5112
-8640
3614
9320
-9738
-3542
-5733
4395
6412
1581
-5662
9504
-7572
-9455
-3042
6157
-2805
-6465
-1205
-5467
9256
9444
4689
9825
-2232
9356
9745
-4532
2773
3887
3248
-2849
-2355
-4125
-732
-5957
-4937
-2865
-3280
5037
-8255
9849
-3548
-9056
7132
9973
-2322
9897
8359
4388
8273
7717
-3936
-3160
-2236
4592
7569
3310
289
-5119
-2432
-2217
5075
1852
9972
7751
5599
4376
7327
7891
-6366
-2621
-670
7385
519
-8440
8730
3562
-4563
6007
-9558
7510
-9727
8483
-4176
-554
-7362
-6925
5221
9770
655
-7968
-9828
432
-7332
623
-1943
8356
-9048
-5080
-500
9688
5859
-1413
-2049
4189
-757
-4874
7850
-8966
-7160
-6316
3826
-7182
-1674
502
-2573
5951
5801
5960
6486
7967
-457
-6043
3486
-2179
8028
-7831
8393
-5322
-4494
681
-1492
85
-6558
8998
8013
7981
-1099
6437
-5084
3043
-807
899
-556
-4197
6740
-648
-5060
5846
2469
-4868
-9788
-9334
1848
-8943
-5273
-5387
3191
9904
8111
3020
-4666
5661
5835
6286
9332
7635
1721
1802
-2417
1742
5704
-6552
4123
-3344
-1054
1279
4938
9322
1158
-6871
-6975
-9773
3087
2713
7009
-1810
-5783
6509
-2835
585
-1105
-2926
1010
1962
-67
4887
336
8097
-6572
-5093
-8993
9810
1978
-6985
6552
-8668
5118
9606
-9562
-6359
3377
-1475
-9553
8324
3238
5733
9369
-6510
6154
-7442
1438
3219
-9123
9178
-6040
2827
-3328
-8533
4452
9413
3003
4247
532
4045
-7063
5839
7493
6220
7844
2072
8700
4174
3853
-2429
4357
7655
-8606
-882
2627
3319
7241
1772
-196
-4088
3381
-2482
539
6479
-4827
3615
8213
-9220
-696
4275
54
-1779
-6242
2017
-9940
466
-7598
-5734
-1575
6109
-7570
689
3492
-2742
6428
4939
6846
3529
1074
1906
3243
4118
175
-9625
-2569
-7062
-8846
2529
8613
-7859
5970
-1123
-3553
-2696
5313
2131
-5171
-4022
-4737
-7428
-1183
-2830
4871
-9014
6872
9837
2108
624
-15
3949
-8148
-860
-1762
3440
-5948
1483
-3706
-8650
-8962
-5043
-5828
3202
-410
-3909
8234
-7869
7059
4107
-2573
3096
5375
2990
8808
8728
-8321
-5533
-6617
-8730
2157
-632
9378
4437
9356
-6765
-2388
9720
195
1664
3165
-8217
-367
6120
6746
7149
-6474
-2755
8369
-8091
-3047
7670
-1934
1536
4690
4057
-6563
-575
-3740
7139
-9654
-5805
4114
4806
-7923
-9742
-6349
2385
-2382
-3358
-9617
3995
-366
-2526
8311
4444
-5402
1359
-5503
2108
9366
7152
2576
8329
8683
-5768
9521
296
-2291
-9065
2723
8335
8430
6482
5562
853
4503
-3418
-7120
-5282
-32
6073
-3681
4121
7778
-3071
4306
57
-3260
9183
6540
2883
-3713
2847
-9310
8074
-4027
6105
-6857
1969
1357
-539
5637
-4167
-3948
5154
3693
-1839
-5022
-4475
5815
5913
6244
-149
8608
9698
8656
-7850
-9075
8753
-8570
337
-1208
6310
-1176
3835
9590
3423
-4827
-9590
-6526
-8935
2232
5457
-1280
3934
8192
1306
-994
6647
2288
3150
-1810
4212
1742
4376
-3336
2843
-7403
9201
5543
1405
2484
-773
5010
6413
2244
-7230
5462
8977
637
-260
6163
-9488
5093
8307
5339
-7099
-7093
-4213
5173
-9814
-1117
-1806
-7743
5657
2181
6147
-2938
-1610
-4907
-4645
-189
-6919
6023
3503
-3573
-898
-4825
9397
-8240
7225
-2888
-9485
8984
-8007
-4466
-4408
9213
-616
1823
949
-8583
-8644
6020
2066
-9047
-4099
45
1201
7817
-8826
-4548
3781
6270
7651
-70
2742
-2639
-8552
-4798
1607
543
-9796
76
-7886
-8982
-3840
-7477
4328
-4637
-2991
-8970
9707
395
-1069
9320
882
59
-7579
8144
-9859
1569
-4630
8582
5320
-4337
7034
5
8412
-2339
4776
-4488
-690
-5948
-6125
3256
1963
-3548
3323
-9148
5115
100
-163
4928
-2992
2432
3737
2839
-9319
-3184
-5667
2714
-4058
8042
8101
923
-9814
4246
9040
4112
4013
8711
3740
-7499
-2682
7652
978
4290
3057
-9163
2478
6718
6792
1890
8683
4634
1116
-2419
4283
6933
-5911
4654
3917
8463
1995
-5300
4219
9037
-2333
-6672
-7514
2233
5769
3985
-4078
1471
961
108
7056
4758
8471
5443
188
5464
4192
-4303
1796
-3490
-6412
-8831
-9884
2233
-8952
-816
-889
-7896
-367
102
8371
7510
-565
3080
9311
-6860
-5412
3286
-5279
-5436
9286
-4477
-2810
9392
6938
-4254
-3775
5687
6300
4299
-9653
7888
263
-9885
-278
-294
7521
-4689
-4911
8061
-9276
-4981
4935
-9092
7507
5159
-2988
-4460
6761
-3021
6346
5939
-3711
-9232
233
-8114
-2336
2331
-7988
1186
-5043
5068
2449
7438
-3676
8420
-3014
-2179
-9824
-8462
-8578
5419
-8401
9283
-6575
-2894
-3405
9007
-776
3964
-9652
4596
5556
-2146
-4057
-2739
3837
-7151
4726
-4552
-2898
5527
-4206
-6424
-1637
-2637
-3564
3331
-2022
7138
-1019
-179
-4895
-3580
-5089
5869
-9459
3994
-6106
9369
-5001
6752
-965
-499
3836
-9913
130
2025
-1035
1738
4682
-1305
-2086
1725
5773
-9714
-4280
3579
-2919
6616
-2902
4874
9113
-823
-8980
-9290
-7728
-2349
7842
1898
-3952
-9359
8952
-4933
-2191
-3688
-3743
-2399
-7301
3702
6853
1176
-7434
6705
-3804
9516
6820
1449
-9928
-9394
-7455
-8381
6702
1303
1069
1987
-8875
2212
2106
4023
4509
8352
-3949
-3653
-3489
7336
3452
-9688
-8460
-4013
3992
-3234
2215
-8386
-9170
-2590
7020
-6473
1192
-8568
77
-9570
5125
1768
-7972
8776
-9312
-5188
-5138
-1345
6764
-9113
909
-9932
-5153
3029
8192
-1225
1941
8317
5948
6557
3907
6285
-3321
1214
-6857
-1918
-5118
2716
803
708
-4239
2099
1250
9558
-1375
1446
-5446
3734
-2437
5792
6943
3059
-5187
6929
6196
-7082
90
-50
8380
-2426
-2880
-4697
-4267
-3142
-3613
-2203
-2327
3935
-2916
-4909
-2636
7426
9162
7348
-1794
2704
1430
-9695
-861
9756
4761
8187
3377
2261
3463
9001
-3693
3726
4898
-4747
8838
4205
9939
-8038
8381
-700
91
8990
-9799
9864
5033
7886
8595
3341
223
6036
5593
6900
814
-5627
2395
1333
-5223
6450
-4413
-1031
7610
5981
1212
4473
5831
9349
-5260
4112
7673
2338
-223
5260
3064
-9261
1764
1992
-6854
-879
-7088
-4915
1557
7020
2445
-4425
3384
9825
-9526
-8513
1250
-8873
-9528
-4899
-745
4871
8135
2907
5542
-9594
-6989
6564
-1061
-681
9444
7342
-4391
4020
5376
7652
1878
-5585
1183
-5853
-9739
6204
4064
-3986
-4610
-3237
-4288
7817
-1429
-7907
21
-4703
-9780
-3281
-5404
3452
6917
4336
-1560
3507
9584
2071
-190
2540
-8902
-74
-7447
2504
-6533
-6630
-7225
-3276
-338
4159
4110
-2991
-1425
-6138
-1593
242
730
-6856
-222
8729
4635
7754
-7954
4970
5423
9970
-8184
7374
-1771
-4317
-5492
1067
1444
-8463
4503
8194
8974
-6797
-5653
3085
8528
5763
-1969
-5173
-7785
9441
-4033
380
7308
-7664
-4485
8460
4195
5648
-388
-6265
117
-5427
4067
3635
-8242
878
8613
-1614
9424
-8887
476
-8948
-8622
672
4279
-860
-9968
2686
-1376
-5375
-310
-8374
-6271
-7786
-4199
-7722
-7069
6745
-6703
-3957
-8359
-7804
5154
-866
-4439
5587
-6272
6778
8970
-2059
-4403
-156
312
275
-6325
4972
5566
6748
6900
6659
1706
-2916
9444
89
5523
3528
-7729
-8118
9405
-2850
2074
-2125
-4716
-6864
4485
-9311
-3373
-4592
5438
1884
-2617
-3125
-2965
-3378
7469
-9418
-1223
8855
1299
-9818
5766
-7199
6552
-3693
-6338
-9706
1165
6608
-3060
-2376
-2498
6905
-7934
4806
5732
-6706
-3039
9606
-2508
-5927
-8228
718
-6723
9292
5819
6337
-6986
-738
3280
8528
1308
1705
7691
-4146
4451
-9185
3727
3510
-7946
-1777
-3943
1340
1473
9055
7195
-5001
-3965
2570
2363
7122
-1312
-8165
-6458
-968
2667
8060
-1965
-8728
-5940
2925
679
-9605
3986
-6049
-2537
-9090
-8556
6620
-1691
-9645
-7991
-7961
2140
10000
-97
-1034
8068
-2789
-6968
-331
-9137
669
-6077
-836
-2000
-4864
7584
-7751
5424
3285
5653
9442
9688
8382
3235
8820
2407
-8748
-683
-2889
3192
1540
7487
-9077
2791
3860
-465
-3146
422
6002
-4836
-5770
-8971
-5197
4005
-5875
-689
-5524
-5834
-7780
9138
315
-8501
222
5113
-5674
-8201
-5179
2414
5988
-1122
5841
8706
129
-4268
-9540
3531
-6396
4586
-3512
-5818
9643
6280
-8898
-8983
-6010
10000
4196
2425
-7553
-8407
-7578
-6635
-3096
-257
-5383
5652
-9488
7657
921
-5112
6147
8837
6567
2987
5382
9250
3558
3188
9585
9147
-1766
8073
3842
-1369
4950
9495
6828
-1044
4064
5285
9704
6631
-8990
5897
169
3356
1406
7587
-6892
6203
-1099
-2921
-3880
-1730
-434
4753
-4793
676
6008
5241
6321
-2088
4604
9316
6877
-9860
-3956
124
6373
-1779
694
8403
7602
-5703
8927
4431
-9998
7174
3229
9294
2000
6629
3494
-3505
3397
4251
1663
-8775
9767
-3089
-2684
3344
4380
2207
8490
7989
311
7723
-5859
-4624
8711
-4208
-9562
1967
-4864
8595
5167
7694
-7570
231
-3587
6497
505
-5785
5005
-1310
-7561
-7330
-9348
6987
6708
566
-9105
4522
-904
-1109
-367
9904
1459
9335
-2218
-7256
-3296
-9465
-920
6687
-1201
-3935
4362
-5284
-4160
6620
6054
1348
-4879
6349
-969
1253
1508
-5718
295
6935
-7600
7914
2864
-6430
3106
-9272
2930
6618
6822
-3349
2817
-582
7017
4596
-2465
9081
-7693
2340
-4191
3769
-5900
-3233
-6410
3303
-6371
-6968
420
8303
-1921
878
-7175
-7137
4227
-902
-1066
-1968
-2021
3840
1201
5347
-6644
-5913
4238
-9211
4985
9854
3427
4892
-6331
8462
-38
6806
8481
-447
1233
-6118
6229
3264
6097
8626
9008
-9542
4068
4021
3477
6866
2805
3590
1621
9577
2969
-8850
9846
3160
-4523
2686
9116
-8559
9411
3313
8253
3971
-3952
6589
2741
-8718
-8772
1732
-5305
-3152
5616
-2684
-6621
-4921
2506
-5376
7935
-8781
6733
-5712
7387
4296
1992
1369
-3632
-6485
475
669
-1283
3757
3230
-9000
-5242
3694
955
6056
3596
9245
7964
7290
-4459
-9426
-473
4458
-8586
-7759
5365
8031
7869
4178
-1153
3379
2353
3282
3589
2888
890
-8312
-3300
2008
3561
-5392
-2265
3078
9415
7480
165
4520
-6248
6299
6478
-4981
-5434
9163
-5021
1843
4886
-4320
-5289
-4478
-5295
-7692
9028
7401
-5872
-2470
-5048
5078
-2870
8798
2890
6435
6010
9452
5883
-3218
-1944
-9666
-2627
-1303
-7791
8829
-1910
-6910
1364
-5368
9499
8579
-1298
7205
818
-3832
-2463
9455
2625
9847
-4056
3767
-6637
-3524
6399
-5781
-1947
-6352
243
-7893
-4249
387
-6680
-8316
2557
4853
-6243
-3118
-1725
-3833
4567
-5571
-4379
-7447
-8603
9704
7666
-5329
5013
-7723
-6163
5304
-3146
-1552
-6075
8805
223
3981
-1635
6703
1617
-480
5519
-3728
-3561
8883
-5498
2314
2005
-4968
-9425
6801
8143
-2343
-661
-837
5013
6557
-5339
-4838
-7592
6320
-1545
5744
-4581
2482
7950
-8580
8260
2878
1533
-6583
9698
2394
-9326
-1089
5880
7687
3462
-4665
-3409
-5610
8113
6120
-8654
708
3654
5796
9514
-9983
2699
2900
-8904
1332
5868
5109
8481
-7165
7306
-6302
6578
-3711
6355
-6340
8827
-4326
-530
454
3091
953
1398
8898
-2244
4152
-5301
-2683
-3623
3736
7404
3175
9930
425
-6337
-5832
-6775
-7265
1920
-3779
-820
-8484
-5214
6605
-7658
5515
-341
1867
-6798
-2459
8240
1930
-7945
-4271
7420
8166
5564
9587
-7219
-2235
-216
-262
8973
-3028
2145
4697
2332
-9209
-2999
-4574
-2261
3729
6057
-4904
8586
-8974
-3259
3972
9521
7945
-6207
-743
-5003
3647
2816
-7206
-2893
-3282
-9579
4316
-1375
2881
9747
9127
2741
-7032
5509
8756
-4989
9337
-3298
9660
-3826
-8480
7322
-3073
5278
-38
8666
7793
9487
4738
3620
5900
-8767
1941
-6989
-8441
458
-2451
-5883
-7516
-8138
-985
-228
-1457
-4625
2210
-7873
7345
2358
-6089
6381
-5512
4635
9658
-8552
-944
8080
-1988
-3355
-127
5004
6112
6761
-5206
-7741
-2765
749
-818
-8654
-2525
-524
2287
3579
4685
1352
-8513
4519
-6699
7456
-1312
2822
6539
-6524
7078
2491
-3827
1634
4502
3906
449
2507
-8466
-6387
-580
185
1439
-564
6993
7381
-911
1311
-8522
4985
-4853
4958
-5432
-4562
8655
9226
-3845
-9653
-8576
9443
-3027
-8514
-6438
-5226
2716
5623
-7256
-7029
169
8946
3585
5304
-3502
-1776
-8095
-1893
-3737
-8180
3993
4069
2392
7125
6250
-9877
-6029
-5780
-7845
-3222
8982
5137
-8630
2532
1142
-7786
2065
9591
-2158
-5352
696
-9342
-9187
-7449
-9996
9370
7691
2146
2369
126
-166
8460
-5238
-2365
-9969
-7028
-4526
-339
42
7220
-2786
-9699
3863
-8958
1846
5641
-4975
-5410
8398
9562
-5361
-3456
-7424
9607
687
481
-7378
3535
9039
-1046
-314
2688
-6196
-9620
-15
-1889
8998
4436
9700
8637
-2086
6662
1967
-3451
-8987
3198
-7828
9887
409
-8511
7943
-2248
-9214
6062
-6669
395
7702
1706
-8079
4758
-1694
511
-9331
-3523
9319
9431
-8805
7433
7261
1747
-8335
26
-1108
-9177
8058
7350
-881
-9575
6409
-9534
-1297
-5847
-6131
2171
679
-1988
9287
836
8828
-5615
4219
147
-5385
4005
-9603
9798
1167
-1433
8481
8783
6942
-1923
-9466
-8453
-3642
2854
3609
-1467
-2908
797
340
-6240
5356
2748
5722
124
4617
-938
-3295
1374
6416
9618
7447
8622
8856
-4922
6240
8900
6032
-9221
1678
2538
7852
-6690
4504
7544
-723
-7339
3578
-3298
-4888
-4113
1673
-6881
-7820
5652
5576
9715
-328
6894
3706
3100
3938
5388
-3623
4780
5570
3347
-854
6103
-7127
7627
-6401
6988
5497
2868
4603
1369
-4988
-741
3989
-3439
-4729
-9163
-1282
-4168
6802
-2913
-2523
-9048
189
-5735
-2678
-9493
-1687
8187
-3304
-7110
-1525
-5626
-6382
3355
-391
8912
6063
-7116
-9289
9739
4552
-6266
-9267
-202
-3716
-6628
5409
1723
6635
-2442
5457
5141
-4513
9871
-2777
-9481
9066
-4838
7479
-4565
-137
7637
-2455
-1455
3919
9875
-4702
-7580
7671
-8859
-7541
193
-5171
55
-6671
9406
665
467
-7140
7548
-9982
8609
934
9345
8780
3746
-9568
-4761
-6549
-4740
6588
6504
-964
5999
4300
7936
2776
4557
-1536
212
-4778
-6187
-9762
4163
2964
-3547
3007
-9030
-1651
2384
2609
-7641
2319
7990
8585
-9438
-2785
-7695
-3118
-7012
4685
-2248
6777
-5990
9649
-9120
-2925
-7214
-3294
-8091
-8030
8140
3760
-9152
-3935
2361
-8766
-4846
-7902
8810
-443
-2680
8028
4167
-9627
-3677
-1546
-7157
4530
-3588
8348
-1381
-9327
-4816
4055
-6836
-1157
1016
-4806
-5071
-2792
-7592
-9064
5416
9945
-4815
-1183
-3965
4849
2498
9254
854
792
2657
9802
6364
-9003
-1265
3917
-8591
-9449
-1208
5937
-2274
3066
5187
4803
5353
-5906
8816
7063
-5947
1430
7783
6080
4711
-6899
6435
375
-1265
-8514
8063
-5
2329
8083
820
-5285
-1130
-1885
7535
-4099
3206
5115
8771
1851
-1301
359
9480
-4675
-7223
1717
8881
-4935
-642
-3041
7448
-7304
-6494
-6319
-2783
-515
7773
-7916
-5078
4742
2376
5309
-5579
1094
8867
-4360
2723
-5357
-1943
3817
7262
-8926
-3050
-3383
-1527
-5024
9
-7457
3643
7936
9340
6030
-8417
-2762
-1765
-6868
8245
132
9142
-2759
8894
5749
2534
-7759
-9847
-6259
-9062
-4593
-2014
-5988
-4956
6910
-3837
3474
-6729
7143
7079
5529
-9267
-3414
-8654
417
8678
3812
-1849
2956
6945
-9066
6731
8249
-7582
9366
-725
5087
-5887
1874
-1747
8651
89
-7079
-1910
-3217
3825
-9582
-579
-7187
-9899
752
-7995
-385
8870
-8980
-2492
-4342
6452
-7716
-3811
-9228
624
1319
-9554
3099
722
-9878
1465
7852
1719
-243
-6954
5211
9762
3059
7256
3149
9567
6231
-1650
7354
-5590
-8130
5393
4354
-9918
-8287
285
7440
5247
4383
-9299
4074
888
-3997
6144
-2830
-7698
-3209
-1222
6255
7415
-2812
-3479
60
-8289
-5227
4141
6791
7238
-9840
6530
-9588
380
170
225
-2724
-6842
-8809
-8682
7629
1182
4273
-4535
-9417
2711
5245
7594
-6561
-2791
-3488
3324
-6643
-3698
2914
-6126
3450
-2083
-3100
-7031
4066
-9018
8759
5258
4709
-7167
8004
-6849
-8237
-1426
-6920
7451
-8027
7164
239
9048
-2771
9055
5598
492
3832
-8690
1229
-2046
3508
7776
-4506
-3835
4130
4703
-385
-1282
5598
-9274
-4338
1079
-2824
95
6001
-7009
-6580
-5427
-396
-9150
-8741
751
1329
-6492
1283
-4151
9135
9161
-6971
-7066
-4780
-8116
-5906
1955
-7634
-2388
8152
4233
-6551
-8893
-2272
2156
-1816
-1971
-3167
2705
4101
4656
1268
-3281
-2487
-3259
6244
-4689
-7684
-8270
9874
5122
4157
-5792
7112
5918
-7386
8684
-9866
2200
-6406
160
7213
7380
1893
7770
-104
-7663
4414
-8760
-9580
-5965
-9504
-8386
5586
2978
-4995
7329
-7369
-3581
1666
-313
1603
6424
266
-8188
-4338
-4638
-2368
-5180
1337
-9599
-3155
-479
787
1079
9381
3179
-4911
424
4966
2899
6216
7200
-9369
3747
8987
7376
-5854
-5276
-2522
9140
-8976
7979
5895
-6903
-2939
5178
8653
-8397
7412
4154
5433
-3022
5598
-7428
-4808
-4145
3254
-586
7628
-7956
2177
-7789
-737
7230
-5430
-6979
-648
7911
6338
2172
7790
1714
7279
-6184
9741
-9534
6648
9853
4802
-2166
90
-9982
-8739
6122
-7392
193
-5113
9256
1471
-3382
-5844
-1183
-53
-4153
-9613
-7397
-7901
-5731
-2068
-9463
4726
7908
-6339
6477
-4782
3127
9774
9037
-8885
-2012
9250
1742
-870
9546
7203
-2161
-2840
-3799
-3546
2427
1608
3088
-4679
-1670
6032
-2461
-2849
2540
4338
-580
8125
9942
-9005
4264
6365
7776
1283
-7970
-3347
-4155
1772
5342
1561
9741
-6990
-369
-9220
-8313
7453
8173
6378
-9256
-1955
9129
-9150
-5008
4119
7060
-6023
6399
-9265
9917
4756
-4021
9031
3530
-4527
1913
722
-7731
8873
-4952
-7624
-1336
-3115
-7220
-2390
-3523
2133
640
-3140
4305
2584
1640
-9099
-232
3325
5488
2153
6170
-225
-4900
6432
-6730
-2026
5949
5256
8766
-5849
-5016
4842
5148
-9981
-8781
-5006
819
1107
-75
4893
3082
-3451
-9485
3527
-4620
2792
-4320
-9827
7305
9241
-657
-8023
-2717
-4999
-3468
-8925
2770
-3520
679
4135
-8131
5179
3615
-4560
6514
-4547
1620
-366
1784
1569
-6235
-1689
-9505
-2835
2347
-8164
-9899
-9786
2376
4465
-9835
6357
5244
2550
-8972
-5295
9776
-665
-8493
8290
8531
2046
7025
9750
6078
-6728
-4701
8236
-2931
-8740
-9445
593
8213
-6768
-8457
4817
-373
-2399
1520
-652
7667
-7196
763
-6434
-8305
-463
-4647
-2153
4971
1619
9254
-4773
-6191
-3148
9730
-6060
-6774
-1705
9983
6084
8860
7928
-8274
7195
-8368
5941
878
8365
-9649
4871
-5883
411
9010
1028
7859
8123
-3763
321
-9801
3580
9652
-379
-7198
-6719
-4717
3902
-9264
-5387
-2568
3521
-9515
-9624
2002
1024
5563
-2795
-974
-6971
-6256
5709
2997
-5214
-5517
-1982
-7145
6189
3529
-4041
7020
9505
-9905
641
-1398
-8012
-7827
-8039
718
6927
-6727
7610
-2595
6161
-6111
8397
1117
-832
2805
-6250
9241
-5000
-4724
-4103
8982
7794
-9732
-4628
-9512
4181
5806
1967
804
5742
-5112
-4477
3621
883
-5095
-1509
343
-4282
-5912
-351
-6442
8109
-2506
-727
-5715
1837
9614
8121
-7591
-7506
-9773
2166
6878
-8340
8360
-4911
8347
452
8328
-6766
3747
-4787
-6324
-357
-3885
-5130
-7246
3400
6910
-7160
-7585
4851
7690
-7834
-3437
-4250
-3160
8233
-5073
-6294
1762
-6206
-3905
-5364
7415
7300
8292
-4421
4946
2926
-5985
-3682
8678
1436
1311
-6404
2152
-2296
-6485
9025
-8951
5438
6125
5840
187
-7164
4237
-656
446
1143
-4132
-261
2852
2617
348
9051
6894
4263
2299
-9579
1181
3427
-3893
193
5122
7143
4259
1822
-5483
3257
3649
-9782
3317
-9489
1393
-3841
3705
-4890
-9467
5817
8974
-6997
-4884
-8660
-5142
-1738
7284
3977
9498
3366
-517
1486
-9798
-2734
1566
4602
6592
-8891
1246
4144
8907
3340
6862
-8836
-7051
-1375
9647
6888
-6705
7757
-643
1971
-6792
-1539
6045
7069
2685
-8699
-1566
-9807
3290
-1869
-2193
3152
-3613
-8143
-9178
-5224
-8288
3651
4369
-7892
8025
4702
-9359
8205
-772
-2886
-8407
444
7905
-6071
4159
-5083
-7660
-5806
6
8668
-3522
9746
8655
-5453
3340
-3462
-4841
-9784
1206
4005
-4157
6384
-3324
3405
8092
-7194
-101
3507
-8868
185
3008
-4951
2690
-1597
9711
7777
-8481
-3592
6962
187
7343
-607
6168
-1742
8702
7696
8867
8751
-713
9570
717
7824
-8157
6945
-2835
6382
9306
6540
-5834
6287
-7329
-3614
9913
-1158
-1591
8062
-1873
1039
1652
2023
-1206
7395
6010
-5451
2438
-2318
324
-4468
6846
-9783
-5593
1436
-9002
-2375
2381
-8238
-2233
-433
9515
-173
-9978
-8203
4570
8988
2934
-5364
839
-7221
213
2267
-9061
-3682
5
5148
-7910
7131
-9605
2718
1992
6321
7489
3688
-1750
-7369
-943
5173
-8678
-3957
3208
-8065
2201
-8607
-5443
-1088
-1395
-765
-8831
-591
1854
-2483
-2840
-2563
1212
-9347
154
5015
3036
3581
7563
-5977
-5273
6401
-5494
7793
-8467
-9154
-7454
-4800
-4307
9341
-5056
-7897
1410
-9548
-8776
-6597
8877
2959
-4891
-6232
-4764
-8534
-2486
5930
7589
1909
-7803
-4334
-7328
-288
-9690
-8558
-6586
-9497
5775
-2896
8420
7427
-8863
9385
-6273
1652
-2584
-2017
6760
8509
-5761
8665
-3368
58
-2887
-6464
3114
9666
69
4790
9881
7831
-2266
-6643
-3800
4288
-2376
-2539
2472
8222
3243
4634
9339
-1426
-2988
-7022
940
-4227
-8158
473
-3137
9459
2697
3092
-791
2379
-2248
5268
6191
-6853
-4942
2457
580
5867
673
2844
9934
-1793
9435
9239
2524
6250
-8783
-6058
-7988
5319
2467
-7635
-8200
-2861
7412
-1605
-4425
-9566
3482
-5425
8516
9048
-3382
-5714
4888
-8122
9
-3722
8030
8590
8387
-4054
5219
798
4400
8152
-8846
-6880
9501
-130
2826
3673
8272
733
4550
2100
9993
-3386
8409
1325
-5779
6123
6336
-6658
6581
-7437
-653
-9121
-7581
3220
693
-1380
-7396
-8485
1985
-2736
8838
-1914
9239
-7835
8001
-2329
-382
-1882
-471
2670
924
26
5445
7712
4829
6129
1107
7163
-8853
-1356
-2210
3357
-4813
6673
-5780
3198
4942
4036
9794
4312
-178
-3835
4034
3722
2475
4587
1436
1116
2652
-7686
-2194
-4774
-1772
430
-5501
-8417
-8992
493
4423
3932
-1409
-382
5194
8837
-4717
-2344
-756
-7368
-4769
7158
-4936
-836
943
-8268
-3587
-2407
-7350
-9086
-2189
-2134
8881
-1619
5068
8533
3537
-213
9427
-8536
8110
-1665
-9317
6706
8516
9616
511
-6191
1689
9102
132
8318
-7760
-1991
8960
-1734
7620
9667
9338
-443
-4109
3643
5435
5085
8405
4062
7563
9270
7398
-912
831
8350
7115
-7973
-9114
-9997
3651
6273
7494
8203
-4044
-2005
-7710
-7731
-2130
-8225
-267
5216
-9404
-4520
-7192
2987
2160
-2521
8991
-1987
651
-2523
-8575
348
-5173
-6700
7901
5281
-3017
6673
9684
6511
3218
1193
-30
-3462
-5799
5044
1249
-7216
7918
-9866
-6334
6830
-2971
1034
7117
-3405
3084
-7017
8870
-5869
9781
4304
5080
-3150
3628
6217
-356
7534
-1613
-2220
-29
-8034
9890
4022
9583
5965
-6342
-6739
-5685
4935
4818
-9813
4666
-2404
6633
2051
9208
4023
-2951
9777
-6965
924
6866
8467
-756
543
8172
-5777
5573
7648
-3354
5427
1103
-6948
-1283
-1862
8019
2906
-6429
5430
-9758
5034
4522
6866
3557
-139
790
2024
-6439
9629
-7103
-8437
398
-7972
-2824
6270
-6451
2715
9483
532
-9266
-2975
-4172
-7860
867
-9184
3412
1422
9460
9141
-6230
-7193
9839
-4531
8706
-8371
-708
7643
6295
-4424
6291
-8366
-7805
-6335
6153
9010
9108
-6230
7712
5741
-4365
1772
8931
-8628
4114
-8594
-874
8867
7322
-4193
4732
4059
8175
6311
-8912
7083
-1735
9757
5991
-4603
8725
5873
-8867
813
3844
-941
-3560
1091
-273
5944
-8142
2426
7680
3117
938
7742
2852
-3632
2954
4672
-6954
-8324
-9638
825
3179
-3947
9714
-1920
-9899
-1803
-9919
9889
9011
5237
-5423
5916
2394
-7385
-7336
8606
6517
-3409
9634
7432
-1999
-9910
1191
-7593
8785
-5093
9149
1413
5853
2114
-3960
-389
-8748
2935
-4010
2
1318
534
-6005
-3326
-4296
-4978
1514
9218
4684
-4689
1813
5869
-3721
-9258
1996
4936
6851
9341
8600
3988
8094
2408
9611
5011
9551
-3306
-7377
-2875
5154
4460
1007
-3489
-235
5060
-1880
1080
-643
-4034
-1061
5981
7086
-5495
-8802
1815
-4098
5008
7913
5311
-8000
3573
1020
-9908
-5503
-1346
3426
-4957
1791
3044
6674
-922
-223
-9816
-8007
-6972
4074
2044
-332
3786
-6674
6917
3090
-18
-9517
9568
-1650
-3963
-7529
-3747
-9425
-6610
52
3588
-5337
9325
-9403
7483
-2422
-6835
-4918
-3241
-7808
-4167
-6624
-340
-2713
6279
-3222
6179
-5920
-448
4486
6792
2043
4818
-7926
-8326
-1646
-7125
9045
-7395
-5815
-365
-2687
4097
-5079
-7569
9201
6368
2672
5242
-4644
-4093
-594
983
1764
1596
3545
8078
7712
-7280
-9912
9827
-817
-8973
-5244
-4562
-2899
-9259
-734
7810
-8658
1035
-47
-4464
6723
-1860
4234
-627
9007
753
7839
-5717
3767
7390
-1010
-2218
-3208
-133
-7339
3352
7412
9740
9657
903
-8554
-6399
-5644
-9758
9659
-163
8784
3967
-7898
9161
9889
3201
4025
2457
1454
2310
2209
-6594
4017
5370
-9097
-9835
1558
4028
-9528
-5527
-4677
1276
-5723
7784
781
409
28
9235
2787
-2245
2167
5800
-6420
6838
-5957
-3249
-4081
744
558
6492
-7488
-2637
5281
-6892
-7081
6489
7612
5553
-5628
6977
-7045
-2732
4048
-9385
3876
3402
8111
879
9266
-9912
-8372
-9206
-7725
7172
-9003
8594
9361
5820
-6168
-5150
196
2638
4552
9355
3410
3840
-9840
-1169
-5160
599
9191
-7519
-6554
-1770
-4178
-5444
-5966
-9782
6412
2105
-3299
-7179
-7872
-8741
-7508
5019
-8270
1772
4767
1125
4880
4868
-4468
-3119
6969
9850
8766
7621
8096
3187
1318
7295
6699
3817
-528
-8974
-884
-7897
-5123
2116
-5460
1657
-2834
-6336
-8000
2394
-3621
-7502
6075
5001
-7062
-2447
5573
2158
-9692
-1564
-3483
-6819
305
-8524
-2050
8985
-907
-2873
-7188
-9615
-3950
-6226
-2845
-5808
8673
-7308
-5115
9276
4894
5299
9034
7088
-8419
-4854
5116
-5028
-8711
8201
-5847
1624
7324
-2307
-1200
-6300
-2711
8096
1203
-4954
-4584
-8700
7133
3342
-2291
1901
6984
-7354
860
728
-3352
-1095
988
-6285
-107
7862
2309
-7136
1110
4916
-8655
-2820
6727
-751
3196
4569
-8056
-5888
-6317
9909
-8096
-9043
2548
8551
7828
-2338
-1831
9287
-1815
-5032
-9576
5173
262
5968
-9378
-9962
8208
9977
3562
-3653
-454
-5132
7040
-5125
8545
1503
2846
7740
-2757
7098
507
3584
7918
-2198
1099
-27
-2661
2031
877
-7800
9300
7987
-212
810
-8961
3529
-3856
4100
-4260
-8509
-5061
-4843
-9148
-7462
2993
3663
5771
-7847
-5000
360
-6778
-6507
65
-7641
-438
1623
5738
-6389
965
-2268
5563
3295
-8205
2068
884
3795
3255
5735
5408
5556
4054
-8656
-1150
-7250
5777
-7110
9976
3436
-5392
-2292
2763
-399
-6608
5814
-7569
-7541
-755
2513
7220
1707
-8900
-3481
8832
1059
1770
6248
-8960
479
9403
9336
8585
8552
3545
-2200
-1655
3063
-6695
-7558
8343
4283
7171
6967
4674
-4848
929
7121
7557
8464
5303
-4069
-7450
5602
-927
5765
-3277
-4137
-9329
3711
2108
-3922
3655
-4676
146
-6271
-3061
5458
-8140
-4263
-1625
8679
351
-3313
-6242
-4467
738
123
-8025
-8106
1760
7780
91
2815
-6679
6364
-9050
-2869
2786
5158
-8329
7287
-1525
6116
-646
-1703
-4510
-4335
-5826
-8908
-7219
-4003
3565
6742
6796
-4287
3287
9692
1104
-4195
5833
4187
7182
-7958
7313
1571
8066
-3668
-1778
3629
-7879
7053
-6342
-6248
3167
8769
-3498
5675
3321
2665
-7006
5716
1153
3195
-2152
-9656
-1365
8578
7125
2709
5729
-9424
-3364
2608
9347
-7543
-9459
8682
997
-3148
-6053
-9267
7844
-4890
5205
-5389
6035
9345
9032
9985
4983
-8403
9286
8084
-1939
-2113
7720
4683
-1413
-3291
5021
-1114
6940
-8668
7056
-401
9658
6670
7752
-2773
-7357
9830
-9632
-3368
-1101
-4047
6161
1076
1268
8483
-7142
-8438
-9604
2296
2170
-9344
-9734
8456
-2950
-714
2285
7012
-6801
4955
-4094
-9117
-9388
7209
-247
-2543
7131
-8450
-9383
-4406
187
-2283
2618
-85
8185
4655
4510
6857
-1498
-3344
-9171
-3749
6354
4278
-8168
227
-2533
6650
112
9523
-1255
-7291
328
-5889
2018
552
-7758
-2659
8093
6957
5130
9421
-8629
5145
4246
-3558
2329
6915
-1103
7342
9812
-1624
-7852
-3835
2067
-7656
-3665
-6438
7840
7287
-860
-4198
1243
6609
7512
7319
4765
8775
8814
-9688
-769
4003
9082
7342
-4679
-6096
-6696
-4518
-619
-5011
8963
5144
2630
-1962
-7411
7488
7771
3098
-4258
-2194
1550
3231
9515
-8886
-6743
7185
-1836
-2128
7927
711
2142
-4199
-2664
-9433
6169
-554
7423
-8430
-9904
-5511
2738
8239
3572
5974
-1571
-7015
-6719
-1367
5129
-4933
-7253
-1282
400
-6470
-4268
5599
5131
-9956
-3054
-8706
-5050
8976
3475
-3686
-3600
-4206
-575
-4265
4379
4537
-8748
-503
-2443
-3660
-6417
760
8138
-8516
-7893
-6188
2516
4720
-4420
-1918
8025
-1562
-700
-9157
4467
-8400
-5602
-3712
-6480
-98
9088
-1953
-3630
4694
-8201
551
1960
-1524
-6746
2516
-6624
7569
6758
-6738
-9154
-2439
-23
-7824
4507
1219
-5280
-3577
-9060
6292
-5875
8866
6462
6497
660
-487
8739
-871
7087
6733
-4634
562
3921
-8230
1653
365
-3810
5488
8664
-8406
7106
-9089
-4087
-722
120
-4160
-1344
8881
2479
3193
-5801
-5340
-2143
-2189
-5667
-1439
6756
-5901
4709
-5920
9576
-4235
-1429
7832
9080
1291
-7039
-730
1360
-6436
-9609
5149
9835
1864
1072
683
-8522
-6688
-7883
3670
-3807
7209
8109
-5269
-266
-2177
8755
2900
6642
5060
2944
3070
4218
-6074
2751
-2053
7536
-7356
7912
-4410
2678
37
7334
-1145
-7260
-6138
-5659
-7191
5473
9163
-7912
-1196
-8714
3247
1651
9886
-1653
7254
-8499
-3807
-2369
-9999
-3021
5325
-5295
-815
2353
6931
6291
-8190
-146
8987
2979
4687
-9921
9599
-6887
772
2834
5953
-2386
3864
-4633
2800
-163
-9166
6793
-3296
5662
-3743
-8278
8745
3301
-9213
8408
7639
-2558
1336
-5133
9680
-3215
754
-1444
-6685
8773
7819
125
4887
3639
2391
5488
-9996
8400
7330
-9409
-457
-9141
7123
9266
5403
-8059
-6137
8289
9799
-3572
-7220
816
-907
-6755
5058
-266
618
-2744
-5891
-1198
8879
-7986
-4559
9745
-3589
2086
-9464
-1233
-8281
6532
-8350
-7594
-8196
4123
-9173
-1195
-7601
-7642
8181
49
8796
2701
4211
7053
-4161
8501
6667
5885
-5235
6729
5435
-197
-7117
-3961
8636
-4059
-8087
9764
5874
853
2871
8547
7876
6545
-4931
-7678
3176
-9779
6876
-6327
-8846
4970
2330
3166
4194
4822
4179
9632
7033
-3981
3687
5648
7783
-5825
-4884
-8898
-6055
-8050
829
-4647
-6539
719
-2280
-84
-1775
-6634
-7103
-424
9547
6966
4083
8366
361
-1002
3458
4962
7378
-6180
8149
5681
1236
821
2157
5236
-7239
143
-2771
9142
-5052
7619
2748
5630
-5937
-7058
442
9737
6954
4986
7964
-3353
8046
-6636
-3237
-3705
-1074
-487
-2816
3196
516
3973
64
636
-2454
8522
-623
-8173
-6688
-1872
8010
9885
7119
-4292
3054
5009
-8533
-341
3356
-2631
7089
8547
-7842
3200
2762
6137
7696
-4065
-303
-7206
4605
8879
-8361
9013
-8635
-4599
-7705
33
-7985
-2509
9859
2460
3108
9627
-5761
191
-4710
-4525
-5375
-3865
1400
-7739
5324
605
-261
-6116
-7761
-1600
-1107
5626
-2184
99
826
1823
1864
2498
-9599
-2814
-9420
271
-7457
-660
4147
1151
6215
-5785
6509
556
-84
-8979
-4568
-7073
2603
958
-3381
1159
-1196
1772
-5665
6960
5245
-7305
-5213
-2474
-1426
8129
-9882
4367
-6794
-2871
-4841
-9845
9707
6238
-2924
-5960
3719
4859
1082
7002
-3844
-3608
9641
-5010
7075
-8792
2520
555
541
9409
2348
-7752
-5994
-5530
-2476
8106
-3208
-9952
-9362
-2734
-6287
4188
-1519
-1153
8221
-8692
-3283
-5605
7912
-9599
1194
-5856
-9981
-1925
-6473
2909
2909
2048
2286
-5478
-5671
-5269
7878
5035
-7716
-896
-190
-8874
1597
-2753
4111
2879
-8927
-7115
7806
-782
234
2371
-6426
-8346
-2035
8597
7723
232
-1811
-7017
5297
-9971
-4773
-7044
7995
6380
-3509
7371
3938
7672
5079
-701
-7485
-2838
1830
-7792
1238
5156
5660
5120
6527
-577
-36
3369
4446
9285
9787
-2574
3306
101
-8507
-7650
-1190
8323
-1234
9782
-9118
-3564
5724
-7648
-8213
-1691
1542
-3464
-7321
5385
4177
5907
-7244
-1846
-681
6561
-7245
-1289
-4460
1823
-8757
-1509
-546
4643
-5175
4595
-7306
2817
-4048
-8933
-9360
8360
9794
7527
6704
1088
2491
4388
8950
523
1909
6893
-6011
55
-4510
-1986
8179
2407
-7520
8672
-4472
4626
-9532
-9186
-2003
-2536
8770
4254
-9599
-7788
-2872
2466
5527
2222
-2555
-7112
7485
7113
-163
-1026
5798
2074
9181
4243
-3435
8597
48
-2825
4742
-6104
2181
-8780
3519
7749
-1688
-4618
5286
-5934
8380
8397
2760
-8397
-5748
-4143
2397
-9894
2679
-1663
-9350
-579
-2919
6381
-6062
-5582
3369
-3757
-262
1089
-6087
-7582
5724
9258
-384
7981
6402
276
9663
-6706
383
-3684
2410
-773
7984
-8690
6076
-6023
-1567
3919
5669
4521
6689
-8979
7378
-6509
8130
5826
2313
-7300
-9486
-1006
4504
8740
3338
6717
-5722
8595
1921
1015
460
-5337
-9932
-4803
-5786
6730
756
-2932
2739
3392
-6032
-9490
-1082
-7090
-6658
236
-334
4673
4837
-8126
-8815
2839
2114
-1875
7957
663
-526
-1447
8238
-9385
-1564
7556
-8545
-6160
935
3332
-2427
-5584
-6825
8152
-2395
-5241
-636
-5648
-1240
6749
-2822
-5155
4077
8135
9590
-8459
998
8770
462
3366
-1698
7914
-7766
-8719
-6147
6549
-4075
-3964
-4733
-209
-2838
997
-8138
3082
-6672
-7112
-8583
-9361
2251
-4436
7965
9969
4646
5485
-6491
-8536
-6776
-8105
855
9629
8904
469
4959
9265
1456
6115
600
718
9896
1230
-5455
3490
8034
4257
-482
-2380
7055
27
2241
-4296
-4753
9141
-3806
-556
4111
-2949
3906
476
9148
-1525
2537
5864
-216
-964
472
9088
-2432
4742
-1448
5837
6697
-6111
1121
8374
7929
-3323
-2561
-5767
6848
-9253
9319
-7396
-8476
-6857
3546
9193
955
554
-2063
3742
-6520
-8831
5595
5675
4762
562
4973
7438
7410
-7525
-9138
4516
9108
-6973
1931
-1152
209
-8759
571
-1269
-5542
-3737
-9818
-2648
5197
-7759
-915
-4500
-9444
9470
5651
1499
-7244
-3637
4637
5540
-6109
9026
8339
1180
9416
1411
-4443
-8684
5461
8119
597
8850
5497
-5819
8137
7017
5968
-3443
-2202
-3321
-972
-6708
-9531
239
-2185
-5032
7984
8495
5429
-8926
-5148
-1777
1564
-3518
-9759
-4360
-5428
-827
-6833
-9933
-1944
9285
-518
7119
9792
-6380
-2227
-8342
-9436
4568
9037
-311
-4664
-7143
-4128
-6387
9276
-3768
1076
5933
779
9818
7973
-3781
134
6273
-9165
-5677
-241
2667
9581
153
-2567
-3628
1367
8593
-925
-2321
6339
3714
-2359
-8984
-1760
-2576
-3581
-5596
5949
-406
8241
6649
1930
2264
7068
-2754
9775
136
-6275
1179
-139
-7210
265
-2033
-2367
-9422
9553
774
3735
9565
5839
8287
-3489
-8162
4617
2786
-7124
1863
-6158
-937
1898
-1233
-4431
1533
3037
5351
3492
-7536
-4712
1921
-5272
958
1801
-8430
8164
-2952
-8087
-5392
-303
-980
1542
-2532
-2448
6931
5609
-1750
1658
-8999
-800
7552
329
-9758
8683
817
-1620
7586
1525
9926
7229
-848
7226
4141
-8541
-1554
-1475
-4899
2510
-134
1385
-6517
-405
4662
-1705
6642
2904
9344
9451
-4521
1017
-8429
3954
-6447
-5365
8731
-3840
5252
1465
-5114
6578
-2911
7180
-415
4222
6170
-3712
-9253
1077
-7241
1626
-6267
2075
-2825
6480
-4825
4179
6060
-3066
6489
-2580
-2246
-4647
-8049
5448
5322
-9034
3356
3653
-1921
-8086
8603
-5095
-6934
-1008
-2875
4355
8907
1058
9369
7927
-2117
7192
-5680
-3267
-9466
-6259
1763
6898
8405
-527
1148
2530
-6252
-3689
-2007
185
1137
-9136
356
-2200
-600
3375
6674
-3357
9365
3499
7946
-1346
2482
4268
710
2030
4262
9007
3281
-9420
586
9701
8896
9414
1234
-7508
-9222
3609
-638
-5575
248
7666
-9741
6539
9258
7734
-8876
6611
9845
2943
6647
-2390
2561
-3952
-953
4795
-5879
-9311
5181
-9135
8699
-8489
-1927
7237
7541
-7385
-528
-5241
9053
-8245
9700
-5871
-2559
-6852
-6708
4909
1569
1183
5267
2805
4619
3762
8801
-9160
-1785
-3590
-6872
7890
7841
1350
1850
1766
-6386
3069
-4852
-1033
-7080
-4873
-1526
8650
-6744
5231
5465
-2359
-9032
-2346
-7116
6750
6424
1909
8808
5821
9979
8812
1145
-7666
7456
-7521
23
1770
1951
-3635
6990
6709
-8217
9698
-5673
2994
9360
8117
1669
-7551
4500
8708
-491
7683
-3566
5074
862
-5347
-2100
4938
491
-1147
3791
-4159
804
6877
-3864
-4390
9889
-1157
3619
-5363
3240
-7908
-18
3446
-6917
-9161
-1714
-6820
5124
3618
5109
-7222
4816
7883
1567
8926
-6194
-3061
592
-3372
8481
-7308
-8165
8327
-8453
-7023
4063
8490
1900
9738
-6317
6211
-896
6741
-9090
-7846
4186
6614
5624
9837
-54
5088
-2090
-7259
5149
-3180
-2328
6754
9045
-2391
2829
-1801
308
1889
-4523
-998
1943
-5880
-9954
9282
-9031
-6589
4367
5030
-2558
4130
4226
-8009
8818
-3071
-9527
-143
-1996
-7649
895
9854
-3417
945
4365
-5247
5175
-5706
1031
2602
3984
-6119
-1217
-6166
3722
-6387
-4494
4109
7728
-4216
-1570
-5697
-4012
-1661
-2685
-6144
-7257
6594
8992
-6064
3694
4437
9249
9184
1620
8737
-2647
-2501
-6732
-404
-8482
1529
3841
1225
-8857
2557
9850
-9663
-5112
-7119
4971
-3717
4374
1211
-1714
-6003
813
4349
7842
5624
8900
6863
6499
-6571
-8496
-5084
8933
-9841
-3836
-3516
-5141
9477
-7820
-4754
-5972
6724
-79
-7984
-9173
-8496
9260
-9519
-6059
4192
8144
5067
-3407
-8853
-1819
1687
-3744
-9004
-4380
4563
-3412
2577
-7318
-6579
2873
-9078
-6826
-5067
-5707
1015
2149
-9651
6186
-7473
5501
-7886
2784
7205
-2282
6272
-6983
-8301
-9725
-7399
7007
2285
-9163
1147
-7930
3388
-5341
-9413
-4761
-3982
2106
-9232
3664
-9398
6947
1579
-7130
5185
-1475
-1332
-4313
-5888
-6426
-1898
4804
-9465
-6765
-1401
5570
7653
3665
4461
2698
-7911
1132
2521
-2117
-2955
9677
5920
-8646
-3856
-25
-1191
-824
9775
-9303
114
9871
-1458
-1907
7009
-4773
-191
8410
-9810
-9102
91
-7737
-9233
4662
-3970
8586
9307
6684
-1095
-5920
8307
7363
-1572
9728
3006
-9893
-8808
2996
-296
-9854
-6290
-7679
-1680
-5493
8662
3143
-6923
3681
-2639
-2574
4373
8987
-4665
53
5764
9276
-1537
-4974
6142
8170
4129
7399
5573
-5386
9819
-9544
744
246
-6053
-2501
-6653
8224
-103
-6536
7678
5413
-7631
1562
8448
5536
-4111
-2378
3868
8467
471
816
3413
-4805
-7480
5603
2097
7253
-4638
6482
4110
-2465
-395
-6155
8753
6319
-8537
-122
-1789
-8959
-4840
7398
-7578
-2891
-8510
-2265
6070
-1750
108
-6048
5975
-8876
-5069
-5589
-8110
4867
-7894
9110
3540
2276
9142
-8192
2289
7184
3337
-6062
3069
9082
8635
5965
-8468
-6587
-4076
-3078
-263
6908
7385
269
-4988
-2201
9153
5005
-6837
6370
1310
-3221
-7003
7033
-5076
8373
-2174
9563
-8116
8870
105
8426
-9112
7299
9432
8534
8158
-3830
6967
938
3937
4889
609
-3604
-9684
3655
6248
8691
-4888
-9708
4853
5160
-2085
-4022
59
-1405
3906
-8166
6506
9271
9587
-8223
4100
-7416
-9736
-9447
4536
2315
3117
-1709
-8965
3977
2918
1147
5832
-2189
6265
4953
-5618
8548
3186
-9916
7728
-2214
-9506
-7269
1884
9638
-9375
-6156
-6306
4823
8454
-7895
-329
9244
9410
5026
-3911
4577
-3685
-3565
1697
8235
7721
-7879
-7441
-3230
-2242
-3502
3818
-790
4302
7104
-4064
-5362
-1790
6039
2288
-1939
2979
3324
-163
7610
9546
-8503
5807
9591
9580
-977
-7547
-7552
-8355
6532
-9065
-7620
2647
1299
3668
1449
-6093
-1827
4291
-4373
-794
-4729
-2130
1757
7001
664
4426
9265
-1778
-2628
-7547
2907
-5212
-867
7325
-8226
-6005
-4777
-2429
4059
-3205
-4609
4302
6413
7954
4035
-3013
-1909
2616
6023
-756
-6122
255
5059
7647
-26
9116
-2678
-3166
3887
-635
2474
-3592
-2599
7312
275
1145
5912
-7288
57
5184
4771
547
-2266
-4782
506
-3885
-3409
-3867
3503
-4657
8868
3100
4819
9505
-9159
1013
4409
-8024
2467
-108
3320
6692
4837
-4719
-4536
9441
384
8627
4845
6298
-5526
6327
-4445
8283
-6225
2402
-9484
757
-3687
-869
2248
8361
8717
-1006
-8425
-6609
1865
-2199
6636
6265
-8722
-3956
3841
7062
-6940
-2489
4942
7231
-2233
5121
-2053
3217
3705
4745
-2767
-2410
-8103
-2756
-7522
-9068
5531
1891
8314
9012
1480
-115
-5402
1583
4071
-3779
1841
-8870
-4978
7077
6867
223
6763
-8145
-1864
3661
6060
8586
-2363
-3403
7108
-7559
4484
4972
2240
9770
-7783
-2106
499
8505
-5407
-2483
-1164
-1384
7993
2385
1719
-1935
-7145
-946
-1877
6232
1122
1638
7618
-2805
-9762
4031
7574
6458
2527
-2106
-6056
8611
6955
6951
-274
3697
-7743
-4064
-3627
-409
7399
8793
-2070
-8117
-8490
9094
4809
3616
203
2995
3115
2016
-459
2269
-5959
226
4499
-3716
7810
-9399
6531
-3969
4438
-3584
6118
-8511
-304
6080
2544
-9225
-9484
9326
7365
-4202
-1744
2106
6902
5138
-2732
9406
-3001
9879
-9691
6077
7279
-2865
-1429
-2906
9494
-6391
9419
2177
4974
-3208
5106
7385
-1297
5227
-1315
-2619
-1816
-3264
-4551
5296
4056
-2499
-3263
2305
-6072
6890
-6147
-3359
-2026
-134
-424
-4062
9640
-7581
8276
9692
5800
5445
-6616
960
5825
-1273
-5203
8473
-179
9719
-8124
3778
-4112
-1235
-1995
-7088
-8713
3018
-8893
1050
88
9624
-6895
558
-8147
7765
4207
-4253
667
-7478
4866
2231
4119
-8364
2496
-611
9099
431
-3521
-8208
-8004
3383
-2584
-9011
7906
-685
-4462
-880
-2852
1807
7766
-7143
7682
5825
6007
2232
9365
5616
-9050
-7882
6294
7015
-2577
-3773
6996
679
648
-491
-2849
4515
-9602
238
-6386
2772
1421
-352
2966
222
-1043
6170
6707
-9820
8877
4131
-5144
4151
-2344
-6898
-9346
8663
-769
-672
9417
-2153
662
7222
6053
5134
-4311
-4924
9492
-9293
-7228
-5357
8414
-9151
-2944
1721
-5854
2444
-9217
-7243
-6271
-7175
2280
-9182
-2729
998
-2358
-658
7881
-6158
8837
-5739
1439
7761
3699
-990
8733
-9671
-9021
2664
-5175
4927
3032
-1609
8579
-374
-4440
-2517
2166
7580
-5154
496
5093
5782
2853
568
5601
-7063
-4736
-1341
5599
3023
-966
344
9224
-8795
7125
4299
1299
-7913
-4758
-2249
-3685
841
4926
4672
6394
3799
6486
-4085
-4272
-8584
-357
6987
-7441
-6788
-711
-5849
-1189
2231
-407
-8580
-7645
-913
4966
4422
7394
8068
-2597
8557
3336
2252
-1233
1058
-7880
303
2361
105
-732
-613
9438
-7884
-2513
6190
9559
-2946
8592
-8461
1117
6009
9740
9416
-4311
-5155
-2017
-577
2218
-6582
-7322
-5623
-6510
-4068
-9625
6067
-7070
184
4627
-9372
126
-6652
5944
-2850
6185
9254
-7381
-1265
2039
-4611
2069
-2474
9215
-965
8900
-1469
-4365
8404
-6173
1779
3799
7384
2100
3643
-7730
-9942
4492
3745
4801
3689
1751
-4872
-406
7124
1721
3089
9846
8682
8280
-1221
4857
8353
1018
-1089
7309
-6450
-9956
-3605
5359
9327
-9646
8357
-3551
-59
-131
5000
2588
4482
1298
1044
-7563
-8491
6875
1383
-6313
1339
9179
1843
3155
8313
-7538
6060
2558
9062
-8898
-6363
9782
8266
2920
-3047
1244
6857
8652
-5016
2875
-3400
845
8790
-8988
-2592
7940
-1162
-3463
4032
-8440
-9228
9243
-486
-9962
-3273
-3773
1492
3064
3261
2955
-736
4341
-6085
-9418
2524
-3994
-356
-696
3336
5011
-9394
8113
-9625
-3581
-9666
9798
9602
-4482
-1184
1099
-5098
-270
8351
7225
-7166
7604
-7024
-2056
-1116
2086
2305
-5461
8783
8470
5652
2257
-6830
-536
4196
5039
3055
327
-8888
-7243
-9875
3177
2209
4549
-5703
8500
3100
1583
5120
-6146
4776
7756
7604
368
6765
5342
4059
2322
-6494
-5525
2351
-5438
4044
-7290
-9156
3227
1223
501
-405
-9131
7893
-2716
8255
5745
-7741
-9855
-5594
-6891
-3727
-2073
7939
7973
-8973
992
8232
-8420
-744
-63
-5239
3459
-2849
4025
2544
-4395
3772
5512
-6884
3498
6026
-6723
5856
5910
-4127
5980
-1567
-4947
-5888
-8534
-7777
1728
9178
4738
702
-4351
7434
-3046
-6142
-7008
8493
-1883
-8546
-5553
-5123
1131
-911
-6201
-5952
-4029
-4386
6433
1255
-3436
-5233
-5904
2902
-2010
-515
1390
8056
-361
-2286
-4909
-2931
1985
-3505
-3762
-3291
9254
6276
-4871
-5805
-7654
22
-6506
8909
-2292
515
-1005
-6898
9258
-4722
6871
6617
5009
-4991
-9442
-3078
-8446
-6723
6759
6495
-3323
-2927
-6418
-9426
-5668
-5618
7831
9326
-8632
4489
8880
-8941
7776
-9972
8624
-1385
7231
7914
2392
-3513
-3853
-4841
6848
-8993
455
8252
5092
399
-2249
6856
-53
6341
-5110
-598
9027
-5793
4929
1047
1016
6466
-5126
4525
-8946
-2388
-2572
-2844
4216
7924
-887
6092
9087
-1216
4343
-9333
1892
2288
7857
-4322
-357
6522
-1171
536
-2292
4040
-4886
8602
6465
-7476
-4078
8927
-4477
7146
-6946
8178
-9572
-5956
-5289
182
9856
-5724
3823
7717
1059
-831
2422
3353
-4553
5916
-752
-1585
-9438
-7050
9640
7217
3457
2059
-5665
1593
-89
8895
-3375
4178
6643
-5867
4270
-7256
-215
4708
2781
5070
-8282
-2355
-2459
-2266
-4064
477
-7402
-2488
4278
7375
-9673
5512
-1600
-7900
-9827
-1649
133
-4340
-6451
1582
6856
-5319
4636
-8631
7144
-224
-1787
-4707
-1559
9121
4056
2110
549
-6268
3503
2223
-1784
4193
945
-9254
5466
9695
-5195
1642
7731
1172
-5360
-3188
720
-1581
-6420
-1973
6720
-6157
-2590
-4253
-907
-8899
-6439
9537
-6161
-1747
-3087
-1748
2456
4581
648
-9202
-3481
5031
-5457
-3533
-4162
-4203
-6171
-712
-7157
3130
127
-2931
-8681
-1971
154
9118
2185
-8905
-7663
7222
-3058
-1108
-9117
-5110
-3242
7477
5348
-1640
-3296
-7906
-4647
-1493
-1950
970
6332
2841
8989
7653
657
1089
-4603
9744
-89
4524
9592
-6285
-2916
-5355
3759
3758
-6613
4134
6933
-7030
-750
-2821
2681
-6696
8950
8071
-2679
7246
-9194
-5754
5687
-5059
-536
-8549
2213
6053
529
1605
6959
3177
-3127
4586
-2107
9582
-5319
5441
3366
-3675
-3043
-6159
-5631
-1842
-92
-7822
9923
-1339
263
-6948
-8040
2993
-2881
5905
7976
-1667
-8598
-1572
-7843
6827
4766
-2557
-1991
-3479
8436
-1937
-3156
2694
4747
-9438
2963
7483
-780
-1988
3361
4604
6472
2964
2004
3899
-5572
-8920
-3356
9373
9411
2193
-6756
2001
7323
-4844
7890
-8409
-2645
-257
6417
-8907
1653
-6622
2112
8095
-15
-5101
-6843
-7634
-6618
-7232
-4331
-3139
7579
-4123
-1040
-9152
2736
535
1128
4107
7523
-7203
1495
-4250
-8045
-6645
713
-4228
5448
101
736
4047
9365
-1054
240
4153
6991
160
8165
2402
-9380
-5727
-6552
-3207
-3051
-4936
7034
-5249
5959
-9946
-7135
2001
-7209
-9994
-5934
4884
-539
-7722
5675
-6213
-4596
2011
-3512
4795
-6148
349
137
-7891
-2848
4173
9187
3386
2042
-7112
-3409
-1199
-4455
-8857
-862
-3727
-3531
-8198
9684
-8662
-3555
4822
2947
1511
-9814
1453
-6233
2902
8182
-5555
-9753
-7491
7161
7751
7896
2508
-7253
-5635
-4481
-4332
1353
-8086
2178
-8592
4469
9204
-4060
-7160
1207
-343
1413
-6099
-4554
9453
-711
-8165
-1874
-4560
-7605
-9630
-7425
-5600
8910
7129
-6296
-9556
236
-1262
-2722
5714
8408
7515
4226
-1507
-7451
891
4250
-3854
4254
8158
2636
-7493
-5728
6964
-8941
-7950
9208
-9286
-8304
8449
-5112
2690
4458
-9921
-2804
-6633
-6858
4037
4989
-8550
349
-5143
6450
9306
-5318
-7786
-6265
-8104
-6942
3638
-3279
9201
-564
-9360
-8685
3375
2149
-6889
-8669
-5364
479
-139
-7747
-6477
7862
6323
-4997
595
5530
6797
7
470
-442
1441
-1918
3036
-4486
-3530
2630
4659
4790
2288
6105
-8376
9957
1145
9620
3402
7824
-5565
-6154
4260
-9499
-7414
-7980
8218
-591
6906
5898
9520
-4402
-8135
1188
-312
7891
8355
-4608
369
2029
8337
3217
7550
1043
5671
-7330
2419
906
-9022
4484
7863
-2274
1417
-524
6092
-4831
2494
-1917
7424
1184
6484
-886
-1895
5646
-5453
-1047
-3602
-6324
-9441
1465
9096
5316
8976
-818
-9738
5795
1677
-9466
6283
-9635
-8861
-379
-2287
-1680
6971
-5616
3210
7485
528
9404
3767
-1046
9506
4224
-2382
2902
-3330
6719
7612
-2224
5005
-3094
-6496
-9719
324
-2860
1711
4013
-4025
-1776
1608
-5493
-4552
-2103
-3176
4995
9902
-3176
276
6095
3743
5022
9962
503
-5983
3803
9314
1098
8636
1851
8938
-421
9655
7254
5767
-1714
3228
-9840
-4651
5937
-8836
2206
-8774
9007
-1876
8446
5064
-9390
-9883
-4421
1685
-7566
-6935
-9542
-4864
-4553
324
3116
-671
3165
-8876
8133
2410
-3387
-2140
-2513
92
2863
-4185
8267
-4792
9409
6493
-2378
-5205
-6847
-402
-1858
9774
-8488
5239
-1233
4916
5010
-2573
-7451
6707
6714
-6670
-8634
7536
8337
9657
6898
8572
6889
9597
-5522
3134
2836
-5736
-1767
7340
-3840
9604
6142
6116
394
9490
-4167
2836
-2638
-971
1693
915
-3240
-4164
-2623
7616
-6444
5362
9450
2428
-2116
-1682
8486
-2540
2029
-3266
4940
7180
-6156
9737
-9815
2097
-6628
2011
-2214
1686
3080
9224
-9676
5355
-3968
-6338
7123
820
8761
9547
4469
9135
-9024
2946
-2038
-5546
-4656
2716
-4387
-6746
6631
-9720
-6381
8788
3146
571
-3620
-8522
4899
2593
6009
-363
-8160
-2546
6542
4496
-2825
-1255
1405
9375
-5993
4570
4813
2926
5935
-1506
-5508
-9609
7357
-7404
-5247
-2539
7205
-2268
4301
5261
74
-4781
8930
1751
1041
9054
-3872
-1428
-9249
8453
2105
904
3448
3
-5907
-5343
-5760
-7085
-2152
2047
1160
4852
-5137
-9323
9182
-1695
7746
-7907
7546
2648
-459
9640
-8453
5709
1892
-2424
-821
-3946
1132
2616
-2646
-4018
3392
-2243
-9735
2706
-8632
5396
5138
7935
6503
5415
3021
2790
5310
-7677
-9639
-374
2538
4627
1648
-8487
-888
2935
802
-2998
7482
420
-8016
6943
6553
-7459
8989
600
1592
8252
6973
3162
974
-537
-1089
-2053
2451
2340
4422
-9243
3341
5853
9115
-9606
823
-7213
-4112
1333
2284
6547
-4125
4466
-9218
-611
-8995
-5107
2789
3109
-183
-9165
-9720
4669
7583
-949
2830
4644
982
9269
7257
-5202
-9701
-6711
5112
-756
7569
-9893
4147
5975
-9305
7789
8263
-7416
-4847
8463
-2104
649
-707
-9404
1548
-9868
-3158
1418
-788
6373
-1361
2286
-4611
1874
9843
-2242
1823
-6530
6102
-4711
-872
-1694
-1670
9906
-983
-8527
1243
7945
488
-2057
6193
-5340
6383
-4515
9965
-6323
-3637
2554
-1104
-9715
15
5013
-5861
9872
2530
-7479
-1269
6819
6745
-9653
-5370
7730
293
-4679
4173
-7950
-7002
9079
-3177
7510
-7732
-4544
-7448
1350
-4352
1554
2990
812
-7177
6336
-8229
4108
1214
-8273
6711
9695
6627
728
-6998
9227
-2644
3330
-3110
2113
4342
-5700
-8896
4830
-3197
1814
2615
-7842
984
8845
-8309
846
-9497
-5097
-4305
8033
5693
-6954
8310
-5659
-5715
-6221
1245
7971
8596
8920
8129
580
7947
587
-8719
9301
-6552
8261
3044
-166
8911
821
-3797
-2244
1133
383
-8700
3946
2874
2266
-2530
-9907
4280
9219
4567
-8286
-5609
8098
-9956
5703
9567
-801
2202
-1444
2625
-5688
2886
-1513
93
2977
6048
1698
-8230
-8111
-5817
-1022
8476
8351
-8315
-896
8079
-2681
5679
7845
6852
-3797
-5145
-2644
-1547
-8475
9903
-2174
5086
-3802
356
8649
-2393
-9093
-6260
2001
7887
-1555
9574
-8668
4284
-6658
9883
226
-7354
-3280
-7519
9963
7193
4764
7666
5184
2277
291
7502
9766
-1714
-2527
-9729
5659
-5531
6736
-1897
3033
-4034
6367
-8451
4733
1726
2516
2583
-8217
8329
3791
8619
-7703
3042
5544
8768
4353
6846
3930
-4001
-7909
1939
7015
-3617
8853
3068
-6503
-9798
7600
8439
5743
5353
9539
-7465
9107
3
5700
-2500
-6069
954
-3156
-1230
458
6053
-9327
7942
-2134
-9978
6130
5971
5229
4311
-3125
1972
-6111
-9953
3424
-4894
2740
7540
3628
-7125
-253
-5886
-5702
-8567
-2845
-895
-235
2625
-5885
-6941
645
1588
9597
3450
5951
-8059
-2684
4537
2218
-4330
-6249
9222
-9457
-7489
-4120
8128
-8838
1180
-831
2030
6880
-3557
888
-3951
431
1198
8725
-3654
5237
4267
428
622
-8861
-2259
-9448
-3840
-5052
-109
4370
-6057
5544
-1749
-954
-7193
-8828
80
-6278
-5210
5725
-3186
-2782
-1026
-2051
3459
-6912
1975
8115
-682
4070
-1801
3130
1136
6004
-8799
-6028
-6456
3947
8793
3373
-8000
-6648
9940
3918
6233
4962
945
-9662
6210
1363
5690
8216
-1745
452
-3498
5398
-1548
6512
6861
7389
-4254
-4699
7379
2609
-6119
-3083
-5428
4646
790
-4909
6481
-5629
8909
5260
6972
7167
6469
6631
-7272
9884
6075
7092
-9666
-2239
-8617
8644
9442
1312
6490
-6699
-5850
5303
-8673
-1168
5259
-2262
3419
7323
-1162
-7773
-5606
-9286
1251
-1757
667
-641
-1844
-3571
-6289
-6363
1978
8009
4036
-2950
-2407
4491
1955
-7556
1427
6153
-9913
-4054
4022
-7214
-6636
-3973
-8403
5516
-4265
-1536
-2888
-4563
-9123
-9663
-4586
-8085
-6641
-551
-2349
-224
1642
-1873
-3328
-8044
-4358
-3964
1944
-2757
200
7801
9766
5909
8593
-4992
7299
5245
-2334
1062
-3747
6881
-3141
8449
-6430
1741
-7028
1035
156
8973
1797
-3032
-5072
-8290
-2982
3790
1078
-2199
-998
3225
-611
-6159
8921
-5780
5970
-7157
5536
-9727
-5626
-7736
3838
8288
8943
-4322
-6391
7777
-113
-4127
4545
-6408
8997
-7487
-1952
389
-6578
-9982
6020
1745
-6726
3901
-8324
-2535
-344
3476
-7759
-6631
8953
-9435
7629
6267
3406
-4687
9834
-6619
-3925
9512
-2224
-2433
7764
6420
-4773
-289
-9296
6710
7810
8007
9748
5469
-8027
-7208
1454
8136
-9007
-4679
3364
9446
-6797
-1277
-1427
-3379
-6251
-5725
-141
6135
-9175
-9956
-724
3358
-7837
4112
-9124
9518
9002
4776
-2255
-7763
6822
194
-3138
-6818
3263
536
-5897
-4223
4930
637
5177
1391
6284
6315
-4519
-2836
-4584
4000
-7719
1691
-87
-8743
-5204
4260
9016
-9300
5699
8584
-5892
-960
6576
-4761
-7242
5204
-6845
-2815
-3954
-9039
1763
5128
-6950
-4832
3591
2889
8749
-1365
-2432
9975
-1073
745
-6482
-615
1534
5626
-2434
1657
-2839
1189
-3180
-2458
-2596
-3864
-9319
7034
-6643
-4357
6909
-2004
954
-9519
5691
-1850
8014
-1
3219
-4436
-2661
-4044
2174
9652
4407
-165
-635
-9691
-5123
7073
1188
-7885
168
-1079
9791
6287
-9544
-1716
-8015
4361
9324
-2975
4614
5201
-5331
7344
3609
6906
-1376
7021
-9553
-1859
-1598
-5715
8400
7497
-465
1733
7773
-6595
3376
-1857
173
5371
-4944
29
6729
3018
3984
-434
-4702
-410
-8015
-4793
817
9796
7218
-3408
2323
-790
-8610
3317
-3872
-479
5272
-1164
-5150
1584
-7297
-3634
-6538
-5309
2210
599
6074
3037
-1131
4514
-522
-2122
-6992
9345
-2419
-758
4056
3425
1233
-4007
-8890
8621
4266
7768
7399
-3690
-3956
5510
6220
-3600
-3798
-8950
709
413
5387
-4911
-4194
-5803
-9800
9767
-3480
1084
8618
1017
1250
-6365
1995
-3916
-4708
938
7813
8435
-9614
6108
-2665
-3381
-3558
1093
-9327
5350
-1183
4046
9463
-9055
-1294
2065
-3980
2624
-2630
-6428
5331
-6333
-3026
-1036
2322
-890
-8248
8752
-8400
1417
-867
-9484
3938
-6069
1204
1012
1050
8024
-7816
-4109
2044
-5070
-9720
-1863
-419
656
434
-1432
-1942
-4032
-2295
478
435
-4551
2053
-2400
8002
2170
3750
3489
3329
-1762
-5600
-6580
6042
-431
-85
1798
-455
-16
8233
-6180
7418
3439
4907
5643
7398
5538
8143
7016
1091
-5667
-4982
3409
9631
-5833
1741
-8141
-8171
6231
-6280
2293
-5972
-4121
7459
4949
-7472
-7855
-8987
-1458
7599
-6035
4111
-9872
-8069
8245
2432
5893
5678
7737
4733
6633
-946
1153
3370
6476
-5149
3101
9647
8407
3241
8757
8948
3239
1463
6827
-3947
4206
-9110
111
856
8454
-9970
-9395
-196
4834
-7095
1
1920
6330
2506
8498
-2444
113
-6835
7146
-3862
42
-6297
8031
-9863
7593
7584
4854
808
-7194
-3340
580
7442
7959
2635
-4871
-8361
-3898
-4325
-6995
-5653
-3662
-8104
-5537
-8849
3744
-878
3127
-9012
2236
743
-2190
-9118
-4764
-7668
2357
1359
-2254
8835
-4146
-4185
-2523
-3769
3783
5113
-995
6706
1934
-1847
971
2394
6881
-9385
9649
3682
-4801
-1647
-2090
-4875
-7712
9061
463
-7455
-4170
-5931
-1384
-6291
8466
-7850
9790
6859
1398
-9765
-9097
-3913
8825
-9807
-7469
9264
5199
-5575
-6279
830
-1222
-1924
-1861
2590
-562
-5449
-4172
1059
-8439
-6715
5923
-576
8790
6773
9577
8646
1799
5779
-5988
-4496
4106
-4936
659
-408
-6717
-409
-2669
-6419
4556
-1154
1422
-5684
4232
-5857
8960
6076
-289
-6016
-1753
8644
6108
9533
-5843
6677
-7375
1392
9666
-1726
9271
9091
-4186
2954
-857
7240
-2008
-6125
-5288
1081
-642
-2730
-1582
-9912
9794
-9841
2515
-237
-7805
-5431
-7939
5558
-8241
-1575
5709
9166
-3161
2994
-3319
-9807
6566
2236
-5158
5116
9396
-4273
-3913
9060
-4881
-5447
8315
3968
-7760
-6873
-5434
-3560
-4218
7650
6401
7253
5244
7998
7650
5553
3733
-7549
-337
6268
-5631
-2592
9406
4775
-561
7820
3577
1461
-1205
8403
-4620
8263
-4017
-5957
9108
5511
-7096
-7958
-4537
-9863
1299
-6468
-3057
2244
1156
3893
5856
8095
4135
4161
-1323
-8898
4580
-3873
7104
-9017
-207
-8007
-1760
3364
4741
-8943
2631
5841
1842
5207
5946
-5753
7007
8604
757
7632
-3332
2221
4909
4902
7204
-2217
2182
-9229
1752
2417
-848
-8970
-531
-849
-4423
-542
8582
9376
-206
-1800
8597
4656
-7928
-9445
9974
9838
9561
9425
6693
2486
-5031
-5770
5346
7028
-8173
2965
-8205
9604
-2308
-3251
3235
-822
5374
-2618
4806
-5153
-2328
6792
3674
2963
-7615
1853
-9257
-2852
2413
-886
-6320
-9610
-474
-4325
-3210
9602
-7219
6618
6484
-1888
-1328
-8847
-7664
-817
9612
-3376
-3897
9092
-846
-5822
-8908
-6125
6489
7686
-3385
-6868
-9220
-7441
3654
7266
-3361
8577
-8665
-9426
6462
8833
3141
5680
5980
-7223
1567
-3371
3875
5316
-7672
750
-6715
-1395
-4537
7583
-1403
-1452
6703
-6475
-719
-523
9946
-7927
-3067
-1873
-9695
-7651
315
2190
8753
-797
994
5053
-8826
8028
-7076
-3569
-6611
3118
5151
8978
-9746
-269
3310
654
-151
6162
-9300
4699
1880
2126
-1750
-3946
3709
1489
-6623
5912
1101
-9039
-5984
8287
-1603
-1341
-5121
-1702
4386
4077
-3738
-643
-7522
3258
-5821
7691
5107
-2012
1633
-3204
-1588
-4388
5141
-1405
-4535
-9833
707
-9658
5726
1105
1853
6326
9160
-2534
-579
9502
1396
3106
7470
-5427
-7174
5151
4993
7072
714
-2072
-9920
2337
-7591
-6551
-5476
9901
4339
6166
6302
-2749
5559
-883
-8512
-3004
7776
5798
6948
-7039
-2305
4329
2885
34
2691
4835
-3101
-2887
-3761
-2058
-5983
-8497
-5312
128
-8248
67
779
5566
2723
2789
-3993
-5218
-5182
2472
7686
-6882
9568
6372
-3080
6870
-5693
3945
-2009
-6628
-2269
-6393
-9240
7968
-2431
8037
-2378
1544
9889
-289
-7913
-4245
-2765
-123
-5901
4623
9279
-4102
5625
-973
3396
-5843
-7184
4443
2993
2104
-9781
5934
-6824
7661
5654
-8067
9551
-7599
-8223
-9944
1971
-418
-8337
-2020
4188
2966
-7194
-7957
-4532
-2199
-7245
2457
7923
2787
-681
-8900
8011
-9770
4427
879
5712
3909
-8850
4158
654
5565
362
-9804
9121
-1579
1623
-7139
-7334
7831
-4502
7825
-7087
-943
-9225
-7244
8244
-1939
-1360
-9935
-9038
-4836
-4256
-2874
8168
2184
-4710
3355
8529
4803
-7380
2981
1297
-1818
1793
7717
3697
682
4516
-1710
8005
7201
5184
-841
-4203
-3138
-4237
9489
-9973
-8425
-1517
6998
5972
2349
-2375
1958
-4790
-8526
-2838
9723
6536
-5925
-3672
-6225
4749
591
4027
8645
4077
-6580
-3057
4529
2666
7832
2749
3641
8736
-1913
6257
1141
-2004
-9429
-2274
-2736
6802
5107
2601
6124
9669
-9941
7038
-8767
4322
2844
-467
-2075
-3706
-8427
-3026
8353
-6502
-5828
409
-1014
1107
4420
-5314
-7808
-4304
-4824
-881
3319
-3236
-9836
-5317
-309
2079
5478
-8418
2984
-717
-9035
146
-5769
5292
-2894
-6192
-3532
-3376
-3246
-189
-5332
-5847
-2471
981
-4463
-7544
-4793
7961
9809
7180
-3117
-5296
3173
-6042
-5092
9016
4398
6225
6579
-1416
-4570
-4959
509
-8367
8004
8095
626
9886
-410
6763
42
4427
3068
-4286
-942
-248
-6114
-5443
-4707
4399
2777
-7969
4837
-1582
2991
2531
299
-646
-3697
4800
-4682
-4086
9532
2372
-5742
-2634
-5544
342
9880
61
-1447
3346
7637
-4504
-887
5589
3673
7984
5070
2437
-5523
-3784
3854
9281
-173
-9973
5493
2972
9895
4525
7138
-9188
9954
-4981
6121
2636
-6293
-8113
-7350
-8014
-1455
9595
4560
827
-2772
721
-1673
9464
6222
-9447
2354
9493
-3804
-471
-7679
-5437
2683
6973
-6947
-1298
5907
-9199
-403
-7637
2649
1265
3737
-9945
5708
9356
8288
8666
-2302
-1305
2217
-5005
4388
-2431
-6562
7475
-7476
6995
-9352
-6400
6024
-2667
-4324
7215
7884
794
-9426
3211
2752
1563
-6266
5864
-5018
-6284
2961
-4965
4223
1146
4889
-264
-8264
-844
-7815
6354
4382
361
-6628
6096
-6175
-6623
5540
-3126
-7547
2057
4202
-9845
7499
-9490
-8142
8523
-6661
3349
-825
515
-4603
6701
7608
-1434
9759
5810
4501
-2037
-7507
-7683
-8787
9372
3609
6778
-4136
-2791
-644
-1367
2908
-2955
4033
-814
5720
809
1661
2564
4247
1654
7083
-1600
-2307
6299
-1693
3684
9201
-8984
3073
-6657
2217
-2313
5086
-4734
-9276
8974
7220
-7554
-274
1261
1517
6794
-8972
-7211
3118
-701
2017
-487
2171
4553
6080
-1832
7085
-4612
162
8959
-7728
7794
7628
4002
-1493
507
9866
-1216
5845
8431
7830
-1645
-2973
-6940
-2034
8738
7804
7299
6607
-6362
1581
-7713
-8433
9659
-9550
1726
-9977
9094
-6664
8419
-8559
-1540
7880
-7788
2223
-7680
7769
-236
-1565
-7715
-4870
-7187
2615
2788
1108
-4274
-728
-149
9065
2865
8384
-3440
-3136
4732
-3724
8944
7392
-529
5476
6818
-3529
7188
-8759
-4618
6924
3108
5486
-483
-8876
-8137
9237
9826
9143
529
-8759
7162
7850
-5987
-7101
2408
5991
5948
2742
-2708
3651
340
562
2664
-576
4921
-364
-4921
8972
2173
-9007
7745
9466
3228
2506
8904
6198
1750
9855
6394
5740
-7779
-232
-3563
-3990
2569
-1545
-8069
8801
5848
907
986
2956
-6204
-9625
-3261
4822
-3775
5557
-3131
-9388
-9099
-9774
-2265
-1227
-1066
2156
-4537
5835
6392
-9483
2613
-9890
2297
-4815
-4356
616
-74
9087
1117
-8365
-2971
1119
-385
6054
3895
4563
-6374
6997
2585
537
-8252
9121
3201
5940
2970
5175
5782
7724
288
-1260
-7536
-7853
-1301
3988
3809
7049
-4884
-8722
-2562
-4310
3432
-5588
-9232
9733
8724
-5194
4092
1422
8920
-7260
-8070
-5252
-8157
-972
6273
6535
-3933
-1579
1702
-4296
-6954
3371
-115
5211
-3328
-5078
-6401
-754
-9365
149
7578
2168
7851
7448
3107
2166
-6061
-6999
2644
7080
2213
7347
8052
5878
3877
3223
-5085
-9088
7633
-4092
-4229
-9551
-4728
5442
-8749
-4889
-7952
-5036
-4027
-8333
-930
225
2492
-5189
-7409
5426
-4738
4166
1200
-7845
1144
6688
5580
9925
9099
460
8286
-4672
5391
-1015
9851
3559
-6929
7845
-3423
9979
1861
2602
8068
3119
-2748
6999
3086
-8594
3137
-8340
-1921
1218
-6096
1087
-6462
6775
1431
361
2001
-6777
-4825
-4794
4457
-5828
2194
-9917
4991
-3687
-6585
-4589
9035
7366
-5110
6613
6096
-528
-4502
-9253
3364
-7095
-3198
6195
4724
2392
7039
1163
-8105
-5493
-2805
5443
3557
-7748
2046
-1068
-7360
5404
-1580
6629
-8593
6392
-9441
-8188
-9871
-4249
-493
6023
663
5736
-2896
8867
6763
-3822
-2873
-6929
-4770
-5202
1855
-504
-6213
-3341
7360
1878
-6999
7804
-3779
-5745
1473
5839
6413
7159
8594
7443
-3963
-4093
2538
-7272
5623
9681
-7619
-8241
-8322
706
-8037
-7621
-4173
6957
-6401
5500
-6353
2569
-179
5518
-9710
-572
-8937
1337
-3211
1649
-3620
7045
-5590
6653
1686
-4436
8056
1296
-760
1851
99
8901
-7143
8972
2882
6117
6952
1871
-9306
-6815
-5185
4335
-3068
-4792
1596
-4130
4613
-6286
-7256
-3906
-2463
1340
280
1273
7140
-1267
-3456
6980
6280
1861
5181
-5303
-3593
255
-9758
8092
2744
5122
996
-150
-4541
-4431
-3746
-5172
-5511
9061
-4081
-318
948
-8943
1431
7689
-7728
2550
-2363
-5928
7774
-1017
3591
3606
2359
1620
8877
-2939
4165
6937
-1406
-3867
8999
-8475
8116
1835
-1277
5363
-5999
-1575
-8470
-5003
-9707
6041
-736
-6388
845
-2624
-2026
7401
3980
-1442
-5074
6979
-8819
-9092
967
-7842
680
7448
2319
866
5164
-2179
-7452
-9566
-2941
-4241
-3667
388
-84
-2125
-1571
3015
4581
8500
-6209
6111
-4311
-3207
-5341
8846
-1097
-3549
-2986
7056
-1930
-8615
2199
-311
-5329
3908
-9037
-3180
6572
-3827
-2690
5456
9715
7672
8765
-8764
-9033
5273
4195
-8042
-5291
8343
-8990
7718
1461
529
7542
-5008
-6768
85
3509
3078
9043
-1237
1782
1603
-3006
9086
-2942
2191
6653
9510
3663
-5264
8122
-8941
2026
4138
7028
-533
-8312
5900
-7113
-865
-1471
3025
8146
-8118
3286
-2520
6241
5705
-4612
-1558
3627
4876
9151
-5925
-5168
-7928
8356
5240
-4135
7012
6452
-7216
4693
2316
9065
-9654
5389
685
1128
-1240
5779
-7220
-1474
-508
-2444
-878
-545
4147
3059
3289
2751
-1461
-3357
-8416
6991
7986
2259
-8183
8867
-4804
1576
6517
6424
-5291
3653
-2467
-9585
9015
-7568
6020
-652
-7058
4474
-2193
-4853
513
3236
2542
4656
2828
-2583
6537
6081
7373
4965
-4899
-5919
2100
-7060
6046
8602
7962
947
2434
6911
1980
-9607
4251
-6663
-1204
6057
9422
-2449
-7019
1818
-8727
-6332
-8959
7434
1024
-7873
-2778
-6278
-6710
-8693
-391
579
1095
2864
-5887
7888
5547
-3960
9928
8972
7070
4575
-4210
-5329
9303
-55
-2847
-274
8185
-5143
3484
-8836
9516
7699
4266
-7449
5652
-9525
-8600
2726
-489
2226
7136
-8577
5527
-5765
-862
-5759
-5627
-4996
-4350
958
-9550
8662
1116
6772
6094
-2000
-2397
-6392
-2957
-1622
-4220
-5795
-8558
417
9174
8105
-3340
1981
-8632
6953
1848
101
-5696
-1533
-2940
-276
5879
-1784
-6856
-999
3674
7988
5523
9812
-6849
-7687
8497
-8898
9925
5880
3604
-4371
-4863
6046
4165
-6887
4139
8274
4150
-990
-8560
-3342
-3791
6031
2486
-7645
5439
7551
4825
-1542
-9552
5440
8363
-2805
-5580
-7842
-2560
8579
-7306
-1825
-8119
-874
-6372
-5077
-763
2784
-8829
9628
2253
6658
-5988
-640
-4489
6594
-9854
6269
-3091
9695
-1206
2864
3792
-9482
-6934
-4105
3390
5787
2822
-5745
3960
5314
4723
3271
2380
-5576
-3781
-1053
3176
7295
5282
1082
6488
-445
6049
-8100
2747
2311
-2605
-6981
-2825
8914
2354
381
-2620
5020
3800
1712
5691
2270
9823
-2500
4479
2484
-4853
1582
-6487
-8056
-5080
9937
-4102
-3743
-936
-1168
3805
-6302
-9498
2816
-2392
-3522
7452
-4667
-2812
-2550
8741
3142
9926
-7253
6637
-368
43
1404
-502
-6024
-7383
-5831
3287
-3626
8687
-646
-2029
-3209
4645
-2805
7990
8235
3342
6233
-193
2697
4893
690
-324
-2193
4040
-1818
187
5362
9749
4076
9180
-1263
7370
900
-16
9059
2910
-2626
-7842
-5277
4874
-1617
4169
2819
5160
4431
2752
-8125
-7839
6732
3090
1651
5003
5294
-1494
7489
239
5592
-2910
5149
-5866
-7424
6500
4662
-3381
5852
-2285
4207
4397
1242
-9785
1644
-256
-1296
5937
-5870
5855
6789
-6602
2787
1301
-4999
2137
1968
1200
-4217
-4932
-8474
3280
3276
2387
8953
-7587
3473
3637
-7646
-503
-1246
8040
2894
3734
662
7037
1354
2321
-9696
4413
-5361
9517
-2361
-6555
2741
694
-2190
9263
1293
-8606
4943
-6614
8099
995
-7425
-9832
-528
-5302
2010
-3290
-8506
-1340
3649
-2023
-2301
4386
-9936
2119
3067
3095
358
2617
1330
8016
5361
-4262
7018
-8275
-3797
-2757
-8508
-3088
7788
-6246
-6978
-3675
9985
-6333
-3214
5690
8328
4280
-4157
832
-2139
1445
-8526
4531
-5456
5833
-9803
-5529
-3590
3308
6381
-4178
251
-2129
7016
6708
-1755
3030
8648
8818
7519
5456
3642
-3026
4338
6235
4828
-5797
216
-8188
9060
-1799
9341
5605
71
4727
3440
-2481
6644
9922
6228
-3618
3778
-4484
8974
1331
-4154
6511
-1682
-8619
756
7866
7818
-8023
7149
-7345
1677
957
319
-5185
-7680
-9448
9307
8826
-7994
-5573
-1621
-6802
-4400
9674
2884
6508
-3075
1114
8835
-1354
1501
-4201
-7500
293
5551
3694
4033
-8255
-2246
-927
-7231
6062
-1452
-7307
5096
6655
7084
-5570
-7927
8175
5413
-1324
4632
-3839
300
-6456
-9352
7903
-1543
9504
-7885
-9358
-4828
3654
-4685
-3115
-3315
4743
6530
-3068
-5068
-2472
-8636
9926
8449
-8279
-1601
5442
-8813
-5092
2674
5458
-4366
7147
-6765
8737
7290
3169
-2763
-989
6509
-5763
-705
9248
-698
-6383
-2922
-2716
8610
-180
5057
-6740
3326
5889
2097
-6437
-1324
-1190
6511
4488
-5031
-638
-919
-7281
7655
1834
8080
-3171
-1599
3414
5609
5431
-7694
7542
-5054
-14
-3434
8648
2966
4034
6640
3595
-3779
-4994
-6058
8540
-604
-6474
4671
2805
3103
-9398
3179
8265
1941
1511
862
-9736
8046
-9453
8838
-2206
2061
-8860
7507
4017
7972
-9115
9640
-4685
4266
-7871
8867
2977
-9247
996
6672
2201
3748
-9
-1721
-9563
3878
8054
9219
-8151
7588
7264
4169
2633
-9457
3207
5034
-8352
565
8236
6767
5362
-9882
-2168
3171
-952
-4124
3130
2017
-9542
-1508
3558
7719
5850
-2971
-407
-8816
-8139
-4101
-8492
8781
3419
4774
5301
-1783
2946
-2366
-4832
-1783
7305
-7782
146
-6814
-6413
-5706
-8296
-7719
9153
-7552
-5366
1296
4863
-5251
-8685
3302
-1366
-2979
-9650
-4951
-5127
3664
-6721
-4317
-5515
1009
6957
9776
7754
9261
3845
-2737
-5949
6041
8209
-7442
-5997
-955
-7012
8822
-6342
1686
-6287
1461
-1483
-4646
-5942
2583
-367
2145
-4310
-7642
4755
-2642
5967
5525
-2986
6319
-6510
6053
-7036
1776
9524
3445
1606
2322
-9072
-2903
-2213
-6030
-7697
5844
-3901
-7913
-7655
-9879
4190
-6638
1540
7125
-7007
-5929
2064
7033
-1526
6661
-1985
1935
5767
1083
1267
-2629
-7534
-1654
-10
4347
9438
4369
487
-5552
5375
2351
8728
-7349
1577
1313
450
8029
9813
6174
312
-1734
-2431
6560
5373
3050
7853
-1743
-8283
6389
-8035
987
8416
-6640
-8993
5843
3387
-9174
-9043
-8234
7488
8293
-6109
4157
6477
-1425
-2978
7824
1953
4763
1017
9564
2381
-2913
-4197
7510
-2020
7785
-5825
4628
-2112
-2091
6025
-568
-6751
7864
9464
4403
7924
1342
-9220
7443
4781
-5330
1906
-3463
8092
7793
-8984
-2268
-6596
5582
-4056
3308
-871
264
-1998
2275
-7584
7459
2530
-4709
6834
-5485
-8537
1081
9559
-4212
-3331
-3711
-6166
-2577
-289
-7131
7196
-8868
-4560
-1807
-7458
4011
-8467
-6506
5981
9587
439
7352
8829
-5205
3245
-1197
8260
2546
9117
-5216
-2919
7681
2170
6714
3030
6053
-657
-1533
-2442
54
-8585
88
-3623
-4053
-7528
-1342
-9762
3756
5101
915
-2065
-8971
6247
2352
-6314
-7649
-2703
-4963
-7470
7929
5834
1632
3704
2721
-7014
-5812
7775
-3554
-6604
-9524
5364
115
6020
6515
9003
4508
-1317
5581
5582
4180
3569
4632
3864
-2169
-9897
-4378
7449
-7215
5355
2060
6485
-7933
3101
-1339
2748
-7205
3969
-7262
2482
6921
6192
-8479
4592
-7056
7194
-6149
8594
-3533
-7440
-5802
4902
4441
5448
-9311
921
-9389
-9485
-779
7086
2398
-6493
-8595
8673
3318
-3765
-3761
-8001
1494
-4094
-3205
-1544
-9005
-5895
-1442
-234
-6036
-1276
-1491
9689
-6985
-1936
9058
5433
7368
7992
7153
3043
-8379
6412
1912
-5317
3817
6106
-2362
-4172
8631
2132
-9321
-3679
8682
2101
381
-6021
-6398
-9894
-2698
-2715
-4784
-4269
2659
1489
782
2555
6283
4130
-173
348
-4350
2251
-4384
2898
-6110
8962
-8106
-4132
7498
-8405
4625
8671
977
-4011
-1085
-1493
-7302
-6269
-1224
-2673
-6238
-7359
6205
-4640
5922
1402
-8933
-7355
-7268
-6490
-466
-2750
1955
9841
-1834
-5159
6604
5155
1785
-4795
-6702
-1053
6598
-2538
3720
-2832
-7874
4080
8888
1243
3676
5930
4930
5089
5169
850
6735
9873
9209
3980
-4123
674
3478
-8510
1637
2080
-8842
8778
9955
2365
-5056
-2856
1523
5050
-3495
-9624
9305
8379
-3112
4864
1739
-7569
-580
2772
-3052
-2453
-3592
-4025
7490
-6596
-1882
3426
3658
-9440
-9092
9114
7068
-8844
-7204
-598
8477
2511
-1887
8089
-3356
5353
-5011
-2452
-3294
-5641
-4845
-8283
530
1294
-3298
-4574
-8842
-51
-9040
-9800
-2286
-4957
-7204
2331
8307
-5342
9477
413
1492
-8291
-8323
-5490
5171
-7155
4684
-8164
-4984
-3703
5954
-5115
3648
2484
7439
-9637
6910
241
7913
2067
-6726
2372
-3940
5227
-4658
-6386
-7261
-665
-1050
9451
-7935
1447
9184
-8396
4758
-5142
-4328
-294
2013
4809
-868
-2691
-4264
-5560
8264
-2313
-8054
2943
-7318
-310
9270
-187
-6975
7799
-3448
-6949
5256
5812
4266
-3655
3924
4780
1469
-472
6294
5178
-2156
-7352
4098
-5473
5916
9553
4881
3926
-30
7194
-6939
6647
8787
-2895
-9207
-8861
-1301
4134
3488
1407
-7070
-6112
-8225
8348
-5315
-523
-1378
-6189
-8130
-6324
1472
3394
5880
-7543
-1311
6737
3777
-3800
-1780
2723
-9731
8699
9316
8471
-1818
-2106
-1972
-245
4742
3689
2918
-830
83
-8262
4870
3753
-4571
4930
-3708
-3716
8871
-4244
170
7593
7780
6072
-2148
8247
-2011
356
8519
6845
-7041
5220
7741
-7589
-44
-2551
7241
-6450
-3464
-9138
-5358
3628
1011
317
-5889
7430
5744
-2062
-8355
3257
7142
4121
-7662
5062
4931
6335
2474
-1752
-7534
-2956
2885
8898
-2266
-4983
-6808
9597
-2097
-6212
-497
-7003
-5379
-6786
-2616
5109
8642
8774
3694
-9500
-6167
-3089
4912
5135
904
-6847
872
9983
-4253
4098
-7292
3312
561
-9151
229
940
1173
-579
-7592
-7512
8197
9540
3908
-502
-480
-7959
7062
4837
-6978
-6688
-4607
3456
3422
8985
-6008
-3052
-2232
-1067
-673
4271
-3308
-6441
3088
-1864
6813
-614
-3337
-149
3633
3321
7576
2840
1017
8041
4537
8124
-6149
6668
3607
-2037
-4926
-1288
6681
-2551
-4893
8163
-7673
5676
-7278
1790
7688
4218
-3585
-7626
-6574
9022
5099
8331
-6278
8924
6792
-5060
-3444
7412
3529
7160
-1617
5072
854
6485
-4496
-5941
-3166
-9965
-7376
-8821
-6763
1897
-9974
-9687
-5147
-2191
1992
-8612
3664
-8966
5130
4491
1132
3022
-614
4151
3821
-8735
5670
-195
-5472
5168
-6737
4714
147
-1302
-3914
1768
-7460
1939
-5979
-7144
-3253
7091
96
9129
-3232
9300
3621
2914
-5622
38
903
7121
-8042
6997
3875
2051
-5127
8140
-8844
7799
-7933
-5126
-4058
-7304
3539
-1427
4262
-5675
8521
6061
-529
8789
-9954
-863
2027
5629
8889
-6853
-5468
-9522
-2410
8103
4356
370
4809
168
7610
8106
-5591
4914
-8353
9798
770
7927
-6632
-8385
-7666
1427
-5747
4451
-3876
-1883
6554
-6587
-8648
-9648
7447
2414
-6451
9170
2846
-4353
-8955
7984
-1866
949
-8147
-6312
8871
2576
8915
-1387
-4559
-1168
-225
6197
3254
6608
-7478
5135
-1882
2980
6358
1271
6665
-1267
6319
7993
-7983
-4759
-7149
-5360
2456
7871
9170
6096
1384
-9231
-1868
-5073
5853
-2623
-4909
-5286
9245
-7746
-7484
-1829
-4740
-4804
5564
-1830
-3187
-2438
-3120
-8211
-373
-8181
6116
5099
4865
8945
6498
727
203
-4073
-7842
9396
-9382
-8008
-8449
2592
-1598
6648
9259
-158
7430
8427
5823
9287
5969
-1860
-3728
-8163
-4372
-1288
-1082
7138
2386
-2890
6005
-4515
9592
-6209
6564
-8624
-6843
5069
2208
4224
4151
3904
3911
-9993
-9278
4962
4677
4099
1374
8744
-1053
6800
-9723
-6549
-1923
8838
2334
-6456
5428
5964
-1376
6263
6990
8984
4138
705
2756
3628
-7684
1308
3597
-4017
4722
-1219
-8743
-7523
-9642
4632
-4075
-3961
7125
-1757
-311
6515
-4681
8985
8220
-6169
-7208
5826
4872
9736
-1992
-1841
-3868
-4602
-6397
4727
5997
6227
-6440
9266
4358
5771
-750
-4820
-8047
5209
-3938
-1362
1587
-4584
-4172
-8809
5385
6500
6304
1432
950
-1807
3873
-9918
-105
-4939
1854
-7353
5184
-4237
-9188
2441
8363
-7506
-8687
9255
-4256
-142
961
-5625
4110
-9164
-1550
7665
6650
3998
-8384
2988
-2118
8061
6529
-9217
-5480
-9538
1528
8203
2481
-7771
9587
2364
6330
5168
1505
3767
-8549
-4768
5901
-1422
-2303
1357
-3222
1187
-4289
-2949
7760
9417
-5361
-5241
-2140
-7250
-5117
2109
-459
1499
-2058
6178
-5997
5041
6386
-5522
5574
-6038
7816
-6543
5699
-3463
-1687
9188
7072
1298
966
260
945
-4802
3573
1460
9674
8394
915
-4612
-4773
-3113
-4
-5913
-3119
629
12
-1938
-5496
-7300
-1008
-2097
9777
3230
-3844
-5959
8155
-6637
4665
-1821
4458
-3554
7081
-4819
-397
2122
593
-6263
3248
628
3105
9206
-1678
2330
-4221
8988
-7847
8107
604
-2318
3417
-7017
6643
4081
-5133
-6937
-2253
1069
-689
-1456
9378
9495
5569
-3486
7655
-935
6204
-897
332
-5126
9406
1700
7261
5697
-6365
-7984
-5409
-9478
-8860
-1063
7498
7292
6974
8393
7577
-4584
2177
989
-8091
-2827
4862
-8971
8745
2742
2052
-3715
-6671
5099
8090
2551
7520
7746
8029
1142
-6135
9782
100
-4276
-9557
-7758
6663
-5759
1482
8323
5068
-5799
-1214
8188
5555
4038
-5738
-4787
-7750
-5645
-1247
7023
9592
2359
8152
-7097
-2346
-5087
-5814
-1226
-1342
8436
-3074
3619
-491
-850
6647
-6799
4065
-5013
6425
6366
8954
8017
-3261
-4461
-8849
6102
-841
7487
-5478
-8764
723
-6134
8634
-4031
3758
6014
1983
8705
430
2834
-3797
1764
6561
-5597
8124
9397
32
7801
3312
-1061
1545
7402
9387
1871
-2211
9435
-3545
1414
-5812
9524
-8288
3290
3270
2144
-7591
-704
-7697
5138
7083
8344
-6096
6453
6477
-3725
-4179
7758
-4580
-2765
-685
-6860
5231
-9062
5444
-9773
4525
7550
-6494
9328
2802
942
9140
3416
3540
-5328
-9969
6312
813
-9978
2933
-3665
9152
-621
8870
7514
6826
9644
7953
6201
955
3572
-1971
-9900
2347
-827
895
1471
2275
-9406
3274
670
4258
-3528
7402
-5426
-8587
5108
-4252
8876
-5043
4431
-3312
2277
-7186
3443
4717
-3533
-2872
2926
2561
4422
4095
8851
-1966
-9449
6851
-2674
-5354
-9673
5371
-3036
-4476
3847
-8490
5003
-4745
-3747
4803
1339
-4992
5921
-2205
-9576
4428
-3897
-5354
-4656
-1196
-2039
2489
3246
4023
2455
687
-6311
668
1098
5316
4093
4558
-416
8764
-9864
4842
2145
-2782
2202
5283
538
-1993
-2815
4492
-5681
8397
3891
-6866
2937
8422
275
1543
4030
2453
3237
-6845
5735
-8782
-7358
6837
-4397
-407
-1920
9994
-5775
7035
6569
3028
-6350
6268
398
9964
-8883
5519
2980
-356
4626
-2219
-469
5982
5431
2445
6353
6835
-484
-2299
-8030
7601
-6552
8651
-4696
-3295
1000
3332
9948
9478
3713
6098
-6687
-7613
4434
5573
347
-7444
-1090
-115
-1006
4309
-8415
8584
-3004
-3626
1733
-2169
5768
4941
-2822
-7881
6017
7443
-1708
6638
-4286
8791
-8460
-8020
-1348
-4198
-5131
-2504
6083
-4898
-6439
-1115
5419
1816
9737
9753
4340
-8576
8734
6969
-7473
-6938
4285
-1061
7246
-8205
-393
1962
-4448
-381
1883
-6649
2023
-3450
1317
-2668
2036
9479
8374
691
-8635
-6827
634
7862
-8756
-17
5975
-8315
-9562
-4257
-8681
7548
-9549
-5720
7185
-2149
7153
7268
2625
7308
6552
1807
4444
-3021
3114
6240
6397
-5214
-3132
9461
7012
-7277
2894
-6310
5819
-1453
1856
4960
6667
-4837
-6733
9133
-1380
-6038
6779
-3769
-2388
418
-4911
-8980
3320
9173
-4911
-9960
-5507
-3393
-2138
835
-4016
6668
3089
6328
-3102
-8223
-4126
-8659
5079
-8300
7255
9926
9905
6222
-4024
6156
5568
-2631
-2730
-7482
196
5559
-3041
-4470
-2898
-3356
-7795
-6149
-9224
5211
1936
911
-8281
-6671
1429
-4890
317
-4235
-1186
5001
7326
-7479
1857
9296
1519
2734
4359
-6591
-474
-9863
-3620
908
1503
-2498
8639
7064
-5947
6283
4059
-8291
5165
3297
-256
8067
-2777
6629
4352
1828
1719
-6415
4133
-6740
3344
-1320
-7745
1347
8030
-1648
723
6552
-6798
3894
-9364
-3361
-5329
-764
4845
-4523
8870
-8972
-7586
7004
-8029
3515
-2889
3619
4526
1234
-3684
1939
-171
1380
8668
8377
7783
8176
5625
2395
4466
9944
-1941
7028
6108
3932
-8150
-5624
-7006
2977
-4466
-9869
-5260
4527
-2681
-4515
3819
7086
-3840
2133
7173
-2159
7695
-3351
2555
9963
-8039
-5242
-1210
-1095
-4778
-211
-2157
2065
-9633
6989
2276
6725
-2278
-4434
-7374
4887
3948
-6755
7417
-8833
-9088
-3135
3173
-3994
3172
-4891
9685
2266
5060
1139
-6945
-88
6090
-7185
-8458
5306
6462
-2894
-1881
-7773
9605
-4881
5401
9350
3802
8204
-6457
-6222
-8919
1343
-2214
5169
9569
-9793
9420
5617
-8980
-6500
7693
177
-9584
2739
1774
-3314
-8900
-5759
-2539
3794
2481
-7269
-1869
-2688
-1652
819
4448
5765
-1990
5925
-1855
5438
3366
-4915
1759
-949
6316
4869
7520
-5026
-6217
9745
-2518
4317
-8734
5728
-698
1704
6246
8709
4424
7659
-8688
6143
-1600
-7226
7847
-5438
-1896
-3652
-989
6545
941
1144
-5451
-3189
2088
-3424
5805
-7474
9023
-6759
4306
-8851
-5743
9192
-1488
-6366
5307
-7614
2873
2618
-5231
9981
-5265
-5867
5499
-6168
-849
5921
-1304
-9899
-9561
8778
491
7634
504
-5792
13
-3134
-6749
6931
5693
6727
1425
-1132
7105
9245
-6762
-5628
7446
-3733
-7377
5226
-7687
-5077
4228
2566
-4889
6398
4361
-8045
-7953
-5723
2789
4400
-976
8238
-5913
-3200
5603
4791
4110
-7046
-9944
1361
1357
-1619
8325
-5208
-5847
6394
6243
9780
5386
9585
-4586
-6276
-1004
-5923
8577
1032
-8385
3921
6813
5897
-7346
9601
-9282
59
4415
3430
6695
-735
-2259
-2885
-702
-2559
-3387
-4195
-4235
-5616
-5476
-9746
6421
3885
3046
152
-1185
-1851
871
9093
1619
-8169
-8336
7741
4020
503
-5123
-8264
-7951
9932
-5946
-5786
-1661
-6224
8303
-1957
3565
3028
-6114
-6610
-6014
-6651
-4866
-5216
5041
9274
7476
866
-8864
-5937
-758
3654
-9827
7198
6944
2335
2584
9720
-270
-9244
4979
2504
-1720
6400
-762
-5013
-8495
-2609
-6588
-1010
-7721
5082
5498
9394
496
424
-7524
-5750
-7330
7057
8731
-8741
7149
7433
4283
-6816
5453
-5381
-4080
8119
-8552
-8992
5038
-9765
-9607
-8616
3591
-8986
-8945
6691
-1606
-955
485
-859
3266
-4918
-9932
-3770
3380
6676
-608
-7594
9035
1192
-3430
-8747
-9879
7102
-1407
8430
5985
-8551
-3134
-7845
-1626
-1312
-6789
3998
-2783
-7026
7321
9808
-21
-4413
-923
-1232
-7311
6520
-7384
-826
6942
6247
-8108
-6141
-2691
3344
7845
382
-2773
-1813
3059
3349
9453
1677
-2947
7666
2993
9870
9058
-1166
-4298
-9034
479
7050
6529
6152
7833
-3996
9730
8460
-1763
-4861
-5153
7212
7264
2075
8161
-9337
7672
-143
-6023
4673
4498
8743
8015
-5445
-1327
5406
-1714
8391
-1755
-5876
4274
216
9152
-8396
-5825
-8178
8830
3793
-6807
-4038
6151
-7779
8386
7299
1760
-295
-9194
-9297
3813
-4630
3785
7417
4812
-8666
-6616
5872
5671
-5854
-5590
6404
9742
-81
-3112
2856
2774
-9906
8305
6515
4939
9324
1671
6189
8997
-3437
-5616
9871
-2747
2533
-5006
-7194
9520
-9879
-239
5253
2870
4589
-7241
-8643
-165
1484
9014
4819
6767
6484
-8331
-201
-5150
8680
-9278
-2528
-5239
1983
9848
-1101
5197
9112
7804
-1951
-3820
4294
1623
-3531
2007
7505
-2295
-8833
6507
4955
9371
987
-2282
4887
5597
-9653
-7811
-2760
-4149
401
-9435
-9260
5715
670
-1737
-9623
3594
4035
-5048
1712
-4275
-1349
-9505
-7795
1908
-2476
-2983
6114
-5711
-204
-4627
2063
9069
8887
-9424
4185
6165
-7833
-8384
-4389
6105
-3923
-9371
-8531
-5552
-8363
-4703
6973
-1048
7871
4043
-6857
4501
-6178
-158
1270
-5787
6016
-8645
392
-548
-5024
3887
-7345
-446
5522
3329
5495
5472
6131
-7289
-4644
-8321
-7015
8653
-5393
5273
-3032
9520
-6717
-3985
8143
-3826
-7821
-2428
-7934
3395
8391
4493
-6492
2415
9415
7405
4604
8882
-8159
4059
-2573
7390
3617
6225
1647
-9975
325
-3180
-9755
7299
-6682
-1047
-5187
-9595
2586
269
7731
558
-3145
2697
-498
-7708
3127
-9312
-4711
-3943
-7528
-9893
-2785
7318
9708
6861
174
5810
7158
6259
9500
1792
-4374
8383
-588
-7205
2870
3079
8918
2756
7908
-112
1810
1825
-5904
-6726
-7133
4260
-439
-1540
-1966
-8123
5746
-3048
-3019
-7735
3990
-2969
-8097
4292
7596
-2482
5466
-1730
-8196
-3246
7011
4392
-5627
4437
-2869
3808
-3387
5567
-1805
6182
4745
-1678
-1897
-7810
-8002
2688
-6666
-7449
2361
823
-9266
2348
7621
-3484
-5361
7693
-5069
-2722
-5112
2990
7673
1271
2691
-2627
-7389
9186
-2108
-2886
-4193
-6886
2179
-8633
-4968
-5182
-1296
2871
4535
9361
6570
110
-8256
-9241
-8308
-5500
603
-4040
6545
1842
9074
-754
908
3677
4384
-9287
-7474
5050
3532
-9393
9419
9214
8389
-4495
3830
-6437
9029
7748
8502
7320
4586
-6286
6813
4613
6274
3931
3264
-6274
-2864
-6847
-4270
9439
-5410
5542
-737
2399
-1132
-7675
1671
2667
928
806
5463
-3573
7258
-1404
8248
9068
3936
-7864
-5475
-7426
321
-8445
-6852
-9746
-8141
9598
-4615
4097
-6404
-171
-461
-3644
3051
-1962
-6671
-5789
9868
5763
4929
-9274
7657
-5996
1406
1441
-4468
5031
-2829
-7673
8812
-7193
-4439
-2345
3180
9004
-8283
3251
-1133
2127
-2314
-1139
8501
-5073
-683
3437
4067
-643
-4028
-201
-6492
-3363
-9922
7600
6599
-4782
-3786
-6251
8721
-5305
-759
-6377
9575
-9590
249
-6080
8627
-1273
-9476
-6624
-3248
-2981
-7909
-7255
-8332
731
-4712
1956
-2994
4042
4289
-197
3743
5976
1267
6479
-9190
6326
-5875
25
4647
9403
-6957
2793
31
1692
-880
6254
3342
-6270
-514
7134
-6297
-3729
-4353
7870
-4601
-7863
-6949
7610
-5294
-4847
-9251
-1196
812
-2694
8300
6358
-5943
4400
-446
-8250
-7137
2176
-5690
-316
-3632
-1608
1721
9126
-9054
2973
225
7079
7200
-5881
7641
7779
-6810
-6065
6203
2927
-3199
-2507
2471
-7301
7938
741
-1839
7077
-4653
-1118
-4003
-1812
-5561
7133
-4532
-9941
-2666
7294
1059
2079
1188
3500
40
-6768
2315
-6931
6087
8015
6643
-8188
-1585
1106
-9872
-6789
-1897
2216
9631
2477
1889
2225
-2544
7914
-2572
5432
362
-5318
-9355
-4959
-9308
7622
7246
5181
-6158
-6238
-5260
-336
-4991
5050
437
-2191
1213
5797
-8266
-7781
6635
7887
-449
9144
2376
5211
-2644
-6891
3287
-6173
-5431
-1700
-9108
2268
6967
1448
3749
-2816
-4718
-3052
8029
4329
6437
-6318
-2397
-8503
-1557
-8418
7475
-9642
-9467
-948
-3852
-438
-2594
7005
-8832
-6436
4134
-2825
-8114
-7623
8141
8418
2196
4651
-2102
-8131
-6572
-2616
-1606
5500
-5480
-7097
-5898
5640
-9770
-3625
-4250
-6781
-7064
-1791
-5894
8201
-7304
5243
3050
155
-2190
6162
-6504
-9093
-1113
-6819
-1561
9273
7242
-1827
-5609
9895
-2802
3182
-605
-2789
-5914
-7087
-9236
8144
7951
7683
815
-3945
8074
-347
3795
-3248
-2468
4745
-1647
-7961
5545
-8957
-1996
406
2692
4276
4062
-6917
-4193
4363
-2876
9101
5618
-48
2386
6837
-7798
-6103
-4451
2802
1700
-2951
9805
8095
-637
-5315
2811
3354
8146
9474
-1170
8886
-1028
-5886
7996
9024
642
-5345
-187
-6699
1682
4410
-800
1243
4649
7447
-3257
4066
-368
-8068
-551
-3085
7733
-2044
-608
6219
-9537
6933
-2928
2821
7149
8790
1048
3516
-5877
2323
1782
-1523
-6443
-2645
7056
7907
-9325
4220
3935
-1902
-3292
2333
8674
-859
-403
-7183
-8652
-3246
630
-9336
-2661
7048
-9152
4359
3085
878
2769
-861
8786
-441
4967
1274
-2587
-8123
1359
-5198
8118
1470
6040
-2212
6375
9426
7052
5274
5100
-7808
-2133
-2720
9663
-4917
-9427
-1854
4278
-1788
-9254
-4555
-4219
-3880
-3916
142
-9570
-4597
-6548
9727
4663
2549
-1812
-6493
-5255
-5945
-8214
9741
8715
-4448
-2172
8704
9315
5104
-3790
-4064
-9234
3705
8404
-6957
-7708
-5771
4975
-4585
7936
2575
7224
9128
872
-5956
1764
4530
-3216
8578
498
-3013
2749
4686
-6563
-3429
-1078
-6689
5753
-4122
275
-9977
-776
7237
-9956
-1773
8307
6657
-4973
9408
3575
-8362
8648
7792
-4676
-8032
-5020
-3999
7224
-1875
-2017
1084
-9760
-3005
2358
5929
-6427
-8391
-9723
-4545
-6066
-8833
335
-6109
2251
-1189
-7136
4653
4481
-4855
5093
9921
5603
-118
8244
-8291
-9932
-5045
391
-2536
3578
5394
-1759
2478
2776
-5949
619
9679
5700
-4240
194
-8135
-9587
-9334
-2062
-1795
-902
-5897
4829
-7451
7066
817
6827
-4109
8856
6203
-9300
-6803
2815
-1975
-1160
31
-294
9667
5515
9495
7512
-2998
6930
-4239
-9913
-469
-5914
756
-2455
546
5652
-3603
1204
-1527
108
4032
6697
3915
7582
6758
-8071
8541
-8514
8216
-578
-3583
2724
413
949
7487
-2715
8687
-9478
-2839
1623
2139
8505
-5188
-8021
-5604
-639
611
-2825
-3361
3635
-4866
7208
-520
2629
5748
-9256
6492
8208
-1372
-6077
5031
-3823
6039
-3326
-9763
7600
940
270
3726
7103
-7932
-1427
-1161
1505
5710
-1800
-2586
9134
2550
6884
3219
-7274
4546
-1867
27
8775
6276
5653
-9593
-9319
3410
-7503
2776
1351
-4948
-2315
8630
-9057
-3479
-7254
-1003
-7082
-6207
-654
-243
-3333
4383
-7056
-4165
-9698
7979
-2430
8317
6642
3467
-1059
-5883
-5691
-160
-9729
2308
3465
39
-2507
2134
-445
3791
-3360
5456
1697
-9129
4396
3256
9938
-5106
-6889
-8849
39
8911
1493
-7687
2791
-5078
-7769
-5479
660
8687
-703
982
-9277
4109
6103
-8999
7849
-9008
116
-7474
5823
8165
1805
-282
6976
9108
6151
9942
7434
-5952
-5500
2042
-5916
-4083
-6849
-4066
5219
-4160
-7681
-4625
7129
2761
-2125
5787
-4543
-9139
-4604
-9436
-3378
-6101
-2065
-3523
-4704
2473
-2987
-3117
-7307
-9118
-7016
-1282
-7301
7256
-8015
3428
-7284
8156
-4440
-4709
-6822
-4120
-3779
-3298
5311
-2297
4066
-4057
-192
8445
-5829
1984
-2832
7877
-921
2867
-5384
-1707
8975
-1421
1823
-2835
-9192
-8518
-8714
4844
6313
7886
-6388
9803
9622
-7348
8807
-3659
9680
-8908
6432
5486
-7707
4608
-9325
2552
5406
513
3535
882
-8603
-4739
-3964
-9499
7234
845
435
-6653
-4586
-2996
-9148
-2452
-1515
8082
1899
-888
1023
-6482
8712
-1661
6247
9387
-8027
1950
-2827
2117
-3217
9207
-417
-518
-9221
-3308
5056
5414
3350
-9049
-3359
8659
2053
-9162
8638
-4952
1293
1362
-2628
-6083
-2129
7960
-3741
-8347
-1859
-3724
-7542
6119
-7041
8928
-9489
-8412
6122
1184
1273
-1259
6800
8618
-8647
1800
9247
-224
520
-2915
-7099
-5875
6741
9646
5684
-3319
-305
-6362
-19
9938
-6356
3564
-7161
8576
5582
-8056
-1694
5137
-2774
-4156
3397
-3387
9413
343
1244
-2606
-9085
8435
830
1875
5830
8269
-626
-6425
1280
1142
-9185
9767
-2376
452
-8771
4698
9173
5172
-2515
2995
-1908
-2888
-8334
-8212
-1234
3588
39
-2899
-9015
-5249
-130
-7698
-9406
4160
5746
-6257
5930
9394
9061
5299
-3904
-4269
6069
8727
-1929
8499
8022
-7118
-6886
-8172
-7344
5807
-2062
-493
8641
-3623
4200
-5746
8322
-6472
-345
4198
-5068
8467
284
-4614
6831
-1497
6028
6664
-9897
-6975
6670
-6600
2829
-8921
-9456
-7436
1530
-1856
4549
-462
703
-8070
1963
-1035
-1170
-4544
-3942
-1817
-677
3358
5838
2637
-922
8230
418
-3272
-498
-4718
-3891
8747
8843
-1123
-2818
-254
-5858
7841
3658
-8358
6060
-9073
2318
-2805
1190
4542
5421
-3974
4625
-8046
5505
2296
7039
-8342
-9868
3306
9515
-399
-1445
1636
-5741
9824
8370
5348
-9135
9032
-6487
7850
9607
-371
6656
-9059
-9999
7405
2296
-7761
8057
33
4634
5203
2950
5082
-4327
-6515
-1699
8837
1898
-92
-3800
-5860
-1476
-2354
3334
-8049
7273
-472
8240
-5402
-4834
8892
-654
4856
8499
5270
1180
6369
7953
9648
6532
9220
4423
-6986
7484
-4344
2857
4717
-5365
5789
-9065
3600
-2891
-505
-6182
1272
-814
8472
8774
-7307
-5801
-1844
-3295
-6204
5464
1797
-8646
-2291
-6979
-2402
-1170
-3486
-3085
5506
7206
-1163
-7749
4743
-6768
-1000
2529
-7976
6502
-868
-1898
-9488
-2165
2054
9181
5778
4203
-743
9951
-6122
-8152
9057
9571
-4947
-5751
-2478
-9915
-9126
-9272
6797
4701
9201
-3149
-9298
4822
-8509
522
-7509
3286
1046
5988
5217
7838
-622
-6185
-1602
-8808
2576
-8490
-8713
-3396
-2548
8044
6244
-7253
1298
-6462
-7655
-2360
-608
2302
-2212
9025
3856
-1407
-7603
-4991
5362
4337
-4603
-8921
8712
6557
-2237
-9256
8849
-6568
-982
8593
7007
-731
4339
-8677
-127
-9532
3741
-665
-1976
3708
-3361
1778
6663
3196
-6106
2458
-3157
-3653
-9135
6381
-6815
2657
-673
-9607
7980
-6155
-7483
5063
7141
-3641
-8495
-8917
-5890
-5763
5434
-7331
-6519
-1698
-5438
-5764
86
-9128
-6150
-1182
6441
2269
-3133
-7806
2770
5593
-6630
1633
3251
-1393
2577
-3547
-2770
-1390
-6114
349
5622
-223
-9999
1345
3053
-2150
-669
-6913
2200
-2284
-2517
-1382
2365
-9007
4752
-958
-6206
-8317
652
8129
9482
-1283
-3336
-27
2405
5706
8040
9416
-6207
9699
8632
8537
5750
7787
-4268
-9284
-6045
4653
-2257
-1763
-9546
2165
-7920
5394
2423
6476
-1815
-8365
7674
6938
-8443
-2112
5374
-9983
5321
-4841
4226
5018
-2923
-2202
-2238
5103
9838
8007
-1823
-8884
-8577
-3316
2003
-7847
-4386
3553
1275
483
-5398
-8507
-7572
-9588
-1092
3142
-6664
-855
-7887
351
4524
-8792
-3617
4203
-6779
-9655
-5364
3750
7943
-9293
-1426
-7496
9528
-48
3601
5149
2640
-597
-5124
-1481
9605
-1679
7981
9617
-7359
6761
8953
-9309
1457
3735
-3961
8092
-2609
6123
-3758
3528
9713
2922
9881
-1133
-9482
6866
-1984
3798
-6988
3253
7996
-7889
571
1868
-3068
7400
-8135
3615
9556
7909
-7590
287
-344
-4196
-198
-564
-3647
2649
-1234
-371
-6137
9930
418
3248
-3572
6718
210
-6788
5226
-5842
-6022
-5250
9436
-5841
8411
-9845
-5166
-4897
-1032
1707
-1301
-4011
-5067
-4038
5469
6634
5832
686
9014
-3881
5544
-1995
6043
-6561
6981
-8900
-1510
6130
-6221
-4534
-6093
7562
2205
199
-3711
1499
-6356
-6036
3766
2696
5216
-1847
1772
1914
4562
-204
3515
3584
4289
6641
6014
7432
-9373
4901
7007
7518
-8041
-9349
9432
-9025
2052
3242
5847
-1391
-5871
3645
-4009
4575
6349
-486
242
-2940
6863
5739
-4692
9299
1720
8996
-8015
2981
-7262
8178
-947
6339
6527
1791
2363
-969
-8883
-4599
-5875
-7739
-7715
-8289
-5496
921
6046
-8697
7573
-3293
-198
-8558
-6176
-3398
3119
6528
-2398
-1490
6052
3178
-5352
5525
-8731
-8989
-578
1084
8540
-2118
-6203
-8349
3243
3107
-1525
-3379
-9617
7364
2542
4244
3678
-8030
1865
-7654
9194
7516
5933
8980
6705
6832
-3878
-4689
6731
7520
-3275
6801
-5162
5299
-5817
367
4254
-4535
-6915
6405
-8993
2264
-2661
8975
1272
-7413
-5124
5728
-4994
-5448
-6566
-1263
1904
4152
-7342
2382
-1148
5350
1027
-3509
-637
-3472
2638
8645
3854
-2826
7273
-9618
-2156
-9577
7773
6718
4646
-230
9149
9849
4591
1235
-5796
9330
9355
-6891
-5398
3441
936
6561
-4314
-4513
-8954
-4311
-8544
6229
-2055
-7949
-5478
-3348
644
-9310
6467
532
-9381
-6750
-4675
-1906
5997
-4369
-2690
2267
6533
1443
-5654
9139
7666
-4419
8760
-2346
1706
2584
-3602
-6302
3830
8564
-9043
4441
-3822
2047
-5733
3272
-3446
667
-9351
-8146
-5138
-2502
6370
5547
-8725
527
5554
-9815
-9639
-1036
-933
-2970
8845
2142
-4498
-6316
2170
2912
2847
1767
7226
-2708
9816
-7714
7315
3215
9299
1607
-3785
1705
-9887
-3872
2125
-6582
-5628
-1396
1333
-2929
-8481
-4885
-4625
6617
4548
-7694
2208
6050
-4247
9431
2078
-1134
7088
-8894
-4634
-4063
8690
-4596
-2475
-3468
-1071
1501
453
360
-5822
8153
7674
-5141
-7900
-3376
-4457
9247
-2680
9885
4727
-1446
-2132
-5504
547
4340
-3964
74
3316
7026
1213
9891
4862
8273
1953
1491
-9291
-4995
8425
2663
-1205
-9443
-9843
6185
5175
7561
4683
7706
859
-329
-5075
5850
2759
8200
6989
-5516
5813
-2426
-8025
1632
4488
-337
-2480
7242
-1746
-7936
3520
535
5828
9934
-8400
3942
9112
8845
-9492
-8036
-1821
-2289
-4916
3797
6999
-6256
3409
5936
-8822
-7429
9811
629
-4393
667
-6831
2902
-2766
-5086
-5136
-2218
-4895
-4831
-2136
82
2037
5485
1940
-6235
-8676
1731
3759
-9456
-54
-1473
-7118
6168
-3739
8417
7379
5397
-9836
-6848
-5330
3418
7980
-8442
8819
1603
1779
-3648
9316
-2879
-1366
4093
2506
3914
7546
9936
1352
6374
-5593
-2822
-3024
7748
-8519
7232
-1729
-5164
8182
9469
-4371
-4956
705
-4727
-51
-361
9945
-7120
2053
-3238
-7524
6994
-1769
2707
3789
-618
7061
-6274
3209
-7568
-5654
5642
7917
6489
-6018
-8210
3402
6671
-7423
-5255
3236
8020
1055
-3917
-2980
-8799
4641
-8164
6183
7866
-7174
6561
8363
-9567
-2804
-4331
-6398
-7452
-607
2469
-2892
1453
5047
-1533
3793
-1501
6953
5978
347
6300
-2798
3937
9668
-4157
3936
-813
6109
8054
8591
-4053
-6145
-9822
8948
-5709
5511
4469
-2799
3197
9009
-6725
4230
7512
-3626
-5239
1163
3024
-597
9280
-7589
7248
-7580
6167
-3382
-2801
4131
3382
2925
-6649
-3447
3290
9428
-7387
-2540
-9962
9035
-6255
3142
6581
-2261
-3241
2575
2350
-6121
113
397
-1302
449
-8501
8881
-841
3500
4573
-8785
-1147
7092
9363
-7810
663
131
4610
5975
3310
-1426
-2583
6203
-1329
3942
-9729
2913
-5919
-3827
-9151
2810
6927
5339
-3985
