14180
-1907
8851
7338
-8512
8158
-2341
-9621
-576
4313
7679
8623
-2716
3535
-6533
-7087
5532
9307
9856
-8415
2211
-486
-6539
-3121
293
6482
1427
-7132
-3505
-1142
-9584
6834
-1720
750
2924
-6486
6279
8121
-2226
2494
-1905
9044
-83
-6607
5169
-6726
-4091
5658
6154
-1724
-8309
147
-9463
2348
-7924
-8394
8043
3563
6087
7430
6386
-3880
1002
-6428
-2541
9487
-1735
7095
-8906
-1204
2916
-8880
-6796
-8388
4267
6451
5905
-5065
-328
8339
9226
-1399
-499
-9780
-5517
-3765
-6382
-3320
-1268
65
-7489
-3246
-9485
4535
5558
-1402
-8588
4850
-8768
-5087
-1288
-4891
7529
-7153
-8611
1357
-9428
1
8278
6538
5228
-5976
-8173
8501
-9303
-7192
9399
7800
-1596
1221
-5233
-8205
1010
3774
-1221
-650
-7922
1544
-7233
-2802
-1872
-8854
6744
-7926
-9578
5754
-3722
-2113
-5176
6744
-2540
8467
1143
3115
-4418
3974
3062
3090
1871
-9984
-2098
1749
-5312
-1273
1603
7239
481
-8584
3752
-6076
-8088
-9098
8697
-7899
6648
-6123
-8137
-8761
-646
6098
9556
3050
-6886
-5841
-5756
-9137
3004
-868
2743
-6695
2090
-5972
-8993
-7868
-3157
861
-9731
1701
1750
-9750
-2984
9993
1726
4221
-6560
7699
6781
4913
8021
1429
3963
2389
-3500
681
-550
-4640
9526
-5385
1221
8378
-5458
3497
-417
6922
-8203
-544
-5635
-4368
5152
5773
-7354
-5962
-1119
5515
9376
6706
4880
3066
-9541
3424
5522
-206
6991
-9726
-8573
5162
-7312
-5248
-4117
3266
-1146
4254
8803
5927
9784
-8151
-5655
-4455
8639
-8142
4960
-5327
-9690
9592
172
5312
-631
1677
-1189
-2899
-7557
4967
-6800
-1649
-9181
7212
6612
-8265
1591
9577
4329
-5611
739
9269
1466
-5895
-3036
7694
-7416
-524
4492
-7548
1974
-5454
-8853
5355
-7366
9183
1114
-2046
6846
4004
-2644
-3473
7168
4103
1114
6251
-8148
-4536
-971
5400
4068
-8978
-3056
826
9472
-4152
-214
297
-3332
-5368
-3269
-4422
7235
8432
-5443
3299
9469
3009
8214
7232
493
-9514
-9999
-252
-5327
-2187
9780
-551
5015
-7302
-2730
7773
-8672
564
4532
-6576
6030
-2744
2528
-1160
2351
6326
-234
-338
-5972
1398
-9045
-2774
1968
-4577
6848
-4806
-5130
-8981
2106
-1716
-8536
7010
-2212
-9474
1229
-3816
111
4763
-6599
755
2410
2271
9291
2272
5570
-8268
-2886
8619
9298
-9435
-1375
-8193
-8097
6395
-9994
3077
-6125
-8224
3389
9201
1326
-793
-5258
9611
289
-9888
-713
3111
8010
778
262
1988
516
2310
149
9875
-8397
-4498
9835
8897
8110
-6998
-4884
-6821
2718
-7651
-476
-7469
-4090
5318
-9011
8522
-3294
-1518
1782
-3773
6831
-506
-3985
-8663
-9433
-9776
-318
-5335
1345
9210
5174
-4637
-6187
-8922
-789
1064
839
7127
7434
4917
-2064
-534
-7944
-730
-6666
-4035
-575
-4349
-6207
3970
9859
-7370
6307
-8079
-8642
-4363
-9216
-8183
-9822
-809
990
-8465
-1567
673
-2577
8439
3028
-1151
-3901
4036
4419
2538
-295
4807
-557
-7967
1886
2288
7446
4783
7757
5864
3209
-1295
1865
-1396
9652
8620
-2043
3212
-8058
1523
9710
4606
-6760
-8695
1802
3082
5369
-4129
3340
-1559
-163
-7216
-5917
-4715
-2766
-1616
-8499
8548
-161
-7351
322
2589
9275
-4335
9730
-5481
-7926
5955
3460
-202
-4364
5236
1078
-833
2205
-2451
-6073
-9060
-5863
3892
1789
1662
623
5769
-2361
-6625
4019
-2549
3173
2916
-5906
4727
5448
254
9577
-8680
-7173
-3285
-993
1680
2708
4193
-2721
8320
-9770
-1360
9724
-9139
-4652
-2426
-4909
9625
-5271
6569
5187
-7960
3695
369
9973
-5802
7701
-4086
6190
9607
4634
3021
3735
-8352
8480
-8913
-4973
7330
1954
-3735
-3841
6897
1023
940
-3475
2860
5051
8648
-1162
-1746
-320
-9488
3607
3844
-6364
2236
-9483
-409
-133
-6769
-4858
3222
-4815
967
-3825
3064
6600
9798
220
4838
507
1725
8115
-9982
-1544
-2120
3119
5942
-7716
8025
1291
6048
8607
6594
-2339
-6730
8560
1795
9436
-1836
-3561
-3740
4419
-2140
-5167
8196
1777
-2105
6563
568
-8115
-5151
9279
-9934
8483
-9124
2458
5914
-4553
-8791
3910
-9107
-7884
9289
-8852
-303
962
9718
-3051
6112
3686
6521
5487
-7834
-2723
-6145
-7461
4260
-3150
-531
4188
5638
9465
-5479
-3287
-2015
-4214
6573
-1174
-8315
6408
-8490
-953
-5320
9077
4364
324
986
-1191
-2170
-4118
-5306
4629
-1509
-3188
3686
4404
-5235
9125
3239
1885
8181
-9756
-835
-6931
-5742
8866
-5119
5541
-3799
-7161
-3248
399
8282
-3446
-8819
-5198
-3676
3135
-8908
5060
-6133
2217
3962
9071
-1276
-4840
-9267
-2166
-8411
8246
-5080
3064
-5093
-8048
1171
-5442
8739
-1162
-6891
-7964
9501
143
3498
7360
-8170
1259
-9597
-4559
-9055
1655
-5939
5808
7666
9505
6262
-1513
-313
7104
-841
5562
7282
3370
-2942
-9515
4689
-7302
-1062
-5597
9957
-9154
-9900
2065
-8111
7050
-1761
-4714
-8619
5426
3385
2801
4889
-6239
5630
-8221
-183
-724
3819
-1133
2760
-2159
8624
-960
-5351
887
1841
2865
4001
2942
-6510
9421
1121
-8097
-8930
-6516
5074
4546
-9962
-4642
-3405
5224
224
499
6078
7856
4373
5986
-9985
2964
-875
-1967
3968
1942
-2281
-4339
-5831
1688
6214
-8940
1573
2772
3093
-9739
-2557
5590
6150
1165
3958
-4959
7426
-2272
-4831
704
303
-209
-7779
3432
9524
510
-8091
-6638
295
-51
-7061
7155
-7965
-6162
-6759
4200
4638
274
5925
-7645
-4632
-675
-687
7502
530
1565
-695
4101
-2580
2968
4608
5109
-1620
4108
6056
-4011
-621
-4157
-7439
-3629
-84
-9816
-6701
-4560
8563
3142
-3967
4624
6357
-2507
-3344
5927
3171
7904
6082
3485
7397
-8989
4230
-5192
3548
883
6136
9800
9535
3501
-180
7525
8909
5190
815
9958
-6961
-9106
-2347
-6115
2510
-6956
5895
465
7514
4735
-4182
-7518
3280
5191
8653
2219
-1923
-6921
9698
-6703
3744
9119
2357
1070
-6657
-2421
8148
-992
6103
5992
5870
-2410
-8928
7893
5676
-2522
-6846
-9138
9889
7794
-6437
-932
7802
-6055
-888
-3917
7357
2161
3877
-4099
7060
9645
-9524
-4023
1337
9757
2188
7184
-9983
2329
-5142
7618
-2016
-9368
-6592
6002
8848
7057
7699
6547
202
3499
-4023
-6782
5667
-5312
352
-8762
-4196
-471
-7637
-3492
-9192
9908
8916
-1547
24
3163
7741
-6999
-5669
2607
1191
9920
6280
4960
-4230
240
9458
-2323
3484
-1942
7448
-128
7601
-679
-1264
5406
8713
-4328
8870
-7257
-7848
6782
5232
-6066
6158
1332
-6938
7184
-2233
6240
-6833
-7387
8863
3439
-5423
-7915
1343
5590
5132
-5064
9998
-2478
1729
9976
-881
8439
-2018
8326
1459
-1568
-7131
-3076
-7465
-2314
-862
-6357
7888
6737
-2445
9103
-1905
6110
-9442
-3420
5290
2986
-9315
3643
-993
2317
1320
-8702
-1761
6537
7869
6014
-3308
-5182
-4824
-646
5214
-4896
-569
5786
-187
459
-8381
3751
7763
9077
8689
1041
182
9655
-7045
6594
-8426
-3354
-3003
-3272
-5938
8782
3511
-6168
5743
-2437
-3853
451
-5327
-93
5125
1403
3290
3646
837
5239
1483
-6723
1572
-9915
1841
8236
-4455
-7505
-8109
-944
-3782
8909
-2275
3183
9615
-1652
-5230
-519
-5458
-1688
8077
8807
5630
-54
1720
4333
3704
-5212
-9602
1443
-1472
5945
-2187
8489
5316
6871
7540
5904
-5294
9570
-3544
-1052
-6699
-2015
-1451
2887
9063
1128
-6018
-659
-9145
9993
6903
8970
4830
-1188
-9799
-6246
5425
-2952
-9791
9903
9124
456
-9975
9205
6597
4716
-4891
-1920
3150
-8681
-1747
4325
8817
-2702
4929
2439
-2949
2905
4309
5510
6128
6772
-584
8923
-9730
6277
1630
7083
-4668
8200
-8430
-1982
-4
-9117
1646
-2883
1928
5564
-1869
-7035
-126
-2484
-6022
-8438
-5603
1302
6835
-8849
-1203
-5992
-7659
1878
-2731
9308
-2368
2724
-5725
586
3871
-3570
5288
-619
764
-7887
4986
-5300
1515
-7036
8992
-3164
7872
3161
784
7983
-9197
-6002
7537
2252
6604
-6721
-7480
1232
9278
-6830
-2718
7341
4492
-5680
9085
-8903
-1262
4977
-8549
7204
6188
5408
5705
5584
1550
644
9713
-2642
-8898
-2199
3160
-5925
-8863
5726
7195
-8653
6357
-7944
-25
-7425
8285
-1311
6128
4645
-4031
-8491
706
6238
1443
-6392
-2217
-2160
598
-5795
9404
-4261
4809
4667
-5399
-9155
-9293
-2772
6590
-1615
-7347
1194
-2597
3226
2915
8930
9542
5024
-4762
4879
349
-9434
5839
161
-2711
6396
4459
-3703
-828
-7905
-5539
-6575
9083
-7682
-4824
8497
-8529
-2557
-4216
1936
-4901
2238
-1104
7339
-2435
2680
428
-4882
-9124
-9937
-3050
7508
3314
-5128
-8630
4415
-6730
-8333
8164
-9529
-3962
-8192
-628
4448
2427
-3060
-9321
-6319
123
-5180
5517
5217
5271
-9411
-7679
-1215
-7076
1683
-4843
-588
8976
5497
364
-4573
8012
-2325
7966
-6147
2060
-740
6218
2639
4926
6257
-6182
1166
6924
-2905
5590
6238
-9786
7462
7082
8528
-8706
1553
9515
-2609
1923
-2257
-7645
1143
5073
-6843
-571
-5974
-7010
-29
1189
-5909
3930
5455
6840
-7211
-3571
5390
9005
-8906
-6792
-7245
5854
-9388
5129
-8998
-5332
-3961
4044
-7193
6029
2537
-8804
-4499
2268
7575
8808
-8534
-4069
1686
4248
-2571
9920
-6800
-9288
6545
9836
-6630
5889
7996
-6452
-5423
-3003
-9114
-9876
2042
2239
430
-8965
-3848
-5609
-9299
-9560
3516
9335
4197
-5460
6590
8927
8867
-7947
2338
8152
4015
5720
-4821
2572
5982
-9272
-7398
-3639
-9822
4089
2159
1809
-675
1001
4110
-222
1163
6264
-9290
7426
-1405
-1381
9120
-1218
5768
1008
-4601
6143
-8766
-7048
-3434
9149
4067
6264
-7372
5189
-1008
3886
699
4191
-6926
3002
8708
-6552
1517
8444
-9163
5525
-8514
-8065
-8226
-4065
6441
-5903
104
-6850
-3780
-3661
-7921
-1621
-4574
-6901
-8794
-1308
-2111
-3056
-6472
-8751
3023
6528
-4402
-5130
8638
3867
-9531
-324
-2024
-8537
-2551
829
-3476
5053
1825
-7216
1585
-9067
6576
9694
4435
-4532
294
-3019
-1129
-6194
-9145
-9326
-3978
3999
451
9676
-6827
-6735
-9497
1212
5772
717
-5319
-4431
8432
-3070
4588
-1180
9240
-408
7956
8121
-4766
-2169
5026
253
-2944
9982
1629
-5238
1927
7069
-9772
3030
-3297
6008
-6967
-6766
2333
-5045
8203
5824
8391
-7776
6177
-373
-4011
-482
3660
-2623
-6287
1660
9678
-911
1775
-6487
-1735
-4742
-8415
-3792
-4859
-8868
-1907
-7853
-9456
3010
3566
-5061
8505
-981
8434
5451
7237
-6783
-800
-9390
-6717
-3295
2833
-1025
-1646
3566
4943
-8130
2749
164
-7222
9029
690
5007
-2861
-9922
-9013
-9581
7451
-3621
5244
-5288
9209
57
-906
5010
-4949
4876
-1281
-4701
-4033
-4566
-4246
797
-2832
-2243
2578
-3612
6383
9753
-456
1117
4034
-8505
2454
-5556
-3169
-6599
7769
1965
-2837
2858
669
4401
2312
8774
5131
5889
-4133
2701
454
4190
-3192
-4373
-6653
4554
2387
-7477
-1603
-7569
5610
-9879
134
-9451
-1919
-5084
-5707
-7873
4030
-415
727
-6594
-575
2129
-6300
-1263
8253
-1133
-7091
-8296
9671
-1445
6498
5678
3255
-7588
-6999
-8491
-9198
2860
-6232
-7999
-658
7323
1354
-5568
6298
688
2759
4507
-4377
-6942
-2592
-1627
2905
-9277
-6277
-2205
-1993
-4140
5890
-1559
-3671
-5158
5745
-3146
183
1492
-512
-100
-2922
-7592
-1383
4973
-9521
2749
-7180
-7247
-9643
-9504
4852
-1258
5080
1704
-8101
-2254
5895
6820
7500
7965
5995
-2425
-4601
882
-6549
3481
-1217
-2649
-6657
2663
-7788
6862
-4562
-9106
3625
-8353
6815
-5501
7885
-400
7257
-535
4681
-9632
-4196
9896
-3371
6229
-5362
-9684
2798
-3635
-8730
2345
4972
-1682
5717
338
4690
-1143
-9109
-4673
6019
-5707
4920
5892
9256
1584
-6028
9296
-3794
1668
9117
7676
5875
4679
-8888
-7006
7458
2405
2716
-1173
-8940
5506
2644
3120
9935
9762
-1477
5812
1968
-7562
7570
-2040
3331
-250
152
-7456
-7757
2981
-2307
-4394
7739
-619
1253
2786
-3862
270
-7745
-7374
9696
5630
5078
383
7963
8733
-7147
9795
5527
2100
6876
9204
310
-6486
9536
-9794
-4828
-4891
92
-2409
-739
-9515
-3068
-1374
6178
-5986
-1610
-6871
-5661
8999
8490
2924
4927
-6038
-9226
-4388
-1799
-1616
-7035
3570
6343
-4422
-6264
-4638
-1340
-3467
319
-7454
-1316
-5898
2080
-3729
6677
-843
-4149
-6575
-8637
7979
7259
-989
-3329
1134
3312
-4292
-5289
-5857
-2566
-5425
3226
-4429
-8538
-3180
5945
2775
8003
7815
-5967
-4846
411
5325
-8879
-4508
1489
2159
-3021
8386
3161
4306
4785
-9660
-9271
-4340
-2186
-5894
8990
1534
-9517
6384
-8182
3517
3729
-4895
4841
895
4786
4865
-6999
1304
-7812
7951
-2105
-3277
9649
-7910
1634
-1993
-5534
-8712
-7285
-2802
-6416
3838
1325
1516
9772
-8544
5713
6429
-532
-3925
3460
168
-2700
-5011
1631
5296
-3753
1541
7961
-2895
8206
-9351
6485
-9940
-81
-4467
-5381
253
8351
675
4015
2618
8425
-1825
-3153
7181
686
-5682
-8148
9796
3238
1300
3319
-7663
-2979
5469
-6650
-4871
-2452
-6997
-5794
6454
1281
2670
-9629
-7427
8732
2192
-2649
-3866
-3237
-5611
8957
603
-1043
7955
4171
9268
3700
1072
-5999
-9229
4211
-879
-8359
2813
-2691
-3678
-2270
-4521
2015
6904
5778
-804
9878
9821
-3035
1863
-9129
-8705
8328
-454
-1239
4448
-5590
6371
-9589
-5650
267
8994
-1530
5640
-413
8732
-9102
8035
1038
252
4458
5314
-1087
-8836
4710
-2691
2391
3157
-3890
2259
-7314
-6181
-9616
8932
-3525
6226
-6701
182
-8132
2501
-1464
-5427
-1775
2249
-6692
708
-2051
-6496
-5579
7435
-3881
1851
7346
-25
6203
-8845
-961
-1537
1047
704
3777
-6824
-8691
784
8411
6784
1996
765
4392
-6040
-6092
-4405
7335
-3053
-887
-7197
9767
-4342
-1555
1624
1233
-3606
-7835
3219
-8608
3236
-9587
-8869
-3407
-3938
-3976
-2908
-8768
-6822
-8428
7494
23
-5505
5655
4712
9190
-2120
-144
-1899
2693
-333
-9655
-7415
-2903
-2503
7338
5129
8406
8243
5645
3499
-9221
438
-9636
7079
-32
4191
3220
5636
-7243
9402
-1023
-3160
495
-3824
-7824
-7493
5801
-8997
1970
2831
-7819
7324
1439
-4819
4885
-3280
-3324
-4516
-5774
817
-9399
-1842
9818
4294
-7865
-8292
-2985
320
9756
-15
5547
5527
-7593
-6333
-8368
5203
-7511
3841
-4258
-8312
9997
3228
-4076
-1759
5470
4231
-1297
6254
2594
7504
3013
9231
3664
9101
-8553
5800
3864
8968
8515
6535
3477
-421
-1911
-2601
-8299
9111
4069
-8173
2814
-1126
5144
6331
-450
-6291
-228
-5404
-1739
-624
7095
-9014
-5374
641
-3194
-2508
5274
-5643
6015
-281
-6816
7333
-9033
8865
4536
8827
2670
-8625
-2752
-9933
5225
-8200
-1836
8521
-3859
-5459
-5390
-1056
-5516
-9185
-1580
3227
-9194
4855
-9234
9585
-9338
-1060
-6723
-4250
4050
-6273
-917
831
9150
4969
7245
-5690
4620
4483
-7694
-1994
579
7534
-6324
-2981
-4303
3037
4446
-8106
-9364
625
6106
-810
-9118
-1391
-9929
1102
3864
1195
8136
1096
-3800
-7362
8240
5354
5631
6405
-5774
3681
350
8661
-717
-3201
-8420
-5726
2254
5267
-2437
8972
9891
-5449
8100
-3220
-6904
-180
-8784
-3687
6334
2302
-2799
5379
1824
3237
-5505
-545
-4229
-8426
3891
-5231
-8453
-10
-4669
-7301
1640
2450
-3058
2016
-439
6670
2948
5318
70
5526
8699
-3788
-5321
3946
3176
-3681
-1973
-802
649
5185
-528
4323
5805
-3176
-5837
-1916
7567
-8821
8534
-6418
303
5684
-7892
-5414
-9069
-3602
403
6658
-7788
9645
1493
-3322
2404
3827
-1082
1541
-1976
9954
-3534
5956
1333
5207
4913
6256
425
-6988
4654
9868
8089
2211
-5761
6187
2774
-7033
9107
1108
2110
6971
-8781
1037
355
7249
-302
6581
-4568
-642
-4055
279
281
3177
-4379
7829
-3119
2936
-9144
1639
5027
6910
-5994
3107
-2718
366
7010
6418
-642
4627
4601
174
7099
9965
-5564
-4241
5362
-7478
-1067
8097
-3686
57
3912
-6261
3482
-1273
6486
-3627
6147
-7881
-6536
-6577
7081
-1484
-20
-9402
-8921
8582
3794
-6008
1557
-6384
-5858
-4778
-9841
8442
-7575
5603
-1201
2432
9972
368
7093
5729
-1211
-9942
-3665
-4342
-5664
-1569
3043
-5442
-6589
-9523
8375
7665
6931
620
-9235
543
1948
6360
769
8301
-5189
5251
2131
3494
3528
7057
6503
-2589
-8326
8580
-5596
-3109
-2785
-814
-4239
4292
2246
-6500
-7854
4604
-8007
5980
3445
2404
2480
3693
2506
-8478
-3753
-2920
-9279
-5222
2581
2567
303
37
3369
-2960
-1206
-3747
-5101
-9323
9078
3157
-3194
5462
9988
658
-9690
3358
-8854
6318
9919
8780
-8382
87
9907
3450
5637
-5779
-4605
-7447
-6662
-5167
4999
-8634
9474
3103
-70
-1766
3814
-2067
-568
6375
5879
-9553
-8785
977
-2037
1082
2610
-383
-5938
817
3945
-2123
-8091
2882
4000
-7009
276
208
7679
-8910
5746
3310
9972
-9720
970
7073
-5028
-6200
5276
-5910
-8916
8301
8008
7993
-4486
5734
9347
5504
-8988
5384
-4629
7239
2527
9546
-2607
9794
-1396
-817
-3785
-2299
-3167
-1538
917
-9387
3595
-7030
6206
1313
6176
5979
9052
9707
-5213
6270
-8090
-1022
-7168
-3937
-2281
-2333
7918
-5129
-2409
-5736
9337
8722
-229
-5098
-8244
3335
-7186
5373
2024
-2613
9191
1056
8153
-8984
-6103
-2737
-718
-5719
4606
3968
7765
8439
-688
9612
829
-9035
2157
2311
4052
-9209
4782
-3408
6312
5558
-2722
-3898
6601
-3293
4764
-4678
393
5719
7521
2512
-2388
785
5860
9781
-2189
1697
1038
-799
4583
-3737
-9717
9808
1050
-7706
-5385
-386
-2092
1416
-9575
-8905
4946
-315
2722
-89
-9899
5982
-7278
-1869
5437
-4047
1793
-229
-6782
5622
9357
-8613
4502
155
-2147
-8067
-1088
-1416
8400
-9871
-1966
-864
4812
-5384
6300
-229
1227
672
5289
-797
-9057
-2250
5198
-5926
-5566
937
-4329
4914
9153
-1066
2730
-4822
-9156
3535
-586
5737
6105
8893
9916
-8917
5691
-971
9931
1956
-8677
-556
2963
-3635
-6543
-9079
6581
6620
-2877
8741
6770
-7197
7425
-9356
-1848
-6608
-6704
866
8230
7534
7083
7714
8813
-4727
3240
-3716
-1223
5254
-8031
9308
2427
5802
-6172
3952
-2072
2274
-5738
7383
-653
-3139
-1381
5708
-4695
-7447
-4808
-7722
9099
-3339
-9754
7245
9276
1162
778
3212
1267
-9293
-9597
4451
3120
7769
1805
-6227
252
-6618
929
1091
-6501
2278
2673
8715
-8024
5877
267
-3592
-7344
5845
5095
-3762
-9189
6257
-4766
-4947
5645
-9117
118
1966
9819
-10
-4985
-7643
-9530
8762
4234
-6993
1994
-6673
-8103
2869
-202
-7966
10000
-2859
1123
-5631
1179
-1511
-2578
-7127
6086
-567
7305
-1426
8861
-8719
-4903
1593
561
-4378
-6817
-1141
-1183
-5867
3296
-2245
6262
-7633
2971
-8554
6537
7220
9154
-9755
1458
1647
7610
5350
-2039
-4194
8982
-7232
-1895
1570
-6248
-6778
7978
6458
-7772
6110
-7806
6830
-2599
2372
454
4393
-3753
-3493
3165
-2889
6539
-7743
6677
51
2798
2337
-831
9151
6267
-9766
807
2351
8202
-7589
6525
-454
677
4704
5663
1361
-6884
1213
-4485
1282
3388
198
1492
-2338
5019
-34
-2464
557
2995
-2171
1856
-9280
-1750
-7650
5326
9629
-5524
1191
-1951
5687
-888
7020
-100
4914
-744
-5524
7741
5939
-1358
5330
9442
271
-6327
-4092
-8525
3459
-4005
8072
-5856
-7761
8943
7939
-3900
-5706
6079
-9386
3484
-224
7403
3904
-5333
6544
-1954
-4166
842
-1411
-2293
2872
1318
1870
-3782
-8531
-8318
5319
-1471
-4151
-2536
-4570
905
5055
-367
3699
1702
-5468
9075
-352
-3979
9429
-1273
3328
4746
3897
8041
-2930
4493
4190
6250
-7805
4980
-3036
-7293
-2669
3512
-3739
-4194
-2965
1618
-8228
438
2973
-1703
-9564
2944
-5392
-5819
7156
5046
-4641
1449
4354
-9459
-9526
5834
-4513
8042
-2037
2167
3216
3151
8109
-6965
-5160
-6679
-6786
-5264
6933
3147
-9985
-2837
-1059
-1432
2208
-984
-8498
5793
-3070
7543
605
-5619
3629
7532
8731
6740
-1779
-5800
1134
-2802
2244
8348
-6338
-3175
4570
-1698
2503
-6584
-843
1316
4329
-8605
-3183
-9868
-8649
-4809
-517
2927
-7810
4720
-3166
-3533
7421
4655
-1290
4509
5822
6045
-124
-1769
9807
-5650
-6118
8000
-3857
4491
7429
1403
-8673
-8981
7949
-8587
-1777
5518
2459
-9718
4683
9696
-2
-4036
4520
-7640
8661
9067
-5819
7875
1378
-5427
8666
-1399
-8998
-1443
-6958
3649
7085
9332
7971
-3299
1707
9270
-278
-7409
7337
4529
-7008
-8533
-8929
9250
3665
-5869
-978
-1309
-6224
-8434
-3732
1592
8406
-7141
6948
-3617
-7351
-4486
4525
-7749
-8881
667
-5283
-119
-7320
7501
-4952
-1570
-7623
-1510
9588
-433
-3084
7401
-6652
8113
-1371
9640
3746
4801
-8475
3630
1430
9038
3106
3654
5255
8599
4299
9775
3386
8081
8826
7961
1045
6611
-6914
-8141
-5658
7567
7915
-3948
1056
-4112
-1298
-9153
-1915
8065
4467
-7050
-9465
-7149
-3928
-6813
-964
-3210
8418
3005
7384
-8405
9383
6549
-7925
-85
8335
147
8954
8663
-8387
-4801
-2852
-4778
-9505
-1011
5734
6765
-6051
3584
1043
-2448
-3054
-7273
-7819
6119
2109
-4938
2147
-1722
-9927
-7019
-1523
6585
-2963
8926
8081
-3206
-2751
5560
-779
9155
-6820
-7622
623
-5036
696
4308
5352
693
6208
-9444
-5346
-4881
-9198
-9666
6803
8542
-9049
-1365
5726
4167
-6412
-9043
8451
-4925
7225
8682
-7382
-2482
7517
4758
-5184
8380
-1524
-9230
3677
-9156
-6698
1094
-8947
3075
-8167
-4777
4966
-4581
-622
9617
7493
-4508
-9399
4202
2357
6322
-5414
-384
-6583
4106
5135
4723
-9937
-1959
-1500
-4487
-2316
-230
8019
-2987
-3123
7260
-1766
-1210
9340
-9235
4408
-7868
-1937
910
-5689
2880
-5910
-640
-879
-9853
9788
-7035
-2670
-1940
-7652
-8145
-4120
3052
2368
993
744
-3493
-1755
9615
-4101
-9713
7756
-2902
-1517
-9155
-8148
6629
2423
-7062
-8138
-6121
6101
-5669
1843
6334
-1852
-422
-1810
-6776
1639
8399
-6984
-8732
6873
-4252
-280
-7529
739
-8744
3922
-9850
-868
-2599
-7702
-8362
-6794
-3098
-1719
-3691
8924
4676
-243
672
7615
-5961
3820
-2118
7731
520
-3485
4626
-5924
-8563
-1815
6284
-6962
8571
-7416
-9377
-2083
1603
4752
8254
7425
9132
7390
7202
-4304
8056
-9127
-5680
6356
8823
-170
9351
1330
7747
1392
4518
-4611
-6718
-3680
3692
7266
2710
-5707
9590
-8405
-5922
1556
2132
-1067
-7587
9674
-3731
8124
-1748
2592
-9171
-3742
7388
-8651
-1740
-7725
-5657
-2797
234
-2805
9727
2677
4443
5315
1176
-644
-7388
7767
625
302
-2046
36
7212
4029
4754
6994
2424
4843
-9339
-8930
-7861
5819
4564
4580
4091
6931
-729
-7540
717
-9597
-797
8686
-5326
9331
-1551
-4767
-525
9394
2630
-964
1982
-9143
4689
-8594
5176
9414
-9686
-2950
3043
-6482
-625
-1614
865
-8832
9317
-8623
-6474
-1056
-6837
-3452
-8958
-9045
-6269
9856
2216
-4308
5450
3670
8164
-1242
-2350
-7942
-3221
848
1037
-2398
4973
-4477
-7995
-5473
3521
-7675
-2047
-5548
7444
-612
-8342
-5015
-8272
3198
-1055
4633
-7558
-2595
2316
4968
4713
6075
-8438
7669
-8635
2520
-8960
-4372
-6564
-4663
4658
-7326
834
-7284
-4906
-5909
-9203
9401
-4192
1986
5712
-4269
-7280
6309
-5540
3935
9402
7372
-696
-3751
-7107
-6142
1894
141
-4197
-9881
7535
6062
-2784
-8986
4100
-7715
6785
3252
-7796
-1876
-7715
3245
-8076
9066
3657
6808
-7833
-3024
1490
4790
5981
907
858
-8998
-5609
4292
2567
-3055
-8076
9015
-3445
-3764
640
1082
-5673
-7833
-1794
4956
3848
1809
-5952
-3080
2706
6723
7209
5671
1714
4518
7050
5254
-9156
7532
-264
-5073
3648
-7897
7749
5627
-7871
-2530
9427
4299
-5877
6849
148
6549
8552
-4626
7434
9827
9499
-2688
2172
-6664
-4518
370
-7563
-4298
4601
5233
-7779
7730
9650
-8977
-9233
-5953
2581
-6737
7031
2067
3970
-7744
-5757
5180
6457
-7952
-8267
1650
9765
8298
3620
-1642
4200
7540
-6480
3881
3695
-8860
5686
-9911
-701
-6030
-8808
-5334
9946
2462
4920
1578
-4402
7760
-4116
-7107
-7358
4854
8314
7852
3011
-9765
5409
-2693
-5469
-684
-7579
-7065
2676
-606
7204
1440
-8054
-2375
7923
-8527
-7688
3477
1122
-8646
-2435
-3470
4545
-5934
1757
-3975
-8686
-2510
926
-861
9541
-8925
-3205
2757
6784
-5809
6499
2829
5203
-4804
7038
6915
2541
190
-122
2624
1660
4244
-2952
-1505
900
-9235
6083
-7690
6165
205
-6718
2627
-5865
4990
4087
-1455
8735
-3684
3589
1328
5283
-495
-4390
6661
-2794
4597
-5663
2551
3804
-4908
6618
-482
2413
-5472
4012
-4107
5534
-5162
-2963
7076
9131
-8306
-6069
-980
8401
-7671
-5510
4508
-2555
7081
5803
142
9082
6823
-9942
-2754
-2341
1203
3407
-3400
3309
-3601
4171
9362
-9607
7239
8849
-1313
-2048
8271
8615
214
733
9991
-6803
-2909
2745
-8403
3875
3593
-843
370
-8410
-9470
8787
7966
1386
-3122
8590
8229
-3962
-9547
2290
5884
-7072
-8567
-2766
-9347
-6530
8957
369
-8763
2997
977
-855
-8935
-2524
8591
-8843
5069
2375
1946
-2466
-7031
5489
1772
4203
-2261
-4015
3302
-2609
4161
3897
1511
-8224
-3763
2662
-406
-9861
7634
3259
3896
-5283
6516
-5822
4942
5192
-237
7336
7487
2501
-863
5990
8694
8417
-9539
2178
1440
-6105
7393
-3641
4301
-5215
8663
-4686
-4342
1615
1008
6565
8628
-5869
-8744
-1852
8188
1075
-2229
-9325
-7253
-5541
-8780
5285
7377
6518
-6335
2206
-9669
-8593
-2786
6744
-3530
686
4177
9217
2486
-7593
-5026
1986
-2885
-9214
-9084
799
2422
4834
7541
9386
-8360
-9299
9622
9576
-3232
9488
1128
-7653
5236
9357
3043
-139
-4415
2655
-4198
-6077
8511
-7391
4068
-8010
-9940
-1013
-3478
690
-404
2651
8848
6024
-3132
9477
8012
5248
6456
-9484
-9303
-324
621
-2173
-8590
-7085
-4354
9550
59
-9267
1208
6158
5347
-1232
-9215
-7679
-6625
-4126
-1831
2770
-8417
3261
-566
-5365
8752
499
5403
2840
-6847
2668
9136
8408
-2379
5708
-3070
-1408
-1550
7430
-3404
9732
-2357
-6745
-3995
-3002
3829
-7403
560
-5483
8172
9447
-223
-5404
5997
-1411
-9735
2815
-8839
5925
3552
-657
-3241
-6603
2272
-3678
1526
-7690
-7241
-6709
5698
-9074
5972
-5646
1537
5468
-8639
-6121
8059
-1899
-4541
9408
1139
6627
-7203
4449
8465
-2124
-5735
-3702
-5205
8346
-3817
5395
8625
-6830
-2424
-8046
-4255
-2638
2528
-4617
-5886
-2279
-9544
-1089
-9935
9123
8396
-8865
-7422
8941
-5932
-5788
-2901
-1900
-163
2557
5706
8926
-3274
8324
-6371
4668
-7319
-2448
-7001
-3807
-4057
-9388
-8689
-7783
7083
974
-6394
-9542
2272
-6680
-9479
4959
5014
3972
4632
1111
-6688
-5724
-9537
-8950
-9139
-7843
7469
907
-2586
-3499
2547
-7179
4792
-2426
-7805
-4117
-380
7188
7549
5832
-9469
1445
-3301
8974
4937
-9148
-6767
514
-8765
4953
-5507
-2470
-274
3310
7913
92
2200
-4461
-7147
7589
7820
6824
9451
-1759
-1985
-2787
-3117
-3229
5695
9899
-2032
-1482
238
7768
-3140
-9819
-4728
7557
2962
-1247
-3723
4431
-9983
-158
6438
6566
8948
-3868
7432
-7331
-2725
-2359
5258
8896
-3200
1156
-2390
-5883
309
1859
4328
-4537
4006
-7138
-9320
-4152
8106
-2951
-6246
940
9928
1180
-390
6770
-7741
4481
9751
9986
-1230
-7862
120
745
-145
-1611
1784
-7075
9471
-847
8982
8270
846
-3278
7196
-3136
-8992
-8012
3600
7147
8581
6904
935
-6774
-6966
-4001
4532
1373
4111
-3967
9055
8126
-1863
7321
-626
-6221
4957
2443
-7195
-1888
614
5926
1627
-3213
5296
-1759
7969
-3875
-7848
8129
-6868
-8194
6671
7107
133
4359
8281
4728
2094
9024
-3846
-7485
-3273
-5696
4170
-3738
-8696
9384
-4650
7283
-533
5489
-6551
-3906
-6730
-9487
-824
-4191
4563
-1289
-5317
-913
-234
-2180
-8438
-4549
-3355
6769
-272
-4621
6936
-4414
3427
6410
-2241
2280
-827
-6611
-6573
2941
-7486
7456
9821
2594
-7849
7622
9456
-9004
-9355
4443
6141
2010
1100
652
8782
5530
948
-8526
5090
-6684
-376
-1744
-5157
4983
2578
3331
-3042
-55
4637
-154
-6181
-6515
-8229
894
8501
-7409
908
4976
-7776
-8814
-2415
8259
-4212
-1275
-6554
-5906
-2395
3759
-496
5022
-2314
2780
4813
4491
-7899
287
4252
369
-1722
-2608
-9890
6038
-9771
884
7995
8568
-4413
-3846
-5455
8521
5744
3813
-3754
-9968
-8567
-4734
2280
-1765
-6688
6240
4371
-4044
-9258
-6078
-7869
-2306
-6682
1424
-7829
-9513
-5575
8132
413
5354
-5906
5591
-5043
-713
-3960
3934
8987
-7053
-432
-8779
-2867
9563
9981
5982
-1306
-9728
4190
-5247
-1919
227
-7472
6441
3292
5375
-6910
9147
4675
6908
-6764
-4238
6731
8664
1482
-6012
-2365
-5811
6173
-6267
-2666
7662
8028
4564
1956
7192
2136
599
3021
5747
4834
-9679
-4119
5163
-3070
-9042
1850
4207
-604
-4631
-9068
-7485
-3648
-8020
-8775
-5521
-998
-671
9524
-9462
3925
5201
-9660
-9098
1874
8175
-7081
-7469
6715
3802
6968
-3128
-2349
9832
-9089
4583
-9820
-8659
-5367
-6674
6230
7327
-9799
-9993
-1451
-8597
8417
-3359
6247
-801
-5210
3350
5565
9429
9913
-9489
2806
7190
6666
-3560
6314
-2757
-4645
-3863
6161
1678
7511
3693
-3093
7006
-9009
820
6804
-5776
171
4166
-387
-8460
-7494
4128
-6876
-6786
-3232
-8460
-1596
-2435
6219
-851
1278
9729
4398
4444
9022
206
1800
2836
6585
-7604
7246
5129
8091
3501
4541
3540
1360
-4625
2667
-979
-7459
-6859
-38
-8818
7063
-6736
-3552
5757
8411
-8585
1696
1261
2668
7710
9451
6273
9059
1243
90
6681
7119
1311
-8295
7838
7932
2488
7907
1531
-9192
4997
-2616
5883
-7758
4032
-9125
-9748
-8490
-2348
2906
-5527
-2889
2629
-2389
-24
9795
3499
899
2908
-3618
-2897
-677
-9903
7608
-3500
6823
-2778
8221
-7781
-8243
4049
-9125
-5728
-8245
-5663
-2569
-7370
-5514
92
7527
2334
8634
-6009
1173
-8060
789
-4412
-1475
5958
-5853
-5858
-8136
5417
6209
7748
6353
-1828
8599
-7962
-8275
5661
593
719
1376
-9029
-2603
-8121
-8494
-691
-2405
-5061
-9942
-9427
6308
1459
-4896
5646
2902
5258
-4670
-2771
-9961
-8606
-535
-6228
-2769
7849
3097
-1251
8489
6432
7441
7903
49
3007
-7193
-1096
8992
614
-9011
-7308
1123
7633
-9648
3433
2591
-5356
5125
-3233
-3842
-1888
-2774
8003
-4497
-264
-8108
-6212
-598
-5232
8606
5532
7091
1224
4483
999
-8186
-831
7314
-1540
9513
6003
9815
-1311
-6717
2303
-5156
6969
8861
-6832
8451
-9816
5403
6710
9396
-7553
7891
3627
3479
2620
-3921
5623
-3117
2714
2164
-4199
-1641
-7826
9302
-2019
3613
1222
-8418
466
6772
6681
4558
4762
-5570
5463
3737
-993
3002
-4682
-401
1670
-3446
-4176
3517
-4875
4297
1115
-2706
-8675
-9030
-5075
6616
-4682
-4330
4044
8087
3866
-769
5703
3116
-3476
745
-7797
-5097
-6504
-5838
3154
3334
-8252
4303
1310
-9791
9668
4285
9066
7026
9565
1433
5865
-2329
-5346
3779
-7983
5414
-6664
8297
-5861
-2877
4794
2329
1722
4821
2473
-7412
-6821
-6600
1026
-3199
6205
-495
9551
9123
4026
8016
7827
-6584
-5702
-5432
2272
8708
-5580
-102
2912
-5102
2066
-5514
-3773
-8785
-2638
-1835
-7638
6685
6372
-7005
-6675
-3039
-710
8982
2393
4162
9100
-3813
1347
837
9695
1496
5781
-4212
-1185
6913
7696
7771
-2719
-5227
412
-5656
1552
271
3970
-3575
-726
332
-6337
-667
6757
-8447
8500
-8672
-711
-184
-4304
-6459
-7994
6092
9562
-5660
-9616
-4915
-4380
152
-1612
4750
-3744
9486
9141
-2193
2787
-5476
1546
7305
-9094
2416
-3070
5163
7214
129
-1872
-3405
-7972
6503
1242
5329
-5321
-7729
1298
4026
-2993
6402
6291
7249
-8545
5307
2487
-8611
-5455
-856
-7204
3698
5026
3603
-1168
8450
5766
1976
-9280
7346
3342
-135
9801
2789
-4468
-9376
6328
1312
3008
4154
5095
7972
9916
6765
147
863
4242
-387
8846
493
4210
-2500
-1890
6381
3297
-4188
-2246
3631
-519
-8992
-1173
-1720
5490
-5389
8425
6515
7741
-9368
7840
-2940
8432
2638
9944
7899
3654
-9672
5398
-862
-2846
8363
6361
-2750
-9174
-8384
-8819
8074
3283
-945
-3661
-5890
7343
3304
-8566
-8081
-932
-9197
-5214
4295
1375
1362
-6729
7914
4180
-1840
8489
3121
2890
-2618
4715
1512
-7603
590
-464
6726
6609
5055
1957
5148
-1863
-7766
7772
9358
-686
-4802
-9745
8947
6788
-6580
-6614
7148
3197
-7535
3209
3544
-5844
-3685
-135
-350
7034
6374
1278
-8196
5837
-3245
5729
-4069
4395
-2887
6278
-1522
-3424
-9123
-4967
6278
-6462
-922
2044
4674
-3561
-3043
6707
-4577
-6362
-2592
-3900
-2438
2532
7
-4832
-7760
-6228
-5275
6600
2852
9553
431
4475
-7258
788
-6746
-3692
1147
8434
-320
2455
-8898
-8730
6462
-8452
3483
-2426
8750
7481
-5832
-7534
5393
9651
4488
1790
3447
6703
1993
-6624
3260
8584
6095
-4956
-3228
4859
1772
-259
-2093
4861
-5797
4200
837
-89
3117
-8134
-8080
8002
278
7075
-3658
8963
5848
7279
9399
-5802
-2022
1756
9509
2977
-2397
8877
1432
2173
-3667
6073
4548
15
-7057
9240
-5072
-8031
-8679
-926
-5509
4456
7865
-1901
-6933
2485
9
6188
9844
6180
-384
5294
-555
-1092
2698
7706
-5071
-5800
3940
-7766
2959
9932
-8908
-2517
-3563
-4089
8598
9361
4464
-5594
-8571
-4284
3206
-8574
-8193
-5369
-8967
4503
-1030
-3375
749
-6662
-1807
7164
5053
7970
1594
-7570
-6048
-9537
-3993
8555
6653
-6342
-9730
-221
3312
7677
-4169
2749
2138
-4422
8872
-6134
4365
-9587
8305
-8520
-3008
-5242
-1073
-281
1679
-1572
1684
-4426
8492
-1563
6354
8691
8193
-2416
5118
-5790
7757
553
5336
-3356
1388
8765
6654
-7312
2004
4515
-9556
-213
4291
-7864
5557
7275
-9824
5719
1892
9809
4457
9678
8669
881
99
-6110
-9037
-7859
-4798
3407
-6808
-554
9612
-1265
-4439
-4554
-9551
738
-2134
-2357
5639
6246
8584
5600
-6506
1176
-5151
5409
7776
8927
9803
9120
-2314
9413
9145
9958
4740
2263
2762
-8384
3902
-5686
8289
9280
-2139
-1707
-1407
-6430
-5986
-141
7806
4226
6018
-9490
4146
2153
5439
-4029
-6652
4725
9164
-8597
4592
3815
-1102
-3576
-3568
-9883
4428
7671
8762
2821
-7978
3417
512
1233
-8689
-7593
6493
3855
-4138
-423
-894
-7305
-9744
5336
-436
7112
-726
-2180
2355
4946
7688
3038
2485
8960
9852
1294
1290
-5848
-3592
-4444
-8007
-3764
-8824
-6288
-703
5770
6686
4490
-9153
-4917
6596
-9924
-9135
-2118
-142
-8504
5726
-6130
3803
-8678
3839
5378
-8974
6951
-3349
-8007
-5279
-6099
301
-6148
8635
5357
-4954
882
9001
-9203
-8096
2570
-2513
5391
8460
9278
2705
3728
-8287
-182
2059
-4425
340
-1411
-3486
-3400
2593
-7216
1416
2987
8810
8135
8173
-6658
-7926
9670
-8860
9394
3138
-9357
-9553
6972
5932
-2567
9818
7925
-1760
-1682
-9895
8112
235
3667
-9450
-8245
-5402
-9131
2543
-5956
-2037
-117
-3685
-4169
-5208
9161
9502
-4773
343
8117
2376
8183
-46
5177
-3729
-4281
1478
-4770
4523
9472
-4770
-3005
-5020
-8414
-1582
7829
-4333
-7769
9802
-4548
-6796
-4219
-9158
-3413
8714
-296
8851
4920
6446
-7474
-9373
6613
-8792
9979
-5513
5966
-6802
-1887
-6285
-8074
6227
-6400
-376
3183
5580
-5936
2805
8568
-9483
6741
-3877
5830
-4070
7057
-7997
5768
-9357
-6776
9288
8430
8728
482
4364
-319
-97
2249
-7958
-6937
8472
6549
-2988
7995
-9807
6716
-8119
4153
2048
-1562
-6649
1641
9086
-6547
3147
-6485
-640
3967
-9736
4113
9343
-8776
-8064
5160
3954
-2338
-1245
2463
-7734
-111
-8427
6783
9252
-1446
-2114
-9522
-3216
3042
352
4404
4290
-3496
3739
5595
1850
-6492
-1964
-7394
8935
-4945
8398
-6795
-4991
-6270
8724
-4128
-242
-353
260
-5286
6795
6243
-3267
4488
-9488
7481
-152
8859
4418
-3265
-8742
7044
-5511
-9812
-42
-7491
6060
-9405
1537
8152
313
-9681
3868
3528
5080
8286
-2350
-5975
-1636
875
6468
8911
417
-1369
6426
-8727
5341
2361
5184
8540
4394
4942
2403
4730
-457
-9683
7619
-2609
1833
8165
1050
-5955
9565
3082
-974
8193
8626
-1178
-327
-4884
-7879
2440
5587
9781
897
2100
2355
2358
-2337
8798
1704
-5747
8477
-6930
8329
-6674
7000
-2239
7348
190
9157
7632
-40
9131
-6715
4191
-1516
2980
-783
4697
-87
5654
-5814
-5811
4364
-4927
5372
-5048
-8862
-1165
4097
-7162
-2793
4024
-3775
-959
-2204
5629
-6834
-1889
4674
-8154
-8654
9289
6721
2129
-5889
8168
5231
2504
1681
5673
-9848
9459
-2585
4356
-2723
7385
7242
-1220
-4723
-6009
2453
7207
-6477
-4276
2881
-4803
7737
2525
-6912
-7651
-2128
4705
-772
-739
4788
9024
-3190
2253
3991
-4330
622
6737
-5299
-7549
-7433
-3518
7130
-5943
-2601
240
-7242
-8589
4944
1221
-4260
6106
-4052
6456
8412
4682
-7956
-3245
5223
2978
-1540
7626
-9226
-2403
8796
2602
3827
6214
4525
-662
-2613
-644
2120
2317
4474
-3090
4127
5652
-4932
3531
7101
-8221
-8178
4271
8388
5687
-4260
3545
-2947
-114
-5372
9126
-961
3586
-8610
3512
2438
7384
5910
134
7618
-2865
-6372
-8315
3788
2542
-2259
5648
1074
3216
5476
6588
-2449
-9185
4277
4569
2082
5235
-3485
2752
6368
819
-5757
-5470
5212
4657
-9160
-6128
1966
3438
-1076
-1269
2370
-3258
-9870
3098
-7176
-1792
4737
6244
8329
-568
-4565
2820
-3056
6377
399
-3677
-2627
4528
-9921
-5136
1673
9772
9494
5912
-261
-491
7176
6220
323
-9408
-8694
-1588
-500
-6215
7481
9292
-2026
-2449
1334
-8152
-2455
8490
9487
6638
-5529
5683
-7057
8135
1562
-9597
8216
-4750
-5584
7855
-4430
-558
7809
-375
1939
1738
-8783
9903
-481
-8749
-191
-7016
-3355
-1308
7500
-5408
-3335
4951
-9111
6148
-7225
5397
1451
-939
-4830
-2875
9380
961
-9582
-2887
-9726
6198
9211
6647
-2853
3006
7874
-8794
1164
7039
-9837
-8291
-2115
9622
-8642
-6014
-2109
2253
-588
3382
4540
-1533
3618
-7507
3648
1064
-4081
2047
3210
-4334
-4601
-3973
3460
2738
-2189
5862
-1158
-9498
377
6898
-5887
8466
1790
5832
-111
4573
-7229
7973
2284
-534
-8881
-1961
-9076
6205
6329
4345
-3148
274
-8972
-9163
1714
-6322
-6666
1466
1161
-4767
7174
-3664
-9345
6135
6964
-1901
4266
5786
-1505
5289
8242
-234
-8240
-1936
-4880
-4236
4570
-5485
-4868
-4506
-3303
7751
-3687
526
7321
6563
1683
-2220
2130
4950
-5406
8483
-2324
-1391
-7484
-3272
-4799
7258
-270
7053
-702
-2562
-1225
-6149
8003
-1653
7758
-4517
-8343
3664
-886
-916
-235
-8577
8939
-743
4592
5529
6541
8734
-9820
-3168
-7410
6428
-2296
-8107
-8501
9712
5908
-4175
-336
676
-6635
2914
6620
1372
-7990
1530
-8130
-8251
-3209
1014
9866
3261
257
-9760
9920
9709
-5260
-6241
856
6853
-9590
9709
2971
-1076
9181
5038
2551
7812
9858
7988
2284
-7657
-3570
-2586
587
3144
8522
-3828
1911
1092
-8297
-9114
-7745
3339
564
742
1215
2998
-5280
6889
-7950
-6811
-286
9056
4646
-9086
7618
3901
5027
7179
-1165
-9822
6535
8056
9310
4929
-3646
4544
-7297
1699
-3178
8731
-9271
1909
8697
-5050
-8097
8578
9280
6107
-535
-2417
-9490
-6359
-5871
-8253
-101
9649
4005
-829
-7408
9928
2715
2610
-5706
-6562
-6378
6453
-1669
9458
-8378
6094
-6436
533
7311
-5470
-7434
6786
8117
-6968
-2402
2813
-274
-5157
-7254
2064
7273
-1613
-7646
5950
7036
667
9392
-5847
9773
235
-6383
8371
8482
-4709
-2943
-4076
-1032
-7939
-5252
-1225
-7161
-7415
7530
8135
-8670
-5716
-2192
-3967
-8910
1985
2970
7013
-9746
8230
6639
-5316
-6022
-9118
-7319
-510
4052
-670
-4501
1374
-226
7296
-1698
-9365
4237
-2905
4616
-7218
-409
240
6897
8165
-1388
-2053
-7085
-4206
-4423
7198
672
3473
9193
-5148
-7998
-5147
-7383
7457
9477
6362
8186
-9778
-1139
2496
4627
4551
986
-8740
6879
-2859
-2617
4556
-4574
7780
7204
-5596
3651
2464
1807
6349
5706
-37
-2111
9704
6528
1458
1234
-1607
3348
-7606
-2299
-4728
-9634
-93
-5684
3197
3086
1818
1466
-3727
-7311
-6573
-2277
-5496
-5731
8613
9788
-1855
5242
8084
8470
7920
2915
-9441
8599
9087
-7757
4741
7315
1342
-3388
-6504
-1519
2299
9404
2099
-5676
-7119
6240
348
-1811
-6137
9312
9315
3738
-746
-7949
-7800
5208
-4897
1766
-9672
-7589
-8763
-6059
-6616
-3366
9441
-8932
-655
-329
-2978
8448
-1242
-2475
9164
-3811
-2115
-4433
-4614
-4666
4482
-7047
-3214
6469
-6427
4014
-7890
-4459
8121
-1269
-6873
-6581
3689
2111
-4573
-7909
-1663
5194
1948
6372
5236
-7289
589
-2261
-3212
-7701
-9777
6050
1993
3991
1118
6173
-203
-7246
-6946
3806
6578
-946
-6647
-97
9930
-4877
-8350
-7586
-4608
3755
-7586
-7865
-3895
-2530
2064
-1508
-5429
-2102
-5870
2162
6185
-6832
-3945
9967
2981
-5310
-4573
-7350
-1193
7024
-2932
7241
-9790
-8804
-5763
549
2705
-8820
2664
6307
2060
-4161
-7197
7113
6837
-9048
6180
-9765
-2438
3241
419
-6977
679
-2876
-5022
-5720
-1634
-7942
-3565
3303
3652
1664
4201
5703
5181
6828
-7148
5642
8395
-892
-6097
-9120
8776
-8420
9277
8521
-4828
-7361
5562
-1145
-5196
1847
1112
-4871
-6340
3817
-2774
2983
-9899
-202
-3795
4559
-7072
8761
-5837
-3757
856
1341
-6608
4213
2160
586
-2261
5055
-4099
8124
5750
-2326
-3279
-6806
1854
-4019
1539
-7005
-190
-3483
2610
4900
-331
-2126
580
-1141
-7983
-807
7303
7172
8732
1719
4655
-4185
-8043
2522
6402
7582
1281
2864
-3959
6105
3821
-9573
-871
3088
-1513
5416
-8391
4973
9559
-3742
9663
5884
9716
-5503
-3127
-8277
7828
-3150
-8023
-8776
8236
5546
9115
-8494
3879
1969
789
-3574
2670
-694
-215
5468
7001
6960
218
388
-7512
7764
9764
-5203
7637
1808
2819
5696
9191
-7857
8120
-8221
-2804
-4505
-2779
-5446
-5183
6414
1845
-2739
-775
7586
-3375
-4067
1137
6003
5155
2930
-723
3343
-1760
7260
-18
-3883
3330
3168
8473
5454
-1346
-6419
8131
-4854
7622
-9063
1280
-9113
3896
6602
-4054
-1867
2396
-6482
-9128
-2669
-5086
-144
-25
4125
-5483
-7474
-1448
-9786
-3726
-4366
-9985
-7114
8012
-1251
-1918
499
1431
-8847
-3210
-7326
-770
-7575
6801
1100
6090
-6948
6947
6708
-8694
-8891
5076
-7458
9858
-6589
116
9666
-2470
7898
-5764
1426
-5602
-1789
-3959
-2617
6309
8511
5978
-1974
5147
-1646
2572
5473
-6528
7183
-5807
3381
1318
-3974
-3069
-4879
-999
7648
-1518
-8515
-9066
1179
7291
-9642
1370
5476
-51
8029
-5120
-7284
-3669
-9968
-8210
-2923
9780
-837
1954
9613
4898
-2295
-9034
4070
2703
2673
-2307
-6747
-3613
1361
-3048
9029
1067
7598
9583
6015
-633
-4886
-2446
3101
-9383
-5266
-1818
6019
5324
-6708
-1018
9831
4957
-5328
-9437
-4906
4687
5431
-5615
588
1896
-1875
-8957
-8030
6154
7971
-9949
338
-7443
5051
-6490
-7908
2546
-7380
6553
3016
-2280
1093
-5710
-5264
8847
-7267
5826
2413
4880
-1951
4697
-3704
-4043
-7109
5105
5528
1351
8265
6021
4018
-9928
3836
-9543
9211
-4308
9058
-3590
9604
-2125
-8144
-2550
4078
7901
-664
3682
-496
-6574
1228
1741
-6387
-5087
6992
-8069
3357
-1843
3476
5431
3120
-3080
-2238
6241
-8081
-7557
-1356
5446
-3483
9288
-493
-8770
-6622
3655
-8767
-1563
-2087
6361
5452
-3728
2193
3689
-5448
9185
1709
-9991
6115
9295
4518
-1342
-2152
-1993
-943
-6964
-3324
-3457
-8321
5857
9993
-9222
6394
5883
3028
890
-7639
400
-4171
-8914
180
2387
7261
4852
-6081
5804
4639
-4097
6343
9907
-2182
9474
-6030
-3691
9840
-2643
6018
-8815
8444
351
6678
3966
-7306
-9894
-1900
-2294
9255
-805
5573
8223
8679
4872
-5779
-4700
-9233
-5103
-5531
5457
1591
2999
-9740
4438
-893
-9416
-7999
5124
7015
5442
8450
-5012
-6393
-4838
-183
7224
8905
2859
4015
1259
2398
-2728
-5469
8379
5110
5546
-3641
1847
1026
-4989
-4376
2595
-3682
-7568
9418
4817
-1661
994
1420
6803
8981
-839
3993
7008
7953
-8305
-9988
8501
-4974
-5098
3061
-9307
4535
2556
-2478
-3274
-5086
-3317
-7681
5798
-9047
-5534
6927
-4663
589
-2313
5090
3387
3789
-326
-2929
-7365
-9698
7867
241
-4765
3733
-510
3816
2091
6248
-2583
-4506
-7659
-8713
-7491
8670
-3637
-4831
8222
-8545
7450
7355
-3776
-3912
-2981
7327
-766
5560
-6382
2971
-9567
-1952
4811
2196
8699
3065
6814
-3616
1362
4961
4399
-5454
4640
7471
-9720
-1248
-2381
632
5576
-7638
2548
-8360
4045
147
5918
-209
3823
-4113
2918
5140
1251
-2577
-343
7659
-9328
-4972
-610
-5312
-5385
1742
905
5460
8720
-9733
-4226
-4178
-6374
-4745
-1665
1900
3915
8488
-5067
-7163
9764
8736
-3321
-135
-9063
-4982
7668
942
9406
-3505
-9798
3961
-8042
-3410
9214
1015
-6631
-3922
-770
1518
6055
-9534
148
8140
4205
-8371
8831
-6926
-1369
-3298
-6767
3111
6370
6377
-2442
-7517
8237
4130
3407
6276
-5374
7120
-5763
8625
-3245
-6692
8216
-6264
282
-7203
-3304
581
6832
-7992
-2074
-3444
-5622
-3823
-5022
1268
-5489
-2192
-2639
9237
-1794
2020
9510
1644
8600
-7976
7678
8432
7556
-5221
-1576
5638
-263
5970
-6882
5314
4323
-8239
5570
38
-2758
8715
-3790
5984
612
-451
2945
-9918
-4703
8336
-7757
-1313
4189
-3818
-737
-2913
-525
-1465
-3030
7598
1430
-9290
1274
-7180
6657
-3942
3209
2407
5401
541
-9450
7721
-813
-4995
9404
-8544
680
8515
6902
-2282
-3671
-2166
-6111
-1227
9096
-9031
3743
406
-1461
-1738
-3953
7086
-9541
-9405
6218
-5060
-2267
-4724
4384
5706
5549
-6630
-9792
2438
6450
-8442
4060
8715
-5077
891
-5775
1318
9228
6443
-483
2468
-5459
8396
3410
-279
6060
-3580
4552
1301
-870
634
-4654
-804
8642
8616
4511
-7604
-1799
8527
7358
7125
-3174
-2792
7522
4834
961
-3837
-2520
-3917
-938
-2931
-9130
-342
-6625
-9781
-7859
819
-6472
9949
5030
3640
908
2639
-7116
-176
-6692
1574
-8773
-7570
-9779
-8300
5126
4732
-8179
-7270
5574
6570
-1258
-1592
-2575
-3667
5412
-8704
1925
-3572
-2150
-7390
4097
-3506
1911
-968
3233
4071
4741
7839
8093
-1650
3630
1072
112
550
6146
-8951
6587
7824
9326
-1980
-5616
-4575
6416
2980
-9669
-6823
2582
9194
1843
3014
8418
6831
-3920
1466
-3857
-2665
7204
6252
-3111
-4541
9314
3284
2865
-5582
-189
-9272
-4561
-7436
-501
3021
1511
4868
-7751
-828
5387
3514
3780
-3650
8854
5706
7989
6597
1327
1165
-2565
-1923
3261
7605
-5319
2590
2950
5598
956
2119
-7324
-3039
-4831
3134
8015
-9265
5983
-2333
2220
-2085
-2623
-496
6935
-1652
-6167
8368
2088
6475
-7495
7459
-3691
-9049
5684
6052
-136
-2614
2672
9656
-7747
-7295
-6943
-1974
4962
1356
833
-6235
-8275
-8315
2911
-4470
-9027
-8039
4973
-8856
2359
-2814
-5048
-657
6017
-2438
-1398
-758
1084
5621
2133
-2182
-1228
8018
-8077
-6921
-9333
-8681
9837
-6895
622
1897
-199
2182
-8462
-235
-9255
-5524
2996
2818
7162
3175
5554
-711
9550
3693
-1501
5176
5990
2545
-3918
3124
6913
-2140
3277
-6381
-3796
9360
6506
586
6935
1213
-6553
-8553
-1990
-8824
5228
1427
-6991
3173
5360
7667
-2275
4216
-9538
-8658
-8260
-235
1334
6843
1641
304
-350
-4987
7023
2413
7385
-171
-5104
6209
-5902
4440
6197
-2208
-1754
99
2691
-431
1726
-9396
2779
-3594
-2491
8324
1432
-751
1165
3348
-320
3887
-155
-742
8644
-9065
-909
6233
722
-1322
-5955
-5023
4225
-6169
-966
1938
388
3650
2166
6580
3361
-6615
4040
-7618
-523
1677
3350
-2596
-9646
-154
6726
-9359
6733
5150
3929
320
8129
3800
-1473
-2819
-4733
-3757
-9367
-1563
-3453
8581
9002
-5274
-3417
-2245
6070
6842
4850
-6464
-3530
-81
-7885
-9319
-1615
-4541
-4628
-3036
-9129
-2290
-7026
9571
-7639
6876
-6696
-6794
-7713
-3648
-1726
489
-9455
4283
2882
3762
6512
-6639
6002
-287
-9760
-6101
-802
-6665
-1335
1549
-8422
-440
-8735
-5303
5495
-1327
5842
-7189
4204
-7125
-1192
3975
-2471
-1774
4420
-3232
-157
1618
1527
-5548
2016
-4966
4337
-1840
2367
-9042
-1974
-1308
-642
8774
-4689
-4971
2451
157
8411
-9317
-5358
6450
-9545
-8590
-2095
-1170
-9459
-7905
-198
799
4741
132
-582
-692
-5432
-7640
-2277
-4656
-4742
-1422
-573
617
9486
-1568
-831
-343
-2215
9509
8154
-6434
-7159
3575
-6851
-3750
-662
-6297
-9787
2368
-4305
366
4363
-3857
-4939
6384
6314
-2980
-7651
1772
7304
1367
4334
-2823
3087
7095
-7171
-5806
-7796
-813
112
5095
4552
4889
-8475
-8987
-7468
-8855
-917
7706
-1498
4635
209
6215
5247
6558
-1947
-8247
-369
-4560
2853
-5088
2371
3800
-4553
8026
2894
-859
-3102
1800
4948
-7863
7645
2958
-3655
1532
-8572
-589
2114
-7365
7296
-5350
-6738
1032
372
-1536
-386
-8381
-3931
1234
-5425
-3358
846
2040
-2461
-6362
7314
1843
2857
-3823
-4815
-3064
-9304
-5868
4862
-2858
5563
-9222
8429
5843
5399
1931
-3972
1649
5247
-1478
8081
7997
6009
-1608
3466
2296
9022
-2399
8954
-7676
7981
2749
-9703
7986
377
2240
1609
-8750
-3771
-7648
6091
2371
1150
-7937
-1020
604
4791
-5271
-3559
-755
-6926
-9007
-6434
1803
8173
5755
-9225
9423
-6732
2553
760
1401
-6227
-5790
2535
3723
2421
8123
6121
-727
-9418
8923
-644
6099
-7813
-6509
-9189
8631
6589
5941
-1200
1225
-5755
5753
5392
-2365
2153
-3067
-1842
6794
6420
-6263
6496
9888
-792
8194
3347
1937
-4640
-6420
9856
3182
5861
4563
-5668
3888
-973
-5818
2044
-8285
-5695
-1851
5301
734
9896
-3492
993
-937
-3908
-3722
-2364
3138
-1657
-7786
-3335
1515
2404
-4751
3592
-8736
-19
1385
6861
-3418
6529
-246
5027
8158
4874
-9353
-4539
9487
-6505
-2724
-4268
1644
7275
-6079
18
-5425
3933
9242
-3934
6295
-3838
6794
-224
-9189
-8700
8460
1820
8407
6762
3372
-5738
9615
3421
-1578
-1246
-783
5151
7725
-2062
-8740
-6856
7213
-5004
-1341
1501
-5905
6782
6255
9955
-8702
-721
-1355
2185
5687
3089
-9637
1034
9844
-7836
-9202
4011
-2693
-1198
4004
-7549
6208
2204
-5499
-1202
-419
3809
-4588
-2429
-9209
6024
-3627
7572
9845
-6630
9428
8918
3400
2215
-2029
-4164
-2059
5334
309
5704
992
8974
1435
-8817
-9078
3274
2401
-8958
-6797
-2938
-1482
9015
5163
-2852
-4462
-9114
-9520
-4059
6781
-3948
9638
-3275
9042
8067
-569
1686
-8276
-5921
8657
9844
4348
2464
-1645
-4079
-1961
3325
-49
7656
7811
-5281
-5600
-6371
-3760
-6360
-259
-8720
-8602
-6876
6987
2622
6386
-1785
1538
9178
-4187
9848
8895
-9693
-5314
-5447
-5922
-3910
7284
4029
5119
9229
-6844
-3920
6120
-3210
6216
-7734
-3751
-9337
-4211
-9179
-7148
2804
-8557
268
-8264
-9286
-6414
8924
6578
4434
6758
734
-9822
7374
-6507
-1576
-5086
7297
486
-6808
-9859
7513
-5587
9229
-2045
-5626
-5176
-321
-9741
2774
-3500
3957
-8488
4924
-2274
6959
-4516
-2736
2199
-7512
5051
3157
2462
8711
-3918
-6746
-2480
-8421
-3543
7864
6200
-1333
-888
-1299
1137
-6575
-7446
-28
-993
6319
-8837
5064
-7778
2796
7259
3251
-3809
-8519
9800
7057
9365
4643
-4520
-4310
2850
-9641
-1390
-6725
6565
7397
8090
8485
8091
271
-8951
-9081
7327
-3685
-1901
-7779
-7340
6490
2626
-843
656
-3242
-9240
1869
4918
-2116
4152
7874
8339
-9750
9373
6214
6984
-4351
-2264
-4165
-7851
-9411
-5898
7859
9150
7018
1626
5104
-9548
-520
5810
-2625
2510
-1078
-5678
1102
-8637
-5040
1235
4093
-5995
5728
3540
7987
5334
-4279
-8332
7650
-5821
-4805
9934
1162
-9586
-9495
525
3017
-2482
1382
-7029
-1558
5885
-2495
1488
-6087
-2467
-4095
1170
2568
-7237
1147
6655
-6162
-9815
9531
6497
246
-3806
-4731
-312
-7559
-1251
3206
4538
-9597
-8757
7535
-3702
-6716
7289
-5453
-8588
-3857
-7650
-4448
-1808
-2602
9744
-731
-734
8542
6057
3269
-2707
-606
7393
9816
818
-5463
4861
1295
-5497
-3579
-2889
8256
7997
6379
-4437
7564
4969
-8326
-1221
9406
-2262
-7027
8571
8271
-8626
-1218
7055
-8507
4637
-346
2117
503
9843
408
6188
-521
5341
1821
1372
9380
-9597
6749
6836
-4234
-4571
-7437
4640
3904
4885
832
8854
5470
-46
-6898
-166
6870
-86
7674
-2823
55
-7247
557
-6340
6768
2194
-2316
-688
3017
2189
-7672
-1909
6591
3061
-9610
-6689
9988
-9234
-283
-3699
2981
2363
420
4855
-7167
1941
-121
-9836
4978
-6881
-5769
-5973
2349
6993
6369
-8668
4602
5733
-7450
-3097
-1326
-2148
9849
-6527
-5299
1647
-9785
9669
-2567
6196
161
5861
6831
3929
91
9657
3095
-2946
-2413
4379
-9978
-3580
-4581
3015
-6034
9698
9610
7051
3021
-6529
3474
-8231
-3559
-9389
5188
2695
-4735
3123
-5049
-5772
-2927
1367
4913
-4407
9634
-7349
4248
-6768
8663
2288
-7002
8659
-1358
-5663
-7178
-2957
7742
-7823
-1617
2310
3907
-4697
-7984
-1158
3402
-9981
-9229
1870
3805
-6020
-9060
-1074
-8308
8464
9978
6055
34
6330
-6255
3564
6416
-425
-1704
-6243
-2500
-1546
-7895
4310
2862
-4817
4478
-381
8973
8076
-5670
2041
-159
4165
-3066
8008
-1167
-27
3435
-6971
9519
3793
-8392
-1714
-9354
-3497
-2694
-1109
3941
-9416
1160
151
-6914
2636
-2879
4181
4364
-3076
-5693
-6365
-8242
-3555
-5998
-4108
-2330
-8829
6139
8985
-8745
9331
3809
4881
2042
-392
2015
-2147
-6598
-264
4073
-8720
-680
576
-2240
8512
-2786
-700
9038
-6983
-9966
-6902
4554
-4832
2485
4328
-5587
-1975
4521
-6438
-1768
-8585
-8441
270
6427
1121
-5088
3947
-8606
9367
-1978
-9419
-5137
-8893
7671
9301
3451
-1493
4740
7490
-8440
7238
513
3117
-5333
-7958
1408
1
144
-9889
-554
-9328
7479
778
6479
-9654
4861
4976
8378
-9533
-9768
-9158
299
-2853
7860
-3298
5771
-3902
3651
7278
5930
-4191
6286
-8968
6007
-5505
-6900
-5345
-4316
9347
665
-6532
-6690
1531
-1240
-9193
-3257
-5933
-5525
-652
520
-6196
-7262
3499
-9056
9602
-5147
-1600
-1676
6345
7964
1510
-9607
-8559
3310
-9893
-4465
-3320
1975
-4884
8183
2218
-3116
-8982
6392
4863
7884
-7318
7834
-1713
-386
5081
6616
-9232
3345
6079
-2256
-6893
9116
9742
-919
927
-4092
-4235
-4562
-2122
9093
-6121
-310
-7240
-1811
4340
6081
895
3089
1410
7327
-9548
7187
1956
-155
-347
2374
7659
4065
-6921
3461
5010
-1008
5104
4934
-956
-8849
-2796
5136
-4727
5784
4776
4924
-650
-9968
-5624
3469
7890
7249
-8450
1915
-2211
-6073
5116
8560
-3132
366
-5018
-625
9767
-5040
1980
-8527
-1089
1982
7195
-7934
-9965
-5854
4033
9410
-5318
-8689
4213
6233
906
-7295
1869
9552
-2684
2158
6274
4587
-115
1075
-8302
7161
8121
9678
8377
5703
-1757
2576
6642
-7211
-2360
782
-701
-9521
-9878
-3781
-7052
-2424
1842
332
-6395
-423
6367
9859
2132
-7955
6745
-2794
7683
5153
-8316
6516
-7354
4449
2646
3425
-1862
6610
5877
6848
2737
3993
8717
3611
-1476
-4503
9205
9535
-8483
9458
-3607
2200
3735
2599
7276
-4467
4617
5492
8885
-965
3926
-3999
8205
-7937
-2227
5573
565
-6844
4584
1543
7300
-4635
-3509
6737
5029
7608
-1136
3929
2631
6051
1421
790
3116
8737
7539
-4100
1730
9926
-7106
8879
-3388
-7702
-708
-3225
-5187
-3141
-250
1852
9309
-4541
2022
2127
-8022
3880
6541
8128
3921
-4549
-5343
9294
-712
8921
7101
-9541
2149
-5798
-8508
-9295
3660
-7495
-7348
-3600
-3512
3328
-2041
198
-5557
-8141
-9489
7354
4951
3018
3238
-7436
8787
-3029
-8208
-9172
5336
-9872
1351
-7838
2134
7487
2409
-641
6444
-7221
9545
-8497
7513
-7455
3418
-4
-9954
2904
2377
8177
744
8555
-8203
-6492
5769
-1049
-5319
-6240
7558
-7202
4912
-3319
8906
9070
-1256
-8893
3180
9561
5023
5988
-229
2762
-3477
-77
-9609
4054
7336
-7840
-3498
9229
-9155
4720
-9682
5844
8638
-1275
3338
-292
8376
6713
6670
-5339
-460
9820
-8382
-4270
9758
-8901
-4815
-6251
-7124
-8833
9639
-9713
-141
-9360
8718
2356
1526
-2608
-8992
-3180
5399
589
4255
4550
6919
-1388
-7148
8397
3297
-1764
8611
3167
-6482
-1970
7932
518
-7511
313
-5675
2920
-4342
-7719
944
3694
-5476
810
-7093
7132
-8843
9555
6019
-3039
-3092
1122
2776
-3558
6348
-889
-5983
-8517
8513
-8956
-5819
8063
-5830
6843
5052
8570
-4157
-2808
7270
-8812
8557
-7993
-4946
6633
-352
4705
5941
-3859
-7898
-9102
-4802
1401
2512
-4544
6548
1595
-5999
-2807
-3260
3346
965
-7585
-6916
5318
-3272
-1661
-7202
8853
819
-1393
7036
5846
62
653
-1507
7056
2948
-3457
-3398
-3292
-1133
6523
6261
-8817
317
-4886
-7651
-5109
3895
-5163
-7303
7161
3301
4577
-7798
-134
2095
4360
-7461
9615
-6472
-2259
3018
-9584
6775
8066
1070
-4022
-8757
-6826
6048
4229
-5332
-8742
-8429
107
-7701
-8290
398
-960
-4028
-6927
-7765
-709
-6548
-9487
-9934
-206
3234
1936
-1469
-6191
-5580
5170
-6964
2601
-1552
-9448
-7482
8785
285
-3617
1231
8783
-8625
-6441
-9280
-308
-5022
-1026
-6982
6180
3893
9406
-1699
-8174
836
-5857
-4882
-6178
-9069
-124
8970
-2234
-6208
-9906
-711
1521
-8855
2311
-9911
-2634
9467
-5545
4846
-4236
9407
-7306
1770
-6264
9921
812
-8397
-6491
2182
8497
8458
-1507
6005
1885
-6266
4403
-2561
-996
-4898
6021
-4910
-7831
-7257
-3811
2101
-5345
-9196
-846
-6315
-1642
9552
-6516
3023
-7178
1152
-1963
-6581
9568
5063
-8965
-5757
-5332
8872
2416
9363
-8799
7199
3383
-6037
-4733
219
6637
8780
-3481
8838
4944
1068
-6170
3016
9278
7899
4639
437
1691
-1332
3582
-2779
1448
7136
6600
-7158
103
-7949
-5268
-7598
-3635
4596
8763
56
1656
5990
-6968
7164
-1634
1585
-886
9239
864
8434
-3351
2534
5759
-9714
8824
-7491
2111
1371
-5010
-5371
-8515
7644
-6915
-7676
360
2203
-1301
-1615
2185
6507
-6679
860
259
4066
-7572
5929
-5488
3267
1281
-8226
-3969
3469
7704
-7734
52
1515
-7617
1547
1193
-4911
2305
8108
2774
-7468
-1428
-8027
-8636
2926
-7753
8862
-5809
2560
1065
9600
-5817
2630
-6632
-7394
5291
-5853
9278
-7159
-3638
3141
-8928
1346
-7969
5443
-4959
8039
8195
-9710
3094
-4343
617
-6774
2694
-1773
8947
5572
1090
922
8340
-9119
-9345
-2677
-5204
-5850
5141
-124
-3335
6224
-6659
-5928
4567
-2371
-9203
-7273
-4659
-9808
-2866
8370
570
-5
-1914
-3172
-1556
-5623
6257
3796
3523
8673
6256
-3058
-8809
704
7555
-8448
8828
4093
-3822
-9510
5076
-9857
-250
-8199
-7021
8728
6869
-4761
-6523
536
-7692
-7629
-7705
-820
-4157
4049
1624
-4660
-9277
1115
-164
9293
9375
-8443
8967
5941
3658
-1885
-2373
5799
-6489
806
-1059
7749
8898
-8750
-6065
6765
-960
-5216
-8629
-8692
-6478
5605
-2812
4964
1174
8333
1719
-1805
6395
-4088
4469
-7960
1352
-9267
-3874
-5040
4371
-576
-1185
2266
-4439
-4258
-6332
4818
-1313
7196
-5410
4134
-3065
-8959
-5718
-5138
-4514
-4095
7609
-6570
1242
-2784
-319
-8760
-2593
-8722
-6472
-6150
9051
6664
3783
8271
7914
6922
6387
1571
6818
3867
-5019
2240
-9837
7900
5420
-4323
7654
9677
-6617
-890
1033
421
-7787
-7985
1141
-6862
-2645
-4552
8762
400
789
6787
884
4246
2096
7136
3235
9552
8401
-7808
1428
2514
-6093
3123
-3485
-1060
-6612
-4615
4972
-5724
571
-1732
3384
3097
-5074
4580
-3669
4809
164
-4017
-6383
-9718
9635
-5114
-3930
-9690
-6569
1533
-8573
4334
3965
4453
1166
-8198
-2792
-7939
-2677
-2602
-1454
-5439
4564
-9559
4720
3315
-1561
2386
-9953
9666
6592
-6517
-989
-519
-5710
9744
-7168
6969
-360
9859
4031
3537
-4654
-2886
4214
-5367
-4332
8190
-752
-7145
-6244
6
5890
-3546
1556
-1236
-2985
5390
-1159
9075
-6779
-7486
-2344
2841
2292
-8117
-5046
2761
7124
7590
-6324
1497
1664
5475
282
-8130
-119
9296
-5508
6237
8785
5887
-2993
-3537
-7920
3545
3638
7094
-2232
4143
5049
-2811
8482
-9210
-4302
2964
-7954
7892
8726
5920
-6376
6285
9235
5252
8674
9914
5768
615
1517
5466
2888
3134
4203
-5148
9368
1553
4944
4382
380
5865
1954
-9424
2367
-7465
9668
3934
4486
5687
-3791
-2957
-5939
-5577
-2351
-8616
-4171
-3753
-3383
-9312
9684
-3603
-4952
-889
-9329
9627
9100
1323
2270
-9760
-9707
-919
5324
-513
7526
-9886
73
-1621
2079
-3294
3427
-6222
5780
-3613
-4863
596
-7015
-4290
153
3703
-192
-3710
-7453
-6508
-285
-3878
-5045
6019
4017
2061
-194
8302
1900
-9417
-8395
-9515
-9647
9130
-8218
-1841
-7105
-5339
-6481
5713
-5823
-5269
-7157
-3196
1364
2447
3068
-5521
5345
-5917
3686
-9757
3579
9633
-9260
-7490
4506
-394
-9883
8771
-3332
-8712
9712
-8296
-5523
9801
-4693
-4836
-4940
1591
-1264
1780
4434
7887
-9288
7418
-412
3030
319
9461
5651
-8369
6089
-2856
-6543
826
-5494
-6754
-997
3293
-6899
-8857
-1211
-673
-7565
9037
-6907
9046
8071
5769
8037
-74
-275
-4900
-4936
5976
9855
1007
-5441
7025
5505
-9765
2425
-573
9363
-7386
9886
-5883
-7652
1005
-7497
-9769
1020
-107
-7482
4990
1586
-1665
-5346
7133
2123
6425
-8189
-9896
-1016
-8158
-5884
3495
-7249
8212
9292
275
-4081
-5631
-8194
-7771
3227
7181
855
-1704
8392
4386
2707
-7728
6909
2722
-8535
-3106
-1478
7817
2798
-6744
4170
-3822
-3250
9111
3032
5264
-8854
-2731
4778
7678
8216
7994
9977
501
-7106
-7130
-7860
-1918
-3147
-8394
1518
6641
2858
-9848
-58
9720
3447
-3939
-7264
-9328
-1046
-6169
-9280
-1180
6596
1248
-3434
3825
-1622
4256
5183
-6783
3836
8947
-4198
-5412
-2392
9766
1256
-7265
-8794
299
-2639
-196
7986
-2604
-4702
-9730
9899
1411
5707
3158
-9140
2331
6949
-5618
-2886
-4413
-3317
-7742
-1726
-7902
7915
9988
-3091
5407
-5916
484
-6679
8215
-4487
9098
6491
7856
-7912
9592
274
869
2686
-9387
4105
-4003
-7786
-833
-7329
5066
3568
-4157
-3168
8626
-4922
-7701
-1662
-9923
-8228
7513
9683
3348
-3140
8349
5777
5656
8972
5348
-1146
-2682
2319
-7482
5445
4823
4887
-8625
2093
-1386
5963
-801
-4333
6176
-7038
7172
8482
-6998
-4860
-5308
7225
532
-8768
1418
-9430
7748
-5432
-347
5308
-2611
3853
-4813
2878
-4605
820
1143
9537
3751
1954
-6272
-6133
5534
8520
6470
-9671
6628
9285
3222
2629
-1093
-6218
5697
-2867
4500
9464
-3391
2448
7912
4176
4614
-1200
-507
-2699
2716
6255
1045
9698
-3228
-8130
5676
-7301
928
8158
7720
3142
-7280
-9030
-7754
-710
-5731
6825
8895
4472
-6259
-3614
-1265
2388
8670
3728
-8470
-2011
-8528
6389
1721
-4634
-6362
534
-5770
9932
4549
-9249
2614
6732
4671
-4999
4790
1999
-7021
-4521
486
822
-9563
-2581
5155
-5407
9583
4763
-7990
-2009
-8674
3457
2269
1889
9159
-3039
-9775
-9964
6997
-1397
1640
-377
-1129
5942
5342
-5516
3586
-6850
5074
-5532
-3898
-1976
2007
-9659
4340
-8222
3696
6691
-267
5160
-7292
-8978
5384
6242
-1138
2881
-9388
-2975
9889
-7711
4400
-5557
9401
-9730
-9272
559
9916
-120
-1432
7673
7210
-249
284
-237
4227
-2693
7361
-7984
-4339
4664
2439
9457
727
2808
6120
9425
-3850
-5726
-5762
-6422
4151
2442
-6503
-9243
-7077
-333
-136
-82
3285
-8063
6267
-7908
3849
5545
9599
4227
2602
9490
383
-5972
6451
848
2585
-48
650
-8465
-8918
4186
1564
-6951
7769
3755
-4297
7394
-8873
-3751
239
-603
-7904
-4060
-5130
4173
704
820
6611
-4139
8971
6175
2680
-3908
-790
9539
-2953
9625
9968
9007
-3622
-2138
-2214
9083
6241
-4282
6474
-5035
-892
1385
1314
5704
-1041
9501
4015
-2267
8122
9109
6643
-4334
3398
4127
-3920
9428
3632
-4786
-1960
-7311
-3070
-7794
-6686
-9590
-3444
-4520
1858
5027
8173
-3990
-280
-6328
6582
8722
-6319
-748
-7271
-6234
-5822
-5247
111
-4862
3764
-9284
-1754
-2187
4947
-6158
-5835
-7401
-7546
-1770
7290
-1168
-9842
6101
3142
-5888
-4036
-8854
6881
-6830
-657
-2114
6753
4535
-4563
-3420
-6547
-9217
-9384
-6521
-1574
-5510
-6272
-2384
-444
3801
1229
-2976
-3780
-8890
-5484
-3805
9962
-8924
-5526
7598
2191
-1733
-8706
992
8546
7525
3238
6298
-1752
7480
-7158
6344
-4321
-2940
4590
-9345
6640
-5288
-7692
4396
7755
-9875
-4264
800
-9004
1675
-5670
-8563
-8420
-6294
-7117
-8507
-5938
8285
-1335
-5545
-6881
-6329
-8643
7906
-4823
877
7507
-6962
-3605
7274
8483
-7613
9419
7019
-2882
7684
-6838
2112
-956
1943
5198
-8619
1787
7676
-8115
-4970
-4933
-6366
6519
6045
8855
-442
-1290
6985
-6261
8467
7863
1160
-9458
-5568
-8605
-495
-4909
9878
232
9680
-25
-5505
204
7073
-1066
2462
1009
-6801
381
-9546
-1909
-3421
8491
-5727
-2555
5645
-9703
-2917
-2357
-5339
1335
-373
6562
66
-7041
3891
5466
7781
2797
-6623
-6204
268
-7060
8189
3897
-5213
-9373
-9171
3482
-7685
3453
7244
3598
8487
5060
-9136
4402
-6484
3571
7993
1957
6824
-6400
4109
-3097
-4253
1032
-4657
-7723
-4483
7652
-9480
-4843
8375
243
-356
9071
1611
-8612
-8402
-8495
-1056
317
1608
6499
9112
-9760
3659
-3933
-5983
-2916
2318
57
-2312
5145
-204
4225
-616
9834
8551
-7324
-3818
4063
92
2092
-4180
-1911
4340
-5320
8079
6629
5566
-3869
565
9009
2617
-4064
-5262
-2991
-3818
3099
5327
9183
-9367
-5676
4490
-8122
-7396
-7402
6198
3146
-4716
7390
-8734
-6282
1482
-5747
-5610
7134
3238
-2190
8972
9720
3950
2588
7921
1619
-7074
-4672
3089
-5374
5495
53
-7826
6918
9835
-9605
4123
7844
-1384
-4851
-8257
5392
-1644
-3753
-1340
-3254
-5607
-9409
-4257
5354
-187
-3381
2913
3034
-7688
9994
8359
-9562
3979
409
8595
-945
-8296
7314
5917
9421
-7926
1105
-2496
-2096
4134
-8904
-6192
-3310
-775
3978
-6830
7415
8756
-7402
-3509
-8193
-4024
1128
7646
1483
4198
8319
7333
-961
-1495
-985
1278
-6846
-4015
6831
3360
-5398
-2891
75
9377
-5889
4087
1903
-9566
-8268
-3437
4377
7109
4659
4134
-6221
8814
-5450
-4973
950
7377
-222
-1244
25
644
8979
8819
7641
-8554
8077
-8560
1692
4833
-7079
-1281
2100
3366
2767
8888
9870
6014
-6669
-2237
-3834
-666
-1427
8541
-6387
-2074
7616
-7984
4637
-9005
-1916
-3924
-7253
-4395
-7535
-64
-7341
4290
9216
-1801
8503
7616
-7632
6745
-2160
-3776
-2982
-5905
-3073
-8112
-1550
-2858
2458
-2767
-9605
1828
5106
-1873
-9941
-6690
6286
1852
-2626
-545
-7933
1371
516
-3031
-6450
-8418
-8758
789
-4927
-5431
-2204
8667
-7439
5046
207
8718
7524
-7198
1464
-5002
-9971
-1851
-7428
-5051
-5978
-8764
-5626
8951
7579
-69
8282
-2608
5358
163
-1738
-2216
756
-7839
5497
4733
2417
-2847
8726
-2291
-5059
1414
7675
6860
-9737
-4873
-9998
3596
-3333
-7840
-165
-6646
9394
-7791
3949
6016
1890
-6714
6300
2950
-1746
-2694
5531
-6002
-4028
-7500
-5279
-7823
-1709
8787
8511
5591
5508
7881
-8488
2699
-680
-9261
-9346
1569
3737
-8007
4179
-9596
-6796
-3365
-3175
3622
7398
8365
-7423
-9705
-2726
7367
-5243
-8052
6296
2668
7211
4875
-3226
-9203
-2585
8839
-7967
1380
-4788
7850
6510
6741
5713
4882
1370
5199
9175
9576
-4394
-2968
-993
4915
-6772
-7167
-9168
-2276
-326
2105
4198
8184
4181
6030
-3822
-525
9402
-8633
-643
-3581
8633
-7071
4718
-411
7608
-1127
-2904
-7955
-2752
-1312
-5470
-3052
1334
-6309
5126
-2806
845
6529
-6503
-2646
1677
-7928
-4505
407
1298
6150
-5207
-8346
-303
-7214
-8304
7235
1720
9770
-3255
-4711
1883
3949
-1997
-22
1415
-8331
-9671
-6736
-9916
-8784
-4566
-3907
-5732
-1299
-1711
-2608
5266
6979
8395
9911
-2179
-5814
-9450
-9677
4400
3979
-8269
3397
2354
-1896
-194
3997
8280
-4696
2864
6330
6189
-8346
9047
8647
3283
8314
-5062
-6694
4369
-411
9412
-2400
-6409
1560
7718
-5658
7397
5645
-9705
8318
-959
2179
-3462
4349
-8638
-4240
6922
9248
-8968
3876
-921
1629
2678
-4901
5471
313
-6380
9187
2332
-9405
408
4467
-3038
4405
-2167
6607
699
5671
-9503
2624
3187
3887
2816
-3146
-6166
-3896
-2144
-7505
-3018
-7483
-1703
1791
5927
5432
875
-9350
-2298
-5356
9892
-4251
7447
-9152
-2483
8340
-314
508
8388
5003
9590
4409
5275
-4672
4096
-7929
-8521
-9825
-6182
397
-3265
-8236
-8097
1640
-1326
2399
-4173
-8528
236
2232
-8055
6068
2869
5733
9209
1202
-6783
3391
-2701
7119
-9647
8208
-4848
-541
8381
-5486
1637
2551
3859
-5072
9058
750
-8017
-1901
7380
-2876
-1394
2522
7932
-2575
-6075
-6106
-4424
-2685
4883
6046
6624
1630
-6178
7589
8002
4083
4851
4765
3806
-9659
-3480
6375
-4390
2014
-491
-3306
-8775
-2777
9985
-701
9171
-1508
-9449
-9501
-1546
3658
1581
198
4270
7725
-885
-4423
9302
8462
-8035
606
-4641
223
6845
1278
6824
-7527
-7911
-8180
-3629
1614
-1047
-2717
-9560
-4875
8794
6488
-2517
902
1149
-8964
6361
-2787
6190
-2196
-9981
2036
-9224
-326
9169
2647
-9017
-5100
8539
-1484
6725
4793
4135
4045
4338
-4159
4920
-7470
-7046
2015
-6618
-4249
4312
81
-7726
-9008
6167
4161
9202
7782
-6777
-7800
1596
3154
-5219
6397
-9455
4173
9232
-5944
687
2627
-5498
3398
2134
-358
-1584
7071
1091
-8569
-4559
-7103
7946
2377
-5253
-6688
-5623
2568
2029
-9854
-4849
7801
-6270
5463
190
-6410
-1989
-5970
-5482
-8792
-269
-4
-6153
-9454
-4104
-1321
3841
-7679
-3281
8232
8249
721
7374
-7871
-5598
1845
3171
8915
1088
-9164
7965
5339
6852
-2468
1520
4280
4526
1561
2539
-6192
-4868
9730
7900
5993
8910
-9886
-7444
-992
2534
-6214
-2874
4753
-6512
3186
-6595
4160
-9092
-8176
2786
-2282
-3735
1561
1340
-4859
2356
246
7944
-7592
8510
-6806
-3809
4905
9595
2211
-7843
4331
1913
-5929
2604
-5039
-8784
-2300
4006
-6113
-2517
1450
5797
-7619
-846
-1439
-1782
-1794
1309
-3699
-6336
-6634
4797
5239
-3099
-8375
-5097
-1425
6218
-1770
4407
8597
6031
7904
7856
-2882
-4099
5482
5864
3496
-4767
-1965
8554
-3742
-6406
-5843
8155
-763
-881
1596
8767
6839
-5475
5692
-7560
7894
-2796
1319
-5995
-5216
7361
-2674
-4603
5954
2305
8656
-2979
-3559
-2308
6220
-5730
-1175
-6038
-7166
4017
3312
-467
4061
5727
-6192
1991
6312
9772
-6272
-9457
-7485
5828
-1156
-857
2093
-9854
3926
-5390
-4157
-4718
6335
3799
-6828
294
-9463
5395
-3363
2449
-6010
-1089
-2758
-5776
85
-2094
-2980
-4234
-5373
-2393
1305
3514
-3825
5825
6390
-732
1789
3231
-2960
-9777
7891
8592
6669
5273
-8544
-8684
6470
1262
-4092
2185
-877
-651
-1562
-4301
-7790
7461
5536
-3499
-1009
-3219
9375
8627
8521
6285
7042
2486
6351
2805
-1915
4273
2270
3346
1841
2208
-5524
-6978
6501
8699
-7363
-5213
9981
-8208
5670
6775
6071
-8554
-9732
-2189
5624
-7390
7928
-6188
-181
9348
-2020
-1644
2268
8980
-3832
-7591
-9968
6351
-6810
619
-386
-7459
-6938
-5655
1012
-5589
-4965
-9832
-9213
-202
9019
9550
8774
-9837
2820
2868
-9206
-7223
-9210
-158
4707
-8616
-1791
-3894
-1399
8830
3660
-2748
270
6748
-7641
834
1766
1799
-6768
-6782
-516
-7720
5292
8519
-7304
2330
8114
938
4327
-985
6201
276
-7408
6096
7469
8441
4138
5354
9871
-3088
-3737
-8087
-1341
8134
-3505
310
5291
-8349
8072
9022
8460
-2744
5226
-7554
6961
-9057
-2953
-2439
-2669
-1871
6509
-8267
1924
-3428
-8987
9274
-8047
3911
250
5138
-8961
-2195
9503
8447
-8102
-8732
-638
-6758
1456
82
5085
9486
1421
-8052
-2380
-3201
-4350
4639
-9297
9583
-7672
8015
-641
7827
-2202
-8162
2344
1009
5833
2152
541
-3658
9
-2204
48
-4487
4898
-7029
6522
2437
-6732
-4278
-9835
2282
-2638
-8265
8048
3573
-4657
-4509
7437
-2265
4201
-9480
-3816
2036
8227
5531
-9503
-8424
6405
-1979
2624
-6873
1037
1158
-2592
892
-2134
-3191
3895
-2616
-7027
-5491
9789
-5332
-1604
5092
3852
-5072
2051
4340
3437
-7121
-5413
150
5790
834
-7308
9442
-3370
9860
6537
4965
7085
-5623
1619
82
8635
2777
-7728
-6940
6254
3329
8369
-7792
3599
-8229
9605
-7283
5536
-2847
-9213
712
1686
3136
-4795
5668
4068
-5755
227
2020
-3059
-5749
-3176
6389
9390
-7791
6701
6919
6273
1736
2690
7753
-6847
-2346
-7228
367
-4001
-7548
-6067
-4150
2664
-8883
-8520
5755
-7908
8975
5249
-984
-1734
-1763
9138
-6388
-9224
2754
-624
7818
-8119
4495
-4229
1279
2564
3476
-2928
6220
-961
-810
3336
-8364
7393
3646
-5127
9540
7043
7810
8102
-4524
-9950
2787
8242
-355
9390
4721
-6243
-6172
-6956
4460
-9295
-7363
-6244
-4629
5475
-9382
-9802
-659
-8505
2136
6991
-2680
335
-2288
1572
5964
1798
8738
9593
7402
-5357
-2973
37
-7838
-6418
6159
-1136
-7235
-8084
-2717
-9981
-2692
7337
-7485
2814
3182
6279
5940
-2853
647
-3857
-3056
4741
3117
-3544
-9565
-7468
8502
-5777
7982
-2430
4373
9892
-4740
2645
-8363
-8819
-7233
1476
-9872
7118
-5056
-5878
-8342
4366
-8867
-5394
3121
75
-3785
8024
3834
-1903
6656
-4471
7851
7439
5738
6817
-8549
5051
5954
2994
7362
-6761
1997
9101
-8902
2265
-4440
-2032
5709
7823
-7997
-9058
3527
5761
-3918
-2889
9278
7545
-3526
7413
5926
5870
4702
-9069
3442
1141
9731
-3966
-8458
-8158
3733
8025
3243
6855
-4021
-2379
-6178
-8355
-7411
-2425
-9828
6303
9162
8662
-3663
7271
2563
-6730
5241
8564
-7418
-6178
-2671
-7924
5323
176
7347
6671
4445
-4389
1871
-4393
4485
7784
-2944
7084
4896
-3090
-5245
4617
5425
-4820
-5257
-5423
5632
5191
8510
6617
-4419
7924
-4169
-86
8057
4420
-3025
5872
-7297
-5712
7575
2112
1484
3749
-8246
9202
-1675
-9356
-1213
5059
-4466
3271
-2275
-2519
7918
7714
1063
3440
19
-6720
-1297
-6568
2637
9891
243
2002
-6184
7821
5012
-4982
-4008
9560
-7689
7782
9318
1927
4360
3594
9757
-182
809
7386
-2501
-916
-3605
-3631
2895
-6736
6715
7242
2964
-3800
4592
3230
2809
3737
-5693
-5146
-1148
6136
-7891
1197
-11
-3538
3853
-6701
7714
-8945
-4350
-7058
3926
6980
9709
302
-6385
6682
6032
-7217
-6929
828
4353
6822
3323
-6456
8273
315
3953
-288
-4756
-2115
6091
2858
8672
506
4115
-3488
6501
-1119
9649
-7228
8976
-8186
3623
-7060
-6861
-8172
1877
-6714
664
9383
-5074
4572
-335
-6764
-3216
-2424
-2194
-314
-457
7148
7817
-7710
-3586
6978
318
5692
-4060
-5115
9441
-6564
-8382
1837
-6434
-1134
7487
-9711
9369
-3900
-9433
-7231
-6510
307
6794
-3287
9248
6509
-2504
7036
5145
7037
2624
1964
-6447
8925
-8422
9789
-2790
-5252
5788
6055
-8469
1727
7302
-2178
-7930
-9687
1605
8986
-8391
-7653
-7600
-6590
-5817
-914
5411
-66
-9296
-3014
-2309
648
-2611
2902
4431
1186
6001
-4312
-439
338
3063
-6262
-4619
4976
4082
-8547
-2985
-5838
-6128
5531
7164
-7280
-5154
7370
7993
5952
-7986
6333
5858
3395
-1563
-4950
8576
-2910
3687
4330
-1176
3856
-2636
-3520
-1024
8887
1396
482
-6830
-7304
-2370
-1994
-1959
-8997
-9765
9948
-3549
7431
94
-7144
1411
5827
-4853
6665
2021
9633
934
-1059
-448
-2688
9138
-6875
2212
6425
-570
6836
7178
6259
4333
-5303
-6670
-8416
8358
-5468
8422
-498
-148
-624
-1041
-7307
4633
-3985
9097
2888
6277
9358
7695
-9194
1354
4585
-5112
1149
6022
2582
-2395
-385
7572
9393
-3432
6911
9613
6445
-4844
-7170
9867
-2234
-3981
9474
1042
-510
-8007
8354
3977
-5662
-6619
-2729
64
-321
5395
4070
8518
-7354
7029
4152
-7385
2099
8344
3894
3941
-6220
-9397
1245
7213
-7109
-9288
-8044
2167
-1123
-4610
-8295
7512
-5263
3295
-4703
-9211
-64
7822
-750
8947
-1538
4687
-6826
4600
2158
1082
5532
-3296
-555
-8728
9837
627
-4880
-540
-2466
-5467
9353
6586
8632
-8621
-9483
4191
-9664
3443
-8869
-1367
890
7995
-6102
4667
-3579
1460
144
5260
1975
1447
538
-1232
3943
6686
-6943
429
9517
-6419
9449
-6740
5553
2833
-6105
1074
6807
7458
7246
6879
4356
6803
-9856
8241
-1620
-251
-290
-7369
-2171
-2459
3589
8153
8808
7538
-8580
3365
-4274
-4445
3171
-6632
3030
-8460
3621
-3108
1109
4064
-2950
-7332
8262
-346
296
-5577
1856
2110
-966
-9642
2870
9964
-3451
2959
900
5829
7688
4368
-9394
-6563
-2225
-8404
-2920
-8493
6054
-9008
5691
398
4341
8245
4563
3043
3167
-8319
8432
4127
-7216
-7519
5488
-633
8176
4872
7672
-3231
4643
3383
-8523
3474
8626
8733
7664
485
-1414
-2228
4093
525
8774
-2790
1125
-3706
2841
3029
-579
8474
-5032
-5556
-2784
8969
6747
8751
5902
-6915
9336
5516
-6055
-5105
-2258
6766
-5295
6426
685
5563
-983
5157
3979
-5051
-778
4538
9369
5507
9346
3957
1424
-7284
7809
-5573
-2330
5645
-7416
4812
-2214
-806
-9009
-5575
1468
7982
5605
-5866
1326
-6914
3563
-92
2233
-6241
2537
4393
2444
-6081
9184
6746
-4708
-1694
-1186
2324
1701
-9451
7078
-8350
9010
2886
9095
1475
-749
1169
-7081
6381
8701
-3664
-5658
-6006
-2645
4387
-2184
-3962
-4056
-9293
-6540
8677
306
8993
6602
-7484
-3829
-9552
-6082
-837
541
-5601
-4894
3447
1796
4491
-4006
-8688
-1261
-6311
-13
4021
7681
-9630
-7381
3736
-957
-2455
6877
8294
-8279
-5346
-722
5705
5130
-6706
4088
2987
-2105
-1787
-9761
-2057
360
5010
6368
5170
5231
-5624
-1255
-7187
-4147
-5223
7377
8991
-5406
6911
570
-7103
-8922
-5820
-8777
-6778
-6661
-8538
-3904
7947
-9150
2891
-2176
9594
-7047
-3254
7556
-4004
7248
-390
-9397
-4111
9088
6281
-5591
-6973
-7013
4480
5203
9182
-108
-4178
3626
-6435
-7339
2941
-3529
6747
-7420
-5204
-2941
8666
9605
-8355
-2159
-2534
-7369
-4306
5714
1590
7283
-3730
1722
-5896
4022
-1170
4313
-9816
3225
8093
-7187
-9375
8989
4929
268
-6868
8632
-4811
-498
4704
5849
2838
2368
-5534
4695
6494
8550
2997
8941
-784
-9963
7172
1456
-9897
-8924
-7318
1408
-7240
37
5060
-8238
5705
3142
-542
-7772
9968
-9883
-3175
2121
8020
1217
4
-8294
6505
4064
-4813
1202
6556
-3073
8327
-753
-1758
8856
7595
5656
-589
-1100
-7300
8710
4385
1010
-7214
-7834
2162
-6917
7194
-9484
2900
7932
7159
1579
-1753
-9202
3399
1225
-8700
5268
6393
-7015
-525
-2448
-8978
1433
2896
-6010
-6997
-3665
-5995
-7607
-7430
8800
-9780
-4465
-2006
9661
4669
4145
-3462
1779
5091
-6012
-2299
3265
-6192
-4012
2504
8088
6570
-3754
2287
-9721
3213
2676
-2827
949
3515
-7328
-4079
6696
-7825
6769
5186
-7957
-5193
-5845
773
-6070
-5640
-5963
8170
7601
8150
-3547
3999
-4582
5401
-1031
9696
3031
-1584
1443
7995
-5646
7747
3982
8683
-9075
4052
-4806
3890
-5984
-2175
3263
-2941
-8757
-7670
1129
-3718
6914
-6509
5604
-5353
7106
2322
-1626
8883
5666
-4423
-8360
-6222
-4175
-4853
-3880
-7596
-2596
2635
-9809
-6088
100
6686
-5295
5870
6122
4720
-7025
-3470
1899
-9893
7414
4151
9845
6573
7122
-2127
5565
-2005
9018
4437
613
6316
9799
-2935
3208
-5773
3709
-7442
6110
3739
-457
5868
5514
-7783
-7260
-5496
8103
-2100
-9981
4509
-1970
-5112
9634
-9673
4908
4599
-425
7270
-9979
-5257
-675
-4157
-4576
8475
9545
6845
-9878
4015
4810
1978
8728
2611
9823
-2119
-5120
-5296
6494
6798
-4325
9804
-6582
993
-2464
-4484
-4546
5060
7428
-2128
6795
5034
3410
299
-2681
1865
-7914
-1490
4944
8371
-2149
459
-6138
-5746
9925
2751
-638
840
-4307
-8700
-952
-7532
-8948
-3940
-4799
-8984
3065
-7618
-5301
-9413
-4198
2400
7925
-9304
5646
3418
-4776
5133
-3096
9924
-997
-930
4323
9817
266
-3613
8025
6659
5757
-4304
-4847
9046
-2232
-4300
5300
8796
5888
-3584
2052
-6708
-5301
837
460
8877
-4671
-8428
7201
5636
244
-9145
-6356
-2925
1151
7191
5620
2769
-6219
-3058
2784
-5764
-5139
-864
-987
-7219
-8215
-6822
4721
-7702
-51
8522
2047
2058
9795
-9820
2685
-6428
-1652
-6249
-8998
2366
-7845
2419
-583
-811
7903
-607
-2386
7990
4743
5302
-153
-4165
5008
2878
-6907
-8349
4694
-750
-526
6076
-3803
2443
-1527
-3748
3074
7943
8978
993
-8819
-4038
-8807
1271
-2079
-6937
1169
8883
-8286
2497
2308
2191
1
4498
-5640
-5448
1151
-8306
7351
-7093
-3759
6045
-8632
3960
-208
6752
4320
-8653
9750
-533
7070
-8619
-1235
7185
9627
8790
9602
6735
-7415
6128
-5695
2879
5679
-4695
-5401
-7247
-4583
1548
-7760
-5746
9714
3671
-4771
8328
7096
-9370
1994
9376
2605
6637
-4316
3147
-2446
3558
490
-6195
6612
9414
-6039
-3496
-2048
-1782
-8245
-6046
-8886
5040
3589
-1374
9177
4581
-7430
-9070
-2406
-7648
4127
9019
-510
4553
7565
-3753
-9975
-7753
-8791
6017
-5623
7773
7095
-4222
-9345
-6200
-7768
533
6778
5024
-4033
7538
-7382
-6599
-2872
9412
4896
-7251
-6468
7257
6187
2831
2863
-5911
9890
-1427
-2301
3312
-6425
6638
8454
3141
-6517
-2034
-8644
-5923
9250
8757
-8769
1728
-2389
-4684
1459
-6343
4727
3444
-7117
6240
-3324
8454
652
1520
3326
-9463
-8651
-9568
-7260
-7033
5986
-4814
34
-3879
4891
4230
-2688
4145
-5058
-5299
5006
633
8121
-6464
9581
-2431
-5054
2288
-6506
-1284
-8212
3603
-16
28
-6583
7414
-6956
-3316
-4194
-6212
-6427
4215
3920
7276
6699
-5402
-6940
-850
4446
-1687
-6472
-697
-7161
7303
-3376
-2628
8591
9729
-5701
-578
-8389
-1960
-7930
6516
9601
-6909
2418
-2902
-2943
1764
4597
-3707
1392
-3214
5110
7196
-4485
-4873
-4830
2522
-5644
-2333
4882
2467
8828
2072
3372
7266
-2667
-6233
8583
-5306
-4748
2960
7286
5232
7205
-3784
-8715
8267
-8777
7467
4657
3319
1222
3187
-855
6959
8385
9351
6485
7030
-2511
-3956
-163
8480
-1553
-9119
-2266
1468
-473
3542
9517
-1584
-9820
9884
6682
9106
-4526
9285
-4604
1810
3714
2825
-2422
-3494
-8043
-3648
-106
-7606
-5769
-2592
-632
102
1880
-8282
-4018
9148
7089
-8470
4609
852
2202
-3712
6822
9875
-8399
-1120
-4489
8100
-1085
-4620
1810
6664
-2750
-4331
-9150
8700
4440
6500
1880
8489
-1305
9574
6682
-9275
9537
-2983
-3321
-3871
2122
-747
6199
-3222
-786
-3799
5114
-6493
-5961
-7828
-8725
-3522
608
4615
3229
2880
-9899
1004
414
-3571
-4397
2131
-3305
9229
5265
820
-7729
-4573
-3538
4097
613
6968
6618
-4040
576
8651
9170
2436
-5930
7151
226
6148
-1319
-3773
6717
-934
5286
-1619
361
9783
-5180
-2429
-7337
-3835
-5838
4970
3190
4859
9397
4343
8114
-9508
-4864
-8002
7364
8162
-6659
-7931
-2595
-7587
-9614
-2684
-1579
-2643
-7349
-9279
9814
-7673
-9875
1557
241
8081
-7403
3980
3939
9338
6582
2283
-7633
-4973
-7153
-3665
7495
-7668
5738
-4522
8163
-3475
8772
1030
1386
4009
7396
5291
-4518
4321
-314
6201
2399
7107
-6600
-8827
-8006
-8343
8057
-221
1747
-752
5705
8897
5324
3503
-8338
-2416
-264
9227
9754
2989
3703
1672
-3057
5048
3910
-2127
8577
1507
6546
3809
588
4649
1191
4980
4912
-3851
8520
-1855
-8405
-672
-8914
-4952
9016
-8619
9360
-9390
6638
-9094
6636
-6361
-6960
-8958
727
-2801
-3223
-394
-1325
3937
-9978
-346
784
3890
7599
2050
3363
-1735
-2572
5113
-5205
-3530
-2186
2822
-592
1106
-9343
7392
4412
8178
-9283
5128
7040
3781
124
9026
-2953
-2835
-9829
-9188
4397
8956
-6846
4574
-9264
-1410
-5232
-2778
8926
3645
289
-6311
888
7382
-9807
45
-3277
3444
-2885
8603
6270
-5304
3157
257
4081
-914
5138
6405
6992
6382
669
-3158
3932
-1828
-5413
-9947
1262
-9107
-4123
5188
2797
854
-156
9306
-2642
5343
5328
9874
-2251
8115
9890
3973
-7613
-1331
8397
3205
1437
6769
1599
-2248
5409
-2842
-7365
-5087
-2767
2092
4072
5140
3291
-1045
-6687
-8988
-191
5027
2685
9328
8981
-9649
-1774
-6159
-8642
-5234
360
-6606
-2602
-6860
5731
6380
3880
1462
5581
-8907
6665
8685
-571
-7668
-8540
-7173
-6167
3977
-1119
2599
1514
2887
5813
-5980
-7302
8877
2940
-6437
6077
8245
6243
-5245
-929
1453
8692
3221
-1067
8320
1883
4553
-914
7432
-3613
7074
7406
-8050
9618
5613
471
-9940
1649
-5355
1303
-8418
-4752
4937
5991
2605
2831
-897
9143
-4509
2023
-7807
-9628
187
-3853
-4518
685
8943
2206
8014
9970
-2215
3216
-5067
-883
9990
-5362
8805
-1350
2861
-2345
3136
-8795
-3957
1774
2965
-2260
4361
-5377
2156
-8142
-6061
-1183
3719
-4601
2144
-6654
4904
5388
-4210
-9214
-3462
-9349
-4976
-5970
9454
-6834
-4858
-4751
5753
-2616
-2729
-109
3579
-3768
-7784
6750
8131
2135
-3404
-9082
-5410
-3953
-8249
7945
2261
473
6812
4032
-2071
-8910
-9562
5315
1171
-7247
-3514
1680
755
8444
7573
-3139
3196
9743
5811
7870
3244
445
-9851
7545
-3469
4003
5085
7498
-3116
-2908
-4650
-7958
-6135
-1078
4399
7659
9518
-5326
-2519
6722
-8954
-3480
-4545
-4191
-7768
-382
-4927
-1238
-6567
7027
-8301
6453
3824
9163
-8661
5730
-6952
-7529
-8837
3915
4288
2551
-205
9502
4547
1712
6019
-6773
-2937
-4425
-1464
-1455
-7013
5037
4092
-1897
-8130
4737
-3289
-8103
2874
2220
2900
780
-3458
-936
1171
-3771
9148
-2106
8637
-2467
2036
-2524
-7996
2773
-2377
2601
-6074
-6029
417
1846
1638
-3643
1291
4526
-7463
-8496
4432
-738
-2226
-4881
-5297
1372
-7796
1759
9152
1695
-46
-8838
7812
-216
-105
3482
-4638
9842
-7343
-2219
7402
-5827
-4761
7729
7161
7945
6206
9724
8703
7366
-9345
-9619
-3100
4491
-9187
-4315
4580
6211
2969
-2172
7511
-749
8503
-6995
-5325
3418
3588
-8524
3008
-1997
1201
153
-4472
-9363
9175
323
9027
5997
-5329
-9546
-1375
-4678
-25
6709
5945
-8416
-3418
4034
-2629
9648
-4452
-4673
-8144
-7480
8503
3221
5305
-3169
8909
-1679
2842
-3191
-1737
-7184
-7999
5900
1690
-9068
2186
4604
1199
5273
-4785
592
-5537
2566
-8726
-6724
7743
-5205
-2629
-4887
-7009
-5708
-6006
-4096
-1088
2163
7882
-2835
-1411
-6185
-1002
4871
-4238
5844
4146
-1479
1658
-2585
-8215
-5142
6782
-8075
8353
7466
-2132
1844
3500
7881
2297
-2575
1785
6044
-4146
-7821
-1397
8352
914
1362
-4539
-730
-2459
-5625
-6097
-3446
4809
-3874
-2495
-778
6557
-1339
-9783
4617
5685
3725
2416
-8321
4566
-276
-8671
-1537
7081
-5260
8685
-4298
7016
-2407
377
2591
-4232
-74
-1670
-1701
9099
3479
3785
-16
1503
-3936
-2755
-6162
3547
2948
1608
-695
5362
2153
-3490
-797
-7054
1505
6464
-3937
9382
-1392
-5385
-6246
3065
2370
538
6787
-9317
7263
4121
-9588
9559
5110
-688
2754
-4315
4793
-5563
966
-9348
6123
-6848
-5565
-2037
6175
-1805
1959
1159
-6604
5221
5417
-9856
7957
-6876
9003
-8228
-1081
-3085
-9180
-5053
2130
9905
-5910
-4990
5850
-8538
-6735
1870
9683
-9920
471
6621
9368
3294
3305
-6985
-1263
2663
2910
7850
4381
3094
4022
-4450
4097
-643
-7518
3486
6289
6142
-2669
-7390
9013
-7243
-2236
-5093
-9094
-5962
-9836
-7429
-8179
-5412
8478
9424
-9856
3333
-1106
4670
-9596
6124
-2584
-2491
4800
3425
8780
2672
-3355
-3573
4166
-5992
-4950
-2322
-4306
-4133
-2385
-2745
-6945
-3277
8832
868
-8377
-3189
-8062
5926
-4400
-2964
899
4322
-14
-4842
-5487
-7271
-2673
-9471
-958
4760
-3137
-3546
6737
3952
-9036
5108
7742
3699
-9546
3613
-7178
-1650
-4963
-591
6341
-6355
5719
4416
5620
-4019
-1583
5065
-230
9675
-5032
1837
-3670
-1423
-2577
-9240
6037
-1565
1596
-2570
5237
-4325
-7258
6782
3768
-6848
-7834
6756
-7576
-7329
5856
-5680
-1591
2864
-5092
-4553
6704
-2157
-3315
-3364
9425
9246
-3123
-9174
5440
5129
9093
5535
-3233
1050
-6006
-956
3504
-5339
-6178
-8431
1112
1073
5325
