14420
-1789
2782
7139
8202
-4782
-6347
4098
6021
-2881
-8715
1807
-7242
-8292
5545
-4507
-6247
-1996
-8483
-6799
590
8633
7875
441
-3152
1087
5979
-5929
2551
8994
8634
6642
-7471
7748
-1377
-2197
-1720
-595
-7291
821
8122
444
-9452
-7580
7481
-8160
3633
-5607
-7319
1310
7231
4927
5050
-8964
2933
5554
-2088
-3637
-125
5332
-343
5893
-1050
-2107
-4958
-5156
1550
1966
-5217
3035
-6808
-5855
9388
3572
-5451
-3302
-9283
-3581
-4932
-5721
-4731
4049
-6874
7256
393
1075
7581
-2360
-7082
-8238
-3579
-8146
-7767
5133
8466
-3115
7004
-6713
-3669
-3077
-5718
2616
3220
-7518
-981
-1964
408
3427
2482
-9935
8141
3678
3077
1960
-3354
-3455
-3396
1707
7977
-24
-8713
7890
9309
-34
-5456
-1317
-4831
-9559
-8256
-1322
-9860
7440
-1018
-4876
3042
3296
-2246
-6344
-6425
1822
32
2734
-5978
482
-7852
4738
-3364
2187
-3471
-6060
-8887
-9047
6741
5767
-2292
8517
2289
-9250
-4075
9532
9417
9519
5486
5167
1913
-8020
-1445
-8975
-2061
-7249
-2947
-4765
-8347
4209
-3693
-5882
495
-1316
-5656
-5497
-3647
-7781
-7981
4330
-5498
-6942
3408
-5019
-7741
6202
-6489
-7205
9346
2278
5804
-7502
-3358
-4713
-1508
5886
-8863
7112
5728
9350
-7905
9519
2274
4656
4664
-6577
7857
-3232
2800
-419
4902
-1414
-8376
7366
9135
3053
-9012
8225
7526
4109
-8902
-2370
9472
3278
9606
-5509
-4742
268
4857
-8297
-8143
-5046
-4681
-9892
-6703
-5009
-5930
1927
-1871
-1941
-3683
6891
3497
2916
4242
2562
-2725
2018
2222
8147
-7735
-1715
-6376
-2603
2127
8627
5965
6224
8611
-6824
-1100
-7709
-2773
4933
2077
5045
-6658
-1152
-410
4699
6196
-2390
-1124
5129
646
4340
9339
1278
-2754
3317
9150
4180
-5524
3226
8192
-9464
9744
-1137
5808
6525
3290
-300
-7187
-2360
8933
4738
2220
6443
8196
-5461
-6668
8688
80
5970
4042
-5389
2572
-3367
-5171
-2737
-5170
-5095
-5849
4858
8803
4971
-3690
6743
1523
605
2488
-2681
-3960
-2993
-8689
-8251
-469
-2055
-465
210
-4496
5194
-6963
2593
6586
4543
1286
-5858
-8202
-7331
1844
4696
-9826
-1884
-9999
-844
-5302
3033
-6585
-5927
-4379
2279
-6776
186
-1967
6255
-5172
-4286
5959
-7305
860
426
4087
-632
-7606
6030
-7782
3671
4376
5661
1623
-7053
4009
9035
2751
5200
8402
-152
-2973
-4249
-238
-5130
-1249
-9485
3120
-4504
-2610
4220
-9696
1876
-857
8197
-6867
-904
2263
-6536
7692
423
-9369
-7598
-2549
596
-7689
7733
7239
5686
-810
4502
3014
-3277
6784
9696
-7819
7050
-8094
8143
-5198
3183
-3834
-2049
4092
8865
7533
-4652
2799
-5304
307
-2181
3973
-1747
5736
6175
-8
3635
-761
155
640
-7243
-2884
5040
2875
6814
3161
7293
7863
414
-5787
9424
2530
-3287
-231
-4888
3560
-6798
-5730
8343
6232
9147
6569
-164
-2197
-2855
6811
9883
6586
-1295
-1423
-1292
-2615
8244
-1896
-4827
8926
-9056
3534
1334
4243
-1767
-2095
-5356
-1554
1467
2939
-1557
-4628
5165
2827
-4211
-1415
-4051
4517
5969
-9174
-8019
-6141
169
2232
2405
-8448
4133
5871
2173
8178
5625
-2719
-2409
9092
1381
675
-2815
-182
-266
-595
61
6255
9904
-3988
2089
8547
2001
-8198
4008
7015
-9532
-4828
3444
3750
4579
5142
-6524
-5381
-7332
-8070
8367
4054
-720
77
2369
-2679
897
-3506
-8213
-4620
-7733
6253
7498
-2420
-1395
2410
844
-5985
8057
-3078
7662
-4778
2534
-7980
2689
-7869
-6914
1319
2628
2528
-2067
6936
7489
-883
2740
-1922
-6420
-8639
8649
-6822
-4079
1872
3875
9614
-3758
719
2421
-1516
-6745
1482
-7156
-2484
-5645
9684
-4104
3867
1784
-3916
1648
-243
-5630
-2281
5250
82
-1246
2217
-6402
-8891
773
7432
-311
-9565
5872
-3468
6212
9125
-8745
9854
7300
7420
-3282
-1962
-6765
9730
-6207
-8042
-6397
883
875
-2654
2013
9568
1375
5670
-6467
-8703
4660
2936
-3477
-8656
-8610
578
8145
-386
-1819
4588
-9112
-1183
919
-9405
-1558
-2688
6252
43
7733
-3229
5856
5208
6164
7446
-6352
3437
4893
2260
6153
-5896
6450
-2105
-4615
-6122
-4261
9988
-4776
6037
-1441
-2656
9897
1748
9201
-9388
-3180
-7200
-5017
8135
7639
7171
-3176
5122
5446
9204
3309
-9232
7756
1090
-1200
7338
2177
-8713
2362
-8878
5011
-9456
-1214
8371
-2527
-3117
7974
6934
-605
7823
5847
217
9413
8521
-4965
-5625
1241
6902
6938
8587
-5028
-1340
-3270
-2469
4644
4087
-2414
-6508
-306
9387
2414
2530
1396
4723
-4882
-5313
-8807
-3582
4403
6480
-9140
4079
-9840
3196
-9437
6456
2120
9244
-6981
-2419
9836
1983
9611
-3840
-2034
5166
5986
9505
752
-6450
-9562
4016
-6817
-6663
6303
939
4594
1985
-4260
-9502
1825
-1184
7110
805
6423
6137
-4057
3879
5214
2548
3944
-3212
4591
-7412
-7729
8017
3332
6722
-2898
-7125
-7823
9577
9977
-3595
-8247
-1134
1706
4676
-2754
3878
-2850
-5748
7549
7423
-3335
272
-1487
-6467
5723
6883
5604
7311
-1743
-8805
-9988
5403
9035
6122
1161
-7988
9767
5220
1300
-8422
-2443
-4957
-7044
-6609
-1066
3611
-6173
7877
-7987
8104
-7908
-7779
-7749
2997
2674
-8235
3995
-38
5288
-412
5145
9400
-2506
3596
-4336
-8975
-8307
3526
4884
5055
-2671
228
6098
7965
-2642
1830
-7689
-2657
9590
5437
-4706
-3797
5918
4854
-6080
-9541
4819
1424
3582
4847
2576
-1824
-9796
7481
-4388
-4643
8918
4981
8033
-66
-8186
-3271
-9924
5882
377
-7814
-6542
-6363
-9091
6004
3166
7334
5707
-4778
-8269
3041
3893
-1600
8068
-6205
-3297
3805
9685
-5424
-5292
2126
1903
-6293
7171
8770
-2515
-7372
-2203
6260
-2513
-5950
3485
1732
-1467
-6014
-161
-3178
8694
4028
4349
1487
3218
9490
2101
-2525
8700
4649
-1350
2243
-6235
5651
-101
7739
917
416
6408
9066
-7659
-3966
3828
5564
3355
-3513
-5551
5392
5837
7894
-5119
-3022
4919
-4239
-5874
-85
4041
-2516
-1614
-9744
-4474
3104
8195
-8326
-5085
618
-5805
-2926
5687
3308
4185
9138
5315
-104
137
7484
-7524
5618
1523
-7580
5289
854
-9481
5424
-3993
5016
9604
-4363
8880
-8686
-4707
876
-4903
-3803
4648
9889
2352
-6845
-2393
4049
7380
2948
6603
2362
3814
-5173
-9776
-3437
4552
-811
-8557
5336
-7745
-5972
5649
-9759
1610
978
-3202
2115
1309
-6873
-7650
-8584
6001
-1842
9520
-5335
591
6567
4288
-7402
-4199
-5328
-8438
-2721
-2488
1460
-9697
6752
-8948
920
-196
-2631
-4811
268
6206
-5455
-3206
-3544
-1815
5
-1771
-2488
2694
-7727
9024
-4244
-3244
-6145
-8766
-2038
-111
-2225
2793
6732
1390
4381
-4471
5819
-5555
205
8864
8159
5376
-4344
7927
3324
-2385
-2217
-7587
-6420
-8769
-4218
2135
9000
3623
2627
-3314
-1542
-9582
9125
-2575
4379
-8494
7543
9860
7447
5291
8102
-4132
-4067
-4836
-6323
1885
4593
1098
-3646
-9509
5921
-9721
-382
3340
336
-2596
-9964
8335
-9952
-1689
-990
6338
8365
-120
6833
1334
2724
7650
8490
7034
-5166
5137
5986
1001
-6917
-1646
2624
8420
6269
-7026
-7892
2819
4447
-196
-9403
2353
6870
733
5333
-1518
2351
8803
6031
-5085
-9083
2526
1201
-7317
5581
-577
1352
-8027
-5761
-1319
-4171
2353
7539
7059
2161
-7937
-2984
8770
3253
7994
2541
-7687
-8209
576
-3685
5328
-437
-3418
428
6921
4030
7978
-851
1373
6391
952
-2012
4655
5018
5068
7217
7481
-8408
6166
5537
6648
8335
3021
3586
3162
-4174
-6130
9236
5579
-5033
1037
-413
-3455
-1587
9476
4233
4624
9955
864
7517
-3947
-5839
3922
-9892
65
9397
8652
-615
9184
-4985
-9986
1472
4826
-6125
379
-4220
1029
-3439
-2810
7914
-2244
-7797
-6952
-8138
1143
6442
8285
-8465
-3318
359
-5771
-7440
-6063
8261
-3805
-475
5264
-7467
4104
6306
4818
5380
895
3701
-3895
-6290
180
3063
6432
2378
6928
2328
-6113
7866
-7726
-6993
-6297
8723
3328
-9144
-337
8198
-1592
8322
4094
-9096
6585
-6696
-9118
6186
-7168
-8166
-1764
-1179
-416
653
-4411
2838
-7470
4463
2914
3346
-4076
1209
7434
-1045
3554
-3355
3865
810
-173
-754
2674
7419
-5469
-8019
6806
-451
4544
-5918
-2623
-8460
-9404
-4185
-5499
-9896
1200
-3935
-9934
9085
-102
3370
4512
6503
5404
-1353
2880
-8298
2494
-326
-3536
-1243
9635
-2534
-9231
-4601
-6029
-4574
1695
-1077
-5086
-7448
2748
-8479
766
-6875
7114
4904
9033
9172
-2546
-564
-1218
-8746
2247
6948
-4442
4663
6843
-542
-9881
-5282
-9180
-1182
1460
5602
-2786
36
6899
9765
9340
-1546
1228
-3084
-261
-3066
-7940
7762
7320
9996
-7187
-5100
-3242
-474
4898
-5664
-3486
-7469
-6280
1995
4020
-8944
9412
-6379
8242
6866
-8276
5347
-31
2147
-4800
3390
7446
-7579
7345
5290
9664
2379
-396
-6106
1973
-7975
554
-9821
8140
-7201
3396
-544
-7891
-3978
-3201
-5048
-3358
-9750
7701
-7211
-8094
-9141
8566
1456
-2936
-1184
-8104
4391
-5961
4644
-4506
2925
147
-2304
-178
5457
-4358
1579
-9397
8829
8155
-4984
-643
3221
4229
-9364
8975
-5855
8213
7846
2220
9749
-3161
-1747
5219
2786
3076
7977
7821
7125
-45
690
-2454
3896
-9632
-6074
-135
5380
-9132
8644
6861
5447
1572
-7395
9292
4895
-5644
-725
-3892
8250
-9666
-2309
-4055
2638
4547
4653
-1647
9051
-5153
7734
-6684
-5170
-4536
4231
-5103
-1166
3970
-972
6354
3327
3425
139
366
4239
1340
-6892
-4649
-6874
-2289
3203
-5793
3018
-7207
7631
5272
3768
-3487
8965
6966
-3617
7065
1821
-908
-4507
420
1375
9109
8048
7749
2913
4675
-9856
4464
-462
-737
6783
-3692
5620
8198
-1746
-1605
1795
-2030
7407
-44
-9265
-8312
776
1629
4745
-3193
7475
5647
1600
3179
-8367
3164
913
9663
2799
8702
-6412
3345
9871
2164
-4770
3270
7284
5520
2397
6207
277
2065
2961
4110
-3999
-5411
7305
6076
-6267
-5315
-6687
7881
5819
1453
9873
-9730
1350
8730
-2061
-2391
1108
2657
8495
3871
1857
-7853
872
-5128
8253
2790
-6881
3827
-7182
7547
4633
5156
-3202
8739
-846
-9203
5997
-7405
7820
-1647
-2285
-8259
6899
3086
-6530
8604
-6505
8271
-5263
6358
-2124
8547
6954
2842
2319
-5430
-8603
3903
3187
-8537
5439
-1534
2453
-338
-6353
-3838
7070
8154
-2908
1313
2011
2668
-1948
-8319
-7962
-9664
9716
-3337
-4925
-2614
7108
4053
-7744
1827
-4955
-7844
7654
-9191
3809
-2558
8277
7376
-5253
-5246
5717
4852
7725
3958
-8691
1694
6100
5423
673
9768
3439
9721
-2370
-5885
-7772
6121
-8229
4718
-815
-9022
-666
-1254
-7144
-2144
349
4843
5936
-966
-5655
-7370
-264
7541
901
1186
184
-6152
2396
-5641
-196
-1467
2122
-9247
7921
9933
-4324
-8099
1329
-4994
7748
-8175
-4749
-4946
4610
-7100
-4546
9202
4086
-4109
690
-1463
9642
9614
-8416
3650
211
-5315
6640
2892
-3656
-2818
7453
1405
-3484
-8642
-4614
6009
-2970
-662
1613
-8475
1213
3014
7087
-5435
2841
422
4726
-2193
956
-3706
7406
-5873
9279
8479
-1392
2187
4467
1740
-7347
8989
7958
-7107
-1890
3735
-2293
-8825
8501
4450
8616
-6838
-4614
5182
-9405
9959
842
-5022
268
9786
1326
-5925
-5719
-8401
-74
9995
-7862
8990
-5221
5663
-8332
2853
-1249
-8376
5502
-2105
-8670
9661
1378
-2108
-5147
-468
-2785
5480
-5126
8132
2703
-9445
5438
3698
7517
-9146
-8356
6086
-3605
-6251
-3769
-1632
2439
-2337
7916
6256
-4240
-1779
4517
7491
4014
7208
3484
9231
2473
-543
-5312
5093
-3228
2352
2246
7882
2811
7212
-3114
-3180
4477
-2913
-3777
-417
-5577
-2525
-1885
8593
7196
-2713
-3228
7264
2760
-3671
-5315
-1667
-9248
-3041
-7339
-2843
-3431
3502
4285
5875
-6916
931
4501
9418
7658
4818
6522
-5660
-1399
6049
-1636
1227
-7557
-5567
-3772
-7518
8826
-7215
8148
-8185
1619
-1310
-679
-3320
-6953
-431
-9516
-1134
-9129
5965
9831
8295
-1099
-2157
-6543
5989
4428
1879
-1096
-2513
-1992
6588
8148
190
4693
6812
7907
-21
-1777
9787
609
-4467
4371
8960
9758
-7036
9955
9025
4304
-3123
-1523
3102
-572
8018
7093
-8838
9220
-7493
7078
6349
-7608
1153
1366
9573
895
6202
-1858
6307
8957
-5702
113
1342
-1552
8834
6019
2823
7719
-5579
-1664
2707
-1074
8521
5253
2382
-9840
3448
4747
7444
6130
1758
7469
-5547
6376
-8393
-1717
-4609
5078
2197
8694
4977
1783
4697
-8207
4406
1084
-5118
-8078
-9427
-7739
994
-5315
3819
1712
-2109
-757
7270
174
-6046
6217
9840
8665
-1092
-2490
-7071
-4254
5748
4632
-503
791
-8070
4055
4529
-5230
133
-9163
-6061
3956
-5244
-1474
612
1797
-9538
5792
-8026
4214
6435
-4509
-4904
2580
-8130
6423
-4997
-2253
-630
-6668
-9310
-4572
9289
347
-2759
4515
-2295
1401
-4582
-1876
2137
3111
-2474
5558
-593
-8132
716
-3120
-6987
-7052
7010
-9959
-6911
6042
7874
9968
6427
1973
-1085
6733
-588
-5941
8553
3521
3291
8525
6490
-765
7973
-4740
-9579
-2183
-2154
-5764
-4860
9822
-5337
4223
1602
5046
-7978
-3953
-5662
6884
3661
5547
-4033
-6684
-1663
-8933
901
243
-4278
-6361
2883
8623
-5245
-4187
5556
-7381
5771
-9992
-2076
3562
-6481
1262
3638
-2094
-3196
-8074
-4673
-8716
-4805
-2197
6242
-9314
6470
-5110
-3975
2019
9768
-908
3076
-7764
5069
-8242
-5667
1255
-5199
-4970
-7711
-2862
5637
3519
-5210
-1881
-1690
6935
6788
9779
1685
-9346
7091
-2662
5421
-2828
2832
-4316
-3850
-3029
-1977
-1333
-1634
-2491
1608
-5688
-7014
548
9663
-7147
-6305
-6132
6870
8222
-6989
-4795
-9176
-7082
7687
5595
9791
6046
9827
-266
-3275
-4650
-1436
-4000
7152
-609
-3393
-4011
-6418
3620
905
6841
-7682
1164
3367
-4097
9741
-3484
-7278
3317
-8804
-5703
3073
-9654
7789
9442
2333
-9581
-8937
-2242
5818
-3345
923
580
-4133
-9498
2263
7171
-7898
-9144
988
-2333
3180
7374
1339
9716
-4930
6181
-1910
3991
228
-2677
-1844
1443
-2275
8482
913
671
-3121
9702
-9732
-1677
-5439
8529
2563
679
5523
5814
5874
-5855
-1496
160
2304
-8735
8034
-435
5118
4352
7793
-1638
8737
3844
2093
2865
5463
-5888
3059
615
-2986
97
4227
-1461
-6257
-5766
-3263
5209
-2446
648
608
-3537
-2448
-7110
-7990
-5638
-1497
-3320
5120
-351
-3642
-9189
-3677
-8217
3900
-1893
-4779
-1941
8187
-5406
-5592
3816
8669
7193
-2737
313
-7747
-6271
2982
659
-7133
8778
7781
-8187
8403
-4400
-5642
7908
2563
4154
9499
9441
-8572
9953
7091
-7114
4600
-4016
-695
-6414
-3600
-4888
-3268
-1151
4562
-9869
3106
-2892
5764
-5140
1318
7139
-5771
7849
-8789
-4889
7968
-6526
-1359
1297
-4735
-2736
836
-402
7693
321
-3235
2155
9409
-3451
-9656
-8914
8496
5313
3612
6420
8001
-9210
1522
-2708
4569
-9121
-7391
6167
-9431
-2493
-4339
-7571
9800
763
-1674
4196
-6014
5197
-2977
4327
-7746
-5679
9988
-8355
-6204
-3869
-8356
5651
1945
6532
-5252
-2263
1063
553
7589
-2989
-6592
1204
-3590
-7936
1241
8260
-894
-5417
-605
-2305
-6020
-3447
-2741
-623
-3872
-1475
420
485
6599
2008
8408
6106
-6522
-4598
-1553
-8271
9318
-3912
-428
8821
9827
6417
-9634
9015
-9518
3773
4178
1139
-3734
3865
-5427
-7955
9828
-5606
-6120
-3771
1146
6596
-7596
-8520
-799
7929
4973
5727
-3534
3032
3084
-6763
7151
-6844
-9159
5089
7298
-2131
2429
-199
3946
830
-2862
-7027
-3100
-7621
9905
-4085
2947
-8607
-2942
-2210
-8695
-6023
8850
-3419
-1070
-5507
4183
-4729
-2135
-912
5157
-73
9613
9429
-9309
-1128
-9531
8079
5342
-9369
680
5205
1499
2127
-1473
3512
4866
-5805
6930
-4201
4915
-6930
-6125
8625
3699
-670
3080
-8218
-1943
6348
-7785
4293
-4587
-6434
-7340
-1995
3967
6054
-736
-3468
-2766
9784
4319
-3072
9258
1167
1723
9531
-7786
-3897
2919
1023
7446
9623
8592
-3460
736
8282
-5977
8881
-1932
-9556
-8070
5001
7560
-8217
8238
-6567
-4892
5474
-2710
-9748
4849
-4069
667
168
-5145
-59
-6800
1965
5461
9381
2151
-410
548
4081
-3252
931
-7996
7467
8531
4111
-4703
-1202
5507
-3493
-4674
4572
842
4985
-3602
-4707
-8993
-4848
-2905
-6337
2161
8436
2181
8749
-7002
-3500
-6413
-4171
-7179
262
-1860
-6132
-6209
926
-7251
-591
427
-9655
-1350
910
-680
3714
-6186
-2277
-6990
-2493
6041
-880
-8183
4293
4402
-3088
-1939
6154
-297
-4917
-6094
4394
-167
-543
3310
481
6505
-9242
6300
-8433
4950
8480
8952
3431
-9261
-9695
1208
-28
4370
5226
-4062
3505
-8017
-5355
-209
-1260
-2477
-5938
5577
-4298
-9043
1951
6240
-3360
4324
8097
3253
6582
1082
1607
-424
-460
-3328
-4
-2754
-6890
2167
3163
6059
9683
-4447
-7821
1928
2026
-3638
-8255
-2187
2173
-1324
786
-229
-462
1364
-8120
-4068
156
-8459
-3903
-2422
3952
8442
9454
2638
-4904
1660
-1362
-4682
9629
-7700
-2160
-3778
-8010
-6461
-14
-9258
4930
3655
-1871
5215
-3973
-1321
9137
-3866
-7033
-9695
2152
-2323
-8550
5115
-9762
-2492
-2371
3556
-4797
841
-16
3592
-583
9598
-8666
-8533
189
9572
-3567
-7264
-4164
2056
-6231
3919
-4129
5683
-4374
-1487
6277
5297
7875
-32
-875
2193
-7958
-8384
-1935
7296
-3914
-4295
-6709
4056
4751
6494
-8817
2913
9838
-1590
-5274
790
4773
-4176
9435
-6270
2472
7356
3925
3116
-9723
3848
-83
3756
9778
-8048
-9006
-6084
-5108
-7819
-95
1748
-168
4515
-595
-394
6203
6498
-6719
-3546
8751
4369
-8043
8548
4817
9758
-429
17
6122
5933
-3165
-1643
4904
-9322
-5309
6837
-9911
6556
6939
-8219
979
-9060
5837
-4020
9151
8173
-4671
-3490
-2533
-3388
9823
2281
-5507
5158
-4182
9834
-878
-6506
4800
8486
-9451
-5893
4814
6891
9525
4240
9810
7919
-7378
-4778
3979
9119
6583
5146
5471
-4949
-1753
4765
-451
2679
-623
-1326
-3841
-5365
4985
-3206
-1518
-1190
-7885
-4922
5248
5445
750
4375
8261
-8857
6085
-4054
5558
2127
-6569
-4677
-6394
1368
-5366
7839
7196
7193
-5910
8047
-928
-4114
-2837
3623
-5851
3850
-759
4017
1774
-5281
1880
-3527
-4453
-7828
7080
4999
-5784
-752
740
-6717
2888
7100
2919
4968
-2569
-6363
-5807
-1926
2673
-8806
6966
-5047
-27
-6707
1103
-953
7824
-1506
3189
-8858
-9631
9641
-1832
2939
-5959
6391
-5542
-3054
-9239
4570
-5952
6334
2485
-5702
-3704
-8317
2003
-3470
111
-2558
-3424
8808
6467
6017
2446
-7545
-1010
-2030
1141
1509
8372
-4961
602
-9562
-7003
-6612
4921
-6644
3487
4630
-2094
-48
-118
3667
9660
-6940
6973
-6582
3141
8689
-7383
5956
1174
-941
-1819
-9213
8886
6639
-452
270
8662
463
8136
-2566
7621
7032
5030
2137
9026
-1755
-9035
-6882
99
3617
-3134
8855
-8547
-3541
-2053
-1789
5730
-599
-1801
8433
-2175
4208
3987
-3664
4698
-8857
-798
3263
3599
-8258
-6312
3475
2573
3055
-5698
1060
-698
-7618
458
-3144
-9980
-5558
4170
-2815
-8051
-5296
1824
6092
-1375
6834
-9164
8547
-2655
1623
210
-6674
-3679
-1620
-8358
3364
-878
6952
5557
7542
8437
5798
5914
3678
-2873
5107
6442
8594
-1629
9360
-9961
-6583
6217
-7077
-5879
1402
-1341
-9686
4368
157
-5624
7714
3515
9925
-2755
3796
9502
2318
-387
938
7587
854
1945
-9
-7314
1407
6994
-117
3164
-2910
-6612
-1642
7715
-6782
-1114
-4709
-158
9594
9237
5018
-103
4567
-7183
3141
-730
7893
-9044
-1332
1224
-3469
-4874
3308
-3664
915
-806
1521
-3821
9181
-9435
7912
4572
-7553
4974
-976
7978
1844
6428
-8242
-3679
-4696
6515
-8133
-1787
344
-4118
-1281
-9613
4741
-622
-1942
-9233
5239
6438
5628
-1367
7378
-3207
8409
5907
-5739
-7795
3674
8540
-8124
-6690
-8348
603
-279
-7277
5838
4176
9216
-4906
-3863
-658
7458
-838
-9566
8146
529
-96
1239
-5149
-1509
-5143
8161
8524
-1716
-7783
6860
-3156
-1803
6413
3713
7088
-8914
4945
-1110
4300
5052
697
-3343
8979
-6434
8409
-7505
-3055
-6391
-6
-5066
5618
4725
-7431
-8064
4415
-2102
-1289
-6518
717
-843
7342
-9882
-9262
6077
4838
-5866
6524
1560
9479
3849
-3057
-2274
3762
-3250
5838
-8168
-4852
930
6587
5886
-4448
1211
1392
9244
-8887
7297
-9392
-5596
1951
-6728
6201
-6752
6577
1656
-8467
5940
816
7214
-1583
-9073
-5620
-5996
-8926
9082
-3507
112
-4794
8123
-9263
4099
1243
-4664
3088
-1294
-6443
2690
-9125
7522
-1213
53
-5711
-7405
9169
610
3435
-7713
4232
2325
-378
4337
-7788
5220
8279
7585
3774
-4679
-1632
1226
-2900
4783
-5300
5813
-7623
9214
9676
2102
-2688
2670
-770
971
1404
-5754
-3729
-3263
6799
-1903
-7556
6627
1605
-4645
4959
-4353
6755
-936
6237
-7432
-3693
4916
6059
-7076
4664
2357
-7057
7153
-4644
3640
6559
-2688
-7402
-4062
-2226
5460
7607
-6600
-8868
-2015
-232
8872
4440
-7052
9002
-9320
-373
-1912
-2669
5923
-9356
-2804
-876
-7181
-8649
-1754
6047
4091
-7918
2251
-8832
5403
640
5403
-5884
4187
2727
-6086
-8427
2683
5602
-4054
-5322
-3985
1365
2620
6812
3579
2114
-4501
6718
-6587
2382
7994
-621
5103
-9829
9125
-4609
-5016
1336
50
-6146
-323
-1611
3455
244
4617
-3772
-4704
-7560
9989
3022
7071
-1943
-407
-4890
-1138
-292
9910
36
5992
1299
4588
8345
2097
-1037
-2244
-7578
7743
-5866
-679
-1935
1011
-7810
6835
7609
3808
4144
3459
957
94
1269
-8954
341
-5189
-530
-9342
-7928
-2232
67
3220
-3525
1243
806
9345
6622
3451
7818
-6418
-5206
-1938
3176
-5628
3383
8581
3365
-1884
-1762
-8683
-6640
-3535
5285
9378
6469
4448
-7973
5838
-8238
-9178
8783
6313
-4415
-201
-1645
-3323
5831
8933
866
-3095
-3102
1866
-6143
-4157
-7950
-7147
5734
7221
-2796
9123
-6376
-4190
-9980
5001
-3297
-4119
-3394
7994
-2604
-7775
-776
-6719
-9603
-6388
6247
1651
8034
-9361
-1017
-6200
-1122
5682
6668
4822
-9619
-7247
-3955
-2729
-6782
5118
9078
8782
-2778
2488
-9701
-9987
-6335
204
5089
-2937
3704
3378
6354
-7896
9013
9104
4561
7347
-8682
3482
6700
2747
5688
-1666
-9113
6239
-6441
5704
1573
-1499
-2263
1557
-1442
7866
-649
84
8869
-9551
5211
-9844
6134
-1804
6170
2481
-2853
-4243
-9410
6646
-3395
-4452
-6057
6700
9688
-3002
-709
3785
-224
1013
-432
8587
-129
-2736
1163
-9479
2635
-3713
-8986
-1194
2925
-4222
7522
5744
1324
1892
-1851
-7492
3131
9275
-1093
-9558
-8848
-618
9534
-1952
-1973
-1916
2135
7767
-8257
-2353
-2258
-1535
-422
-8632
-612
-214
5513
2461
5880
7184
-3821
8104
-3536
7336
6590
4695
-9073
5806
3136
-6556
7998
-7704
9165
7472
7446
9147
-1972
-2241
-8612
-2980
-6493
-4816
2686
-5149
-5781
299
-1659
6356
-8132
3863
-8588
9339
-1680
-1705
7098
-8065
6174
2111
1597
3890
-6171
5290
-894
-6790
-866
-658
-1736
7864
-6710
-9118
5542
7059
-1101
2182
-811
84
-4389
-3977
-9722
3030
1891
-2479
715
-153
5679
1472
4421
-4275
-1361
-7519
6156
8848
6650
76
6171
3047
6994
-8065
-8410
-5875
3404
7481
-9209
6023
-7954
-9441
-5164
1491
-5716
-882
1031
2937
-5151
-4201
-1982
3027
-5381
-3825
-2268
5863
-8552
5930
1475
-1731
8518
-4189
-3174
6428
6737
1337
4296
-5100
5582
-4736
7964
9923
1414
-9397
925
6873
6833
-3701
3529
2204
7061
8298
241
602
-7693
-3956
-6148
7173
8984
-4380
-7579
-3906
-8007
-5107
-1454
4584
7102
-5165
-7870
341
8965
8198
-6606
5906
-274
-1294
-3573
-5927
4649
7469
-7111
2036
-5870
2859
-2784
5019
8191
-8229
4151
-8380
9701
6116
653
5014
-4697
6004
6153
8406
-752
-1889
-7935
-2733
4484
5441
8628
-5786
8225
-697
9400
6966
4173
-9388
-7064
9697
-9556
2731
4317
9384
-7260
-476
6182
5202
4316
6809
-33
-4989
5750
-401
-4631
-4356
4498
-3514
-8193
5254
2420
2765
-2926
-5101
8967
2993
-8721
-6985
-4778
-4716
-6127
-8941
-155
-4475
1814
6221
-1525
-3911
-230
-1716
-5523
5483
7657
-5811
-7506
2322
9494
3296
8314
-7848
8604
631
-9408
6286
-4273
7344
7215
-3783
6775
-2315
-6833
-6579
-8931
690
4998
2224
7967
1880
5008
-7004
5955
9508
-4667
2108
3652
2662
-1051
-9924
2390
-2523
-8570
-9809
-1670
-7154
6757
16
-2578
31
-6148
-3039
-2717
8797
1032
-7304
-8846
-2928
6827
-6740
9414
-6317
-6790
-7385
-4038
3992
5512
2015
-1949
6768
-9395
7746
4798
8183
5
5838
1189
9025
9728
-8389
-2738
-6078
-6899
-2045
8681
4403
3825
318
4541
7486
5618
221
-3544
-267
-5560
4856
-779
7946
6086
9574
-396
981
306
7872
-3675
-2449
-2158
-5539
3213
5447
3700
-7428
368
-632
4849
4863
3080
-4235
9226
4466
-8830
1393
-1828
-1749
2408
-8398
1378
4736
1821
-3780
4381
1398
5427
2179
-7188
-998
-9114
-8397
8862
8847
-6353
1084
-1179
3834
744
9968
9633
-5434
6686
-5562
8237
-6297
-9990
-4225
-1914
8364
6057
4004
-3914
-639
7721
3039
4476
-1358
-907
5978
-842
3080
-2244
-4613
-6789
6824
-567
-6355
-9277
-4781
1903
-5818
724
-2648
6195
-9115
8337
8446
-1442
6492
5936
8784
-9605
7699
-7795
-1324
-6441
2031
2562
6010
7442
4662
-9549
-9298
6289
-6584
9205
9836
-1647
-9693
-3848
-4603
3306
6471
7324
6949
-7761
-6298
3208
6347
-1193
-6416
-7561
-6298
2416
-6399
8972
8650
-1814
8959
-3574
-5088
-8461
-29
4824
-6811
-7639
-681
-387
-4558
-8930
-7499
-6601
8979
-3510
4245
-5545
-6769
-2556
4376
1430
-8824
-4898
-397
-5
2640
-6167
733
-9389
-9697
-9293
-7795
-4055
-5447
8579
-4594
2134
-1048
8684
-6724
3613
4931
5790
7019
1742
-7617
-3966
3271
4273
-8328
-5345
1481
9960
9953
-8573
-6909
2314
1398
7727
-8538
-5847
6667
4502
-3419
3917
3219
-6309
-725
4336
8188
-9640
-1066
3836
-2628
-6351
3565
3918
3039
3473
133
-1676
-1761
1075
9622
-1586
3632
-7833
7071
-1618
2301
2248
2699
-5267
-6616
-2477
3056
7735
7731
-2138
7084
-5534
-2516
-4526
6462
-9540
-381
2942
-2854
6065
3592
-4798
-1079
-266
4201
8559
-6151
1521
9239
6051
-4003
-925
2075
1975
-8381
393
-2512
5014
6536
-4007
-1440
4829
-6955
-3748
-2701
-6635
-1547
-2638
-6099
-4668
-9304
2717
8122
-9464
5179
-6872
-2276
7607
-7245
6287
866
4196
-6797
922
3501
238
-552
6342
-347
-6230
-6636
-8631
-500
3382
3137
-5011
-3373
3321
5245
-1690
-5789
5392
-6253
9954
-2998
61
727
7553
-335
-2365
-9230
-1846
-5325
-463
5698
-5049
5854
2174
6380
9856
-3409
-6737
7154
281
-9203
4578
-5184
-688
-2735
6409
-5395
-4698
9996
-9043
3167
3045
-2416
8891
-5233
-3534
4059
-568
-6770
639
8033
-5985
7807
-2889
226
5807
5615
5067
-8899
-3294
511
-407
1369
9029
1506
9025
-3831
-676
-7846
-9563
-6524
3202
-8197
4229
4035
4883
9767
5474
-8248
-233
6399
329
3868
5882
2917
-6180
2945
-5302
1281
-4418
-3724
-3367
-2349
-7648
-9264
7213
8143
-8623
-2066
-4653
-8611
-79
-3768
-4272
-5182
1875
-9831
-1880
-6191
6378
-4114
-8024
9062
-2141
8689
8495
-1271
6923
-7085
6263
-4174
2273
-9098
-6976
-1495
-3725
9343
-174
4683
-8300
-4381
9974
-5882
-7803
-6384
-9848
-4573
890
9664
7982
-5086
3701
807
-9585
4975
6942
7756
8897
-5397
5234
-4254
-1483
4291
-6220
7666
4089
9356
-9863
8308
5445
-3337
1172
8498
5889
2007
-3644
-2198
-7301
-3460
2897
2776
1310
-2329
3609
-4182
-9237
-2738
-9770
7140
8314
-7561
8877
-2099
-9813
8136
1408
-363
3593
-5454
3137
9571
9664
7183
9974
6550
7816
-3112
8282
1153
9857
-5575
956
8863
-9972
4447
8507
6817
6969
-7626
2005
-7920
7318
-3294
-6428
-8692
2623
-9894
8855
8199
-9838
7357
-4677
-492
6767
8580
2011
492
-4778
-1853
-7313
-9287
-7409
8164
-4681
6701
-6363
-4185
8030
-1162
-333
-1972
9973
1725
4287
1775
-1497
-764
3813
-8618
9185
-130
-3922
-4219
-9068
7201
2599
26
-3483
-7226
6007
-7134
5982
-4456
7503
2045
8693
8217
9635
-1669
-554
532
9100
-9230
5237
7295
2069
1656
3284
-6633
3716
7945
-6842
1070
5461
-2374
7337
384
-9855
8949
4857
970
-5047
-1292
-7304
-2738
3901
672
1547
6310
-6450
-8803
-6195
5208
6728
-3934
3224
-7745
5915
-3633
700
9579
-991
9461
-7632
5431
-6060
8930
4198
436
2884
6988
1989
4663
-4054
8431
8320
-2603
-3728
3454
-7466
8919
-1640
-7025
-7085
-452
-9025
2018
6467
1981
4669
5817
8079
2853
-8478
-691
6839
-6233
-3388
5921
7282
-9611
-7345
-8659
3651
-1333
-1667
-463
-9328
2783
3157
3404
4286
-9618
-2444
-4344
-8146
112
-5825
-6781
-2898
3870
8840
-4896
-6217
-358
-7805
-1270
9363
-9112
-6629
-4932
-8138
-7277
-904
484
-1101
-7031
-4472
286
988
-9289
-759
166
7942
-9667
4794
283
-8749
-4541
-4488
-2663
4138
-8771
-4984
-4238
5413
6155
3685
4652
-4729
-803
6732
-3748
-540
-4890
5511
-9642
6863
-2647
-9980
5361
-5091
-8184
-8731
3231
9959
8981
3047
4957
-9004
8722
-7896
7311
5096
4373
-2627
-3098
3586
4562
9164
-2665
3193
4234
7287
2191
-8013
-4322
-9053
1972
-6103
3878
4510
-7071
-9634
-1152
9418
8938
2166
5696
6922
9779
-3960
4726
5963
-590
8185
-3406
-8849
-6062
5217
-9447
6109
-1603
7939
6343
-4906
9477
9010
-7726
-543
-769
-7985
4829
-5381
-8686
318
8921
5926
-4893
-9631
-6075
-4324
-4256
3627
8794
-8290
8314
-6316
2517
4305
-7653
-8595
-7053
5175
-5581
-6543
13
-8543
8182
5579
4064
-2200
2265
-88
-1914
730
-6488
-5583
6956
9416
1287
8300
5887
-1961
-9751
-273
8413
-5118
-9913
-3500
9893
-7094
7213
1066
3051
185
-1616
-2152
3342
-1230
1210
9062
-3193
5165
1116
4051
4587
-9702
-9979
9964
2964
-9059
-3379
2281
2118
-9553
8643
391
-9628
-9491
-9688
-5871
5835
4035
5452
-161
5805
5747
3810
-7225
5217
-8233
7773
-929
-3475
-408
-7075
-7693
1984
-1277
-9446
-4286
-4431
995
-3728
4228
-2811
4089
-5929
7701
-7167
2988
5477
-2085
2941
6173
9048
4453
2666
1135
-6434
-1897
5789
-8672
-8774
5614
5098
5593
1106
2433
2906
-9403
6963
6926
880
1167
3812
3823
-6712
6783
8186
9887
3982
2624
8567
-6036
9641
-1625
-5328
-3774
2581
-2108
-2524
4012
-1054
5310
3257
-6547
9572
-6731
8732
-1077
-8347
9498
-5704
-1338
5681
2264
-7387
-4374
5079
-7891
-2443
1460
-2902
-4654
-2449
-434
-9801
-6946
438
-3654
-1149
-8426
-7380
-2366
1784
2991
-4033
3643
-8369
4493
-7422
-9464
1920
-1912
9505
5826
-1571
6503
-7341
-8260
1189
-4108
911
8549
667
7679
-6095
-1396
-8616
1739
-8977
7937
-3498
-2510
5842
-8039
7013
-8430
-500
260
2568
6945
3501
-2447
6635
-132
-5315
-3325
-7273
-2513
-9215
-1031
-4237
-3060
9933
9468
9411
9382
2152
9294
8618
5134
5463
2321
-3421
4012
-150
223
-3901
-9651
-6015
1542
-7152
7932
-2537
6234
7831
-3670
4999
-6235
-8987
-7501
-360
-4002
4698
159
-6207
6887
-1969
4830
-2399
-1783
-1000
1147
-2223
8462
-5794
1828
-715
-7326
-6489
-8867
-6137
-9705
6938
-7615
-7351
-4504
9699
1666
-2802
1951
-1885
5607
-334
-3476
9053
-909
5398
1433
-2695
1282
1179
1107
4462
-3963
-4348
-4467
2137
-4310
-2057
6598
3782
-5274
4986
-1025
332
2201
1016
5013
-4555
-9010
8910
9509
-3730
1769
-6906
-7200
4683
-7204
-1870
9734
-5948
-8605
-5734
-5609
2569
-1358
-8886
2917
243
8832
5217
-2896
-1856
2448
-6970
9556
1430
7699
-8493
9540
-4775
5908
4251
2890
673
-3165
5048
5345
9280
2465
285
9151
-343
-4563
-3980
-2260
-1927
9125
-7896
-4142
-5320
216
-7921
-3620
-4558
1517
-3626
9070
-6042
6822
3043
3731
-925
-6785
8505
-771
7934
-2821
-310
9719
2914
2188
9274
-1644
9472
-2671
-4073
5414
-2494
-4105
-4768
-115
6971
-3784
3
-6817
-107
6722
-9389
9542
8771
7388
-8660
6823
1011
6309
-7705
9603
-8486
-1017
9832
-3563
-3558
-6842
4714
-5505
-4460
-6113
-7174
4967
-7082
2925
4137
-9199
8163
7243
8800
7374
-6303
-530
-1201
5499
-5661
2334
-8396
9079
-8686
-2545
534
-1309
-2412
9635
-1772
7088
5842
-4681
-5644
5118
-3057
-8024
4119
975
3525
3470
-604
2385
-1918
-4387
7293
9361
-582
118
2536
-2717
898
-6962
-5509
-2081
-7665
107
7528
-9354
-5286
779
3350
-3411
9139
-7186
-8377
-7628
7685
-4784
4440
5052
9528
-796
-2729
-4960
253
-9510
-5015
9314
-9352
5890
-8229
-1976
-9475
7763
-4946
1521
9681
-6615
9183
2803
5611
5963
5569
-974
-7797
-4253
-8915
-3727
-648
-9042
6783
8002
-8480
9263
-7829
7030
1654
5168
8325
-3166
-6238
7602
-6191
-8706
-5818
-5542
-3159
8164
6773
-7677
5788
5659
-2008
-8800
4214
789
-3726
2738
-7858
-8902
-8365
-5262
-240
-133
8765
5656
-733
681
3749
6556
465
269
8004
4866
-6496
-9801
1953
9276
578
9187
-8235
-1353
5103
5758
-1219
-5136
2372
8242
-5606
4152
-4949
2222
3752
-888
-8034
-9811
339
-9461
-3953
5027
-7933
-2179
-2222
8492
-3947
6312
-1425
2715
-4963
2570
3809
-7623
-2778
3915
9341
-6361
9091
9590
3129
-6401
6082
-2754
-9138
-4674
6804
9721
2627
-5003
-4819
147
-4891
3654
5256
8757
-7966
-5353
-2616
-8434
6494
-3354
-2037
-7957
-3636
-3891
3369
9411
-2688
-3122
-8756
6525
-8711
-7547
-4587
-5070
9022
8510
-8663
-6372
106
-8399
7478
-1121
2533
-2683
-1081
-737
474
4021
3972
-7402
-4685
5985
7044
-2092
-8922
-9750
-9161
3285
835
7509
9245
3535
3386
4870
-7324
-6407
-4654
8190
-65
-599
-8588
-5203
5168
-4157
-1513
3135
-4095
7720
7610
2725
-932
7014
-1567
-4061
-9397
-1247
8183
8181
-4448
3816
-9350
-7361
-7858
6359
9547
-2689
5058
2652
6223
339
-6958
8906
-2860
-6586
5214
1425
-8356
8259
194
28
-2726
-2600
2640
-8773
-7403
-4830
-4335
-2969
-4877
6488
4552
-8791
-8224
-4849
-9969
5411
-8425
3940
-3390
3546
9888
-7296
-8580
6877
-3780
6219
-7883
-2451
-7588
-8227
-4222
4217
3858
1087
-1924
9459
3126
6830
5926
-8223
3047
5233
5040
-3522
8610
-8281
-4519
-9352
-4671
-623
2370
2039
-4094
2629
944
369
8302
9279
-7780
6440
-4631
-7473
-5549
-6168
-4983
-2434
-5745
7287
9733
2849
-5660
8066
-5762
-4585
7942
-7782
245
-7125
1895
519
-356
-9003
-9653
2389
6717
-1136
9497
5724
-2910
7071
-586
-6523
3060
6227
-6258
1720
7006
3350
5008
-8220
4950
5219
-9060
-7640
-8468
3866
-3960
5481
968
3520
-5705
440
-5579
6685
3237
-3820
3031
-1216
-6705
421
-7905
165
-9680
4875
6160
-4351
-8311
870
-5959
-9629
4828
-5360
1987
1640
-9700
1679
-1678
7274
-6213
631
-1477
-4233
4635
-2574
-8287
681
365
-6024
3127
3156
-7665
-6161
7307
-5225
3987
1302
-8289
6696
-3524
8453
-6481
-5106
-3975
-5075
-4941
9769
-762
-2495
-5725
4107
3222
-1830
-8374
-1445
-991
1513
3042
4203
6110
-5679
7137
-5636
-3693
-4802
4992
-5870
139
-9504
-1368
1544
703
-5199
9045
9789
-4850
-4843
6313
735
3438
2345
-6721
8928
-1232
-27
8999
-848
4162
-925
450
5036
4472
6278
-849
-2445
2657
9371
-862
6151
4481
-4577
6851
2163
-9022
5646
-7502
6744
-6623
832
461
-527
-6667
4202
-5906
-8117
-654
8363
5034
-9668
-6662
5408
-9056
-7117
-7936
-4209
3293
-4591
-8818
8384
-7771
7115
1276
7993
4291
-9527
-8777
-6281
-9097
7580
-932
-6075
-8771
-3395
-8580
789
-5444
2122
3467
5176
102
-8353
-897
354
-7256
-978
8490
-9315
5805
9549
6879
6748
-5387
-1894
3737
3732
-9869
1419
1400
-4507
-5264
-4396
183
7019
-5758
6345
6058
114
-8071
9408
7525
-2184
1115
4507
-5151
-3322
636
-6285
-9420
7060
2846
8076
463
6496
-196
3945
-7101
-2107
7810
-8891
-8078
-2093
-9459
-4087
4511
-5819
-3114
8466
-4722
-9438
1548
-6078
9516
8010
5733
9738
2911
-7730
6833
-1121
1371
-7125
3812
-6675
6228
2057
-9119
-5983
6056
-1349
-8915
5473
-8309
6816
-4308
-1821
6961
-8255
7475
5206
8823
8111
4196
654
9124
4081
583
-6531
653
9327
-6083
-1600
-3496
9355
-5383
8080
-64
9780
-7093
3809
6202
-2211
9648
-7747
-95
5256
4762
-3573
897
307
-2998
3106
3286
-5790
5596
8976
-237
-3419
-8015
4202
-945
6830
5606
-9943
-5851
-5872
-3962
-7431
-6491
4871
2541
-8738
-4029
4088
-8410
6785
-4108
-6034
-6898
-8960
2291
6516
-4715
1362
-6793
-7498
-5774
2875
6057
-7787
-2777
-8817
1880
9809
-2490
-7894
-4565
-5512
4884
6939
-8172
-1693
-7087
-9395
1213
-7109
-5904
953
-2563
9994
-8768
8042
-5407
-1550
1617
-6431
1016
-7296
-1606
-1818
7167
8303
9105
8221
889
5961
1922
-2349
5985
-1175
-1247
520
464
-6476
-8392
-8392
-458
-5981
-4141
2182
3129
3033
-1637
5968
99
-2514
-9507
470
-9199
-4352
4424
-5869
6420
-129
-6930
7717
7587
9189
4642
-7481
-9766
-5675
590
9801
-5587
-3563
4811
-4743
-8257
-3315
-5257
5114
-6426
-4928
-3836
4904
-1747
4926
-4024
-2784
-6735
9554
220
-604
1294
-2486
-8242
-2253
-9473
3784
2091
-9576
-3028
-4581
-8879
8177
-3465
2682
4663
3467
85
-7593
3962
5188
7105
30
-4755
-4795
-8853
9898
1361
533
5924
1710
1662
6343
-5572
5733
-5011
-9869
7162
-1834
-8105
2595
3968
-4051
-1542
4960
8062
-6994
-3311
-5582
9860
4578
-6506
1736
-1662
4253
6931
9504
8292
5895
5433
2892
4791
-6207
9769
9674
-6766
-2178
6843
116
-342
-3324
-4944
-7697
-1825
342
-5532
-3044
738
-7983
-4778
790
-2219
-3416
7821
2724
-4210
-73
9110
-3395
-2517
4097
8021
-5904
6487
-5348
5585
224
7698
76
8766
-2117
6316
558
3328
1189
2048
5954
7713
-9577
6110
7638
1569
-8990
-230
9973
5896
-4011
4938
2257
-8565
8199
8686
6596
-4814
-8185
2650
287
-7266
-3634
-3184
-7854
460
6031
6561
-2106
5713
-4017
-746
-3038
8777
7254
8007
-6697
8774
3590
-1076
8679
-5837
3596
5640
6557
-7933
-8586
-1931
2559
6876
-6598
-239
-7803
9630
-8277
5555
6688
9988
-3557
-1811
-7453
9683
8653
1855
-4299
7002
1367
-3854
6507
-1335
312
-1852
6716
2972
3027
8435
-7952
-4421
-6909
4490
9100
-9002
872
-6533
4547
737
-1984
-4415
-6420
-2444
-1200
6607
38
4531
3841
-1851
-9266
4935
-4308
1324
-7969
4880
-9352
-7520
2159
1162
-4299
-6299
-3831
9387
-4531
9048
-6318
6880
395
1024
-5901
-9154
552
2504
-5457
3226
8542
-4424
3079
4935
-3257
3813
6191
9138
136
-1740
-5743
7961
5756
9447
7209
-5047
599
-1061
-2086
1643
5970
8305
-2212
-6860
-6821
-4897
-3993
-2576
4795
1043
-5561
-8247
-3736
-2032
-637
319
560
-8473
2000
5932
2817
-5706
9187
-9834
-7957
6449
9964
-1791
5047
7095
-5020
-3582
-794
-9310
3481
7886
5445
-8520
-5968
467
5222
-5280
5108
-7858
-9729
1149
9381
6763
9459
-9787
-9626
-2989
8516
586
-82
3413
5430
5330
6400
8362
-1233
5518
173
7595
-9821
375
655
5415
-7296
3885
5274
6243
-751
6746
-2365
1462
5518
1093
-9709
5232
-7349
-9787
1434
2289
-9449
9645
-6542
2152
4135
4747
-6059
-1300
-1634
2381
-2411
7599
-9173
1978
2781
-6084
-3517
4112
4425
2435
8408
-1042
7391
2550
4632
-7145
1251
-8222
-9396
4941
-161
332
-7083
-7912
-8689
380
2655
7847
-5980
5141
7600
-9638
6682
-3928
2183
3410
-7635
1406
9969
3605
4151
-9619
-2012
-8563
-1225
67
-2332
6036
8694
-6979
3469
445
58
-9672
-4176
636
-5357
7428
-4232
168
-4318
-2157
5795
916
8044
-8365
7526
8878
8042
676
2345
2715
-5383
3441
7
-7492
-4716
-5677
3219
3466
-8630
1513
8898
-2260
6045
-8207
-6920
-2647
-1098
2066
6542
-3427
8656
-8742
-9726
1139
3005
2948
894
2541
-6088
-4155
-9956
9865
7662
-3248
-8885
9414
-9154
-3520
2963
-2809
-2125
4890
2697
8097
2641
5482
1632
-3266
-2837
-6991
-6414
9800
-2443
-3406
9456
5924
-6649
-8908
5334
4693
1465
6623
-9493
5867
-3469
9615
-1
-3245
-4946
7994
9526
5478
-2151
-6487
5368
-6751
-117
-6436
-890
-6078
4511
2350
-6320
-5303
-1293
9674
7368
-532
-1165
-9860
-3635
-1686
-1466
-6912
-6507
-5098
6238
-911
-1442
-2535
-1517
6451
-4547
5123
5962
-9414
6035
-8263
-6318
6369
-2756
797
8456
8524
-3704
4729
-2456
8382
2121
8283
1861
-221
7102
3613
2309
-5291
1213
7249
-6373
4986
-7524
1238
7003
4197
436
8238
4820
1441
-7136
-2568
6745
-9074
-722
5997
6765
2620
4901
9263
8212
9515
3276
1782
-343
3150
-5039
-6789
-9058
-8179
7529
190
5671
2397
3272
3006
414
-1677
1416
-8556
3979
-8435
-5282
-3314
-4207
3696
-6351
-1082
-3975
1017
7537
-2514
-1341
9467
1020
5670
5051
-8194
5769
-7064
4491
-7779
1694
-8417
1219
-593
-3431
-7834
9309
-1487
-5737
3143
5621
-4120
1526
7980
869
-7484
-3691
9962
910
9091
7293
7085
-9685
-992
2821
1192
303
3891
865
-6340
-3952
7137
9278
-350
-9549
437
5575
2074
-5140
9664
7760
-2045
5749
6753
-9478
-9848
4216
-3363
9131
367
-9114
7642
8984
8491
-2760
6911
1966
7388
7830
7312
9157
-8067
-4512
-6357
844
8414
3473
-8979
-7513
3128
7344
3815
2785
521
6396
1554
-4524
-4459
-936
5649
334
-9928
-856
-4079
12
8174
-4120
2395
-680
-6577
5785
7375
4114
8517
9292
-2538
-4986
9745
-1990
7196
-2506
-8084
2949
4472
398
-4379
-1904
6120
936
-5051
3087
-7787
1773
-7570
7906
9212
4084
-379
-1114
-5574
-5363
5116
-9004
8805
1140
-4613
7084
4998
2705
-4932
-3302
-5140
-4858
5729
-3238
-4862
4407
8212
-2078
7568
5530
-6586
-7933
-4354
3118
1708
5612
3965
4200
-5607
3696
5935
8695
2371
-3656
-6028
-6309
-6095
1354
-9623
-2515
6940
1290
-3760
-1204
-4542
74
6474
9106
-7446
6742
4410
6110
6796
73
7025
4467
-5034
-8876
4697
-4875
7217
-7736
421
2040
-2094
2845
-5820
8899
7623
3210
7939
-1327
-305
-4731
-3432
2082
4818
6580
-2336
2303
4783
2644
5344
-6505
-4397
-4246
-5420
-615
-2864
-5771
7573
817
2208
-6651
-2718
3865
7697
3644
8100
-4446
9992
-1684
6750
-6998
-6529
8719
4920
-428
2709
-5853
8176
2613
9016
394
8840
-5087
-6407
-9397
9122
7222
357
6396
784
3467
-4502
2058
8566
-1115
-4113
-8816
-6049
6218
100
-5190
6907
-3938
7439
-2425
5992
-4603
-72
8941
6924
408
570
-151
8006
-8635
3834
-7947
-5844
-9944
-1074
-57
2122
9845
-4476
-4059
-1487
571
8203
8109
339
-6380
3754
368
4897
9219
-6418
307
7333
-9818
-1900
-6724
-2180
1053
-4374
-4544
-5096
-6116
9297
5809
1411
-6357
9056
6914
-9622
4937
3808
9730
-8468
7979
9693
5929
1827
-6669
9549
-6453
6893
834
-3996
9081
8100
-2826
7032
4012
-4314
-5880
3404
-892
-3442
-2613
5278
-1464
-2992
-2547
2509
5898
3218
-996
-3448
319
-3483
-7054
-3898
2562
1814
1145
-7552
8934
4614
2496
4809
2041
-6787
110
-7988
-6019
-718
-6773
-1910
-4837
-5168
-1730
234
9291
3512
-218
-4855
-1330
9839
5745
-6575
-2037
1657
-6713
-6694
-7649
8122
9744
9299
1506
2935
3340
-1562
-6484
-925
6422
-2191
-5006
8686
6726
6478
9454
-731
1600
9242
5181
-5947
7299
-6373
-3486
1552
1211
-6450
-7633
7834
9587
-4034
-5209
-859
-1163
7972
8697
2389
-4349
-5130
1269
15
-6628
5610
-4845
-2993
-414
6616
-8603
1086
-2240
5644
-962
8273
8569
-2226
4445
-3985
-8082
5557
1491
-4421
607
-4188
-3895
4852
-6638
-9695
3693
-5241
4363
-1010
-1462
-620
-7109
-3672
-8937
-9130
-8388
707
-3511
9510
7681
9017
120
-8491
-6001
2638
649
2700
-3862
-3511
-7224
-5198
-6813
-5214
6307
4901
2971
-1837
525
4315
1933
-4438
6713
-3431
-9477
-889
-2509
-1710
7363
1344
-8381
-6052
-4446
4072
6685
4520
-8827
-5528
1134
-4402
-5308
1782
-8114
-2827
-9267
-4930
-8865
5782
-6383
3162
3094
-6696
5544
-9636
-635
5551
-9387
-9337
-9192
6386
6934
8738
-6553
-4539
-5032
-197
-372
1949
1426
4028
-7646
-4777
5879
-6660
1622
-9888
-9263
4962
72
852
-4337
2975
4925
4580
2820
-1108
-1312
-8428
8577
-767
-4799
6677
-6905
8362
-8442
-7116
-3056
-746
-5829
-4846
-7080
808
-6998
5683
-5873
6011
6547
2946
-2233
-8340
4956
-4129
6029
3932
-5859
5878
2648
-5461
-9612
9197
9937
4459
9996
-3649
1855
7477
4705
-964
2544
-6861
-4473
1344
4256
-2705
-2868
-4864
-548
1066
3313
7023
1226
1660
-6437
536
2522
3693
7960
-5703
8300
-9969
-1640
-6575
-7782
-2635
838
-7563
6420
1332
-7157
8266
-9311
9112
-7839
-1765
5797
-5596
5925
2804
-9774
2128
-1878
-5761
-7352
2595
6909
625
4111
1096
9474
3757
-2913
-9673
3910
6275
-2073
-2098
-1774
-73
9916
7150
-193
-4409
-3196
-2091
-6234
-7151
-4246
-5194
1487
3274
2850
1879
5765
922
-8263
1209
-4542
-9075
-7031
-4470
9711
-7099
-1334
-8799
5186
5121
4184
4667
700
1075
-2096
9517
576
1559
6714
6291
-8100
9772
-3240
-4601
6565
-6868
-1655
844
-8185
-8200
-4142
1411
1450
5530
8183
2031
-8906
-7646
-2605
-136
-2159
-132
-57
7553
7409
-7129
-4636
-7869
-7283
6965
2699
7013
-9644
5173
2216
8470
3663
5443
-4659
-6365
-2073
35
-2580
5592
-8690
9699
-4720
5975
9224
19
8280
-3996
-112
937
-518
-2144
-907
1014
2425
122
960
-2728
-5364
2007
5204
3900
-8429
5941
6197
468
-1312
-1598
-1445
-5266
208
4844
4393
-9396
6576
2303
-2477
9339
-5394
-6623
7687
-6425
9313
-1572
9415
9825
4850
-9424
-4533
9
276
-8721
8380
4845
-5601
-6409
-8716
-6715
-8465
-9387
6047
-2896
-1626
905
-2227
680
4205
162
9062
-3773
6084
6205
5008
-9280
-2143
8578
-1998
7964
-5781
2318
2214
1551
443
-1934
-1356
5235
5765
-6111
-5732
-6870
6619
-6768
4224
7224
6613
-1835
-5087
-3137
-9436
-2109
-1110
-4059
-9374
-3617
-7396
653
-9942
-8661
-3758
4052
-8109
580
-8210
3228
-8535
-3971
1285
3770
-7763
-2250
-4195
8907
4433
-959
-7326
-8875
3960
-4146
9969
7179
-5018
2685
8339
7084
2771
7751
2955
-6230
-6276
1048
-7874
724
4506
7151
5891
-7901
7943
-9615
4794
-3591
-5859
5828
-962
-7159
7967
-343
8862
-1271
-6783
-3620
9459
5864
6080
-667
889
-1174
-4463
9511
1843
-7036
-9142
-2985
-6282
-6817
2658
-5747
545
-50
-2376
8400
-9405
9161
-4131
-1687
-9595
-2831
1069
-1994
6869
4651
-8280
8654
1122
6665
-8377
-2158
-9456
4367
-1710
459
2259
-8611
-615
9215
-1153
-5436
1991
4351
-2970
2605
-1050
-4135
-3919
-9928
7217
-1068
-2695
5124
660
7771
-4516
-6133
5943
1588
-486
8338
-4476
-5969
5212
-3301
-1057
-4897
7691
134
-4787
6243
1938
4018
-6280
7039
-6009
-1116
9759
-6000
-8244
-5802
-5473
900
4107
3730
-59
-3015
-2062
1358
-2756
-8454
-7631
4945
4504
4414
-8523
5381
-7129
909
2473
5555
7595
-696
-2384
3299
-7097
-3281
-7717
-2210
-2103
-897
-9225
866
-7468
8958
-4013
-4533
6635
-3258
7175
-8832
-6928
1796
-4469
2082
6403
-7849
-4326
-9648
-3148
9928
-9339
459
-1738
-4267
-6829
1923
2394
4303
-4994
8431
9126
6895
6297
2741
9283
-2421
5498
-5983
423
8972
929
6238
4537
1093
-2531
5635
3759
4109
-4661
-6121
-5216
9041
-7390
330
-6129
5911
1666
-1198
-3755
-2899
1002
-1333
1329
-9767
-5299
-1850
1069
-1005
7276
1322
7038
2463
-2771
-9382
-9053
-4518
842
-1010
-4035
-8627
1131
440
9954
6252
-2560
-6207
9719
8513
8200
575
-1774
-2316
-5316
624
-2456
-5199
-1340
4773
-3158
1744
-2708
5079
6458
-3263
954
-7582
-3148
5721
4635
-945
3798
-6920
5747
241
5781
-9716
9154
6014
1138
-8269
9006
-954
-8470
-2364
5980
-6702
-2755
-2491
7791
4315
2052
6939
-9261
5706
-5850
-4080
-4452
-8714
-5365
-6036
-7964
-3999
-3099
-4623
-9103
-6466
-5671
3506
915
-236
6583
7348
8041
-6793
2230
-8053
9
-3038
5511
7002
-1091
5041
-7769
-4978
-2161
-958
4891
3735
7477
592
-3592
-2851
-1600
-5117
190
5063
-7686
7730
5072
-2951
6985
-6920
8327
7657
-7313
5854
-2341
-7236
117
-1849
-2256
7225
-935
8911
-5154
-1903
1754
-7846
-5793
4126
-6711
1157
597
-6599
-4050
3269
-7495
2570
-608
-7151
-3004
-3194
4126
1206
-5480
9495
-5650
-5724
-7876
1887
369
-6395
-4890
9900
965
-1523
1396
-2248
7580
-9905
-9900
3923
9711
-2600
977
-739
7643
7281
9959
-6977
-9800
6821
3027
-457
219
-5866
3984
-9177
-3065
982
3182
2108
-5576
2709
-8719
6305
4146
-1607
-1462
4678
-7866
-4000
-336
-7497
-8400
8216
6596
-8863
814
4712
-5470
164
4652
-5247
-1703
-9782
742
-5929
-2788
9133
-4882
6382
-7670
495
3720
-8728
-299
-8641
-213
4753
-6575
9385
-5162
4899
4707
-6464
-3517
-8707
-1089
9949
-8348
4682
8224
-2726
3105
802
-8559
-3185
4189
2405
-8911
2498
-2512
-2187
-3767
3974
-2460
-8085
-798
1479
-6378
3963
-3533
-4903
9077
-4191
-4568
8964
-3677
2429
7361
4039
-2529
8173
6403
5608
642
-7478
-8568
9668
-6058
8119
5085
-2863
7329
-3179
3434
-4917
-9028
-4246
7446
-9066
-2694
8380
3891
7527
949
-6510
9472
-543
-9306
8644
3620
-8044
5038
-3234
5661
6814
-9531
-2016
-3140
-644
-1388
7611
352
8443
8450
-776
2760
7182
4407
8376
-1845
622
6494
-2970
6890
-8165
-6761
-6038
-380
3721
9059
3534
8684
-2434
2076
5749
-8988
5467
-5514
-9162
1589
3845
-4370
-4096
-6026
-7008
-1208
9576
-6952
-1745
-8276
-7186
-4772
-2703
6516
242
7385
-8968
-5240
-6856
3181
-9413
5512
-8271
6806
-3848
1459
164
8834
5589
1494
-5900
-8874
7268
-9783
-8984
4834
18
5235
2111
8849
-1270
9737
325
-973
-7493
5565
3143
867
5349
5311
8400
-3070
3771
-8304
3027
9810
7920
-7916
-566
1705
-1956
-9464
7472
-9890
7352
8779
-145
9703
9677
2453
-3024
-5032
-1142
-157
194
440
1369
7512
-3588
4442
5128
4116
-1738
-1027
5603
4447
-6821
8971
8370
5901
-8825
-5154
-9646
8006
-4820
2369
5667
109
2277
-7872
-4694
-6730
-7861
-9069
7931
-667
-1858
-3052
-4828
2827
6133
-2507
-3798
-4194
1175
8562
8872
-8838
-8290
-8877
-2985
-7558
3168
8105
-6212
-6090
7336
-7198
-3046
-8736
-8544
-425
-1887
2325
5497
1648
9539
3867
5700
-3425
-580
-4511
8833
-3445
-1774
2251
1250
220
4950
-9496
-4615
3913
-7795
7117
-8678
-2690
7622
-3056
9278
-3113
1595
425
-6075
-9032
-1331
5744
1438
-8011
8931
7782
-6407
6578
-7649
1129
4689
9408
1775
5854
-7779
4480
-5752
-3457
6822
1115
6454
-5087
-5982
-9840
2
2723
-7826
5970
-3183
-1931
257
-7338
-4637
9737
-6492
-9641
-2441
9083
-5831
6423
5342
-6328
6542
-1300
6997
-7009
3988
9499
1427
2739
-3630
-3377
7322
-9179
-378
-9094
5090
-798
5175
-3708
-8317
-9986
656
-2317
-8279
5308
2310
7199
5777
6637
-5176
2364
-8378
-4973
1896
9273
6822
5268
833
-4499
7616
-1271
1076
1064
-6187
-8998
-4892
2094
2895
3729
9923
723
959
-8461
8410
-4440
4023
2259
-5293
-5493
-1816
5216
-889
5646
-5406
-3079
-56
284
7079
8845
8633
-441
4604
7229
7250
-1010
-3259
5061
-6131
3702
-3638
9639
1531
-78
-2125
-6586
2467
-416
-7414
-9005
9002
-7616
-409
4957
-9604
-2088
4724
-6631
9568
-8325
8245
9888
817
-9393
915
-2310
8056
3963
4070
1322
-4150
-9185
3371
-2216
5346
-6361
8076
-5200
8659
-7806
4071
7029
6453
9451
3761
-2622
-354
8402
-2049
-8604
7095
1847
-3534
-5355
-2380
6936
-3810
2044
3608
7025
6585
-7984
-3536
183
-8992
2251
3940
-6281
8098
-5101
-4542
-2851
-1979
4631
-3763
1992
-4714
6137
-5651
7417
-3602
4844
-1697
4673
5759
-9384
1015
3609
-3078
9189
5207
-4117
7022
7152
-1734
1031
-4665
-372
-2407
-6280
8139
8534
7856
1718
1394
-9739
4281
2138
-3725
-1350
-6782
-3748
-2663
4419
3303
-5901
8888
-7420
8987
2290
4418
3610
5288
-7698
1665
5246
-409
-5843
626
1753
-6255
-5171
-2494
6699
1711
3763
1411
5619
-7345
727
7813
-3519
-7208
-477
3329
1611
1974
4161
5005
4813
-6331
-73
-5330
-5730
-6276
1851
4285
2533
-2555
5822
-1205
1424
-7034
5976
6806
2066
819
1982
4257
-5516
-371
1954
-7415
3332
2752
1668
343
-3102
8113
2299
3935
4290
7216
8862
-5841
7853
9667
4814
-2442
-8274
-232
-5674
-5970
2009
1436
4425
7170
6088
8828
-2730
-2914
2136
-60
3013
-7057
7017
3527
1730
617
5798
6838
919
-5852
1434
-7732
8118
-1965
-9583
5318
8398
4337
-710
-7495
8501
6934
2619
4054
6603
9209
-4383
-6432
-6202
5562
-4453
6718
-3509
4506
3929
4296
-6343
1712
8869
-9988
4650
-8408
3818
-9971
8147
-9951
2593
-3359
-9343
6894
4970
9920
7888
-2584
-2553
-5095
6222
9832
2469
6189
9733
-9805
1377
2075
3726
2963
-9102
-8677
5812
2522
3590
3330
5872
8615
3433
-9415
-9073
6378
6489
6337
-6444
-9317
7149
-9240
-3422
6985
-929
-3716
7032
-4897
9755
3376
-4723
-2211
-8625
3793
-2985
5077
-8009
6618
-6285
-3615
6369
1464
6184
-1316
-7464
-9615
-6748
5971
6001
6097
-176
6246
-244
5995
-5925
9501
3823
-7253
-2164
703
1186
8667
9251
3147
2114
909
-9721
-6596
2515
-4182
41
5291
-1789
632
-7219
-6585
6098
8674
-1703
7902
-9263
4493
-8237
6057
-3278
8110
-5459
4958
-1450
-5678
962
3428
-750
-2447
-5076
443
-4803
-1523
-8636
4981
-1861
-6031
2713
-6839
2598
1446
-3445
-9965
1724
-8737
1926
-6909
5214
2430
5082
4570
-7470
6983
1871
-9548
108
-3849
7864
-4846
8115
9869
6676
-8535
-8533
9218
-8968
5313
3095
-6977
-6891
-7199
-63
-6949
4338
4043
5706
8303
3707
6729
1453
-4158
7647
7319
4280
-2666
7852
6822
7738
-3715
-5199
-2465
7408
-7709
-8765
-4204
7867
-7258
-7557
1285
8204
-2390
5470
-3736
5192
6848
-9379
3434
-2618
-2743
-6669
-8313
-6528
9285
-2731
3157
1929
-9010
6510
-1188
-2596
5934
5952
8817
-438
1065
-6050
-3956
7756
8972
-3550
4448
1595
6491
8430
7305
4607
-1587
-2112
7046
-410
-993
3667
-8721
-8543
2040
-5813
-3878
2092
-9652
-2977
-5020
5900
-3640
-5991
826
7234
3793
2856
8877
-6180
8132
7945
240
-7534
9261
6097
9451
5287
-5973
-5076
-3808
-3638
5391
8872
-9638
-9221
1235
981
2654
2536
3092
8646
-5160
-9317
4116
9651
-6245
-2640
-6428
285
-7107
3831
617
-3510
7937
3761
-9201
3459
2674
-3694
-5235
-255
-7694
-2385
-6664
-645
5783
5245
3769
-9422
2868
-6625
-1231
-666
-3723
-2981
-3939
4920
-4786
-2678
5111
-472
9448
-7383
1935
-6226
-3711
202
-1641
-5386
-7371
3063
3472
8633
232
8207
4282
4729
-6189
6869
-2295
-9091
5225
6185
-7401
-2599
-8281
-5987
5826
-1307
-5845
5478
5249
81
-5775
9810
-4162
8118
642
-2364
7017
5287
2634
-6649
1469
6065
-621
2784
3105
9970
1269
-773
6544
2679
676
-8876
7328
957
7256
-8504
9784
1258
9616
-6181
8550
-3661
-9717
4362
7300
3289
-3090
-1453
-7043
9453
-1396
-2110
-1546
6171
-3199
2338
5557
-5592
-9155
3647
1769
-8584
-4942
5131
4773
-4247
-3891
-6767
-9068
-5876
-3815
5656
3899
-3685
-5997
4616
3381
6918
6124
-8838
-905
-76
-7426
3597
7617
-119
1709
-3461
3253
992
-713
-1229
-2841
9507
-9663
-1609
-9175
8613
-7
-5945
6373
-3350
-8967
-2035
6040
-5064
615
8900
1205
2557
43
8803
-8789
-6008
1069
-1026
7700
1876
8297
-610
654
6412
-7710
-7912
8978
138
-6223
5539
6306
2944
-8963
4256
-33
7731
1968
7595
8189
2605
9730
7835
-5550
-4716
1412
-540
-9365
194
-555
-4251
290
-3639
9838
-8465
5406
6163
6793
-7679
2863
-3365
-7530
212
7014
-7526
-961
-2532
-5597
3191
-5594
4019
-2655
-6097
9595
-3516
-9422
-7866
8455
8559
2103
-2622
1249
-4047
-6997
9315
6030
-8858
906
6149
-8117
7744
-136
-2707
1169
-712
-2860
-8809
-9218
6919
-1477
6247
6138
6671
-5941
-4988
-2828
360
6404
-1352
-5203
7547
4989
-8360
2275
-50
-1710
-2162
-1702
90
4843
-7040
-128
67
5885
-2344
-3582
9707
7675
-6720
-7701
5534
3940
-4881
-3374
6630
-2411
-157
3142
-3978
9910
-319
-3766
832
4334
6675
7257
3879
5118
-6956
8693
7885
-527
7083
7239
587
3195
123
-884
-7649
-6426
-8705
-1147
5558
8238
991
3144
9142
-527
-2128
-7959
-4012
-3883
1052
9509
3958
-2237
-9190
1511
2011
6830
-8097
6854
4892
-1602
-7334
4828
1448
-7887
-9563
-6367
-9285
-8054
-5232
844
7107
-6929
-8319
340
-1913
-2939
2363
798
1573
9697
-6910
-4856
-898
-2192
6661
9084
271
2201
8122
9904
5532
1858
-6147
3264
-5837
85
-1402
2349
-4543
-3766
3668
5887
2577
779
9733
6616
3757
-3758
5243
8054
-3918
-2981
3487
2215
-4412
8921
-7634
-9569
2168
-255
-7746
-7290
-2919
-2726
6206
2140
1826
-5865
2525
5267
-9287
-4424
-9246
1630
8428
4462
2469
1163
-6809
-1443
-8656
5256
2414
2310
-2969
-2250
5364
1963
-2092
-4172
6217
5550
728
3403
268
-8332
7200
-6611
9570
9435
-8837
-4661
-6742
-4707
-1330
5737
5811
-2085
-5739
2708
-5583
2543
-6903
853
7366
8169
4200
-3669
1713
-7208
7567
536
6387
-3543
271
6106
-8769
-8395
103
-2488
8669
7414
9466
7309
-1970
2063
6615
-7945
3937
9763
1470
-5797
882
-4403
7610
-2974
-4732
-1464
-1331
4299
3632
6649
-7729
1170
-2779
9705
8327
8641
-9413
7165
-6661
6855
-7968
-9957
-7836
3909
-591
-6854
2408
2873
-1928
7242
-9738
8822
-6228
-1789
105
5192
5780
-9150
2254
398
4238
-394
1125
2303
9479
4973
6504
6802
-615
2831
-4973
3682
-5345
9517
1021
-3988
-6
7376
7311
-1317
-705
9807
4272
5539
-7284
-8275
7362
6462
2619
1233
-7737
3218
6417
-4699
2475
-2837
-6993
4869
9229
-7157
3540
-7733
6572
-6790
-7218
2837
1451
-5531
1132
9834
-8037
-8889
1858
2939
6941
6402
9683
-6206
-7669
-9381
4291
5899
-1202
7132
8951
7892
515
8843
-2421
6793
-5470
-5593
-341
-4411
-5317
-2900
-4307
2780
-4764
-3770
-6487
7
8904
5594
2951
-353
539
-3838
-7819
-6932
-625
-7874
-1424
-3321
2853
-4768
9148
809
-6005
5038
4084
3879
5894
-1577
-3316
4988
8769
3537
2893
-6028
-2478
-1678
-65
-8610
-4305
-4203
1122
-3181
7428
-193
-8961
473
-3733
-926
-1010
-9559
-5168
-4886
-9187
2176
-7237
4888
-8195
-4281
6532
399
-4047
-3291
-1975
-4933
816
-9246
-1749
4889
-9910
8019
-3339
-5432
-9405
2717
9986
-6044
-9901
-4325
-9365
-6348
8602
-2222
4332
6633
1773
-6162
376
6967
-3752
6116
-2953
5280
-1838
1387
-8646
-8735
-5773
-3845
76
8031
-2410
8759
1146
4999
-4467
-4074
-5722
-34
-386
-3986
-9036
1081
-4211
-9936
9193
-2685
-1193
-4979
7617
-2487
5961
-8074
-8825
-5532
1100
-4579
-8178
-728
9477
9788
-3174
-3937
-8620
5862
-2963
-9238
-3610
-6007
-198
-9648
-4735
4290
-6029
330
1970
7432
-4297
8134
9007
6037
3768
6997
-4281
671
-5434
-7529
-4961
4525
-7828
-19
2221
-2102
-9268
-3210
-9524
-7336
-59
5391
8942
4848
-1306
9395
9056
116
-4676
-7440
3266
3663
-544
-9710
3682
-9210
9278
2368
-368
919
-9110
-6426
-8436
-574
-9582
-939
4001
1134
8707
-8069
5222
6787
-5515
4530
484
7708
-9444
1218
6239
-8633
7840
3873
-6791
5784
-6873
5034
387
6911
-6979
-7957
7068
3420
-2503
7934
-4174
8645
-4699
7313
9098
-8303
5544
1791
-5057
-4156
6192
5891
1140
7005
6036
2736
473
6306
5726
6468
9654
-2256
-5214
5680
6079
-2784
-7588
-1991
-6798
-4528
3338
8406
9692
-6681
9055
-6622
-6294
-1891
9281
8583
-8406
-9241
-7647
1859
9028
-7693
9094
3229
-1128
2092
-3112
-4069
-1244
-7572
7189
-5432
-9724
-1767
6665
89
-2273
3892
-2134
-4559
8402
-4246
1580
1035
9146
-7595
-9300
6642
320
9426
6896
9622
5859
2305
3448
2026
-5585
-5060
-3179
-3238
-2738
2934
6289
-4135
-2867
-2807
-7202
-4403
7729
-3196
-2257
-7493
-4521
6312
-6397
-5649
2612
7384
8782
1591
-566
4168
-2914
4529
-1646
525
2050
4091
3412
5129
2656
-284
4877
-2276
9514
2328
3461
-1638
-231
2735
218
8646
6539
7229
-4079
-8448
4718
7430
5760
-3266
1663
1989
6229
1290
9557
8328
-8895
220
-9705
5398
6408
-8079
4745
8831
-721
-4659
9434
-9872
-4753
-8377
7352
-3963
8021
3638
-6531
-9123
4852
-3277
7596
4649
-2846
-3010
7989
2371
6581
1485
1899
3368
9914
-1193
2651
-8587
-664
-8360
5929
7899
1402
-4711
4873
6050
-790
-7556
-7810
2485
-3697
1894
-3782
9888
7290
980
7769
5344
3778
4953
-8979
37
3571
-1769
-2641
1378
-9507
-6263
-259
5142
-8397
5494
-1380
-8149
9108
-694
-3944
-759
-5943
-1107
1352
-1253
4511
5095
-2157
-8213
-9308
2428
-5316
1917
-3549
913
-5188
4452
8431
8464
683
3378
9170
8048
5004
5099
-5717
-6129
-1354
4737
-1696
4260
6845
-2371
5097
6635
-7681
6050
4499
-6159
-4883
368
1049
-3174
-8129
-7725
-7957
-5376
-6046
2042
-1238
6498
3120
3562
1861
-1854
1473
-4316
4259
6795
3585
-3256
995
-4210
1135
9537
-52
9759
-3564
-1714
8979
1867
7254
-9425
8706
-6641
8997
3700
-6175
-3123
-9025
8868
3191
406
-7901
600
-5753
4357
299
3893
4848
7295
-3298
-4372
5290
3108
-5394
7483
1449
339
3154
9158
1034
8962
-1781
2211
-4682
436
-4389
-4646
-2733
-9100
-6141
-3102
-9369
2280
2484
-3636
8038
-8324
1803
4802
4220
-7902
-9328
-323
-7056
576
9046
6328
-612
3228
-7881
-8766
-2843
-4226
5598
-6153
-24
-9747
2444
6865
-1899
-3687
5319
-9405
-8094
-4626
-8119
-8666
5695
6846
-8144
1345
9376
-4386
3673
-663
-594
-5645
4329
8071
-5611
-1399
-5685
-4058
6473
8040
2629
-8681
737
-425
9320
-893
1623
-5219
9544
-2871
4943
-2577
-964
5838
6953
-3165
3029
9266
-9048
-9158
-7770
7053
-1643
-6987
5353
-4061
-7495
-6076
9701
-5587
-1163
-5778
7478
7071
-9726
233
-7659
4429
-2319
-5469
-2541
2542
6983
-9214
8325
6979
-6969
-8307
221
5430
-5017
-4122
7923
6484
-4448
9518
686
1013
4711
-8977
-3615
6136
-7222
-8117
-7164
7317
-799
7182
3932
-6623
-6327
-4143
8023
9353
-1042
2110
-8041
-4039
-1224
141
-2811
13
-2290
-1099
-1431
4034
-6667
2335
4510
494
-8467
5434
-3312
42
3854
4114
-1964
5978
-1491
-4412
6502
1547
-3719
6142
26
6661
4230
1852
-4579
-6452
8187
-8354
4749
-5205
4930
4849
930
696
9149
-3197
-7375
-9623
-4844
-3095
7832
3839
908
2536
-3828
9280
-7812
3539
-9771
7540
8734
414
-6497
1523
-8735
71
4011
738
3171
-3330
-3029
-16
8122
-9349
2126
7481
7455
4971
4841
8851
19
7688
7151
-3400
1449
204
-2456
933
6371
-804
3069
9879
-9834
4115
-2306
7364
-3958
-9274
-6719
-2375
8990
-2430
-8271
-6996
8333
-2550
-5881
-2014
-1101
-9406
8496
-7573
-256
3108
-517
1168
-3968
-6503
6356
5652
4268
526
1760
-5564
-8110
-6213
8920
-1749
-4845
6968
-2005
-9555
3342
-9937
-5307
-976
-7248
7256
7185
-1175
5136
-9316
1317
-9512
-9206
3313
-3255
-1222
2454
8839
2367
-6005
7076
8637
-3607
-237
-4969
1387
2495
-1965
3850
3241
-3582
2383
-4233
20
3351
-7028
7508
4145
933
2173
5673
-2333
-3071
7901
7319
-3275
-3626
294
4930
-3939
1231
8318
-8380
3168
-3854
-9489
5851
4930
5464
-7641
3734
8073
-9484
242
-5060
9423
-1135
-4481
-8370
-1392
157
6921
-2843
2445
-9040
-5789
-1151
-552
9270
-9410
-2686
-5945
5096
2308
-394
-9108
7850
-2474
6017
-3281
8767
1987
-1310
8445
5038
-4725
6325
-2080
4986
-8618
6758
-9570
3890
-2689
1062
8956
-34
1046
-6297
4070
-7033
9728
-2277
-1944
-920
647
7258
8755
-6935
1433
-677
2184
6512
-9294
8084
-3706
-1920
4574
-441
162
-4576
-9194
3666
7716
-6933
-7160
-1976
8479
-563
-1072
7974
-6950
-1336
-3456
-5129
2005
1299
-7692
-8126
-9665
-1399
-6649
-6111
-8411
5
-9660
2500
325
7264
2970
1623
3861
-5774
-9228
-8560
5067
4525
2412
-9737
-6033
-8573
-7866
5334
-7535
208
-9296
3046
-1341
-5885
-9733
7417
-8832
9113
-3250
714
259
2943
-3509
-5480
8926
1581
2497
9647
-4684
8155
9578
6464
-4242
-9256
5928
8789
-6049
7264
-4913
1509
-8624
9455
9868
-363
-4289
-2370
8820
-1833
8963
-8887
5367
-907
-112
2555
5430
-3459
4996
-9522
1306
6377
2276
-5704
-3275
-1982
1691
2568
-5687
489
-5554
2941
-5336
3323
-5708
5795
7970
-9130
1767
-9027
7751
-2110
-3661
1649
-877
-4288
-2432
8896
-3430
-7562
-1133
-2729
-1834
3794
-4761
9610
-1630
-9069
8661
5561
2142
-8384
-5010
-8808
-6518
8101
5301
2269
5303
2647
2494
-1296
-1842
-6003
-8189
688
4726
3537
2698
-6871
-1631
1132
6884
-3585
-5612
-4073
375
-612
9263
7753
-5048
8399
1292
2031
4921
2836
-1309
-9511
-6899
8899
-6961
6258
5456
-9491
3543
-5323
472
205
4678
180
3266
7932
-2893
1099
-4208
2728
8558
-8466
-2589
3421
-3121
9590
5401
-3040
-9931
-7115
-6173
-4254
6979
-6427
-886
3559
-4270
-5324
-9146
-4561
-3780
-8933
8351
-3951
-62
3809
4699
6253
5364
601
1504
-1309
-3636
-1251
9834
3091
6149
2886
4241
-2973
5249
-1560
-823
861
1692
-4526
3142
5823
4918
-3762
9887
7357
3155
9407
-1449
9785
6005
-6728
-1690
8203
-7255
6146
-9633
1035
-3130
-7269
2051
-5448
-3504
7337
-4006
-2310
3745
-9815
-2902
9366
363
6877
4046
138
-8623
-4955
4041
2797
6412
-3455
-7635
-3161
5400
-9036
6829
1899
-4269
-2226
6633
7098
-5533
1681
6189
5161
-9274
5271
-9063
-4024
-9245
4119
6309
1456
7435
6531
-5810
-1959
2254
23
-6866
-4076
-5557
8892
1432
8504
-83
-4354
8039
3279
-2999
-6511
-4994
2294
-2528
1991
-5270
-1973
-4274
6531
-2780
4550
-9458
8438
-8916
-6481
9681
-6212
-1205
5513
2549
9155
-1633
-7002
8274
-3013
7701
5854
-6577
-9219
-2172
-2835
-8661
-4822
3120
4914
-141
-8143
5496
1531
-3421
1684
2386
-775
6927
-3930
-6058
-7495
3936
3481
-1568
6371
-5064
7562
1173
-1895
-3650
-771
-5686
-3516
-7442
9909
1762
-5002
-2582
2970
-6848
-6843
8494
-5049
7245
-1352
7314
-2989
-9954
-9988
4747
-7794
-3078
2748
5408
-7330
1621
1263
2327
-8943
6627
8112
7237
-3350
-260
-5640
-7142
-4264
2867
-3201
-5599
288
-9524
-45
4121
-8547
1433
-9008
-385
-9594
7046
6537
891
-1274
-5581
-9718
-2278
-803
5020
8218
-910
-1393
-599
2239
-4774
-6003
-7412
-7214
1284
402
-2935
5760
5881
2329
-8991
9327
9730
-8869
8760
1779
701
-5928
-7823
2163
-7160
-9037
-1883
1
-4236
-2476
-8886
3765
-4391
1037
7404
8381
2633
3816
8839
-7425
9568
-9000
2786
-554
5424
-9698
-3974
-9012
-2185
2016
3701
7549
4084
-4670
2015
9462
3267
-810
-6594
7109
9242
-4796
-7184
-4311
515
516
6983
-5358
7862
-9199
4249
8995
4337
-5363
4427
8207
6133
8742
-3839
-7547
-2059
1760
-4412
-6334
760
5204
-491
-2448
4622
-682
-3590
8042
4396
-3112
-7829
9761
-2938
2681
8547
6836
3360
-4593
6233
5487
8380
-4519
8307
-2436
-7095
6491
-5959
2255
-6088
-13
5229
-7634
5823
2693
-3371
-6237
292
-1119
-7612
-7579
-8821
-4919
-3592
9855
-1035
3042
-3448
-9987
-2459
5907
-6618
-7832
-4183
-1735
9769
458
6881
2419
2850
8091
4911
-2080
-3087
-3061
9224
-8749
-5738
-1065
-5937
4223
-77
4246
-8451
6005
-3415
9774
6625
-1406
8529
-8679
3012
2508
4676
-3140
956
2679
-4821
-8334
9443
-5790
-3930
-2927
9847
3134
-1476
-734
-718
-877
-5719
8546
4070
8527
-7196
3681
6833
9645
8817
3387
3149
-1688
-7802
-3135
-8393
126
9380
2553
4110
-4598
6893
-8761
2488
2022
6056
-3278
3346
-5752
-7765
2845
5614
-3036
3371
-4415
-439
-9692
-8347
-5427
-4946
-1698
-2848
-8754
-5630
-6030
7662
6066
-8006
-4135
7539
4533
6290
3305
1735
990
-5011
9013
9638
-304
-5792
-7227
-422
2507
-9012
9977
-7366
-2511
-1565
-2009
-8153
-5924
-8152
3703
-9610
-9522
8801
-668
4475
6840
5355
-6439
-6220
-3495
4226
-5300
818
7631
5842
3654
2913
-3179
-5300
-5224
1382
7752
-1821
-760
-4631
-8040
5456
8294
-4137
-5192
1683
-7344
-8627
-1899
-6490
-7324
-6674
1098
2183
759
84
-1973
8809
-5558
2353
-1816
1677
1098
8416
3064
-3698
7027
-1670
3694
-4473
-6105
7429
-1102
-1010
-4923
-3082
9613
2392
-8526
4568
4469
4673
-611
8368
4234
-3820
-8804
-4742
6483
-784
6218
3703
3663
6292
-4722
-6498
7982
7528
-8928
-3810
-15
1869
7382
2092
8998
-405
5254
677
9736
678
4652
-5884
-1375
-5281
586
769
8097
-2167
-9239
9257
9735
1472
-5112
-2967
3721
-6018
-6324
9836
3593
8083
-6259
3414
-8545
6715
7131
-5510
9242
-7614
6002
-3626
699
9503
-5169
3851
-8158
-1830
-698
-1146
-4176
4452
-1371
3734
5570
-4354
6874
-4110
4541
-5358
-9091
-5843
4695
4513
-6006
-9856
7195
5968
-3219
-7073
-1861
4066
-3829
1657
-3050
-4564
7789
892
9946
7116
-4066
6502
-4622
-2630
3167
-6505
-2340
4024
2016
4925
-757
96
4252
471
-8390
-6510
8259
9246
-7061
1094
-5379
2498
9654
8591
1204
-1482
-2505
2721
-623
-6367
7309
9620
-6327
2143
-9785
8767
-9051
-5805
6951
7327
-1189
745
-7307
-3057
513
-663
8432
-3090
-1275
-2106
2990
-4360
9859
7394
3613
9495
-8685
3425
6284
-3614
-1704
5441
5031
-97
7579
8571
5869
-1469
3911
7689
-126
-9377
6585
-8633
-3436
1156
-6185
-310
8165
6537
6109
-1912
6127
3362
-40
-571
-2729
-8717
1519
-5525
-6457
-9829
-7251
4229
8589
6979
-5297
3663
841
-9110
358
4361
2666
3992
-4977
-3570
7933
9128
1464
-3540
2097
-7724
-810
9306
-3011
-7824
8207
-7872
-6857
-9519
-6544
-6337
8815
1781
6995
2009
-7780
3912
1399
2658
8105
7749
8555
-1501
592
5165
-7915
-6385
-5172
3828
1042
-3512
-5340
-3535
-722
-1548
1356
8508
-316
-1363
-1686
-4601
-1602
-9155
-8396
7295
8496
5070
-591
5039
6529
-8320
-8862
8780
3258
3889
-4263
-2648
6726
519
1980
-274
-4205
2497
8985
-8706
1529
9630
5406
-7417
-1092
-9059
-9077
-9025
6567
-6978
3027
352
3682
-3339
4603
8014
6552
-408
4861
4785
66
4869
-4222
-3865
20
3086
-7475
-310
-3188
6957
7553
-152
5876
-7064
-2013
-71
-5857
5486
-2346
1018
-702
9408
-7139
2626
8774
2294
-6131
8093
7614
7138
-4133
7550
-4649
-9647
-1881
-3796
6447
-417
-8059
-4350
9079
9719
-8187
6464
-3063
487
5590
-3156
-5192
-2571
3301
-8053
-440
-1263
-7701
4549
-8210
8562
4324
9446
3097
-7694
6470
-5370
6412
5370
-1854
9384
9747
7468
4887
7860
-9273
-7159
2725
-161
2306
9007
5946
3341
-155
-4176
-3545
-2872
-4621
-9476
-1968
-6940
-4517
4991
-5852
2451
7325
4365
6486
-7224
4013
58
-5851
86
-8987
2425
9982
-3723
-1577
1489
9120
1264
-1899
9339
-4139
-7173
8591
6639
-6337
8944
-7864
-2092
-524
-8029
864
1344
-1030
7352
-4308
5467
9174
-5405
4016
-532
2342
-7529
5600
1368
1396
-9452
4919
2999
1848
-7690
6811
9533
-9266
9556
9436
-9875
6492
-4085
6887
826
-8812
-1601
5309
1980
-3926
486
-8015
-520
5087
8940
2953
-9569
8751
7623
810
-8977
6062
3015
9320
9835
5909
-9047
-869
6971
-5867
3593
-4201
1564
-659
-2067
-2530
-3088
-7730
-2995
-3061
423
861
818
3591
-7367
9545
959
8038
-8208
2902
1231
1282
-7247
1056
8270
4835
-1948
-1519
-8952
-187
-3693
-1560
-1487
-4155
-1390
-2010
6189
6473
1437
-3987
-8938
6352
-8783
-385
-3198
5645
4301
-8294
-5308
-6741
-2533
895
5140
-4740
3610
2301
-7463
-4191
-1243
8603
-9055
3291
6693
30
-5440
2262
-2818
-9793
-6239
4959
-2181
4829
3573
1460
2495
1474
-6070
-7654
1139
1765
-4527
-5613
-48
3561
2136
8794
-8228
-2155
146
4041
-293
-5309
-8619
2955
-6744
1448
-9381
-8754
-7718
8266
-7396
-4279
-7692
-7154
-5707
-547
-5404
9869
-2515
-7898
-8633
1339
-518
9684
-6212
-1639
-6461
8181
-2664
-1745
-9365
-2024
-8135
3362
-3308
-2110
776
6513
8310
-2714
2709
3032
2014
-9354
-325
4217
-9103
4905
-4103
-5389
8540
5361
-2733
-1198
-8988
-2073
-9661
-9496
-7369
-1069
6555
2271
-2062
2692
4988
-8463
3694
3551
-9851
6032
2968
8443
-4270
934
-9296
9984
-1480
-3679
1427
-9282
-8324
-2829
9593
3764
-8021
-1303
7961
-7805
-8452
9
219
3350
5310
3751
979
-8977
-7026
640
-7317
5545
4800
-44
-8638
-7729
5095
-8364
-4371
-7864
7333
-4212
3717
4007
2484
4637
9201
-817
-2087
-5505
-8520
-5006
-4881
-6984
-5235
-3286
4306
-7094
-51
-2679
6367
9706
-7447
8561
-7205
5867
5040
-8327
5748
6715
5668
4578
-6585
3454
-9931
9194
-8935
-5082
-1189
9942
3409
2835
8361
-4270
1374
9478
3147
6966
-6777
4002
429
9895
9778
1073
-2699
7273
-9063
-873
-8436
-832
-2897
1954
7701
4924
-5296
5636
8916
-1703
5091
-7494
846
5914
8432
-9483
-7181
-7610
207
-2521
7828
6684
4434
9091
311
-5966
-9103
-5774
-1936
-7197
-3151
7971
1652
4156
9377
-444
-6393
-9777
9357
59
7492
9012
766
-4816
1560
-5551
4591
-3625
-2889
-2167
-9217
3592
7295
1836
3653
3623
5719
-1392
-6938
1629
-7290
9409
-4794
2352
-6486
8870
2076
2695
-8446
6600
2774
466
-3454
7253
6245
6455
8418
-6707
-1400
6537
-4489
-9357
1137
-4575
5270
6256
-3727
6455
-3296
2670
-8493
488
157
-7955
-5938
-7004
8383
-5067
1227
-3808
-2527
1519
-8026
-1337
-776
113
7766
-3788
-7352
2990
10000
-2225
-7686
-2651
-5616
1794
5932
6507
-9703
-6992
-2203
-866
7832
-7844
1237
5496
4803
-5748
1018
-9917
6946
481
-6200
8512
-3782
-7144
3276
7285
6662
-7866
980
-8449
7440
-2351
-4583
3525
-8939
2872
-4281
-272
1848
4350
3785
-6203
9133
-8147
8135
-2273
377
9554
4923
6333
-4356
-6592
4821
-6570
-4266
-2912
-7081
-995
8072
5599
-3038
4849
-2344
-2100
6698
-8499
-263
7564
-6012
-1960
6104
-6446
4518
-1948
2259
-8863
-6045
749
2389
1323
-9448
-8248
-7922
-73
-2673
-7846
6391
758
-7781
9919
-2923
4445
9012
-5373
-5660
2091
638
-7888
-228
-3544
-7876
-8575
8704
2524
-6498
1252
-9670
-2465
3940
3630
-3673
587
2695
-9114
4007
-2308
-3234
-3341
3059
-9614
3763
-8362
4351
4581
-3430
907
4783
-1136
732
-736
8363
222
-5243
-226
9910
5504
-6243
8033
549
-3111
6327
-281
9794
7826
-9613
-3880
-1017
1760
4686
-371
1839
4597
3941
-3234
-9617
4716
-6928
2876
-5391
-2999
-4385
-1935
-6406
-7996
-3204
-5854
8672
-2351
1489
-8283
-5464
5421
5950
-7730
-3677
-4340
2433
-1279
-3989
-7290
7749
550
1191
-588
-4199
6639
-1811
-8462
5076
5424
5282
-6473
-1611
-3784
7402
-4910
2663
4515
2475
4748
9147
344
-8430
6812
-7620
-9557
-5844
-8241
6520
-9483
2615
-9437
590
-2427
-4078
5715
-9466
8559
-2041
8017
-5240
8945
-1229
5621
-2803
-8301
5350
-3250
4745
-956
8467
3442
-9342
-9511
-3697
-3667
-7155
-1717
2949
-2695
3558
1465
-4646
-2702
-7866
5346
-420
-586
3530
-8380
4399
-6892
4819
5596
780
-3062
5144
-7168
-8109
1780
-7783
8059
4920
9609
9254
-2251
-8783
1368
5184
-838
7578
-9048
2523
6112
-8907
2840
-2235
4098
8501
-6579
4772
4375
4423
-9726
-6967
9402
4211
-8147
-2731
-9014
7174
3197
-1888
9100
-7308
-9489
6772
-1719
-9474
-5560
-4165
666
2606
3804
-3469
-3654
-3767
-8419
5435
464
4952
6024
2065
-1173
-2805
-146
-9318
6150
-7634
-9665
-9373
4780
-2864
-9512
1669
5472
178
-5043
2889
-4824
8897
6948
-5052
-8798
126
-9909
-1251
-17
-5266
-2343
-5241
5186
1860
218
4790
-2599
-1255
-5425
-7196
-1339
-2215
1374
7859
3503
3644
9464
8436
-8966
-2672
8241
3104
-321
-4700
4422
-4536
1347
-2917
-9947
-6821
4213
7789
-4843
-9546
-2846
7149
2820
-3996
-7911
5869
4908
-5988
9597
9491
-3210
7269
-2369
3816
-2037
-9853
-2982
4104
8643
8505
1072
7086
5045
-7185
1923
9810
6241
-1751
-7835
-1823
1951
5281
-8326
-2116
-9454
1585
9226
-7764
890
-1263
5879
3180
8534
-8842
-7578
6268
-1417
1133
3566
-9355
-7864
-6220
2155
9251
-3549
5094
4502
5309
7070
-5015
-9027
-8879
8337
3922
8327
-4080
1696
-3336
418
8094
4029
6628
8329
-3317
-6158
-1139
269
-8158
-6937
4717
-1728
-41
-4097
1452
8059
-4220
2041
-902
-9200
7363
-3089
3733
-6901
-6029
6848
8743
-4265
9868
-3386
6625
5991
-802
-1317
6825
4612
7548
-6719
115
3597
-1437
-9124
-6305
-780
-286
5275
7557
-8072
9460
-3290
4167
-4846
2141
-6709
-9160
8156
-4155
9044
-4055
5930
5707
7774
1235
-9276
8695
9401
7262
7575
-1056
-8592
-3877
-3492
9173
-1857
8132
531
5440
-5385
4420
-7666
-9971
2156
1154
-4318
-8072
7277
9381
-2318
8233
2113
8227
4620
5635
-1914
304
4896
-7623
1023
-1256
9679
423
2160
-3233
-307
-4882
-2301
5867
-4518
-1483
1797
-7166
9294
4295
485
5619
-917
-334
-5037
4805
6396
6618
417
-3124
1623
7055
7311
4856
7581
1885
-9600
-6214
-2146
-3915
-9593
-5480
-563
-7341
8416
-9
3438
3945
4954
3393
5126
-6637
-7956
-7918
7729
7069
-9394
-6176
8776
31
3047
-9545
-7842
3439
-5984
-9400
-2218
2651
-724
4886
8017
-4643
-8565
1246
4436
6736
49
-4520
-4775
9332
1204
5519
-9643
-6366
49
4087
-19
5128
-1288
-6615
1043
9611
5145
-4674
-4715
9401
-7813
7013
-7351
1264
-8923
8444
4789
-3424
-8645
5375
-3453
9489
-8885
-5449
-2236
-9756
143
-1906
1224
-9275
914
475
3497
-6207
-2692
-5710
-7820
8489
3824
-4538
4845
-475
8830
-3615
2607
-9487
8882
6602
-2660
-3153
3980
4326
9144
-4652
-8172
4027
9023
6517
7519
858
-941
2115
1527
-9905
2576
6008
-4946
-3294
-5065
-5920
-8774
-2699
8864
-716
7417
-7219
-1077
6440
-9923
-111
-7943
2596
-9975
9887
3080
7677
-3278
7977
-5689
-7552
-1593
8263
8747
5531
3605
-4641
-6474
-9644
8919
-9595
4007
-800
8177
-1879
7550
4233
-2276
986
-4092
2137
-1329
5192
-8289
3529
2994
8748
3355
8204
5806
9977
4721
5739
-1159
-2438
9080
-5840
-5998
-8077
5051
8956
6879
9163
311
2950
-4039
-197
-8309
-474
-9381
-8043
-5553
8480
6952
-1953
-1964
-6016
-2411
-7070
-8090
-2469
7480
791
7085
5853
715
-6928
-9928
-8199
4972
8182
5352
123
-6395
-6389
6976
-7630
5078
232
409
-9716
4473
9458
8688
976
5769
-1251
-6925
3607
6251
-8608
7327
-9984
1635
-9618
9723
4410
-6276
-7532
-7416
4567
2619
696
5119
-2451
5172
628
194
9822
1895
-8566
-8374
3539
-2558
-9118
9356
5296
-9864
-822
320
1087
1600
-5732
2503
-3698
-666
-8066
3787
868
-3479
-2409
-8509
2571
-4210
-3041
-5603
-4681
547
-463
-8709
-5644
-3799
-4128
4814
-2286
-9039
-7279
2816
-5154
-1217
1276
3442
3047
2504
-7744
8434
9871
-8719
-6011
3262
-1222
-7062
-3837
1927
-7876
4518
-6398
1072
6295
1430
1022
-184
-5839
3513
-7800
-9290
-7014
-2501
5141
-6060
7900
8761
-1959
-4091
5746
5651
-5303
-4736
4436
-5799
7521
-9757
4432
6290
7624
-2097
-4937
-5218
-2191
-5239
4864
-4462
7892
4844
-5146
-2316
-5047
4191
-4265
-8862
1619
92
-6011
90
-5052
-2405
3561
-5613
9062
5816
-5300
2272
-1670
-8827
3257
9324
-7461
-6467
9895
242
8027
-7927
347
480
-6500
19
-7289
-5069
7065
7868
-7693
9071
-6808
3360
-2685
3086
-4737
1005
4796
8097
-6274
-8193
7360
-1123
-5659
181
9491
9155
-9104
6363
7304
-5102
-723
-3745
-8372
8526
4449
831
1966
1034
2260
-2675
2025
-759
-1517
-6056
-6285
-3391
-5319
-6749
7593
3000
5355
-6130
8073
7993
-8967
6534
-1592
-2468
-1109
8943
2453
9516
9040
-4085
-4264
-4681
-1562
-4038
-6137
8117
3317
-3939
184
3166
-5205
7701
9244
3360
6598
1562
-1239
37
3176
6938
5351
-9459
-6795
5460
8067
4946
-7708
-8445
2082
6302
-3437
-7770
8045
-5678
1017
-5765
-3607
3381
-8778
8418
-6904
2181
2121
4035
-7843
863
5379
-5415
-8016
5884
9089
3257
9518
7295
-9260
1945
4996
5602
8980
-2250
3413
1793
2400
7930
-9415
-6207
-973
9044
6079
-1194
3670
-5611
1948
-379
6688
-9992
-4033
7737
5125
8473
-5349
2752
-239
-7
6319
-4808
9853
-7178
-3793
-9212
8667
-485
-5837
7693
822
-7559
-1354
-6452
-159
3445
-7894
5459
1361
1372
9703
1759
3076
-1677
-3809
-7161
941
3648
9523
-4476
-9995
1683
7388
-3528
1689
7480
9525
2104
-8549
8331
-9892
-1588
-3187
-1787
1010
3879
3660
5841
-6428
-8621
895
-7665
7295
6722
793
-9497
8434
-5352
9605
1734
-2862
5611
8785
-4453
-79
6493
6938
1035
4246
-1869
6860
-1816
5707
-1797
5491
5575
4474
5963
-8683
-8821
-485
-6317
2602
-6743
2161
-4965
-4939
7435
-1827
-752
8254
-4800
1656
-4181
9783
-8080
-4439
-1627
8042
463
1364
-9744
-1512
5460
-2776
-7253
-762
8128
2417
-8052
9390
-3203
-1613
8026
8974
-7643
-3255
-2676
-8643
-8259
-8782
-4065
833
2241
-1722
-9965
-8645
6445
-4470
-6390
-9354
4998
605
9554
-2926
-9227
3427
8499
1198
8719
-9541
-8621
2896
2087
8625
-2427
-1542
-8304
5895
6346
7645
-1754
9408
3055
-2905
8434
4590
-2351
4326
507
9923
2937
-8302
-9110
-728
1684
-9536
-744
-1395
9404
-4554
4349
-5764
-8085
-961
-151
3315
-5701
-6891
3905
505
-437
5510
-9154
-1317
-9262
-6875
-6824
-3945
8321
5352
-8579
4962
-9052
1184
9060
-8297
1748
-3489
-7981
4973
-5354
-1068
-1634
-3473
5675
-495
-1249
-7163
-2182
9681
-4836
7546
-5433
6450
3606
-5981
3712
9214
4933
-5830
1584
-9435
-5749
-468
-2710
-1171
3862
-4087
5640
-6601
-8851
-2614
-702
-3240
-4021
-1914
3518
8290
6933
5919
-5217
-9977
358
7589
-3662
3466
9464
-163
-7101
6094
-9406
5024
9905
-39
2826
-5896
3626
105
5775
8019
9515
-8752
6165
9426
9479
-4600
-1209
-6456
8336
-9713
8616
6730
7256
9218
-6027
-9976
3067
7242
-3988
2262
-5181
3443
564
452
-2712
6775
-4407
-284
8259
-1245
5519
7186
-2803
-8016
2399
5410
3739
1639
3900
-2620
-2851
1763
3976
7777
3707
7298
5309
9839
6510
5748
6897
9116
5631
-5405
-8152
-5601
1190
411
5106
-1960
7701
-8176
-3153
4559
-705
7722
-2231
8156
-1948
5889
4867
9355
-7833
3277
91
2545
845
5037
-9541
7678
-1628
-9331
-7334
2025
-9158
8765
-8186
7725
1924
-3884
9903
5551
-4294
-3119
-4350
-7762
-9610
5748
661
6468
-2724
248
8946
1525
-586
-7619
-3835
-9585
2397
-8756
2199
8229
8722
2051
-2867
-656
946
-604
9592
-6692
1175
-9376
954
-8404
-3436
-120
4261
5276
-7671
6800
9350
-8537
-6968
3573
-937
-5728
5518
-7137
3355
-4861
7278
-1298
8266
-6426
-6586
5981
3933
2330
-2735
-622
-1613
5797
-252
-4287
5436
6449
-3480
7453
-7675
5578
-5301
-6600
4985
9372
-2616
-4325
-9746
-725
3302
-2637
818
1261
8288
-4530
4227
7880
-5899
-7176
7485
2421
-8882
-8517
8783
-977
-1962
7925
-569
-9880
-4244
5829
832
-6835
7879
-3865
-4060
-5314
3031
6294
-2783
-5286
3731
-1458
-9897
-402
762
3670
-5273
-386
852
8154
-5635
2733
-9884
8196
1109
1650
-9665
-6375
9422
1073
-8379
-8661
-3162
-5603
6605
9057
-1938
3630
-3801
9168
8611
5608
-8152
1209
934
5215
3100
-3608
1281
2111
4459
-6294
5281
7647
-1738
8249
-6134
-6346
845
5716
7627
-6879
-8609
6294
5863
-7336
-8504
-3705
-7902
-2098
-3053
3516
7649
9840
7606
6014
-1750
-9935
3663
-18
1219
6325
1451
979
4016
-888
-977
2854
4556
-1143
-3865
-5931
8131
-5664
-2065
1774
-900
-3380
2011
8155
4403
-499
-2506
2103
2676
-8864
-7095
-5376
6092
-7431
8496
5173
-6759
1694
-8377
-2548
3822
9156
7633
-8234
-2329
-1789
-3990
6716
-3463
-548
4211
-7090
8303
8184
2277
5591
-8508
4290
174
1251
-5022
3065
-9226
8644
-9243
-7851
-1180
5113
-8397
-7869
982
-7816
-5461
-8200
6858
-2746
-3000
-3913
1524
1081
-4842
7504
-794
-2303
2292
4893
-9635
4884
2128
3647
-9492
4207
-8341
-8322
5574
7289
-4103
5175
-6107
-9649
4788
2193
3161
5689
-9197
-7102
9227
-3342
3411
349
-4855
5970
-3354
-9703
8548
5175
-206
6817
1189
3175
-1887
-5206
1192
9513
-8514
9667
9786
4
-7774
1023
2487
4473
5884
-8799
6522
1691
-3661
-9145
5813
1854
-5155
-4489
5711
8831
35
6070
-1855
-7994
-8175
9321
-6026
2359
-3988
8739
3013
-7272
5262
-5956
-2131
-7911
-3223
-4099
4149
2473
2776
9369
1945
6112
1889
8656
3661
-3609
-3213
-8983
-9253
-3255
-1126
228
-4970
-2419
6545
1939
452
-5161
-4653
8421
-2328
-4005
2307
6363
293
1885
-6401
-7157
-1080
5539
-4425
5828
-7495
2317
-471
9306
7908
-3382
3910
9071
5226
5296
1368
-7747
9869
-2483
3580
1488
2380
-6733
1891
-3148
9515
1167
-3321
7601
1097
-1581
-8549
8941
-3343
-6943
2580
-5143
-3092
-5260
9820
-8689
1681
7635
6814
4468
9510
-8068
3639
-8484
-905
1065
616
3911
-2906
379
3481
8176
1321
-5334
2586
-7846
6182
4079
4745
-676
-8655
2773
-9017
2325
-1051
6327
-7578
3222
9489
2810
4019
-7028
-6479
5960
3941
929
2520
-4381
7969
1297
1804
4197
-127
-919
7464
-6319
-6669
7465
-2780
4990
3132
-9558
4068
-4582
-4435
5686
96
-4551
-5448
-2833
-8835
-4004
9833
1824
8678
-4791
4865
323
-9273
-7086
-3731
1664
2285
-8966
-2965
-6735
7114
466
6759
9955
-480
5716
402
1380
-2691
402
5782
2579
9168
-4612
2639
2614
1068
-6688
5372
1365
-8174
-6434
-3269
-5414
-4968
-2395
972
5730
2190
4810
4535
-4039
179
358
6653
-4353
-9988
-6068
-2496
7431
-2307
-3668
-5725
8119
9000
-8581
-9720
-4949
652
-5607
-6560
5442
7158
-528
2328
-3677
-846
4461
-7103
-6954
4664
5561
8215
-4004
5298
-6978
-514
-787
3096
-2714
8553
3125
-5451
-6531
5569
5017
6364
-6967
3542
-1495
8388
2835
2585
-5986
1685
-6271
-2044
5230
-4527
811
6589
-2434
4899
-1618
3779
-2862
-589
7056
-9153
5341
5194
-7020
-7549
5142
9363
-855
-6262
8591
-2490
546
7265
9816
7612
8157
2170
-7677
3063
-355
2051
-1905
-222
4831
-5756
-982
-8783
-3188
7843
1043
-3981
3066
-3626
-3941
-6192
-9538
6197
8458
3784
-4485
3474
3205
-6384
9938
-5291
470
-7569
-2204
5733
-5956
3806
7595
2937
-7472
4268
-8190
-1523
-2947
4294
-1843
-3891
7140
1196
5720
-9555
-1845
2633
-3529
4126
-7386
3972
9803
3431
2926
-9218
-5791
-7685
-5443
-896
-1140
6050
2034
6978
-9042
-2864
-1605
-8974
8576
-3992
8515
-8781
1335
8501
-2222
2416
-5711
-4209
9492
-4570
8785
4539
7297
5382
-9514
-9709
-4517
-7362
-1152
4932
4174
6427
9399
-8624
8339
-6837
-2559
-9629
-9072
5010
-5451
7806
9482
-1330
-8355
-743
9395
6346
3111
-3017
7967
6647
4206
-3338
4959
-1524
-9854
918
-3381
-7254
2915
6984
2484
-83
9827
-2034
-806
-5422
-6143
-8279
-291
1706
-4366
-9333
8460
6005
-7896
-432
-1270
2614
8576
5021
-9232
-7503
1315
8420
-1076
7398
-5315
870
8255
-9230
184
6196
-7134
-4521
-7393
-8594
9802
-1985
7270
-3465
-6791
-6087
2869
6071
-782
-530
-2576
-7924
485
8093
-636
-9624
-4489
-3553
3605
1113
-9196
-4694
1452
2778
4659
9958
1947
8777
-165
-3435
9868
5502
4372
-2239
-6024
-476
-2401
-2269
498
3762
-4100
-7239
1757
1891
-340
-3010
5704
6231
6905
-8072
5738
9843
7775
1498
8115
-1844
4107
-829
1817
-6796
5476
7375
-5403
4260
6606
-3998
-3990
-5389
-6866
-1032
6971
3238
-6657
-8831
8425
194
158
-8733
8216
-9810
-5981
722
1793
-7877
-1232
-4088
-4134
1415
-480
6996
8637
3896
5246
-4099
2437
-9707
2964
8461
4340
-5090
-9823
6921
-3580
-7608
-7343
6250
-7439
8221
-4585
-9269
-7648
827
398
-3879
-667
4528
-4877
7565
9813
8999
-5497
3464
-7438
5934
7567
5196
-5172
-2603
1386
-925
8045
-8153
819
-7230
-6966
-4966
-3431
-34
-5870
5054
3095
-2591
1835
-2627
-8711
-327
-3803
5500
-1627
-4161
3918
3106
-3719
-6925
4822
-6462
1390
6115
-2605
958
-5744
1910
197
-1679
2369
-6919
-8124
-2695
4523
3728
-3351
1344
-2815
-8456
-1917
2128
-6661
7282
163
-5117
-6594
6290
7142
1951
-8004
8528
-4990
-5863
1705
7769
-7169
4628
-4614
-4220
1787
2256
5338
1106
1010
4625
536
2205
949
3071
6150
-3727
718
1008
-6796
-4156
7873
7805
1586
-10
-3063
8202
2863
-2451
8612
-5356
-1384
8975
3039
-5026
5467
-3189
-4787
-7164
-553
7132
-1869
1034
906
-7577
-4361
-8144
1938
2292
8580
7503
37
-9422
-2250
-6103
658
710
9154
3556
-2901
5450
-6192
-1571
-3426
-8732
8178
-4146
7088
5727
-5746
-7103
-5164
3244
-7021
-4765
-5878
9244
710
9348
-9399
-4792
5908
7176
-3016
4130
4189
-7312
688
8084
-3408
-8183
4599
3335
-4217
-9773
3088
-4798
-9971
5355
-4358
-6425
3324
8752
