11460
7017
8466
2863
1863
-6196
1142
-8772
2947
-552
3493
545
4235
-5648
7758
-1453
3122
5779
2135
5427
-3857
5689
9175
-7777
6419
9840
-1223
-9628
-3811
6550
9094
5029
-2174
5907
-2227
7346
7034
371
3561
1375
-6746
5983
-9343
-2708
2378
-775
2428
-220
-9630
4913
687
2407
359
5664
919
9731
-765
-1040
9225
-2589
-8286
-7708
-483
9746
2929
5641
9451
-8915
2812
-3239
-5800
699
5775
908
-6498
-782
5052
-9133
-2159
8700
2176
2251
-2011
-8752
-4418
-6047
-6117
-957
-1886
8573
895
-5517
7743
-5975
-4684
-2598
9813
-8155
-6616
8829
7886
-5999
-7215
8387
543
-8879
-5772
730
-4476
2247
7257
-4800
2335
-8123
7941
4628
-4113
1395
3336
-373
5626
-1450
163
3136
-4070
-2863
-2993
4600
2641
1967
9624
2122
1897
2636
3494
7408
-8642
-998
-137
-7371
-1420
-2977
-2113
-4493
5216
1610
6226
4709
793
7897
-8191
-7096
-1616
3218
-8193
7025
-2477
2768
4799
8449
-5365
5232
-5164
4270
4666
5518
2162
6514
5622
-1035
-6915
9157
7610
8039
-1687
235
-1696
948
-8000
5795
4776
-4221
-8260
-7202
-8713
351
-787
1973
-3294
5566
-1859
5789
2171
-5952
6655
6504
5364
739
-1975
3806
6488
-7517
-3197
1994
-1983
-5147
4552
-3510
3182
-1959
3478
2434
7524
7860
2999
-4234
8712
-1324
-3742
-5904
-9653
5704
-8690
-9460
6493
8202
3675
-7955
-7186
1999
-479
7550
5941
-6503
4619
6075
1776
2793
-220
8211
436
2665
9936
-2809
9636
6763
2140
-6131
741
-4001
-977
-6675
6868
-5838
7428
3065
-1546
2250
5100
4834
6137
2281
-3932
-1532
-7024
9831
-6514
-720
9769
-5489
352
5316
8961
8982
3068
4727
3478
3364
-2256
1116
5452
-4380
-5250
8667
7811
7361
7856
-1738
-3934
-2400
3621
-303
-1971
-8128
-6993
-1832
4031
-6031
6826
1995
-6714
-2415
-5390
-8303
7049
-1126
-8512
1025
4887
6231
548
5114
-5375
5825
-3850
-2627
-9766
-9611
-9126
1849
5384
5966
-2798
4468
-643
2229
-6296
8375
9949
1100
5709
2966
9179
-2534
6509
8881
1779
9581
-5264
-7053
-6975
-641
4556
-4819
-6685
3063
7450
213
1615
-4414
7686
-4925
-1849
8264
-5189
-1356
-9342
2930
-9650
1152
-1319
6927
4527
7657
-9987
341
-7669
397
-5288
2385
6927
1673
-5959
8566
1650
-4649
-1271
-5108
-2228
3494
5949
-4865
-1407
5527
725
5002
-1684
-5441
4834
-4337
-370
-9917
1891
4124
-248
-8635
-4206
3863
7490
8454
-187
-8768
7691
-1673
-2753
6150
-4866
-8468
-9084
4920
-3089
-8643
7494
6297
-9023
-2406
2222
7492
1012
5463
3829
-1763
-1036
8301
177
-8345
3606
-5387
-5983
-7903
-3838
8174
9583
4748
-3243
7458
5975
5231
9122
9610
6165
-581
3254
-2087
-7654
-5594
9872
3555
-3902
5103
1962
2477
925
-279
-9487
-9923
-9395
3068
367
7254
-9664
9698
7012
4827
-7706
1514
2233
5951
-7997
-9769
9321
-5507
-3562
-1757
9351
2306
6999
-5455
-6707
1680
-8094
514
6627
63
2908
-6755
4871
8028
-6583
4970
-6183
-2973
-1206
-4756
-5714
-1917
26
5728
379
-8276
-1669
7261
-8377
-9468
-168
7677
9249
-5540
-3210
-4191
-9810
6123
-4784
-586
-1798
6576
5369
5651
-6038
4719
3696
7095
-2054
-9558
-9612
832
1321
8166
5415
-2460
-9453
6926
-773
7303
7767
9585
8950
-1278
7417
6872
7987
2440
-9916
3791
7557
-5140
-6882
1901
7038
-8327
-3873
8523
-6315
-273
6184
-7106
-8451
6035
-1772
-7605
-7108
8077
8400
-1682
1288
6071
7598
2933
8762
-8828
-2215
2958
878
5038
-9838
-7297
7718
-4978
7303
-1055
812
-6501
3397
5096
254
-6762
-8389
-3897
-9654
-7757
-8690
-3836
-2774
2619
7602
-9874
3310
-164
-5475
7791
7150
-9189
-9673
4441
1957
-7210
6419
-6873
8634
5809
-8083
4767
9656
-2731
3167
5034
-3964
6319
-5683
1796
-3548
8943
-3580
-6666
-532
4958
-9339
4146
8
2918
4590
-7707
-9686
8280
-2385
2224
8189
-7370
9665
-2176
-9908
-5169
-5764
-6946
5571
-6189
4098
8143
-6157
-1317
6184
-6990
-6844
1424
7445
-6726
-9291
4567
5394
6510
2078
-4286
5553
4023
-3648
2386
4365
-7371
5021
-2998
419
-4787
-2884
2275
-4166
9755
-6690
-2397
-1486
-5683
6048
9133
-6686
1721
-8032
7953
-8154
-6478
-333
-6398
-4818
8378
-5670
-7786
-3409
7544
5897
7107
-7286
-9915
7847
-8684
-2799
-5577
-4301
4278
2595
-1052
5335
3922
8189
3723
1508
-6040
-6792
-9948
2851
3456
-6933
2743
-4908
-4172
109
-5292
4199
-7566
6996
-5186
5890
-8204
7736
-7794
-9784
-325
-1006
2898
8229
-5270
-3900
3446
6714
-5953
-4534
-3817
-5974
1439
-886
-1464
3489
2767
-241
-7753
-942
1264
-2582
-7700
-8433
500
-4972
-7304
-4557
2522
8816
7896
7517
529
-7245
6693
6934
7604
-8315
1745
1805
-2614
-211
9069
8814
-4391
7859
-3356
7285
-5979
-8651
560
3816
7392
2863
-7505
9698
888
7870
-1524
-7136
-7739
-4459
1573
2962
4440
-8403
-7939
-6725
6257
-5375
-3468
5566
-1898
-6258
-6894
-6193
4052
-6386
497
9290
-4620
4203
-2463
5192
8458
1126
5474
9427
-1779
-5160
-9453
6304
-7449
3117
-2091
2580
-1526
-2729
6473
-4818
-5630
7601
-9943
-8846
-6891
4360
-5848
-4571
7434
7871
-1377
7181
8433
-6118
-7602
2572
-3176
7505
-2045
5169
-2080
-6336
3842
-3475
7825
169
3592
-3628
9517
-1577
-6798
-8099
-9757
-8815
4027
5658
-6085
-3372
-1808
-7366
556
4429
-190
1501
-9368
-7856
3414
9461
-2432
8448
6995
8824
-4016
-4091
-1482
-7173
-8610
9404
-3722
3059
-5171
191
984
-972
-9782
-9443
4673
-5774
861
-502
-6228
-8148
-6224
7343
-2196
7337
-3824
-4785
4918
197
4270
2508
-8819
4912
6315
-3444
-3378
1971
225
6032
-358
5343
-1920
-3102
3705
7225
-6576
328
8420
8094
-4993
-4957
-6279
7973
275
-5618
-5085
8715
-150
-8766
1716
6911
509
-3287
5039
9691
-3060
7873
4705
-3804
-9992
9111
-3069
-8056
4790
-7258
-7869
5701
-1485
6195
-5141
5517
9585
-5086
-1642
-359
-8853
9594
-9121
1696
-724
-7351
-3802
580
73
-6372
6820
1845
6513
1667
2730
-9239
-1068
564
-1900
-7797
7799
-2802
-8162
-9271
5244
-4353
5475
-3983
-2133
-4090
-5859
-1693
4290
-1536
-5905
7369
2826
-1811
3920
-9070
5154
1482
-1159
-7045
-8277
-4247
3978
1502
2313
-1402
8643
5232
-6681
-3540
963
9064
-8952
9793
-3445
-3929
8288
-1564
1698
2584
1308
-3699
-1803
1146
6088
187
3843
-6583
-2424
-1594
-8061
-8915
-28
-5473
-2762
6106
1713
-9557
-7828
8919
-2876
2286
-9954
-8511
5570
-9752
1616
5000
6649
-9290
9387
-7693
-591
6615
5937
190
-5430
1440
7550
-1957
7123
2021
-4020
-3594
-9009
4615
3185
3485
6723
-428
7467
8276
7717
6280
-95
-4453
-5150
652
-2212
3857
-42
1985
-4495
9438
1515
6722
-1589
-6211
4817
-48
-7734
5418
2732
8405
-1853
3335
8385
-7331
-2320
9884
-1373
7264
948
-6344
-5924
-408
-2445
6891
3204
1
8518
-2874
-9118
8919
9835
-8081
4150
3457
-6602
-9319
3098
-6788
-9757
-5402
-4922
4188
6087
5535
-7735
3652
-48
3632
7242
9120
-5413
-3127
-3541
-6262
-750
-9014
2767
-2952
2418
-4330
-7851
-4558
362
-9948
-1071
1811
-833
458
-721
-7729
-8598
-9092
-5829
-9516
4487
5876
948
-1576
-8566
-8306
-594
-6155
-5774
-5461
8966
-6186
5752
3510
-5388
913
-611
2964
-8985
-6700
6944
-921
-555
1247
-7483
7117
1932
9293
-9077
3685
5288
2794
8928
-5781
-4835
-4671
-629
-7668
-4852
-2151
4798
3813
5751
8375
2065
6735
-8917
2606
8996
-5031
-7073
8952
-3373
9317
-5743
-3479
-5852
6222
-8449
8015
-140
2591
-2630
-8772
9635
-3420
-512
-8616
9527
350
8807
9396
3325
418
-6911
-5518
2300
-9651
-4727
-3601
-2937
-9183
-4842
-7582
5793
-3156
808
4845
-9632
1714
-5214
-2361
-204
-4492
-7582
9319
-6179
-8197
3201
7275
-3756
-9709
-6505
5369
4407
654
-8852
-9572
3835
4818
-7830
-6658
4962
1305
-7942
-4324
-432
-8605
-7371
37
4304
7912
8974
-2660
9663
-1584
9859
8166
9483
-2020
-2255
4261
9312
2487
-681
-4583
-523
-8762
2261
9884
-9016
-2205
9342
-1479
8400
1306
-1305
2503
5138
-6081
8280
-6124
-155
-9117
-7074
6639
3567
5999
9049
8737
4669
8485
-9522
7994
-9311
-7319
9119
5055
3253
4513
-7322
2827
-6180
-1434
-6936
1345
4861
-4783
-9832
-5760
777
5454
4036
5507
-4548
-1757
3658
5649
9478
8504
-9073
573
-2906
8645
-8785
4569
4336
-6588
-5209
5691
-6092
-2026
3204
-6178
-2954
803
-9838
8811
1327
-5493
-9824
4931
644
-9413
4790
588
8358
5663
3284
-6006
1578
-4870
511
-4144
4916
7209
4675
7458
4353
-6569
2115
-1946
-7679
-8003
7110
-7539
5256
3236
3218
-8077
5109
-2022
9481
-4324
9962
-4541
-3278
-7672
-82
-1961
-5259
-430
9979
-2723
-5280
7323
6255
7378
-5564
-8827
-8594
2999
8187
849
7633
2707
-6643
-6078
-9083
-1715
5228
1796
3635
-6861
1294
1283
7919
-6749
6290
-4169
3489
2182
-8014
-9900
6042
1664
5623
5866
-522
-1173
-1677
-5436
3943
-13
3186
4860
-3928
2506
9201
3340
2424
6423
8281
-9420
6637
3298
3452
-5319
9216
-7437
1935
-3281
6662
-5045
8927
-8542
5761
-2965
8747
-6483
-8787
-6650
-7428
-8999
-7172
-9009
2377
-2591
191
7131
8729
8463
-3038
-6897
3965
-3590
-4566
9283
-3482
8935
1090
-2225
-7063
-3321
-2694
-8092
3726
-9002
5989
-493
8169
5331
-2499
9931
-2880
2238
-3410
-3195
-463
-1636
-8845
-4180
2981
782
4597
-1217
7775
3523
-6228
6222
6435
-4069
-1393
-1150
-4783
87
3171
2238
-5521
2518
5380
-3641
-491
-5727
285
-6887
-3847
-9031
-3956
-8335
3359
6723
3548
3068
3108
-3081
6623
-4918
-3902
-8671
-4273
-5014
-1856
-1878
-6691
-4717
-2497
2162
-476
9462
9888
651
6366
5869
2827
-6101
6905
863
-1416
4435
-1732
2951
2738
5847
8663
-674
-4431
-478
-5692
2658
-5355
9598
5386
9740
6118
8621
-6977
-91
-5592
-827
9306
96
-8624
-6548
-6473
-8315
4953
-9
-5472
-9375
4897
-458
3894
-5965
-3712
-5378
6386
1930
-5154
8899
-4542
8713
-994
-995
7674
-1468
3848
-5786
-9215
8445
3970
-676
-8702
-3778
478
-123
1847
9594
-5968
8086
3303
5103
-707
-5281
-117
9543
-6936
3097
97
6479
-5347
-4625
4698
6512
-6835
8790
1034
2858
9831
-573
7679
-2964
9205
2834
-7065
-9929
-5625
1290
4522
8879
-8347
-3839
-670
-4649
467
-7165
1036
7621
-7865
-2997
-9098
3610
9539
2009
6459
1585
4065
-1915
-2964
-8277
9368
9624
-7077
-2955
6419
-6274
6450
-8892
7557
4872
-1052
-598
9859
1517
-9985
3570
-7398
2787
-723
8809
6410
-1072
9720
6377
-4662
-3861
-3169
1754
-2371
6426
-8893
4286
5010
6975
2408
8972
152
9270
-598
-147
-3826
-5937
362
-3902
7063
-5728
-7468
2720
-2986
8738
3937
6204
-6179
-6915
1500
1216
7521
3677
5111
1079
-586
7753
-7479
-9057
4151
-6403
1457
5939
-4845
-5075
-996
-1120
-5421
-6280
-4987
-5467
7368
-3275
2430
6510
6625
-7301
-7574
7561
-3716
-632
-6287
431
-8728
-6980
3314
-3635
634
-7033
7109
2547
1008
-4231
1537
-7693
8484
5785
3723
-166
-417
-2797
3612
-9730
-17
-7330
-4484
-4482
-7893
-4753
-9216
-4749
-6763
1789
8175
-930
-1530
-8140
1995
-3984
7720
6165
289
7503
-2910
5498
3182
3808
772
-1383
-5704
-8660
-6836
3166
-2322
308
-2914
5627
7923
6868
-1866
-5905
9462
-5166
-6470
-8729
1411
2656
-8082
-2861
8564
-4294
4614
-5583
-4694
-2748
-1682
-1733
-8716
7347
1522
8839
-9900
5788
-7006
8383
2724
-5445
-6134
9914
9516
5082
-8016
-7509
8885
-9318
-6168
601
4589
-559
7782
3475
-7752
-9578
8682
-8044
-8415
-3174
9811
-1629
-5091
-2427
7423
-6054
-4773
-296
-1969
-7103
-999
408
2048
9569
2783
-4199
-9559
-4541
-7801
-3165
-2703
5900
6555
9735
-5703
5396
-878
5014
-6314
-2120
-2836
4404
-6783
8047
8201
-8177
7227
-8668
4020
6825
-1531
2969
-2776
-9951
961
-5136
8386
-6065
-8529
9221
-951
8990
-5942
4881
6093
2627
-9198
-6836
-5991
-2684
5048
-4383
-7348
-9807
-5908
-4137
5923
-3743
8978
-5521
-4620
9774
-216
-7559
-2159
709
585
8013
425
804
5615
9115
2011
-6552
-2781
-4883
3464
6180
9927
4411
-5747
1962
-6770
2197
3044
4279
-3017
7635
3906
602
-1851
5639
133
8295
-6767
-7578
-821
-6208
4589
-9576
-298
7730
-4325
-4821
3755
-4540
-9434
8932
-7876
-4773
8613
-6964
-4977
7154
2854
3111
-7582
-2444
-9670
527
-2736
-5190
-528
8252
8564
6768
-3031
-7469
-7299
5839
-7086
2772
6433
-850
6214
-1998
-27
5644
-2518
-8894
-2637
-5841
1795
559
-7999
677
6617
-2310
-9424
6378
6310
-9354
7467
-1181
-7251
870
7585
-9186
-2318
5287
-2152
-7706
-9586
-1205
5856
-1475
1148
-2267
5831
-2878
-8968
-3531
-5737
8916
-1987
-1983
5031
-2131
-3252
2724
-2647
-8715
-4508
-4140
8132
-1690
2722
-2564
7820
7662
8861
4474
-3085
4203
9493
451
-7906
-3548
892
-1720
-9387
2313
-374
3283
-9311
1639
-2114
-5992
-7802
3218
3290
3647
5944
7673
-6297
-6855
2582
-5284
1789
-3630
-8714
-3118
8106
6656
-8832
-9081
-4677
-3745
-7746
7576
-9839
-1156
6552
8376
5492
2530
-450
-3434
363
-7611
-6880
9228
-1473
-2505
2061
4029
-427
-4247
-9914
9044
1421
-1564
8414
-1620
-4038
-4485
4703
2931
-6021
-2757
8709
-4880
7180
-1182
345
-3106
-9463
5054
259
-7617
-6707
-1175
-3846
6361
24
-568
-7420
8386
-6411
-4365
6060
-2136
9487
-2110
6669
4583
7095
2300
2404
-8244
4291
-2781
2324
7499
-5429
-579
-6821
1042
-7269
-1954
-6262
-8717
-6405
3525
-1551
6884
7073
7439
2842
2574
-5095
2257
-9001
5859
1193
7257
-1390
6946
3327
9178
-989
-4470
-4318
2147
-1157
-7920
-3331
8769
-4343
3521
747
-9851
264
-3942
3326
-5799
-7476
-9537
683
1946
-2749
-6071
-8219
-983
9418
4325
-6317
1084
2277
-157
-8227
-7113
-4333
-3031
-1437
-7743
9949
-3301
2379
361
-2650
2349
8263
8883
-7144
-5125
-6851
4769
3473
-3697
-3242
3318
-3789
5295
-8366
9447
-7469
-6232
-9684
483
6830
-3032
-3390
2830
-8582
6073
6954
-8893
-2746
-1386
-4837
-6778
-6937
7746
-9704
9016
-9773
-5248
-729
7200
493
-7735
-2679
-3348
1017
-981
9010
5747
-9229
5055
5812
418
3847
1104
1359
-462
-741
402
9886
9346
3259
8547
-3870
-2811
-5211
5562
9437
4515
-4228
-3086
5107
-8732
2291
-7313
4887
-6229
-4750
9786
-2568
-8928
-5935
-3376
-646
5161
3695
-8492
1368
2049
9803
-114
9769
-186
1718
8679
-9900
-9101
6111
-3719
-4190
898
8644
-4156
-593
7599
7486
6683
8197
-2812
5725
-966
-8813
-5996
5773
2895
6718
-2886
-7962
-6349
-9481
8369
-9312
3254
-4971
-579
-9450
-8212
7393
-5561
-6310
6037
3284
3625
6680
9593
-2482
-4946
-6042
8890
7217
5922
9664
-5218
-9179
6187
2990
-4658
9071
7540
2132
-2504
5922
4962
-8120
-7673
7104
-3086
8593
5838
1593
3196
9698
8517
-5946
9717
5692
7952
9323
5557
3827
-2802
-584
-7027
-8004
-816
-1581
7715
-1720
-8116
9460
3498
-7985
6015
6969
-7125
-3392
7079
3247
-2876
-5616
2105
8227
8721
805
3853
-1670
-8261
-7950
-8382
9738
4369
2747
7184
2743
8241
9895
2570
-1090
-9045
5960
7833
-8935
-2264
-1567
-4588
-7857
-204
2634
-8642
-9781
-1919
-5483
1311
-4627
-8272
7410
3052
5429
-8106
-4824
-168
-5144
2576
271
-4901
5054
-1778
-1808
-4873
2824
-5476
-2577
1355
-407
1937
9967
8614
8481
2393
666
2518
-3524
-6459
7852
-4760
-9255
5992
6921
-8627
8618
238
-971
5074
-9509
3884
1471
-6449
-7338
3981
3444
2734
-3884
8591
8452
7951
-38
3400
7674
9798
-1575
-9203
4222
-3884
-8940
5301
-8994
2984
-1952
9577
-5860
6709
211
-5002
1207
-969
-522
-74
4730
-1818
-7871
-4339
-7245
-5548
5920
-6868
7229
-571
6869
9977
2925
8913
-5679
-9765
-5821
4228
-1254
-6444
-779
-2921
7931
-9303
-8282
8968
-650
9589
4134
3
-5727
-2063
-6426
-2274
-2731
-6281
-4021
-5832
2211
8812
1786
-5844
-8754
-3871
-5332
-2499
2467
-1823
7436
4234
-2895
-9087
8181
-5235
1636
-7369
-4478
-9918
-141
2050
9012
-6993
9896
4616
-3171
-1468
2356
-2628
9709
-4944
3168
-1217
-6413
7510
8678
-9762
5092
-1590
8502
7
-1575
9763
-8566
3972
6548
-5398
-2654
-8494
4073
3971
-6576
-4775
-8023
-6391
-5585
6266
2474
-9814
-8147
9011
785
-4837
5397
-781
8315
3766
2816
-5129
-440
-4888
-6691
2452
7414
6647
560
8527
7434
-2208
1525
-5513
9012
-1765
-5480
9325
-1658
6068
-260
-615
-5747
5306
-5899
-1918
6459
-517
-2138
-9954
-9923
-8008
-6067
7527
-7395
3536
6424
4596
8081
-9183
940
-4218
8291
-7006
-6881
2496
-7595
-9774
1517
5283
5878
8463
-8117
-564
-657
466
-7503
-2205
542
96
9308
837
-3950
-7383
4739
6350
1832
6620
-5081
-7830
2979
52
1079
-8163
-8870
-6737
7969
9246
2708
-4005
2374
-9271
-1187
-1182
8119
-1185
3511
-2921
756
-9974
1011
38
4845
-3154
-6765
-6561
3620
-5435
-5255
-7212
2807
-9451
-2148
3611
-6781
745
1459
7458
4686
-3002
199
-693
-662
8233
-245
3720
674
9069
8972
-4736
1410
2618
-375
4875
-1195
4884
-8810
-4336
1449
4174
9533
-5742
-1454
-1572
1394
6256
7164
-1066
-6055
-103
-2380
-1884
343
-6925
1218
736
-2750
-3960
2159
-9734
7506
8537
-246
-5738
-8796
-6608
5463
9376
6069
8860
373
6825
7119
-1531
1016
-1611
9624
8240
-1439
2611
366
-703
650
-5063
-3046
-9170
-7076
6432
-8480
5358
2953
4726
-2477
-6950
-1126
6623
9203
-777
-4763
-179
-8399
1232
-7894
75
-9012
2414
-1584
1665
9060
6960
-5030
26
2387
-1791
7583
2071
5096
6450
-6226
1313
2475
2984
-6652
748
3607
-8272
6791
9835
-2870
8555
9738
-4951
2093
2930
9756
5383
9899
7470
-8585
1768
-1516
-5300
-3099
4643
-8330
3048
1781
238
-3240
-9161
2046
-307
9793
5960
7331
7086
-2611
2696
-2072
-2556
-616
-5164
7257
-8239
3870
6149
8167
-346
-5128
-503
-1543
8266
3566
9061
-4833
-7688
-1482
-4914
-7772
-6750
-6645
-3009
-4049
7425
6875
667
2023
-2874
4632
6888
-889
2204
-6850
1274
-4315
4461
36
5452
6397
9938
-8143
395
2823
608
2241
-344
-5533
-8293
2832
5976
-19
-7318
5504
-1456
-9837
2843
-7776
4182
759
-421
-4937
-451
704
8787
4251
5641
2137
-3952
5494
8219
-7471
327
4915
4784
1544
362
-9815
-2330
-2262
-9164
-4884
1845
2531
-1680
1401
-3498
8187
-8447
-267
4385
2305
3753
-5142
-1856
6418
-4599
1048
864
5439
-8413
3401
3312
7268
2318
4142
4649
-4205
1326
-9258
-2264
4973
-4240
-2251
-4827
-6992
-4389
-8858
7809
8998
2686
-4793
-606
-1366
-2978
-4239
1915
6756
1252
-8463
-5973
4362
5399
5613
1588
-455
-3001
-6621
8348
1040
-4679
8077
5049
1413
7980
9618
5655
-8275
2925
6950
2832
1418
667
9423
7847
4262
-5187
-2394
8048
5182
-2604
4773
7534
3482
3368
5362
-958
7214
9521
666
-7946
8468
-9970
1609
-3839
4675
3940
6775
4968
-9262
-220
-3289
4609
5851
551
4560
-9970
-233
6753
-87
-1058
-4964
2233
-571
-7303
2549
-2926
-9452
3673
6324
-2202
6706
-3121
-6260
8300
-7894
5101
-9899
-4012
-5115
5115
2228
-7005
-9674
-9084
-8444
4950
-923
-3320
-3166
1950
8784
-3604
6115
-8258
-6121
3766
-2542
-7427
31
1608
-5651
-5320
-3987
3270
9727
4600
-7573
-2822
8820
8188
-9796
2943
-6546
-3302
-6376
-8564
4185
-8851
-6344
1352
-7841
-7270
876
-3188
-154
5750
-4415
-4924
-2562
9075
8526
-2059
-4913
5830
-3396
-3033
-7181
-691
-281
2149
-2236
-5726
5933
495
2231
7960
-9435
-4434
-6799
-2291
4798
-9502
5132
6188
-6912
-4289
-5441
7453
-7336
-7360
-1401
-3534
6018
3908
7058
8583
6013
-5876
9594
-629
-868
-8008
4344
-1174
7019
8579
-6389
4179
-2200
-3811
9296
4933
-6299
-6457
4134
7215
-7579
-9417
5585
1667
-3039
-3905
-6803
2746
-4715
-1460
8717
3393
6786
8981
7502
-8372
-2739
253
-6795
-1766
831
-4759
-8572
2827
-7223
778
7086
2481
7097
-9101
-8953
-1361
2071
-5064
-9959
96
9426
8593
-7774
4998
-5818
-984
-5465
-3930
2431
-3631
8944
6139
-7673
1225
-287
-2056
-8910
-432
7962
9774
-1547
7878
-7317
-700
7939
3043
4480
-6551
2011
1120
-4004
-2272
6840
3327
-7899
-7421
1962
3343
6600
4233
5616
-8260
-3132
-8227
8823
8694
-9635
-9529
4553
-1494
-8942
7084
4499
-4525
-804
-4432
2313
7690
-3652
3298
-5966
-93
4644
-4786
-2879
8658
-2524
-19
1195
7655
1126
-470
5811
-7068
6373
-6007
-6122
-241
-1371
-3458
-5536
-7289
-5231
5085
-6351
2970
-62
9839
-4737
5065
-2508
-2457
9846
7647
4987
-667
2426
-981
8529
-298
-9372
-9786
-572
-4497
-4481
7923
1364
6338
-1298
3659
3655
-7373
7605
9319
6056
-9195
205
8218
9313
3528
-7567
-1804
1152
9353
7061
-3457
-1958
-513
-6482
7523
536
-241
-5360
-660
6967
7344
8396
-877
-5059
5858
-9200
6274
-2629
8539
-2034
-6835
5928
-9116
2119
8064
6130
1790
9479
-7998
7447
8174
1117
994
2407
-90
-3600
-175
1204
4904
4097
-1807
-9005
-9440
-6640
6227
5636
8154
7134
-8790
-3461
1421
-578
-1810
5171
-1735
7901
1779
-7369
6302
988
-9833
9416
5724
-2619
-5169
-7118
-5653
-5841
-7792
2445
4273
9946
-3165
2048
9957
6644
4860
-6947
4064
-6638
-3019
6240
5943
-6701
-3848
1595
4661
6270
153
-3810
8051
-9815
608
-5735
4357
8944
-9423
8079
-1016
-4604
5523
-5609
2015
-1497
1951
2812
-1981
6133
-6611
-1612
-6080
8933
8421
8388
1266
3962
7069
3528
4899
-5546
33
3420
-729
4361
-7194
8385
-2895
-6433
3496
9740
7240
9725
-9188
-867
8603
1079
7952
-6616
7435
-7996
-4743
-1649
-4019
252
-7882
-4052
-8645
-6137
6812
-9392
6884
-6874
-9966
-6966
-151
8263
-839
2033
-7758
3354
-8100
-8507
3894
-8171
-5257
-8603
2877
-2494
15
-8656
-9630
7591
-5450
5562
-7142
7768
-567
-617
-4813
2138
7922
-3674
-8594
-2123
5950
-8797
4594
7160
-9686
-6502
-3534
-1650
-9215
-4786
2601
9833
6677
-709
1068
-630
9753
17
619
-7438
-3256
-6470
-3696
-2206
6847
-7034
7864
959
-7506
2285
-1045
7597
-8608
-6918
6099
8323
-161
6906
-5408
1087
2612
5492
-1170
-8863
-3251
-434
7852
5054
1271
9833
8056
8668
5265
5034
-2230
8562
3324
-569
9045
-1973
6925
-8701
556
-7635
2784
8568
-4970
2404
-8772
1832
-6398
-8741
3850
-9246
-2440
-8460
3959
4869
-5835
4340
9046
391
3464
-332
1245
-809
-6490
629
-1627
8230
345
-7590
-8672
5009
5470
4310
-4496
-5691
-4460
-6785
-8653
7924
-5543
7949
138
-6820
-538
-1554
8624
-241
7649
4460
-187
-2022
8447
33
-7763
-8527
-9194
-8057
9753
5003
7588
9851
2469
3944
-9115
4026
-27
-7750
-6463
-9442
3642
8823
-6563
-4890
6234
6704
2544
366
-6005
8822
6750
-2084
-9717
3571
-1968
9672
-2033
6990
8886
5274
7684
7213
-7724
-617
9255
6672
2939
-6729
-9914
-1832
-8073
-2111
-6288
1347
267
4461
9535
-3850
3799
-5394
1471
-6903
-4672
5686
-5569
4550
5096
4038
-5103
-2277
-1634
3916
-5665
3230
-3330
-953
-7044
9192
8492
-9248
1796
811
5821
9489
2298
4053
2151
-8131
1877
1579
-8288
7794
6065
-8383
2725
9423
2740
-257
7797
-9274
8405
-5787
489
4008
6506
2066
1564
7147
-4474
4081
-464
-9444
-1382
7756
7174
3581
-2441
-457
8238
2478
1397
-2684
4119
22
3911
1443
-2871
-3866
7916
7061
7458
-8044
-164
-8736
-1825
1329
-566
5202
-9643
-9612
-3114
-9095
-5316
-1521
-2619
-3329
4867
2893
6047
4768
-4446
-3183
7031
1095
-767
2768
-2942
3544
-6989
-7940
9373
-3235
-5990
1288
-327
1590
7402
2593
9495
3047
401
7812
-8022
4025
-9740
-3558
-8151
-7103
-4934
6410
8108
-2143
-9322
-9072
-8165
-4192
-9782
-8997
-9033
876
329
344
-340
8934
-1892
1062
-8028
5374
1460
8249
-5353
-7368
8624
-4177
-3453
4893
-2961
7057
-6181
-9432
1982
-7216
7886
-3753
2845
5955
-6557
-4182
2244
5553
-2637
-2271
-9635
-8244
9226
9204
5081
6528
-4992
5856
-6921
8770
-5682
2579
-9690
-6789
-1541
-7695
6090
-1433
99
-232
-9348
-4029
7992
-2109
-672
-7717
9169
2189
224
5156
9600
-7927
-5605
9879
1479
-5089
8382
1671
464
-7088
-4793
4075
5371
6312
4587
-1154
-2048
3088
-1352
6403
5523
-5568
9096
-8028
4235
-861
2041
2479
-1618
-2017
-6365
5964
2875
4158
-6454
-2095
-4180
-2539
-2646
-832
2301
746
3048
8771
650
-9104
7155
9178
-2369
-3870
-4520
6722
1228
-8771
7065
2219
1963
8007
-4837
-8825
7230
2087
3624
-6663
4463
-7036
-7349
-6224
6660
-3930
3110
-6214
-9479
-7117
2401
-2849
3998
-6361
4871
3949
-5458
-483
7344
-9739
8207
2781
2514
5017
-8334
137
2926
-7847
-1137
-1155
7764
5481
9390
-1166
7936
3023
-30
150
-1625
3288
3789
-2795
-9428
1860
7496
7464
537
-8844
1285
-8160
-2347
4104
5522
-9703
-8372
8262
494
-2818
1652
1853
6942
-4992
2145
753
-2664
-5882
9661
5333
-1853
6506
-9148
-853
-2230
9660
4490
5990
-192
9321
1246
-1762
-6005
-7092
-5955
8947
-1393
-7870
8614
-9556
-8714
410
-682
7669
1304
-9796
4117
-5855
7570
1865
-1042
-5168
4616
-1462
8119
8438
-129
-9447
-4726
-6577
5314
2563
-2134
6449
-2303
-5270
-9485
8575
6912
4916
6726
6088
9339
8541
-9786
-9264
-4901
8657
-6400
9500
5548
-5111
-2453
-9159
-9827
-2236
-747
-1390
-3586
3452
9109
-8492
-2590
7119
-4503
5820
3362
1659
1639
8793
-2941
4848
5669
8368
208
-1008
-5124
-6511
263
5443
-6440
-277
-264
-5657
-6046
49
4868
-4833
-6743
9824
-624
-3560
-3611
5317
-8885
8953
-9772
6897
-9683
4585
5682
3720
5062
9694
9731
2275
-2182
3251
3030
2006
5153
5393
41
-8865
1623
-9795
2771
173
7221
5507
5932
5887
-1732
-8148
7645
6914
9519
4366
9786
1678
3657
-9112
393
-8480
4454
-508
-1
9815
6544
85
6302
-2594
-7090
-4115
-2921
5733
-6841
8421
-7920
81
651
1058
-4352
-555
-9738
-5948
-9995
535
-9061
221
-6114
569
-2662
-9035
2430
-9228
8433
-7015
6644
8393
8477
-4300
-6152
1521
5273
9175
-626
-886
-5881
-3248
-3143
8082
-4620
-1453
5120
9405
9610
-7115
5316
4367
6178
8071
-3880
3187
-5585
-7135
5887
-7972
-2278
-4499
5330
2838
-1883
5048
-5829
-3086
-6274
-4815
8688
4448
-1630
5215
4916
4748
-3351
2049
-6292
-881
-5054
-5191
-1974
-833
6501
9316
5576
2930
8346
6301
5091
2047
6670
1136
4668
9835
399
8671
-5400
8356
-3114
-1439
6689
-665
8107
3062
7344
-8759
-7826
-2486
9127
-7222
-8285
3165
3863
-667
-158
-4715
-1196
-1799
-4192
8459
-3705
5150
-7456
-9427
3376
1777
8831
-3896
5946
3200
5505
7151
556
7424
5637
1236
-1908
-5111
-8902
-9169
8153
-7982
-2808
-3463
-5705
-9845
-6584
7683
-1393
-7843
-1495
9873
-4833
5130
-6439
682
7705
-2484
4950
5263
-58
2353
-747
7462
9281
8885
8507
7925
-6241
-3318
-3491
-8553
9732
-2622
5146
5679
-3758
1924
7810
-7598
2022
-9499
-8331
-4917
1894
722
3523
-6671
9896
-2328
2138
3973
8099
-4970
-8933
9833
-1693
1516
4082
1284
7099
-9595
2941
5888
5080
-7360
-6659
-9020
3163
1382
-2236
1287
-4905
390
-4824
-5644
7951
-8253
-3735
3103
-4816
-9170
3498
-432
4989
7160
-1724
-1671
5184
-3065
3524
-4034
1017
-7489
3364
3492
1691
5869
7774
4575
1225
-3873
7263
-2915
-6594
-6179
6604
-2729
2356
2626
2995
1308
-625
7533
9362
-6807
-4874
4768
2395
4823
-3259
-1954
8162
-1901
4243
5745
-784
8146
3322
-5552
-4933
-7818
8917
-5636
-6070
-1272
-7876
3936
2861
2511
-3629
4362
8453
-6495
233
6067
8451
-339
5183
3822
9991
-7271
-7021
6109
7560
-8217
-283
5172
-2088
8776
-5768
-1127
-341
5017
-7953
-8189
1096
-7717
4657
-5505
-466
-8895
6601
-1047
-6820
-1460
-7495
-8071
5563
1085
7954
8320
-3401
-9502
-2267
6303
-4359
-420
-6228
7703
-6946
3452
-7730
644
-1718
-9832
-8642
4546
4126
5477
-413
-5933
6188
-1367
4840
-6339
5521
8237
-6940
4891
-1451
-7135
9427
8586
2623
9792
-5272
-1313
2481
-6693
-8533
7306
-3356
-7567
-8994
5218
4904
-3113
6554
9683
-4411
4438
-309
7359
-58
6736
-335
8648
-7405
-9723
-9153
2384
-9385
1211
8044
1655
-8413
1454
9028
9711
7122
4966
-6603
-9519
4357
-3540
-4559
-6561
8548
-7537
2988
-5021
2400
5221
-2795
-3258
8756
-6697
-657
9460
-3253
2727
4430
-7006
8873
114
316
-9632
-3421
-6675
-4102
-6748
5319
-8094
-3793
454
9848
3752
6573
2041
-5010
4153
7446
-9957
-4427
894
-979
7077
-9830
1133
-6066
5395
2063
7251
-6904
-8660
-783
-445
-4847
1880
3946
-3795
-1877
3282
1417
8404
3693
4626
8049
8903
2980
9447
-4719
3623
6046
1350
5528
-2540
-7784
9583
-641
-6705
7213
7701
-3247
1167
5998
-3864
-8639
-7066
-1890
2649
-8942
-4142
-9044
-5707
719
-5911
-3951
2675
-803
-4476
3637
-6142
-8089
-2566
-4921
8384
-2160
7302
-1464
-4561
-4043
-6092
2960
-7094
1804
-5982
9899
7076
-5086
2912
2985
9916
-5250
-722
5903
3477
1528
-3186
-2417
4154
2543
1366
1100
6952
5560
590
7953
4177
5156
1742
2945
3602
-4023
-8937
4215
5347
-7657
4743
-9382
4815
7618
-6643
6669
9272
6921
394
5997
-1349
8825
-9769
-2990
-8020
-198
2656
6958
-1745
-896
1833
-6219
-3330
-811
-9121
8111
-6524
8075
2044
1739
5344
440
4093
6073
-8106
-453
5034
-3387
9608
6289
1052
-4708
-3470
7640
-1101
3452
-8577
-7241
-5928
1583
-3668
-3711
9140
6173
2158
664
4957
-1956
-2066
-8068
-6330
-5597
7616
522
2268
4426
7046
-1666
-9371
-4447
2122
9726
5545
9162
5964
-1889
-7406
-3516
-1607
-3961
-6968
-6214
8855
-6010
1778
610
8188
4559
-2836
-7182
1194
1689
4529
-941
-8458
-3013
-662
8877
-6707
1856
2080
5690
-9227
-8324
-8073
1665
-675
2247
2019
5465
-6865
-1419
7213
1401
-6403
5252
5153
6362
-5337
1176
-450
9136
-1546
686
-8915
4857
-208
5734
4877
-2328
7856
-5869
-2514
5964
2154
7517
2650
532
9819
-3252
1132
-4567
2412
7261
2815
-2129
548
-4880
5418
5787
949
3056
5153
1417
513
-2451
-9879
-161
-4284
-8055
-942
-9584
-694
-2999
7047
-1123
4316
4277
6240
4353
3256
-7498
-7896
9334
-8297
-8621
8524
6930
2253
-9580
-3705
-1496
5729
-8769
3620
-9491
-840
-2745
-1425
2203
-7960
-1711
-3954
-7802
2062
1062
-1885
-1899
2331
-4515
-6077
1882
7758
-4648
-176
-5855
-9948
-5240
4299
-4129
2792
-6535
9206
3006
-6370
-2240
7429
-5324
9166
-7865
4936
4941
9080
17
921
-9835
3931
-3253
-3016
-6882
2890
8926
4640
-4821
-9109
-6644
-7380
7740
-7308
-4300
8651
7759
-7242
-9724
-4250
909
-9162
9444
8389
-3897
715
3453
3552
8082
-6406
-3563
-6807
-6133
-373
92
8745
-8256
149
851
-2378
-6538
1443
-9992
-1018
291
3284
3913
4318
-3825
8756
7879
7030
-3183
7478
3449
-2156
-8042
-57
-4260
-4507
8233
-5459
7867
3631
-9327
-1551
3640
-9093
-1080
8341
5314
-8442
-2284
-4700
-1236
8895
7531
-9082
1756
2785
-164
-3148
-1917
-628
2329
8198
-8007
3289
7199
8290
420
-4845
6668
945
-4774
4569
-2584
4460
2682
-3800
9969
-9851
-7116
-4381
-1137
-9868
5814
4855
2804
-1486
8090
7384
4030
8423
5246
-8186
-908
701
-4543
6425
-2381
-526
-5851
-3092
9574
-1757
7781
2902
4801
302
-5691
9426
7764
-9209
-9064
1007
9364
-2975
9566
7589
6634
-7011
6415
-1902
-3062
3352
7948
8604
6309
-6168
-7276
-8908
-1021
-1298
-4845
8117
142
9758
-7499
-4473
-8620
-1035
988
1165
-8078
-8784
-285
-482
5374
-2063
2372
-9046
1818
6781
-9984
1950
3741
-1598
3890
7314
-9304
2082
2929
-2013
-5508
8256
4938
-1629
7881
3039
9878
3099
-782
-8932
-4389
-8616
7451
9673
2597
-435
-3434
-7571
-1898
-2315
3622
-4595
-425
-9072
-1128
-6151
-7833
6349
6487
3556
-4797
9771
8872
-8628
2987
-2192
3632
8566
-9248
5377
2665
6079
4220
-6244
-3840
-9694
3865
-8644
1529
-3011
-1425
2552
-5260
-8675
-8873
-5222
3582
3808
-3213
6488
7536
-602
8490
4910
-2197
-59
-1906
2170
-2888
5452
661
-7579
-9684
-1190
-6113
-873
8648
-5474
-4645
3580
3010
-1964
-5044
9465
-7863
-6914
-5718
9684
3451
2968
1157
-5719
1337
-493
-6572
-1354
-3571
-5958
3890
-3962
-1620
-999
-429
4075
-2057
-1946
6546
780
-3643
3470
1364
-5949
5592
89
6250
-4472
4726
-8995
-5450
-9819
-98
-1113
1630
9533
-4624
8561
9397
8483
-7551
-4133
9793
7448
-2977
9126
-5041
5666
-8091
-8551
-4291
8124
-1193
3135
7960
-8317
4720
-7050
-1915
-118
8882
-6890
4899
-8275
6958
6072
3883
3184
2923
-4788
-1798
1992
-7321
-4556
-8164
-5342
8679
9131
-457
9854
6491
9017
-1277
-6297
1431
-6379
4996
7087
-3689
-5933
-6977
5782
-5906
-4819
3461
-4807
-6997
-1661
-8340
-4200
8364
-124
1408
3525
497
-3771
-3855
6758
4946
2634
2237
5221
915
4966
-9473
844
5328
-5074
-242
1958
-5647
-4795
-7771
9345
-8346
-3053
-4934
8603
4802
-9876
9371
-2771
4583
9227
8504
-7443
-9862
8688
6919
-6403
8207
5690
-7400
4819
3473
625
-7263
7311
-3753
1968
-3095
1320
-5801
4374
-2120
9907
-9019
-2357
-7846
8071
8516
8859
8033
-3523
5361
-1440
2723
-8935
-4843
7717
-2652
324
-5982
-498
-4691
-6990
-7416
1258
-4922
3126
1862
-2499
-1710
6397
4011
1512
959
6601
-1265
5013
9085
-275
-9231
-181
-2247
6074
2803
7954
1508
-6984
-8165
-9304
-7370
-4504
-9916
7379
6938
3481
9302
3014
-1926
8860
9399
3978
-3232
-1323
4062
8180
-1441
1565
-4798
8640
1871
-9537
-3083
-9330
-9006
715
-1183
7138
-5226
-2882
3969
-374
759
-4305
3117
5039
8189
-3322
364
9201
-1915
-484
-7992
9353
-2045
6880
9275
6871
801
8940
4326
7323
6830
9609
-9588
9374
-2053
-2703
-7782
-6677
4827
7837
7595
-7174
-9781
-6610
-882
-4198
9821
-3870
-3679
-3489
-5229
-1372
3861
-6498
-7806
-5171
-6393
2922
6219
-7832
9669
-7330
2262
-7291
5493
-3223
-2481
-6947
1365
-365
-9604
-5934
3751
5302
5423
-8457
1448
7412
2075
6268
3623
-3355
-5301
1423
9300
3435
2216
8306
-7134
4825
6104
9934
3236
3696
-4664
-9447
-5834
-4956
-6371
-376
-7728
5913
-7116
7074
-4644
743
-6437
-8644
-3696
-7737
6857
3393
2402
1055
1468
-4664
8637
-7263
-7056
-8001
-6443
-4327
-496
-6329
5993
-8293
6369
100
6292
-3988
-5882
-2642
784
8673
587
-3512
4851
-8468
-9054
-9841
2885
4657
9777
-6373
8038
-7618
-1277
2654
-3077
-5974
-2147
9579
7063
5994
2995
5076
1999
-3828
-2815
-2009
-3569
3788
-1880
-5456
-6149
-264
8700
1992
1321
5657
-5872
-2236
9100
-7625
2761
-4351
-7433
8659
8356
6197
-8213
9790
-7870
63
-712
3346
5256
7204
7851
-9110
5899
-5117
-3311
-5633
4251
8435
-7787
-1379
-6449
5274
-9025
-360
459
2572
4845
-5337
-3443
-2320
-5178
-9749
-9702
-1338
-3108
-2095
-2782
-5809
-4929
-196
-8013
2153
2969
-2756
-7386
-6272
-872
-667
-8088
-3069
-8136
7903
8602
5607
8706
5869
2819
6032
-6747
1789
-1258
1290
-4336
6061
-9168
3494
-7859
-6494
-1394
-7927
1780
-9783
5202
2692
-6503
1610
5667
116
178
6475
-963
1682
-928
-6452
-4772
-146
-646
-9010
-5541
-1459
3126
-3715
8145
3839
-3004
7647
4556
-6371
2578
-5357
-7308
-513
-7179
8134
-9271
-6938
-1378
-3483
-2507
-5547
4361
-5440
9692
1466
6195
9536
-1380
9626
451
-6839
-2003
6868
3783
8197
7044
2085
-2833
9400
567
38
-7309
3343
8999
2919
-5596
-4290
6412
4456
-7790
5308
-9606
3259
-523
-3289
-3293
-6179
-6184
6275
7787
-4267
6767
9562
-1803
2390
4040
1055
6933
-6714
6983
-2638
9725
-7272
-2752
9068
-6325
-1675
8719
8121
4085
2887
9987
-427
6510
-7345
-4432
6442
-2923
-6814
-3342
-6947
-6410
7280
-7394
-2429
9626
-9359
7346
-2728
-9701
-2105
-600
-3141
-8093
902
-6221
4566
-6313
9156
-6382
-339
6141
9505
2380
-7527
9743
9921
1385
-2418
-4257
5745
-1345
6735
3153
-4611
752
-8625
9286
-5187
-362
-7343
8820
7092
4839
-1996
-7520
9132
-1953
-5580
1969
-6683
1826
4091
3855
9812
9401
-1263
-3808
4588
9862
4599
8225
-4332
381
3887
-8782
374
8121
-6028
-1160
-3418
7405
-6745
8349
-1789
8363
-5704
9418
6901
9769
5468
-2506
9675
1504
5508
-6619
-9171
1306
-9316
1803
6458
6697
-7528
3517
-8300
-7573
2763
283
-41
-3387
-2504
-6112
3992
-7461
-6043
8448
4693
-1391
-3984
1283
-7039
-5047
6847
680
-1082
2641
-9159
6350
-756
2552
6765
-1573
371
-8257
-7831
495
-7056
-6413
7167
1768
7064
-573
6916
7675
1272
-5511
960
-701
6664
-8752
3449
2477
-4301
-733
-5814
-241
8850
-7190
-3189
-3058
-7199
2637
8723
2096
1757
-3682
4431
1219
6596
6601
5812
-602
4626
-1930
3557
416
-1320
7927
-3189
-8977
7930
9699
5953
-7052
6223
4392
8156
-6732
-9324
-200
-1338
4706
-5989
7219
-391
-2891
-2607
2304
5269
3401
7449
-7475
1372
4262
5001
-645
8734
-4006
5571
9619
8310
9199
5120
-4241
7169
-3401
2817
-2271
4400
4245
-8734
731
6662
8174
-521
-8070
3972
-5465
-4771
-2793
8971
9943
-3004
-2397
7844
-6211
5970
2899
3142
-5989
5174
-7012
7552
5966
9246
9035
345
2152
-6873
-352
-7221
-2660
-7448
6220
8430
6749
-7231
4104
5480
826
-9891
9900
7444
6949
-7314
4426
7260
9364
876
2525
-2785
853
-5390
8222
3053
3011
-9060
7914
-9091
-681
2571
-2382
4325
4840
-9495
-9271
-2423
-2285
1357
9233
-1662
-1882
6548
8983
-6200
9687
4261
5914
-5683
-6467
1065
-1712
50
6783
-6557
-1548
-7993
7725
-6257
-7563
5652
6116
-6062
7987
-5205
-9367
6939
7801
-8631
5850
-584
8183
674
-3454
-404
-8956
2550
1916
-1289
-8325
-7740
2413
-7500
1298
4703
576
-8255
8611
-423
2906
1764
-6797
-3316
-1275
4211
4563
-7356
-1293
-1300
7465
8210
-753
-6710
3688
-6147
6142
-2757
7765
233
-7442
6635
0
2529
8995
3456
-5223
-3993
-5969
-6756
-2405
-5829
6031
4682
4828
-9260
5179
5990
3552
5860
-8723
-9502
8418
4738
3233
-6122
-2416
-2081
5595
-9686
-1350
-5850
-2595
-7914
-7762
-5968
-3081
1818
6290
9841
2518
-6502
4454
5005
2759
739
3118
-6519
7677
7854
1906
-7856
-4813
-6145
7594
-8984
3787
858
-5045
8958
5284
303
-3990
-140
7780
-6521
-2334
-4081
1985
7278
4411
-9657
861
-9033
4926
-7643
-3508
1536
7734
1371
960
9251
9840
-6297
8064
3314
8729
-4832
-6195
-7739
3610
6055
9101
3011
-563
-9504
5945
-9267
-5875
6912
-5112
5232
7156
-9909
-7849
8127
-713
-9266
-523
-9409
3090
-7944
-6168
3878
-1866
7449
-300
-1258
-8706
-5553
-5917
-1970
7195
6168
-6440
-987
1857
-5552
-8485
-3183
-780
-4517
-1253
-2105
-6626
-6029
-4953
641
-5432
7305
4202
1154
5351
3952
-9705
-991
7469
823
-17
-8771
4831
-4268
1689
-4191
-6161
1078
4811
-6813
8620
-7906
-2278
1579
6405
496
-866
7530
262
-3172
7977
-9126
-1032
2644
201
-345
-9487
1328
4146
-736
267
-970
9461
8805
3520
-502
-382
-6092
5874
4749
6684
7022
-6542
9480
-3454
-9991
-6399
7341
8986
-5252
-6777
-7964
3637
-6899
4768
-9031
2231
-5233
-2789
9203
-3062
6782
1380
-8955
-9733
9998
8917
-1326
-1997
-325
-5687
-3893
9143
-400
3400
2219
-1367
-1296
8284
-9371
-6129
6353
-6767
-5102
-8342
-4234
1263
1915
-9200
2047
-7069
3229
-7923
-84
436
-7713
1676
-2768
-3036
-677
-6241
9680
3330
-2613
4750
-777
-1442
6235
7450
909
783
8464
4619
4297
7377
9761
-9372
-3211
-2081
-2866
-3168
-74
-9672
3572
-463
-9017
4876
8177
8579
1243
8203
-6413
-3743
-9281
4085
-7309
3644
3410
-3082
-7581
-3215
4615
-956
-8957
-5270
-6961
9309
735
5719
8995
8967
-8301
6976
2994
-5272
-3544
8007
2965
3939
9823
4378
-5630
6738
-2661
2205
5769
-9237
-5905
7860
4082
2163
-8534
4634
1698
8673
-8482
-3633
4695
1407
2277
-67
1441
-4952
-2424
-171
7418
7616
-4197
-9845
2040
-4438
2354
4885
6394
2225
6195
-1441
2975
-2861
-1143
8449
3628
-8400
5956
5435
5571
-3320
5854
-4743
826
9810
-6791
-4601
858
8986
27
-4102
-4428
-7211
9785
-3457
1482
-2241
4339
6381
9706
-8248
-5827
3369
-2506
-2803
2632
6657
4103
-1823
3756
7183
1217
-1018
-1745
429
-3557
3740
2664
9662
6069
1327
7658
2282
-5529
-6298
78
7730
-5716
-3804
4699
-1850
-7493
-1509
9981
1573
-6707
-3495
1433
-1620
5619
-5317
6100
-1820
-7691
-1795
4853
-8180
-746
9574
3696
7454
-6001
8913
3091
6343
-3135
-2700
-5909
-5553
3714
5799
5495
-6333
9814
-2680
1282
-8535
9930
9884
3836
-1831
5739
-6492
5916
-3872
3682
4417
-3752
3992
9869
3194
3543
-4256
-7865
-9457
3654
2168
-1402
4048
-2916
-4315
-7829
-1491
4150
5618
3356
7134
2049
8206
4861
-7032
4553
5206
7046
4908
-1755
9949
-3057
705
-6630
-7114
916
8069
-5386
2539
3554
7855
-2831
-7337
9212
-916
7461
-8420
768
5882
-1712
-3209
3189
6967
460
4507
-4644
3069
-7452
-3703
-1494
-2152
9062
-3903
6669
5774
-7140
5469
3725
-6653
-4872
834
3825
7088
-2009
8216
4823
6875
5662
-3760
7839
9523
6148
-7121
9767
4845
3886
8763
-7559
7357
3745
-4939
-2541
-8056
2955
6607
-5937
-7758
-5286
6212
4753
7276
-2532
5661
903
31
-2335
-5180
-4425
4409
9786
9896
-7293
-6941
9407
2675
-5602
-7856
5942
9268
3141
-4429
9659
4561
5612
-4338
5421
-3443
-8549
-5498
6589
3818
3848
9938
-6726
8356
-2265
-3530
-8600
-4401
-1195
-3821
835
2709
-3044
-2321
7520
-1219
6610
6458
7459
6587
6296
-2199
3123
3617
-1253
-6440
-332
5204
-1469
-4165
-8355
2707
-5492
1421
1017
-7822
-4825
7225
6695
-2637
-4780
-4066
6562
7709
3180
-920
-7992
-2322
5002
1998
7592
1254
-2656
1842
-7865
-4363
-7433
-1267
-909
-2310
6524
8002
-9183
7406
-236
-2695
-4561
-5033
4540
1755
7164
2027
1226
128
-9109
-6976
5522
-1232
-524
309
-5
264
3466
-5225
-7025
-112
-1769
-5018
4851
7269
-8229
-1500
9775
9716
1757
-3052
-9962
-1152
4971
8810
-3714
2056
-789
-5530
-25
-2627
-5348
-2775
-1711
6327
8671
4970
-3025
-4129
3093
7409
-1174
7244
8638
1363
3035
-1026
794
-4925
67
-3990
8407
-2133
-3263
-944
6801
-1439
2307
-3409
-6331
-5900
-7704
1421
5442
-10
6783
9042
-8291
-309
4538
7932
-7956
-1523
-9070
4824
3777
9893
-5644
7546
-2115
-4693
-3326
7913
6050
1450
4175
5986
-6265
259
7319
-2571
-7307
-8175
-1822
1677
5405
-3991
8639
-4202
-8856
-3173
2685
5232
8892
7046
6238
-5578
4630
-9754
-276
-5113
-1299
7949
-9810
-2098
-182
1629
295
3616
-5093
-9868
4815
-891
-1276
-2031
-6905
9313
6065
9697
-610
-5174
-9124
-4437
9589
-9013
-4452
1640
-9469
6102
-428
8367
-170
26
1851
3103
8190
6033
-949
-9854
8096
3051
-9861
4449
7381
-895
-9001
-1556
-3670
1902
-1851
3959
7880
-1696
4259
3013
-6770
-4287
4701
-4086
-5627
-3771
669
2946
-2210
-7958
3700
-4706
8441
-732
-4203
-8481
5109
-804
276
-3886
-9746
2888
-8581
-7129
6301
1983
-1527
6266
-2559
6008
9217
-3817
-360
-2427
1711
-4914
2405
-6798
8031
6893
4183
5161
-1160
-7566
-7564
6747
-8635
8556
-8807
-5090
-8923
6777
7828
-8817
229
1043
1843
1450
-6027
1996
678
-2851
-3064
-5551
-9073
-3083
-4446
-3393
4364
5962
-4759
-395
5540
-5679
-4456
-3005
3167
-874
1765
-2513
-4400
8061
-10000
-8772
7924
6230
3517
-621
-7269
-5266
-7337
-1041
-7167
8074
-7781
-442
-3532
1426
3771
4830
3066
-3465
-6165
-1589
-7735
-7804
9406
3904
-9061
3467
-5974
6296
70
-6107
-719
-285
-1655
-4578
-2608
5386
7787
6315
4657
-4193
-7937
-58
1865
5955
2345
9427
7278
1837
-7241
-6867
-112
7809
8994
1101
9239
-3289
-148
-9482
3339
-7776
-831
-5920
1024
9707
-2757
3297
8445
-5313
-3357
-9424
-6688
-2865
5100
878
-7608
-6814
-6544
5779
-7419
2690
-6642
4098
8395
-2874
-3511
1193
7315
-5349
-2551
2124
-1967
4620
5517
-2473
-5220
-3167
-1593
7296
4981
9024
-1074
-7379
8383
1104
169
1642
425
1736
1409
-3433
-1597
-9668
-3742
-9019
-7129
-4376
-4865
-6438
864
1756
4354
-8612
5263
7449
-9995
6488
-3045
-6706
-8837
8442
-8460
-228
-1358
-5093
6589
-7604
4241
-5732
-7613
-4370
3566
8046
6705
-3904
7758
-5418
7357
4855
2387
4451
-5358
-9042
7573
-2714
-7969
-6118
-3771
2752
9815
-6746
-1609
8850
-215
-5225
7817
-8719
3935
-8904
-8582
-1691
-9408
7021
2132
7822
8487
4090
7503
-838
-5252
-912
6288
5045
-583
5423
-1602
6011
1820
6001
-8411
-202
9491
-7963
222
-2925
-5464
-1707
-7013
791
-8518
3787
-5831
-2617
5332
6811
-631
-2885
-6344
8930
-2474
-8730
-3412
-3987
9632
7948
-8000
9354
-4049
-5434
-9437
5066
-4025
-4029
-3629
-7123
9884
-5577
-488
9898
8438
-6442
9124
-916
4982
-9890
3369
-5784
-9721
-796
148
9192
-2308
6627
3807
5519
-8292
5695
-2043
-9925
3996
8582
-4764
-5367
548
8872
-8482
-9857
-1391
-881
-7645
7817
9575
5128
4719
161
6240
-5730
2527
6172
4453
-5849
948
-4047
-3731
-8561
8345
7649
-5901
9645
-5033
-5879
5009
897
-6488
5013
-1044
4081
-8935
-8378
4795
8622
-6246
8998
-1145
7013
5926
5842
816
4730
7508
-9858
-2945
-346
3905
4580
6832
1982
-6015
1636
-3797
-9145
-2174
-8999
4497
-3864
9078
1697
4874
-3179
-5004
-9308
5320
4724
-5607
1648
-7637
3109
-7781
-6763
-5703
-7209
2667
-4782
-5295
-1315
2760
1864
6890
5229
-2789
3895
-1343
-8957
-9794
-4968
1954
4502
9367
4696
-1295
-5404
-8246
7793
-636
-7415
-1840
-4172
-6940
-9563
3055
2134
621
-1499
3718
-7825
6715
9197
-1966
2242
-5565
9486
8781
4803
-5728
-3051
6168
-3222
1
-7763
-3078
-7984
1101
-7338
-7650
3077
-2589
7795
68
-595
1722
6995
-8835
1728
3968
5978
4999
3024
8644
-7713
-9932
3275
-5126
3632
-6109
1154
5647
-7650
-3719
-7902
3126
6818
5137
5661
6460
-8378
8891
-9691
4685
-1058
-9665
5680
-133
8223
5802
-3448
7148
-4046
-2914
1598
6220
-7086
-178
9232
-194
9359
-7735
-2891
4069
-3427
4305
-5024
-4762
463
8244
5060
8314
-3491
3441
-4690
-2554
2651
-705
3212
-7617
5013
-5959
9815
9275
3805
8281
-8868
1256
2279
-8035
-313
9182
6429
482
5540
-7297
-5906
9847
5015
-4181
4463
547
4797
9036
-7386
-4844
7546
-3080
164
5599
-9475
845
7441
8171
1846
-947
1289
9818
-3884
-9736
2605
6958
-6552
-5427
3482
1949
-9785
3582
-1872
-8126
-2802
9545
-7217
-898
4717
-6934
1329
-8464
-4413
1887
-350
-9152
-8776
3903
3097
-1372
-9248
-7521
4329
2271
-4040
-1236
3280
2847
9782
-7175
-6571
9385
983
9721
9925
477
-9378
6420
8067
-6811
5343
-8455
5890
-6486
3689
-7370
7146
-8693
7841
6367
-3209
3292
2913
2035
8227
-7062
1977
-7508
-2200
5749
-2361
3056
-7130
-3807
-76
2325
-9361
5341
-9399
1421
5335
5586
-1541
-4458
1179
-6447
-9511
6816
6010
6819
2770
3621
3245
9136
834
-3380
-113
3816
-9817
-7646
519
4111
2893
-3625
-9615
240
1830
7579
-4202
-5001
-6517
-2770
-2735
6102
-6722
-9997
-6698
5058
7047
510
5907
-8324
-5124
5933
5511
-8284
6085
-7481
5983
-7216
-5211
-6861
9068
2809
6271
-7352
-2308
-2698
5612
8160
6107
-4858
-5449
-8117
-9963
-2549
8258
-4928
444
-5086
27
6583
-8006
-4463
1043
-9197
-4637
-8928
-8705
3991
-9486
-1459
401
3813
-8233
9039
8671
-7810
-1498
7998
931
5789
8409
-9300
-5984
4520
-6879
-8081
3333
-7148
-6751
-8454
2102
-965
-4455
-8577
-8868
-3688
1517
-8188
8245
-9332
3015
-9576
-7189
4713
-6231
3610
2719
3150
-810
1071
-3792
8554
-3214
-4736
8165
-5431
-8239
-9533
9863
7251
-357
2810
-174
233
6220
-6336
-2181
-9546
-1743
-449
-6520
-5528
7460
-1034
6283
1518
5657
3399
-2622
-7333
3515
-7875
1348
4496
7431
7176
-5971
-2089
-4291
-8131
-670
5668
2931
6872
-2840
3383
2324
-8106
-9889
-7294
-7025
5394
857
3352
-616
7304
1869
4127
-8949
802
-3495
5796
-5370
1335
3425
-6319
9719
9671
-8325
4637
-6351
-7930
-2554
6858
2819
4065
3265
1554
-2437
2377
-9410
6794
-9171
-1110
4732
7811
728
2171
-8397
23
525
-8398
8326
1354
-3369
9776
-4395
2908
4077
-693
4608
7599
-6185
-8806
-4457
-1978
9431
-1336
9587
3476
-5825
150
-3133
3537
-5593
885
-5452
-619
9712
-7009
2731
9533
-4790
5668
-109
-956
-1388
-4195
142
-7067
8358
5060
477
7043
-4470
-3359
6999
-9665
-5984
-9985
-6953
8786
2983
-6932
-8899
-1398
5440
-3850
4838
-5474
4228
-7958
-3198
7099
5806
-4265
-7083
632
-8180
3715
-1248
-7124
680
6497
1227
6698
-1687
1697
2585
2952
4793
4001
9516
5574
-8519
-3094
-2679
9971
8502
-6227
-7629
-9403
-3240
23
4886
-4596
-5125
431
-3075
-7800
581
-9932
1549
-9967
-7718
3203
7950
-7226
5886
-7075
-413
-1487
8323
8757
-3107
-9177
8241
5604
2053
8064
-9204
-5894
2019
1763
-9654
5169
2648
8702
-9485
-4162
8789
-6979
1874
1961
-4484
4119
-7002
2922
-8851
8096
8486
7139
4585
7268
-3200
-3985
918
-918
-862
-5914
-2218
9453
8005
-3450
1153
-790
-8331
2462
5381
-522
-5207
7380
9191
-3978
4856
9750
-3432
-5123
-9286
-2699
2380
-8788
-7049
-5423
8023
-762
5487
-639
-7250
-4833
2991
848
1051
-4343
9227
-2710
8538
4492
6448
-8447
9613
-6195
90
9231
-8748
7154
-7176
-2777
-2707
8562
-9275
4788
-9836
-2593
-627
3364
1234
2774
1414
-8131
2277
-9358
4341
-8407
-9656
-7415
5416
2568
-2574
2075
-4216
-3278
-5487
-6230
-7310
7085
-1610
5099
9393
5781
-4414
-9644
9005
3183
-2149
7231
-5096
-2367
690
-3644
8654
-1350
-3925
1154
2249
2176
1055
-5598
2055
-9480
-7883
7792
-2773
8644
1151
2100
-6406
5044
-5043
2610
9978
2250
2240
9307
-6178
-8139
-2805
-1750
-5767
7487
-7924
2261
3369
9587
362
9197
1116
4487
7648
5851
3507
-3123
-8957
-8107
8407
8214
-7343
7393
1424
-7528
7553
-1712
4178
2970
-8213
-1162
604
563
7800
-542
2675
-5243
2319
-7053
549
-6419
-315
9201
1722
8219
-6542
-5264
-2816
6507
-415
2044
149
-5495
-2918
9563
-9868
6068
9206
-7014
257
-1914
-5347
-1389
-119
3828
-6287
-2162
6717
8256
-9774
7247
-3216
6160
-701
8038
1898
-1951
-659
-7796
-4643
8488
1405
-1599
3634
-8711
9413
-5717
507
2230
3895
-3347
4411
9120
-2375
3431
-1964
7067
4408
7747
-8256
-4145
8041
-4288
1986
-221
9115
6559
1405
5505
-9724
-232
1495
8248
8536
6592
1566
-7669
-6284
7084
-2186
9051
1648
-7641
9538
9509
-7840
2478
8175
-1040
5140
-7453
903
4418
8614
-4018
-8484
-4838
-6622
8617
-9218
1805
482
-8788
-7083
3098
3897
-6635
-1370
6306
-7539
1058
-8226
-744
-9090
-2787
-3539
8891
-1391
4653
-5931
-9929
8858
-5774
-8602
4802
-4200
7456
-4731
-463
-6474
9542
8842
-8052
-1295
5112
2947
-3740
5662
-9152
3839
-2726
-4163
-4287
-1185
3210
8471
-6367
-6656
2999
-9131
5509
346
-9836
5254
7327
-979
-8773
-7383
-2862
7492
-7922
-2123
517
-3613
4249
-9409
6633
-1178
-3676
3936
-4801
-8051
83
-1221
9266
6854
5122
-5534
-5240
-3739
629
-204
6339
-5435
-1089
8373
4488
8472
9336
8941
-8237
8493
-4474
4925
8381
-1211
-6320
-2928
-3935
-3661
-900
1789
-9121
8331
1883
-5915
-6571
-4446
-5167
4001
-9657
-7716
6903
3308
-8675
-5085
885
9568
-2445
4756
455
-1701
-4247
-153
-3968
2517
-479
5335
-5826
31
-1022
-1575
7354
1581
6424
9753
5552
-8816
3342
-4333
-4172
7269
-3995
-6448
-5524
9723
-6833
9742
7032
9747
-7171
-1435
3853
-4881
-5459
-6571
9295
-8596
1707
6307
-6040
-340
-3358
1381
9033
-7435
-4002
9218
8642
-984
1277
-8322
4256
8433
593
603
-8940
-1033
9332
4144
-6335
-1725
-9706
-7938
9100
3747
8170
-8475
-1184
-3139
-6857
-4519
2057
1080
-2618
1575
3283
7396
9507
8366
-2741
958
6043
3006
759
978
-8740
-1338
6336
-6458
8491
8946
-9567
8714
8632
6554
-4213
8755
5534
1000
-3047
-1987
-721
1952
4172
-8934
-9769
3910
492
2942
-6145
-8750
-3364
8064
529
663
2
-5725
-2135
-6650
8451
-1355
-466
-9414
5744
-9443
-5195
1545
7971
9666
6785
-4350
-6701
3406
3000
6125
1185
3383
-5548
-9820
-5096
4487
-7276
7201
-5188
-3110
-7665
2231
-6393
-9421
-6963
-3109
741
-773
2466
9115
-3243
-1156
-2584
-6420
8616
-997
5029
-675
5734
-9554
-8544
6133
-5975
-8048
272
9304
-9691
7817
-3472
4702
-8485
-7544
-9089
-8494
-1982
2877
-9949
-5996
-1443
3550
4890
9674
6113
9293
-5725
-5000
-9920
7553
6385
-5392
5074
-7485
-3832
-4638
-2828
-9234
-907
2151
3645
-1420
5882
-9723
8315
-1955
3125
-926
144
4950
9523
-7944
-5394
882
5705
1750
-2374
-7544
9528
5842
-4828
-5081
218
-5489
1785
-8723
2765
221
723
680
-9239
5630
-5331
-4382
9746
8222
5575
-1753
5723
-1355
2387
-1988
7250
8828
-8954
68
9045
-4611
9073
-8857
8359
-4770
-8757
-3475
9293
8232
-4884
3726
7624
-341
4372
3746
1054
-1382
3709
940
629
-4403
211
5443
7676
-3103
59
-9256
-1421
-3988
6150
8296
-6066
-2818
6365
-6303
-9619
-7181
-8538
-841
4298
-2950
2035
5497
9839
-778
7240
-8632
-1893
1487
-7232
6839
3957
4606
1129
-2838
3210
9909
8232
-5174
763
-5138
-9319
7721
4046
7576
-4375
-6396
-2577
4903
-5269
-1244
-7091
3927
8303
5679
-6671
-9938
-8925
2964
-8065
-2213
8914
-9221
5944
8800
6216
2580
-275
2034
6502
-931
-5479
4398
7207
-9640
-6180
-3246
9358
-6978
-1796
712
1217
4234
-4877
9234
265
4828
-8618
9559
-4319
8085
-8796
-853
2072
7011
6013
-6439
1311
-6563
-6980
-8326
-9448
-3695
1127
305
-5016
-9209
3698
4344
-949
-1597
-1136
5806
-1736
2473
5967
-173
6591
3419
-9690
4354
7732
-8850
-9780
-9798
1165
-6508
1164
4332
7240
-8453
3261
5943
3769
-7303
9242
9744
-3431
-1700
-7009
5804
9347
-5447
-7664
-5861
6489
5655
-4773
-9464
7530
-9522
5374
2996
-7787
-9237
3035
5859
-8067
7937
-3615
1862
2611
9573
-7243
-1250
-7383
8724
9626
-9696
-9206
-4403
-4958
-6101
-2911
-6913
4025
7545
514
-9518
4843
-6261
4240
-3774
3762
-7851
7284
231
-8263
8958
5404
5305
365
-8113
2600
2973
-581
-4095
-6236
4833
-9729
-1442
-700
-5485
5489
212
3448
-6285
-164
4396
9191
1254
330
-6917
6121
-4513
7048
3389
9384
-4684
3708
1224
-7207
-2177
-9216
58
2000
788
-277
-5908
-9695
-2846
-4572
-2154
4770
-9260
-3015
6833
4822
5112
-7471
754
-2860
9740
2519
9552
1701
-5147
-6136
-4734
-789
5196
-8080
-6422
-9912
3878
8058
1574
4004
3945
-9281
-2655
-7343
-474
5147
-868
7177
-6825
-8338
5577
-4662
-1522
-6939
5035
1260
496
-6271
-7629
5033
-2993
1524
-6777
822
-6267
8115
9722
174
-1511
-8513
8980
-4897
-389
-3159
-1430
-1888
1722
-7976
-4243
7838
7204
-2174
-1397
5290
-3773
7821
-6101
7355
-5003
13
5096
1089
3974
-1478
-6879
-6561
-129
-386
-5298
8468
-6918
-5693
-8927
-8337
808
-5023
-3692
-2576
7733
4709
-9605
-3856
-716
-5174
-9817
-4629
4671
9755
1150
-5727
982
58
-1349
7236
-8264
-9751
-5365
1600
-5965
2035
-964
3895
-7857
993
1451
-9417
9467
4744
1773
4182
4653
9619
9424
-6938
3399
-4187
7071
1295
-4909
-8328
593
-2221
4138
-2662
-659
2029
9992
-7852
156
-7079
-3839
-2068
922
3427
-1321
5563
3712
3365
-3450
2061
-8283
8411
5905
2882
2935
-5791
-9212
-9214
9629
-3824
-3297
9150
-4461
-1736
-6855
-2840
4815
-3474
1836
-5142
-313
4385
273
8115
546
7923
9707
9007
5358
-3158
-7849
-4671
-2857
955
-3999
-6763
-694
-5299
-4300
-1163
3215
4752
-1392
4286
3890
-9849
-5567
3604
4471
-770
-4971
-3356
-4527
-2250
-2466
4822
-6465
310
-9136
1507
5583
-5057
3212
-4869
9860
2647
9900
-3583
7669
7816
8237
1141
-85
-4053
5961
-6533
2742
8116
-6007
-6199
-6444
9903
-4962
2779
-6310
109
-5571
2865
-2156
864
-6601
-2739
3105
-3940
-2249
-4696
3201
-1475
153
-27
-5013
8642
1437
3201
-2291
-5324
3323
-7614
-595
5557
-1036
-1455
-640
-7752
5893
-9465
-2073
9081
8308
4452
-2870
1383
-1482
5620
-3104
2373
4786
7788
3999
-724
-4856
-457
-2311
-2002
-2013
-1259
-9567
6518
8374
-6581
157
-7849
5094
-7674
-4438
-1562
7320
-5825
934
-4827
-7183
-7741
7611
-7686
-6807
6142
-4262
-3043
-9800
-8912
3699
9983
-5391
-3021
-7468
7936
-7312
-6454
-1738
9888
3890
-2000
-5437
4759
5013
-384
-3924
-1211
-723
-9660
5367
-7039
-8485
7378
201
-4084
5906
-9761
9747
-8306
-3338
-1381
-6011
-4932
-2268
-8214
2006
5727
-5804
-1641
7443
-1196
1525
9083
-8836
9525
-4888
-101
2031
-9173
-809
-959
-8324
1552
5823
-3808
-8172
-4154
-143
-8445
4076
-1025
9042
1788
-7597
-8144
8461
6940
-7142
346
-4484
-183
935
9392
3271
-7184
-744
-8218
-5679
-5099
5643
7669
-4824
-831
5262
5196
8031
5869
-9726
4899
3737
6389
2455
-4644
9877
1190
3232
-4802
-1016
-6974
6203
-4587
9445
-3582
-9436
723
8888
-1030
-905
280
-575
-2601
5585
-659
8755
-4205
8370
-4297
3654
-9422
147
-8851
255
3915
-815
2500
-3357
3232
4071
-5030
4454
6458
-9089
-1767
4735
-4266
-8028
9663
2777
3962
9075
5982
-1507
-2681
-1404
1740
-1539
-5313
-4311
949
-879
-9921
1464
-2028
1431
6239
-5888
5741
-6099
2771
-9108
3454
5064
-4449
-1658
2552
-5859
-93
-9841
4503
9563
-4409
2723
-962
-3303
2247
4912
-5706
1244
3013
4065
8589
7887
-60
-1206
8367
-2863
9469
-6915
-3691
2218
-5110
4909
-1674
1358
-4529
-5296
-3644
3981
-3482
5338
7437
9225
772
-6153
-9892
-518
2375
-1541
7697
-4113
5749
1372
94
-4827
5273
-8660
3279
4094
-157
6521
5083
-3581
-9206
7074
-473
2171
9710
-4937
2960
-2651
-5570
6036
2141
158
9174
-5766
7044
6332
-9161
7250
6124
7312
-5512
6725
4644
66
1143
-9267
2827
7622
-4531
3321
2520
9272
-1406
-4115
-8295
243
-8209
2112
-1210
6006
-4318
3894
-6372
2089
1750
1796
-9342
-6245
3497
-2188
-9472
-6807
7294
4232
8535
-701
-6916
-3231
-1967
-7614
9993
1740
-1318
4302
-2352
1681
-8225
-5833
-1564
1410
-4013
-2694
-374
6740
-9901
-2811
9643
-6395
7665
7097
-3083
-1907
-853
4130
-3567
5422
-4678
3258
6955
8054
-5724
-766
4498
1229
-4291
-8623
786
-4376
8032
-3965
8888
9555
-1271
8190
-7849
4690
719
-2124
2465
-2113
-5250
-8099
4978
3794
8703
1243
2772
3070
3374
-7096
-723
-7510
-5273
3360
2169
-1152
-8013
-6143
2831
-2446
4010
-3589
3842
-8058
-2799
8763
9172
-6621
-8956
-7029
8132
2544
-9983
-8919
7038
3438
5518
-969
1413
5393
-671
3102
-5983
-1166
-8840
2178
7569
3564
7776
-3621
7561
-9617
1206
4738
9364
966
7018
-5336
-1135
967
6646
6807
9773
-3210
-3724
-2302
-262
-3274
-2946
9183
6467
1151
-5902
-5780
7298
-177
-8284
-1362
-2395
6920
-6383
-2998
-4825
4614
7309
5385
-2512
-472
-1593
4610
2275
4577
2619
6682
-9810
7930
-3574
-7891
4685
3222
-5515
-714
-5551
3607
-538
-6232
2495
-3674
1890
2200
-3814
8077
5595
-5781
-6154
8670
3960
-1070
-7106
-4790
6902
9773
-2598
9346
-984
-8107
3835
7029
-244
-7107
7647
-6182
149
9653
-4439
-3354
-6124
-6751
-6611
-8109
-9883
-6912
7588
-6064
796
-6111
3730
8571
7022
3971
-5430
5106
5638
-707
-5988
-4527
-3616
-849
5390
1101
3235
-2625
316
-2267
-8481
7595
1143
-3576
1457
-1470
3272
-8729
6771
5386
8308
4469
-1249
-7068
3464
-7766
9586
1544
-349
2656
-1791
4652
-2853
-7218
3970
-5946
-9426
8182
8076
-6704
-7409
3213
6482
-1210
-4374
85
-9864
3207
-5368
-8001
1367
-377
-7328
-7611
-9853
-3537
-3967
-3029
-8013
3772
-2555
-9179
-3507
1741
-4059
-8291
-7201
-2992
-4501
-9446
8206
-9151
5484
5518
-1857
-2447
-6487
-381
6326
766
-3464
-5881
-4654
1060
-2350
-7754
780
339
6224
8840
8673
1092
-9356
-4299
9750
5812
-5503
5040
10
-4784
-3672
-4765
-2826
-9884
5359
9726
1969
-1625
-1176
5705
-6436
4903
9645
8933
8184
-7441
-2706
-1072
9531
8172
5798
3359
5683
-9300
-8635
-7639
-2261
5790
-5784
-1537
-8977
-3783
-3769
9250
-6195
2934
1740
-423
3695
-9238
8380
-9064
5793
-7528
7800
-3849
8409
-7557
-1225
4219
-8215
-9508
-8662
7746
-3572
-305
-1009
-352
5527
-1397
-6331
2576
1163
-3728
-3377
-711
-2679
-6905
-8566
4751
-8324
6078
395
-2295
-2582
5849
5673
2706
-1767
-5208
-1719
-7515
9526
7836
468
9946
-5879
5095
2828
-3680
-6659
-1355
-349
8538
-1940
-9326
-9995
6133
4181
4633
8974
-4812
4502
3596
-9548
-4223
6156
-2005
8500
9951
3794
-5836
-1311
-3051
7761
-6443
8026
9423
-7735
-4025
-2205
-7294
2830
-7122
-1771
2592
-5780
-8088
8459
-4157
5802
6297
5654
-2184
-3510
1629
-723
-8592
5985
-9315
-2661
6403
2906
-3749
8763
9855
7649
5529
-6233
4713
1875
4595
-7051
2720
-4331
-2985
9278
1371
-6759
5254
-7229
-5462
-6794
9946
-4026
-8264
-8827
-2625
-3873
-4726
9686
-6108
-911
-1592
3024
9833
5510
5213
-2603
2771
-1244
-6592
-7303
-1057
3689
-4999
2223
958
3390
-6521
-8626
-2993
1610
3346
-4964
-8179
-1500
2769
-2074
-7646
-452
-1738
4915
-5487
2125
2001
-8486
-5097
9042
5127
-9637
8234
1822
2016
-6110
-6364
-409
-8461
-5212
-6608
-5903
-3964
6009
-4944
-9446
-453
3794
3538
7224
9205
-1571
9501
-4014
6107
-855
6336
1183
-1729
-3434
-2255
-43
4773
-1201
-8748
889
-5994
-514
-7020
7239
7660
9058
-1573
7235
5528
6163
4167
-869
-6011
4062
-8300
8018
1322
-3559
-9641
5290
-9894
8634
-6250
-5122
9995
-1025
-4067
-4350
550
3474
9489
-1666
-484
7657
-6395
5868
1736
4283
-5399
2621
7006
1922
5226
-4670
-2935
-5691
-7494
4391
-1559
406
6325
-7976
9150
-1699
-8146
2043
-1762
4623
-6053
-2611
9515
6987
-6772
-2391
4203
-1211
2237
-1971
191
-7822
-9816
-3230
-8054
1275
-4877
-3403
1831
-1259
3774
2714
7283
1986
9923
-7713
5528
-7659
-5841
9151
-4000
-7111
5348
6200
-7233
6659
-8843
-5511
7463
5274
-5440
2853
-909
48
-8765
221
-799
-3709
-9200
-8713
-7862
-1528
-7287
2574
5069
-8954
9690
4986
-448
-4156
4478
2494
2980
9463
-6420
-7701
-3610
2892
1511
-6806
7409
8629
-8220
8623
-7192
1694
-4414
-2660
4531
-9313
7300
-9142
6682
-2827
549
-5303
-9295
9677
-761
-7167
9405
2359
-5711
8150
4879
-8465
-5374
7811
2047
-240
-1019
6270
8529
-2293
-4027
-1905
1979
-9060
9071
-4351
-5774
4101
6410
-9727
-8210
2890
-1979
-3503
-4179
9803
-1853
-769
1839
8323
6359
-8770
1296
-566
-9397
-7754
-6607
-3637
-2785
6413
-5938
337
6080
976
-2230
-1585
8252
-6246
1428
-2413
6671
6731
-9138
-2166
-3232
-8950
3832
5801
7559
8172
-7212
-3030
-7760
6790
3853
7469
-6271
-6395
-896
1180
1970
4975
2935
-7453
-2078
3209
9467
2369
-5425
1981
-9840
-4212
7604
4191
-3541
-4747
-6942
6360
8803
-5253
3486
-1131
-6558
-8756
-684
5969
1021
8085
4634
-628
9503
-3037
2437
3348
-4456
-1129
-1201
-6092
-4356
-7549
-4322
4610
6411
5984
6174
8234
-2954
3809
-9879
-8074
3987
5286
-3154
3956
6493
-6463
-1203
-5964
-983
8849
-2910
7655
8836
-4841
7394
-9571
-3167
2786
-8338
-4087
3442
-4280
8545
4568
-8218
-4521
-3096
2496
3808
8607
5081
4427
-1379
-9867
3231
-6262
376
-2315
5417
-8195
9928
-1304
7719
24
-3880
-3658
4474
-1232
-4014
-4531
-2081
3935
-7228
183
3856
-4855
-4482
-8815
-8764
5376
6507
-7453
-8132
7330
-6519
1377
2619
-5933
7376
5189
7946
9997
-8990
1029
1250
1991
-7175
2640
6556
-7241
4428
-1750
1088
-4536
-1985
-4541
-9539
-1887
-8166
-7161
6852
-3056
-3735
3717
-1070
-1015
-9882
-4103
9249
2625
8315
4528
5998
-4356
2079
-9576
-9740
-8390
-3688
4351
4828
-6420
-5524
-8471
3255
-8812
7969
-7512
-2148
8614
2909
5629
-6156
8238
-3258
3478
6284
790
8292
278
-4173
8324
-7390
3706
7339
-1920
9384
-6851
7591
1182
-3678
32
-7056
-860
-814
-3615
-7392
-9585
-2887
-1331
2858
-5579
6772
-7804
7172
2662
806
-9590
-1575
6839
4093
-1750
-2937
1322
9300
-9807
5797
-4820
-9689
2958
6509
8957
-2384
3522
-311
-498
-9859
8432
-7291
-7107
-781
-4035
-4230
3665
-456
-3256
-8427
-7960
-6776
5680
-9647
-1304
6180
265
3459
1495
5998
-9811
-6682
-6319
-4157
8071
-8421
8506
2426
1956
-8785
-6322
-7866
-7545
1985
3363
-3236
8315
2081
-3175
1042
9408
-3979
-8978
-7493
1273
-1734
-6676
5126
-8269
-8889
5628
-5287
-1784
-4815
-2405
-2418
-4949
7
-9396
8400
-4600
-6156
-2325
942
-2135
5674
2275
-5524
-1411
-6165
9650
-8698
-9321
-5810
-3810
-2733
9495
-9093
-8598
-7045
-1262
4932
6660
5919
-7406
-6815
-9046
-9060
566
6993
9107
-2629
8830
-7772
-8354
-8832
-9987
9072
-7806
-1970
-5051
4308
8373
9848
2203
4542
9554
1761
-6831
1834
-2398
3029
-3433
-107
606
-284
3469
6738
-8172
-9375
-6850
3951
7639
544
-5381
-6602
-2009
-9254
-4245
-2959
2382
-6580
1494
-7580
-592
-9496
8420
9342
4550
8749
9392
7205
-602
-2972
-2223
2983
1340
5668
2018
-2711
-4410
-2433
5651
3460
8541
-7220
-297
8853
1576
-61
-8291
-9707
4821
-4038
-1588
-1537
5017
-4388
-4766
1392
-7795
2556
-1640
5661
5928
-3629
6520
8871
1845
-523
6880
-2920
-9266
6962
-2253
-5862
-5410
4637
1547
-2587
9457
-5365
6884
-6239
8794
-9607
4753
4723
3193
-4216
3907
-6718
8022
-8078
-4257
9176
2860
7604
2322
-8858
9651
4189
-4364
-8057
-8691
-6224
7213
8388
-9491
3358
-674
-368
9746
9172
-5337
-3939
-7054
-7871
-94
2401
-1818
-7742
-2681
-666
-184
638
-2006
-1082
-7695
23
6862
3813
3194
451
-5674
-1219
-4910
660
9593
5319
-5
8073
4801
-9977
-776
271
-11
-3774
-9527
1877
3603
1972
-455
979
3940
1076
2858
739
-519
-8200
4606
-5325
-3574
2775
-4035
7276
-4364
2832
8849
-1112
-7178
-8461
7869
1112
-9452
-3751
3125
-5821
1320
9758
8819
1833
5482
-9104
-7568
5703
-2012
5183
-2984
-4743
-4964
-3220
7402
4663
7144
9689
3793
7760
-7244
8103
6675
6945
-7800
4088
711
-2800
-9285
-4729
5915
-1953
-3671
-2080
3460
9699
3687
-114
4493
-2222
3055
3373
-2230
-7183
-2538
-4057
5275
-252
-3620
-9226
7335
6107
9734
394
3036
-6199
-5471
2172
4044
3206
6698
2113
3476
-2858
-4363
-9333
-1910
-5401
-3797
-6009
2092
-9402
1001
9326
8475
-2020
-8134
-9324
1981
2242
6838
-7257
8410
-5614
-8831
-6495
9727
6987
2683
-8640
8995
2030
9574
9412
-8413
-2178
-6580
-3026
-6147
6216
8168
2155
-4259
3313
2488
9047
9976
3023
-5744
-308
8203
-3397
1003
-555
-1750
9858
2686
890
6003
6883
-2839
-3841
-1963
-1998
652
3089
-9093
-4253
-6004
-5436
2944
9619
-7170
5648
5354
-4711
-1219
8407
5078
-6875
6692
-40
2055
-1421
4851
-3947
-7752
2398
-9472
-3584
-3714
3569
-2316
-793
-700
3530
-5298
6237
4433
-4109
-3869
-8123
5028
1403
9279
6318
8299
8964
5780
5787
-8029
-3765
2878
206
-6978
9246
1799
-4853
-5869
-3548
4198
-6612
4003
-3634
-4988
-7951
-535
5437
4462
6700
-5248
4622
-6770
8220
-8818
1106
-5691
4237
-3638
3914
9445
2057
-5331
-7266
8187
2242
8781
-9994
1094
-9507
9428
8781
-4895
-4731
-9072
3743
-6987
2027
1735
9595
2202
-9346
-6691
-7067
-2909
-8213
-7492
-5490
7899
7145
7140
2644
3628
-2116
-2280
9228
8075
-6484
-467
-3702
5107
8689
8104
8534
-79
5300
-7681
-6197
9620
9013
-4261
4832
-9661
4968
-3551
9354
-7658
-5947
-5232
5563
8309
6149
-4740
-9204
7536
-2844
-1767
2201
-1673
1893
3971
9503
5429
-979
1112
-7625
3011
4495
8757
-7509
3613
-8241
5045
-989
3134
-7765
-4619
5780
-7204
9013
-8135
9472
1989
7492
-8552
-5477
980
757
-207
2037
9606
-775
1936
-6203
8121
9103
4237
-8641
-2029
-4894
-9985
-6987
-1048
9940
2945
5488
-7108
-8623
-8860
4365
8801
-9780
-8390
2519
-1084
7689
-2150
-2578
-5019
-6087
2570
8236
-1489
2742
8487
-2607
-92
8306
-684
-310
8226
2593
-5947
4203
-7980
-2834
-4562
8439
-684
-4052
-9076
7120
6391
8823
3245
-4138
-9254
7490
-9921
2462
-7534
9928
5582
-942
6114
-3454
778
9089
-5270
-6153
2581
8890
-2077
274
-4085
6870
-5363
6825
7040
-4534
-5525
-1884
-9329
8344
4531
739
1302
-2943
-3562
-9699
-4016
5113
8760
8529
3557
2274
-7733
5493
-1937
2397
2321
2397
8734
4325
-2707
-9841
-2221
-6395
-4788
2715
1052
-1861
3780
8952
975
-6399
-2209
-3028
-9384
5006
3693
3390
-8179
1159
1940
-1569
-4598
-6937
7032
-4056
-4397
-4115
1129
-6176
-5865
5227
6510
2820
-9785
6319
6208
-758
-8284
7640
-453
-1265
-9646
9924
6536
-323
-4624
2610
6944
-7658
-3751
8958
-9784
3366
-9538
-3331
-1958
9486
6870
-1118
1734
-500
-3281
-7977
-9194
8464
7677
-9858
5835
-6679
2499
-4682
-2568
-4546
7331
6117
6359
-8546
-8847
2049
5695
-201
9002
-607
-2711
-4806
5722
-443
2551
-5872
8130
9897
-254
2648
-1387
1329
-6806
-2413
5004
5185
-8695
2878
3972
1883
-8810
9692
-1326
9066
-3780
7390
4439
-8162
-6362
9506
4764
-3025
1662
-5784
2931
-3624
6286
-9412
-449
-4041
-1087
1363
8396
9881
4271
-1031
8850
-4999
9187
4034
-729
-5632
6357
1294
-4836
7310
4004
6494
-2206
-2555
-6659
-8449
-2311
-6054
448
9646
-479
4316
-3392
-8174
9654
7819
596
-8729
-4284
-4265
8012
-5414
-1630
9373
4468
7675
3502
8986
3208
-4981
3619
-2812
-9331
9959
-523
1613
-2421
-4903
-7251
-7998
5326
2965
-4874
-4907
-3290
-8701
9972
-632
7765
2021
-1381
5262
8976
3900
3406
-7090
-9078
2984
-2824
7936
-7409
3326
1163
-8097
-8263
1058
-9197
9325
-8162
-2387
5855
6200
-3376
6242
-8802
7461
8777
2190
-3701
-4448
7265
7876
-7609
-9425
-3733
4666
8763
-6710
1225
2178
9454
3859
1537
-3024
3871
-9211
6373
-859
-2019
7437
-2983
-8723
7389
-4678
8133
-8883
-6018
-7356
6189
8934
8591
-4608
6298
9303
-4069
-1243
-8941
706
4706
-2601
-8776
7955
6339
-1425
-4284
-162
5400
-3955
4401
-801
