10110
9978
9705
5701
-2766
7739
6925
9779
-6725
7814
7352
5027
-3533
-6222
4617
-6560
1711
7231
-9775
629
-4080
-4733
-7389
-4500
-5406
9316
-445
-1126
4283
-241
-2153
-1125
5922
-616
-6976
9108
6078
-48
-7656
4761
4227
-6248
4940
-4308
-1154
-4900
2242
-4237
-9203
5408
3625
-4523
8948
-475
-5388
-8000
4607
-7090
-9255
5594
-2802
-8413
-9159
-5734
-4528
4378
-6101
1179
6959
7309
2782
6702
3107
-1924
-4579
6268
8639
3511
8160
-3760
3536
7041
-5803
2784
5495
-6513
-6805
-1285
725
-4427
-964
1364
4264
-8244
-8793
-315
5176
3907
893
4912
-1022
2269
5857
8695
-5056
4534
1638
3798
1625
184
-3557
-2699
1104
-1698
913
5110
9318
5193
-9917
-6597
-5701
-1451
-3038
-9254
153
-5663
-1985
4690
1728
-1908
1715
1397
-2719
-6464
8287
-5973
8844
4387
3344
-992
7260
-8798
-5158
1798
-5388
-8193
-3467
-7636
8289
4462
2245
-6713
1190
800
-7602
-115
-2703
-3760
2218
-7584
-4214
7529
1102
-6930
7369
2237
7738
2582
-4580
8334
145
-6220
-7087
6232
-5617
-9699
799
6372
3845
8927
-7317
-3582
-5629
-9986
-7007
7243
-5520
-5320
5724
-8847
7309
8631
-6769
9603
-5071
4068
-7088
312
-3053
6951
-7673
8263
-2333
-4295
-1039
2999
-2600
-1119
5741
-4073
3879
314
4202
-3665
5413
-8199
2520
-5973
3172
-348
3300
-2829
-6263
-8191
3957
9339
1041
-1538
6496
-9975
-5998
-3130
-1215
701
2882
-5714
4884
3802
8914
8047
-6368
-740
7829
1683
6652
-1589
-1926
-6390
-5068
-379
-9062
-4293
8234
3932
8952
-881
7469
-3264
1918
-2428
9805
1864
-7762
8842
3221
4388
5381
141
985
-19
-9758
480
-9317
8372
4115
6576
-7466
-1663
-4902
5785
3998
6899
6348
-3085
466
9188
3627
-4801
6794
1797
9551
-3054
4241
9796
-1660
955
-9437
-3878
9831
9103
-6879
-5121
3112
1449
-4265
-4709
-2146
6923
1461
2822
-7909
8310
-7634
-3714
207
4203
3129
6098
7633
9144
-7770
-8774
711
-8515
867
5835
-4862
6199
-9794
-661
-146
5438
4665
7848
-8513
5542
2000
1838
-1300
5843
-5897
-397
5432
5758
-6589
5965
6641
4994
5648
-1718
5694
-9862
1421
5647
-5372
-4205
845
-5890
5382
4181
1926
4442
-4809
7794
4423
3509
-1253
-4071
6481
9434
-1895
-2582
-3442
8813
1117
-4631
2820
-2540
5132
-3372
-5865
-8094
4335
8928
-4482
1983
8781
-3400
-2774
7338
8773
2067
7265
1027
7131
1521
1762
-6552
-5393
2619
9748
4662
7278
-329
-8518
9360
-9382
-1472
4841
-1600
1614
-6861
7489
-5860
8401
4469
7215
505
-1763
1149
-871
-4200
9706
4381
9128
3098
-1577
-9719
-4387
4534
3035
-5391
128
-9847
4243
-9630
-6513
-4004
-384
-1976
6645
6652
-9264
3599
5638
5832
7950
8312
-4460
7360
937
-8308
3501
4871
-914
-7272
-2287
-2462
-7005
5779
7823
7563
1238
878
-7115
-9564
-4585
5404
-8688
-1759
2951
-8648
-3274
4673
6835
-5323
-3731
5910
9930
1137
-5045
3695
5584
2161
-7290
-4151
2603
7257
-3922
-6640
-9002
9422
-4455
-4393
968
5133
-3475
6134
-9202
9728
-7660
6370
1662
8985
-1862
-787
-1518
1624
-1911
-7392
-8439
-5460
935
-4005
-2709
-273
-1574
-4853
-7804
-2210
296
9883
8480
-281
9368
-6671
-824
9176
5640
-4283
-7244
6626
-9384
-1154
7842
-4923
-8206
-5905
-657
3992
-3242
-2587
6056
-6604
-7810
-9136
-1695
2269
-9049
-8618
2837
-7109
-790
-2738
7766
7792
9642
-9363
8802
-4499
-9094
-4687
-3045
1120
-7137
-8922
-7934
-5148
2841
-2095
7702
-5256
1090
2102
-6659
-3284
-9190
8597
-9896
-9692
-528
-1074
8149
5284
1066
-2021
6224
-4015
-3674
-4616
-5318
-70
-8882
1599
-8087
2843
-4680
3536
3814
-1025
2911
3395
-936
999
-7013
-9236
-7138
9841
-1007
7237
2521
-4687
-550
-5647
-993
-909
7891
9777
7836
1557
-3216
678
-9331
-1146
8131
7111
439
-628
7301
-1080
-9378
6334
-8598
8219
-6586
-6941
-7421
-5381
-1183
-9634
9090
1448
-5448
911
-9817
-8740
7388
1620
-4657
4339
4744
-3813
-418
119
879
2281
-8549
7828
-8787
-569
1181
-8776
8302
-4761
-7912
706
-358
4154
-2385
5743
2524
6594
1813
-3267
2218
7196
-322
9206
6641
7998
982
-2612
7124
-7823
414
-6889
1361
-6542
3595
153
2875
5564
5315
4287
5499
-3117
3424
-1079
9342
6467
-6069
4579
4314
-1346
-7092
8959
5895
-1499
189
5110
-5805
3634
-7341
-3663
-9351
-1637
-4946
-3183
5645
7598
4302
8082
-7733
-918
-5349
-1187
5093
-7965
-7788
5217
-4218
5687
6254
8069
-7987
-4713
-1920
311
8891
-8809
-4424
-9564
9365
9391
-6296
-1704
7998
721
-5454
-5133
-1185
-9615
-1549
718
1884
-5914
3510
-7170
1107
5179
-7676
3579
-2241
-7356
4536
-5980
2631
-5288
-1821
7432
6976
75
-222
4676
5343
-2984
9247
-3766
7445
-1546
-5511
-8755
-8412
-6508
8215
-1507
4458
-9958
-5986
-7596
-8656
-3621
-9993
-5902
3974
-1107
-3997
2614
-867
-9664
9522
-2292
9880
-1833
9594
1461
4161
-8387
2075
-8232
8212
-8243
-1299
-4496
-7296
2843
1724
2856
-2185
848
-4823
-214
456
-9989
4849
-912
1426
2346
-3150
-260
7629
-8032
6400
8578
885
9714
-1463
6271
-7882
-5807
8122
3768
4084
-9861
-5787
-2260
8814
7653
3405
9750
-6228
-8894
8804
-7248
-9745
5577
7209
-4114
-5538
4304
-1713
8139
-810
-2590
-1178
7924
-3208
8475
-4946
-5715
2501
-5250
3614
-2987
-8281
-9135
9150
4321
2809
1035
-6912
-881
3647
1323
-8437
4052
9285
1519
-7691
6677
6491
-1576
8151
1012
-5988
3269
-1136
6821
7321
5920
-3581
-1876
-8382
-9683
-7292
6977
2752
-1452
-9774
-6165
8521
8903
-8853
6652
-614
-5310
3989
9375
-8076
9567
-7114
3009
2777
9387
-1707
4335
6033
-1523
-1732
-7041
-8038
-4252
-4955
-1824
1864
-578
6321
-9847
9068
8354
2858
6446
-431
-178
9778
-6840
3991
-6999
-1519
-5374
-3019
-6959
6363
1768
7985
5888
5131
283
3959
5920
-1574
-3605
555
-4864
-7327
-9718
3799
-2951
-5077
8773
5722
3152
-9256
4530
-4789
4469
-1834
-4303
-5784
-8264
-9392
4689
-7908
-2423
2307
-2926
-4436
6123
3006
-6271
471
-9206
7089
-5243
-8493
4999
3759
-9634
7732
2689
-5617
4925
192
4584
-3489
-9858
-2511
897
-1630
3201
4732
-2574
5630
9489
-3785
9364
3581
-5505
1917
6956
5694
-6707
-7814
-7210
4225
-9051
1396
-714
-1140
7534
-5667
-2246
5919
-9865
-1808
8739
5352
5437
-8193
756
4506
-104
-3979
-303
-986
4815
-8240
-4289
6030
-6263
-2539
7450
-4698
3312
6154
698
-8292
3084
2115
-8625
-9113
-973
9286
-304
3555
-6063
-9535
-779
1389
339
-143
3595
4633
6405
2123
3985
-822
6612
-6636
7824
4374
-8722
10000
-3845
8760
-3065
-6287
-9126
8271
1791
-2701
-7814
-9927
6354
-6441
-5394
4594
-8557
3948
8384
3501
-401
642
4435
1348
7256
-1117
3218
5843
-5017
6068
-458
1867
368
-1042
4631
3080
-1783
-4202
-472
-8625
844
6811
3245
-840
7647
-4496
5359
8297
1463
4303
-855
7422
-9481
2801
-4666
-8200
-9246
4740
5355
1823
2217
-6215
5571
-1671
-4112
9347
5816
3889
-9492
-6675
-3554
-7050
-3003
-2301
9289
4657
9764
1960
3580
-2703
1235
-5519
6201
-9139
-3011
-7165
6407
-2866
-6055
-4327
3330
-5744
7944
1780
-2399
2095
3726
-5024
6131
5121
637
-7408
-1500
-6863
-7138
-1457
9088
-735
6639
-4726
-3065
-9059
-9050
5420
-3535
2263
-5469
-2770
9748
-5981
-2286
-9950
1223
-4874
-5721
-6551
-1769
-3217
-6235
-215
8863
-2383
-414
8048
-4782
-1397
3893
2707
3697
6043
-8099
6943
1883
-419
2864
-7202
4621
-3924
-4916
-8950
-8954
6994
-5272
-2963
-9272
1798
-9264
-2118
-7974
-3624
-4904
8709
3967
-1895
-3603
1497
8645
3855
4265
-1595
-5370
-9981
746
-5126
-8204
213
-5693
8794
2941
-3476
-8070
6399
-1171
-3234
-3301
4064
3084
4116
6403
8377
9460
-8348
-8624
-926
9440
-4897
6882
-4225
-2556
7655
1156
1336
-8500
-1981
-7897
-4967
-4842
-2207
6478
-1689
-4256
-5003
-245
2831
-260
5184
-3885
-2670
7862
-2308
-115
2033
8133
-9556
-1101
8049
3825
5106
7288
-2449
-5132
3933
6478
-5094
-6783
4295
7293
-5202
7668
-7471
-257
4960
-3460
9527
1243
-2916
-6514
3458
-5372
-594
3437
6619
1908
1384
1482
-586
1835
-1809
4455
-5765
593
9464
-9547
8145
588
3854
-6530
4864
3568
7665
-1409
-7220
1772
685
-4325
-2586
5869
2343
-8995
-3563
-3957
-2618
-1653
-8581
-5365
-4054
-1444
-552
-9915
7381
7760
2420
-8581
5473
1467
-1114
454
2757
-9429
858
5016
6003
2648
-6198
-587
4324
-3272
-8860
64
-7153
7749
-2735
-9272
5911
-2263
-6887
4070
7196
3665
-4564
-1010
-4537
2287
-9232
2171
8959
-672
-5446
1377
-2366
-5462
-9961
-1554
7202
1629
-5972
-8343
6269
-9098
927
7907
1455
-2404
1614
8091
-6402
5473
6001
4908
-4078
2578
-1183
598
-8942
8280
8907
-9287
-23
7650
-1678
-5435
-4182
6866
208
9214
-9109
-5061
-6590
4124
1184
2706
-3433
-5576
-5035
-1205
4596
-7384
-5152
-9431
-7045
2969
-9179
-3766
-3044
6231
-2108
-5901
-8850
-4417
-8907
-7839
8261
1598
364
-1883
5043
-5891
5794
2484
-7025
-2810
-7016
8470
-8461
-3747
8284
5220
-365
980
1602
1375
-9538
6450
4922
5426
-1394
2860
5319
-3761
-4838
4907
-2122
4258
-3020
4204
-6824
-321
-4208
-7836
-6812
-9584
2286
4551
-9579
5867
-9670
7741
-3564
-2147
5225
-3231
7233
5689
-8264
-591
-6140
-8351
3229
-8238
-5102
-3486
9793
-7590
7569
9997
-4990
-706
-2123
-7407
-5123
-3397
-5372
-6954
7965
-3104
5299
9824
-8286
-5909
4309
-2739
6410
-7744
-185
-4707
-5536
-8288
9417
-6298
-4893
-8833
4622
4205
-9215
4315
4882
186
9824
3321
-2608
1356
-4220
-7646
1848
2632
-9643
8851
8761
-5535
-5188
-3527
-7417
-7771
2579
1487
-6321
6543
-9452
-3599
-8724
-3382
3808
-3294
1828
-9926
-9582
7275
3412
5808
6059
9312
1613
-1701
-8511
-1645
3556
4955
-9196
-8247
-4500
-1603
-7138
-4956
3739
7612
-7816
1666
-8944
-1932
-4428
-9724
2517
6542
5321
-7513
-5320
2107
-5201
-6088
-2350
4312
-2538
-1541
155
-5318
101
8438
-9080
4908
7811
-8953
9854
-6037
-273
-5728
4917
3045
8683
-3292
2889
-389
5004
-5501
1559
9800
-4052
-4820
-461
-6248
935
145
-8509
6085
334
921
4247
-3569
-3807
-5276
-198
1388
-7854
8238
-5007
2777
-9954
-2107
-5375
7468
3407
9563
-5628
-3880
1592
3960
7785
9515
5434
1902
-657
-9883
-1019
-9666
8404
-3923
3060
9280
-1639
-3176
8119
6963
-3835
-4725
2227
8708
-8723
9519
-3946
2992
6730
3796
-5461
4962
6634
-2378
4790
5059
3034
-2846
7542
-9043
8109
7379
-3714
4094
-3111
-8141
-1146
-31
9365
-7783
-9514
5011
-4813
-972
6060
-9585
2643
5553
-6034
6145
-5470
4114
4262
-519
7152
9535
-1937
-374
-9969
-4632
-8638
4906
-459
6304
-9335
-218
6916
-2079
-9503
-2342
-5811
-2335
2803
817
5057
-2430
-3082
-9031
492
-4126
2493
5403
9057
5343
346
6776
-6119
9709
5401
1000
3007
-3717
1254
456
4629
990
-68
721
1485
-5462
-6507
-3943
-1617
378
4295
-6922
-2242
9588
-9926
-8727
5974
-8416
-6939
-7688
783
-2877
7603
-9405
-8941
-2134
-4743
5682
-9745
-7202
-3232
-8877
8353
2438
-7973
2977
-3183
-2737
1114
1572
-8564
7912
7056
2602
-5288
-8067
-6600
-2176
4719
6760
-2871
-5929
6034
-1944
4053
5668
7411
8501
-7290
-4598
-7928
4257
-1497
1503
5329
205
-9271
-6850
-9561
2520
-5287
1180
1184
-7510
-6637
4987
8621
5387
-3397
-4657
-1464
-7052
7615
-7518
-959
9737
7962
5801
-4365
3005
4314
7581
-3162
8762
824
7246
5904
-1225
9890
6107
7704
-3570
8425
-6357
537
7398
-1677
-2004
5313
3587
9008
2331
3117
-7862
9231
5472
-9328
5701
5013
325
-6313
7840
-2055
4429
-840
8689
-6839
-4912
5981
7641
657
-4890
-5668
9918
9839
-9154
-5516
-3873
1376
-5182
2325
-6394
905
-5810
8673
-9250
6766
6749
-651
-900
-1529
572
-9165
-5941
-4678
-1787
953
-3185
-2780
-9960
4801
-5453
838
9046
-1635
2046
-2408
6543
-7626
2408
-4698
6937
-4802
-1190
875
-3964
-6583
-3602
-6603
-2247
-1214
2665
-3901
9003
-9211
-6811
-5459
-7989
-5894
-6394
2125
5185
3485
8657
-2499
-4604
115
5788
-6222
-6312
-1569
9628
-8852
1563
-6638
169
-1766
9961
-667
-2274
-7653
8093
5334
5070
98
7775
60
-5482
-8738
-5609
-8003
3605
-2513
-5793
5691
-5918
6739
6915
5857
3175
6363
8145
-1988
-1028
-8553
7517
9140
3277
-7432
6296
-5351
-3620
-9437
4359
-8431
6263
-5426
6228
-1674
9482
-5442
7682
1644
-4602
-9522
-5858
5836
2305
-2987
-2587
1073
-6772
-9768
9037
3013
3509
-6972
-6955
878
-9462
6138
9798
9826
-8752
-3855
7479
3729
-8967
1455
-3566
9862
6736
9445
-5807
-8222
4346
7461
6372
2666
4075
4782
8886
7792
1503
4095
972
1232
2989
4036
7155
-135
-2904
8677
5201
-4129
2086
5947
1933
2239
8387
1301
2235
-9223
-6835
-6355
7577
8328
-543
832
2816
4505
6553
9640
1611
-1242
-2749
6664
-3967
-3657
-6567
-5874
-9903
-8194
-2560
4041
848
3203
-7140
3094
-2087
8999
-6388
6692
4072
-7936
-7445
3937
362
9518
-3620
-2354
171
-8065
6816
-4656
2846
-9243
3621
341
3999
-1399
-5643
-210
8858
6685
87
1252
-645
3172
-951
5844
290
-4896
-5889
2759
-1933
4915
-938
7622
1507
-428
-2609
1748
9578
3132
-7187
-7221
2418
6035
-3497
5991
6304
768
2269
5774
-1051
-8532
6498
-5003
2526
5924
1638
-1015
7606
-9071
6784
-6222
-3211
-2658
-2615
59
7554
1840
-5601
2151
-3603
2704
-8988
6714
602
3628
9523
-6857
-2493
2082
6996
-6453
-4104
-5625
3987
-4318
9990
-8193
3159
-4207
7962
-9362
1020
-2665
5619
-4273
7499
950
5001
-8632
1079
9410
8684
7606
1491
-8131
3945
-8520
-994
-2525
1018
6796
-1951
-8739
6914
-8532
-5977
1923
4463
7554
9084
370
6088
-9609
-7241
9451
5163
-509
2454
1800
-3806
-3861
2918
9395
-860
2380
-2494
5867
-4875
-7009
8553
-6164
-8996
6027
7568
-4852
-6051
4299
-2835
-1455
-3364
-4986
-1887
-5037
-7118
4124
6876
5306
824
-4955
-8145
8724
9076
-9993
3937
-1441
-6940
-7990
9603
-5708
3942
-2024
-9508
1471
-9309
7670
-278
-315
-2668
7597
3518
3458
1768
-9931
9230
9637
-5695
-6806
4444
7624
-1834
237
5332
-6736
9283
3487
-3083
-4276
-5422
-3852
-8132
1388
-3149
-9850
2999
-4086
-7038
3407
9786
3887
-5059
-111
-2485
-3002
-2186
6282
-3621
-4910
-7881
-8717
-5394
4669
1496
-2923
6636
236
-1166
-8784
-4057
33
9748
-709
1991
7770
-8520
6525
-2802
-9826
4835
-5171
-2412
9107
4146
1693
9105
-8815
-2298
-1729
-1175
359
-8395
9912
-269
-2956
8887
-4191
-3801
3801
566
8987
5127
-3471
-8244
6051
-588
1811
-4135
2894
3457
-1500
-249
-2156
-9344
3892
4278
326
-3848
-7250
-4747
6376
-4532
3793
-9702
-7076
6205
-792
1950
-5742
-5281
2104
-6409
-9805
-5846
8888
7491
8475
-9998
1323
7740
844
4959
-3847
698
9678
-447
-2769
-7970
-1029
-3380
-7511
5144
5726
-2343
-1046
6169
-8467
-426
-5944
1172
3290
2019
-1131
-1351
-2569
-2349
-525
-6710
-6390
6459
4272
-1021
3565
5413
324
4752
-3914
6769
7432
-1361
-4038
196
-4523
1548
-4480
5753
9824
6589
-5094
-1823
5422
9512
-9997
-9349
-4896
443
5109
5922
1783
436
-7947
-2745
9913
1610
6906
1234
-5378
-5320
556
-6062
-771
87
-4110
9083
-2071
7932
-9783
-3754
2756
5204
-902
-7391
3906
-3861
1804
-1171
1424
2742
286
6332
1246
9137
829
1579
-2390
-6298
1121
2433
-503
-1968
-5188
-1481
4528
-2260
8437
1422
6098
7385
589
5261
-6432
-7016
2703
2315
-5479
-7372
5012
-7620
3407
-809
4807
-9993
-7642
-4519
4219
3386
-8570
-4420
-7414
3503
8150
4866
-5880
1916
-2158
5671
-7190
6580
9382
6880
4285
-9902
4669
-9770
3852
4308
-4625
1106
-7620
3576
2468
8052
-89
-2897
-4590
-8942
7734
6732
6618
3459
3245
-740
2527
2220
2689
7671
-9350
884
2613
9657
-7482
-9487
80
555
141
-7647
8728
-9927
-9391
-401
-9059
-923
-5814
2753
8562
-657
3674
-1139
4520
4040
-3555
-771
-881
4359
2113
-5419
-3010
-2373
-5844
-6157
3661
-8152
-3122
-7329
1985
-6954
8055
-4603
-1999
-5022
-636
-5425
-5726
8301
-3272
5479
-9172
-7001
6866
-3085
3489
-670
9185
-9229
-9051
-7173
9530
-443
-6869
-7733
791
7828
8592
8700
-9276
-47
-8868
-350
-4450
4845
165
1262
1555
7589
4347
6387
-8349
-7025
-11
-2656
521
7012
-5818
9126
-1510
-2396
8432
-4351
4099
-4831
3830
-1876
-1601
529
8628
5160
149
6167
-1971
9861
-3818
9909
-8817
-4205
-5424
-2387
-9434
-2914
2862
-4041
9751
1471
4003
8651
-8355
1309
-1713
7893
-655
-235
-6172
-1014
1397
-5297
6193
-3101
-9433
-5705
1345
-4338
7993
4169
-7377
-9899
-6561
9090
765
-7772
6461
-3741
-6859
-6404
1742
-113
5605
-4541
-17
-6035
-4246
-2574
9001
-8872
-1132
-5943
-2380
1152
6235
8971
6567
9488
-9603
-2844
-445
-2484
-2448
-6463
2015
7576
-38
968
1285
-2535
6999
5981
9679
8019
4583
-7917
-5062
-7733
8449
-3023
1469
140
3571
304
1927
783
3494
9832
4025
-3233
8344
-6910
4589
-368
3977
-2935
1595
8937
-1787
8043
476
4781
7387
6552
7197
-728
9905
7540
-751
-3107
-8122
4012
6327
5187
408
-9134
2500
5682
830
-6331
3583
-1808
9461
2270
5948
-6127
8625
-8213
5351
-5062
-4159
-956
-3249
-1477
6937
2026
-7513
-8887
2905
9500
8269
6071
6587
673
4837
4598
-385
-9176
-806
4186
6686
4022
7600
1520
-8750
7177
-9798
1758
2991
-4773
-7046
-6549
8945
-2288
4121
6344
-301
2034
-4073
7635
-9325
-6511
-2830
-1870
833
-6194
6104
-6388
4145
-8127
-918
-2453
-8157
3249
-9034
4074
1772
3206
6208
5764
3689
-6850
3278
-5194
9806
4041
-9399
-9791
-10
-2280
132
7524
9317
-9023
-2137
257
5062
2493
5691
-6338
-3449
796
9875
-4437
1710
-8266
5957
-5671
-6191
4518
-3515
-1537
-7111
872
7205
-3071
4166
7188
6199
-1917
-9220
-4658
8181
7011
-5221
-3061
-1881
-1500
-2301
-5142
-8991
-2030
-8274
5451
-7723
9732
2816
3252
1110
6990
9547
1716
2450
-8445
3593
1797
-4857
1592
-9523
-8219
6583
-2007
-4789
-4434
5289
1079
-5046
-6496
5246
976
1923
9430
-9850
-733
6599
-4340
1891
9975
1833
143
-3965
-697
-9280
4771
7519
5292
-4116
-4403
4554
5245
6120
-8195
-5176
8464
2061
4156
4178
-8205
-6593
-6439
-56
-4579
-7653
5660
-2199
-3555
1243
7261
5804
6672
1640
-8446
-7897
-7078
9131
7480
4202
346
1173
187
-7335
1744
5035
7345
-2218
3808
-7582
-4242
5945
8381
7864
789
-8561
1378
-6664
3134
1301
-332
4575
-7547
-3876
-2336
8429
-3976
9116
6408
-3717
-2952
-6372
-7765
-4459
-4423
-8808
-399
-9626
-9678
7583
-5669
-4537
-5830
-3995
7457
-3384
596
-9434
6931
-5370
-6812
899
5042
971
-1265
8906
-212
3118
7685
3280
-7806
946
-9830
-1501
-7972
-2882
5152
-6605
-2097
3883
1209
-839
-7190
-5267
736
2154
-44
-4319
2833
6596
-49
-2910
-9301
1249
-6820
-9487
7536
-5649
-8446
-9377
-2313
-5755
-2344
1212
2149
8065
-8497
5906
-7224
-7878
-164
-4800
7841
328
3688
-1491
-6448
2340
-8563
7556
8951
8226
3392
-311
-2352
7957
4466
-3348
3443
2896
4812
8933
-5182
-5249
448
-6199
-144
-2733
-6347
-5227
-5092
3528
-2185
-105
-428
-5290
8289
-1447
-6909
-6689
-440
3251
4824
-8844
2393
-2085
94
-4148
-1441
-7616
9096
9462
7356
-589
5169
-3375
-2014
-6292
621
-3286
4097
-8507
1660
-6430
-3190
7115
-6526
-656
4908
-9430
8460
-1396
3249
6263
-504
1575
5427
4194
-603
3719
1830
4528
8385
-8034
3806
2076
-6234
-2823
-7302
3376
-3996
-3545
-5084
-9149
1601
-3364
5747
1548
5143
-4228
-2891
-448
4866
-1569
3824
-5986
7792
1221
3112
4832
5390
-9738
-4141
7921
-1458
-6176
-4971
-8541
-9288
-7043
9639
-8293
3859
-3529
-1989
5894
8951
7900
8912
8153
-8437
5535
-1583
-7883
-6837
5278
-8855
-2562
-7965
6183
-2021
3350
-4085
5579
4212
9910
-1046
-6908
875
5578
-1259
3560
5460
-1725
-5580
-4999
-9325
-9737
-3473
-5224
9779
-9599
3914
6950
-2818
-2460
591
6171
6856
-2728
99
-7340
-5311
-5901
-7224
-8422
-7540
4662
3668
-4159
-1312
8008
-8874
1667
-1577
7022
-3656
-4766
-9742
9448
3973
534
-2869
-881
3334
-9703
8754
6932
-5639
-289
7874
-3722
-2542
-2675
-7688
8406
-4605
1805
3412
8983
6387
3896
-8727
8329
-9974
-1287
-1716
2208
-6578
-3268
-6463
-5575
9509
7003
5801
-8586
7092
3713
8349
-9720
4348
3359
-3871
-7533
-4353
-1811
-2152
7749
9672
-2325
6560
-8722
-7510
-7631
-7498
24
-266
-5989
-4666
-2282
9255
-7280
1145
-1846
1768
-8372
-7542
-4955
-6533
-7275
7408
-2187
4859
3165
8418
4005
3014
-2758
7713
-2196
-9301
-388
5698
5254
-5280
-4596
4037
7247
-695
6413
-8682
6695
-5007
306
9056
6672
-1181
5076
7840
9192
-8155
7604
-49
-6451
8972
7533
8272
-8618
-6235
-9141
-472
125
3674
5951
5240
-4946
-3876
2385
-7565
7788
8871
8502
5294
5092
-3749
4275
-1342
2680
5071
4945
-4698
-9429
73
-9053
8759
8059
-1215
9813
-9161
8186
-6397
-7379
-3477
-7070
-534
3108
-5583
1967
7250
9522
-1187
848
-342
5400
3529
3287
4975
71
1339
7741
9
1072
-7724
-2157
1926
4130
1833
-7985
-3121
-8358
-5874
-3488
-7793
-3861
-4580
-224
3836
-3637
-3444
-637
8425
8458
7394
4424
2234
-1916
-5166
-703
2649
-3671
4858
-8471
-3122
5597
-133
-8058
-1585
2692
2687
-6916
9233
8543
4502
-623
-5782
-1888
-129
9879
-9025
-3896
6824
5202
219
-6040
-3979
8752
-1434
-6271
3679
-9750
2863
-2669
-3676
5433
-1270
4295
7437
-8216
5278
4082
3508
-8029
5572
-158
3251
-9490
-3205
-3017
4016
7822
-3044
6372
-6717
5677
-3179
-740
-1439
74
-3902
3646
9727
8711
-1463
378
7376
-7839
-3820
5379
-9689
6810
-6181
8162
7702
5820
1537
5545
8648
6974
1243
6312
-1724
689
-9209
3759
-3907
-3339
6410
7469
9050
4299
9152
8081
7352
-4612
-8974
-8149
-5733
-8109
-2630
5222
5762
2034
-5868
6892
3817
1485
-9181
-9898
6835
-4629
8034
1265
993
-8697
-8528
9307
8293
2099
6815
7290
2725
4011
4630
-226
-7736
8896
-3074
-3164
-8859
-1868
-8245
3860
-1094
-1858
6164
-8610
-4339
5119
7280
7206
-8540
-7762
964
7092
-8779
-2186
-7818
1109
3034
-1321
2937
3499
1061
7261
-4786
7011
-7076
9917
4526
-4561
-538
1215
31
-4031
1180
-6967
-2955
-4607
2518
-8039
-5839
-818
931
-6800
9447
-9880
2815
-8209
2587
-3146
-6721
-7753
1533
-9627
9368
1395
-4439
570
2557
-6852
-2074
-4403
4882
7708
-1632
2904
-1248
2460
-7980
7963
-6713
6756
-1465
-5479
-142
6739
7134
-5703
-5302
-4811
-8093
8191
-3390
7524
9934
-9863
-3128
-8471
-1479
-7319
1157
7504
4280
36
-5108
-1582
-4131
-4414
-1977
-2164
-8372
6543
7007
5224
7614
3364
-1392
7501
6359
-3614
-1273
-2051
8885
902
7162
-3719
-6276
6808
612
-7909
-5776
-5907
9962
-4970
-7897
-5991
2810
5072
-3475
3102
-2741
-2478
-6213
-2523
-2758
-9001
8793
6341
3647
9579
8833
7605
6981
-8195
5276
8113
-8102
-8985
-3813
-7733
-6794
-3843
-5115
2321
-7641
5290
9111
3485
2638
-2328
-7001
3528
1785
-4447
3526
2862
-2584
2857
8462
1379
-8668
895
-9297
-4216
9059
-2922
-3236
5574
-340
1767
3256
-413
4177
4732
-8822
2433
8128
-8292
-9533
2206
3671
4657
5634
5866
-1026
7176
-5922
9882
2555
7814
1617
1761
546
3444
3832
-8427
-2020
7286
6618
-6572
6903
6844
-5411
-6657
-21
9103
9169
1864
-7610
950
3752
8416
7458
8607
2622
-3291
-600
-398
4540
-4278
-8893
-4395
649
-9205
-1097
-2364
9997
43
8768
5188
8199
3657
2756
-7522
-7370
4839
3244
2436
4999
-4100
-6348
-8025
2094
-6165
-6702
-2079
-5756
-9438
6706
6209
7824
6181
4900
3503
-9535
9693
-4576
6827
9918
-4015
-1391
-1756
-9372
-5361
2561
9042
7168
9902
7158
-5907
7171
652
2434
-1448
-5232
-3266
9231
-2676
-2392
74
-7817
-5826
-4889
3412
-7363
2348
-8506
5746
2995
6502
-8938
-7959
-3071
3475
3122
23
2820
7167
2491
5000
9211
-9478
981
329
9375
2826
-4548
-4205
2642
-9713
-6713
-7863
9205
8236
5675
221
-4332
1471
-2745
4914
3761
3722
5767
-5425
-1565
-7927
1390
8792
-6605
-1448
-5843
-6561
4578
3276
5076
5710
-7906
-2661
-2974
-8321
-6263
7660
4182
-1
-986
-8170
-9878
-5693
6767
1541
1710
4933
2339
-8856
9704
668
-5579
-3121
5098
4896
-3087
-9200
-9583
2298
7844
4750
1045
6202
4465
-1449
6003
-6900
1085
6194
-6834
5795
7102
-3366
-5305
-1479
-1899
-165
9461
8337
-8749
7624
8812
351
8759
-6499
1946
-8959
-9400
8901
9686
-2020
6851
-4014
4645
-9964
9031
-9426
-6041
738
-7990
3720
-9980
-7434
9045
3101
3735
-8253
4198
2525
9712
3839
4998
3878
8982
7931
1763
7098
3504
4844
-5925
5260
-2667
6743
326
6726
-3897
-7315
-9225
546
235
-5305
1480
3828
-9802
2636
-2480
-9667
-1516
9077
-5445
-1538
9107
-8158
8886
8613
-3028
9989
6600
7862
4757
-5725
-9750
-5142
-8061
-5877
3362
5589
-5912
1850
7170
-5060
-8045
-7183
-4136
-8639
-6667
1840
7281
4132
-7212
6962
-2713
-9482
3448
34
4049
575
-2203
8232
-4202
8549
-8004
-4239
4887
1911
7454
8391
-3140
-8021
2630
-6277
9126
-3053
-6809
7852
-6947
2015
-7292
6207
-5490
8022
-4512
-1730
1507
2684
8179
7610
3633
-9050
-1658
-5672
1392
-4887
-8028
-2754
9467
7158
-6147
6525
-7485
-7017
-1525
-612
-6319
212
-4987
-4724
-6644
2568
8669
8231
-1806
-3952
-446
-8844
26
8706
5617
-8439
-958
7784
4079
-2722
8451
6646
6425
-6690
-3206
-3835
1832
6547
-6506
9768
-5156
-7970
5741
8851
-6316
-9201
6443
1664
3985
-5944
-5912
2467
-8819
9989
8802
8480
7984
3686
9935
-7052
6695
-8646
-5939
9599
2107
5687
-1832
382
5238
-5246
5040
-4994
-1295
-694
8648
9853
-6823
8987
3525
-102
-1831
-324
-9086
-807
4671
5721
-4569
-1890
4313
-9645
-9749
970
4035
-7978
4735
6309
9048
618
-4721
-8847
4580
4433
-6146
-2048
8649
-398
4640
6405
-8095
7826
8152
-7860
3919
4544
-2453
7928
-7061
4444
-5583
-8421
-1054
-5556
-5255
4097
-6788
6467
-245
1451
247
-1627
-5447
-4918
-4745
-5150
5940
8452
2183
-7554
8081
-1308
4654
9501
-4712
-5033
1015
-2373
6164
-1109
-8834
6768
-4510
3775
2609
-5097
4535
-3380
9627
716
-4779
2469
1667
-8102
6022
9032
-6846
3748
2801
-1879
-3204
-7920
-1911
9261
7218
1074
-3125
6536
2804
-2377
-9641
-5574
5244
-8184
-2719
7763
8565
7077
-2085
917
2855
-6964
-4953
1283
2966
-794
-1423
-4705
-9404
3551
2119
-7204
-9937
-836
7392
-9451
-513
1556
-7830
6390
256
-4301
-5363
-4680
-3830
6767
3195
-8533
-8027
-2483
2223
3907
8720
-2433
-8969
-7768
1301
3396
1879
-4994
-9938
-8290
7157
8779
-528
-9881
-308
8232
485
7727
-4857
2109
1332
-8275
4508
1654
3804
5880
-8385
-4632
8260
-9827
4498
-7090
3215
2009
-5591
-7560
-3610
5405
7946
2737
458
7065
4694
-8624
6496
-5129
-3069
350
1201
-3055
9156
-670
-1046
-9963
6112
-9121
-5338
4228
1582
-2322
7520
-3386
861
2341
-7816
2203
2232
2897
9257
-528
-591
-8260
9145
7550
9557
-4269
5362
8871
723
7428
7127
3525
-9702
-6756
4818
8148
-9104
6292
-9569
8915
2464
-5547
-8525
8790
5606
1103
-1690
6450
-304
2548
8173
8660
932
8050
-9103
1977
5779
9375
666
-5126
8529
-2490
-1087
4610
6525
-5976
-9884
2624
977
-8813
-6545
8273
-4357
-3336
-4405
-8369
6452
6157
7412
-5240
-9967
616
1247
-779
1719
5822
-8042
-1545
-8150
2905
-5792
-6088
-3597
-8199
-8166
7082
-4130
-4032
-6201
-3535
-8013
-3889
9922
-3966
7014
-216
9750
9316
5739
-302
6506
-3556
8993
-9099
-3851
1582
6916
-9815
-6985
-9772
-3947
-5702
-9012
-3892
1210
-8305
9941
-9993
-2504
-4216
2474
9689
225
7255
-2393
2829
4886
-3801
9970
-7564
985
111
2765
-2719
-9182
2014
-8047
-9758
-6658
-1176
2741
3070
3043
-3611
559
8040
-1318
-255
5208
2261
-47
8172
8996
8255
-9098
-6517
-22
5219
-3686
-5530
-8264
-6792
-1119
-4839
-7478
1713
-6553
5846
-6282
-5973
5743
-6449
-7073
-7543
-163
-4262
-6788
9137
9532
6718
5280
497
9498
2130
-6651
7287
-8704
2753
-3184
8708
8383
966
-4120
-7661
-6890
-1736
3811
-3678
-5475
-2403
-8363
-5390
17
705
-9005
-523
-6736
-9738
7647
-2369
5162
-7607
3049
7232
2004
1705
6228
7207
2781
-7673
8974
8041
-4548
-2918
-2157
5310
-9555
-1501
-1616
7890
-9743
-9525
2417
-7718
4134
5980
1218
3188
-2256
-3424
-7872
-3365
-8824
-8700
-8348
3155
-2332
-2206
9822
8465
-7405
-9786
6387
569
-3520
6201
1478
5906
-4778
-1592
-1308
7217
4504
2025
-5053
1634
-8850
7952
-8882
9627
-7523
-9343
770
-4800
2665
-6145
4701
396
-3854
-1112
-2344
-196
-3853
-2614
-9224
5189
-3802
-312
-5158
-5094
5899
-7895
1403
6077
7782
4515
4258
-9525
8466
-8619
2234
3575
-2286
-6196
-5029
-2350
-9284
6857
9907
-1937
-6982
-421
3475
5537
-2598
3580
6299
1561
9808
4979
-5411
-3474
-4708
-4133
7486
4145
1911
8464
1799
-6116
-5347
-9904
-422
3925
-4375
-1301
-2554
-3929
9237
-2014
2266
-8709
6194
7820
9290
-1314
-3802
-399
9511
-7741
130
-5944
-8204
2655
7112
7629
-7104
-1577
9252
251
-8529
3131
8630
-6183
7653
-3914
-6013
-3281
-9333
585
1166
-1123
5433
-7932
9263
-4664
9791
-8871
1724
2284
-7475
2100
-1793
5480
-1836
132
5835
840
9955
-6766
-453
-5117
-265
1076
6373
-7700
4461
4569
3409
-9133
9051
8953
5451
-5717
5001
-2071
-4265
-9420
9746
-2394
8080
-8351
5198
-6193
9539
3654
-9296
-896
8146
5408
5124
-4418
-8306
1124
-1220
-8836
4466
6872
-6909
1737
-7767
450
-6566
-2992
3550
-689
798
3891
5567
-8444
6265
9091
-1123
-8794
-2112
-2569
7228
-8161
-5558
-543
8548
-8620
2516
-3962
-945
461
8094
-8757
6375
-3789
-3379
2592
-7492
6359
-9108
5701
6891
-6033
-1932
-8397
7909
4246
-8884
-4253
9014
2494
7138
-5079
-2048
2199
-8384
2769
4073
671
3898
-8597
-7281
-6625
2401
7743
1148
-8302
-2613
2367
8005
1234
4292
7541
2941
849
4739
-1635
-8520
2241
-1726
-7406
8371
-149
8313
944
9537
7896
3668
-1383
8473
-2738
-814
-3597
9691
670
-7562
8486
2206
-5657
4234
-8018
-7178
5704
-9204
3189
-8837
-4467
5949
1991
1994
6475
-1810
-4051
8461
-629
745
8602
8265
-7332
-8355
3665
-8713
-8783
4415
3483
1277
6664
92
8346
-4611
-2970
-9391
5500
-4491
-2379
-3498
-1124
-7289
9704
9557
9459
-8185
-5539
-3525
3670
4777
-8277
8920
-1242
-9012
-3492
-3697
6766
-6692
7535
-5910
-4562
5689
-1803
4686
-9753
3012
-4192
3569
9868
-5837
-9135
-5584
-1902
5172
-8409
3005
-9202
-2547
2330
-4981
4834
-4017
636
9787
-4842
634
209
7556
651
9237
-3850
-9953
-7434
-2682
1721
-3641
7600
-6406
-9589
-4770
7664
1833
9607
-5634
289
7179
9442
2042
-7646
-1287
205
-2921
8236
-2704
9555
7555
7986
6622
-7389
8714
7218
4688
84
-4249
-7377
6749
-4540
-5073
-5182
-8329
3116
5028
4457
-8980
3011
2266
-6461
9883
-7806
9245
-6404
-2154
3026
-3504
-1498
5546
-5166
1819
2844
3436
2626
4322
-1499
9499
-9050
-5545
1979
7247
-1369
2250
-9133
-2046
6916
8448
-2596
697
-4468
2426
-5431
9076
-4158
-5689
2685
4157
-853
-470
1788
2879
3472
-8985
-7641
-9106
6848
-4472
4765
6371
3959
1459
7297
-8033
-7670
6122
7737
2919
-835
-223
179
3124
9709
-8111
-211
-1539
-1206
-4434
6186
-1284
5984
-5267
5666
6565
-8662
6672
-9991
6150
-1148
-2521
-2173
7656
3190
-3347
-6309
-5991
7650
8612
522
-5032
-8941
4034
3007
-7953
-4929
9300
7365
2516
-6247
-6051
5994
-9193
8485
-5869
-8760
-9964
-7089
7318
-1140
6068
2048
9077
-2924
-5132
6557
-3492
-1849
9344
9403
-5012
-7461
4190
9764
-6123
927
9387
-5502
-6423
2407
-9023
1496
-5598
3348
1632
4337
7283
4314
5386
4214
6239
4485
5025
8759
-4299
-8339
7652
9468
-4085
-8406
-2005
8032
-7926
3339
-9349
6097
-1523
-6875
-1843
9185
5278
4981
-3046
2871
-2670
3183
3042
6436
-9323
-7204
8034
6327
7594
4773
631
-2042
-8854
-1001
8874
3242
9682
-3305
7075
9750
9385
8584
5639
-38
6028
-2562
8621
-3184
6368
1939
-6770
1370
7640
-4689
9072
-167
-8170
-8325
-4524
-9847
-2897
-831
-1453
8542
4203
6576
-6150
-5467
-9454
6662
174
-4909
-4141
-1222
2407
1117
331
-4614
-8434
-9286
5015
-825
3744
581
-32
-4336
8659
5491
-8801
-96
5268
6093
-7565
2391
2880
4583
1505
-2283
-3187
7975
5649
3204
5267
-1489
-7400
-9923
-7126
-8029
-9082
-5253
-8237
3721
406
4059
3459
7027
6065
1973
5110
4733
-7687
1857
7636
-1814
1845
7196
-1217
-791
-8969
2881
-1586
-1010
-5127
-8765
2776
2549
685
-5288
-4173
3743
-9958
-9870
-4553
-5505
8426
211
-372
5937
-1548
6949
8838
-7519
-87
5058
5340
5730
875
-6725
-5845
5810
-2419
-649
-7317
5955
-6894
566
-1518
9438
-3835
1496
-6026
-8343
8730
2117
5441
7038
1187
4858
4520
6867
2971
6555
-5195
8775
4969
7050
-3336
-1941
9627
-2767
-8624
1560
1662
-7120
6496
4024
495
9997
-9004
7221
6673
-1618
-5733
-8385
-5502
-4280
-3485
9514
-6570
9167
-1823
-9380
6304
4073
-5044
7537
5412
-7376
-7189
1564
-365
-9545
-3289
7501
5359
6306
-4647
-6024
-9171
-1930
-2238
-989
2660
-7102
3749
-3879
6299
9804
-1611
3071
9257
3272
5111
89
3414
8530
-2864
1049
-8785
-4320
-8347
-1807
-2092
-8480
2873
-5574
8541
3305
4133
937
2132
-3923
-9485
-7426
7953
-1835
3766
9425
-9123
7073
8953
7836
7261
-9615
7770
-3655
-1281
7142
-4283
6786
-4015
5179
1970
-1392
5796
9611
-9007
6705
-166
7148
1479
8814
2092
-9326
-2909
-4294
5447
6839
-489
-7434
7927
1789
-7167
-2571
-4924
-5028
1385
1160
9113
-4612
-7407
-8054
-1312
-1220
-5728
4096
2880
675
5481
-3241
3887
-56
-7017
-7669
9721
-7257
4197
-6183
-1832
-6151
-5630
-8408
-895
-8301
5273
-9341
524
-1609
2665
3412
-322
5218
1856
9324
-9765
4661
-8826
-9490
4584
5154
-2320
5219
8559
-5899
5678
-4729
1438
-2432
9432
9163
-1990
-5257
518
-5790
-1865
-1324
-1797
8944
4602
7078
-4166
3326
-4487
7196
3550
9509
2401
-4578
-480
-2446
-521
9589
-5281
-4203
-7527
-3807
4258
-7439
5443
7654
6604
-418
6195
-8314
3970
157
2826
5788
-2258
-2097
6127
5438
-4603
-5958
9007
-1861
-8330
-4999
604
-8789
8836
8736
-9751
5708
475
6367
2789
8904
-5047
8972
-7177
4784
-4947
777
-5421
-5509
-3237
1702
8985
143
-504
4832
-453
-5983
-4474
-7649
-8522
-1816
-9966
7912
-575
6084
-1129
-2384
8275
-6693
3309
-5964
-6924
-2353
-7510
9804
-9406
6092
-8901
-3963
134
3901
7569
8971
5155
864
4273
4039
-1572
4060
144
9844
1920
-8966
-9801
-1347
-5166
-2808
-7190
8346
-6766
9965
-4592
4759
1821
9047
-9909
3461
-1036
-4711
-4971
-3146
5009
9055
-9701
2246
-1181
-6339
7294
-1047
-7238
-3970
-7878
7898
9139
4869
-9931
-4105
521
2422
3332
-2373
-5705
-505
-1783
-623
5619
-9107
-3118
7039
-3067
-3747
4386
502
5854
1621
4199
-3452
-5538
1531
-4366
-7547
7772
-2144
-510
-755
4801
2994
-6550
-7506
-7945
-3972
6453
-8071
4450
-5119
-7755
-4537
7275
530
9508
5491
2188
-4612
-4779
5667
8423
8466
-5074
849
-4060
9772
-2866
9807
9852
2451
758
-7795
8479
4461
9387
-4765
5344
-3195
2058
-104
8809
5579
-7602
-9282
7254
-1691
1668
-7988
2249
-1923
2879
-9253
-3322
-1218
-5969
-2041
-5968
-812
9047
-7422
6047
-3638
-8064
1464
6265
-1346
2015
-8540
9609
9527
-7788
-6637
2218
813
4947
-9448
-905
5870
-4980
-8109
-5027
-1955
9465
9991
7112
3171
9401
2725
-3357
2798
4223
-7931
-7258
-5092
6195
8272
-1369
6591
1956
5416
-7861
-6839
-5272
9782
-6405
-7809
5487
-3052
-3742
-1857
-7924
-7806
9988
873
-9309
7823
-9830
1420
-4508
312
-107
7963
-3000
7942
-2878
-599
-5884
5039
-1274
-2126
3245
3123
-980
-6406
-3945
4821
-5881
1443
488
7364
3527
5952
7526
-431
-6776
8995
3608
-4344
7
6857
6762
4056
5206
6960
-5149
6646
-1027
-1419
4376
-7287
-535
1314
2468
-9276
-5940
-4826
-2243
5578
-9630
-9028
-1880
-5704
-6555
340
8131
1904
-3302
-1937
9516
-3138
-2755
8194
-8142
1549
8618
8173
5970
-9788
1676
-2836
-842
8590
-7495
9001
-9763
5770
3167
2853
-9133
-4621
4236
-9975
1295
-2965
-4539
5237
-3722
93
-8214
1398
3833
-9993
-1386
3116
7427
-7119
1027
-2866
-7766
7563
8094
8204
9037
-3534
-9156
-3776
-2651
5059
-3107
2815
3689
1801
1128
7643
3287
1464
-2754
-721
-3766
-2642
1306
-8146
-7179
3876
-2819
7062
-3587
-9883
-8943
-1189
-980
7726
6914
-8144
6023
8520
9796
-3407
2769
-4731
-8950
2827
-6033
7650
-5888
-4725
5521
-5518
1966
-7178
8566
9836
2871
-9652
2156
-34
3156
-2058
1983
8175
9637
-8086
9222
7939
5526
-8626
7434
3839
7284
-5279
7456
7537
5111
-5224
8557
7825
5984
-707
-6004
-5810
-6111
1147
-7454
5620
-6578
-1065
7409
-9516
-7412
-9132
-7727
8136
-8876
-3985
-4306
455
1370
2382
-8445
-24
-4785
8617
-1308
-2320
5019
5032
6442
-1309
-8201
-7078
-5709
-723
-2862
2090
7638
-2029
-393
6167
9102
-9132
625
4214
3135
-906
-988
6026
-7998
3619
-2057
2369
8144
859
-9622
-4537
-9769
-6327
4939
-888
2746
-4764
8136
9285
8990
-471
2973
5913
4592
5836
-293
7466
6843
6678
-9653
-7134
8762
3944
7238
5896
8166
-6849
-4162
7612
-9921
-6086
-2381
-8654
6814
2047
2734
7515
3530
-3263
-8734
1750
5992
3076
3592
4248
4157
-3867
-2564
-9936
-4979
-6720
8323
7689
3957
308
-6196
-9534
7141
4457
7429
-8408
-6217
-8456
-2038
201
5211
8179
-8625
3910
-3581
5111
-3190
-3086
8956
604
-3692
5283
-5584
7578
3699
-9973
7158
9214
3848
9305
-7358
-211
2718
3578
-5383
-2679
4371
-4058
-152
-177
-6547
357
2960
-716
-576
-1769
-2566
-1600
5202
-548
-3327
-9935
9519
1680
8652
-1117
-4180
-1684
3846
5617
1386
-8942
9315
-344
6906
-6730
-921
790
3391
5367
-1903
2414
5074
-4787
2886
-8557
-8682
2814
5518
1723
7304
1525
8192
5938
-7468
8487
-5152
-8553
-6874
6555
-9441
8840
4934
-9215
-3572
-184
5428
5216
-8863
-9999
-6360
-1509
6474
4307
-4345
-7936
9822
2887
2174
-7986
-1045
-1173
8667
-4712
-2860
-342
-4685
7405
9935
8621
-1234
9643
1342
5441
-4797
9121
-3386
-7574
3991
-7486
-5021
4750
-6297
-4006
-4793
-3773
-3702
3122
4528
1294
-8645
445
-2302
-2517
9571
5513
-4239
-5416
-55
-495
-1750
-1835
-3024
-6733
-582
2907
2953
4967
3175
8242
-3848
3352
-8160
-6246
-6916
-1081
7702
4318
-3029
725
-9302
-2084
9250
-7222
-3742
-6885
-3248
-7402
1383
-2858
-1417
-1283
-4245
5742
3549
-5004
5148
-4848
-9189
-1418
-1135
9279
-4584
1649
-5217
245
9114
-633
-729
4800
-1045
1563
-7278
2183
3674
8923
-4587
-6627
-2197
6394
-9507
7756
9241
9413
1220
-4315
102
-7847
-561
8940
-5343
-5237
-359
5367
-2990
-3979
-5855
7507
-8987
8461
9248
7908
-5152
-4917
-8250
-2366
2907
2327
2939
450
1627
1524
-3753
-1787
-5047
1683
9466
-274
-2433
9702
6422
-6564
-2411
6245
-4132
-7454
8193
-279
4648
-7892
1338
2387
-6961
3181
-6936
-9067
-9990
1560
4924
-4673
-4933
-9107
-9284
3391
8974
-7870
2193
772
-2036
9382
-7048
6409
2503
-2407
9514
7179
-248
-1093
6667
5665
-6599
-7479
-1936
4069
-6086
-9624
7241
9548
3298
-5454
-177
-7487
-9180
-9370
8554
-9896
-4130
-7704
7338
-2185
9413
-4542
-7091
-1175
8598
5877
-5955
7831
8178
-3174
-489
8665
-3115
-195
-1713
3013
3664
9433
8682
-5127
656
1683
-4065
7963
-3755
-7436
-9195
9384
-3041
-3080
1381
-3102
-2326
-8543
939
63
-5612
-7853
-6889
1653
-9015
504
-6294
99
-5810
5684
-626
-2147
-1919
-7426
7129
-2851
3863
-7374
6653
-9844
3792
9224
-9919
7975
-3184
-5276
125
-9586
-1570
6287
-6733
3536
3721
-8261
-8882
-5906
5735
-1488
-5635
-5914
-7808
4385
-9177
9547
-983
1658
3070
-2963
-4972
-6265
-4215
3672
4438
-9068
-9294
1780
2750
-4918
3123
5662
5503
-6703
-4551
6493
-615
-16
4874
3734
-8304
-3826
2330
-866
5981
2878
9816
1782
-2408
-3404
5560
9126
5161
7845
9812
9584
5757
8643
-8936
4942
7187
1447
7413
-2598
-3344
-8463
2078
-656
4022
2747
-3506
3065
8569
-3404
8138
-7242
-4563
-2487
6390
-2343
-7003
9159
-85
-7690
-594
2013
-3495
-6915
5819
-3938
-1540
2807
-9223
4566
-3778
-3993
6414
-3896
-9206
812
4752
-9964
9953
758
-3911
2953
3092
8035
9935
-3942
-9445
-628
-1150
5694
-7918
7109
7523
9608
3405
8447
-1806
-5072
6732
8784
9317
141
-5861
6727
-1965
2340
-4644
3502
-8872
8952
-7077
2473
-7412
-8102
-8251
3329
-8506
7774
-3406
6673
4400
6942
9831
-7141
-6664
5064
3793
-8181
8461
255
-8826
-6518
7875
9801
-3344
6627
2835
1948
4841
-2004
-835
-3761
-4670
-8257
-1701
-4055
-4830
3034
-6366
-3068
9777
-6440
-5768
-5356
7498
763
-3243
-4899
-549
4085
1683
-3577
9766
-595
-6686
4357
8548
4915
4396
8482
-4495
9499
4726
-5850
-5621
5167
9950
-8247
6976
-83
1431
6904
345
4085
-6100
-81
-9373
2545
6477
9480
8855
9061
-5285
2649
4751
-9471
4879
4233
-9842
-2840
9101
7149
6936
-9743
4413
8481
9287
5186
-2901
-1492
3796
2870
4076
-5844
6230
-4899
-5432
-4621
-7449
8897
-6756
-1350
-4560
4857
874
1660
-6633
5162
-477
7155
-4475
8948
6119
-7220
-5793
4694
5784
-128
7515
-4232
1930
7418
-6213
8938
-2255
5533
-8065
-8351
5464
5916
4960
-1305
-2614
9738
3440
3139
-5844
-4105
-2155
5138
1332
-8131
-2505
5199
-10
-9434
-6485
8151
3736
-6643
2383
-1852
-7707
-5612
-2840
-8872
-5105
8507
-4997
9407
7284
34
-1415
5539
5711
-9157
701
-2047
-8661
1880
-7756
-6650
609
1922
3604
2364
-7959
-5029
4648
-9768
4589
2077
7940
4581
3524
-8066
9120
9364
-7187
-7297
1183
1439
6950
-1850
7347
8277
5880
-918
-5412
-7843
-2714
8611
3707
7373
3562
-188
2974
-5029
4581
-3117
1718
6471
-1813
-162
-5733
1819
5052
9481
-3679
-3056
-737
-885
5887
3423
-7042
-5799
830
8090
7599
5062
-3512
3654
5852
6822
-1121
2143
9490
4821
-2428
-2539
4617
1715
-3832
9375
-7721
-7428
-270
7965
6823
6262
-8458
4290
-4412
-574
-7832
3700
-5130
9468
-4407
1213
5159
4
-5751
3688
-8229
3490
-136
-4177
-9777
843
9618
-6504
7738
7160
1904
-1689
-299
6089
1132
2291
781
-2985
3272
-4888
5579
383
3307
-7614
2653
-4086
-751
-7204
915
-4627
2739
6740
-8246
3489
745
1942
-9804
-1484
-9444
2455
6417
2691
-8761
-2510
4861
-4346
9499
7898
-1761
-4167
-2880
3542
8338
7107
-1004
-9122
-2818
3902
-7829
-788
-2456
-7727
2702
-4011
6670
7313
5805
-377
-2828
-6923
-187
-6985
1707
-9963
1990
-9214
6188
-9517
-7808
-9585
-22
-8999
4741
685
-1766
-7247
-468
-6460
764
5611
-7941
906
3082
6538
4929
-6378
5115
-246
-2538
1718
-9811
4189
3380
-2973
312
-4675
889
-4755
-3573
5806
6625
-2324
2113
-3372
-8916
3892
-8693
6667
8457
-9061
-2661
8093
9692
8866
-7222
-821
-2324
-6323
6721
-8727
4447
6397
-1268
-8501
3799
4558
5706
8148
-5039
-5766
8732
9434
-9874
-2770
-8559
614
-4852
-9736
8520
1989
5270
-6379
2858
719
-3746
2335
-9533
9973
-2089
-9965
269
-6935
5967
3685
9459
-9319
2984
8010
7545
6265
2593
-3487
3839
-868
-6007
-1058
-1339
-4178
9821
9146
7424
-4850
4726
-3068
4592
2203
-9938
-6765
-7819
1205
-9462
8657
-4983
-6774
4311
2842
5902
3756
-8913
1487
-1245
4841
-7120
-8786
8667
-2129
8589
6502
-8546
-8156
9203
-8420
368
6206
4041
157
5461
-8361
9558
8154
6444
-634
-9181
-2514
1837
4175
7070
933
-6971
-9486
5207
3140
-9733
796
6260
-1116
-49
1580
-54
4875
-820
3036
-6609
-3410
-3869
-1382
8725
-7381
-1412
6987
-5588
-8345
-9828
-8906
-2940
-883
7824
7340
1828
-527
-1269
-2056
-2062
197
-7302
8316
-6980
-8476
-6860
3517
-2545
3235
2142
4120
-9304
8328
5959
3620
6095
6200
-4502
5466
8167
3025
-2293
-5096
-9377
712
971
-834
-2610
-9096
-4690
-8342
4436
-9831
576
-960
-9787
-3065
7060
2019
256
4146
-857
5855
2534
2159
-346
7369
-1188
7515
4352
-8436
-9439
-7469
9750
3382
5118
223
8589
-2506
-4319
-4362
-7120
-8237
9525
4436
-804
689
7512
-1339
7046
-803
-9006
7789
4344
3544
-7521
9842
6659
8858
-5220
1574
1352
4891
5218
-7795
-9467
2218
2430
-9898
-4419
-3861
3315
-1921
4418
5219
2971
-5281
3793
-1130
-1661
-6230
-5379
-208
-7080
1465
-7414
5445
-8167
-7699
-6666
-3563
9742
1065
-978
-7297
-7559
-7682
-1788
-5171
-6087
-4944
7170
7472
-5869
4712
5211
-6712
969
8976
2568
8709
2826
45
-7338
-5845
5750
-4260
7043
5163
-1022
1205
-1008
-8630
-9303
-1856
1397
90
-1535
5396
-6237
4516
-3097
3291
-3331
4767
3568
-7591
-8836
7670
-6831
7948
-1725
-72
6950
-7851
-7350
5673
7334
973
-1176
-7210
4330
-5250
6516
3321
-9046
7936
9265
-6145
-7128
-4564
-6665
3746
8016
5084
-9101
3280
-6672
4451
9208
3602
-7989
1322
5647
3354
1150
-8544
6275
-8133
-9620
-5294
-4449
-4796
-1742
-7746
-9482
-1458
5915
9588
-3375
-1446
-4537
-5937
2193
3385
2369
1113
6820
5142
-3263
1746
5246
8896
-5611
1784
-7866
1464
1488
7119
-1121
1845
1342
2323
9216
-1571
5224
-7984
-7512
7160
-9006
5980
-4720
8080
-9932
-5641
-887
-3630
789
-4946
2704
7217
-7142
-1795
-8248
-3834
-5557
-2692
-9364
-4182
2560
6757
1008
8182
-9829
8206
7917
5079
5839
7493
-768
-7379
-8075
338
9717
-572
3048
8068
5568
390
7208
5941
-2328
-1221
-416
-5538
7969
6271
1773
-2293
-849
891
6103
4210
-4495
9092
7028
-3499
-7721
-7552
-2292
-4530
-2373
9864
-5557
2074
-7451
-4233
-916
814
366
8125
7778
1890
-4415
-1611
-3745
-4959
-8603
-3181
3153
-7998
-173
-4419
-9976
-4783
4201
6912
8634
6613
6632
9177
-3007
5205
7251
6258
-347
6937
8159
-9762
1179
599
-8830
-8145
-5413
-5803
-7434
8027
-4766
-2466
-8874
-9476
-8722
7074
-5315
-4544
-9121
-2713
-7384
-4350
6639
8635
6635
9943
5846
-1686
-3902
2331
-9284
-4351
-3859
-3260
5598
-4602
-8164
-2913
9656
-6089
653
2742
4481
-9848
-6241
-3236
9346
-7287
9079
5021
2281
-1889
1484
-1714
-9179
-9558
-7005
6576
-8554
505
-8835
9746
9696
1888
-1932
-4133
3392
-3200
1076
-3049
-8187
1861
6110
-5337
-709
-5445
9768
5358
6453
3669
-3882
-2485
-4582
7950
-2846
3512
-1954
-3165
1051
-226
-82
1338
3249
-702
-8170
1645
-4666
4117
-1764
4185
2051
-4102
-1275
-7334
1685
9902
329
1746
-8990
-9695
-2710
-5132
2882
7093
-9014
-3475
6541
-4301
-2306
1445
-9007
-5019
4020
8972
6367
-7393
-4411
1355
-6087
745
-1965
-3608
1986
-8375
-2174
-136
-7743
3310
8529
1579
324
2824
-1117
5583
2675
9574
791
-6661
-5044
-850
9496
-9975
3750
6078
-1933
-1589
1550
1919
-2596
-3028
8426
-5266
-484
-8638
4192
-99
699
-2056
1991
-2902
9270
-7556
-1834
3818
-3881
-6100
752
-8172
3831
-5475
765
2040
-9444
-2286
-6184
-7093
-7432
823
8877
-1813
3721
-7845
-8975
403
-9842
-5736
-1164
7318
1890
-7904
-5101
-6202
-1042
5338
-3213
783
-8727
-8619
-7316
-7810
3136
-9228
2153
7518
3308
-6735
-1720
-5840
-4661
2781
-3952
-4734
8800
-1526
-7676
2874
-5106
3447
-6150
9526
-6234
-9846
5647
1887
-1910
8768
3171
9743
-2861
8348
-546
1927
-6678
-7443
-9388
824
-8199
-8771
-3600
-6665
9507
5711
4573
1835
1897
-5908
-642
-1878
9468
-327
-5693
3158
9194
6148
8878
-6914
5775
1123
-692
-1855
9244
-2587
214
-3712
2080
5395
-7606
-5066
2048
-8985
9203
-9477
-7737
-7235
-6466
7556
5601
-4614
4995
-7779
-7049
7
-3489
-3454
-1181
-4224
-850
6795
6889
-8927
2652
9060
7197
-3686
-3382
5744
960
-4082
-962
1862
9569
-4426
8675
-7275
-5815
-5113
-5968
2628
2361
-4644
5889
8729
-6077
-3452
1649
-9955
3336
-9733
4918
-3249
7188
649
-7092
-4056
-694
3763
9595
-8180
-8548
1701
6921
-5343
-4967
5205
9078
7277
-5303
4405
5540
8450
-2667
1745
-4388
5232
5662
-5020
3236
-1779
2485
-1899
-9916
-7631
1999
8862
2078
-4887
3921
2416
-5791
7997
3597
4532
-1392
5480
-6534
-6334
-9440
8342
-1846
-4733
3383
-8068
-1364
5239
-377
8199
1872
-924
-2258
-8499
9375
3826
-1567
3552
8993
-8766
8260
1854
2091
-5999
5783
-9695
4
-9717
569
730
1432
9182
1414
-310
-9217
-6345
7622
7685
-9220
-7011
-5924
4655
3292
6909
5826
6292
-9570
3661
-7326
389
5467
6523
2539
3355
555
3842
9710
9906
2657
5501
5961
5239
8044
-5882
-8609
5837
59
-1071
-9218
-9522
6105
324
5235
8014
8753
9994
3966
5541
-8858
-5606
6490
-8189
1218
1999
12
9610
-987
4160
3376
6230
-8620
-8581
-6704
8422
989
-1650
-2417
6066
3843
4674
-567
-3001
7993
586
-6448
-3057
-6629
-5644
-7706
-7841
8569
-4408
5999
-7635
8850
8586
9184
4427
-9606
2169
4633
5615
7660
-8942
-1286
-4552
-8046
1546
1681
745
2969
718
8788
7922
-6128
1849
5976
2767
6194
-4448
131
4857
-8108
3089
6955
9418
2344
3829
-5238
5160
1167
8079
-7602
-6158
-4855
244
-5310
-493
4065
259
-2732
-8459
3429
730
-8772
-7144
5151
6028
-4086
9563
-238
3525
-749
-5827
-429
-9518
645
8735
-3846
-7335
-3960
7818
3742
6397
-1604
-2736
831
-6845
-1025
8292
7173
-8822
3389
-6063
-4752
8510
1204
-8103
-3329
-5490
343
2315
4885
-8942
-4168
7989
9517
342
-4349
-803
459
-5549
-2560
-7751
4467
4867
-1318
4937
6514
8525
-413
5585
6074
-7452
6124
4145
-2277
9741
8573
-2692
8340
-341
-5884
-8633
-6282
6495
-7423
3270
3709
-3547
3990
-3541
-5926
-9425
2390
-2206
9833
-2422
-2594
3271
-7887
4492
-3690
-4549
1087
-7150
6369
-1198
-3683
-7370
-2647
-3495
-7159
152
-135
-2579
5327
8221
9370
-2874
-6066
-6081
4462
8471
-2149
-5435
-4126
7523
-7432
5260
-8168
5256
1927
-7045
9572
-7387
-1572
-7092
-4223
-7195
3964
-7192
-4221
-5692
696
5472
-9211
-1725
-5399
4504
5299
-3555
2265
-7956
9745
-4453
6307
-1602
-82
7238
6764
466
5887
1521
-178
-7686
7830
8920
3689
-3774
3430
1689
2208
7995
-535
-8637
-1603
-6831
-9305
-469
2821
516
3663
4745
5489
1678
2191
8481
-494
8872
-8491
1369
3401
-3495
9548
7120
2653
9959
-8268
-8624
-2290
-848
-6397
-9951
9264
-9693
-8344
2375
-4622
8880
-3882
-453
-5253
2064
-6884
8236
-6673
-3813
-9142
-651
4389
-7754
-3944
2080
7902
-2885
405
740
5516
-2575
-6798
-4676
-1549
-5369
-2897
9145
537
-6975
5581
-4312
1880
4733
-3301
3956
-3936
5024
2933
-9457
-23
1843
-9224
-9642
-5158
-2899
-2338
-1285
9355
-2405
-1893
-3379
-3710
7980
2484
7690
-921
-8202
-1399
-2662
-5111
5590
-3143
5873
3262
-3872
-4054
-2784
-2794
-8233
-3132
-7908
-4688
-9781
1109
-7061
-5405
-5956
-1140
-1188
7272
-7820
3218
-5937
-729
4255
-3339
-1912
-4975
2156
-9567
8012
228
-9395
-9242
-7576
7217
5334
7594
-7154
-6473
-9653
-7343
1292
-9342
7508
-7547
-6939
9491
-4030
8955
6563
4345
3716
-6410
-3310
-4550
2587
3508
-3888
8933
-467
-9826
-7890
-7504
-4615
-5859
-7011
-6297
5701
-6644
7257
-7341
2593
322
-9340
5216
4625
-2087
-9199
1190
-8725
1174
8702
49
9935
2503
5594
6811
372
-1898
-1762
-8133
-256
-6178
5733
6175
295
2985
-2637
464
-3705
3297
9914
7394
-9751
-6879
7451
6803
7525
6014
-4040
8220
-9495
4417
5989
6285
7526
-6531
319
-5096
-1939
-9171
9192
2718
8849
2788
6974
8478
4001
-9905
-5368
-6642
485
104
-8223
-5926
8239
-8272
-7081
-594
-4614
5222
-2888
8587
-385
-2430
5417
40
6073
-9336
-6613
-3974
5053
6308
1762
5721
3842
-3908
9576
4982
4886
-8150
-3156
675
3264
-7381
9071
3514
2106
2156
2336
844
5110
-1575
-8293
-3665
-2830
-6963
-631
6884
-4561
-7365
4296
-9870
2546
-4324
2431
832
4395
8378
-8164
-503
-9556
302
3320
-6528
-8646
-487
-5711
6283
-4017
-9675
155
-8018
-1079
8155
-9726
4252
9965
-7692
-5271
-2919
-7748
-8154
-5129
1312
9475
-7678
-7370
8093
226
8148
-377
9711
8516
7355
-4584
-4256
5666
1932
-6497
2743
-1056
2131
7826
-8018
4260
-7256
7873
-146
-1959
8851
-4659
6458
-3993
-3304
8024
7414
-5714
-8374
-1862
847
-2553
3678
-2279
8274
7922
5978
-3399
-7424
484
-3630
3148
922
2280
-2990
9586
-4326
4202
1000
1578
-9804
7977
4407
8451
5703
6612
1768
-7716
3769
-1570
9802
-9733
6763
8478
7371
7886
-7600
-988
4541
9933
1875
-8481
769
-9295
8224
-7034
-3150
-3292
-5471
-9396
-5303
1540
8075
-5305
7014
3398
6606
-9905
6339
-7083
6074
-9511
1765
8654
5630
4350
-7539
6125
8551
2271
9321
-103
-3458
8449
-633
-3204
-661
2195
-882
7852
644
-6187
7106
-6154
7387
3763
9707
6581
-2718
-281
-8392
8932
7066
8449
-9665
-663
8256
-2695
-6710
5721
8452
-6069
-1342
-4054
658
5481
-5523
-553
-1666
-1887
3968
5048
-2129
7618
5330
-2755
5239
-9667
-9843
7671
958
-458
-715
8942
-2873
8557
-1069
5032
-6596
105
-5955
-6866
-3120
5923
-1857
-8301
4488
1517
-6223
-7319
7664
-603
3640
8486
-1511
-8368
3061
-4823
-4802
-7782
-4940
-6237
9319
3855
7019
4927
3770
-6205
9358
5639
-8782
-9897
6952
6584
-3164
3216
7400
8281
9929
-9513
1598
9660
-6090
2247
9232
-7627
5486
7125
7908
-7099
7841
-5319
-6621
-9939
-7181
-8164
929
4558
8051
5829
1445
-7922
-3629
-2629
-7221
-1171
-9186
-2324
-5357
-8487
-1273
-6219
-5206
-1669
5261
2423
-2528
-2181
-6410
3360
7556
-9174
6890
2905
7348
-9568
-1325
2598
-9400
7590
-3503
1640
5268
3979
-3228
253
3625
5404
5739
7258
-5297
8796
-5029
6216
8165
-5365
-6807
45
-3243
4069
-9298
1156
-1810
-4024
-5154
3328
-8020
-6757
-9547
2705
9561
8954
-4492
-299
-3348
-2304
3950
2740
-967
-2919
5126
5
-2322
-1163
-9086
5096
-8167
8523
772
9081
3906
-2461
-2244
-4621
-5061
-1413
4919
9126
7210
2180
1501
-3343
2375
-7847
3999
9126
-3103
-1824
1290
-1644
-831
-2509
806
7732
-4419
5461
-1960
8811
-9901
-1730
-5999
1
-6816
-4824
7744
-5258
2847
-4113
8718
-5818
3698
272
5649
4399
-9027
-452
-3081
-4589
-5433
-6997
-2363
8741
-4356
5184
-7421
9514
-3937
8665
9019
8597
-6228
1614
4644
4694
5515
7403
-2802
-4302
-4353
-6702
4640
-4942
-3553
4659
3991
-7894
5760
-4065
9457
-3141
-2594
2678
422
-3656
-3872
1260
5035
8007
-5208
-6241
2036
1428
5235
-4596
-1044
5603
4912
5556
-9444
-8924
6593
5531
-2616
646
-2962
-7357
1992
-7050
4301
-1531
5977
5371
2347
-2081
7702
-5260
-6539
2597
1489
-4529
1282
218
827
8028
-2053
2459
5869
-4908
-8919
-2712
-2461
99
-1679
5078
-2244
-4306
7431
-1413
-7288
-1592
2433
-4524
2212
-2370
-3062
-8693
-3786
6914
-6698
-3836
1958
5949
-716
1279
1336
-3708
2155
4814
-8879
1512
-8345
-2859
4228
6364
-5956
-3367
5411
5173
2843
4236
-7529
-9447
-4979
-5158
4143
-9375
929
6428
2100
-123
5653
9311
-8316
-9844
4252
7206
-8422
-7327
-7028
2323
-6892
-7754
4096
7098
5606
8045
-375
-8178
8855
4229
-4969
-4083
-9248
-9429
-1587
9827
-3581
7829
-2237
-5958
8173
2924
7675
4002
7958
-1573
683
-198
6317
-4861
9154
-4156
8191
2460
7078
-5817
2734
4174
3655
-8977
8387
4301
-5190
-480
7149
4065
9405
-4563
-8095
-4308
1866
-6561
-9323
-525
-8575
-6253
-7706
1375
6089
-3628
7253
799
-1090
6895
8071
-5586
7403
2791
-5515
-7751
-4206
-1025
-2608
5161
-2556
-6856
-949
-2099
-6111
-9249
2226
-6699
2440
-4835
-949
-3263
9935
-2863
670
-9226
-9808
-264
-3197
-6509
-1963
-4374
-1734
-5999
6794
4222
1592
-9331
-3027
6064
-6856
-9707
3496
4014
1389
-9464
2469
4125
3054
4409
-5792
-8524
1375
-6318
-6660
-4884
9362
-4520
-913
-5985
-5275
3948
7578
-9502
8774
-2397
-7777
-4941
-4194
-1905
8686
4550
2155
-5232
8537
-6191
-3335
-7636
-6657
9600
2087
4908
-8459
-3791
8577
128
4136
-356
8949
1595
9994
6522
4092
6580
-7642
2243
2595
2309
-4385
-4078
-3665
-2679
-5911
-245
-9958
-6351
8221
-819
-7648
5261
-6124
-5073
1563
-75
8315
-2903
-3268
5238
6803
-6891
-7245
-8912
8148
-2551
-7727
7823
-3004
-5803
-2536
5912
6902
-5235
1004
-7459
8241
6113
-6606
338
-6819
8394
-5620
-2282
3337
3786
-6580
-693
6137
-46
-7858
-684
-8856
-7607
9534
-6990
-7510
5829
-3368
-6796
2628
1376
8477
-7298
-8926
-5270
6015
-1411
3275
-1759
3116
-5577
854
9585
-519
1690
-2
843
-5997
447
-5808
-8142
-9063
2514
4656
-4389
961
7206
-2212
3785
9881
-4439
2879
-294
-5926
-4031
-2731
5445
1584
-5663
-742
-8620
-9286
9572
5053
6249
1569
1532
2846
510
7629
4398
5738
-9767
-6963
-6960
-714
982
2213
-7238
6863
-6281
-8701
8079
7984
-7222
-7360
-1776
7673
-5541
-6546
-6253
-8561
6080
758
3268
8560
-881
-4070
2299
5053
6908
5970
9953
-9966
5915
-2883
4525
-659
8877
-347
4716
7278
3959
8534
-6526
-9772
1132
4939
-708
-2444
-3555
9799
-5034
-7750
2582
-8873
9371
-5848
-5374
-8093
6052
-6853
9499
-4831
-7756
-9179
-585
8430
-5489
-1941
8773
9350
9458
1925
-1313
-4885
-1869
-4898
-3440
5915
958
4538
6427
9220
-8912
-7205
-2355
-9177
-3337
-9770
-2919
-7649
-1411
1747
5157
-2122
1879
-9445
5961
-6485
-6427
-8734
-4610
-9025
-3606
-3671
750
-4149
3693
4296
-5490
9999
-1262
-1775
4268
-3212
-3424
8672
-3783
9352
8564
7463
356
-2471
-5089
7060
-687
-2996
-5336
9064
-6069
8609
3417
788
-526
-311
6461
162
-8008
3292
9785
5087
4954
-3152
-4127
-4326
-5150
3213
4075
9373
845
-6528
-7226
1012
-8750
3142
-1020
-8324
-1118
-4413
2308
-3927
-3426
2693
1396
3073
9318
-3400
7792
5974
5868
3442
8281
6502
908
2009
7951
3891
7717
8250
-4459
782
-7406
3038
3140
1221
-939
5054
3584
-2938
-3663
5042
9605
-6271
-1872
9420
-4136
-6730
9749
8198
-3651
9335
8982
-1967
3701
5852
3418
8998
1613
308
9355
8563
4830
-4364
127
-4891
-1376
-5139
-5010
1659
-2537
-8349
3798
-5006
-2146
-9547
-7699
-7627
6852
9496
-5828
-2197
-3144
2225
-4457
6995
-999
-2837
516
1300
5547
-1314
-2937
-8664
-6265
6638
146
5529
5280
8199
7676
-8964
-1357
-4751
-8017
6553
5327
2094
593
7865
6858
8643
3280
5464
-9238
-7006
1392
-7927
-6208
-7316
7085
-6410
2286
-1980
-3794
-3616
-1895
7138
-6940
2614
7800
-409
-9170
4914
2152
5526
-8016
4593
-3931
3048
3313
3471
6857
2862
-2932
2635
1502
-8889
-9891
-9076
5892
9615
-3709
5632
6985
-8247
7290
7658
2586
-2439
2440
-9797
7873
8864
-7464
-395
3431
900
-4836
-5492
-7772
-8641
-6197
9246
-8341
-3653
5093
-6244
8142
-9830
-6030
5064
1282
406
-7606
-427
-5255
8923
3702
2255
6436
-3315
328
9298
228
-3241
6025
-1624
-1441
-1029
-8207
-821
-7020
-6200
-9092
6149
-1357
-3222
1076
1546
4843
2084
3168
-5970
-8666
-5672
9286
-3387
3322
-3759
2081
-5521
7414
-8847
-3185
7251
5732
650
-3360
7726
9938
5356
3168
2091
-9820
-1880
-7812
7299
9510
-3539
-5279
96
2258
9599
-6096
2286
-8945
-1378
6323
1552
-7732
-2407
3100
-8680
-4573
5653
7461
-9577
-8876
-6387
5680
3472
-8601
-4269
-31
-868
-538
9014
-9443
-991
3109
-2224
-7168
-8323
2156
1941
-2771
-1421
8047
4098
3472
-5352
5969
-3271
6303
-8046
3972
8539
8646
9273
45
7228
4252
-4108
3998
3441
2517
7435
7287
-5912
436
6493
-8802
-3874
-4960
6157
-9790
-2257
7044
-7973
2932
142
-6532
2823
-421
4827
9199
-8901
8009
2351
-1090
6488
1714
583
-9542
6733
-9034
8931
9090
7290
-2616
2637
2393
-6821
71
-3042
-4179
1949
7226
2867
3627
8437
-9854
8674
2307
2525
-2414
3550
6362
-5519
-7717
8376
-6540
-5392
-2363
-5617
-7475
-2839
5938
-5106
8203
4054
-5713
-9183
2828
1649
-9216
854
2889
468
5805
-1260
-7302
3655
-8867
7570
-6650
-4758
-5585
-6564
-8020
-38
-831
769
-3706
6833
-7765
-2032
-2047
-5994
-955
7817
9899
9107
2150
2051
6290
9286
-2495
6603
-7190
87
9241
7999
-1763
-6490
-3110
1323
-1799
8054
7293
4962
-5724
3239
4585
-4150
9112
6862
-6924
8152
-8622
-6755
1984
-8713
-9497
-7885
8096
9791
1091
-6604
-1950
6864
7493
-2207
4091
39
4369
-6044
8848
2710
-6536
-8752
-7412
5405
3494
-6093
9702
-7438
3148
7757
3472
-1512
-5506
-9877
-578
8624
9366
-4196
4376
-6733
-2063
-4533
-7021
-7666
4141
-1212
-354
-9558
5580
8105
9813
5667
7685
-826
9445
-2586
3444
-1505
-7868
5994
-9418
-9458
7150
-6516
-4722
-151
418
-6553
2530
5581
9922
7029
8613
-9693
-9093
-2068
-7222
2570
5671
-8543
2593
7178
8199
-5269
5865
-2287
4133
1490
-2785
8717
5943
-1934
3934
8719
3638
-6718
-8034
2312
582
-5698
-4934
-9456
-1755
8474
-8297
-599
-3147
-7400
-4158
7049
6763
-749
-1898
-2765
7396
-2952
7132
8227
-3431
8908
-7374
-4230
3997
2863
-2031
1377
5975
5867
9742
4355
-695
1582
9223
3548
1047
7503
6861
-402
7853
-2558
8578
677
-4727
-92
4039
3388
-2849
-1435
-2772
9031
-5180
-3981
-4320
-6693
-4973
-7159
522
-4001
-4878
-7116
-7431
9323
-4302
-7428
7217
-4761
-9290
1122
2932
2629
-6051
-2847
3439
6343
1722
-8796
-773
-3267
9393
9053
3746
1541
-5363
1051
-801
7494
-9939
3806
-694
8103
-3826
-4098
5208
-5586
4666
5623
-2531
378
-5731
-5564
7312
-6033
6813
