12530
-6969
-7512
-7272
-2487
121
5772
-5603
-3124
-668
8241
-3271
2049
-9829
3339
8065
5883
4214
-1985
-4463
9227
4135
3930
-7100
-4762
3883
1005
3250
-8584
27
6837
-6687
3758
-5057
-826
1784
9913
1347
-1541
321
5532
7794
-6048
-3933
2631
8511
-8400
-4301
5593
-8711
-528
-7695
332
8372
3887
-1671
-803
-2972
8670
-3636
-8669
3888
-7440
1953
1164
-9184
7309
9882
-9056
4559
5236
-2423
-6454
6164
-8762
-6654
1611
-6249
-8837
3469
-7600
1437
-8426
2552
-4428
-5490
-9994
-3549
1843
-7282
-3805
5531
-4596
759
8804
-304
7839
-1361
-4008
4270
576
7203
-7323
6359
8394
822
-2930
-5939
-3398
-5068
1000
5916
-1161
1581
-529
6393
-6504
5211
713
-3232
7074
7066
-7420
2387
3241
7067
9082
-9048
-3111
-7073
6062
-7985
4801
9110
-1338
-8686
3091
-3490
-689
-775
-417
-8522
9597
-218
7215
7886
9039
-9780
2943
1719
-3470
-2827
-5260
-6400
3140
6819
5370
5815
-2766
2704
-1298
-2708
-1764
-8746
7321
-1214
-2899
2956
-6319
-5954
-9356
-7603
6313
1478
-6881
-9418
-7907
-8944
-6034
398
-5774
-263
-9097
-1901
-3681
9755
-2350
5943
5043
135
3668
-6050
-5748
-6613
-7164
4700
-5855
8031
-2405
-8958
-1393
3098
-1389
-8704
-113
2832
1293
7660
-6701
-1779
-7730
-1822
-8200
-4356
-7946
2284
7418
3592
-9522
-5927
-9543
-360
-7488
3590
-3821
-6037
-9454
-9151
-3508
1099
5706
9248
4361
6700
-5751
-2118
-8219
2906
-5251
7621
-8919
-7497
-4752
-8239
4592
6181
3503
3320
-7735
7447
6110
-100
402
7713
7742
3190
-6771
6777
-8555
-789
629
3356
-7371
-2790
-5368
6870
-3077
6409
-573
2539
-9393
-2469
-8005
6858
-9832
5114
-2492
-641
1434
-6068
-6232
7053
-9459
-5046
9036
-5179
-7627
247
-6275
-8492
-8409
3819
6790
8760
-1088
-8506
-9278
-576
-8857
5819
381
-5094
2492
2090
7242
-4581
-1292
8868
-8622
8477
9625
476
7324
4897
-1814
-7970
8726
-2622
3907
-6582
-4594
-188
-2948
-7064
2517
-1193
-2765
6373
4727
8702
-1104
-5135
-9446
4281
-5731
4720
7957
3818
-637
-1206
-5479
7575
6849
4044
9613
9804
3330
-7365
-7538
-3434
-1173
-9032
-8262
-7986
1441
5683
-2191
-6489
-5347
6715
-326
-5074
-8163
-2204
7711
8959
-3730
-8122
-9435
2047
-8118
-4947
8458
-8916
3451
-4322
7996
2694
-5535
226
-313
9022
4846
6071
5388
-9498
-8169
9061
6375
-5093
-244
-7543
-5857
2953
3444
3980
1326
-6488
5322
2350
-440
-4413
5108
-2556
48
3109
8824
5292
2106
5624
-3932
5611
5977
7575
4939
3563
5413
8746
-3899
-2807
-6465
8178
1525
-4139
3576
5828
1524
-3944
9372
738
7407
-8397
7076
8748
-8961
1331
-5766
916
2823
1667
2515
-6118
48
9971
6578
-6566
-5831
-9139
3389
8086
-4578
6189
3058
4093
8882
9044
-2592
-1807
9508
-1002
2311
-342
-1817
-4955
8370
4375
7534
9929
-4687
-761
383
-8402
8920
-6306
-6215
-6980
-1741
357
-2948
-2918
8728
6211
6045
-2248
8062
5221
6560
312
5107
-1337
81
5234
5217
7662
5183
2171
4279
6258
4809
-2690
5822
1826
3723
-5632
4825
-5310
1978
-7552
9969
-7936
-415
5982
-6924
9886
-6105
3013
-818
-3165
-3135
-3620
-9616
-2633
-4218
561
1042
7908
-1043
672
8201
7597
7817
9835
-9613
911
4713
-1946
-1937
4458
-9757
-9770
3388
-6961
-7730
-3076
-9183
6600
6655
4688
-6180
7071
-9144
994
-6735
2743
-1302
8617
-6016
1991
-787
3281
-4890
-39
1541
-8203
-7727
7562
1786
7265
-2396
-4959
4752
-6189
4871
-6314
-9945
3897
-4839
2536
-8693
-7332
7817
1934
-3455
-5846
-2090
-2666
-5512
6416
-7631
1046
8121
6477
-2222
5863
3560
4366
-2959
5468
4137
-3971
5651
6769
7965
751
8226
-7703
-5605
1980
5633
-4181
-5495
-7117
-7724
3450
935
4508
6515
-7522
1475
-2918
9268
-5051
4671
9469
-611
-5817
5557
4370
3590
-8640
-1107
-5090
-4365
-3968
-8179
-5730
390
797
7810
-9619
-1425
7449
7557
3224
-8282
5621
9693
8015
-370
-1310
2011
1369
3599
-657
85
6360
-5004
-5692
9086
-7302
-35
121
-7873
5929
-3005
-2355
-4138
-3420
2423
1487
7461
1107
-7364
2831
9653
-6928
-8491
7064
-4971
-4773
7491
8719
7896
-2544
-7712
321
5819
6998
3838
-8684
4522
-6045
-8131
-2991
3526
-600
-9894
9808
1821
3350
-9045
-5850
588
-5913
1357
5401
8476
-9548
-1136
-8163
-1044
-2847
8788
-183
5376
9467
592
-4860
-8871
-5228
-9548
-2250
-4079
8087
-1929
8427
4312
-9648
-4091
3331
1304
4455
6666
866
-5478
3055
-3593
3297
-1013
-2619
-856
-5126
7741
2107
-6155
981
1352
6366
3731
-3665
-2935
-9565
8707
-7557
-403
-5630
-4556
5280
-6201
-4941
98
7332
2842
-5406
-6150
2382
-8665
8459
-1095
9322
-2317
7324
7774
1041
8302
2388
-2485
7575
5817
-4016
958
-6187
-3003
9874
-3712
-3492
2029
-8921
5115
5213
-5633
7359
-4472
-545
-8077
-356
-1521
-5173
3548
2052
4596
6479
-1737
352
8080
-1995
-9725
7365
7979
-4598
7759
-851
6072
3429
3490
-9542
5408
-426
-1382
962
-2228
-6659
-9138
-3136
-8887
9268
4991
-2244
-9294
7814
-2299
9551
1740
3244
3248
4770
7719
-4164
4925
-6353
9700
-2326
-2345
-1657
-9588
-497
1567
4619
2227
3061
-4274
-8631
-3288
-54
-1873
-5225
4709
9923
8154
-3703
-5106
-7992
-8393
1222
9296
-5165
2266
4947
-3494
6673
6538
-6231
-7232
-1919
-4154
-9190
8256
-3849
5805
4280
-9791
9132
-4429
-801
1015
-8624
-6862
-3546
-1152
9041
5222
7956
-1441
-9544
-9975
1616
7853
9214
1212
3740
-2086
1423
-1977
8218
-9967
9717
-5579
-1219
-3309
1846
-4941
1877
9339
-4529
9399
-8331
2634
8915
8205
4669
-6035
3606
8319
-6962
230
-3331
-2893
109
-7424
-2572
2933
8744
-9048
5369
8507
-9084
6121
-9877
2275
-9702
-6913
-7618
-3669
-8272
7260
9801
6252
-8210
3066
6591
-8232
8953
-5168
-8527
3417
-6252
-9622
9000
-4965
6408
3839
3721
7464
-2745
-2880
5290
-4958
-5528
3736
8465
8062
2253
5660
2532
6182
733
7596
-9007
-1688
-7719
-2786
-8896
1382
9932
-4786
-1547
-5925
7491
-6524
374
1196
4989
3982
-3717
2805
1219
5572
-735
-3735
-8308
6073
2321
-5048
9241
-1175
-6906
6473
6807
-6022
-1696
-6294
-8905
-6603
450
-5865
-9104
-5976
1806
1865
-1505
5541
-6125
2566
1038
1530
1225
-6396
6126
-1664
-5881
7537
-7602
5061
-4621
114
-746
-8517
1080
4850
1538
8920
-6933
-3448
8730
-8642
-8367
-9513
-5666
-9309
3202
-7086
447
8290
6299
-7942
4973
-4241
-6175
-7433
1407
682
1106
-7052
7373
4935
2044
-9549
-9797
9136
-6010
2977
-7906
5897
875
666
-5926
-1359
6048
-8121
-7741
9407
-7248
2334
-9044
-6531
-4098
469
-2665
3086
394
2354
6900
-7081
2326
-5560
6640
-3605
-8975
-2048
-9120
-9814
-7275
-2864
6527
6433
5108
1284
-4582
3536
-4865
-9677
4052
-3350
9342
-1939
9849
3111
-3340
-1118
-4366
-5717
2216
3712
-7315
-2935
-3501
-1152
6552
-3634
-3538
-8139
-7989
-4101
-4647
7608
9151
9105
7385
-640
-3435
-2361
8312
9495
-3221
-9111
7648
9597
4479
-529
-5852
150
843
9635
-3675
-1564
-5633
9659
-7878
2400
-3580
-3627
-5131
-3366
5732
-3026
-2285
-2497
-5741
614
-4932
3041
8251
-7081
-2945
8170
-6154
7725
-5060
5122
-6540
5515
-4994
722
7106
-860
7163
8569
-1849
-4545
-8802
9675
-3981
-5669
-5098
3022
-6706
-3532
9891
8041
709
-4591
1521
931
2101
-1917
-5951
1417
-7923
1620
-9805
1997
7614
6356
-7086
2125
3746
2414
5467
3409
-7164
2833
-6705
-3347
-79
1795
6293
8375
1772
-610
-1909
-3519
4495
7647
-9475
-5797
-3930
-7687
-8872
8735
1818
-5039
4492
1306
892
-1578
-145
-7535
2515
-5635
3649
608
-9864
4418
-4974
8862
4869
-9650
1814
4740
3216
2818
-9089
2920
-1808
-462
4716
1125
732
-37
-5308
864
-1533
-4910
4954
-6517
-6492
3249
8160
6308
-8888
-5935
-581
-8920
6565
4735
-4545
3476
6031
6339
-3266
6178
-1421
-9403
-8914
6003
-9259
-2121
-7931
303
7912
-4778
5177
2948
-9990
1359
1372
4844
2043
5949
-4882
-539
4688
-1343
6216
2865
-6744
4235
2683
9422
4602
-3145
7484
-7055
4511
3511
8025
989
-834
-1173
8856
-6245
2902
-9611
-7065
-9379
-433
-1065
1849
-1534
-9413
-3375
-2721
4388
-6857
1433
-6676
8267
-7073
-3068
4023
-2043
9324
-9338
6032
3550
7385
9384
-531
6321
1143
-4440
2523
302
1286
-8345
3544
-5225
8481
-7717
-428
-7143
-2109
-8894
1255
-9045
3015
-1412
4416
5412
-9616
4191
-9586
-7010
-9535
-8383
8901
-3062
-5814
-1319
-8368
7654
-9762
101
6912
5180
2042
4274
4127
2034
7996
-9347
1697
-6615
8826
5158
-8954
9871
-6588
-5766
8887
-7881
-1175
-3925
-2117
-4353
-168
5336
4523
4319
-9561
5969
258
-6827
3672
7427
3445
-7812
-4710
9305
1806
3407
-5650
6852
9711
9742
2607
751
-7566
-8749
4423
-9647
-3026
8812
-7070
7854
5493
4032
-9570
-5487
-2532
6389
-8087
-2756
-3366
1168
7537
9287
6777
5785
143
8995
-8624
6863
-2673
-1017
5337
476
-1882
6013
3902
6389
4654
59
-4306
-8151
-8610
5891
-6365
9352
-2815
-4040
-8831
-450
3721
3102
-2598
9557
-9066
8448
-2264
-6257
-6802
5556
4162
3812
2545
-5686
-9464
8475
783
-558
4537
-7124
5104
8278
4647
1129
-9142
596
-7573
3346
8677
-1700
9888
9956
-2957
9514
5903
-4302
3008
9321
-2779
7594
-3613
-6350
6199
6168
-8385
2998
5916
4352
-2399
2870
7130
-9794
4690
-1047
-8828
363
-4995
-7612
-8294
4983
-9202
-9996
2068
-8984
3059
-9492
5942
-8979
-5272
4534
-7196
8709
2223
-7807
-9919
1504
-2367
3341
-3509
3595
8808
4615
-1786
-6027
-4805
-557
4153
5287
4700
-1636
-7074
-7228
-355
-4749
6024
8543
4891
-5831
2029
3611
-1992
5881
1728
1251
-8049
-2348
-5870
-8039
-7017
-3057
7117
-4468
-866
-1988
-6153
-4392
-6896
-2083
3060
-6502
-6798
8925
2509
-8831
5129
-7952
799
4842
-2469
640
-7478
-1879
-87
3443
8705
-9690
2590
-9921
7699
9155
-8746
-1487
-2475
-3695
9334
8534
8284
123
-2600
1442
-8168
-882
-9210
2904
7734
8674
-3744
-1519
7907
-2383
4596
9937
1592
6967
1139
9821
-8323
7502
-7475
-5157
5528
-4747
-9054
348
8832
75
369
-2994
-7776
7467
-2853
-9440
7400
8607
8146
379
-8642
1700
-6649
-1837
-3200
3668
-7417
5423
8798
9046
3965
1858
8117
7635
1497
4225
6048
-4401
-4141
-3262
2676
-9372
-9359
-4270
-7157
-2604
-282
9014
2814
-9270
299
5108
-9265
6619
-6288
2447
-8988
-2423
2558
2845
8715
7486
-2389
5149
-5435
-8017
4650
-936
-7672
9199
1287
9916
-5540
-4386
6491
-6902
-9615
6268
8708
290
4430
2649
-6095
2347
-9400
-2171
-9141
1269
6441
-3192
3713
7864
-4135
-72
-2210
-9010
-6630
-8868
-9478
838
-5867
3417
-8904
2588
-3036
3643
-8478
322
4460
-1177
7363
-7157
-2961
-8113
9690
6951
-6438
5951
63
2009
-3221
1878
-3136
298
4033
7681
9420
8431
-3263
4678
6179
9002
-73
8838
8324
8806
-4738
-446
4483
-2221
-7403
2516
9344
-5995
-6723
-7669
9833
-5142
-9096
-6039
-4497
5634
2384
7804
9579
-4087
-3319
172
8563
3178
4359
3170
-9256
882
-949
-2313
-6187
-7384
-1293
3871
-9910
-9651
-5981
-5477
-231
-304
7032
-4249
1879
-3561
527
-8765
2410
-9437
1373
-6563
-1023
6715
-974
-2385
837
9892
-5193
-4807
-5520
-1520
9126
4391
-4455
1463
542
2291
-3104
6154
7639
9752
7406
-5453
-750
-845
-6248
1753
1059
144
-9948
4684
-11
6591
-7469
-8206
6702
-8026
1502
-3729
-9522
-3242
-6731
8113
1133
-6585
-5119
-4046
1104
-8552
3122
-1809
1225
-8482
-348
-7666
-7741
123
3090
4817
-8776
-9089
8749
3420
-2549
-3771
9542
3633
-7441
-8815
3465
-8244
8189
5962
7255
-8965
8668
2922
-6165
-3196
-9996
-4389
-9091
3312
6449
-8964
-1736
3728
1843
5522
7709
-3553
-7576
1008
-1892
7618
-3568
-6205
8928
-7926
-4777
-5159
1321
-1677
9648
-4007
-8874
-9553
4440
-8121
2390
2812
-716
-8304
-6274
-4696
-2455
6740
1834
6850
2673
9487
-8949
5092
-6425
-3620
7105
-8817
-1327
3153
-879
4345
5935
-7923
-8615
2442
-3929
-4541
269
2378
-7809
-9985
9570
9521
-5956
-7896
-8494
5018
2037
-177
-6897
-2137
4296
-8188
-4225
-4523
9016
-349
4582
1107
6145
225
-4590
3527
8041
-6664
-5888
4191
-9333
943
-1084
9438
3252
7148
8926
9737
5005
-6221
-4801
-9571
-9542
1213
-5648
6028
2646
3058
6709
9292
-4415
7307
-6627
2661
-7011
8616
2672
-1887
1840
-4614
-2493
454
4702
-2665
8679
-6476
2955
8729
-1298
2750
2552
-5185
1086
9334
-2431
6417
8029
8063
-8403
4820
8385
121
5637
8717
-8067
-25
9870
9663
-3873
2018
5897
6525
7705
-7794
4262
1045
-2895
2562
2186
2009
-2736
-48
5136
-8533
8106
9221
2150
1588
-796
-7430
-1834
293
-2020
9082
7745
-3653
-6678
9162
-4291
-3052
1576
9684
7029
-5636
9543
-2008
9364
2332
6813
7548
-612
7397
-3147
-9755
243
-4916
4466
5423
-4324
-6370
6878
6545
-5643
5092
968
2391
2702
302
-4709
5772
-1142
-6239
2784
9076
-1139
4292
6592
-227
557
3813
9022
-4529
3677
2386
9132
-1619
-4703
2231
170
-5822
-947
-6527
-6456
-1518
3062
9402
-5471
-8138
6143
4474
-9503
-7252
-1846
-6446
-7228
1836
-4314
9977
4066
9153
-3054
7682
-8214
-3541
9889
-6054
7569
-4823
8750
3402
-4031
-7016
338
605
-7931
7775
7218
2410
1268
3510
5723
7565
-3058
8898
6128
-7387
-7256
-7667
6360
-7152
3420
2974
3768
-8677
8340
-520
-4830
9555
7638
-9912
5173
9270
-5197
-2518
-4053
-1672
-9721
2063
6224
-9028
-2886
-6452
6221
3430
1967
-2611
3904
-5487
561
-985
997
-1958
7220
9652
-1056
-6061
2447
1805
7121
-6318
-4380
-6417
4681
5882
-5294
1014
235
-134
7006
-2625
230
6693
2296
-7535
2208
-4259
-7161
-9497
3606
4688
-4923
173
9437
7897
-3287
7329
-5660
-2192
8729
3105
-7012
3988
1138
3125
-2468
-3520
6346
4654
-4743
-8670
7461
-1332
5185
-4393
4738
-1301
-5597
660
-3028
1635
3748
7187
-2202
-2585
5204
1222
6928
4393
5363
-4838
7554
-1900
-4925
-7701
7953
-3315
2946
9602
-3299
7131
8513
7901
7902
-9105
-4362
7272
-7538
-3609
2879
-3320
-7433
-5948
4386
-9039
-1128
-3951
4298
-2703
-1560
-9473
2613
-7730
-4822
9435
-8423
-74
-9699
2900
-5812
-9290
7061
2561
593
-554
4709
3116
-4610
8626
8822
-8154
-6901
2650
5923
3349
5164
2034
-9506
8576
3348
5859
-9722
-8137
-5159
6983
-8584
5915
3808
-8747
2785
-8975
1647
8936
-815
-1901
-5712
-1962
-5257
-9057
6822
2611
5571
-3202
-5570
9897
9245
-9198
4556
-6439
-3590
7390
5915
-5384
9555
2391
4320
9118
-3776
3359
6054
2007
7091
-6194
6723
-6404
3660
-6018
993
1462
9510
-9385
-3855
5582
-4100
-5818
1169
-2346
2018
4656
-7713
-3543
-8659
-7185
2660
3246
-7634
-4711
-8212
7017
-9954
-3733
7856
9743
9014
6792
8472
6285
4711
7696
-7374
5408
-309
7074
2389
-1638
9208
7686
6979
939
6691
8964
9465
-6844
-9148
6366
-5743
-3516
810
-7806
-2377
8963
-2501
7436
7239
-4664
7692
-6299
-2025
6128
-2405
817
-4335
1303
-3579
-8499
-1545
1571
6304
6923
-7375
7827
-3854
-7726
-6837
4018
7046
587
-8384
-4326
4985
9078
-3959
1644
8981
6152
-1868
-9277
-4929
3912
-3014
6752
5270
7392
-8205
-5170
85
9961
-2285
-5114
1832
9736
-7301
8724
-5209
-3295
-338
1595
-7417
-8063
-4960
-1609
958
-4059
-2725
9223
8043
-3542
-9713
-1907
-815
2051
-9103
-7410
3766
-9031
6489
6459
-137
5548
-8944
6109
5399
5979
-7715
257
-1143
705
-3396
8532
92
-5678
9971
-5674
1667
5807
2733
4648
5491
9750
8597
8982
-9640
6532
-9030
7926
-6366
-818
8703
6688
-5471
895
-9837
8608
5446
4848
-9126
8022
-7649
-4012
-1167
-1643
-6730
9088
-8540
-4255
-4685
-9731
-6498
-7454
-6313
-7485
607
8554
-1637
9626
-3712
-3368
-1070
-3365
-3670
-1486
-2752
-4983
3946
-9937
4355
-9127
-2518
-6502
565
-1104
3245
-8755
-4824
2876
8548
-2726
-4074
3292
-4267
9731
3841
1662
-5998
-8831
-9171
5384
4197
1181
-508
-5266
9932
-2387
-5740
-6131
7610
-6668
29
7813
8062
7833
-4011
-6288
6199
2180
-1929
-5967
-9501
4346
3673
-6101
6307
316
-1217
-9160
-3697
4044
-1460
367
5508
-9577
-2010
7501
-7449
-6676
-1716
-316
-1931
9027
-4588
8190
5854
-2017
-1076
435
5275
-5941
-680
7818
2272
3202
9222
8817
-2481
-4280
5007
2822
-3243
5945
7195
4007
-2584
-1698
-828
-9667
-3725
-5184
-390
1283
8874
9664
9910
6770
-8735
6546
-9753
2059
-9961
-3874
6290
-4399
7722
1461
8802
-5351
5969
1480
5388
-7114
-6658
4562
-4761
-9055
2985
7061
-4159
5544
-9647
-3754
-6083
-1584
-1671
6983
-2742
-5027
-245
8739
-9044
-3121
1056
1759
6106
-7356
-2878
887
-3636
1869
3935
-1455
-8827
-7578
-4104
-7718
-9621
3691
1411
318
-8640
5606
-7626
-2236
6084
-279
-8797
9327
9380
9389
5881
1233
4868
-895
5428
9888
-9546
-8525
6044
9337
8511
-8227
-3584
8175
2947
9868
7751
-7510
1750
8756
4880
-6396
-6081
-1101
-7345
-6802
6369
6344
7435
-6269
7523
-5456
-997
-9647
-8664
-2989
7929
4060
-8590
9986
-7761
-6255
8666
-6670
5964
305
-6813
785
6080
3368
-9599
-6547
-1695
-8181
3007
-2715
-9695
-4289
7093
205
762
945
-2032
-168
842
467
-5652
-9322
9315
5182
-6455
2910
-4770
7275
6133
6299
-7849
-1810
-1624
-4059
4872
-6330
-9909
-7591
9359
-6997
5870
9077
-6243
-6991
-5899
2701
3972
646
5266
4459
8851
-8864
6538
2199
-3873
9713
2983
-5321
-6291
-9042
9781
-8631
4892
-8673
506
-5421
-694
-3401
-3067
9282
-3202
-9049
1311
33
2860
1923
3863
7951
4682
7096
-5204
3836
-3274
1847
-1711
2086
3729
9795
4732
9434
-4362
7723
-8932
-9467
-408
1818
-7470
1873
-4756
-2899
-5115
-7939
-6530
7547
7578
8037
5979
-5660
-8390
1327
-8878
-519
-5532
-4982
4258
4823
7577
1323
-3265
3693
-5049
-4296
7824
7124
-8794
7176
-2435
1638
-6189
-2442
-6432
2406
7911
-3388
-3556
7504
396
-660
-4565
-6452
9072
-6472
-4133
-223
-2270
-6833
-1020
2224
6308
-2490
3188
-7643
-3338
-9855
-8097
-9237
9418
-4784
-8309
6988
-8382
8965
-1146
2728
-5471
-336
-1575
-6044
-2169
5497
-3770
3384
-9956
-1181
1756
6809
-5415
2302
-1107
-1275
-967
8420
5072
-1434
7539
-5308
-2397
8235
7961
3524
4147
-4096
529
-971
5118
7139
-1310
8577
-1667
4848
7050
5737
-1834
-8103
-8539
8912
8073
-2812
3787
-4510
-4306
-1524
-3685
-8284
3345
-899
8528
5038
8599
-7604
9444
-5869
7667
1260
3207
-1316
-5175
4970
7799
1660
-6370
-1219
-6001
7665
-6916
7141
2699
-9929
498
-8952
5138
5136
9863
-6440
-1928
-2654
7245
83
-9444
-4203
-1558
5248
8551
7381
6528
-6477
-1664
1577
-3396
-7249
-450
-660
8733
1365
8125
1612
-8877
-3735
5634
-3042
2100
-2836
-3450
-3009
1658
1264
-9441
-6609
-599
-5515
-2276
3355
9669
-1117
1476
7527
723
3522
2836
1947
2939
9576
-3005
-5465
7360
-9304
2035
4975
8021
-817
-43
-8047
488
9339
-7868
5533
-4204
-8844
2964
7380
6922
3923
-4018
-8835
6478
-4860
6184
-5596
4875
-737
-6978
2387
-5655
-5090
3651
-3482
6143
-9720
-3201
1515
7611
4450
-5037
1369
-5168
8212
834
-5123
-7674
-6092
-5121
2793
-8762
8456
9355
6259
879
-5857
-3141
-792
8487
-3213
-1044
410
-177
-3519
-1932
995
-1051
-4958
-710
8049
9871
1849
-9434
780
3838
8146
-158
-503
-5103
9043
-2435
5672
1770
-1653
-827
-3925
8881
-3351
-9228
-9164
-2917
-9444
8704
-3582
-6562
-9999
-6112
3952
-7781
5379
2130
397
-7407
2336
7710
9603
5002
2665
8436
-4953
-1729
-1473
-9932
-536
-1879
7773
-2875
7921
-3460
-9550
-3621
2675
-7966
3741
2776
-3812
-1303
-1150
6314
-4927
-7571
4468
8462
-8661
-4501
7756
-3680
3546
434
891
-4964
4198
5913
-7249
-4548
8371
8610
-3051
1145
5757
-9597
-7025
-6203
2747
-9739
-4097
6038
-4570
6297
-3672
-6884
-1277
-7237
-2939
-4332
4305
-4297
-7679
6474
4507
-3985
2805
-5985
-9172
-8337
5994
-6519
1032
-117
-8589
1148
694
9435
-652
-9235
5647
9508
-6122
9207
-2990
3223
3344
-9823
3573
7451
-4284
-6926
1544
-1697
-978
6262
824
5715
3067
-3906
6947
-3485
1705
8146
-4209
1336
2125
-9733
-4374
8844
-1653
9014
-8238
5379
-2581
8742
7479
-4332
1230
-1382
-1205
-4045
3380
5863
3497
-6634
-13
2705
7572
-8285
-3225
-609
2771
2004
-1447
-3600
-3525
-9030
-5667
-5017
9882
934
78
-6346
-4798
-853
3306
2269
5707
-3881
840
9227
-6120
-8544
2871
5524
-4534
-3410
-7657
733
-7881
8991
3649
805
-7351
9754
8498
-942
-7952
-655
3302
-495
3819
-3528
-6892
2143
-7186
-4699
-9944
-4061
-4483
-1035
-2796
-6126
1530
-9712
-6070
-4189
-3901
-7484
-5524
7510
-8435
-6755
-9936
1899
-7855
-9230
8900
181
628
-1270
8478
-8303
-5023
-9689
-386
-6957
7733
2288
-8050
-3905
-2354
-636
8973
606
-169
6222
4954
9280
5671
6502
-6597
1
-3453
6018
-5513
-127
5633
-5910
321
842
-8719
-8221
-6938
-8500
-2350
-222
4406
-799
1825
7513
2787
-34
6812
-3270
3618
-8240
6516
7525
6582
2345
-5463
-5097
4326
-9482
-1819
-4452
-3978
3370
6262
-3687
4739
-255
4768
8435
8921
-8919
3134
-8637
5868
793
9165
4318
757
-2812
-8343
4169
9681
-8370
6283
-1283
6785
-4491
-357
-2671
8265
-4000
-2735
8602
-3822
-6313
9731
8970
6935
1422
-2908
5481
5323
3492
-8937
-597
3378
-4102
-8075
-2492
404
8751
-5475
-3131
9782
-7413
629
4300
-8499
4291
-3889
5561
1481
6898
-8310
-2127
3911
4894
-4530
7063
-7801
-6149
-177
-9212
-5059
-9456
8701
-8155
-7035
-6857
-105
5811
-8821
7520
2158
-9112
3007
-8684
8866
2523
-1568
-2310
9548
9838
-9794
6907
824
-498
8775
6332
4750
5679
-9369
1
4423
-5831
-9547
5804
-8522
-9665
-7623
9477
-8436
6581
5017
8707
-8643
9207
5243
-2127
3595
3101
-4482
262
2293
6705
-6664
-8005
-1590
5115
-6949
-9173
7769
8527
4443
9171
6706
-3937
8846
-9332
-9108
244
-6391
5381
4864
-7613
-4792
6183
-5317
-6845
5044
3932
7284
360
-2321
-3583
-4460
1657
3175
2862
-3446
-6226
7401
7831
8783
-6141
1088
8819
-1310
-27
-6140
9649
-9092
2126
-2980
-9717
2758
-3267
-95
-5620
9186
-6431
-6851
648
4045
5223
-2291
3533
8455
1688
3763
4301
-9737
2852
-8633
-5079
8986
7166
293
4615
-7045
1831
-4342
5108
-5397
5939
-6396
-5233
4467
359
-7179
1781
-9070
-6942
-9908
-2284
6495
2057
5657
8031
6128
7590
6814
-9719
-8621
-3743
-3853
2031
5587
-980
2013
-2066
-9626
6658
-7012
784
3354
-7109
6098
-3742
-2392
5604
5589
-3740
-5734
8953
-51
3890
1567
5451
1732
1743
4158
5664
5681
-9868
3284
2832
5976
-7655
-2021
2393
1363
-8319
5905
-4052
-8221
-6376
-7786
-714
-7180
-5183
-8471
-5284
-819
4512
-59
768
-8897
6722
3603
-8787
-9480
6193
-929
3599
-5302
5856
-2934
6198
4179
-8791
-4701
-7069
8558
6959
-7702
1239
-7201
-4172
-1192
1245
-1156
6540
7117
-8127
1687
8576
-2314
4599
3423
-6786
2369
4953
-9258
-5666
7451
9726
9994
6794
2334
-8722
-6757
6920
-3574
9894
7019
-8891
4879
-2797
-2394
-7443
3599
3879
4958
7244
4779
5049
6575
8146
-3078
6392
6360
594
3678
5235
1083
3478
-3513
1374
-5443
5732
5754
-5058
7196
3056
144
2317
4940
2466
8848
7061
-8461
-7779
-4220
-7531
7229
-8422
5973
9593
-2427
3896
-7754
-4566
7862
-5829
4349
8927
7292
6761
-6542
-7609
7188
-5954
415
7772
844
5248
-5684
-6974
6951
-5992
9301
-6725
-6042
8313
9870
3303
-6158
-7841
8252
-9810
-1246
-5367
9834
2144
4298
1139
9509
5754
-5939
3272
3243
-2084
-2186
5146
268
-8301
737
-2053
-7833
2031
-8296
4256
5207
4626
5109
3848
-1635
611
6614
6668
-922
-1782
1802
-2930
4542
-9497
3710
307
-2040
-1022
-7631
-7383
-7110
8051
-2134
8304
994
8399
-8283
1606
-1125
-4297
-2115
-8196
1359
-6528
-7026
4290
7837
1045
3382
-4034
-6035
3512
-8761
-1726
-5880
4310
7930
6888
1793
8637
5047
-1474
-4462
9766
-9582
4856
4402
7319
569
9850
2945
-1009
-7466
-7166
9078
-9368
-792
-799
-6743
2855
3116
-9315
21
3375
6917
8240
9541
-6980
-1680
-7802
-6729
3828
3522
2297
8145
-3929
1997
7402
-2926
9567
-557
-1596
751
-2888
939
-7577
-5730
8667
-4225
-5035
8348
-5374
-6859
-8579
-7297
-7680
3459
8760
9142
-9079
4371
-716
-5048
-4745
6822
-995
-1880
8887
7994
4415
2425
-6152
3592
4903
-8993
-6543
4941
-1632
-2280
8012
-4310
-9010
7668
-6193
220
738
-9688
-3294
3895
-3985
6449
4877
7064
6796
7133
3217
4630
-5688
930
-2486
2720
5297
8782
-603
-7741
3666
8566
3281
3535
-3719
-9576
-3427
-8718
7522
-7085
3346
-9461
2610
-8845
8930
-285
1089
8637
1772
9827
-1683
-8778
-7631
7429
3247
-7501
-6518
1154
5148
-4297
-5135
648
-6063
1876
-9011
-7779
-543
5900
4121
9926
-3711
9006
3298
6323
5113
-2319
-3107
-4081
6980
-449
7008
2925
-4048
478
375
-2960
4887
-4847
6690
6094
9047
-5254
-1198
-1933
9049
-8272
-7235
7394
6066
-8691
-2581
6462
-485
8137
-2147
-6375
-1602
-9662
4188
-5746
3737
-9771
-367
9966
-1906
2148
-629
-8795
9940
-8314
-5656
3902
-6325
7351
-7764
8614
2678
7538
5282
7618
-744
8516
-4635
-3609
-1764
-1681
5628
6744
-6340
-2860
5075
1586
8717
-6659
758
-7764
9440
3297
2255
9262
-2726
-4158
-1690
1638
-3740
6476
81
-4518
-1335
8695
7276
-9699
-3491
-7875
5137
-389
-842
-3181
-178
2784
9176
-8888
-4982
-5404
8808
8522
-3681
-4371
-6157
8160
-5458
3965
-2187
-7390
7337
-7459
-1758
6071
-7353
-3030
1128
-7160
3411
-9637
9648
9736
6451
-6273
-7222
-9050
4123
7953
6409
5640
-8552
1485
1061
2539
-9971
8502
-7217
-2847
-4717
-8159
-5849
-4309
8936
1051
6453
114
3176
-5350
-3224
6756
3387
9879
187
-2020
9537
8107
7253
-7993
-4949
7303
9060
694
1649
-5042
-5376
-3101
-7326
-9224
2976
3083
5635
665
-2331
4838
-9536
2760
5804
5361
573
-8495
205
523
-7278
167
2995
-7523
-6399
-6658
-5690
6989
-3981
9112
-6455
-9351
7965
2112
-8150
1447
8484
3240
371
7078
-7410
2859
3143
7431
1926
5369
-9617
9755
-3013
-8164
-5970
-4746
7059
4261
5791
-7816
9330
1470
-5488
1350
1347
9973
2097
2953
-2363
-7818
7677
9531
-634
-7237
3205
6166
-6653
-1953
-852
7146
-8704
-5327
4259
-1125
4127
-5468
7418
-7330
-7936
3359
4867
-9679
7689
3921
-607
-1895
-7596
-7238
-9350
4723
8693
-8815
-2601
4557
-8670
5342
9477
9498
-3458
2840
7798
-4031
5632
-4493
-468
-5797
-4221
8514
-2805
6602
-8224
8319
-1509
8330
6356
4163
772
-5560
5417
973
3444
-208
-6541
6998
-5810
-6059
-7879
3334
8603
9164
2354
1565
7430
-8863
-3697
-2996
6180
2104
2496
7323
517
733
-309
314
-5831
-4914
2730
6041
4008
8583
1722
-6351
7560
2945
-626
-6456
9146
-3883
9973
-7929
-4219
-8809
-7289
-3011
3151
-7160
9528
-7464
-1890
1833
-2497
3817
-8652
4275
-1984
-7197
-9626
-937
6495
3048
-639
7464
1984
-6068
6019
-7465
8706
5484
-3245
-5872
8697
2161
7371
-9723
8496
5457
9703
-1101
1890
4304
-9096
-7866
-1575
8287
-6460
-5044
-8485
8254
-6250
2963
-8581
-3710
-8475
-6159
7090
-5671
9508
-3431
1298
-1949
-1895
-1797
534
7174
-7853
-7494
-7348
-4395
9838
-3345
-5574
3
-5084
-5591
1697
8536
-3161
-1524
8448
-4001
-1060
1821
-1515
1241
-8804
8047
8781
3660
-1183
3830
-4676
-3373
-528
5657
8403
-5245
-9431
3600
3010
4264
5648
8121
108
2986
3809
-7208
3396
-5975
-633
-3122
1747
-9767
4917
3225
9054
-5522
-5158
-4227
8606
-1015
-3178
-7197
2066
-4623
-7150
-6946
-7921
607
-6512
-4253
1081
-303
-4898
-1797
-9306
4066
9920
4895
-5409
3377
7184
4190
8991
-4832
-7016
-2552
6533
2091
5752
3207
8372
2907
2387
4067
7967
-297
900
7513
-9838
1576
-9996
8694
-7751
8281
-9645
-3539
6326
514
3414
-7653
-7815
-5505
1941
8076
1561
1976
5868
5106
-241
-5786
3494
7362
6422
3002
852
-5072
7087
-7643
699
-3699
-3224
-420
1836
-709
5663
-8219
355
-4356
-6100
160
1165
3881
2554
6321
-6897
-1372
-1263
-4090
1682
9943
-7747
7802
8645
2298
-9858
6202
-6084
1467
-2998
5881
3625
-3889
-631
-8503
9234
9292
4859
9015
7035
-2318
-8178
9320
-591
1809
9688
558
8273
6928
-7697
-2241
-135
-3929
8274
-9249
-8092
6410
3942
9565
-2023
8456
6938
-8811
-9466
2760
-3320
6811
7496
2048
-8142
-1072
8878
-8363
570
2121
9476
4846
-7092
-9399
-3236
-4419
-90
-3080
-575
2084
1669
6082
-533
-1324
-2573
-3117
-3678
9814
7256
-689
-4950
6768
-2958
-3170
-6793
-1060
50
3215
2964
-670
3229
-6917
-6352
8791
-704
-9275
-792
3261
-7372
-2676
-6513
-6932
-6380
-4746
1460
4472
4154
-6693
-4723
-256
-2155
-4053
646
5865
8341
-7650
8029
-7327
4520
9803
-6734
235
-1228
-7484
7372
6704
-1102
-7104
-3525
-7611
3949
-9324
293
-2044
8600
-777
-797
-5012
8125
8992
-572
7450
-1015
5262
-675
-6723
5543
-8213
8610
5616
4725
6636
-3065
3793
-8974
5790
-2456
-4543
-7085
5315
-5826
6439
3251
6251
6847
376
7133
-2295
3386
-1763
7944
-3623
-5142
-3246
4593
-4865
4437
-4944
-7524
-414
-2489
5404
-6087
6730
-2111
747
-9242
-3608
-343
-1810
9690
-9431
8393
-6968
8919
1034
-2982
-1918
2567
4378
942
-9598
-7562
-2195
3542
6370
9130
8483
1466
928
5123
-7532
3495
3379
-7624
893
-1662
-1949
7441
-8725
6415
9406
-8186
-7166
-2065
1169
-5314
-7056
-8547
-4969
-6462
-2627
3490
7392
3158
-4158
7414
1516
-8374
8326
-6113
-2892
-659
-4384
1341
3807
-1440
7857
-213
5367
-5333
2737
-1306
8879
6393
-3872
7720
9823
400
2988
-6938
-457
8390
-7105
-1280
-3591
6551
1779
-7752
3861
-1356
-3013
1790
-643
-4133
-2575
-389
-9199
4615
2757
-3677
6773
-630
9358
8867
8825
4670
5499
3076
371
-881
-7648
-4008
-8690
-9761
6837
1921
7453
9531
3281
9329
-7127
1076
-4130
4630
-4414
-7787
4609
7931
6515
-691
-8210
-7640
1775
-8807
-1323
-249
-9867
8048
-466
-2902
-9490
8418
2865
-6110
-7226
5217
-6187
8433
861
-689
-4749
4760
5718
-2799
1499
9884
-7661
7540
-8427
2693
2973
8381
-7974
200
-4807
1841
3850
-1604
2403
-9259
-8350
7417
3382
6065
-9691
4790
-9697
9015
-7270
4963
-9947
9752
-5563
-2017
9978
-4095
4308
6382
-6972
-322
-9777
8529
9235
-8028
-617
-1823
-7447
-5255
9430
-7919
468
-1166
878
-5471
-8833
7880
-3902
-914
9883
1993
-3129
-8707
5183
2075
-8034
335
-6658
4956
-8040
-2980
-3508
5641
-4938
9448
3868
4429
-7005
-7871
-1370
1977
-7832
9054
-2185
629
6361
-6902
-9002
-716
8310
-3921
-3683
7551
6256
5842
-5100
2678
-2958
5645
2557
-8930
795
7642
8577
7643
3461
-7648
7457
6012
3597
-1845
6955
9837
-8805
-382
-2073
-4425
-7862
7618
-9854
8300
1917
4606
6590
-1947
1294
3784
-4969
-7129
-254
6878
7431
4676
-2911
3755
-3312
7659
-911
5050
8284
1448
-7625
8629
5414
-7363
-8624
1612
676
-705
-8048
5686
3399
9985
-258
-4264
-6237
-2167
1277
-522
-9830
31
8589
-3254
-4916
690
5273
-9071
-1239
-8467
8579
3860
3647
-2041
6229
6459
8458
-7727
-1532
-8893
8181
-5671
-1747
2046
2801
-2167
9019
-4926
-78
-4129
-2890
1959
7083
-8791
-5577
-2945
-3809
9910
9718
2853
-3160
5509
-9732
551
-4710
-7050
6835
7113
-3999
-9822
-734
9294
-1584
8780
5535
-3774
-3807
-9056
-5490
-8693
-9605
-3309
7625
6721
8848
-5176
-3878
-4518
6929
2335
-9001
4578
-8874
-9306
-5532
2002
-7644
2414
1558
-1817
3440
-3079
-6406
6009
-7190
-2717
-1820
3901
-3070
-3108
-466
-1633
219
1583
-3941
-7090
-4462
3902
5823
-6356
738
6660
6348
-4862
2381
893
-5772
-6382
-7992
-3741
-4300
4515
7602
-5696
-2739
-3053
-6897
5189
-3838
-2325
-8993
-8255
2116
1158
-2377
3917
-5586
-6085
-8973
-7892
8513
2633
-38
-5478
4068
8703
-4082
1325
61
-8745
-9334
-5917
-9264
5414
-4059
5610
1943
7484
3573
-6794
4245
-2593
-4052
-5979
-778
-8111
8469
-6750
1035
-5376
-1722
-4229
1956
-1681
-829
9747
-7401
-8444
2675
-9419
-4732
-695
-2083
9386
782
633
5653
-5860
-7988
-1317
4076
-8366
3122
-7697
-9768
5675
9102
756
-6721
7613
4655
1765
-1753
4724
-5137
-3163
2073
7757
-4573
-7637
-7514
-9644
8185
-2939
-5287
294
3494
5489
-766
4282
8537
-8850
6186
7779
2406
-3242
8209
-9626
2253
1513
894
4239
8241
781
6208
4953
-9286
9813
-9085
6875
1017
-3768
-936
-8370
694
3266
-1294
4380
9826
8546
7758
1826
-7972
7576
878
-9244
8189
1112
-897
-6616
-5747
651
-800
-1166
2359
-9650
-2268
6734
-9917
-8742
-6187
6309
-8900
4896
-7064
-2992
-3794
5793
-8494
8662
-1433
-6767
4571
-2007
2402
-3343
-7935
779
5661
8846
-7050
-6498
6476
-1204
-6600
9359
-3153
5125
673
-4876
-1249
-1952
5334
9074
-6522
1974
-8793
-6086
-9334
-8578
-9640
5118
-2626
-4388
4783
3682
3710
-3206
3733
9553
-2842
4210
-1708
-8123
4672
-3190
7282
7581
2304
-5904
4900
-9631
9959
9687
7184
-7626
5152
6346
-3401
9478
7349
9033
8595
-9731
-8403
-3585
-4850
-6845
-7748
293
-7730
-1719
2576
-6479
6174
-9845
-9005
-9797
526
5904
-9260
9806
4683
-4992
5327
3102
2809
-2326
4116
7909
3718
-7921
-1645
4157
6921
7786
4596
7971
-2752
7197
-843
-8664
6756
-2445
7024
-9726
1670
-4
-2405
-1499
3914
4855
446
-9928
3245
8376
7440
-8552
8414
4565
-2191
4900
-3753
-9491
-6595
8158
9873
5807
-2982
-1428
-8558
6317
-3098
6151
6528
4303
6576
2846
-3371
8537
-1111
3272
4244
-9886
-9393
8972
4558
3953
-6658
-7525
-951
-7733
8874
6896
-8306
9055
9515
-3268
7186
2222
4855
131
9697
4172
-4303
-8149
9643
-5391
-8159
2758
-8814
-2633
167
-5427
-8403
8001
-4227
298
-5612
3159
-2820
3087
9397
-4997
7826
6933
3157
4089
-6732
-196
-4592
2347
595
8999
-5746
2952
4639
-3558
-3837
7311
-3790
5749
1244
4238
2233
-5728
-9408
-6916
9353
-2344
-5493
-4116
9832
-2302
-2796
6339
9844
2219
9111
4513
-6523
-8301
3463
-7499
-4590
1220
-8364
-9474
6725
4613
-3891
2985
6893
681
3525
-6251
-1
9371
3366
-5545
-7405
-3181
-5517
9555
3342
-9386
-5658
-9705
-7816
-2101
3076
3784
9248
4231
4181
473
-3511
863
-487
8652
9020
6517
-2905
5415
-1725
-6086
-9729
-7301
3673
1448
6968
-8797
-491
-7488
2437
6032
9020
-5953
-6076
9710
-9756
-2030
7170
-6376
-2883
1895
-4075
-6423
9396
-6588
-7443
-4037
5272
-228
-9512
1029
-946
-2382
5540
6764
-4703
-5178
-4734
-3800
4134
4983
-7298
3390
4385
-5416
-6846
-5765
-1234
-2492
6330
-1863
-57
2414
3403
6839
-9333
2501
8393
845
1525
8743
2197
-8242
-3790
-8576
-3513
-9478
5296
-4843
-8271
-4723
-6439
-554
-1624
-2997
784
1597
8753
-7522
-3844
-2707
-7697
5146
4652
1781
-7410
2561
-1941
9909
7631
-3171
108
-1074
-128
-7529
-6949
6296
-2823
1534
7407
3413
819
7826
-2569
9590
6748
-5477
8174
-6675
331
-9945
4866
7395
-1493
-5102
-8524
9540
7424
8952
-1228
-9524
-5206
-1937
-9949
272
1103
-702
-4278
-5597
6254
464
602
9022
494
4695
9373
3420
-3005
3336
3242
1794
-7309
509
973
-8672
-6195
-8693
-7112
-8235
4141
2189
1850
2888
5137
1475
-1049
2596
-7321
-5656
-1784
6403
2206
-9916
2020
9988
2410
-8609
-5347
6243
5394
6830
-8997
3407
8210
-2260
4917
-4607
4166
8628
7219
-8576
-9259
7383
5193
4429
-2792
-2098
-3065
2531
-7388
6899
-3753
-2892
5215
3160
1270
-6623
-5238
3493
3132
9973
-8997
5821
6173
-1329
9160
-3854
7034
8787
-8084
-6811
762
-6606
-8531
-2500
1486
4217
-3683
4668
-5877
-8914
5355
9605
2886
-5018
9804
-8617
3631
-1202
6854
8017
3412
505
-3761
203
789
-6202
8802
-1978
6357
3090
1150
8024
3066
2997
-9085
-2266
5019
4377
3206
-2551
3243
4754
4112
5308
-7006
5177
-5524
-6607
-542
4158
2968
1007
-7220
-8739
1305
-4535
-9483
-7789
4013
3944
-1877
-5126
-5123
1252
19
-2558
-7842
-2331
2424
-7349
696
3270
5402
-7025
4835
7568
5429
-9443
6448
488
9709
-8693
-2001
-5124
-6837
2586
-6180
3000
-3442
2816
4780
9212
-7055
-5113
8819
-3557
-5866
-2588
-7407
2237
-869
6536
-3917
-9134
-4681
717
6840
-6953
4780
9804
-5042
2599
8774
-5555
-7630
-939
-8137
-8897
-8900
1094
-5243
6882
-9397
-4790
-3726
3407
142
-338
-510
-1574
-3430
6098
5862
5679
-7304
2766
-9227
-7725
-4529
3323
8490
-9181
-1707
1963
-3305
-1548
-2410
-3582
-4869
-8904
8012
-7313
1180
8958
-6539
3616
-1652
-7100
-8920
2878
-7343
-2651
1803
-5414
-8765
-3051
-4726
2167
-9193
-9951
-9080
-2857
-3211
8933
-3544
8937
-587
9001
-7727
3180
-914
7755
1061
-8603
-8810
6591
-513
4118
-3815
7709
5179
6830
874
4820
6025
-8837
5405
3729
3977
4593
-5280
4177
5493
5714
9753
4739
-8894
8602
5342
4618
-3826
-497
7999
-7841
-6707
-6013
4752
-3284
7276
-7216
2686
3285
-7750
3647
-6891
-5804
-6975
6120
-1485
1748
1876
504
-9872
-2387
-773
6265
-971
-7021
9189
5926
-6857
4626
-1326
-927
8122
-8749
-2557
-6234
-397
5607
-2698
-3346
-8133
5108
-8801
-3212
107
3823
3843
-3608
5923
5624
5517
1559
-49
3162
1371
-7715
-9410
-2329
9635
-7473
8324
604
3777
887
6682
7492
8257
6892
-1292
-7292
3822
288
9072
-4144
-1581
-96
1824
-461
480
9730
4259
7465
-6390
-3135
5857
-8421
-9115
-1342
8360
-6256
-6114
6738
-2705
9998
5197
-6293
1626
5285
579
3121
-5585
9587
-1135
-1619
-9661
9526
9117
7002
4307
4558
9611
-7467
-5769
2836
-9818
-824
7515
-8371
3699
7556
-1188
6783
6284
7839
8353
6356
-1555
5396
9397
-3014
-4829
-3674
9233
6446
-2690
-6775
-1511
-2192
2275
-2307
4778
-1287
3065
-609
-1603
-7684
2497
-8159
2483
3518
7440
-7572
-3385
-1828
7854
4301
-8607
5897
-8841
7725
5078
62
-2044
-1128
3611
-2262
3741
-4572
-253
144
-6912
-1303
-5805
8859
3936
9544
9486
-96
-9414
-6508
-4855
2188
504
5100
-6521
-7485
9925
3134
7782
2250
15
7818
-1575
-2359
8955
-6458
-8017
2859
4917
7709
-6429
1667
6440
6165
-285
-3708
-1986
4029
-7096
-1416
-4778
-1241
9046
8934
-3731
-469
-901
8350
9941
6937
-275
-5181
-4037
759
-3198
-4073
-9622
5180
82
-2466
3860
908
-380
6035
-487
5781
-3378
-5367
-9454
-1667
-5023
-699
1758
3569
-2688
-3042
499
1088
-5805
7438
-9754
5166
9340
-1041
-8633
9275
5118
5370
4666
-1108
-9288
5410
-3863
5396
-4747
7103
-7744
-7940
-3109
-413
7810
5342
1194
6822
-1651
-6587
6666
-3822
7260
-4664
3297
-6999
-7702
-7775
-5010
826
2335
5993
5224
7385
1650
-997
9547
-3599
-6798
-9082
-8040
-2427
-4594
-6438
1575
2051
-6229
-8567
-4499
9940
4897
9101
-306
-7815
1624
-5197
-5706
1581
6408
3344
7372
-7927
2981
2706
1119
5814
-7603
6973
7019
2826
5771
2917
5719
894
-46
-3946
-4302
-6302
6114
8942
3273
9487
-8125
-2426
-475
750
-2022
-2595
-1392
-7760
3784
118
8332
-567
9754
5795
2070
-9760
-2657
1202
2108
-2538
7613
-7373
7944
-6756
4411
-5006
-8669
-8446
5726
-380
-1754
950
-8276
9822
5685
1123
817
3310
-3708
9948
-2685
-8258
3530
439
6390
6979
42
-3468
-6475
9105
6861
6785
7231
-2462
1425
-972
-3439
-1506
-6514
7728
7967
-1815
2439
-9706
1436
3300
6977
4495
6372
-4782
-3993
-6765
-448
2551
4303
9188
4756
8250
4815
755
6753
-2126
9629
536
-9751
7219
5356
-9321
6443
-324
-555
1011
-8656
-468
-247
8525
9471
-8629
-843
9104
-2981
8764
-6907
-3340
4870
157
3249
9269
3208
-2841
5842
-584
2851
-8347
-7625
-8605
-7265
6128
-2211
4367
-8778
7990
4972
7204
7098
7505
6056
-6338
4083
-4092
-14
-5829
-7052
8710
-6663
9012
-5489
-4110
-8414
-8411
8513
2575
9797
6839
5663
8520
-2448
4259
-5685
4287
-8446
2818
-9912
2291
-9464
1654
3825
8313
2981
-1901
6275
7414
-8250
2286
-8102
5073
-6136
-9933
2877
5637
-4238
9019
-7045
3695
7193
4842
-1209
9408
401
4787
-7308
1906
4985
-4839
-9121
-4318
-6640
-8519
5344
7436
5182
-2961
9289
-1012
-6026
4463
-5267
-354
-873
6335
2945
-5383
-8377
-7178
282
-5387
4091
-9934
5281
-7320
-9379
-6585
-5632
4957
-2282
7409
5095
3517
-4558
6833
469
-7336
-6495
5196
-8212
6113
8336
-7963
-6034
6209
-6846
8805
3697
6100
-5446
-3387
-6201
888
5997
-6727
-6053
6756
-4659
8802
-3546
-2143
-9497
-9244
-4033
-4373
6007
-791
8492
5856
6547
5920
7736
2062
7774
-8342
-6586
6281
4057
-9521
1867
8890
-521
-5780
4591
7286
6122
-6910
8654
8518
-8413
1601
4135
-9010
-8361
7058
9850
-9613
-4739
-5773
6893
4131
777
4563
-4245
6117
-2436
3403
-4399
-8009
7361
-200
-6014
-9288
-1349
6955
-7967
-8317
9447
804
-352
526
-5532
3849
-4254
-9000
3521
-4318
7006
-6229
9121
8145
-5461
-2799
4906
6530
1899
2905
-2044
2699
-9083
-4769
5862
7270
-2098
6980
-6161
-9925
-5127
-7933
-8675
-9419
4359
5398
-8698
4162
8635
-64
-9476
-1441
2995
1715
-228
411
-3660
-9143
-6228
-6639
3924
818
-3549
2208
1790
9268
7246
9925
8911
6269
5718
-5280
2331
1197
-5778
7721
3148
4415
-1726
-9900
8261
-2643
6731
-1392
3876
7226
-9170
-563
-8194
1381
4229
-6701
4547
6146
-9470
2348
-8675
-8531
4842
-6548
-9950
7084
-1136
-242
-8182
1846
6088
-5147
-8820
1573
-5213
-8521
-3639
5935
5330
3014
-9759
9745
3465
-377
-2552
42
2669
-4379
-3945
5697
4561
1268
-4869
9753
5985
5527
-367
1525
2506
-3924
8228
9019
3322
8143
3074
-902
2361
9669
510
7424
1186
-9260
-754
-9126
-8577
-1115
8867
-4060
-756
5143
-5260
7930
-314
765
9730
3902
644
-9216
7861
4828
-347
2351
6268
8360
799
-4399
-477
-7696
2615
8938
-7504
-6000
5994
-3510
-6329
540
9195
1936
-1083
-5511
-2213
1219
-7550
-2207
-3691
6257
9330
3776
-7706
7127
7401
7532
-2201
-8665
-3243
4933
5108
-4352
833
8648
-2935
-5052
-8109
-8116
-4431
5867
-5083
2037
-9303
6058
-1209
-439
9446
-6220
-8474
-2508
-5908
-5075
-5762
-9114
-6352
-7275
1213
9438
2667
8236
-7747
-3560
9997
-1267
7024
-7848
8316
-2890
1243
7098
6886
1048
-6810
8796
-9357
3623
-3668
-9186
-8628
9179
2431
-3163
5324
-9275
-984
-9604
5528
-7828
-8496
5882
-4554
-6799
-5033
-8822
1903
-2685
-3205
6522
1430
-2840
5921
-8821
789
7026
2760
7066
3313
4741
-8574
-5615
-94
-7217
6875
-1439
4749
-665
-4537
5686
3048
5303
6876
-2156
-455
-8244
8052
484
-6738
-8933
9834
7687
9642
4157
4806
-8035
3049
524
-7933
-6175
1664
-9770
-1933
2877
-10000
-7588
5983
9464
-1060
-5491
533
6077
5295
536
6777
1484
-5657
-7178
1509
-8776
1656
3069
-7215
-6120
-2526
911
-7557
6873
6428
2478
-3957
-6316
-644
6705
-666
-3178
-690
2592
-29
-6486
3672
2455
4347
9234
-1996
-1685
-5713
2147
-5608
-8256
-2688
-5191
-6069
8939
-96
-7335
-5757
-9884
8865
-6878
-3145
9890
7040
-4348
-5326
8570
-7384
5364
2951
-43
-5459
-4750
3274
499
1379
5931
1189
2162
-8176
4066
4335
4152
2100
7437
2507
1097
8890
1414
-1721
3829
6630
-6648
-829
-8191
3694
-3002
50
1340
4336
-6879
3695
-6806
5978
6577
1613
2944
-4366
-1509
9595
-7507
-2744
5100
-9720
7035
-5326
3314
3246
65
6707
8874
-2440
-5958
4117
4440
-1543
9344
-529
2479
1251
2871
8434
9799
-8509
-755
759
889
-6582
-9245
-1586
-7956
5334
-5248
-6560
634
5955
2259
-3273
-2004
-1285
5636
8137
3659
3877
-4588
3559
-9882
4980
-673
-5699
5558
-2330
-1472
3032
7798
-8143
2954
-8520
-2414
-630
7453
-3738
-5405
-1561
-2865
-1917
839
-9968
8330
-4030
8383
-7853
-4386
-9702
-439
-6138
-7420
-4955
-6756
-9436
9479
-472
4013
-6879
535
4560
-8995
9305
-749
-6557
5131
637
4772
9246
-5593
4727
-7511
2002
5003
-9014
-6161
1108
8317
6284
7100
-4874
-5809
-8393
6075
6128
5706
1539
-9458
-7206
-5387
1260
7133
1408
3146
15
9545
643
7564
-6473
1953
-6504
-5892
-5119
7065
-9627
2533
7073
-1323
1806
9536
3149
-115
-1277
9460
5489
-4272
5320
-8866
-4570
-606
1233
9047
-9080
88
-1791
2982
-3271
-2828
-2994
-6318
165
-8775
-7831
-5348
9067
5236
-4268
5716
-5437
3736
5579
9232
-6327
506
-7924
-9572
-1209
-6178
-7680
6210
8183
-6556
-4768
-3586
-9276
6905
-2218
-5703
2140
3615
-2046
608
9632
8068
-7164
-3695
-2562
6792
-7905
4179
-7077
-2347
-745
-3160
-3060
3303
-7095
929
3140
-4078
7281
-5808
582
3074
-4859
2028
4214
238
5353
-9323
-5797
3336
7402
4108
-2755
-5372
7946
-2266
764
444
-697
7175
-1215
-1217
7442
6988
8758
-2107
8350
6620
1732
7109
1553
-5363
5691
8240
-4400
-8254
-7883
-5650
-9481
4642
-2849
-3193
3685
10
9117
2231
2636
9021
6059
-6743
-9487
765
-6055
1520
-8553
2303
-7452
430
3903
-3162
1595
8149
-4830
296
-958
6346
-6463
-1207
4146
4760
9326
-2078
-5808
4489
-8975
6082
-8486
6991
7949
-4766
-2732
8264
-8321
-7542
9878
-8039
2551
-4106
-6165
-6628
-9066
5294
8575
6957
-2107
-909
4782
-6098
1636
-3551
2723
-3829
6245
4577
-3492
-1653
5231
5986
-3475
-3334
-1273
9154
-5938
-7429
222
9329
-1528
2572
5666
-9005
7661
-107
4230
-1757
6365
9472
6815
2496
-9001
-480
-2758
5703
1994
815
5925
5598
3815
1885
-6670
-7045
-647
1338
-5335
9934
1206
-3047
-5704
343
2757
1048
-9454
-8073
-267
-762
-8043
-4452
-1698
-1417
7460
-2615
8620
-6200
3851
-7648
-1481
-949
-5736
9931
-8985
-5807
5062
-300
3565
6263
-7436
6775
-3653
2211
5536
2601
-8324
-2882
2797
8617
-2448
3230
-9871
6250
2219
4371
1097
-6225
8801
9882
1796
-2187
-4853
38
-5185
7497
-4618
-4745
-1462
3851
-9693
2424
2392
1664
-3383
-2074
-6120
-8910
1592
-1462
9617
4269
-1400
1238
4342
-6833
1683
5133
6450
5158
9797
-9190
6597
-9011
-7640
1139
5150
9918
-1960
-8379
2281
-920
7011
-8490
9551
204
5231
5304
-432
-251
-4935
-9191
-5816
6391
4546
-6981
-9556
-9476
9893
290
-6201
-2314
-7019
3942
630
4325
963
-7153
-1452
2898
-8606
8946
-6880
4599
-9280
786
5798
202
445
3454
7988
2499
3028
9886
9506
-5811
-494
2576
-4456
8581
7986
8653
2261
-3340
-8499
-6600
-6748
7227
-9670
-3975
4826
9179
-7618
-4131
-4294
6913
155
2860
-5182
-5381
7043
5291
7058
7681
-9576
969
4343
-6086
6003
5506
9452
-3983
-5026
-7417
8188
2567
-7073
-6309
-3118
8147
-5790
8437
-1324
-7556
-5273
6010
-9959
116
-1760
9390
-2147
10000
3555
-5891
7619
-309
-775
4214
-4973
7151
3676
-9418
5054
-3244
9772
-8538
-5713
-9234
1015
4213
-2111
-810
1684
-2908
-4983
1616
6113
2925
-5751
1527
9614
-2075
-2707
-8629
8512
8815
-3207
-3930
-2020
7303
-3750
9261
9942
7615
6497
-3500
6996
7047
-2065
-7707
1086
2627
-5262
-2593
5480
-2907
-3372
1407
-3078
8527
-3264
1251
-2493
2789
3264
-9254
9443
-9135
-4422
6125
7729
938
-8239
3208
2191
6522
-1093
-4201
5487
-3071
-6829
-6031
-5784
-6348
-7851
4214
-5208
4255
5742
-8388
-7206
-8913
-4520
-5649
603
3933
4929
-3697
-7951
1396
4225
-6920
-9738
-5763
3918
2376
-1107
-3685
6187
3146
-8425
6429
-3633
-2841
-7036
7849
-3457
3140
827
4492
-5956
8321
5794
-9934
9554
-8775
-83
-7090
-7598
6778
8486
-8612
5266
-9179
-9235
9572
-2921
-4805
6567
-1774
-7905
-8615
-8661
6348
8406
-1102
9979
-5431
-4539
7153
1550
-9830
-9478
-658
-877
-701
-1091
7140
8828
-9387
-5920
408
-9918
-5180
-8541
-4963
4745
1692
5922
4126
7239
-5263
3412
-1786
8046
-786
173
-4223
-3092
8743
4157
1412
-1463
-236
-8473
-1695
9304
3469
7336
-6787
6381
794
4173
782
-4127
-5908
-3070
-1993
7476
434
-5615
-4521
-5675
1588
63
4461
-2372
403
-7817
2213
-6526
-2062
-2803
-3229
-6254
4240
3076
-5604
1647
-8798
8144
5255
-2138
1895
4286
-7741
1314
6978
763
-2660
4922
7683
-1258
4054
-1739
4332
5605
226
-9222
-4771
-2588
-2739
8257
-6837
4642
-1888
7953
-2251
-6687
9847
7441
5901
-596
6447
-3888
6940
-4203
9960
2784
-1461
-2525
1062
6462
-4559
-2649
6260
7403
-7666
-9138
815
-8150
-8266
1146
-4633
-6112
111
-7707
6403
-1654
1820
1647
-6633
-340
735
3863
9777
3783
-4686
2142
-9910
4353
5248
-2448
-3568
572
-9656
1230
3227
9529
2972
2708
-1617
-6051
-1471
-8140
9931
-6346
-6254
424
8973
8055
-5224
-4693
8577
-5442
-6694
-9676
-8264
-1225
4049
-4871
-3503
-8935
5844
9801
5191
-839
103
7957
5054
-7263
-1929
-6757
3613
-8154
-9880
6423
-1046
1098
659
-9709
-3118
9595
4362
-7197
5487
5393
-3136
6865
-9113
-5880
8925
179
-4369
-9876
4121
-4016
39
9761
-5488
156
4433
495
2541
-433
-4876
7453
-5472
7921
7802
5300
4128
8376
-8541
-9034
-27
2016
6814
-8905
-7301
-8626
-2287
-6733
5296
1575
8139
-1348
9192
8462
-5269
6774
-8104
8658
8286
-5208
6667
3705
-9039
-7762
9278
3463
2333
-2392
4365
-9485
972
-6850
-6832
-6788
-8058
4577
-473
-6343
5009
-8453
7614
3619
3754
9343
2843
-4777
9421
9472
-5278
7089
2997
-5219
7587
7955
1836
6011
2633
683
-939
-2966
2701
-3649
6989
9733
4690
1164
8115
9150
-6252
-6179
1758
1177
-3877
6632
4915
2546
3963
-4594
5085
-7010
7577
654
-6516
3590
8167
6767
1719
6444
5650
-3759
-3623
-8965
-2508
-1223
-6953
-641
2103
8834
6404
5167
-8947
4162
4658
6978
9585
4710
5705
-6829
8646
2850
5443
9493
2239
1070
-7156
2840
-5334
4808
-8887
4760
9793
-1187
-8158
-9740
-2664
8118
4182
-8235
-6271
-3497
-3916
-8932
4941
8986
6818
3686
-8987
-9229
6890
-8189
-3858
1057
-5255
-6003
-4910
-8764
1256
2126
2220
-1026
8277
-4846
9837
-9287
-1811
-4618
6816
-9164
-6261
5611
6367
3799
5062
8950
9462
-1131
5945
-9648
2236
1771
3437
2006
-2710
-4919
6774
9109
-7956
1272
1818
3929
9077
80
-7221
-1872
-5876
-5748
2680
9487
3
5741
4701
2910
7607
-2748
-1852
8254
2038
-8846
322
-661
-8167
5241
-3028
-5967
-953
1878
-8293
1288
-6259
7770
687
2101
-7578
-4708
4102
2984
1313
3829
-7731
2973
-359
7921
-3035
6599
-760
-3681
2303
-4480
7693
-6356
-2703
-9759
6168
-9651
-2211
-5800
-9781
8513
5001
-3240
910
-5317
9418
1048
-42
-4976
-4330
-665
6253
-5093
3116
-4976
-2885
-2274
1396
-932
-4645
-5574
7069
-9976
-1878
5567
3527
7795
5128
8996
2619
-8159
4521
-4978
-2323
-149
-387
2215
57
-5253
1477
-8270
-7483
3393
6846
-8013
5054
7070
9016
-9138
-2653
9351
2829
-6425
-9416
-3692
8487
9607
7060
939
9738
-8643
-9913
-7516
5065
5563
6138
-9891
8747
6268
8750
1574
7564
5309
-2024
-46
1549
-5352
-3197
7889
6208
6104
-6966
-8542
-9714
-6577
9395
-4970
5470
3949
7548
-5220
-3067
2908
-1394
-6902
-3523
2615
9262
4656
2226
1191
5318
8123
-4381
-8332
5125
3221
5292
-2233
4837
-8204
4738
-67
-444
6765
-2871
7268
-2434
-4521
276
-3957
-7424
8019
-9413
3290
-4062
8739
2531
2454
-7702
4512
-7158
5487
-8580
3030
7325
369
670
-4026
-6091
9090
-2084
5033
-145
3421
-1742
-8056
5294
-5649
5107
-3994
4737
-1746
-6090
4488
3773
-8763
-8201
-7378
1426
7968
-1565
-1959
5259
-8260
5203
-9607
6113
-6929
-9739
3881
5738
-8048
6609
-8383
2644
-8011
3188
-784
8978
-1330
5331
8999
-7708
-2894
-8733
65
-5398
-3250
-6687
-1606
-8736
-4725
-6582
6081
8626
-1127
8448
-2215
5519
-3729
373
2950
6935
4418
-335
9957
3018
2259
8198
8038
-5350
4336
-7572
2745
1958
3215
405
-697
432
-5944
-6800
-1278
-542
-5035
-5162
-1280
2088
2994
-4675
8481
-2137
-2806
-2037
-9061
3949
7391
-4728
1032
7039
2268
-8171
-274
-6880
4924
6763
-5081
2655
-9916
-2057
7976
4909
-4671
-9098
2411
-2541
-7372
5721
8910
165
5739
-5089
7373
9946
-6513
7441
1760
-4167
-8399
-9123
8614
-83
2222
7415
4568
-6706
-1134
4370
3990
-5996
-1767
-9781
834
7235
9555
-1921
-4473
-5579
2838
5664
-4801
-9717
-3403
-9283
5652
-830
9671
-8605
2810
4917
7318
-1464
1764
-2473
-3192
9417
7835
3705
-7510
6837
7234
-8039
7321
3992
2639
2135
2356
3
8249
-1501
-4552
925
8130
-1945
-2303
-8520
3479
-7414
-2190
-2379
-6339
4637
6565
2645
-8475
-7017
-677
-7206
3131
-5948
-4331
8954
5825
3376
-629
5704
4723
4021
2703
-7444
2025
2501
-2730
-7904
6940
-8755
4486
632
-329
-2891
-1708
3454
-2717
5896
-7625
-1122
1947
-2589
2508
-2009
-4744
1661
6835
5571
4235
6784
9907
-5259
7269
6055
2159
9301
-2265
7539
7023
3577
-5921
-8463
-3184
1059
7468
9202
4388
9176
-9420
-4082
-8659
-5533
-1660
414
179
4426
9545
1536
-9978
-2872
-9000
-211
9107
-2448
6182
-8764
1105
6387
4180
4429
9673
-3284
-6565
9391
4641
955
-402
-5998
-9484
5942
-8688
-1245
1276
-3478
-7067
3950
-8536
-1266
3503
9517
-9195
-7656
-3995
-7138
1425
9737
6611
6783
4542
6681
-3736
3957
4329
-3643
4045
-6479
-5970
6439
1562
-3878
9048
880
3175
-5117
-8885
3415
3280
5534
6936
-9778
-7242
9581
-8124
1163
7276
8259
5719
-5287
692
9843
-6754
3473
-8579
-6166
-9818
-167
-6442
5959
1879
-7875
8797
2034
5852
3877
4408
-9602
-3676
-2050
3399
3585
-8423
-5918
-9134
3639
3449
7900
-3651
8460
2577
-8556
-8962
-5107
1926
1546
-6963
3983
-9257
1030
636
-495
9570
-5089
679
4364
-8021
530
-8723
2741
1159
-6417
-2775
-7841
4221
7180
6132
6931
2368
6734
-9027
-9259
-3329
5471
-4544
9594
209
8349
-5722
2376
-8933
-1947
825
9535
-4171
4720
1127
-6736
8422
-4801
-9441
-3322
-9949
-485
6556
-6410
2552
4888
-8537
8461
5347
3916
280
-3927
5512
-9873
-7156
6313
-3987
-7011
-4497
-7296
-301
-4570
1136
29
-6727
649
7436
6886
3165
-3980
4351
8701
4545
9914
-1718
-4951
4271
2723
-7173
-6949
1859
-9039
9213
-3488
7656
7236
3826
-2618
-6798
5799
-4145
7102
-1677
-4143
3938
-369
-6888
-7832
-919
-7187
-6943
-3926
-9812
-9744
-2986
-2551
-6297
-8466
-2272
-6416
-175
8267
9080
4691
3107
-3547
-3910
-3519
-5566
3082
992
-2305
7410
-3299
-3272
-9514
-8402
893
3029
3664
-3027
2856
-6650
-5483
-2502
9078
-8489
8548
330
1619
6632
-7863
-2648
6459
-2685
-9376
-9922
-192
4932
-9753
-854
-5014
-9208
-1930
1844
-4096
-7335
-7103
-4998
-5222
-493
6888
1544
3262
-1164
5856
3377
-7857
-2347
2459
2622
6696
208
-1092
-293
690
-7097
7803
-4384
-9334
-7910
2767
3569
-7215
6716
1425
2846
-1264
-4761
5539
-3006
9668
9338
8245
-1860
5981
2510
-6825
-2056
3042
-5278
-3870
315
-2491
3679
-2469
-2728
290
9555
-4456
6219
-9681
-8836
2125
1113
2160
-4824
226
-2995
-7700
-1201
-816
-5213
9425
4242
2634
-1112
-2335
-9630
-5424
1102
8367
-955
9314
-5057
2548
-9755
-1501
4347
-7946
-3711
3309
-9213
8104
4090
-498
-1665
-3790
964
2696
7164
-5583
6647
4701
2880
-537
7302
13
-8718
655
5857
-9216
-2936
-9986
-3627
6881
-2581
-8531
3183
9919
7924
-1637
2596
7536
2504
3631
-5620
7694
3009
-9367
7170
-2386
5119
4852
9974
-8142
393
-1531
1313
390
-5067
7325
2677
-8901
-9107
-3475
2672
-892
7278
-4383
9152
-8564
-8225
5262
-7203
-9836
5793
-6263
6502
5598
9253
3594
-7817
599
994
9053
-8954
431
7420
141
5793
8522
2668
1595
-9437
-2274
-4390
-3305
-8436
-187
3587
-2384
2962
-1947
-5129
5847
5674
9331
-9630
-4268
7919
-953
2097
4429
5386
2072
770
-4192
6833
-5764
7254
3638
-2074
801
8110
2231
7607
-6905
-6328
-2584
7013
2387
4403
-9944
9225
-3720
-9763
4855
8427
-5259
9269
-7055
-7982
5987
9786
-6331
108
-9060
-844
4922
1509
4966
9143
-3573
-7179
-2650
-1040
-6078
2950
-7762
3331
379
7468
2672
-8171
-867
-8169
3894
-6816
9792
6479
7657
-739
3915
9873
1122
2294
1267
-6431
1927
-8868
-8018
2990
-5881
683
-653
-1926
-6641
-9202
-2311
6655
-4780
5247
185
4635
-2348
2449
-9228
135
-6437
-4894
-9209
4555
3967
1643
374
5293
4115
5906
-732
1638
-9048
-8384
9615
9685
-6065
-2288
9562
5454
4211
-5903
-6249
5329
-8506
2760
6309
5427
5945
-9437
4959
5674
5014
8711
-198
867
-3538
-8362
2614
-8820
8579
6645
-2778
1399
1658
3
-410
5990
-7107
-1840
-9848
-8270
2977
126
-2253
-397
3868
-8619
-4659
-6076
2942
-7434
-3265
3501
4879
6685
5022
-3415
-4154
-7509
5610
7929
3468
4176
-8761
-8673
4317
-3030
5243
-6801
3167
4767
-9884
-2308
1186
-4081
9648
-7014
6929
-1535
-2134
7585
-9484
-733
-2503
4438
1059
-263
9834
7128
-2889
-292
2625
-1772
-7230
1981
5667
2489
8958
6201
397
-7682
-6428
-9292
-3048
-6538
2015
6763
5430
-9804
4848
-1926
6627
530
-2925
-3418
6664
5839
-7540
988
7030
3347
-1057
7732
5371
-9929
9702
6562
-9411
4739
-1
4315
2391
1737
-380
1030
5015
9813
7270
4550
5064
3252
-2100
-6310
-475
8940
5693
-1814
-2061
-5685
8791
-8765
2432
5065
-7143
-1224
7441
8464
632
-131
8609
-9141
-8520
8965
-5333
-397
-8846
-6001
826
-9550
8359
-2681
-8414
-4769
3527
-5395
-7085
1404
35
-3318
-8909
7006
-6086
8784
-7702
7081
1022
-5815
-9534
4439
5244
-3083
-7344
-3184
243
-4412
-6926
622
-1876
9838
3288
-9607
-3018
2691
3079
-8079
-9930
-9454
-3898
-2170
-5763
-9695
8557
-7441
6344
-5801
6535
2870
1685
-7146
-6380
-2695
-7635
3606
-5388
9771
-9537
4880
-9530
7349
-9946
9132
4040
-7111
6097
6707
42
-8630
-2925
517
-3616
2254
-3164
1533
5309
-262
-3140
-3325
-1494
1186
-9189
-8048
-7822
-1549
-2215
3767
-7832
-1334
6262
7290
-8730
-1055
-6361
-8359
4462
2594
5277
-3206
-9563
1112
-4438
-5929
6876
-3355
1864
-7456
-808
-945
-6800
947
-474
-6154
5554
7828
-1594
-3831
2872
4916
-6224
9537
8533
-4122
-2048
-3032
-8005
-8287
-2519
-813
3117
4514
6310
-3753
5656
-1108
-6441
-4399
-7200
2532
-8845
-8052
1231
-6661
8252
-5287
-8417
-1557
-5412
7404
-4683
-7540
-7467
155
7013
6624
6133
8441
-6748
5148
8731
-8138
4081
-6703
1436
8729
-7227
-2546
-3004
-6116
-1811
7277
3955
9366
-1658
1977
-4873
6576
-5696
-9806
-6479
3198
-5204
8817
-1497
-5789
-2458
5753
-306
-2878
7945
-5544
-1879
6986
4861
-1765
-1451
1092
3741
-6367
8276
6069
-373
-6479
-7472
7768
9109
3246
-5157
1132
-452
-600
-6797
3314
475
3580
8480
-8562
-2146
-3735
-2000
-2562
-6697
8706
-4937
4784
-8018
7381
-4472
4976
-2041
1935
3575
6059
9823
3824
4529
-3941
-8304
1498
-2949
-2259
-9692
-3087
-6937
2372
-4352
2842
-2391
-8454
5053
8778
-8554
432
311
-6840
-5134
-6553
1582
8151
-1366
-3170
-9113
-130
8320
7025
-5881
3256
-5239
-6774
-4590
-4595
8092
-8602
8954
8554
6808
7502
9153
7592
-4471
-1210
-6984
5964
-1884
-558
8929
-4177
-8293
5321
-3775
-9608
3578
7377
-885
-9210
-7688
5488
-1347
-6625
8937
9321
-7341
-5749
856
-4941
2344
-9800
-5180
3139
6524
-5678
6956
7376
-3534
-9660
3595
3808
-296
-8742
4752
6598
-3162
301
-1749
8654
-2385
-9935
-4129
-9104
-6842
7339
-474
554
5771
-3666
2261
7536
2588
4345
6035
8902
-9863
2447
2113
-4194
-315
2581
-4026
-3128
1235
3147
7734
-6223
-213
3995
9873
5115
3685
3260
9994
5673
-9392
5043
-1881
926
-1457
-4058
-6750
7911
4909
3312
-4176
1046
6160
1610
5961
8076
-3579
-8095
-4935
-804
2799
3912
8878
948
8505
-4563
-6655
-6425
6597
-7836
5251
4431
-9496
4472
4154
7167
-2089
-9472
-3222
3061
-1748
-6581
-3691
-831
-9788
-342
5028
5234
8922
9197
-5092
-8322
-661
-7174
-7471
5534
3471
9736
7589
3008
-348
-505
794
6821
8569
849
-7958
1145
6305
-3308
-8446
4954
39
4574
2563
-9177
415
4133
-3878
2825
-1542
-7407
6692
-4872
-7450
-3727
-2394
3739
-4197
2691
9001
-6214
-8723
-160
126
-4941
5639
-9960
-2141
-9909
-1096
-1432
-2913
-4009
878
3652
-2814
7923
3962
-1970
7217
-4561
-3176
-524
5961
-4816
4033
-7237
3046
-6266
-994
9384
-5761
9135
-5647
4901
-9093
-9866
2184
-3762
8415
5265
-1868
-5810
811
-6513
-5150
2865
2919
-2858
8343
6440
-4151
-4219
2884
-5814
7173
6588
1894
1980
-3272
-2230
-7361
-7241
3844
9317
124
3139
9877
-9754
7229
1576
-944
9613
-9730
-4085
-7482
9460
-5010
-3902
385
8276
6978
7830
-4471
-5484
9005
-1294
-3509
2683
7234
-5268
2704
6836
-8012
8794
-8506
2961
3002
-3571
-8985
-7834
7713
8034
244
3844
4340
-9878
4522
7436
785
-9749
66
5735
-8555
-7006
-4311
7474
3252
3586
2560
4627
-2315
-3265
2752
-6998
2793
-8338
-4321
8960
6895
-8103
-7637
7153
4464
-4327
-590
-574
-8792
1894
-1750
-1910
1400
4562
817
-7979
9116
-2507
-9096
-5825
-3602
-9835
-792
-586
5919
-5307
2622
-5567
-6184
341
3358
3327
-3571
-3960
-9909
1578
7239
1887
-3693
4685
-7479
690
-2108
6520
2885
-1110
3718
553
440
-2924
5406
-5576
-5902
1610
-8775
5631
5501
-1286
5359
255
-2566
5388
7030
4090
-52
3564
7202
2857
-4457
6243
3932
8572
5995
2575
-5847
9260
-1061
-6363
3323
-9851
-7073
8465
6017
-1799
-2139
6819
4334
-7121
-3231
4640
-9276
6801
-4266
-5654
-9913
8695
9545
5647
-9748
5058
5059
-358
2786
4484
-6734
-5161
-9005
-8460
531
4936
-9267
4060
4053
7676
793
-3579
-4135
-1457
2909
2949
-5335
4607
-6598
7331
4852
-2134
7127
-348
6166
-2774
4830
-6328
-2760
5491
4705
937
-2392
-9271
8107
1974
-7760
-745
-2692
4455
8123
6820
8188
-2614
7855
1799
7554
-334
-2897
-5712
8300
2000
-5011
2653
-5690
8501
5006
5846
-3871
-1020
6800
206
6796
-2156
9896
-6114
-1438
-7412
1210
-9148
7430
-5063
-3037
7519
824
9893
-8648
8470
3206
-882
8819
1254
5444
-3672
5967
6947
-4541
1886
-5829
-6165
6194
-7785
5454
6098
1639
-1824
1457
-3836
145
-4530
6464
-6047
7479
4380
7579
-6619
5096
5519
5303
9206
-1262
2534
8399
-7791
-3741
-373
1396
1792
4120
-4665
1338
7775
9544
-2619
9293
7263
-1219
-8844
5583
9493
12
-846
-7246
-9081
2260
-2233
-4410
8147
-3496
-5172
9962
-2682
6472
-170
-2820
9809
9727
7882
6095
3475
-8181
-5575
-1455
6913
-6669
-8003
6478
2553
2401
-8338
-7007
7160
3298
-3262
8020
-1418
9118
4256
-167
-5256
-8330
-7185
-2063
-2831
2739
-4573
-1934
-7908
-8756
4733
-6739
-8485
-6963
-4975
2407
8677
-580
-2520
3267
8221
-7778
-2051
1719
5812
3825
-3158
-4672
9289
9444
-6814
-3810
-5081
-6777
7833
4782
-7567
8320
-5250
-5266
2860
8736
2171
-5207
-6368
4967
-4870
1908
4466
-9784
6070
1182
2006
-4865
2362
-1390
7403
-613
7807
6530
5140
-6180
-4749
-6388
7706
-1367
-3776
-277
-577
-1438
-483
-6046
-5972
3464
-1102
-9820
-3062
7997
-3309
-8441
-4826
-1692
9204
9117
-4457
5971
-3518
-5151
-4323
3723
-548
-2269
-3631
8274
6305
9227
-8446
1773
8928
-9684
-1824
6874
3776
3479
-5208
-2011
9394
3917
534
-4203
-7970
-384
4566
8352
-5591
-4508
47
-7520
4336
-6172
-7624
946
-8467
9711
-809
-739
8073
-611
5922
8282
-4430
-6725
6137
4819
-1548
9435
-5319
7422
3687
-2391
-9915
8608
-551
-7226
519
4094
9993
1969
2861
8808
125
9963
9966
3133
1309
9553
-2486
3999
2458
-7665
-104
7308
-1619
-6863
-6140
-5607
4044
-4746
5271
-5069
-1922
-868
-5553
-3883
-4114
9771
-1892
8292
1742
268
-8052
9224
8546
4395
3006
-4475
-7286
2389
8664
1553
5417
-6164
2217
1878
7932
2406
5856
-3878
99
1808
6925
-1129
-4370
-6227
-3099
6262
6532
8537
-6199
-540
-2572
3900
1211
8145
-6972
1368
4585
-2044
-6472
5074
5436
7685
8268
-1286
6413
4434
3759
8488
9759
6870
-1646
-2873
-4642
-7767
-7586
-1685
-1195
3538
5746
615
6983
3573
3868
8742
-7321
-2438
-9885
-2323
8913
5084
1440
-9081
-1191
8034
-6317
6961
554
-8671
-4521
-2105
9411
-5202
-4283
-1842
-5654
-3644
5606
1068
-8386
-4853
1743
-2385
-9878
-5388
-6806
-7480
-1866
-6980
8418
-8025
8055
-8516
5965
-789
-7677
-5302
-2700
5079
6839
-609
4266
-5337
8477
7910
4101
-1800
3224
7976
-6245
-3141
2203
2494
-7591
-6825
5220
9534
-851
3644
-2592
9725
-8023
7431
-6838
8865
7515
-9849
9104
-8165
9904
-6595
-1751
-9777
-2276
4272
-8897
4120
3338
913
-3432
-7462
-8926
-3132
728
-6514
-7877
144
-7088
-607
3486
-7981
576
1182
1579
378
8149
-9156
-8805
-6142
8183
-9993
4514
8211
7310
-6239
3380
-5151
-1385
4169
5572
-7718
-5285
-1382
5407
2390
-3594
-4377
336
1052
-7150
-389
-5816
875
4359
-1569
-2325
5344
-879
-8108
1100
6964
1971
-9727
9327
6428
5361
-6872
2560
2674
5291
-6877
-3178
2194
3384
-1264
-3895
6070
-4287
2511
5819
6808
5721
-2569
3856
4823
-5897
2793
2145
-6743
6543
236
-8317
-6941
-7585
8188
-4442
-1230
-4610
-181
5314
-5082
-6984
2736
8956
3046
2618
1386
-9209
7937
-9220
9346
747
795
-508
-4101
4975
1313
-4571
-9654
4264
-4972
-6687
7723
-4835
-5924
-3889
-3070
7900
5883
2582
-9140
-8218
4856
-1034
-5660
5244
-6184
6976
68
-7991
2144
-9365
4540
-1953
-8423
8520
-4989
-3020
-3454
579
-2019
4528
8174
8269
8619
-1827
1340
-1793
-4315
-3542
4040
606
3875
-2889
9770
-5056
6449
-2498
-2941
5928
9306
618
1277
261
5475
-3281
5305
-9520
7655
7612
6307
3198
3155
-6826
6335
-7071
-657
1648
-9481
-895
-6480
-4497
-5485
6290
-7897
6777
-4791
-372
-2688
-4020
-1128
2035
5701
-3415
9749
-5731
2006
6259
-1584
6089
-2292
7876
-5947
4650
4410
-4989
3446
2107
4555
5770
6739
-7150
-5076
-2056
-2546
7343
-3264
4173
44
-4407
-8756
6171
-1969
684
2645
4041
-4960
2996
4775
-3050
2863
-3130
7947
1121
3179
2318
8523
7906
8835
-7609
-8293
-1264
5257
-1450
-6769
2245
6711
866
-3184
428
-1699
4413
-2407
1965
-5572
-900
4919
4159
1669
-1669
-4920
1987
-3558
-3965
8586
-3396
-2223
-8838
1173
-5898
2275
7520
-9182
-3656
-1006
1029
8501
5659
-525
3160
-9401
-4868
9094
-4825
-3377
-5875
-3579
5511
-4390
4272
9173
9928
-7319
8908
406
-4004
-3187
-8092
5430
-4917
5927
-1499
-6366
-7914
-441
-4691
8804
-821
2287
3064
-2762
-3355
-2600
-6929
-5976
-7760
8231
-2731
-133
-3316
9137
7701
-3651
3676
1725
-5959
4088
3466
3545
-305
6731
3513
-6513
-9579
-430
-156
8495
9488
-4935
-1722
1405
-3573
-7210
2461
-6320
6613
-1716
782
6327
-4730
5806
-2340
-2480
-3433
-6857
5736
3619
-2597
6106
9579
-7154
2725
-3296
-4823
5765
-8403
-3817
-6146
-9538
326
5577
-2518
9100
-8921
7537
42
6281
542
-7300
5595
-4448
9104
4904
4961
-4291
4494
6463
7946
-6390
7956
-9562
-7136
-6069
6323
1939
-5003
-9731
4851
-6637
-2806
-4638
-2908
-9372
-1592
-874
4548
-6143
6857
-5720
1037
-1866
6459
-3
-3878
-4208
7327
-4891
-6812
1185
-1009
8243
2714
-4925
7788
9316
-3412
4467
7701
-4598
8819
-8925
7981
1891
6595
2644
9054
9106
8121
-1804
-3422
6001
9555
4379
-4235
-988
8289
7562
1813
2108
-5960
9801
-8706
310
-1866
9552
-4589
-6159
-8225
-9400
6039
-5558
9028
7498
5705
2180
4979
8934
-4773
-7070
9995
3028
2970
-8938
-7147
7294
3016
563
4018
5446
52
-9238
-1146
1336
3674
-566
-5091
4321
9380
9071
-8101
6024
-403
1313
4897
8611
3140
1952
-6477
5667
8822
1115
9180
-7532
-6317
-6107
-9518
-9414
-7082
-4819
-7033
2791
4169
3080
-7122
3042
760
-1733
-2438
-6666
-1319
4462
9946
-3632
-3358
1523
-3784
2448
502
1615
-3164
4975
6956
-5798
-6950
9550
-8730
4797
2430
4653
4297
-4394
-2126
4849
5783
-4182
-4910
1059
-1488
-991
8339
3289
3965
5089
-3441
-4629
-6976
-1448
-9957
7904
-1514
3865
-2584
-5830
-6051
8083
-1623
-8792
7818
351
4145
2621
-9103
-7302
-3102
-44
3617
-6658
-5734
4697
9491
-4825
7981
-6004
3605
-298
798
-200
-2980
4066
5366
7282
-4461
-2098
1887
3712
-9710
1363
-2521
8518
1466
1239
6717
7699
6118
7614
1139
-6132
1852
8088
3519
8662
9073
-6402
693
2895
9640
4697
9686
5975
-2905
7349
5412
9867
9040
-5050
-7038
-8802
2357
3175
2881
-2688
6664
4463
-670
-8739
-8315
9076
-6521
626
9445
2079
6700
-3247
8615
-1616
5054
9881
-5579
-5855
-2406
-3574
9528
3312
1368
-1252
5550
-5383
5147
-1614
-5027
4030
2054
-9583
-3742
190
-5658
-4981
-9258
-7642
7817
3768
-4315
-4979
-408
3493
459
7096
-2118
6446
-9652
-6255
-1527
-6055
-6465
5543
2586
-169
-4757
-8753
-2084
7945
7216
-2130
6324
-4113
1083
3605
1917
739
-6856
-5792
-4969
5025
3531
-579
5147
-9977
-7642
9779
-8599
-778
1940
-6215
-875
3363
7411
-2943
-9717
-3902
-2360
-9866
-5345
-1931
-9271
-5598
-3923
3595
-9543
6773
1860
-1290
-6432
1048
-5647
2295
-8392
-1353
8264
4775
6535
-9017
-8419
-6429
-1670
-8312
8513
7022
-1555
-1533
-6192
5897
-5368
-1814
8771
2044
7376
-7183
6617
1018
1877
5223
8961
4808
-1939
8369
-9747
9398
-5704
-8361
9517
8656
-1359
9298
2103
2881
6558
7297
5794
-9924
-6643
-5820
-1728
-9609
-4865
4546
9185
-148
-9692
-4259
-2577
-7066
-4524
1923
4081
-8808
-7891
6476
188
-151
-1393
-7338
-9242
6422
8229
-9982
2507
5308
-8445
9163
4596
3930
2072
-3384
6936
-9105
4493
-8613
6195
-4114
-8595
1265
2101
5820
-3287
-3514
-3963
-7971
9487
2610
-9375
-106
3835
5640
-7897
8336
294
6232
1041
-2423
-7893
2476
-4189
-8819
-2924
-8282
8968
-1954
-4312
1316
-902
5030
8576
-8144
3876
8962
218
-1492
-561
2560
-2518
-2335
3475
3201
1082
2515
4816
-4874
-7012
-6407
3180
5441
-1415
4596
7042
7957
4411
7532
3940
-9788
-4475
-6051
7798
-7108
4245
4956
3016
2096
9008
-6319
-1337
-6052
4621
-7460
-6944
-6285
-3369
3262
7115
5422
3991
-7397
5672
1778
-5161
-5499
-1683
9654
-6619
-6458
1110
1095
85
-2252
-5086
-6545
2570
-6365
6461
-6649
-9618
-7934
-9389
-6996
-3332
87
990
6889
-4891
-6683
667
-2515
-5208
-5280
-2127
-7000
1313
1875
2022
-706
-177
5825
2712
2075
-3434
-2607
917
-1457
-4301
-1488
-3285
4667
-7405
-1486
8886
-5827
8867
6976
5355
4965
-7877
-4563
-7795
-8441
884
-1460
6926
-6926
-9024
-9853
-8598
7631
-730
6029
7231
-6648
-1634
-37
-6730
-6522
-7286
9938
864
3642
-8891
-9739
8450
9266
4552
-6095
-9582
6140
-9758
6536
638
-4926
-3072
-5193
3261
-7357
-4813
4874
8428
-4558
-8204
-5138
-8853
-2387
-8056
9544
7100
-9497
6537
3964
-9383
-8264
-6543
-4165
-9331
-2181
1356
-2249
7653
2025
6513
1366
-6483
5500
-8257
1411
7957
-6335
4423
2703
-4316
-7453
-5898
8000
-7853
-1982
6233
5263
7607
3287
3201
7772
-5943
-7184
-2288
8614
7541
-1173
9628
9588
-241
8521
-5588
-2011
2764
-2710
-1120
2906
5008
-7779
3248
-4041
-615
4300
-4392
-9427
9991
522
7591
-3056
-5906
3528
9803
8097
-99
2855
3740
264
1138
8644
-7002
4818
6489
-6292
-7325
3757
-6017
4766
-5611
7745
9714
-6581
4607
-3252
796
3952
-4395
-7899
-3243
7056
-7255
2527
3832
1926
-6787
1105
6436
-4602
1924
7712
5357
5432
409
115
-8426
963
-9335
-4123
8931
-2108
-7163
8650
6007
404
-164
56
3026
-7283
6523
-1270
3086
-9636
1979
4445
-550
3698
-6242
970
-1303
-3851
-2973
8383
9825
-9285
-7637
374
-3255
-3671
-6789
7052
2058
4735
-9221
164
-1577
-2616
4996
-9748
4818
2183
2558
-6909
-8968
1479
-3478
8529
-4435
3703
-3310
-3284
-9678
8849
7456
-3927
-2594
4834
3608
4220
1024
6436
-4773
-2341
-8460
2886
-4170
-1068
3384
-1871
470
-6272
-927
-7868
-3604
-3821
-5380
6662
2380
6235
-5918
-4889
-7371
5864
464
6818
-2608
5481
-1567
-3064
9247
-387
-6661
4224
-81
-5548
-1819
9228
-9304
1294
7385
-7162
-6047
-7710
-4527
9976
-1252
-6908
2048
-8623
-8996
-3233
1050
-7364
-8303
7034
6380
-417
6315
-657
4601
9115
9556
9681
-9215
2840
-9802
-1156
-3748
8856
-438
4217
-7066
2504
-2126
-6116
-8985
5515
-3938
9504
8997
6440
-8605
7928
8268
-8781
709
6704
-2482
-6289
-5593
8496
3278
6204
-6331
623
3064
946
9560
-9914
-8255
-6763
-7249
8275
7471
6559
6081
-4837
-2340
-3893
-5191
-9942
9926
6102
-4940
-420
-4986
-1002
7672
-6276
9387
7504
-9242
-6181
-3064
-6791
415
-6132
-7195
5509
-9528
-6030
-4700
1693
5264
8435
-4109
9952
2464
8270
7534
-6273
8944
-6604
4905
7173
2752
9740
-2744
6595
-1028
6736
-245
-4809
-3366
2124
2444
9822
-3295
364
-3258
4250
6441
-5161
4440
-9006
-4718
6173
7474
5944
-3262
9928
-1590
-5189
6898
8711
-2077
-393
2108
-8584
7184
8
8376
-2254
-7558
4680
-7417
-3855
-1575
-7793
5394
6492
-3549
627
-3183
902
-8278
9592
-9017
5039
4287
5626
5474
-2623
-7267
-2904
-9731
-366
7679
-8416
536
-5855
-7953
342
5435
-4204
3025
-2695
2617
-9196
-4582
-8823
-9655
-2192
-216
-6775
8321
-5400
-3200
-7486
3575
-6082
-5912
-2356
-4438
-1590
1203
-9872
-6799
-9063
-1007
8430
7203
3492
5991
-811
4650
-4541
8369
482
829
-1919
-3667
6245
6652
-9878
7918
-4512
-6492
5193
-7407
8236
-2357
-6051
-2949
8042
-8776
9877
-2147
8060
-8905
-742
5431
6386
-577
7340
-9491
4616
-4
4112
-7295
7920
-1024
-6583
-5770
6774
8722
-1519
-1357
4438
-6211
802
1596
4255
-6178
8368
-918
5278
-4351
7043
-6453
-5159
964
-7173
3995
9849
-6161
-5363
-2935
3287
-7966
-5837
168
2591
3395
-4491
4876
3381
2578
7422
-5372
4199
-9784
648
7435
3480
-9126
8836
-6696
2306
8708
-9696
2725
5207
-1900
9997
2573
7499
4167
5914
-9973
7028
9637
-3551
3591
-4350
-5719
-540
-1558
-767
-5405
7830
4994
-2722
7425
8348
9011
-4950
-5480
8926
6732
8409
8739
9337
-595
1146
-2939
257
-8078
-986
4181
-8158
5872
-414
-4394
5905
6033
9093
5934
3315
-99
1902
580
67
-3809
-654
-6326
9654
4304
1409
-9232
8076
-3089
-2318
8415
-4130
2557
4975
9725
-874
-5588
2251
8148
8305
7363
-9523
-8632
-642
4831
-4977
3227
-5185
9540
-6587
-7783
-177
-1548
2162
-842
-4948
3161
2615
2649
9996
-3082
-7618
-5636
-6584
9816
-8371
-1425
372
3097
-7796
3783
-8742
7041
6639
4931
5599
8220
5159
3385
6740
2975
7244
4663
-8598
2895
6858
8039
-2557
-3752
2252
-8946
-6911
-8393
-4580
9150
5386
-5715
1438
-5480
-7262
544
-5938
8782
1383
-2790
-5473
8816
-1777
-1536
-3578
2439
-9569
2786
7702
9291
4297
-5134
3929
5175
3607
3124
-9740
-7610
-6309
184
5364
4242
779
8029
-4738
5007
-5625
-4954
9179
9373
-8762
-1308
7364
6107
9101
6208
-6899
-9831
-3041
5769
-504
-7833
-4811
3286
-5666
-4246
1359
-8119
-6664
-5225
-2840
-7583
-861
227
-912
2478
877
3887
2635
-6186
6343
5964
-6781
1412
-9961
-3529
2505
-3057
-6093
4413
328
6035
-4886
4379
1507
-2419
8146
8672
-5501
-9214
-5945
-8576
-4235
7045
-3758
992
3231
2593
6388
6903
5851
4692
9154
-8120
-6468
-4039
7539
-9220
9321
8827
-8832
-6
6069
-4879
-4395
-171
-7048
-6773
-8814
5812
3401
4158
-8899
1473
8845
-3570
-23
-327
-9542
-6503
-970
9421
-9634
9690
9100
-3995
9878
5715
876
-7077
2173
-403
6850
-4048
-6678
-6859
6936
378
3979
9514
-5759
3586
9739
-872
-8171
-588
4277
-8000
7279
6569
-4856
9238
-3350
-1025
6228
276
-5875
2210
-2211
-3839
5068
-7011
-9058
5869
-3173
3193
-3602
-4297
8125
-4660
2166
7819
-7336
-7217
-6657
-1401
-3283
-6824
2186
-9893
4057
-1981
6453
7091
6215
3525
-7589
-1754
8545
8298
7856
-3054
-5550
-9760
5901
-4064
3383
-426
-4465
5663
8005
-9699
-6920
-3223
7274
-6363
5982
-1651
-5097
3904
493
8008
6688
2467
-6967
4697
5459
-3373
-5552
-3260
414
-7038
2394
-2404
-1113
-649
-4590
-3739
3748
-1266
5559
11
-642
7328
4132
2294
4033
-8532
-7977
5825
6925
6259
-3510
9573
8714
-2011
-2196
-8589
7154
-4440
-7916
-7427
7029
3395
5775
6527
-9227
8785
6976
-777
2443
-7668
-3451
968
7704
-3052
3756
-4465
7646
-1090
-7904
4834
4300
-4301
5550
6185
2728
-9302
5803
9
-7661
9279
-5712
-7034
3010
204
6012
188
7553
-325
-9492
4456
-4457
-5815
3305
141
7336
3973
403
-3666
-5820
-7335
-2722
5412
-8938
1346
-9938
9630
1313
-2450
3447
9644
-6325
-4435
