14060
-1397
4092
-3633
-3042
9945
7796
1357
-196
8012
5881
-5524
7014
8978
-8001
8066
40
-8825
4150
6118
9068
12
-6427
-6596
-1811
-2442
1752
-1180
-9736
282
7225
-1187
-5998
-9550
2627
-5969
6356
9455
3562
-9087
3803
-5878
-7853
152
3559
1056
9285
-8907
-3587
3232
-560
-3248
-6861
-6974
3745
5093
6756
-3045
2757
322
-1920
2292
6124
1682
2770
8508
8156
-7858
5873
-6215
6085
-6348
6890
6285
5529
8183
-6244
-8700
5988
5920
-2752
6502
6713
-5081
-1085
-6632
-9134
1603
447
-4357
2780
-7341
-8763
7679
-9596
-1812
1563
5119
1950
4051
-4523
1318
-6721
-3488
-9232
6055
-7772
-9554
-5890
7451
8626
-4036
-3508
-7716
-7648
-6353
9441
-636
-4777
8358
-6495
-3060
5352
6412
7443
4813
5065
1546
2241
6559
-8635
-9311
2076
4983
9917
-7740
-7808
9757
-6721
-4902
-7821
-1500
1764
-4180
9406
1037
-1690
-870
-3456
-7207
-7221
-6215
5872
592
8501
-5820
-1444
-7163
-891
-7591
8147
-75
7391
-4749
-531
5838
3135
4226
1522
-2749
-7579
9882
9057
-7973
2067
-3673
8353
636
4496
5094
3905
9315
-3221
-1556
-3102
1043
7765
1128
5711
3123
3916
-8893
-7926
-9641
3445
2785
-7637
-4687
-8105
-8629
-5804
1254
-8254
-7211
-8805
1191
-3611
2615
-5231
699
-109
-9114
-6413
7274
-7932
-7310
-3150
-1066
-3854
-9162
-4422
-4082
4555
-5878
4013
-5197
7108
8052
8243
7383
-9503
-2892
-4825
2146
-9703
-8392
-7798
-7848
6749
-7803
7998
7804
-8596
-858
-8167
-627
6658
-3686
-2460
-1311
5862
2804
7183
4941
8824
9380
9449
-4099
4649
9870
-6632
-3315
9500
-5040
2745
9994
4021
-2795
-8385
1219
3315
-2200
-8376
7185
8861
-3907
-93
8552
5246
5920
5422
2831
-9104
5905
-5694
4274
2050
5795
6282
3135
1711
4106
-8883
2054
-2212
-6114
1811
3241
4668
3697
7407
9643
1802
334
971
-7724
4144
9537
-4645
6568
1030
3024
-4062
-8561
-2741
7246
-6810
2045
-5013
-8981
2945
-7317
35
1898
-5926
-3884
2170
3514
4166
-9136
3833
-2798
-4509
6630
5027
-8714
-2963
8100
2546
-5525
7169
-6968
4324
7893
1774
2327
2857
9709
-7286
8368
2732
57
7960
-6039
-5180
-8328
-2796
7404
8256
-2758
9959
2910
-987
-7202
1207
4211
2391
-1032
6192
2717
2947
8857
-9853
-2994
9290
-7031
1189
5891
2033
5061
1803
-2823
347
5310
2310
-7762
8200
-7854
3650
8385
6400
5482
-7960
-4761
8662
6544
-1762
-2052
-7177
-1718
772
2466
-6672
568
3313
3892
-3539
-2044
-822
45
3801
-8080
-8850
-7268
7691
5503
4439
2367
5328
-8073
-562
2209
8119
8008
7893
2843
-1616
1127
9236
-7388
6495
-4525
-1391
-2989
-5229
2838
3128
8748
-8884
6117
6127
4098
-2440
7589
-9188
-1467
1861
7212
-1839
8446
6529
-8790
7457
3990
2069
-4958
9668
6695
6935
-7089
-4380
8787
5132
2721
414
-2204
3932
-9118
-3284
9099
-4244
7358
2655
-1794
7542
-5237
-6208
-4514
8927
-1916
-2641
-9425
-9653
-7598
7588
4092
-5004
-4618
3691
-634
3179
5450
759
9378
-4048
-4107
-9146
6514
-1982
-8223
-2227
-1355
9589
-6633
6336
8037
8850
706
-7342
2131
1569
-5591
7747
-5548
3720
6899
-277
-1024
-4633
-6825
8710
4485
9952
-8023
-5111
7795
-3651
-6036
7782
5865
2190
8154
6889
-6917
-2932
-7883
5873
3467
-363
-6640
-1926
8859
4373
-3530
3627
5462
8541
4071
6612
6516
-1421
-5949
-5953
-7612
6436
1137
1361
3687
-3032
6505
2434
6698
6318
4127
4662
-3561
-1023
-3924
4788
-7174
-2413
-3444
9903
-8262
-1580
2592
8920
6761
-7451
3996
2342
-4370
9629
-717
-6577
2322
-213
-8832
-4397
8524
-1700
-2623
-2491
6075
-1857
4847
-6450
-5173
-3734
5191
-9021
9504
-2356
9246
4442
-6818
2290
-8611
-7549
-4075
263
94
4325
7832
-4959
2264
-8926
-4695
-9316
6301
2039
6094
-9041
-7200
-9305
-8402
-8052
-4661
5891
-238
6852
-5950
1064
-2333
-9645
9265
-6819
2913
-9212
5786
-3314
858
9574
-8191
-3924
-556
-5451
-4976
-3089
-1621
5782
7596
7976
-4793
7271
3484
2274
-9641
946
-9764
-776
-777
6404
-7044
9813
2097
-1456
7137
-4152
-9388
7942
6655
1669
9079
7657
-3041
-7107
151
-4593
-8464
3501
5376
-3327
-3794
-1793
7990
-1302
-5186
7488
5386
6380
-8132
-977
-9889
3246
-1834
2182
-6264
4942
-8992
1484
7368
3966
-6490
3882
-3079
5990
-5133
-7675
2581
-5053
4471
-5573
-4776
5671
8576
5476
8274
6968
-3612
-8528
-9417
1990
8892
-8061
-3635
5229
-6386
-1061
2662
6879
5463
8379
7346
-7264
8368
5127
6772
-2731
5792
6502
-3876
8785
1101
-7703
572
-8312
7570
-8967
-450
-2611
2072
6990
3414
6308
1589
-6269
-2906
-553
-9460
-8946
9195
1873
-5435
42
-7128
854
8234
4767
-9927
1939
-8797
-3014
-886
-1121
-7097
-3066
-4906
6874
6693
-9482
-9159
-7146
-8003
4382
-2138
1700
-3336
698
-7917
-562
2209
-4490
-2915
-9046
9864
4393
-1054
6671
-9477
-138
-5987
9270
3775
2574
-9145
-1913
-3708
778
-1776
-381
4130
497
-3731
1745
3103
-8435
-2267
6235
1510
8262
-6808
8045
8710
7335
-4167
-7991
2661
7614
7621
-8504
5358
-5550
4956
7761
7895
-5714
-7589
-8522
1271
-4991
-5220
1460
6495
-8612
-1201
-535
-4452
3169
6121
5966
-5331
-4373
7616
6097
-8152
6562
9029
-2064
-3900
3386
-7943
-4149
-5095
-8385
-6509
-3279
2001
-8079
-7346
-7901
-559
-3900
-915
-5738
-7068
-5394
-1956
-5025
876
1843
4592
-3973
-4703
-837
7176
6140
4834
1106
-1371
-2076
7568
-4470
3493
-3136
-7964
-8441
7360
-1042
6814
-4333
7050
9533
-6874
4900
9960
-1654
-6986
-984
9748
-5035
-3059
-4340
-845
-820
2289
3296
-5181
2625
9253
5862
-3666
5756
-2325
3575
-6747
958
4671
-1035
8080
444
8527
-1740
6732
1951
2873
-7537
-1079
6522
-5158
1713
-2016
-3662
6608
2349
-6661
-6485
3679
1065
-6812
7583
2977
3488
5147
1573
-7497
-1693
-4335
-454
-1669
-6984
2827
-4652
-6840
7391
5449
-2419
7563
3749
-9772
3906
6539
-4926
9701
-4621
-7064
-7512
-316
-966
-8312
-4252
5732
8957
7744
-5510
8499
-1195
7965
-8642
2890
-4336
8607
-18
-1464
-3864
386
-1675
-8529
-6072
8881
-9709
6802
-9645
6985
3604
9835
-8019
-8866
-5983
2756
4141
4470
-3355
1214
-8429
-6874
-7808
5621
5385
-764
2888
4397
-3632
3548
5112
-3436
-8271
-3413
9947
2917
4224
8046
-4438
-466
1027
-4626
-4962
3163
-1524
-3480
9225
6543
-8721
-5883
4237
7276
1531
1537
9916
3779
-476
-6755
9277
7180
1497
6773
-7123
-2359
-431
854
-4165
-707
-1245
-5412
4607
-6127
6720
-1148
-8083
-55
-3801
-838
3981
-2102
9527
-2791
-5989
-8806
-3715
4967
-6408
1517
-4420
-358
-4824
-3070
-3561
8772
-8335
-5424
-4769
-8723
6343
-1383
9756
1431
-6761
3149
4214
6608
2326
-4672
-6039
-6631
-3316
2611
3415
305
-5888
-9657
-2501
80
-7903
2505
-7497
3754
-9600
-6083
4680
2733
5421
3046
4490
-498
-8444
4382
-4181
-1346
3939
-1504
-7318
-1537
-1678
-3803
-7618
1481
2692
8254
-2030
-1815
-9235
8293
6862
2272
-9010
3130
-1092
-4310
-2227
3975
-6490
-8660
2342
9061
-2990
-5322
5309
-3382
9766
1524
-3664
4001
8763
2624
4542
-8469
5163
8141
-1034
6619
-8632
8166
-4962
-5209
604
2583
-9477
-8780
-8367
-4263
-6344
145
1008
-5446
619
-7109
741
-6912
-2241
-985
-5129
-2242
464
7634
6063
-3001
-8774
-7980
-1109
2227
-9243
7829
311
-1570
-4625
-1044
1840
-4797
-5943
9846
-4829
-9817
3487
372
-7196
-3808
275
733
-8461
9662
9190
8711
-1214
-4101
1310
3197
-842
-3922
-5707
9454
5582
-809
8752
-4167
-2883
1248
1026
3085
1984
-6363
-9473
595
6053
-2762
9713
2408
-2854
-192
-7539
5655
5750
8565
-8768
5281
7323
2112
-5241
8485
2805
2457
8019
5398
-1841
-2038
-4918
7947
-5690
-5064
5164
-3303
-5075
9064
-5434
-4490
8919
2805
5589
-889
2984
-7365
-6715
-2668
-5447
-7278
467
9147
-6295
1454
-6819
-1713
-8322
8369
-5262
4662
9433
-9905
-2699
7550
-7811
-7670
-5200
-4423
-6062
1897
5983
-3985
-2698
-1966
-3496
5455
4271
-8424
-5653
-6236
7895
-3738
6353
-356
-4954
7666
-1205
-3106
-8229
-3537
-3495
-1280
7088
8689
5022
-6867
-2154
7205
-2179
1363
-8689
3534
-559
-5311
-5584
-8044
9972
7411
-3546
7011
-4824
3073
-1518
-7604
6418
9673
4534
-4007
8203
2536
-2692
-5502
-47
8273
-9956
-3785
9609
-5950
-1835
7610
-9579
-3182
6552
-9389
3061
4507
5212
-4171
-7725
-8654
9251
-8824
-3090
1590
7931
5913
-4068
2516
8271
-4759
-7524
-8624
-4461
4399
9049
6883
2205
9973
4709
-3121
-1159
-2179
-2508
-7314
1358
-2643
-9225
-857
-4243
8039
-7871
-4402
-1925
-9555
-8923
-5665
-95
9662
4221
3969
-6112
-868
793
7645
-4435
-9064
8091
4992
967
2867
-5952
-4842
9640
-8768
-7244
-9017
827
-9993
9649
4579
-7641
-2441
1067
6589
-7196
373
-4074
-521
-3998
17
2151
3786
-83
1862
9701
2829
-2856
3371
-2540
-3505
2149
-2233
-1538
-3701
-3746
9939
2050
-2605
-2314
-6413
2691
-2307
6647
2711
4289
7899
2777
-6410
7921
-4860
-8752
-4863
8681
-1982
9133
-5528
-3701
8028
-5580
-2627
1729
-4696
6424
-9140
1909
-5841
-8438
2094
7582
-7997
-5707
-4476
2586
1766
-12
3145
-4683
9572
5405
-8278
-9237
-1453
3985
-7386
-81
7229
4920
5616
1760
-7340
-4847
245
-726
-9581
-6629
-1027
-1527
-6558
1962
1610
6779
-1729
-2553
-5640
1028
-1393
7530
-4638
2135
-8397
2051
839
-3378
1412
7026
-787
3471
6913
2070
9869
9709
3524
7735
-4860
-5486
3899
7917
128
-2773
-4559
7234
5567
-7490
3096
-5807
-8344
-6305
-4643
-8631
-2834
6360
-7096
-8851
-9924
-9826
9088
3049
-9517
1642
-8540
9501
-9962
6537
-2090
-7831
417
-7734
1944
-4423
587
-6441
-2251
6907
-1869
4009
-2540
1535
-7794
6514
-2629
5157
6282
6493
-298
-4939
8042
620
9389
-6728
6167
-9005
-5847
-8760
-8536
-3543
3571
5553
-3491
2006
-30
-3824
7230
8369
7932
240
-3087
677
6897
-3468
7770
-8997
-5149
1425
6596
1542
7152
8989
-9612
4144
3558
-3990
-8467
1349
-2705
-9154
-2146
-7311
6483
5144
-656
4256
6939
3062
-9988
5435
8940
8697
406
213
3341
17
5614
3246
-7495
-2116
-6801
1667
-4286
8820
7269
-2784
-8588
9109
5596
-1881
1462
-849
3202
8287
-6401
-1223
5792
1225
3848
6960
-1835
-6096
221
-1471
-961
-5217
-9114
1955
-6330
-7759
-6493
7921
7931
5977
2061
-956
-5826
6859
4580
4627
9051
-748
-450
-1062
2423
1782
-9411
8684
-1093
-7448
-6786
7567
-8591
7497
-2545
-2773
-4766
-6238
4948
7255
-9725
6051
-3523
-146
1946
4521
-5401
494
-7447
968
9782
8937
-6547
-2154
9783
2563
-5381
-2091
465
6017
-4726
-3634
-6177
6236
157
-3942
-9650
1016
9028
-644
4865
-6517
7781
815
6258
4759
7568
-3331
4826
4698
-3453
5326
-3914
1448
592
-6719
6545
85
349
-724
51
-6727
-4992
-5635
434
-5240
-6079
9277
6291
1925
-9365
-9118
6846
-346
-2050
3391
7116
8393
-5622
5157
-7372
-3793
4598
-7554
-3516
8642
-9736
9568
-408
3440
-3791
1229
3060
-8627
5102
8292
-8343
8150
8907
-5066
2577
3940
-9467
4773
6166
-4179
-2962
2718
5628
-1229
-3101
2956
-5442
-2619
8800
2465
-8058
7549
-1661
4930
2204
710
-2950
-9628
-4029
-247
1125
7424
4559
3869
-1628
6542
-7159
3959
-2266
936
7556
-4320
-5888
-3150
-4299
9802
-1007
-9624
-937
3965
7133
6782
7187
-4546
710
6761
-9034
-7068
-6738
-3207
534
7038
2618
-1000
-3402
-3936
-9498
-2893
-7182
-5782
-9117
-8218
5028
-6104
-3946
7362
-2439
-2642
6155
-7175
-5425
-9610
5774
-2190
1550
9691
9627
-7489
-8214
7151
4348
-6333
6845
2649
-6718
5056
3599
6387
-7830
7468
-973
-2574
-2192
-2790
-8355
-183
7049
2538
-308
-5147
-4732
8173
9161
6333
-1410
-4131
6937
-4411
-9453
-3616
6400
8618
506
8888
3349
4907
361
-8423
-5677
1058
848
-5335
-6265
-6522
-5166
-3761
-7196
-1507
9638
-1700
9502
3658
-6371
-3136
1046
8316
-8543
5369
-7593
2423
1831
-5607
-5360
-4173
4941
-9891
2006
-7894
7709
2088
-8684
2545
-7574
-6532
90
1548
7155
-1466
-4438
9513
-7460
-3636
3836
-7713
-6065
9432
-1148
-3535
9288
-7949
-6966
-2896
-5636
4055
-9921
-5348
-6978
9313
-8546
-7012
6452
-8992
-9787
65
-7737
4662
7936
741
-634
2924
-5443
-9787
6242
-7586
-4046
-9560
4338
-5824
8794
1766
-9659
2694
3279
6606
-7065
4027
-5420
-6431
6555
-887
7364
8287
6754
-1875
-4968
-8852
-651
-5006
-4216
-1000
-8318
-3956
889
-6859
-1753
6245
7481
5027
1529
-6031
-8255
1763
-7892
7119
-6219
5631
-8895
2048
8375
-4698
-3041
-3602
1359
-3466
4134
-6751
-9182
4735
7040
8746
5345
7392
1157
-7318
6689
7845
6264
3962
-6394
4821
1971
5576
-7536
-3111
-9557
-5649
5046
-3025
-2855
-6294
-249
-247
9228
4229
-2067
4051
-8398
7724
-3925
-8888
-2053
-8135
-7471
6194
-2710
1265
-8651
-496
-81
-8070
6050
-9272
9561
2130
-6360
-5561
-6874
3962
-8219
9160
4285
564
-5795
9800
251
5896
9728
544
-7334
-74
6679
-9729
-3777
-4218
-8443
9720
1237
4494
-4695
-1093
5327
5751
-1401
5899
487
-7363
-1581
-7204
6055
8407
5190
-6035
-1900
-8114
2721
197
-4767
8583
-2579
8857
-910
-4383
-2911
4885
-7346
-9930
-2508
8390
1542
-2468
7103
-818
8684
-5599
-3198
4026
-5544
-1711
7500
-5548
-9585
-2888
-4384
-9598
6321
-4993
5660
-8629
9114
-9551
-2404
1114
3486
7457
9844
-4953
377
8067
8770
5876
8345
6618
-6205
1161
-8570
866
-7488
-9963
7975
-8300
-6139
5167
2340
-8986
4071
-2994
-5613
548
-7235
-8125
9113
-2747
1002
418
4822
918
-8165
-8956
2755
-9817
-1838
-222
-7718
3312
-8694
5545
-9132
-2588
-2989
5474
-6354
-5847
6471
-3325
-2161
-7158
6547
5542
9933
1773
-2480
-2013
-6938
-9634
-3530
-1080
7732
2790
4416
9729
-8002
-4049
-8239
-2617
1729
-1444
-1471
-3667
-4930
8655
-1599
777
1267
-7171
8802
5075
-3749
3387
-6124
8856
-129
8787
-7970
-9930
-9441
-690
9991
4569
6888
8287
-9536
-5720
-4169
9126
2368
-4073
6786
3185
-8696
-7792
-3234
6835
-4755
6765
-1232
-3022
7740
-8892
8216
589
-6173
-7944
-1032
2702
-5113
7233
-7271
7064
-5411
-6218
-4962
-3089
3731
-1501
-681
2102
-5773
3437
6589
2885
2008
-8947
8864
-2151
9579
-7043
-5407
43
-6402
3361
5549
-8722
5648
3186
5989
2549
7469
2921
6610
-1948
-1052
8334
7414
-623
-7034
933
7539
7448
-7160
-5635
-2729
8166
6294
-2152
1183
9532
1253
4764
2495
5581
-3734
-5029
2753
1202
1167
-7849
-1352
660
2874
6517
-112
4320
-290
3583
7370
4368
457
9773
-125
7495
-3532
-879
5800
6667
-6118
-4139
-3572
2446
-2545
113
5890
-7140
6253
-7399
-1309
-4119
5107
-4212
-6039
7938
1989
2842
4993
8278
-1772
9629
8182
1508
-6038
-795
4066
4913
-5046
9707
1389
8763
-5691
-7061
-767
-659
8584
1936
-8247
-1480
-8298
1712
-5973
-6862
4374
498
-3116
4565
-318
2250
-4763
7410
7101
2852
3472
2349
2453
1187
-8884
1595
6786
-3118
6685
7088
4343
-4866
-6489
7026
4192
7170
2821
4381
-263
-5599
-2392
3607
5907
8760
7301
-1167
-3535
1108
-5199
7771
-4007
887
-341
4952
4868
-3878
3550
-9127
-3890
-2425
-1831
2430
3535
-7336
2221
-9902
3084
1069
-687
-1315
-5229
-4255
-8983
-6666
-7648
-9010
3585
9540
8691
5453
9751
4568
-2480
-6587
4123
-6985
-5978
-7094
8784
1588
3794
-3988
-643
-6242
-6318
9352
-3137
-6351
4244
7408
3940
-1763
-6848
-9448
-4005
-7467
5428
3637
-9347
-455
-9077
9307
4731
7701
-7521
-514
-7315
-4405
9053
4482
5435
-4373
-6097
7283
-4239
-6160
668
-2558
-3948
7263
9743
432
-4157
8892
-2029
6944
-5794
-9668
-3254
2649
8036
-6745
6086
-9913
1790
3632
6070
-8788
2394
7293
6486
2777
9614
-9101
9421
237
-6671
-9713
-7830
4362
-3436
-4881
3567
-7603
3299
308
2998
-450
-4769
-5435
-9426
2844
8208
8013
-3479
-4188
2402
-6252
8714
8144
-9455
6373
9050
982
1303
-8579
4613
-9669
218
7485
-32
-441
-3557
-9717
-3444
-3453
-106
7720
6664
7482
-197
608
-1928
-1670
6788
7941
4928
-3699
4103
-4548
-1620
3997
9381
2884
-6121
-7101
-1236
-2671
8110
3919
-6489
947
852
-3874
6665
-4313
1433
893
-2581
5082
6634
-804
-7553
1828
-4748
8934
-8078
9105
9344
2372
4983
-3645
-8251
-746
-1918
1357
-3435
3569
-1317
42
1622
-964
-3104
-3982
-9771
-22
4656
5276
5028
281
-6875
-372
4898
6173
-9963
4800
-9301
-6001
7776
8686
-7208
4358
4964
5722
8273
-2971
-7279
-1016
-6263
2962
-8027
-5732
916
9059
5789
4980
4779
-7442
-1122
6277
8021
2612
4626
7608
-778
7986
3780
2098
-2321
132
9174
-9299
6387
5662
5093
7565
7176
2455
8727
9841
-1550
-7140
-8336
8556
7862
-1655
-810
-8150
-2635
5528
1783
2623
-4704
602
104
-5989
8083
9707
-471
-802
-8259
6345
-5866
-7023
9801
-5178
1082
-8267
8874
3686
56
-792
7046
-6696
5300
-3957
56
6808
3261
2464
6746
-8517
2173
9459
-1615
9652
5573
6961
-8136
9943
6387
-4864
1451
2506
5533
1795
6635
-921
-4443
8868
-314
-4401
2408
3142
5401
4511
77
2317
-7866
2288
-3303
-8989
-9088
-9148
-6822
7742
-5320
-2554
8639
-235
1750
-2339
-6710
2069
8574
-1659
-6
4562
-7628
9086
5432
3991
495
8994
6312
-3828
-1490
600
5578
4697
-9512
8149
251
-4612
-2137
7853
-4008
3072
7115
6177
-5584
3481
6045
-1523
604
-1073
8107
6779
6406
3544
-2499
4514
9511
9438
5705
8157
-4656
-3441
5477
-1834
5277
-1943
280
-9386
-163
-1702
-4396
-2750
8976
-4030
990
-3119
5080
-6385
-9371
1783
-6855
7757
9626
-7234
-1810
-6189
1725
-2733
1226
-8267
-8807
-7054
-4088
-2249
7926
-3037
-7819
1885
-6585
3967
5640
5254
-1855
-3836
1476
3052
7401
4325
-8995
-7645
-4708
-6780
-3344
4936
9519
-1797
5859
-4008
18
9376
-5050
323
3667
-2663
6404
-4176
1829
-6950
-1185
1575
-1040
-6742
476
-1326
8675
9481
-7515
-9472
3874
6150
-3050
471
3336
3700
7519
-5015
-7511
-9005
5634
4315
-330
-7897
8830
-9589
-3875
-4142
-1969
3435
4006
248
2583
3673
-2807
2781
1370
-1866
1578
-2958
8271
6532
5519
-6808
6561
5696
1683
-7982
1712
-9400
-3174
-4305
1564
7115
-7888
-8950
8240
7047
-474
9597
7349
-4457
78
7777
-5699
-2613
-4199
1126
2105
5980
3035
5215
-710
3977
4731
7120
-8456
-9008
652
1229
2507
3735
3465
162
-6674
751
5467
9201
5209
4504
5926
-3365
-4826
8213
6144
-9781
-3233
-9210
-7577
7395
5529
-6721
-2484
-4410
-1531
5352
1102
2495
4365
-1054
7685
-7510
-5100
7046
8131
8840
766
-9998
7523
-7882
5681
6582
8533
-972
-1269
-5227
-2466
4990
5355
-9728
1897
2968
9466
4027
-1953
7471
-5681
-6307
2422
7861
-7291
-1726
-6128
-2380
-9849
2563
-4972
-3331
9013
-5141
4592
-4175
-8184
-4050
851
7287
-8068
-888
-7854
-5932
-8501
9077
-5822
3003
-8623
9390
5054
-3636
-797
-7045
9088
4343
4227
8588
-5391
-6651
8894
5716
-9215
-4434
-9130
6902
7705
-1052
6943
686
4547
5476
-4707
9587
-9781
-7542
3528
-9187
-719
-3951
7120
6406
-5305
-2955
-6770
522
4093
2457
-9746
8846
-3171
2777
2147
-6169
3109
-4829
-4213
4834
-6071
8021
-4550
-7287
540
914
5434
6156
-314
-8994
4767
-1041
3161
3080
-594
-1359
9625
-5915
-2801
7457
-2715
-5073
2111
-9112
-2929
-8843
-229
-4813
3286
-757
-8664
5858
-7008
-5650
-2505
1950
9887
6136
9066
-8106
8259
-8137
-2195
-3715
3639
9733
4311
7964
-453
4300
-3731
-11
606
5446
-768
-6683
-9659
-818
1735
-9189
4076
-9756
-3668
6389
2868
312
8793
6306
3386
-113
2522
-3053
6886
-3089
-3625
-373
8564
-6753
2395
9880
7375
1083
-3737
8160
-4350
5206
-8259
-6862
5120
472
993
4704
279
-4957
-3765
4677
7000
-9171
-1234
1011
6340
6331
-4381
8838
-8376
-341
2894
-9847
9457
6548
-338
-2058
-7993
-5371
-1876
-8483
6801
-9793
7637
-8847
-5441
-1199
-9691
5168
4841
-6838
-2819
-1360
356
7315
8349
8065
1999
-8829
-5404
9019
963
-402
4848
2975
3261
-1796
-4736
9733
-4766
-1437
-2652
-9609
-4650
3011
757
-6395
3134
-1137
8725
4407
-4812
-4901
2230
6755
-2963
611
7674
-7835
4298
8583
2097
7981
-3835
1057
5353
9777
8080
-1912
8431
-3190
-4251
3163
2162
5409
1971
-7834
-4915
8865
6367
1106
-1236
8689
-2217
-1560
8393
-2834
449
-2731
5229
7885
7891
4426
-6627
-725
6657
-1386
6483
-2987
3199
-6746
-1122
-5386
746
-4242
1284
-2491
-2781
-8917
-387
5237
-9991
-3749
-6143
-1914
-3310
9820
2100
608
2557
1241
-3371
3469
-4984
3621
3656
334
1747
-1985
2138
-9330
1147
3107
7119
9982
-8892
2567
-2188
8819
584
-3032
-9430
7609
2056
-5056
5303
-9498
9876
-1808
-3334
554
-7259
-200
-8740
-5742
-2127
-484
7753
4844
8582
891
-196
-965
5785
1231
1267
-5916
-1012
7779
-6423
3852
-5204
1881
-8030
4953
5428
-194
4184
1575
-4073
417
-8929
-190
1031
5560
-1362
3416
3655
3024
8838
-9012
-9054
-3876
-8258
8432
-9082
7366
-9208
9805
-9018
-179
-834
-9269
-4940
7245
-6491
-2483
-8775
6740
2873
-4207
8113
-9007
-3384
3419
2592
-5288
-4232
-5260
-576
-4586
8612
1068
-5326
-8669
-8778
-210
-9529
-9708
1426
-8906
370
1324
20
-1290
7055
5649
-9464
2579
-1871
3172
4901
-453
7227
3774
-5060
-6028
2210
7674
-1626
-8712
-9316
-3066
-7886
-4628
619
-9914
-1159
-682
-3697
7314
-259
2836
-8081
-8320
6334
-9471
1153
-401
4374
3687
-2199
8327
2876
-8839
-8533
5526
-7404
3730
8348
7818
443
4800
2011
5509
-4015
-8875
-1797
8264
-6489
3101
3547
-3845
2624
-7110
-830
1211
4882
9373
-612
1466
-762
5488
-7992
3763
-1487
6345
57
8716
9887
5952
-1781
4144
4868
-203
-816
-3121
-2397
-9758
-5609
4879
2382
6399
-5396
896
-1367
-8105
-8629
-1964
-1050
-2223
7015
-3392
-3694
-1503
-9859
5290
-3466
7574
-1111
2041
-1262
-4145
-2088
-6438
-3746
-7263
-8897
3736
3691
-4987
8331
6710
6050
660
-4105
5924
-4892
-5985
-7339
-4504
-7217
3642
583
-7955
-2108
1424
-6403
2351
7454
-6701
-5784
1119
8630
1259
-3043
6471
-2395
-9952
-5954
3568
4348
5162
-6492
1932
9205
9466
8369
-5001
1047
5929
8704
1984
6394
6430
3216
6767
-1124
7078
-5707
1787
-4574
9240
1314
1165
-1116
-1315
-3723
9824
-5090
-2208
9459
2738
549
-4403
9069
3147
-1471
-7502
1341
9261
-7704
-1457
-9501
-3661
-4347
-4141
-7772
5229
-3744
8434
704
7668
-5515
-2113
-2366
2179
-3060
6000
-3747
-2826
6885
6730
-2429
5620
5408
-7258
4510
-7503
1053
9842
7166
4812
557
2523
3773
138
-8544
-5562
-722
5820
-3692
4921
-2542
-7859
-8615
8293
-4101
-8942
6420
-2066
7838
-8845
-1382
7335
-8110
-2018
4060
3888
1478
-6193
18
-7022
8798
-6885
2255
8226
-2897
-160
-665
-409
5696
7351
4315
-4568
9414
7822
6481
-553
4058
-4026
5830
9721
-3255
-8712
-1527
9895
-4264
-1794
8919
1367
4649
-6327
3259
3221
-2222
9536
-2307
-9047
-1348
-2872
-3170
7495
7385
-1785
7463
4976
2466
9785
8526
-1721
-1449
9116
3621
-9427
-5564
-2436
8805
7179
5457
6666
8236
-7490
3901
9801
7659
6686
-2509
-6710
6802
7971
-6489
8715
4276
2412
3519
2458
6541
8503
-7335
4797
5024
6883
-6089
-2455
-9526
-8991
1573
8005
999
-3543
-7332
-1060
-8095
-8336
-8666
2858
-6832
4773
7755
-3035
-5162
9190
5580
-8291
-4114
-3382
-8597
2209
-6588
-7223
8864
-3311
7098
-674
-2951
286
2783
-6374
5171
8070
-2415
5054
-9208
6791
7011
-3998
2401
7617
-1757
-5878
-4049
-8821
-6646
1009
-216
-3310
2218
-3384
3527
-2835
8599
9399
5925
339
-1983
6019
5835
6108
-8682
8519
-5087
7603
-5811
3904
-5449
-5672
7589
7169
-3161
3231
-595
-5044
4337
-452
-5247
-5128
8366
-4838
2661
-478
6166
-1026
-4008
549
-8889
1652
-1128
9787
-6877
7045
9821
9063
-9152
4198
9080
-4683
9815
9460
-8011
-1238
9122
-3199
-5878
-6880
4922
-9859
-1045
9553
960
1146
-3540
1667
6687
-8128
-2938
4630
-7481
-4119
950
-2865
-9604
7605
6298
-4578
9697
4853
413
-8438
8900
7753
7956
8315
2899
-5068
1114
-3985
7305
2958
-6626
3556
8482
-6046
1517
-2412
-9944
-457
1796
-6029
5677
602
-8297
-940
-7298
-4787
-290
1261
8081
1834
1983
8504
5053
6632
6494
3872
-9684
-108
-5786
2765
-2486
-4377
9919
1886
8562
3892
-1029
1979
-1584
8952
-2727
-2712
-2860
-8864
355
103
-7345
190
-178
-8409
1858
9988
-5695
-9014
514
-622
-4614
8512
5976
-3576
4109
-2868
9974
-2920
70
-2954
-2848
-7576
-4546
-2334
-7865
1306
-2008
5437
-1897
2921
-4940
4418
-9295
-9100
2134
9123
-8945
4439
7024
7092
-2709
-9609
5243
-1038
3617
8902
9802
-4864
-1077
-9124
5774
-9640
-5863
-9119
3525
-2634
-9307
9318
177
-5536
-8973
2004
-6953
3759
9712
2247
5811
4786
-3954
-3930
3074
3830
-4748
6466
-3360
5922
3921
-809
3581
4440
-5435
7045
-1253
-7597
4135
1744
2152
-5146
-5342
-2262
5018
1881
9332
7193
-7212
-6583
-6350
7194
2155
4063
8529
6122
-6944
-5209
962
2253
9602
7944
8600
-8574
-964
-7061
-5574
5227
6718
7864
3662
-5421
9346
5068
-352
8030
-1565
-2238
-5787
8913
-2043
-394
-3481
2367
-2376
-6776
422
8229
-692
1445
8285
-7552
7991
-587
5507
-9411
-8390
-9118
-4513
3765
-5403
-1151
6168
-3961
246
-6361
-132
9831
-7636
-929
3384
-6455
78
-5952
3845
2870
4889
4839
-1565
1392
-3453
-7113
-3814
7843
7763
-3824
-6987
-2295
-9937
-8021
-8325
-9416
-7383
-4444
-9785
5635
7295
-4679
8754
2644
8273
9871
-387
702
4870
7257
-271
6029
-6419
-999
-2706
-7847
4410
-8537
-4768
-1404
253
4497
-8432
5709
9304
-1064
-531
5178
1417
-8543
4009
5096
-1193
8490
-5623
2086
3625
6388
-822
7545
-4908
3838
-584
8764
-9245
-2058
-9261
-1827
-9829
3556
4558
-4323
1967
-542
9017
-2856
-8939
5461
5503
-6167
3137
-9896
2483
-5306
-8754
3669
-9623
7033
-1785
-9529
152
9590
8580
2256
8608
400
6810
-9943
2725
9701
1753
2711
-546
4619
2664
-1467
1583
-6495
-9709
518
4829
-2022
7613
1625
-635
7303
1945
4465
1444
-4771
9101
-6510
4664
2693
7338
555
-2570
-9398
1463
4132
8472
-3196
420
5945
1283
5442
-8526
5796
5830
-8460
-4824
1933
-8251
4163
6587
9615
2990
-5210
-202
-2810
-4481
-1860
-6368
-1657
6466
2530
-6741
6636
2845
-8184
821
6396
-5182
-475
-3355
5069
8871
-6815
-6867
-9285
2316
6382
-2761
2173
7601
-7833
1197
4189
2637
2307
-7349
8731
5991
9505
-7109
-3211
1586
7630
-7823
722
343
-4382
-8179
-4374
-6760
-2328
6161
-7272
-9960
4950
8213
-6998
-252
-1568
-5199
2177
-986
4983
8873
-7816
6961
-6815
7469
3353
4676
2021
9061
-4299
1993
1130
-5650
-550
-8859
-4882
-2251
-5425
-8940
8705
-5786
-4122
-8947
-7181
4498
-6809
5235
5850
-7320
4904
-163
-2412
-6132
6178
5333
-779
-678
3154
558
-9319
-3170
9901
-2780
-2800
1471
9020
5165
9299
-104
-344
1983
3401
439
2298
-7628
7688
-5717
-6228
1897
4124
7907
-8549
3634
-2357
9133
-7053
-5451
5867
-3800
4128
4895
-3342
4582
3767
4535
-7739
-1033
3354
8306
7228
7956
-810
-3507
-887
4707
-2198
-864
3632
623
-7557
-3433
-797
717
-5496
-8839
4247
6287
1434
7261
-2629
1124
4062
-2400
-9738
1400
-479
8226
-5383
7387
-8276
-8154
2318
-5520
-8974
-6154
-7784
-348
-6280
-9877
1422
6411
-5739
-6096
7589
-7472
6453
2722
9814
8714
7971
6422
5328
-8484
9125
-7125
3916
8517
6625
-7086
-9847
7793
-1701
-5663
-6727
-3102
9624
470
2399
2432
-453
2533
-5385
2263
4770
551
8658
6189
4711
7299
7672
8838
3899
4694
1909
-8552
6489
6706
-7863
-6106
-3335
-468
-4192
-3218
150
6380
-8341
-214
-806
-3148
9436
-7068
-7395
3648
8407
-4227
5386
7048
-2045
-8593
2542
-236
8810
-9616
336
7551
7673
6575
8034
-4335
9744
9488
-4766
5499
1293
7960
-6201
-6606
-1368
9163
-8129
-9017
-5825
-126
7338
-4814
-6418
-9173
6239
-6670
6898
-8539
4775
-3077
1848
-9394
9506
1335
-6908
4940
3516
-1275
-3374
1034
4655
5839
-1156
1022
-4339
-2407
2293
2663
929
-6944
1034
-6805
7593
4010
-7828
5970
724
-4075
-3790
-1722
-3933
-6109
9420
-8938
9631
2577
-7383
-5434
431
-4917
-2508
-9978
-910
9310
9140
-8010
-8489
-9471
-2696
-6519
6846
-576
-213
3603
-4263
6793
-2877
785
-8189
-1010
8892
7237
-4013
5679
-3238
-5305
3073
-1717
3486
-1348
-7934
8679
1915
-686
-8705
7552
-3045
1996
-7614
4773
1782
-2218
-4415
1258
-4374
-6810
8610
1288
-9466
-7213
4710
1690
-6248
-769
-3931
-8675
6813
2446
9267
526
3654
-792
-6230
5160
1160
-2045
755
8897
1742
595
-7022
-6660
-4414
8080
-2124
637
1340
6219
9767
7534
-3520
752
8709
4025
7222
-4919
9725
7077
-3800
-7355
-3476
-7648
8586
6611
1505
2441
-6653
1179
-3291
1437
1938
-5693
9093
-5539
-6336
6471
-4814
-5764
4972
9479
-9467
-6955
-3029
3195
2697
-961
5691
-490
-5055
6532
8457
6034
2794
8368
-1863
-4712
4890
-9648
3044
6130
212
-2281
-701
3568
3451
-9524
7755
5004
-3110
-1720
-9752
-8117
-3166
-9082
-6879
-1194
-3368
5755
4450
-7105
705
-3361
4207
-1815
3926
-8267
-8639
8006
8662
104
-157
3319
3104
-84
-4721
9378
-9781
-3060
-7513
-7530
5872
6056
112
2341
4559
5078
9945
4381
-9183
5348
8625
5531
-5083
3164
-536
491
8345
-5300
6876
527
-9462
4999
-3194
3897
8424
-6571
968
-7835
591
8165
531
81
-8760
-3186
-6392
653
-7766
9339
-9396
-6515
7879
2323
-3470
7915
8425
8490
5349
6046
-1981
-6847
6153
-3484
1364
-6647
4981
-2088
-3662
2294
7275
-7928
-5045
820
-7462
-9383
-799
3322
7268
-9576
5758
8369
602
-1413
840
9238
-95
-9629
9789
-4690
7745
-6342
6455
-9349
-3225
-8638
400
9162
-6592
-5160
-7809
-7510
-4845
6839
7358
-2396
-9897
-1995
-7564
9372
-7151
-4688
7895
8648
5128
6322
4139
644
-204
4749
4157
-6150
-1093
6627
8087
3197
836
2455
5994
-5226
-5522
6424
-3505
4977
-1785
-9368
2749
8733
-2612
9172
-1106
-758
-5090
6557
-1954
9918
6743
-8033
58
-8983
1262
4898
3750
1516
-1344
5603
-8488
8498
-4351
5321
7724
-5373
-9840
-2898
-4165
-2639
513
-4978
8466
-6922
-4332
-8619
4421
-1593
-7296
-648
-7635
-2518
-2010
-39
4061
-1066
-8828
6111
8634
6025
-6524
4449
-4637
-2046
5361
8653
6191
7913
-6976
-5548
1065
6426
-6920
-4136
-451
7215
-8337
8182
-5296
8606
423
2219
1848
-100
132
4859
5018
3842
9013
7541
-2415
-9283
2401
-2214
-8786
-2807
-3578
-6312
-8139
-221
7162
-4022
-802
4614
851
-9262
-4461
-6508
-3393
-2477
2256
4433
6343
3633
-7006
7136
-4930
-2354
5271
-9527
-395
4621
4977
-4942
9273
-3848
3521
-2027
2552
3521
-9422
-5149
3649
-9315
9918
5968
4513
2412
-4205
-8247
4675
-6893
1098
9816
7655
-6656
1002
414
-3064
799
5972
-523
4541
-5741
3053
3678
6647
7261
4790
3596
9815
-111
-4268
7966
2073
-6463
3633
-2049
6245
9971
-1133
-7569
1188
-6314
-1100
-9037
2445
-3067
-7208
-8867
-9160
8628
-3171
2099
-9723
9111
-2918
3571
-4721
-2221
-7813
4462
-6726
-581
-2925
-9457
5963
-5887
7848
-2121
2758
-1435
2730
-7598
-1418
7435
7523
4007
-2700
-7822
-7699
1506
-4282
-2027
-5814
8078
7933
6295
-8190
-4096
71
-1588
8362
5478
-9103
1144
-111
-8253
-9573
-5606
3696
-9400
-8152
8208
-2697
-1356
4569
8659
1679
7646
-9522
-6231
8236
258
-4384
7774
4573
8177
2016
-9333
-4815
-9929
-9952
-7585
-8762
3457
-3516
-8434
-5183
6748
4553
3440
-5907
-8024
-5096
1023
3205
6765
851
2022
9140
-1441
-8115
-8976
-9833
8726
-4143
9885
5686
-6201
-7171
-223
8852
4035
5346
-5116
-9117
-1122
-8148
-2184
8942
5349
-2495
-5674
8844
-8039
-5169
7106
8551
-4147
-9927
3090
2394
-8880
2313
8380
475
-7486
-2366
-5003
-4296
-7024
-5216
-39
2247
6495
2693
-5350
-5309
3787
-1855
545
-690
5829
5945
-6184
-317
-8891
9252
1946
6194
-3238
7791
2294
6858
-5171
5069
-6281
-6137
8144
-6146
-6848
3929
-6670
-7723
3049
7408
-4983
5044
-741
-5890
6296
-3457
-592
7156
985
-3759
-6848
9809
-7053
-8776
9570
-6092
-1531
-5633
705
271
-1323
-3035
8749
-365
-9115
4045
-9276
4710
2457
4324
8225
-2649
-5513
313
-4955
-4498
-7167
1960
-8461
-7214
2011
-8054
315
1131
-7926
-723
8520
2161
-8588
-3826
-9525
-8202
-9779
2004
-3648
-2490
-3041
-4645
6152
1820
5505
-3237
8306
-5459
-7381
1948
494
8048
654
-9106
3668
4372
-2160
2761
-2341
3091
-5591
-880
5134
-5800
-8023
5547
-4818
9101
-5199
-7809
-6305
9505
-8966
2018
-7310
-3176
7071
-6090
-7069
-5417
3239
7181
1552
-3703
-9020
4187
-4762
-5165
-2035
-3428
2490
5269
-1734
5149
-1479
-2299
-9028
-8931
-9612
-4542
5006
2064
-8063
5173
3183
-248
-9461
5022
-7706
58
8897
1931
9340
-139
8668
1580
4483
5694
2110
-4575
1355
2628
-6669
-6877
-6880
-1294
9017
7326
7207
1620
6810
4593
-1807
-4349
-3643
-4268
2138
-9531
7545
-2520
6577
7656
2942
8009
-6208
-145
-4610
-3045
1528
-1669
2189
-2304
-9455
-9889
8311
-6194
-1361
3754
9216
-8864
6136
-6489
-5709
-5042
2300
-7452
628
3438
2103
3849
8720
-3381
-830
-3491
-9117
9349
276
-1602
-3226
-4561
-3731
-1562
-4113
7709
7881
9281
8927
-2205
-1480
4193
-4941
-3676
-8901
-5519
-3060
6012
-154
-1297
-6933
-1136
-2166
9909
7884
675
-1183
-3725
-6208
-309
-4094
-5530
9502
-3271
1321
-9337
1962
-9004
3851
7953
2534
4520
-9114
8083
7488
-1007
7342
8909
2481
-9465
-1838
8269
4560
-3246
-678
7975
1392
5727
5585
5706
-8193
6073
1695
5887
-6795
2752
939
8723
9280
342
7713
9322
-5538
-2100
-8446
-4261
-8349
520
-4563
6746
-8791
832
-8484
-1225
-3625
-272
-8025
-2038
-7487
-5467
-9860
7955
4303
-1277
-7507
-8485
772
-2563
-4928
-2656
-2121
4086
6664
4430
2066
3691
-9101
6528
6349
5996
2569
6231
6801
-7774
3782
8800
-7581
8944
-772
154
-9572
-2778
18
8160
-523
-9203
998
6797
7458
7707
417
-6720
-2947
1019
-7836
-4341
-6692
-8777
-6731
-1756
-321
4780
-7690
5504
-6320
-3576
7027
-8697
-2742
8491
9445
7547
9700
-2703
4528
-3425
5690
-5928
-9423
4103
971
-3768
-2663
3997
-7743
-7596
-460
8582
5527
-4963
-3357
-2402
4182
-3285
9047
862
-6181
-6031
-677
-4271
3277
-6310
4808
468
2623
-6451
7172
2207
1454
470
-2154
-9879
2127
-2454
9541
-3931
9604
6934
369
-4615
-9655
3124
2966
9448
-2563
9618
2952
876
-2648
-9629
5789
4528
-9713
2137
-7880
9143
1104
286
-6733
6279
-8474
8170
-683
5940
-6746
4410
-5705
-5267
8627
4009
-2605
6816
-5009
-7953
9883
-1817
5046
-5218
-3550
-2728
5413
-3276
316
-4578
-6337
5022
9201
-2764
-9872
-2104
277
-3871
3754
-4256
-1634
7111
-455
-4435
-3762
506
8315
-4669
4369
-4374
156
-5808
-1580
-2764
-6428
-1570
-9746
1129
5915
-5757
-5112
5153
5958
7109
-830
9246
-3843
-1033
2195
9688
-832
-4886
8555
-8883
1603
427
-7262
-6399
7391
-5777
-2302
9599
8464
5123
7913
4436
9713
2210
-2092
-3768
-1575
-7784
-6611
5130
-5493
-2897
-7990
-409
-2341
6922
-2787
-146
3166
-2010
2815
1004
-6469
873
-6531
-6562
10000
-9868
6475
7090
-211
-7892
-8674
9357
-3457
1669
9391
999
9038
-2370
-4993
-8598
4595
373
7175
-9463
-6409
3572
-9094
-6147
-6773
-153
-3244
-2348
-727
-4481
9606
2027
-2943
3642
-6332
8902
-8343
-9132
-6837
8331
872
-7768
9565
4076
2707
-9437
-5041
-4590
-1733
767
-3827
-8180
2707
2531
5838
6800
-6724
8518
2200
-4349
-6683
-6005
-3557
-4709
7074
9270
-416
3372
7250
5866
-2078
-7638
-1197
3
5650
-8288
9928
2814
2934
-1129
1054
-6284
-2212
8537
2681
-5766
5491
4908
-5798
-2491
1400
-5456
-7636
4104
-1175
-4966
7222
-7503
8135
5678
-3430
-766
-8001
-401
9904
-812
-3572
-5433
-1258
453
-3813
1171
-3329
-7955
-5246
7843
-7190
-8138
-4868
1454
-2751
4525
-9571
-1853
9777
257
1219
6647
2279
7595
-4291
1127
2482
5089
-5091
-7868
-8647
-3219
-2534
9008
-2948
1677
-7349
9783
9084
6075
-6395
8604
-86
8734
3698
6980
-2171
-8759
-2335
9818
5500
-476
-1404
3907
-7143
5892
-6802
5479
7229
4594
-3710
7230
3595
7772
7840
-5484
-1365
9628
651
1790
-9689
-2634
-4725
124
4319
-2887
-2595
-9109
7971
4850
-5917
4591
-1765
5923
-6248
-4927
-3416
-879
-8741
8546
7355
-4674
1531
-9543
418
7238
3742
9665
2008
3873
5603
7749
3772
5864
-9313
3537
-6655
-9827
2180
-9100
528
-1459
8467
6215
4829
-6645
-1733
-811
15
3034
-9205
-2084
3959
7903
95
7702
-9013
6773
-7633
289
-1170
-6943
-1349
-1442
-76
1216
3716
7441
-7861
-9850
7734
-3076
6172
7113
2410
-8555
3063
-3830
-633
8039
2041
-7362
1394
5857
-8080
-606
4742
-379
482
-6690
-9234
1354
6110
9600
-5507
-6163
-4165
-6838
-9619
-1361
1867
-2228
-5006
8827
3568
7717
1592
3860
-3512
-5774
-8951
218
-3436
-1179
1567
-1245
9400
9746
-1893
-8984
2377
-1722
3704
7296
-4944
2201
8903
6101
3725
-5671
4590
-5285
9760
-2422
-5169
2376
1611
-676
2003
-9223
5877
-4430
7607
-9773
6648
248
-6145
1383
-5287
-5304
9245
1594
-8025
7113
-4882
-8703
-7838
7195
-1539
-5432
1709
7188
2786
5385
-8963
3078
2615
-4849
-4240
8798
-80
-3733
7177
3172
1989
-2181
-3354
-7375
-1054
-1003
-3259
4797
3128
9367
-2371
-3945
-5473
-855
3519
-7492
9857
6869
505
1253
-7013
7356
5519
-9350
-8015
-480
9603
-8657
-5325
-2754
-9909
-8055
-538
-3096
2410
-4453
3450
-4011
-5382
-9731
2072
843
-3187
-7787
6707
519
924
-5048
-9459
9953
-3557
-5781
-7644
9376
7903
5905
5202
7236
-4349
-7194
-9967
6210
-4031
3788
6450
8593
-9636
8323
-7727
213
3344
3002
-8934
6723
2179
8064
-1818
-8755
3439
-8128
-8698
9986
4634
-6394
5974
-5538
-130
8854
7229
-1187
-4879
-1686
-7828
2211
-5126
7559
-2324
-7233
7309
-1913
1779
5417
7256
9910
-5910
-5995
7560
3737
1353
2914
4011
2384
8331
-6364
-8297
7632
-5368
5858
6783
-754
8969
6550
-5135
7711
3530
-7103
-7503
4097
7782
-1188
3700
-9650
9990
-6966
7660
-9448
2400
4601
-2861
9087
-9884
-4055
-6645
8773
-3547
3614
-1647
9527
8756
-22
1540
6391
2182
5207
7659
-9636
669
-8469
-7808
-8539
2732
2647
-7314
7576
-4120
-8362
2391
-3184
1466
-8520
191
1078
-330
-7232
-5963
-7966
-9948
-3730
-8051
7172
-2361
2296
-961
9317
-5005
-3579
-3478
564
7791
6625
7826
-6648
-2717
-961
8989
-7855
-9076
4324
4754
-3075
896
-4195
49
7472
-6649
-8163
-5602
9212
-2819
-6979
-5118
-4994
5961
-3419
8820
5354
7982
-1927
-2213
-6581
9834
-4509
-2923
-4906
-5406
-3344
1346
-9833
-5003
8025
-3095
-4582
3582
8407
4592
-4973
7016
-2285
-2522
-6181
-5803
-3464
2685
9452
-7710
-3385
1914
9789
-2428
1312
-7903
-4864
-273
-4329
8896
7958
-188
4638
-3422
-5749
95
5108
-8184
-347
9878
-158
-4055
-8730
6985
6897
-4155
7624
-4472
-504
3952
-6607
-4677
-2884
610
390
3623
-3387
-1399
-1778
-5329
266
883
2438
4473
-2017
8799
9778
9095
-3366
8604
5481
1909
-3091
-8730
5390
-2075
-7624
8248
-4672
-8989
7758
-9564
905
2041
185
4786
-1373
-6846
949
-2505
9150
-9691
6635
8835
7398
6835
2469
5634
4281
-3820
-7744
3923
4102
-8310
9740
-1875
-8690
6425
2358
9387
-8780
-585
-5449
-4126
8298
-7670
-6574
9775
-4449
630
9264
2420
3681
-5945
-7870
-5882
-3446
2653
9558
8757
-9403
1018
-5589
4965
5349
5102
6876
-9346
6433
-9070
509
-5892
1935
-6832
7615
273
-2910
-3940
1977
1494
7327
-8604
-9029
1592
8541
-1794
7360
-2673
7071
-4516
1615
-211
-60
-913
2954
6565
8327
-6459
6129
-1237
-4556
-1976
9494
2379
-1317
8158
2120
-1424
2762
8308
-5345
-2250
8939
2595
-922
6766
4299
-5398
-4440
-5525
-5763
1846
-1099
-1806
4485
-6701
-8215
2639
-7318
2995
-1756
3197
-8453
-1340
-4106
-777
468
-950
6793
-3704
7659
-5217
8040
5299
790
-5797
-3980
-8945
1860
3816
-8943
6768
5516
-8061
6275
-8205
8505
5417
4504
7276
906
-8068
4219
-4061
-6086
8509
5649
7282
-4214
395
-2609
943
-6427
5113
-9280
-5749
-4880
4258
-1067
8936
-1001
-4091
3136
-5103
-6636
4241
7856
-5802
-623
-429
4579
-7337
-6827
6291
-7241
9676
7320
2822
-6172
-2333
9697
4005
1524
9805
-8141
4626
-6857
5224
4055
-6885
-7255
-2090
9057
-9164
3874
3445
-3086
-5195
-7042
-3512
343
-9603
-3269
-9546
816
1235
-528
6773
-7529
2920
-8768
2817
-7329
-613
7583
-5508
-4335
-3929
-4555
9523
9033
-8995
3948
338
-8180
9588
8864
-4675
-7961
-8791
-2231
-9418
9613
2505
-141
1334
-2158
-7840
6757
4934
-1427
-6117
-3453
2031
-4885
4736
2825
-2500
-8094
-8953
-4985
4045
8407
9204
8719
3653
-9286
5897
1460
-2850
9078
-9733
-2530
5383
6411
-5101
-1274
5689
140
-9355
4966
-5338
-6888
6093
-8763
-5359
-9223
-1363
-2813
9224
-1118
5338
-1497
-2078
895
-8523
-4074
9245
1314
1985
-197
6776
5908
9654
5385
9274
1945
749
-6773
-1584
-5950
-7793
-5570
-6254
-2303
-3678
1838
-8223
-6330
-5922
4172
4011
-9176
-8361
3201
-4768
-3928
-1735
-2999
-1659
2045
1863
6580
9168
-7065
-8711
1275
-4368
1965
3630
-2183
-9110
-1832
1471
-453
-3112
1130
5036
9077
-1072
-2617
1191
2099
-9681
-158
-111
-3819
8246
-4665
3660
7202
3469
-7466
8544
1028
-4699
-1815
-4360
5299
-562
6712
934
2370
1254
-2584
-629
4587
8851
9465
1091
-8381
-5956
7800
-7464
-6875
-9325
1541
-7253
-5497
7320
-4946
-8850
5219
1873
8134
8350
-2749
-4017
4730
1592
7589
-8121
1362
7006
-9544
9882
2652
-3813
-7474
-5009
7674
2679
-4462
7644
-4725
7902
-5026
-8220
-5874
-8666
8699
4876
1968
7962
-4526
-7529
-2804
446
-2492
-5750
7684
-9247
1543
-8600
-7422
-663
-8917
-4531
7398
3030
4551
-6196
-3422
2636
5077
6613
2671
5706
-9486
3326
-2520
8586
3562
-1977
-3581
-9121
2377
-7258
-7155
-6500
-4894
6296
-6902
3797
-547
4639
7967
7449
-3327
9823
516
2007
-3902
3769
2890
5027
9076
5364
7923
3726
3159
-9888
-9403
7094
8283
3080
7777
-4997
-8818
-1186
-8587
-4300
5856
2641
2017
-445
-9784
-2656
1909
6336
-1837
-8857
-542
-7671
-4690
-5435
9107
9664
-8696
-2943
8515
9545
1335
-9974
1483
8529
-2147
-7392
7804
6033
9673
857
-9648
2447
-8517
-6504
-249
-1182
8057
7212
9278
-3801
-473
1893
7155
6112
-6005
7839
1189
-1704
5164
2468
-6739
6232
-4847
-8719
-9666
-63
109
-4948
-8058
5034
-9844
8254
7692
2053
-3949
2228
-5938
-1129
6964
2815
-8758
-5847
3101
5390
-1306
3608
6956
3007
-9413
-411
8177
1729
-2139
-1140
6613
-8743
1963
-4689
-2287
-979
5094
-2361
-536
5038
8935
5714
-7779
1046
-2426
4756
-8592
6542
-1783
5089
-653
-9181
5153
-5025
2142
2600
1380
-3181
-2507
9573
6187
7539
-3916
9500
-4516
964
2817
5380
1027
4004
-9981
3183
9374
-667
4234
4277
4007
-5134
3712
-8657
-8477
2541
-6428
-2499
8913
6913
518
8440
2002
4652
-6747
-9740
4239
-3656
4735
8109
4132
-8689
-4045
6814
-2278
2176
-6680
-2835
4876
-2028
-6231
-4927
2614
-8985
1109
4999
9927
2556
1004
-7089
1272
-5789
3104
-7057
-2340
8524
-2715
-5016
9469
-7341
-6358
-5950
-3471
-7364
4496
578
5677
4691
2961
477
-4735
4207
-9462
-4217
1699
9944
5424
5814
-8640
7654
7747
-2994
3956
5222
2047
-4669
-8757
743
-9658
3006
1765
1065
-1277
4765
5502
-2779
3526
4846
9603
-191
2605
-4673
-9454
3739
-4835
-2346
1669
1579
-3556
-2322
6947
-2805
-5989
-1792
-5661
-4954
6867
2387
7640
-9945
6455
-8119
6664
8725
-3453
1876
-706
-8815
-9912
2311
8282
-8638
-9498
5270
979
-351
-6386
-2227
-2718
2799
-9241
-2582
-499
6747
-4198
2032
6422
-9998
8983
-4848
-424
3200
7843
6224
-9696
2882
-8417
-4394
-2824
-716
-4278
7850
1616
6276
-2715
3714
-7777
9939
-6326
-4121
4586
-1930
-5778
3596
2436
-7897
6230
5934
-7516
9620
1672
-7572
-5549
-5817
-1578
-6525
2848
-7143
2428
-6273
-5437
-174
-4908
-8999
-1103
8965
-2460
-6852
4041
-7139
-357
-1540
8859
-2332
-4348
4021
4969
1218
7990
8784
4225
-6517
-6301
5432
-8527
9622
2527
-4882
-1039
-1404
5128
-5085
3060
-6327
-5739
-7859
3155
-6834
3444
-5146
-8767
3568
3851
-1660
-6534
-2884
-4098
4738
-1259
9840
4778
-9149
-3265
3800
3712
3672
-2079
-2062
-5407
4389
1157
7248
-6339
7282
6476
3497
5830
-4566
4187
-1134
-1039
-4384
8790
7581
-4341
6558
2857
-5062
2151
-5937
3790
7960
6611
-9469
8395
2116
4523
8934
-8218
-8032
-2109
-4775
5465
4581
-6150
-2089
-1998
6165
-3339
9441
-6089
9228
-3299
-4003
-2033
-6797
-4882
-2072
-882
5925
-8747
3700
-7174
-1555
5319
-5711
3005
5221
-5387
3605
-9860
-1732
-8627
-9914
-1802
464
3946
-1365
7405
6946
-4439
-3849
510
-2565
-448
266
-121
4581
6418
3604
6037
-1874
-3391
5817
4507
-3201
-7372
7712
6639
-5404
-2787
-2248
-1938
-9346
-5704
-4806
-8821
-5045
-3976
8331
6239
443
-3442
-5605
4533
4897
6806
-234
-998
-2379
1912
-809
-4675
4095
-2298
9749
5316
-8897
8290
-3229
6590
-9485
4331
9088
-6597
-8547
-8253
-9132
4542
-9479
7715
8277
1278
-2431
8077
6135
-7376
7686
-9888
-9340
2802
4733
3057
2143
-6243
-6944
5102
5486
1328
5396
2583
3769
5787
1135
8153
-7030
3900
2876
-6674
-7256
-1535
2951
-9643
-784
-8434
8333
-1068
92
-1938
-1114
792
9544
-6528
7044
2472
-1574
-3840
-8189
5543
4943
-3717
5247
7091
-6705
-9536
-41
-2412
430
-1310
3047
3389
2531
-3750
-5190
-3174
-1920
3417
-8000
-3809
6881
-4090
1085
6931
-6782
7984
1972
-9047
-3518
4484
-6289
-7096
3924
-2185
-9431
-9135
-7553
-7215
-7485
9395
-9584
-7410
9411
663
-2233
6649
-1363
9057
-5786
1116
-724
8456
8888
-1712
-6667
-4278
3624
1418
6175
-8203
-6662
-2178
-7323
-6245
-308
1039
-4167
1926
3737
-5364
-97
7304
-8237
-4553
-4927
9881
4026
-6689
7457
-1805
-1754
1310
283
-5008
-1200
-9808
9724
-6827
9493
200
-8326
7430
7138
5255
-8813
-3727
-137
9357
2039
-9347
-8022
-8098
5377
4048
-903
-3139
4498
-4179
4753
4222
9438
5005
-2939
1725
153
-5873
4707
5823
480
4435
-5740
5880
-5520
-6764
6820
-4680
2704
-9099
-527
3194
-8291
5902
1850
-8083
4546
7708
-7634
-7764
5634
2128
6476
-8758
2781
7742
-667
-5427
-18
7172
-8702
260
-5095
9448
7437
9973
-3009
-2824
-3093
9571
-6908
889
4989
-42
5917
-3808
-6916
-1690
-4307
-2112
-8516
-772
9624
5913
7586
3752
3159
-9668
2987
1159
-2787
-939
5973
8417
6351
-6144
7365
8139
-196
-3368
-987
-7492
5033
1888
6939
-4163
-1623
8268
-988
8480
-1815
-6436
-8819
7168
-4683
-491
3227
-4418
-1111
-2595
-7591
-6148
-5801
-4065
-1638
-1731
-5393
-9185
-3575
-8567
36
-9110
5244
-5795
-6962
-9896
5313
-5357
1677
4547
-6261
1822
-1216
7844
-1829
4580
-7002
6699
-412
-7308
1526
-5052
-5704
-4283
-2281
-3387
1785
-656
-3217
-1333
2139
-878
-8569
-2610
1011
-3553
-7660
-1734
3212
4485
-3095
8209
-5482
9989
-5192
-6339
3583
-5711
6151
-1728
-7781
-1293
2579
-2282
-8128
-1386
3469
-8990
209
-2276
-787
-9655
1099
-4102
8644
-302
-9463
-699
2778
-6015
5120
-2862
-3342
2378
4388
2822
3525
7204
-109
-8702
-1612
8149
9406
962
8608
-7838
-5251
4664
-9645
-6160
-3498
-990
2315
-4239
-6015
9043
4183
-971
-8117
7079
-1311
-39
9152
-6175
1742
7783
6893
8187
-7230
-8300
4650
-5213
-5072
2977
-4141
-4118
-2193
-7666
-7583
4971
-9783
857
1902
-5197
4906
-4657
-675
9202
-6757
8850
-1979
3078
4233
6280
-9269
-7801
3149
6431
684
-836
2676
6546
-2261
-4011
3346
-1225
-192
-6224
2602
-1208
1020
-5236
-6402
-5547
-688
-8727
-6092
-5907
-177
76
-6790
-4383
5230
-3686
7715
9661
-8305
-6513
835
-122
662
-560
8875
-2935
2168
-2652
3914
-8850
6188
-6882
7866
-8963
2296
-7705
-2333
-6080
-1020
-2941
-2294
4876
1680
7166
5271
2665
2962
7276
7290
-7135
-9664
-9851
2802
8805
5531
5836
-7427
5105
8700
-888
-575
7310
-9656
3034
7225
1420
4067
7204
2399
-3402
-7130
740
-5992
7474
-5233
825
-9530
9928
-3011
6529
-9405
-6685
8154
-3374
-5545
-6421
5649
-5838
-906
-4446
6998
-1606
9558
-5306
-6548
7449
5034
1522
4935
845
-7314
-4310
5542
-5821
193
8563
9885
5575
7300
-9693
4783
9702
-3789
-5834
-5553
-2983
-1816
-2966
-8869
4419
-8062
7099
-7880
-6285
-6805
6812
2980
6660
-6410
2856
-4647
3784
1719
-6131
-3521
-3215
-7758
2626
-3116
2465
3656
-1575
-8799
2641
3701
8048
-1530
9788
8114
8154
-9782
-9146
9838
2180
-1822
7059
-154
8914
6189
9529
6478
-4581
4291
-9400
3557
198
1823
4077
-2422
-9792
9881
-9432
-4180
6804
-9299
-238
6244
7450
-7999
-2845
2834
4550
5068
-3685
-6486
639
-6986
7476
9966
-398
-7510
-3118
-1106
-9583
7551
-1074
2979
5544
-1618
-7006
-3087
2872
6148
7974
-9614
-6159
-4279
4729
8758
1790
-780
-5203
-2932
-5189
-2353
5128
7768
4916
-1500
31
-2981
8258
4371
448
-4611
178
2216
-479
-1027
114
6342
-5492
-272
5911
2208
5400
-8237
-4519
2780
-2716
-8064
8401
9246
2264
6834
8553
-4165
9102
-8315
-4624
-1844
583
-540
-8847
7604
7931
-7519
-8268
-5945
7447
3423
-8596
-78
-8619
-5448
-3319
-327
2630
705
-4704
-1573
3591
-7570
-1520
4636
1865
2601
8235
3631
-6157
6751
9358
-4920
-1134
5763
8
-7112
2911
-7576
6838
-4019
7618
3403
4512
-7897
-8968
-165
-4101
-4742
-4246
9290
-7189
-3214
-3328
6299
-2292
3760
-9933
9522
-6926
-5274
-6438
-1755
-7923
1022
-4257
9523
-5272
8510
8036
-765
-3071
-9383
-4914
-3269
-2878
-4154
-8766
-4893
-1277
-9064
-8273
1752
-9790
2443
3075
1861
-2745
9512
-7352
9748
6458
-4729
-8854
-8557
-6624
4147
656
-6470
6260
-4782
4834
-897
730
6159
2407
9392
-497
2766
8263
-8315
8617
-4227
372
1352
1422
-3448
9057
1762
7833
9534
6049
-429
2133
-9039
9423
8480
-3997
2740
-3742
1559
-188
2979
7615
4221
-445
-4781
-1416
8055
7398
8995
1621
-682
2081
1133
2319
-8972
-8362
-8038
-6215
-5414
7844
4172
-4312
1053
-2904
8800
525
-8479
-8341
-6638
-5977
-7164
-4387
-5440
623
4050
-6625
4009
5936
4882
5299
134
-7617
4649
-1539
8184
3921
-2337
1493
4115
2725
8662
9541
-603
4573
-2113
3631
7853
8722
-7385
5291
6953
-9655
5239
2413
-7038
6278
-28
439
-4746
7785
2519
9297
253
-3884
5045
4619
9402
-3910
5117
3760
-4433
5800
1600
-5177
1336
-8527
562
-2833
4033
-5545
-4065
6479
-1626
1743
8862
-1039
-2201
-2369
-4010
5312
-1649
3914
4426
-3135
4613
-1550
-4399
4482
9883
2546
9446
-5868
2831
1966
-4604
-8120
603
3849
5139
-7453
-226
836
3068
-1381
3311
-3620
-6679
-1961
3673
5042
-4951
-3989
7546
-2410
7109
-309
408
948
9661
-2118
-7287
-4859
-2424
-7503
-8358
234
7744
-3773
-8304
-8233
5032
8208
524
-9450
2779
8281
7429
-2462
-8026
-5039
8838
9991
-381
-2297
-1260
-9796
-6140
-5352
9408
-7933
709
-5503
-6374
-9275
7302
-5556
5648
-4487
356
-6928
-8165
-6773
4529
-5140
-2952
7342
-47
-9414
-6846
-9138
-2242
618
1377
1494
2413
2468
1113
-6549
-5051
9640
2710
-10000
-8137
-283
7570
-5482
538
-6224
-7289
-1913
-6313
6863
-6907
4961
-2620
7734
5391
917
-5026
-8931
3645
8414
3396
-1578
-7957
9692
-7258
-673
4338
5148
2962
5876
-2986
2394
2153
8105
2671
671
-4801
9350
-2014
-436
-8276
-5236
-288
-9966
-5210
8148
6258
5865
602
3703
-9600
-4171
9820
2371
959
9709
-9487
296
3386
-6067
-6332
9788
3470
1643
9167
9298
-851
8193
3386
2910
9415
523
7154
-2054
8850
2008
9466
2089
9096
-2857
-9729
8124
5767
7126
4405
7614
-3790
3530
-8321
3093
-4515
1343
-4273
-6140
-4315
-8765
1907
-3951
6710
5485
2839
915
3652
-9420
8113
-6383
-9704
-6161
-4377
-6763
2152
-2230
2586
8589
5583
8574
-4689
7523
-7088
-2968
534
-2770
-3942
690
6766
1107
-8520
-5915
3792
-1424
6022
6103
9247
-3300
-8295
4949
9241
-6915
1664
-2835
9273
6487
-4729
-2158
-4240
-4741
6027
-8702
7084
-1006
9107
-6575
-6721
-2712
2248
8867
4488
-3283
-6999
-5957
-5182
9847
-1927
-2133
-3644
-5425
1257
8582
-1316
9891
8557
-5835
9857
3811
-4671
5708
-5644
6065
-4035
645
-3040
-2023
-9789
9269
-3517
4227
-1742
9391
4468
-7818
6831
-5532
7082
6781
-7021
9685
7944
-4865
-6543
-8566
3427
-2264
-853
3055
-7126
8231
4795
-8277
8352
1876
323
-6487
578
888
2591
-5308
4653
2906
453
-9006
795
6184
-1033
-1119
3470
1339
-2936
-8007
-3826
7302
-9879
-8886
-5167
-6476
3199
6516
-6972
-7880
3563
-6048
-3923
432
6088
-597
2357
915
-6535
4824
-8645
2928
-9268
-4220
6260
8218
8665
-5815
-7346
-9780
-9485
544
493
-7877
1137
8461
9456
-6084
1297
3750
9890
6509
-1023
2912
1025
-797
2510
5376
6740
2514
-7617
-2974
1032
-681
-6566
-6689
5737
-5901
9004
2962
8942
252
-9544
-9766
-2129
943
-1851
6083
-2490
3620
-9606
-5421
-3930
-6920
1165
5682
-1520
-9335
1230
1225
1055
-7505
-4132
483
5387
-3341
-5369
6013
9519
-9123
-1448
5588
-8869
-6839
-3639
-9727
-6454
-6147
-8840
8646
346
-2061
5633
-17
-1030
-3631
8829
-8038
-1191
512
-224
5480
-4106
9355
9555
-6242
-7269
7113
-3561
8501
-9216
850
5302
8026
3694
-8048
-9521
6380
-4419
-8199
-2980
-3013
9357
95
-4903
7621
-8070
5825
-6534
8582
1319
-2098
-7063
3958
5082
7873
-7305
7154
591
-5681
-5936
7452
9350
-398
-748
2870
-9036
5613
9662
1015
-513
-8135
-4652
-989
-8215
-9550
802
5046
-3209
-2284
2418
5850
-6981
-4639
2250
3840
5904
-7189
-578
4369
-2546
-7470
933
2763
101
-7864
-157
5990
9791
3274
-2719
4563
4979
5854
-4933
-1717
-9919
-6959
-8444
-3259
-7986
-998
1395
-9056
-6673
-2162
3374
-5285
-9623
-4559
-7320
-9606
-6031
-3480
-546
4833
2221
-5144
-6066
-4373
1402
-447
-6521
-9034
3373
-2439
-962
-4244
1836
4861
6296
3368
4207
8479
-5237
-663
-9234
-1729
4903
1484
3785
5561
-3540
-7782
-2215
-8991
-7095
-190
-6764
-5713
5213
9015
-7535
-3889
1780
7946
-9805
3547
2587
1939
-3543
-7743
-6886
-9194
-9624
-7641
5197
1288
-7910
6335
-9499
3673
1295
-7812
-5541
566
1641
2451
-6472
3503
-3568
4872
3204
3694
1143
-7334
1358
-28
-7131
1933
-223
-3089
5164
4287
9075
7405
3797
-9905
-7238
8406
8250
697
2934
-9173
464
-6009
5026
9237
-7483
-4374
-8243
-3620
3799
4940
-5069
-3371
1923
-7509
7685
-1771
5612
5579
2496
-432
-8956
6331
-6075
2784
-5083
3059
7362
6781
6312
-2868
6746
-7189
9288
4722
8065
-2488
-2519
-3242
3362
8260
4650
-8976
-5454
-9445
8113
4562
907
1282
6713
3147
-229
5924
-3061
-8233
9319
1180
-7973
8057
-9005
6788
9469
-2997
4067
7192
7574
-6353
4500
-5768
3343
-7978
-9785
-9591
-1912
9729
6371
3802
5499
1399
1069
6804
-6040
-5903
39
8225
2190
-4996
7981
-1065
-7643
7618
-1105
-5557
-3949
-402
-394
6850
5184
4319
6481
23
-5132
5109
6012
-3820
-6806
7285
-244
7608
3676
650
4714
5402
-4365
-1620
-1628
-5710
6713
387
-529
3009
-7519
6007
6664
7628
-6580
336
-4072
9610
-7856
-280
3638
9647
1191
8891
1269
-8030
-395
-8884
-4781
4508
8948
145
8609
-472
9574
8978
-5289
8573
1040
-7898
-227
5303
934
5584
-3701
2145
1508
-3197
-9546
-5458
-3379
-7248
-1109
1356
-6449
-6000
1485
-3328
8472
-9369
4728
5471
2268
1761
149
-4986
-7457
2817
7683
-869
-3234
1450
2413
8098
-8526
442
-9953
-9702
-6772
9462
8348
-7370
5692
3309
4332
-4246
-4493
4457
282
-463
2632
-8139
5050
7354
-144
-7754
-2992
2668
-2650
5633
-7888
-3166
-5286
1591
7086
9616
599
-8231
-3093
-9874
4713
-4182
-1425
-3077
1693
9807
3251
-3080
531
9090
-3717
-6215
-571
-4428
-1126
-9018
6042
-5252
6639
-680
-7548
-4230
-7243
8261
-7111
-7265
7240
-5952
-4261
-3054
1597
-3815
-1556
-5101
3346
-430
-3867
-6362
3058
-91
8808
83
-5327
-8321
-8662
5368
-3215
-6669
8264
6837
5897
1443
-2063
6383
2670
-6013
9773
-3576
6480
-4564
-3523
3649
-1467
-4878
-6571
4125
8411
9766
3630
-3757
-6089
4640
-3215
-7770
8033
-5490
9035
457
-1533
77
1640
1201
1527
-3650
107
5671
2991
-3906
-5820
2348
-303
-8306
2179
1598
-4794
9918
6653
8402
3765
-8291
-2486
-474
-2085
1367
2941
4182
2936
6677
-8547
-1904
8203
5317
3042
-3014
9282
2606
-2595
4881
1308
1026
-9861
-1423
2971
-804
-7357
-7696
-4378
9376
3400
-8610
4058
-228
-9602
8588
-2532
-687
5057
-9436
2958
8293
9477
827
9515
-3346
2633
-4161
8083
2364
635
8882
-88
-4453
-3746
-2018
6186
6931
-4999
-9376
9697
3499
-574
9592
-2498
5351
9726
-710
2828
6853
937
-597
4317
-7106
-7052
-394
3002
6007
2024
7299
-5216
-9489
-4608
7564
-4330
-5541
3484
7129
-2299
8443
-7510
3867
1258
-7194
9648
-1317
6942
3795
5091
-7993
4803
8864
-3272
-1136
-9381
-9408
1496
3524
-2729
5399
-8217
-7634
-5170
3476
-5462
-1121
-683
-1641
-548
12
6153
63
3508
2234
-447
1071
-8277
-8220
-7986
9060
173
-2810
-1853
-2856
6369
4285
-3717
-5683
-9513
9608
-9629
-8042
4573
3941
2792
-6918
1319
8853
-4823
7861
-1824
744
-7648
7086
2085
662
-1750
-3840
1885
1492
9362
4416
1526
9795
1496
-2837
9812
-8782
-9742
-955
-11
9166
-2749
-2782
-7227
-1276
-8857
7889
-2772
-4698
-5739
8572
-7139
-9622
-6539
-1146
-6878
-4071
-7699
1996
3489
9804
-2852
9255
-7625
253
6180
-5341
4769
3324
2465
5094
-7661
-6158
-5644
254
3782
7441
-9615
8349
-4829
2617
8284
7805
9962
-4168
-396
9859
3064
-882
-6612
9943
-9901
7894
7788
-5583
-9395
-529
-5015
-705
-5064
-1482
-8504
-2940
-8979
-1576
-1030
9617
1358
-1242
6509
-8456
-5604
-4607
8531
-5342
-9141
4590
-5438
-7330
-6457
4560
6823
5477
-8205
6050
-1066
5041
-2305
-9728
-8380
2659
3977
2580
9647
-1121
3862
-7457
1652
536
-8296
4715
-1470
9873
495
-6441
8776
-5969
6975
-9734
-4702
7885
-5676
859
-7693
252
-5372
-9168
-3504
4909
1429
-8407
-858
7733
-2013
-5231
1444
2382
5321
-2719
3878
3649
1390
4072
-230
9968
9577
5404
7573
437
5013
6689
5008
-7306
-2218
5138
1636
-4771
5661
4491
31
-2048
2870
-9494
6820
5541
9101
-4285
-3666
-8262
-153
25
7486
9656
-7040
-8696
-5066
3108
7205
-5898
6780
6697
-3531
2460
2532
3903
3030
-5749
-8303
3492
9235
-9601
-5945
-3247
4977
-5369
-354
-2373
6423
-4660
-6988
-5654
3794
-9148
-9873
-7676
-1063
-6921
8874
8994
-8247
-4600
5848
3548
1031
3937
-8536
-289
-2067
582
-4398
-3261
-7721
8014
8565
4416
-3883
-220
6299
-647
-3356
-8179
-3145
4147
1533
-7018
-320
9585
4178
-3038
-7609
8526
-9186
-6054
-7283
-6858
2901
-8824
1735
233
5815
-7930
-6687
3580
-4526
-8163
6351
-6355
8659
2472
-822
-7254
581
-1243
8343
-4169
-7768
3315
5828
-8700
-2490
-4570
8074
4084
9872
-6974
8325
-5455
-4570
314
2954
2240
-7334
-6548
-3954
5341
-3493
-8226
-1643
-2031
-642
-3120
9073
2844
-9588
-2828
1557
-3164
-6360
7125
-3323
8696
691
-5273
-59
6772
-513
-4617
-6125
-2612
1130
-1280
8441
7213
3297
2187
586
7747
7770
-7761
-7339
5216
-3120
-6298
-1465
2023
9415
6415
6292
-52
-9146
-5396
3095
-6255
2313
1233
-1846
8711
-7096
-4215
-5113
-4573
3976
-6870
6803
2204
8663
-4375
-6889
-655
-4761
7433
-3712
6645
-3572
-4747
-3210
-4431
6557
1557
-8412
1195
-6475
-6562
205
-5118
-3906
949
1688
2597
3032
-5667
-4869
7222
9696
-4009
-6381
-4679
-1949
2981
-4934
-9193
3555
1034
555
1546
-2725
9678
9631
-2968
4418
-3191
-1995
-4089
3432
6322
-3858
-7583
8
-2755
-4383
5877
-8077
5068
-9575
-9688
-7474
6056
4002
4832
7015
7378
9087
5445
-6068
8428
-620
6626
-574
-3296
-6297
4314
-6675
8963
-3650
-7279
-1995
-4499
629
2629
9219
6524
6306
-9704
-4303
-4229
-7471
8097
509
-5621
-9767
-3834
-2754
-2068
2582
5616
5761
-7003
2227
9196
6280
-89
-428
-2298
32
8128
-734
-7923
-6655
-9169
3302
-9487
-319
-1492
5446
-9286
-2771
-9087
-660
-7125
-8656
6357
4726
5158
2790
6271
-952
1183
9258
-1186
-9292
-9626
1316
-1446
-1968
-4328
-6478
3370
9776
2138
-4538
3238
-5673
8423
-9539
-2989
-2003
-5318
-5460
1717
5359
-1402
1362
6315
7025
-9875
1195
-8827
7213
7832
-7129
5459
-3602
-932
-6955
7017
7354
-9018
4302
1609
-6111
-162
-7541
-9461
3369
4445
7058
-2950
4727
-6723
-3803
-9011
-9862
4986
8218
2563
-19
2796
8808
-6546
-7837
6532
6356
437
-5954
-9758
-2010
-362
-3013
-5526
-308
2849
-4777
2902
-1007
6059
-8774
-5335
-9676
-2220
7297
-1068
-9621
1470
-7484
-2439
-4350
5861
-5643
9188
4233
-1240
-7497
8507
87
2825
5141
9584
-2222
7757
3841
1232
4222
-9546
-2600
-5886
-7299
8788
-65
8435
8104
-8746
9829
-6218
9711
-3465
-5498
-8491
9471
-1465
5443
6549
-8523
-6425
-5093
3848
3057
-7605
-6531
663
1859
-6398
2596
-4418
-6820
1368
9499
9072
-8022
2119
-1642
1906
7247
-3502
-9447
3980
-8955
-7508
-7634
1722
-1298
3232
-153
4915
-9463
-1373
-8140
7040
-6378
-2963
1891
5998
2061
-6795
-9198
-8379
2865
5296
3279
2693
8320
-3670
419
-7929
3873
1264
-6130
-3553
8941
6039
-3767
7706
-1632
4418
7063
-6905
1782
8387
3281
1273
-3168
-8315
-3703
-2511
9447
4945
-9154
951
-6097
-854
3743
-5059
7470
-8621
1629
906
7675
2782
6125
1250
-4048
-1568
-5071
1275
9173
-1882
-3297
-5246
7788
-4460
-8949
-9402
-1124
-793
-8935
-9101
8000
-6232
-2644
-2315
4482
-6761
-6654
-7428
2407
-652
-6221
-8993
9336
-4333
-6823
7325
-4750
7584
7350
-2695
-3534
-5692
-6421
-6388
-7667
9662
-6084
-2739
-1957
-7576
-9661
-1366
8564
-1833
2596
-8950
-5267
-1787
8954
-8625
-3733
-1807
-816
3042
2719
-5928
-214
6889
6783
5026
-8250
-2963
355
-7623
9440
-1661
-1441
155
-2357
-5022
-9203
3607
9897
3945
-9368
-1845
-3287
7603
-2481
4027
2811
-7465
6185
-5568
6474
-803
7270
-5263
9749
33
4504
-2293
7332
-837
2516
9420
8822
-887
-6736
9712
-5730
5574
-1597
7862
5649
-8734
5012
8134
-2420
-7944
4782
-2526
6761
-3671
6593
1974
-2948
-114
-9423
4328
7374
-3789
1713
-8883
-6565
-3677
-9568
-6806
2318
-5749
6384
9694
2063
3500
4225
-5594
7419
4148
7035
-3597
8430
1255
2278
-7456
6134
6885
-5874
2472
-2232
4795
5123
-7509
9329
-6780
1528
215
-9973
9489
7537
-8283
-4085
-6936
7144
5020
-1783
-6931
-9216
-7854
-8427
-5486
9362
7465
-5912
7368
5998
-2364
-4413
-5025
-2214
-997
8821
-8925
-9791
-9315
-2968
7152
7791
-349
-3052
1878
-4105
1380
7025
6198
3906
-2644
4157
-5603
-8183
1978
4478
9337
-5025
4033
7134
296
9108
7262
4237
7455
6475
2989
-2898
-7791
6704
8408
242
-4188
4068
-3660
1507
4968
-6450
6976
-7300
4074
3084
9222
-7653
332
-2935
-4693
213
-3414
-5511
-7886
-7678
6059
-4898
-9563
6560
-3174
7242
2891
2200
-2476
6494
-2988
-4266
5431
5195
-3035
-3146
7055
-2661
-4885
-2013
-9241
5238
-4505
-2369
-2468
-2350
5534
532
-5819
-654
-7602
-6957
-8103
8938
-5232
-4798
9464
6357
4267
8939
4334
-9433
3941
-4337
7311
-8754
657
9286
9726
7734
9276
-5821
4202
579
-4127
-2139
-8040
-7251
-3365
2476
780
2505
7788
-8812
9000
3314
3243
6814
-5077
-6837
-4754
-3894
-9920
-6274
8033
768
4827
1375
6965
-6587
1570
-7046
4083
-6162
8175
-1424
-8710
1597
1619
719
-9379
5817
-5301
-9610
-851
-9418
8370
-3646
-755
-5464
5958
-428
-4505
7956
8125
4615
-8793
-6752
-4216
-9977
7187
4270
5489
-7084
-9985
-2021
7323
5934
4030
6327
-8188
6658
4357
4706
-3281
-7900
6322
-7766
426
4857
1313
-3558
2974
-8153
7933
-7088
-4823
-4743
-7934
-2169
-6814
-8036
610
7590
10
-6933
9517
2473
-1757
-8899
9459
5608
3007
3047
8094
2622
-4253
-9371
-9456
-6262
126
-7604
8895
352
-1332
-7650
-2804
-6416
9801
-376
-4995
-436
3152
-2825
7812
-2311
4073
6776
-5009
-9819
-9709
9590
8482
7251
-6813
4369
3303
-4299
3507
-111
4358
2577
-1004
8190
1800
8257
6725
-909
3374
649
7484
-7108
5615
5834
-4749
4899
-9646
-9276
-6316
9743
429
5707
-7547
1534
7136
4276
1657
-9743
1632
-102
6676
3768
5751
825
6003
-5242
7235
-8591
-8847
8097
6324
4701
-9834
3538
-9998
5558
-3403
2767
-899
-2216
-4031
-7858
2974
-6499
558
866
4065
4139
-7168
-26
-4426
-2134
-354
-4241
-3327
-356
-4575
-4827
1411
-8462
-6879
6925
5889
-2357
-998
-5190
4945
4380
-2583
-2676
-1532
718
5926
-1771
-5362
-6905
7492
8160
-3553
-5225
-1667
5109
1260
-544
3080
2142
-8712
-414
5823
5353
-5751
8331
-393
-9412
-292
3803
-7152
-6728
-9630
3320
-1832
-1873
-1499
3504
3764
3960
-1162
4111
5577
-906
5233
1411
5811
7464
-8350
-2710
4202
-2660
-1346
5047
-3085
-4817
-9685
9445
7607
2902
9992
-82
-9948
7225
9515
4807
-3544
8303
1587
980
1892
-2213
-9650
-4998
-7146
8250
2140
-2524
-5013
-3698
3868
-1021
7326
3082
-4722
-3414
6322
-5365
6827
-8622
-4301
-652
4327
3266
8807
-3707
-590
600
-9889
-6115
3787
8470
-6741
-5051
886
6922
-5556
-4111
3311
3395
5575
125
4659
2048
2946
-115
-6711
-2307
-4198
3902
-6462
-9159
5502
8969
6862
4239
301
5507
-7043
1772
-4155
-6536
-4916
4151
533
-5217
3830
8140
-2033
-8996
-5181
-1586
4460
-8531
-2860
7628
-2463
-6230
8551
-9695
1110
4490
8279
7676
9720
-280
-750
-1656
3500
174
-7203
-1666
7984
-4213
791
-5068
6165
4527
1814
6229
-6993
-8149
-5057
-2383
5836
-2986
-3054
6316
-2099
-6861
8350
3741
-4539
8876
-9692
-5247
933
6318
-1867
-7830
-4597
547
-9106
-6905
2731
-9916
-1205
-7028
-3798
-7031
8483
-8420
-1443
-3781
7406
548
-4629
-7649
-4303
8252
-5357
-6346
4363
1800
2753
6274
-1516
-8368
-7936
-2433
-938
8803
-7326
7485
-9892
6980
5838
-2571
8386
-1633
-6257
-2210
3246
6185
-8441
-4505
-3929
7459
-1724
458
8349
547
4511
6910
-3848
-9061
-1019
7154
7634
7937
5179
2316
-4393
-7324
4993
4920
-6739
-7215
-7006
-9925
-8683
8543
4410
2524
3836
-7474
9318
8450
-1033
2920
-9835
-3621
6500
-6834
1908
5629
-5606
-1479
2551
-8482
760
-5680
1463
9858
-4607
-5008
4215
-7034
7202
-1326
7681
7682
-2460
-2246
-1971
3353
-6481
-5587
-4040
5021
-2020
9984
1153
5856
-8624
8313
-2138
-5628
-6702
8438
8919
5953
6347
2595
2859
-7926
-30
-7850
-2535
9292
8190
-1670
3048
-5251
6831
-2821
4755
873
6099
-7650
852
-1273
9219
-3358
8636
-9774
1873
-7519
-8483
-3450
-8580
7864
1749
-6172
4075
-47
-5666
4390
4671
5684
-9093
7551
8500
4077
-5754
-8646
-9527
3400
-8612
3971
167
20
-2606
-3967
2301
7142
-2697
4575
-9035
5892
-7166
9381
313
154
983
2718
9713
5360
-2233
953
-9177
-9189
8468
-1514
-1395
8953
5034
-6221
-7965
2744
-3290
421
-7410
7235
-9368
-6184
8130
9233
-1794
-4403
-4798
-6315
-749
9461
-5414
5556
-135
7741
-2390
-3416
1341
3523
-8845
8263
-9145
-1092
-1959
-1886
4577
-7431
206
-2826
2815
7152
5889
4435
9787
8296
-9277
-6542
-8848
-7023
4955
8344
5052
173
-2866
9001
-3612
-4865
3894
-1454
311
-704
-887
4166
3238
-5048
-7893
6782
-4975
-1314
9622
-5366
-7091
8239
2677
7284
-4938
57
5513
-6642
814
-3259
-5817
31
597
7133
-8546
-5498
7033
4485
1935
4300
-3526
1254
5232
-7924
-8585
1957
789
-8548
-6685
-5774
-2718
9025
3419
3913
-153
488
8424
3995
9489
-2260
3706
-2161
9684
-8256
-8390
4844
7850
5087
6107
-8161
-2829
-5457
2733
7749
-3322
-6133
3129
4854
-3431
-6164
2668
7123
-8807
2075
-5162
5250
6728
-9930
2293
5681
-4290
5559
9963
-8762
-9027
7565
-6084
-5926
-5909
9041
7899
-510
872
6856
6375
-5226
4983
7997
-2054
5389
-7923
-6934
2206
4342
-8103
-3672
-7136
-4635
2324
6237
-9665
5586
-4021
-8034
-9787
-1506
-934
-1982
8216
6208
7676
9342
-233
-5256
8417
9179
7562
7984
-8287
3747
6534
-7580
2427
-6673
-2267
-5837
5201
-1891
-348
5105
-5354
-8904
5159
4400
3549
7026
-473
-1749
5550
8518
59
-6504
734
-5003
5189
-789
-4822
7618
3443
3699
8668
-4698
6869
2734
-876
1831
-4571
841
948
-5546
7142
1089
-7895
-7220
-5470
2184
8909
-5
-1958
-4412
-7743
5689
3965
-4294
-1358
-6515
4733
-2067
-8468
1442
-6282
5805
-9229
3923
-7240
6602
-9419
-3870
1925
8782
-4091
-9693
-3806
9279
-9741
1125
-4047
-1216
-8084
7758
1393
-1696
-2827
-6555
-2120
-2193
1685
-6302
-1836
3599
7704
1675
-3651
-4090
-9835
-3332
6370
8958
7494
2063
8662
6222
363
-4233
2879
2856
3297
-7942
3693
-6122
-1305
-5685
601
-3444
6589
-6656
-6769
-5311
-8212
7651
-278
-107
-6688
-8203
5649
5761
4916
1964
3400
-201
9767
462
2713
1418
-5551
-2988
-147
1694
2821
6953
7758
8602
7664
7188
-9328
8511
-9838
4673
7302
-2677
-1345
7441
-6326
8206
60
5610
-7961
4987
7633
5557
6558
2855
-7144
-6509
-1279
-7095
6174
-8663
7794
1897
-272
6190
4800
-8454
1459
3917
7917
-2007
9795
3222
-5717
-2018
-156
8606
1373
-4218
-1409
1995
-90
3687
9419
561
9319
8717
5353
-9310
8391
3882
771
-4021
7633
-8246
-1283
-7316
-9348
7972
3881
-5040
7726
3757
3241
9867
-6557
9071
8338
4412
-6711
-1626
-5836
8771
-6420
8804
8844
8118
8129
-4417
-4411
5096
2150
-6878
8635
4281
-5576
-5209
3789
2274
-5551
1484
1224
-3824
9956
-9643
-5795
3311
8010
7016
-3300
6579
6943
-7493
-5938
6434
-1091
-279
583
8265
-3427
-2728
-2876
-9325
6103
-3901
-1422
-6556
9470
-9793
6348
-9735
3516
801
1015
-8789
1811
-5457
7748
7186
6990
8931
-3949
-2012
-2245
2093
-5382
272
-7936
6270
7743
-4566
6856
-984
2104
2739
3731
2521
1928
6119
3407
-5484
5312
-7124
-1440
6508
-655
-7652
2456
6771
932
4926
6416
3714
-9939
-3101
-3842
6890
-6637
-9491
-4064
-8968
9875
1320
-5125
-3567
8845
639
2696
4982
1315
8894
6947
-6512
4642
8821
-7936
4160
515
710
9579
2498
-6574
4297
-1537
6253
9836
-6279
-1469
-7247
-6863
-5096
-316
6463
2244
-8694
3933
-557
3463
9463
2141
6715
-3472
-1362
3920
4242
-9261
2080
-1130
4393
394
-6938
-8569
-1429
7062
-2885
-7813
-7025
4382
8995
-9157
8079
3083
-1940
-1877
8593
6774
-9889
5788
-5977
-8217
-4587
3867
7658
-4848
-6058
4351
-3923
760
4443
4706
-2591
-3955
9869
2830
8021
-5286
5897
8174
-1050
-6269
-4100
-692
-5848
6781
3910
-6497
-8877
-7879
-9072
-1158
3689
-6156
-7756
5820
-463
4470
-7364
-8127
-1006
-3931
-2262
-4540
8720
-4503
-1703
-9719
-8749
1745
3293
-4993
-2558
-4778
-7183
-8915
5781
-3838
6019
9575
6128
8581
-5261
-213
-80
-6612
-4820
-2166
-944
-6293
2849
-9953
3668
-3305
-9030
-7534
9330
3996
-3789
-4607
4498
203
-6946
5919
6978
5285
-7970
-1149
-9724
-3564
-1920
-1888
1281
7865
-1655
-6095
-3412
-6172
1069
1254
5072
7358
7232
5788
-55
-4811
7433
-5556
-280
8414
3234
-9959
-6562
-2719
-6582
-6012
6820
2843
-1098
548
-6872
-6160
-7907
-8288
5163
-7138
1330
5364
-7151
-2661
-1874
6829
-9427
-7696
-4926
9443
8598
-6138
-8785
3988
431
2120
-1421
-3592
7253
-6600
3871
6160
1446
6896
8109
8673
-7721
-6857
-7303
-5834
-6851
1223
-8438
4105
636
-553
-6176
745
-2387
9787
1460
-4529
-2205
-5547
6366
9102
3416
-6398
8502
901
-8383
7750
2702
4386
9034
-6965
-7672
-7856
-4830
-3279
-5923
3471
-2119
-3756
-7830
9740
1064
-9165
-1175
1456
-4329
-4539
8018
-53
-1471
8843
232
1266
-5803
354
3364
2727
-8480
-3163
-8732
7863
265
-7466
-7125
-5222
296
-2428
3129
5535
9801
2146
2913
-9613
-173
2456
632
-2140
-8291
7787
-8455
8118
-5683
9664
2658
1851
6229
-6891
-6433
6628
-7688
-2759
80
1425
2708
9696
-1200
-6642
-3150
7762
7281
-29
-6651
-5045
-7091
-2961
-7898
2354
3654
-2922
-1498
-8190
4387
-4204
-5895
4811
8732
2310
9448
-1620
588
4690
-3730
7840
-3069
-2662
-1801
6531
-7247
4186
-36
1975
-3234
-2305
956
7516
4199
-6461
4374
-2996
6838
-3163
-6811
-7466
7142
-5125
-4888
949
433
-9086
2324
5008
-7704
1941
2672
556
-5351
998
8207
6436
805
-7664
-1228
9132
6275
-7346
8947
7527
3383
8364
6012
-2757
8693
-3935
-7531
8408
-9439
1259
521
8537
-7099
-2558
366
3558
-1857
-4494
-5332
-1773
7138
-39
2098
5507
41
4433
1665
8463
-2873
6094
1402
4449
9751
-3481
9586
3623
-392
78
9694
4989
7883
-5642
2853
3700
6000
-4542
-7406
-3736
3885
-4060
6282
-8029
3277
-1855
-5770
2326
-9996
-9003
-2309
9810
8421
-8327
6120
7783
7162
-616
-9606
6595
-3782
5219
6835
5816
-782
-1199
-6154
7781
-859
-6676
2229
9615
-7616
8944
6365
9593
-2834
-5597
-9730
1403
2608
-2173
-4081
-563
8088
344
6721
-2612
-7693
5074
3699
-3368
3573
-6667
8171
-4370
1895
3714
2262
-6868
-5310
7505
5772
1334
2696
-9143
-5384
-2140
5264
-833
9465
4646
7008
1391
-4353
9322
4203
-77
-748
6590
4921
1446
3136
9460
-6248
6084
729
5136
-1707
-8044
6829
5409
9933
2688
-7286
-6570
-4776
-2887
7048
-4814
7603
-8122
466
6610
-2738
985
4633
8396
-9812
-8337
-1060
3
-4723
146
4189
3087
2794
6613
7799
-2995
-7083
1235
-4307
-4693
8669
3593
30
8407
-8837
-4470
-733
-8800
8551
-9953
-4262
-1395
-7518
-9281
4716
6928
-9995
-1871
-9627
-9980
-1288
-9219
2942
-6578
-6156
-6907
-6228
-9456
7546
-4338
9923
5368
-6460
6732
4197
-6970
4830
-9680
9106
3903
1730
4623
2323
9404
-6176
-9560
7274
3200
-2411
-8783
5145
1104
2909
3760
4092
7845
-9608
8079
4556
-8141
6218
-3798
-175
-7305
6592
8300
-8257
-6246
-3683
-84
-2767
2781
6870
9583
-1925
-8853
6160
8817
-9240
-9993
7359
8708
-147
1723
-1878
-6294
-3134
-6983
4696
-5604
8680
-5530
-8227
-6415
2976
-4869
-4213
3339
-8738
1537
9206
-849
6774
-2222
-2867
-4163
2286
-6499
-9554
-8224
5967
-9861
3338
9323
-7117
-6191
9503
-2967
5111
-7928
8906
-9086
6751
693
3064
-9994
8956
-1163
-260
1534
-4056
-1442
-3134
5061
708
-5615
2342
4689
7887
-1443
2619
956
5347
4002
2760
-135
395
7504
-5313
-3169
1393
-4356
-209
-1260
3455
-9437
5838
-2154
5149
-1825
1116
-2312
9749
-590
-2227
-6930
-7375
-3503
7413
-8157
-5755
9245
-4151
-3180
4536
-5033
-910
5949
5704
9558
-405
-9597
-4818
4464
5354
5891
-1689
-5325
-39
-6986
1708
-9642
3978
7091
-5464
-7402
9941
3519
874
-726
2070
-811
3642
6486
9420
-4663
6686
-1305
-1719
7269
605
8305
-8203
628
-3755
-6814
-2179
-9199
-7689
-5751
5227
9992
-6660
-7016
-477
8144
274
1326
9636
2104
-568
-3591
-8733
-5825
615
-6674
-3698
4136
-9190
-7930
-1055
6087
-6170
-9723
9760
7472
2581
2621
-7147
-5065
-1301
8544
-2874
-4443
7083
-8774
7233
-6830
2085
2170
5158
2043
2782
5366
8744
-1748
-7505
-3549
7649
2001
1775
-5311
1738
5250
3165
2170
937
725
1736
7458
-8709
4788
-2181
8150
-4642
7356
-8417
-2035
9531
-2166
-9636
-3155
1475
8528
-1255
-6729
-1177
5716
-1669
6047
7679
-5057
5022
6806
2923
-5460
-8962
116
-9596
8525
65
-7883
-2756
-3420
6398
-7771
-5857
-3445
-1468
3335
87
-5886
5868
4106
2789
4393
5237
-900
-3228
933
5103
-3579
-3435
581
-3911
2678
-3064
9260
-1565
4128
859
6518
4267
-8630
2532
-2505
-5731
3830
7323
-7786
4623
-5303
-8775
3635
-3850
-8066
3309
2573
-7898
9194
8642
459
-2846
3502
-7077
-6759
-6073
-7536
7847
6969
-2808
3802
-4376
-5888
-4429
-6207
2220
-4491
3129
-7993
-8652
-8942
9399
-6211
8500
-1666
161
-8306
1614
7957
-632
1653
-2761
1030
2054
9148
-543
4070
-9376
5239
3206
-7317
-8459
6215
-3420
-3504
-1199
1797
9768
-6220
2032
2773
-4319
7464
-2390
8589
-2292
818
-5497
-4931
-3277
-9486
9946
6275
-3547
2526
1220
-5181
4068
3871
1805
-4360
7969
-4437
-2935
1585
-5649
-6769
87
6860
-8743
5150
4608
-3447
-5363
-8333
6585
-2023
-9056
-3814
-7180
2683
6812
-1632
3685
5135
-9398
9118
498
2309
9282
4830
8822
7151
2923
-4253
-759
-2450
297
-4443
1753
-1337
-911
581
248
-3707
968
-6631
3179
530
-3572
-2818
2084
3018
5955
6046
914
-3357
-9377
-7149
-3625
-9359
-3234
-7567
7981
-8458
9794
-4422
3705
-6805
84
2913
5765
5659
-2568
-2714
3893
-3776
6430
-8963
-4768
3952
3582
-6669
9283
-8807
2444
-4109
-8351
5835
4148
9890
525
2552
-5251
-212
6630
492
-159
-8375
1331
416
-1121
9471
-5060
-2426
5346
4627
7284
1292
-7987
4007
-745
49
6188
-5576
-5140
3537
-3402
639
202
-9968
7199
-2416
-9167
5390
2938
-7998
-782
-402
7538
-2753
1536
5416
-1252
-164
-1569
8708
3258
7933
-6133
-9502
9130
7008
7785
8117
473
3504
-762
-1595
1110
4312
-7426
-9866
9191
-5950
-9953
-3195
-2634
353
6887
-461
-5528
4587
4223
2994
-6717
4996
-2112
943
-8463
-7177
-1236
-7870
-8343
-7322
-9691
-9418
6513
-9759
8993
-9888
8631
-3266
3605
2298
7516
-1105
4239
-3384
1355
-4259
2518
2301
-5601
-832
2210
-4421
2981
4878
-6943
9831
-4290
-5548
-124
6135
-5498
2944
-9806
6608
-5071
-146
-976
2918
5629
9004
2887
5987
-9955
7665
-4921
2560
7957
-4533
5561
-3839
-2905
4032
-9420
2285
2401
-6994
234
-4329
-3172
4908
-9563
8255
8435
-8091
-1831
3087
2880
-3401
-4634
-8306
6852
-1407
-6810
8913
4438
-3373
4621
2529
-8922
-1353
-3494
-3556
8143
-2752
-2764
7445
9686
1859
3712
6866
1025
2980
-2127
1673
-6901
2818
6162
2858
-5112
9735
-3184
-6827
-4859
-6748
-138
1414
-4328
-5307
8575
-3633
3354
5764
-2826
2457
808
-916
8619
-2010
7163
-8530
1472
3255
-2820
8623
2206
4861
5917
-5139
6512
-9359
4544
5230
-9070
-2499
-6167
-5282
-4552
4284
-5901
9234
3542
-79
-4950
-4409
8045
-6951
6314
843
-7844
-7843
-2942
-1399
-2610
-6761
6270
-1831
441
-1069
-8936
2449
-9427
1886
1662
-3473
-3233
-9263
-2434
1444
-7800
2494
2673
-2188
1727
443
4664
8294
3199
9844
-4513
-7214
768
-9234
6753
3339
8537
6196
-7912
6833
6550
1836
-2943
-5070
7293
4778
-2818
8434
-4248
-7826
5080
-361
7632
-9769
-1109
-8693
3036
-9863
-843
-2743
-5080
2343
-1178
-7144
5694
-7785
-7343
-4113
-2600
-821
1065
5746
-3515
2530
6170
-1290
6289
9477
-1453
9584
-4075
-795
-5951
-9103
1376
6984
-8754
-1322
6403
-8459
-9428
-9236
3514
5575
-2290
7573
6913
-3778
-8710
2736
-9645
2885
5967
7966
-9555
3342
-1143
3795
-5421
-5635
176
2018
2942
2655
-1717
-410
8829
9623
-7759
5540
-190
-5029
6990
-6168
-15
4664
2458
-7796
3369
2979
-8015
4370
562
-2631
-5326
7685
-1873
-7195
-6503
-8351
-2604
-3634
1994
1397
3636
1798
-9738
-2396
3333
1045
-1152
-2346
19
7752
-5515
-9577
-8559
-4091
-782
-8050
8548
-5860
9995
-4945
-6259
-1185
584
278
5509
-5349
-8532
-8821
4701
7223
-6292
-3996
1313
2258
-9332
9618
350
575
-9759
-7659
-5142
-8160
-3492
-8156
4970
7841
8436
8822
9231
5497
-3385
9517
7518
-6461
6268
-3336
4490
-279
-9011
9841
9798
4576
-6916
906
6168
-4139
-4402
-3062
-1720
1489
-4568
2049
1561
8032
-3758
-4833
-313
-8069
2233
8498
-6033
-8257
-8151
6226
-8721
-7045
1646
5511
4264
-3853
-7165
9121
8091
3435
679
-583
8786
990
7057
-4981
715
5562
2998
4637
8086
2297
-4225
-9929
-1670
1453
-6697
8236
-9186
3882
-1850
70
-454
6790
9789
-9288
-8869
6186
3105
-9118
4007
3551
-6378
2590
7662
511
4705
4153
-1375
3730
-9379
6362
5416
-7042
9417
-4270
5249
7621
4267
-4490
8124
2493
8410
-435
7344
1942
6553
-8456
6622
-9614
-4499
-2460
-5097
7339
-9713
4432
-9288
-6080
7987
1352
-4783
6377
-7009
-4013
-5685
-5499
6129
7279
-2460
-6115
-9997
-1857
-4793
-6977
5718
-5035
-4854
-6871
2931
-5639
-2557
7438
-6676
-4637
-509
-2224
3025
-9355
5104
7267
-4498
4790
-7521
6460
-761
2399
7605
2342
-5139
-5289
7902
8026
-9280
8393
-7197
-9323
3712
7984
5140
6440
8356
-8647
-8643
-196
6030
9721
8591
-782
1224
-7306
-7995
-3033
-416
9344
6468
-6796
1970
-2016
-4890
-45
-6428
5265
3010
-3650
-8607
96
8920
610
1254
-1608
-390
9597
-1281
-8433
-6103
2376
1582
-276
1253
-2144
4516
-8897
-2547
3888
9010
-1117
-7424
311
-4139
-1889
5419
7460
9453
624
1402
-1099
9372
-3249
-3086
-8467
1449
4563
9561
3695
-6484
9684
-948
3764
-4915
3187
-9646
1024
-9623
6877
7173
9356
8067
-5220
4461
-4158
-6281
-2038
-7412
-6752
3461
-2543
5141
8819
-2709
-9255
-1847
-9154
-2775
-9014
-8382
1201
-9894
4327
-3474
-6755
-7083
-3904
-438
7045
3666
-3480
-1929
4036
5196
-3093
4506
-5993
1538
-5794
-4362
158
1943
-9459
6862
-8019
-5994
-9681
-1708
-4148
-1192
8996
6645
-4753
-3605
-5497
-179
588
500
-6247
-4026
8168
-4202
-4002
1523
3094
-1014
-386
6585
-4075
-4220
1870
-3519
1374
-4444
-8782
8948
183
6931
2966
-7323
-8909
1521
-1851
4789
5627
-1364
1953
-8272
-4860
68
-8773
-786
-4415
-4694
485
7638
-1778
9287
2500
-2193
-5721
3919
5306
4532
-7632
6485
-5496
1388
4218
4989
2899
-1640
4755
2580
9932
-4328
-3257
-4531
4089
-5061
1872
1458
-6283
2322
-929
-8512
-9986
-7663
5083
-1902
-2449
6749
346
2047
-8760
2654
7210
-8156
1063
7876
-6042
7409
-2193
-5065
-5069
6623
8710
-3951
-6134
-6798
-141
-3713
9844
-3817
-6002
5517
2411
8925
-5905
4424
-8846
-9765
1932
5012
86
5670
-5514
4368
8526
-8501
-2719
8654
4851
4361
-6159
4964
-3146
-9979
-4613
3034
3300
6674
-2663
-2066
1796
9569
9287
-4444
-4823
-3668
-489
-4030
-2284
-8076
9401
-9200
5499
180
8184
2819
-1698
-3844
-9623
7706
-6776
-9405
5167
655
-7739
1215
9370
341
-2166
-8266
4623
2676
961
6555
9002
6248
2913
1433
-5939
6091
3460
7248
3938
-3911
4550
-1004
-8038
6734
-7890
-5116
-8449
-7313
-386
-7787
-2290
-9359
8662
240
-8954
3867
-7680
-5919
-8907
-6755
7216
3198
8208
9910
9761
6669
3246
-1898
9313
7610
-8361
-6129
6006
-4262
9029
8450
9178
3187
1297
-4583
-1348
-4319
-8519
-2408
7056
-1490
-3561
1403
-9274
6052
-9484
4243
-3461
1073
6564
6358
-4635
341
2690
2892
8155
6127
-2348
-7435
-7092
-8164
-6414
4897
7800
-6127
-5980
-6280
-3294
-2803
6511
-8024
5711
-2710
-8109
3218
-7493
-6950
-1321
9996
7912
5302
-2898
2831
-5783
-9337
5411
6390
-3547
9709
-2021
96
-7924
9443
-3311
4804
5765
-7516
-4495
3556
-7129
-4870
7877
-9187
9350
8905
6614
9206
6425
9613
-4787
991
-9251
-3736
-4189
5529
-9100
-1504
-5808
3430
-65
-8321
3387
-4366
8043
1076
-14
7009
-3214
5685
-3122
-3732
7207
39
9132
2441
4158
-7435
-8738
6669
-3279
1503
8618
8902
5649
4006
9422
-6264
4339
4227
7276
-9392
2632
-9163
5491
-5161
-2584
-2816
1359
-8412
-6026
-1474
5906
-786
4571
-6386
8339
-307
635
-8426
-6053
6320
5216
9244
-2392
5119
-6278
4100
-5601
917
-1781
-611
-5023
5597
8360
-686
-1680
171
9402
7791
3243
892
8832
7384
5696
-5374
-7646
6007
-5384
-2139
-8226
-9401
-1335
689
-1295
4230
1381
2431
3883
7001
-3477
-5295
4221
-2844
-8989
277
8057
8511
9555
3821
-5819
2862
-3221
-5201
-6352
-7892
1856
-3798
-3839
-1409
-4911
9657
6117
1819
873
-3327
-9801
9688
936
6497
4225
-3435
-7535
-8000
-3801
-7114
2238
2152
4471
9438
-1090
-294
-3438
-2694
-7651
2250
-2668
-3179
-5813
7155
2494
-6070
-8008
-8096
264
-556
-9259
6374
3508
7406
-1244
4781
9916
815
2932
-5584
8333
4313
5411
9944
5733
2207
-6342
-2245
4204
2057
5799
5562
7091
5716
-6270
-6929
-5688
-1584
-6005
6586
9004
-8369
6946
-3260
9670
-448
-6961
-329
3596
4726
-5389
502
6452
-1264
1088
-9301
9579
-5028
395
-2235
-3366
9878
4765
-6255
-8706
-9058
3421
3776
6100
1775
5812
-4082
-9720
5947
3410
8489
3944
5215
7298
1874
2103
7406
-3985
5424
-3601
-3268
-909
3689
-6321
7138
-2161
-6950
-2039
836
-1838
3713
1002
-5838
-4233
-8007
-7086
2020
5194
-8493
3884
3043
4748
6219
1941
4698
-4476
4603
4403
-1777
2513
-3864
9974
-272
-9007
-4675
8407
58
-5775
6873
305
-3075
9600
-6398
2588
2347
876
-3051
2374
1101
-3133
-7593
-1089
9047
7781
4853
4650
-3411
-6738
-1906
-3427
-36
9290
5414
-4516
3137
3864
-2474
-2375
-5221
851
-3219
4239
3038
5612
7412
4108
9515
-7863
-7011
1701
-3278
5570
-91
-1378
8779
481
6386
-6820
4233
4153
-5277
7472
-2414
-8157
3959
5567
2754
8919
8416
586
5969
5098
-2129
6806
-5173
3231
3891
-753
8262
-814
8213
5470
-1105
-6051
-9522
4926
3495
-3034
9989
-800
-1456
1307
9104
2788
-2237
-8517
4378
9564
-8529
-2639
-9354
-6160
-7043
6984
-8606
2539
4621
-5271
3752
-2348
-3204
2848
-4236
783
3179
6905
7864
5934
-1920
-6895
-4436
-6898
5438
2635
-8815
-3886
-2585
-4438
196
8271
-9978
-3700
2162
-8297
1234
-3384
-518
5583
3600
-862
8155
-857
594
8225
-7234
1523
4254
3402
2022
9788
-3622
-3484
8940
221
1813
480
-5796
-3102
-790
8119
3075
4354
6635
9856
-1718
-4007
-4677
7485
-7893
-4720
4439
-1251
-4143
4295
3347
6139
-1617
-6442
9793
-4792
-313
9523
8176
1445
