15780
1381
-5347
5664
-4762
1372
-588
4066
422
-1829
8058
-4515
3206
-7727
2798
-8524
5840
4935
3236
-8044
9033
-6678
-2516
-6004
-5752
7886
-8627
-9903
-7674
257
6638
-5047
9479
-108
-6041
-4523
2184
-7178
-8497
-703
9744
1829
2984
-7856
-9847
-1657
1428
-8836
1780
-3614
1822
4403
6658
-7080
4784
-7734
-5232
7496
1939
-3442
9806
-8968
5323
-4141
3362
-7034
6807
1516
6742
4997
-381
-4902
-266
-5423
6318
2841
1687
-1027
4930
-137
2755
7194
-6364
-2879
-5042
8447
5424
2967
3256
7781
5336
8162
-5603
-7369
3107
3481
-5983
-6284
-4862
-9579
9325
6396
4593
-8320
-8100
-539
7846
8802
-4182
342
3495
-287
6680
-6164
5655
-7255
-9382
7115
4507
7743
-386
-1614
-5684
-9521
4240
-1420
5027
8923
5031
-6754
-3411
-93
8041
-5745
6996
7822
9567
-8206
-5446
-2159
9295
1788
-6122
-3296
-378
-6644
-7977
998
9146
-3521
8390
4808
-7567
8810
-8964
1804
-6755
2195
877
-6235
7609
5464
-8614
2153
4577
-1055
-9747
-3128
3812
-3365
2920
-5127
-6862
120
-3038
3429
-7271
2443
2541
-8577
-4941
-9949
500
1628
-214
-4128
2022
-8211
1819
-449
2388
8828
4906
-5469
-7349
-5187
9604
-9202
6981
-9920
9420
-1239
3128
-7909
-4243
9959
9159
8530
-2750
-9930
3846
6364
2640
-2431
-6432
4023
-798
7761
4485
-849
-4676
-6736
7711
5712
6276
9859
-8051
3736
-3041
3713
-2814
-4968
4043
-7375
6713
9050
-2625
-1011
7290
-454
1969
9473
-8860
-2361
-6400
-8213
-7308
4909
-8393
-5785
-703
-1060
-9913
3078
8232
-8320
-4343
-6659
-1799
3265
-6316
-850
251
1241
9378
2480
-3323
5306
-3113
-2782
3664
-3434
-1623
7504
3857
8484
-8073
6006
-7258
-1167
-8212
-7285
-6766
-2555
-9050
-9257
247
-833
6986
563
2640
-2631
-6450
9908
7662
673
8662
-2979
7562
-8976
1615
4849
3315
-3529
-3007
-338
3962
-2586
8889
3205
7837
-9344
6482
3053
8167
-291
-7204
3081
6536
-8761
5210
-9679
1984
-3393
-815
2453
5188
-9318
9149
9259
-781
9305
-7738
-4657
4961
-2654
3898
-2981
-1642
-3363
7461
3576
1215
8627
-6860
442
7471
-8587
-7214
4835
3470
2227
-1216
-4910
-8075
-7061
-3109
5506
2549
6438
-6095
8687
1366
4888
7810
-1656
-8017
-7876
-1771
-774
-9894
1852
9310
-6674
-4935
1679
8699
607
-1089
-8957
-3161
350
-9948
-5035
-2025
6322
40
-8895
-4076
-9327
-1878
8853
-832
5431
5112
-5638
9721
-736
-1523
-3948
-547
4708
-887
-2411
8405
6688
-6803
4517
9784
3058
-3283
-8567
-5486
8790
-549
8633
-1873
-4051
-2232
-7796
-2399
9747
-3753
9807
-6278
-477
-3268
-7700
-4445
-4611
-1518
-2242
7066
-8837
56
-7937
5926
-4549
765
4915
2877
4636
-2401
377
4447
-544
-3804
-6710
8336
-4326
2972
6342
2142
9662
-9595
-3945
7211
-1139
-3610
-8743
6722
-9754
289
-6412
-4194
1331
5438
-2705
-405
8382
4083
7423
-2416
-8327
9755
-4880
-6287
7266
7189
-3422
7208
4317
-664
2904
4000
-9254
-8485
8121
-8373
7140
-9897
-5276
-8912
-5833
-7242
-7467
2298
-6372
-5704
1389
-7395
-8248
7963
-6203
-4230
-6678
1860
-374
-6682
3968
-259
7854
-8263
-1547
-1256
5264
6864
1983
5537
4256
-2471
6469
-8231
127
9717
-4777
-2392
-7443
-3842
-5883
6173
5326
7402
-436
1835
4270
-9675
2365
-7890
-750
9361
-6532
2401
-8376
5627
3775
1577
-6813
-8401
1780
3187
-6078
8958
-7533
-2420
-6144
31
-9275
-7439
-9701
-5201
9785
6572
6193
-2860
3771
-6409
1633
7845
-8290
-5625
-5089
3178
-5768
6316
2671
5369
-1463
-5670
-78
6691
9404
2714
8355
8265
1859
-8747
-8864
1704
-8407
3324
-2633
-564
8904
-966
9689
-8165
5939
-694
950
287
-9711
-6470
-8458
675
4370
-4092
289
8300
7170
-7967
9499
7831
5653
-5857
-218
1429
2884
-155
-3871
-5344
-7948
8641
-1291
1248
-7878
-3354
1567
2831
-6389
-9550
-839
1472
-8570
3853
3504
-255
9199
1440
-973
-6578
4724
-1582
9085
217
440
6183
8390
6542
-6383
4576
-6454
8507
-4965
-649
6364
7788
1663
7266
-5326
7010
1320
-3936
7391
6396
2706
5889
8723
5587
-2249
4246
-2272
5855
-702
7675
-4275
511
-4627
941
9184
-267
-2623
4313
1583
5773
2925
-2271
9834
2071
3101
-2755
-7974
-6704
-3879
5471
-2665
9181
359
-5338
-5388
9689
-1401
3906
2783
-8996
7062
9867
-7249
5747
-9401
-1821
-2992
8175
-1076
-1252
-6457
-6855
-1950
-9169
-5704
-7626
6257
-4916
4364
8255
3033
-1889
4638
-5570
-142
1170
9440
-2484
6035
-7504
9455
-7403
-9235
6622
8876
1077
-6422
4562
5282
8946
-1846
-7689
-6332
2206
-7039
706
-2493
-1789
-1128
-8074
4627
5823
-4167
4166
6709
-806
-9582
-3698
3863
-7405
-6675
7398
275
-981
5535
-2275
4011
-6745
-832
4618
5219
-2929
-5940
-2003
-7386
-7456
5283
402
301
9060
3499
2869
3894
375
-9902
-1809
-5616
-5308
-269
-835
3570
4448
-7954
7948
-409
4199
2596
-7550
-8074
9715
-2756
-3872
6238
5430
-45
-2718
2056
5271
-2123
5247
-4646
4629
-6912
8501
-8684
6214
-5269
-1193
8436
2195
-7240
3503
-6792
2683
-8921
-6508
8271
7626
-7136
-6335
-3958
3833
5144
946
-5331
-3174
-6850
-6502
-3636
-1211
463
-7198
-7576
3986
-7710
-115
4411
6788
2127
2611
7198
1210
3573
-2031
-7916
-5095
9724
-7336
-4620
-8637
5039
7750
1321
-1389
8048
-6452
8900
5339
-3925
-4211
1426
859
-3501
1694
-5885
6712
-2196
2575
-1335
-9269
1180
6109
8280
9189
-7220
-3468
-5311
-2710
7002
-1772
-8369
7177
-7741
-9885
-2417
4651
2958
-8460
6155
-735
3498
-1932
4455
-728
1382
-3287
9335
6314
1909
-2125
-3978
1018
8868
-4754
-7612
7866
8918
4068
9872
-1105
9906
9831
-3280
3218
9495
-4959
4263
-7303
7431
-1266
3000
1635
7020
-3452
9340
1804
1723
3291
9316
-5846
294
695
-985
-1349
-4284
-9744
-6330
395
-3074
-7014
-3731
3554
-8214
-5596
-8236
825
-3304
9380
5441
-448
7770
-5695
2758
8208
-448
505
-3709
6088
4345
-240
-6710
-5998
5235
4620
-7252
-194
-8108
8051
1208
7975
-3633
-3212
-775
9299
-1617
-2200
-9947
2801
7168
4054
2292
-4070
5185
-5920
3972
869
9323
-2122
9004
-8143
-58
-202
-5158
-9352
-5003
193
-8871
-7587
-3296
4010
4605
-43
-5995
-8851
-6244
9403
7752
9585
5223
-699
7737
57
-1648
-9774
-5283
7875
7727
5855
4293
8117
9277
-9344
-5906
-9771
8339
-2771
-7142
-3144
-6529
-7808
-9554
-9618
8941
-6942
-8242
-1786
-9884
-4086
-1358
233
5711
1369
-7360
1657
-5035
5522
-3400
7130
-3550
226
-9881
9356
4368
-8449
2777
4765
1228
-8564
3490
1059
4468
-731
-9064
431
475
-2491
3551
-1744
8266
-3932
-4995
-4420
-4851
4127
-6458
-3682
-9437
-4647
6064
-8940
1364
-3792
-5419
6757
6850
6861
115
404
-6342
2110
-1242
-5811
-7434
-9540
-6686
-2775
-180
-6327
-7721
4820
5999
8923
406
3150
-6322
-4382
-3299
6493
7212
9265
-9555
815
4051
4674
-970
-959
-8018
6822
-7120
2344
3954
9768
-32
-5993
569
4436
478
-27
-7086
-8177
2949
-5195
2418
8043
1657
-4956
8247
-8205
6596
-8634
-4185
-3976
-3705
-1275
8167
6602
-2255
-992
2889
-840
-7419
-9125
2221
201
-6104
9724
8146
6105
-325
-5221
5854
-9041
5305
-7688
-8847
-8864
2072
4661
8650
5437
-7245
-130
-6503
1805
-1459
6147
-8466
-2975
-2587
-9434
0
-5311
8135
-9710
-2893
-4866
-7356
5070
-694
2686
3654
-7152
-2461
3135
-8645
6611
4688
541
-255
-1835
8735
5607
7621
-8943
3523
9249
7746
9654
5435
211
6038
-3653
6399
-9016
8497
4016
-8710
1977
4685
-4789
8787
8418
6735
-5145
2975
-5409
-8859
-6468
-8854
4744
4462
1358
1287
1834
-6281
1977
7066
-397
6943
-2410
-3329
1421
-9074
1835
1903
3846
-6437
863
3931
-4385
1888
1519
8744
2007
5929
-2962
-5280
-6202
-6063
724
5062
3678
-785
4453
-9626
-81
4179
-8747
-9613
4756
8748
-5159
-5240
-4020
6557
-3510
5373
6780
5963
8876
-8172
8774
5590
8647
9092
-9436
-7387
-3698
4346
-9410
-3037
664
1203
5962
-9350
7133
-1195
4717
-8670
5625
-9219
2000
9695
-4939
-5070
7988
-3441
-4099
-6061
3861
6083
63
3662
919
-124
4168
-4605
2500
6447
7758
-1912
-9887
1408
-6664
-9533
-617
4658
8334
7027
-6787
-6436
-4872
-6200
7657
-5738
9213
523
-8663
8067
4416
-9284
-5396
4235
-3367
7697
2644
-5240
5800
-3102
-613
-8047
1211
-8088
-2416
-8681
-8693
-6049
2445
-2048
8383
1303
-4260
5165
8097
-9324
4774
5382
-5678
-7243
-7458
-372
2397
-9182
5966
-6159
2302
-2292
-2684
-3425
5189
-3002
-6587
474
-7419
2617
-6199
-6478
5595
-8119
-496
-165
-8662
-9584
-4026
1216
2947
1710
-6518
-7362
2433
6419
3551
-4265
-9568
-7046
-2739
5613
9238
-8760
-2106
9925
6645
6643
-1645
7014
-2525
2981
755
7757
-2698
6950
-3481
2381
-8818
-3695
4295
3522
6309
3823
4777
5420
4308
-5317
3439
-8104
7900
7243
-9395
-9519
4978
-8034
-7061
-5672
9446
-9288
-2424
2711
2999
3510
3321
-7706
-3740
-294
4187
480
-3311
-5215
-7160
1293
-3259
-4415
-5979
3585
7571
5759
1146
-5145
7872
6087
2907
-2089
-3472
-3115
8008
717
-2029
1935
-5435
-5607
5118
2939
6123
8178
6780
9900
-1928
336
-4710
-5942
7996
-4626
6800
3004
-4832
-7935
-8581
5389
-9904
-6038
2642
-7764
-9098
8562
-8111
-7372
-520
-7349
1403
-7470
-5640
5163
9985
-9858
-278
-3957
6639
6008
-9719
-8752
9075
5579
5151
3583
-9419
8419
-586
-2705
8880
770
3124
-4455
-8764
-9368
-3033
-426
6584
6366
3333
5811
-8107
-1002
6851
-2600
7560
3445
7329
7019
-3237
7872
3194
8903
2040
-7555
-3249
4317
-9874
-7629
-859
-3027
-3154
-9299
9652
-2862
3559
-7904
-9231
262
-5651
-2163
-1056
1224
2211
-7129
-8250
6431
2024
5968
-5491
-558
-3960
4408
8075
3575
-1229
55
6592
6809
5378
-8945
-8313
-7688
6983
-2698
-9283
5237
-1231
-719
8707
-7291
9415
5902
-5661
-9591
-8540
-9413
8216
-5807
-464
9891
93
8913
-5742
-9746
7081
1158
-1009
-8215
6724
-1076
7127
-5070
2164
-2470
-8438
-919
1660
-752
9971
-7949
-8340
-1175
3891
4179
5882
6838
-2439
-1161
7607
9672
-3963
-8752
-4019
-5747
7733
5568
-3771
-9050
289
8687
-20
6105
4568
9270
-5122
-3113
539
2856
-1534
4673
-8576
-4121
-2165
-1047
-8944
-143
8408
-2592
-4438
-9917
-6185
-3096
-1906
-6351
-9640
3264
-8892
-9219
1884
-1502
7671
-3518
5189
-8798
-893
-5525
-4703
2433
-4547
679
-6526
9006
9208
-9122
-7620
-8851
-67
1891
1457
8800
6136
5050
-363
-7683
-9006
1114
148
-7796
7878
-859
6997
6658
828
3753
7981
-6160
3842
-5514
-7983
733
-7111
1631
-95
-1465
-9580
551
5939
8338
-7306
-600
-2090
5828
1163
-674
5818
3490
9765
-1066
8769
6482
3071
6
9637
-7292
5196
7369
-4309
6751
-2702
857
2487
1438
-1671
-3608
-1900
-7727
-6555
5098
-5853
-5476
-8533
-1801
4570
-2703
3948
-9087
8035
-6845
-8136
-9659
5346
-1998
-2544
7239
5004
-239
-3923
-9914
-7800
8776
1251
-3530
2449
-3621
1120
4413
-3534
-5271
-9947
-4352
-1375
2973
17
-9738
-8578
6620
-4486
3957
-8687
9451
-9523
4025
-8373
1803
-7048
9465
-4976
8049
6676
329
-6230
-4078
4879
-6072
-5398
2245
2326
4346
1094
4489
3391
-697
-3858
1667
-6094
4973
-7832
-8076
-326
-8909
-6031
9063
-8663
3636
8838
-4229
8366
3894
211
-9912
1975
3253
2867
4511
600
-8961
9997
-6581
4099
-3841
3148
1851
-1209
-8357
684
-5107
-5258
-1750
3221
-6544
5805
-1623
4142
1471
4453
6336
-6185
7186
-9653
-7768
3227
-3713
-6338
-2294
-2003
1529
3844
-9046
-5144
-1526
-3398
-1124
-8905
2472
6867
-3271
-7326
-6679
1355
-6014
-3909
6569
3637
9374
-8249
-273
6180
-3981
-6271
2
1237
-9636
-4924
4827
5844
-7845
-3584
3805
2720
-1678
-4298
3266
-792
9562
-9832
2261
8169
3246
6824
4364
1994
9341
5986
-3849
1785
-5725
4894
-2894
8254
741
-5437
4980
-2917
-2132
342
-4673
5062
3735
5640
568
1956
-2617
-5463
4783
7600
-2177
7653
2744
-2203
5791
-1154
9735
9868
-5022
-6675
-665
-5136
950
-7030
7732
-577
4623
5136
8163
4933
1897
-4270
6278
-5357
5787
4082
-9878
-3510
914
252
-9532
5650
-7221
9046
829
-3702
7259
4767
-8623
-6528
-9119
1396
3359
3921
8541
-2818
-8690
-824
6603
-9691
6171
3695
6686
-8538
-879
-378
-1894
3115
7175
5521
-1820
614
1101
-1775
5243
6100
2917
7858
5477
-2235
3889
-2374
-7274
-617
2365
9068
5164
-751
1849
-9523
-4399
8929
-1167
-1774
6887
5050
-2763
-4437
2619
-1258
2920
8826
-1593
-435
-6963
9531
9017
6294
-7901
9731
-8703
6239
407
3186
-809
2215
9865
-7092
-437
2992
-1128
-831
-7114
1006
1512
1351
4890
2689
8978
9873
5402
-6281
1681
647
213
7754
-7794
-3544
-5974
-6133
-6725
6162
6001
1150
-7164
-2343
-6795
-8307
-3640
2596
-3499
6660
3844
-8
-4513
-6301
8637
-3304
5941
630
-270
3631
-7838
8625
-562
-7325
-9218
-4244
-7850
-3843
-3044
7418
-797
7045
4172
5502
817
-3727
2200
-51
8285
3621
4384
3734
-4661
727
7755
7609
8381
748
-8693
7406
1530
-9949
3320
-1664
1437
-9421
1074
1615
-5960
-3652
-5997
2414
-4716
-7074
5709
7255
4707
4362
1186
9576
6876
-5743
-6559
-6280
-1226
6994
-8473
-1152
5482
242
3320
-6228
-1670
-1515
-6571
8194
8105
4228
-4295
7594
7590
-4333
-7272
-2127
-7536
-7151
-6241
8325
9759
-5916
4463
-832
-3072
7595
2034
-2678
2226
3476
-6261
-4375
567
-6268
2046
1433
8724
-1182
-3892
1580
8586
1486
3692
8217
3680
-1418
4727
1545
-3169
-1322
2882
-3886
9215
3721
7702
1513
-2702
-4274
-4102
7472
6161
6151
1612
3450
8138
-7352
4276
4700
6477
-5228
8990
7025
-9836
-4754
-3005
5759
-1376
2844
-7656
8013
-6230
-1555
4732
-8193
6510
971
4255
-2378
5287
3769
8207
8360
4283
3680
-9947
-244
-7544
3519
4890
-211
-4710
1135
-6045
5183
-7170
-4790
7303
-487
-855
1117
-8140
6554
9582
2424
-7533
-2934
1351
-9722
-5124
3249
-9207
-25
-2642
-7476
-9894
-3862
5918
-574
-620
-3865
-6908
-8133
-5941
7838
1164
-3633
-9110
-7915
-1048
6390
-1232
-6199
602
-6397
-5188
9954
-7057
4626
-5789
-59
-1212
-493
-2344
740
-9408
3751
9833
-1649
1356
4453
8712
-4266
-5755
2337
-5715
9902
-7653
-1443
8639
8105
-4948
3863
1410
-7941
4008
3795
-2833
-6610
-2758
5779
7011
-5797
-8795
-3664
4503
4710
4113
1785
3198
-3244
-9187
379
-4183
8172
-6044
-3361
-8186
-2304
1500
3166
9992
-5374
7379
-449
-3800
1480
2459
3989
2226
3606
7251
-8150
4634
-5576
-6728
7777
-3679
4058
2082
-5470
-6545
206
6883
-9637
6818
-1912
-6382
5744
2704
626
2933
8445
949
3105
1888
-31
-7681
9202
-3932
-1339
-2482
-6137
1521
-7004
8808
8249
830
-4234
-7166
5631
-8087
8412
-5324
6142
3818
-3566
7563
-5252
-9766
6751
-6047
7574
-6627
2346
1283
-4496
591
-3441
-81
-1167
-9090
-5392
1580
5498
-1651
6878
-5664
-6584
-7102
3165
-5843
5073
-1500
7083
-4251
8494
8276
9621
628
9114
9591
8064
6814
5250
3085
-5955
380
8843
-867
-5177
8440
8103
6187
7194
1989
6696
-9875
3463
9818
6427
-6190
7234
510
5193
-2926
3194
-1211
-6636
-3421
5532
-6578
2903
9267
-9506
-828
4859
3436
8091
-8226
4716
3803
8813
5335
6080
-7714
-4549
-5752
8002
-5905
7864
2144
-4406
-1066
6590
1443
581
3892
-9977
1232
-9501
-3499
-9662
-2095
-3517
2269
6975
-6665
1508
-714
2815
-6615
-258
-8424
-5681
-5175
9433
2981
6862
-2704
-8203
9578
-553
6688
-85
2506
-3352
1484
-871
-1654
3811
4208
-9282
-8181
-2281
-5887
2613
809
1480
7595
-9169
5670
-5859
394
1759
7143
-4329
-4738
-4156
687
8714
4835
2853
-3627
7820
803
-8494
-1451
-7454
7058
-4214
-3175
983
-2693
-4545
-4971
-8599
9933
3573
1419
5444
-9454
-2279
-6066
-9360
8556
8807
7449
-7144
5759
781
-549
3187
4735
-260
5926
-6902
-5343
-907
3822
-3107
-6685
3189
5703
-4718
-5562
-9300
9221
5516
123
-1102
-2440
4584
2619
-1177
8688
-5695
4681
-9838
8746
5286
-9597
2486
-8403
2544
1005
-4463
-3673
299
2897
4182
-9931
-140
6119
-3284
12
-5427
-7550
820
3756
-5856
-9249
1141
9975
3346
-3081
7496
-6989
-5580
8888
1219
7290
-5897
-1609
-2264
4088
-1572
-2781
3306
-4846
8312
9334
-6249
-1382
3871
-9053
1352
2693
5409
3886
-9701
-3964
-1763
-811
-7274
-4865
358
9100
3541
-7325
-770
-4677
-7405
7428
-3347
8078
7355
-8460
1411
-2711
-4144
-5248
8808
4240
2109
-4166
1832
-9914
-9094
2720
709
8938
6222
-5537
3460
4493
8316
-6895
6633
8240
-6474
-729
-8877
4445
5966
-8539
-2811
-3451
-5380
-7171
-1582
9764
-1002
-1651
2628
4130
1748
-77
-3683
9744
-3491
4668
7441
-9947
2049
9645
-3536
8471
-2642
6295
-5265
-7482
-2625
6353
-859
8984
-8711
-7202
-895
6979
8536
5201
7161
-149
-4006
8013
-8185
6262
6485
5503
3358
4572
8340
-6947
-244
-1915
2527
-4915
-9849
5850
6791
-4560
-9000
6755
7905
-7108
3783
-4308
8954
-5092
6167
-5217
-5635
2683
6960
4386
5994
-8881
8741
-4425
3798
2548
9667
5638
3539
2150
-393
-398
8868
6908
3909
3276
1644
-5145
8387
-5117
-8135
-1293
-2639
-5894
29
8327
-5309
-1453
-7627
-748
3216
-5786
-4865
-7196
1286
-7404
9927
8934
-3382
598
-6297
1783
-9396
-1200
-8416
-6649
5093
-1274
1885
-256
3429
4899
354
-6244
3523
6930
3373
-5160
-8827
7670
8909
-5625
4249
8507
2081
3307
1367
1165
9875
-5472
-5851
9222
1801
-8198
-8267
7317
2804
2965
-3984
-5530
-9543
7822
-5769
9457
5626
-5324
9959
-1686
5913
2551
7825
6006
-7905
5389
-8857
4990
8293
9467
-8032
-1322
-8220
-8307
7044
-1651
7207
-7180
-120
4046
-1510
4243
-4538
-8494
-5096
-7132
-3061
537
-6022
4609
2511
2653
-8270
-9072
-6683
-3886
1368
1313
-5517
8580
8260
-9704
-8016
-7783
1466
-5697
-3217
-6409
517
9591
9179
1028
-4808
1592
-3721
1893
9365
5030
-5395
169
4826
-3655
-4393
-8912
-8125
-1834
-198
-9258
3043
-9478
1556
4223
1107
6931
1142
-6713
1827
-1627
2413
9832
3490
7713
-8239
-6006
-5547
4834
-7664
-1965
7715
-2549
-3947
-6899
-8988
4262
-205
-2376
-1797
-9459
8691
-4625
-4701
-8591
9339
6070
-2302
-2060
-4879
-4963
-7102
-9507
9535
1332
3978
5907
-1748
-9897
-1614
-5116
5596
8750
3419
8165
-2854
9830
545
-9767
3883
1867
-5344
-4919
8767
3263
1690
-611
7019
1611
-8755
-8129
4762
5715
4789
-2157
8517
-4658
9960
-5088
5984
-3550
-2629
-7755
8604
-6870
-6056
1564
-3399
-9421
3780
-3594
-8282
-8071
-645
-9982
-2988
9159
-3581
-5571
-4041
9470
2482
-7749
5032
4540
8596
1176
-1440
8585
9742
635
5968
1641
7158
190
6694
-2589
-3304
1928
4922
-7723
-2507
-4448
-4493
-1071
1281
-8131
-5043
-1333
996
6653
4265
-1619
-1652
8405
-8437
-2650
5712
-9292
7701
-7162
-1574
8874
86
6647
-694
-5954
1094
-1722
-3668
-8883
7928
-307
-9809
-3723
1872
-8505
-5384
-7740
81
6189
6723
-1450
-8099
6268
6468
-3002
-6469
829
7064
-4865
2915
8273
-4312
2685
-2556
-8637
8774
-7076
6467
8094
2012
-7390
-1219
6328
7182
5665
-3611
3257
7731
7826
-2419
-8647
-3805
-4522
3319
9870
3491
-5235
-1823
-9576
5301
-4904
-6922
-6836
2273
3474
-834
4037
-2156
-7720
-4252
4276
-4943
-7879
-7092
-217
-7325
744
4932
6583
-6702
-7632
-6238
-9817
-1186
-3584
-8419
7754
9145
-2780
2009
-8175
-2368
-9900
1931
1431
-5229
-2296
1660
2523
-7525
9511
-4240
-9824
3571
-6354
641
-3182
-4126
1994
-202
1206
7381
6683
-1735
4582
-2313
1878
8734
-1183
-3556
-9229
-9286
9834
-9395
-2988
-3301
-8144
-224
-2469
6539
-6602
7752
-5550
4692
-1718
1254
6330
-5481
-6308
-799
8258
3356
-3628
-9359
4695
-6419
-3869
9806
3924
-214
-1639
85
6279
-1285
2345
5276
-3544
-6777
3669
8996
8976
3535
3243
4309
-7264
-5651
1960
1556
3909
3693
1416
9442
8447
-5689
920
-9620
-8056
-3877
9063
-996
4091
3141
-6069
-8635
-788
-7560
3387
-911
-3126
-2245
9132
4799
-8092
9286
-6980
8951
-6236
-8433
2246
-5542
-3829
-5079
5927
3551
9611
-4290
7679
6831
307
-5487
865
-3431
3044
-5245
4506
-1655
-9616
7524
9863
-120
-2372
-8758
3188
4369
-3814
1773
-251
4979
4062
7285
9096
6680
1658
-5281
-8174
8507
865
908
9265
1890
-6780
4825
1928
-9184
5414
-3774
-3101
2519
-4974
-3091
-5975
-6782
-4663
-9258
6252
-5686
8710
3294
9341
4376
-1619
-5262
9568
7945
2468
-6155
-8600
-6649
-3660
9287
7313
7323
-9071
7836
8132
-1599
2463
-2402
2486
5039
459
-2225
1302
-7873
-6923
-1641
2517
3541
6487
6190
-5414
-4800
-8192
9896
-9430
7936
3710
2727
-914
8867
1444
-8591
5698
-7721
7079
2128
-8915
145
2344
-5489
-1295
-6019
-6035
-603
-922
2868
3102
28
-1762
-347
-9515
-1108
-6418
-7121
2047
1657
9891
1502
-8906
-7300
5855
-9418
4119
-6671
7665
-1886
-8046
6715
5820
-7453
2106
-9007
1003
4323
-4680
-4612
-4797
-7427
4183
-8413
3500
-6234
-6100
2782
-824
-3936
6590
-4164
-9010
-7557
7538
-6686
-5999
-7620
9181
-4975
2400
1730
-8501
2458
-2883
-3865
1637
-7016
162
569
5494
-2259
6430
-6847
7630
2648
1309
600
-9266
5579
2582
-6154
-9803
5930
7543
5412
-3454
3014
481
1809
-9263
-2749
7222
2817
457
4252
8618
-7422
-315
-1759
-7183
-3814
571
2813
6950
7552
-6692
-8105
-7099
-536
-8986
-9144
-201
6507
4786
9784
-5548
5581
-8513
6776
7024
2833
-61
-3077
-6534
-2637
2302
3851
5036
9464
-1102
-7015
9668
3904
8763
29
8796
3457
4516
-9835
-5254
-9463
2629
7739
-8718
8071
164
653
-1583
-7184
-2340
7340
8577
5582
5722
9762
-1802
3722
1547
-824
-5210
-3452
-3596
-4279
8855
9442
-6504
1666
-1091
6277
-3433
7900
9378
-2483
-1536
-6021
-201
-8158
-9191
1848
-3852
7076
-437
-4747
-6321
3233
1488
-2757
2129
-4567
4969
-2718
4259
-6764
560
-7287
4453
-8828
-2395
-2964
1104
-3825
-9002
-754
-5552
-8484
-9766
8563
3739
-4860
-8770
7186
3999
9429
6325
-5288
8318
8419
564
-3911
-2004
2133
-7855
-1663
-8779
-7133
-6991
8161
2282
-7207
-1606
6909
-2963
-5798
-6191
-4669
5344
1304
-7984
-6954
-9420
2097
7386
-7863
-7295
2998
-4472
8627
-287
-6717
-2394
-1173
-7831
8958
8257
7576
-3080
7953
-2463
3963
8711
-5473
-2233
7184
4217
-3341
2215
-1850
-161
1417
5578
-340
9745
-8757
-3475
-5186
6562
-790
-2598
-9095
497
8866
1808
-6210
5182
-2751
8304
-8482
-2758
-2590
5339
-4297
-5045
1005
6976
965
-4469
9984
4948
-2199
-9011
-8904
-606
3576
-6173
-6193
9755
1835
7044
4706
5463
7843
2928
6279
-7544
4044
-8128
3032
-7644
-3170
-5346
5755
-2142
-9859
2506
-6937
6204
-4995
-9890
-97
-6812
-843
-1320
-1856
-6509
4569
-6930
5122
7397
-596
-7431
-8085
-4546
-1233
3971
-9541
4982
7206
8875
-4543
6851
4329
-360
9370
7300
-5630
-9896
-9288
3862
6608
7513
1378
5035
-7270
-8640
-1103
5817
-7394
-2013
7358
1842
-6711
-7016
-6666
-8486
4885
7608
4515
-1937
7153
1592
-751
4963
3424
3283
-1801
2104
-1940
7531
-7654
-6416
-4070
-1403
3202
2963
-2183
-1912
-4680
1888
7146
-1705
4664
1929
8939
-109
-8392
5087
-8367
-4717
3998
-7787
-7526
-3487
5778
1145
-93
-8655
1856
-7826
-9699
5458
1323
215
2044
-7681
-3473
-7018
-2970
8235
2165
-2157
3642
-2475
762
-3167
-4449
54
8364
9411
2581
-6151
2754
4361
2288
-5481
-7439
7633
-2348
-9218
3150
3339
-5326
4187
1674
-1686
-7397
7443
4216
7704
4526
-7963
2065
8817
9117
-7133
2715
-2218
-9376
-365
-6616
-7471
1388
-9822
7325
9483
-6705
-5451
-5576
859
-9234
4898
-2164
-1941
-5182
2451
700
4184
-5346
-8482
-461
-9499
-389
-411
-8693
7235
2237
7914
-9030
6504
-760
-921
-3739
8517
-2277
1676
0
-9402
7486
-7857
7622
-1381
-4155
-7287
-8059
988
5123
-2054
-291
-3715
1913
9286
9700
4636
-7505
-735
-3779
-218
-4692
-296
2359
-139
-6087
-9439
6005
-7768
-6810
-3103
9077
-7539
-3918
-7384
7962
4064
-7087
3985
-4494
-3576
3524
918
-5691
-9036
6561
-6533
7795
-9919
4359
-1899
-7904
601
3182
4681
-2041
3709
8330
-2063
-1094
7541
-2903
4562
8989
-3543
-2138
19
5572
1713
-5436
3343
5599
7074
7717
-661
-3954
4010
199
-2927
-5887
1540
-3408
-5297
-971
-6383
-2732
-9442
5592
5250
9831
-8380
-4647
3080
-6004
-188
4215
-2543
5532
4639
4824
-9139
-9680
5149
1105
-8432
7425
-6777
-7811
6686
-3100
4475
7992
-80
-9272
-3144
-6233
-5493
9556
-1525
942
1993
-4509
-8186
6630
-115
-4967
-4070
-4066
335
-4369
1833
-895
-2536
1010
-3437
8978
272
3534
-53
5496
3509
3751
-9891
3765
3108
-6486
-9949
3310
3206
-5256
-2990
-1594
1318
-6657
-210
6984
-7160
-5016
1763
6786
3936
-8184
8648
-7887
1164
4000
-3642
234
-4338
-7456
658
-9127
5677
6287
5142
8457
4011
3158
811
8640
1186
4936
8374
5112
-4298
-6308
-1617
5087
-5662
5315
-6775
8575
-9071
8630
-4300
5199
8394
-8671
-1228
-7835
-4889
-4235
7170
1370
-2414
9707
-7193
-9277
-7058
3837
6303
-3934
7700
-9749
9604
7707
-5378
7001
-5757
7941
558
2221
2525
2437
6431
9100
5241
4639
-1593
-4712
5755
875
6047
-3226
-8863
-6632
1097
-1823
7914
9574
-5551
-681
-6784
-1732
-5884
-4860
-2995
2892
6169
8675
-6138
-3974
3923
1617
-7673
7886
2342
7131
-9450
-9173
7454
-5697
-477
688
1183
-6761
4889
-7653
861
-5748
-3612
5996
-6229
-8978
7164
-2626
365
5698
3151
-2422
-7015
5008
-9350
9888
-7147
6312
-8514
-327
296
344
1818
-8551
9791
1372
-5319
6172
5709
2952
-7422
5355
-8489
5557
3588
390
4460
3972
5081
1950
3954
-9321
2738
3503
1446
-1977
4461
-6423
5491
-8222
-1125
5291
4079
-3453
7893
-9236
2738
7463
3503
6984
-9198
9999
-2580
9910
-8365
1237
-2998
-72
6289
-9305
-4726
-3192
4006
-811
4534
-6803
-9777
6501
-5083
7924
-86
-856
-6843
-7821
6693
-7075
-7364
-3496
-9256
4702
-2238
5748
-8761
-2329
-2962
-4660
3846
5036
-3545
-5283
-2616
-7013
-8951
-459
6680
-6300
6072
-6479
2006
3838
-3927
6871
-4467
3254
-9386
-1359
-3905
5190
-7258
-9199
-4621
-6954
524
-1457
5434
-8182
-6437
-445
-8890
-6326
-7267
4466
-2197
-6169
-4436
3760
-5960
9565
-6730
5353
8618
-4476
7170
8218
-1196
8515
-7002
8469
-5563
5572
-333
-5452
9993
2080
9886
-1008
9685
-7536
3820
3575
-1018
-5675
535
7887
7477
-815
-5880
2185
-6277
6156
2195
8205
-7552
8009
3315
1902
-7461
-9707
6440
-4211
1293
-7953
-2260
-1275
8048
-5105
2734
-3663
-6422
-6327
921
1924
-7509
8015
7643
-7444
829
-4623
-1292
3689
4087
-6335
421
6322
-7510
8078
-636
3563
9133
-5745
7879
3148
22
-6966
-9975
-7991
8851
-3085
3680
-1951
-8027
-8405
9118
5244
-972
5651
-6061
60
-9372
-2491
-5366
6271
8017
3306
-7224
9661
9501
9312
-6065
-8266
5893
-7342
1638
7345
5899
3869
3327
-9381
8324
2986
1042
615
-5565
-7954
4397
3354
-1058
-7795
-8884
-1961
-890
-4238
-603
-844
9084
4800
-7575
9895
7519
-3585
-5289
3490
6900
8059
-2879
-2652
-7974
-8111
-6404
-9328
481
-6025
7383
138
-1003
-6696
-6846
8173
5361
-3201
-4016
-7585
-7791
-9900
-555
-7044
4212
-1256
6282
-1139
-8252
9205
-9758
-9138
-2673
-9250
6836
-4615
59
4113
-7570
2021
3032
6610
-6264
-5802
2605
2248
4768
-7525
2660
2954
-3436
-2142
5046
-334
7879
5681
2189
-8942
9077
-1938
2811
-917
-7518
9901
7082
5856
2387
-5313
-6258
6356
-6705
5536
-2860
-3465
4975
-9537
-2524
-1181
7732
6445
-1635
696
1988
-3592
8011
3454
-9094
2385
8240
-9757
8027
-7253
595
-2847
-2263
-5848
3915
4600
799
-839
6225
9581
1573
-5549
-6360
609
-4532
8418
-3292
4937
-1276
-1881
-7283
4635
-9281
-5190
7491
-7686
-5064
-225
1062
-6259
2595
1516
-994
-7181
-7489
9463
5140
2428
1741
5565
5561
5902
4069
-9839
-3119
4055
3302
7293
-5445
-8290
3950
2051
-8982
-9720
-9250
7044
6608
3780
6811
-4121
237
4275
528
-9118
2000
4361
-9646
6422
596
-5093
2389
-9417
-8377
2635
-4032
3925
-1307
-4778
-2193
-7242
-9376
837
3152
-5987
-2561
-4571
-4135
996
-3111
-5614
-7675
-5329
-4851
5421
-6764
-7096
-4229
5895
-6919
19
9923
1095
2643
344
3616
-299
-6353
3472
3062
-3307
6468
4736
8178
8913
9147
-3906
8856
-4664
628
6050
-8251
-9473
-3261
555
-4751
-9423
3022
-4497
-4438
-7139
-8062
3571
-5744
8153
-9392
-837
-3752
-4058
2586
7205
-367
5753
9099
-9323
9826
1288
9760
8461
6637
2742
223
-2169
3801
7119
7117
6212
4010
-8550
5774
1526
3274
4878
4294
6498
-8673
-3204
267
-5925
-7604
1878
-6136
-2836
-5276
1182
-3048
7324
1063
1473
6293
-8457
7914
5811
-3066
9880
-8315
6434
8291
-2868
-9678
-1697
-684
-1839
7269
-176
5595
4146
4682
6181
-7245
-7215
-7497
2094
5496
-1456
7887
-3510
658
-488
4006
-3015
-8731
2269
8764
-3641
7488
-1983
1445
117
-5832
-585
-2066
3901
-5894
6682
-8181
-5946
9739
-3246
6741
428
-181
-4216
-1944
-2044
3157
4959
1450
1161
-2693
-7566
-965
7657
8114
5757
-9255
1902
-6628
6791
-8048
6381
-1046
-3750
-7143
-926
-7774
9900
6639
2036
176
590
3580
-6159
-3112
3131
-8818
-8585
-1033
-5342
1962
9815
-8462
-3100
-9144
9726
-8577
-6985
-3623
-1626
9644
1322
-4155
-5304
-8729
4066
8872
-9802
6626
942
-6512
4280
-2397
6924
-5361
3102
-5499
3633
4762
-722
8232
3876
4508
3655
774
2995
2535
8785
-3310
-1173
8460
946
5762
7628
-6880
9919
-459
-9202
-8941
1808
3857
-634
6112
-2168
-3259
9469
3394
3292
-6091
7197
6595
-4170
1591
6393
-3265
-9567
-9020
2131
-4940
-2807
2658
-1666
3253
90
5538
-2618
2832
7687
-4977
-256
7490
3710
7843
2627
2866
9175
324
2726
-8882
-7270
7463
152
2625
-8572
-7325
635
9410
8415
1253
-8380
-5305
-8967
-7020
7627
556
7456
5815
6946
-5811
-1289
-6291
4492
-4146
8233
7849
489
1186
-4053
5151
-3364
-603
-5637
2347
-5715
5173
9970
-652
561
-6111
-1068
-6126
-1331
-8055
-3415
-3963
-6845
-1323
-3883
-3347
6556
2809
-3041
-6807
-2261
-1824
4131
-8107
-912
1410
6106
-4810
7606
-7463
-7344
1929
5374
-8217
-9309
8887
1980
-4102
2757
-2811
6971
8309
6770
7770
705
7101
-9251
-4307
9128
8627
673
63
89
-237
-9750
-92
-8944
-8528
8775
-6071
693
-9878
4564
-3667
-2627
3487
-3616
9627
-3146
-384
7756
-9963
8062
7227
-9801
-524
4466
-5865
-3532
385
2336
1926
1590
-6695
-9813
-3955
-1339
1078
8620
2170
-2383
-9960
255
-1225
-3950
1072
8743
6481
-922
-3788
6329
-7736
1763
-9556
-2508
2863
5369
-6831
-5042
-1541
5634
1781
7682
2543
-3945
79
9789
3982
1065
1895
-9397
8603
9534
6816
7319
-3836
2866
-1987
-2948
-7217
-3772
-5622
-3081
3235
-3819
-8865
-5949
5088
-802
8282
1073
6121
-4340
8345
-6828
1285
6082
4552
5683
-26
-8753
7870
5103
-3487
9029
-6518
8688
8342
9575
-7862
7474
1217
-9936
-5218
5322
-2146
-5948
-632
-7267
1329
9841
2840
-1872
-3470
7225
5595
-4436
2050
6720
6953
5040
-4238
8454
8663
-1581
7227
-6058
-9955
-4479
1080
-8807
-799
-6700
-9250
-4203
3818
-8349
-4918
-8219
-8530
-2790
-6554
8674
-6591
7253
375
9554
4740
3266
-1313
9660
-557
-7117
-6653
4289
-3123
-5421
-561
8429
9304
-9362
7970
-1222
-2432
60
-4082
-3634
7835
-6304
-5322
1154
-5355
-68
-3168
6794
-1730
7684
-1334
-1997
-1631
-2781
7710
-7354
-5508
5844
7963
-6379
4641
2897
6683
-6669
-9647
1161
-9273
2805
9877
6874
6238
-2876
6254
5563
-2443
7125
836
-3115
-7871
-3352
8182
6950
6076
1758
4575
-149
4549
6329
-716
-6107
2598
667
-3494
5354
-9975
-6967
-1820
6506
-3480
-3129
4427
-6278
4212
8294
1572
6151
5420
-6951
-450
6530
-1863
3551
5314
5831
-2505
4875
9361
-3638
-2627
-9523
1876
640
-8217
-475
-9753
-1401
-9935
-4996
-3744
-6223
-4991
-937
9189
-4891
-4371
5160
2409
5351
9108
3458
5337
-9958
5927
-6510
-6221
-679
-5020
4974
9656
-4248
-7777
-5074
-3254
1037
-6055
-2482
-6756
-1895
-3114
-9467
-3614
7252
-9805
7189
8118
3887
8824
-65
-449
5049
6081
-9576
-681
7087
7870
-3462
9403
6569
1584
7105
-10000
6312
4705
9915
-6128
2528
2290
7152
5847
-2571
-7291
3551
-518
-7100
7808
3927
-2
9398
781
-2015
7697
1601
693
5697
-1497
7544
2648
3245
3770
1599
-2767
-2851
-5568
4253
9668
7740
201
-6514
-187
-9013
6437
-8631
-9586
6589
-7752
9334
-6391
-5263
-3100
8431
6295
2830
527
-2111
840
-5568
2316
5894
6635
-2331
-1640
-3860
4988
-9271
1317
-4619
-4369
1364
-5395
4745
9233
-5650
-8397
-9935
-5739
5242
2430
-3988
2431
-6056
-1608
6034
-3436
-7644
-5691
-1953
-8111
-3192
3974
6334
-7173
-9634
119
392
-6580
-7874
-6346
1992
-8441
-3552
-316
-125
-9784
4181
5545
3416
-1844
-7048
1750
8398
-4073
-744
-8686
-3133
-9087
-2633
1389
-1657
-6690
6203
7781
-1354
-5760
1619
-8538
6141
-8501
611
1357
-3661
8981
6081
-1036
974
4381
-9582
-7917
8925
-7470
3995
-1249
1093
9328
-3
-9702
-56
6739
-3860
-4091
-473
1721
-1901
-3009
9716
-4362
-525
-6792
1518
1540
5241
-2300
-8259
7038
3415
-5463
-6321
6027
-8004
-616
1920
-5516
8116
-182
8948
4706
-2687
5318
9609
1625
-6763
-193
-9902
-2817
4085
4503
-1797
-1171
7985
9150
9832
9346
4602
4360
-4213
-8023
8771
9149
4584
411
-9603
-8136
185
4996
-6576
-4902
6009
9557
6101
-9518
8660
-3775
-1137
1538
-1820
-1361
-902
-8545
-5195
7700
524
-8289
-4051
-3105
3767
-6415
-9838
7729
5529
1765
4828
-4497
-8216
-5198
4213
320
-3395
9937
-8485
-3241
-7177
-6684
208
-8432
-376
5600
8022
1268
-1438
-90
4683
5705
-3580
-9706
6116
963
-8899
3582
946
-6657
-2510
-1715
2706
3994
2834
1007
8771
-6008
-8489
-6399
8712
9532
-6692
-9410
-294
-1723
-5604
6739
-1225
3662
-6378
-6938
9881
4220
9728
8776
2244
-9722
-6192
-4755
3095
-1926
-4722
-4749
2522
1109
5392
-8967
-7646
2076
7454
-1563
-5729
-9683
2482
8454
-7362
-7873
-5135
5071
-9651
7178
-5263
837
-5841
-2487
-5677
1657
-1147
2036
-3465
-4344
-9315
-4503
7205
9054
1072
9815
-1878
1545
5502
1658
-7018
971
131
4652
-6935
9707
7859
2902
-5241
6287
1648
-5415
9572
8514
-9702
-296
-2836
-2330
3095
-8671
3880
7860
-5715
-1812
7425
9086
2804
6829
4260
4597
-9008
-9098
-1335
-7476
-1851
652
-5202
-1825
2033
9850
9456
8598
7435
-6003
3821
-563
-346
2577
4872
6059
3340
6595
-7079
-1021
-3589
-7071
9055
4958
-45
6033
-3886
6561
-936
-7975
1376
-8477
-5598
4102
2019
9055
-6352
2628
-9134
5715
4902
3997
-6562
-6765
3222
1793
3972
1506
-9538
-6640
2159
-6467
6568
-1292
395
6819
7609
1964
8850
539
-5645
1943
-6486
4012
-2407
-6253
9084
-5104
-7503
3618
6056
1351
7718
4307
6022
4941
-7699
-889
8609
8846
-405
7299
-1171
-9491
6711
4504
-4457
-7666
-4841
-7714
-7735
4749
2311
-5761
675
8291
3163
9512
3978
7927
-5943
3436
-7603
1774
-3837
5687
8442
6384
909
-9080
5666
9267
-7002
528
-2395
5258
8475
-7359
-4182
-3752
-1220
-5286
1087
-5931
1689
-1900
-1451
6261
5305
-6952
-9999
-4578
1880
1816
1822
-9154
-6280
-8122
-6214
7526
-9046
9300
-4477
-9712
3335
3259
-1130
-7618
8176
6855
-1654
-7578
1107
7125
-8098
-1398
-5135
2088
6234
-2026
-5877
-5646
-2533
5219
9734
-7604
-8479
-6828
-1510
4691
-46
5041
7049
3538
3521
-4830
1205
3306
175
9526
-8217
8392
1340
3250
-7320
-8663
6778
-3107
48
1189
-5839
6511
2312
4816
3399
5148
3951
8754
1133
-1191
-7625
-1423
-1743
-8061
-8853
2102
-3803
-4611
-4918
-8071
6592
-7775
-1469
-9728
8223
7725
7543
7059
-6259
2407
-7929
715
6526
-6206
-2119
-4171
3447
6661
-5501
-3673
-3447
-8247
9047
-9157
381
-7355
3560
-2080
-6931
2280
2110
4820
-4939
-3580
-9167
-8925
-5475
820
-6620
-4912
3081
7295
-5207
-6874
9492
-2306
5981
-4638
-9027
3846
4624
6189
-8165
7783
3012
-6561
-9566
-7208
-4749
4383
1191
6904
-9965
5189
-941
-6111
-46
-4118
-1393
-323
7620
8139
-127
-372
7884
-671
9928
-9139
-9715
9860
822
6290
-4854
-3701
1550
-73
-1369
-6659
8187
-8698
4480
8171
1354
-1979
-684
-9564
-2636
6678
4965
7999
-9327
7434
-1244
-2262
1804
3756
-8007
-5698
-9544
-168
3375
-5336
8847
-994
2555
8023
-3757
-5585
1029
7448
5080
-9209
-6251
-2194
9074
6285
-9182
4625
7753
9276
3098
5570
-4082
3601
7386
-354
-1373
7330
5238
7920
-231
-6475
-2636
2030
-6031
-1398
-6605
-1732
3318
-2295
-5266
-8009
-2351
3764
-8985
-2602
-3883
8293
-5500
2926
4832
8156
3324
6964
949
330
735
-5567
5326
-675
8394
1326
193
-9938
4660
384
-1042
8439
-5686
-3931
-7403
1432
-4304
-9926
-2206
1262
4861
3638
-6151
9761
-7110
-9485
6244
1169
-3615
-8051
-4464
-9816
5838
-5425
-4646
-552
-3582
-4594
-6362
1103
9546
-1818
3323
6953
-4685
-1795
2005
8883
-4779
-8328
9563
6730
2617
4397
1528
5536
-5220
-9432
-9764
-6996
4853
-9785
6959
-224
-3476
7632
473
-1126
9259
4810
-8564
1553
-4260
9336
9179
4299
-9222
-2573
-1344
-473
-1395
6154
-9699
2330
7732
-3778
4902
4055
-1375
8523
-8277
-2123
-9336
308
6046
-3944
6449
747
565
-4759
2758
-245
-7043
-7640
9627
1406
-7625
2582
9273
8432
-2923
-9955
2742
-3327
-2345
5817
-7484
8519
6092
-445
1843
-775
3001
5747
3250
-3811
9284
-349
1936
1084
2242
1868
7840
8246
7833
5873
3890
6450
9721
-7353
-7999
1176
7081
9547
7350
774
-4427
521
6158
-553
8359
-972
-1554
407
-1828
-9167
9160
6689
9033
5958
8907
8075
-1031
6168
-5082
8486
8826
8468
8808
-4058
2646
3069
4728
3583
2565
-2041
-6422
-7654
2331
-7553
7735
8422
9821
-3406
-2141
8788
8312
349
-655
-6506
-618
-2773
3341
-2125
-5445
8923
-735
3620
3713
-3251
5434
6627
7116
-9411
-1988
-7626
-7546
-3479
-1472
-6510
-8747
3349
2219
7336
-7622
7094
-8103
-9320
1881
-3903
9323
-4756
-3638
-7900
-6249
8100
3771
-7812
-9848
-6782
6762
304
7114
-8875
-4286
4638
-8659
3832
-6763
-7392
8933
-23
-2587
7776
-9325
5310
-2500
-6332
9579
-9581
3675
-7765
1910
-1257
44
-361
6740
-6660
-4371
7479
974
-8380
9240
-1591
-210
-7009
-9716
1136
7418
-9629
-7273
7570
6056
-634
-2657
9371
-3012
-5493
9053
9941
123
-8035
71
-5731
6652
-5903
-4670
-670
7824
-3931
3154
8864
9984
2623
2572
6695
843
-6415
119
550
7526
7551
-6791
4355
-5849
5728
-8003
5986
7866
6246
-648
-1237
661
-1842
-5836
959
-3740
-6420
661
-8028
6525
2017
-1449
4565
1366
1910
-9709
-6612
9678
8985
-3726
51
2389
8982
-1194
4600
6982
-2412
-3005
-5633
-4084
-931
-8700
-8055
8953
-9499
-4890
3042
3947
-529
-2056
-6682
-1585
4522
8524
6078
-3242
7126
8761
-6260
-2248
1964
-1581
5314
-7047
-4748
7292
-2293
-5972
8561
-1595
-7784
4802
4551
6464
-4740
-2281
-890
-526
-36
-7340
6122
-2790
1825
8887
3148
83
8467
5287
2230
1079
-3916
-4508
1579
9569
2746
9537
-8947
7474
6458
6378
-8183
-9215
7875
2157
-3538
-892
6744
-7899
-9191
-7274
2014
-6549
-290
9628
8884
-4168
1572
808
-5770
8446
-4985
3107
8203
1604
-6887
-4741
-1812
5275
5314
3133
3408
2722
-8370
8222
-2805
4924
-8006
-6744
-2440
-8689
-9028
9865
8132
183
-9150
5599
1046
-5823
-4848
4940
5497
-2464
4367
-8443
-5871
5595
6844
-456
-9173
-8192
-8606
4083
6736
3914
9743
-3384
5196
2478
-1504
-9446
6880
-1471
9817
6594
-6837
9625
-7274
-9648
-1190
-9883
-5362
-7120
-9254
9145
3713
7065
6078
6521
975
-7312
-8212
4300
6786
3476
-758
-1914
-8528
-1851
3942
2632
-354
9313
-4083
-1581
200
-9944
6406
304
858
2556
-5732
-9776
801
-868
4719
-177
-8995
6876
-7992
-6696
-7361
-7326
4971
5369
2136
7165
4138
985
637
-1451
1462
7901
-3144
4862
7612
6685
1860
7210
-7294
5157
-2644
7324
-8296
8684
5885
5127
-6338
-2152
2061
-5525
-4110
-2251
8870
-1591
9305
1769
4717
3278
-4831
62
-4351
2756
-8371
-2402
5815
-6483
9284
3039
-7447
8950
223
-7558
-7131
-2639
-2632
6190
5974
-850
-1181
7995
4598
-7432
-4074
-8778
4726
1242
9503
7976
770
7686
-6548
-7581
7834
-3788
2187
-3405
6320
1651
-7543
-3613
1013
-9581
9563
-8915
7405
1215
-2280
-3158
-7977
657
8330
-7884
5966
4729
2564
-3033
3738
4331
-6451
-8820
6789
7822
28
-4656
-6435
-388
5496
2303
-6148
-2925
-5009
7239
-1672
-5432
-1792
2165
-261
-9371
-2339
-1154
301
7936
8743
9564
7521
-5712
-1810
-803
4588
-4796
-5439
-9010
-3479
8056
1230
-636
4534
1135
-3476
5796
-7353
8691
-387
9970
776
5285
-2872
2616
3223
-4171
3928
-2160
-6513
-6382
-9511
5450
-7328
5657
2110
-1354
886
854
-304
-5229
-6242
3583
2423
-5244
-6286
8458
9135
-7130
5824
358
9113
-6971
-9783
-6460
609
-6247
-5088
2326
-2432
1528
2045
-5574
-2644
8989
866
-4655
9836
-344
8139
-2369
5273
-6725
6392
-3140
4567
-4774
-9947
-2105
-2244
9980
-3344
-4808
-4897
-8534
8892
-5471
3683
-5686
7288
-9348
9257
-8904
-8562
-4380
-1010
-3677
-6854
-5474
-1891
7466
6700
-9997
-9857
5878
2880
2515
-7334
9233
6489
-5085
-7148
-9231
-867
1504
3516
-5129
3060
5371
3649
9059
1014
8051
-5891
-1162
7096
7474
-8277
3267
-5743
717
159
-7130
-326
-445
-9314
9307
9927
-4707
6023
8059
5311
-196
1042
-5999
-2686
-3466
102
6284
9066
4238
2470
-6357
6497
-1125
9571
-2439
7366
9525
-1899
-4914
-9514
-6384
4110
3443
-3285
-6117
-6056
-678
-5063
-3293
1891
5240
-2280
-5569
8969
-1328
9901
-6010
-2061
-453
-8897
4123
-7831
2486
1353
3620
-3682
-1567
-1994
5110
-2269
8109
-6624
-5332
-7881
9978
-4284
5563
9574
8605
-1722
9874
-908
-132
-8459
3450
-580
7190
-3303
-8050
7029
-6769
9970
526
9145
-6813
1164
-2233
-8294
-8385
-2060
8116
-3159
1330
-3735
-6133
-6177
997
-9242
-194
7540
5518
-5347
8176
5795
-4519
4601
9113
7744
-8272
9140
-4100
-3380
5153
4811
5722
-384
-8625
-1871
4847
-1756
563
1921
8796
4232
-4217
5693
-9326
-7204
1347
-7765
-7026
-758
5681
-7428
3287
-6100
-7108
5088
267
5261
-5131
-7165
4786
-9923
4380
-6493
-7943
-7445
-520
-1602
-8969
-1723
-1444
8658
3708
-1708
9840
-6211
5289
5609
-9465
-8534
5297
-5809
-8584
-4081
-511
199
-6935
5545
-4559
-3915
-7819
7458
-6656
2411
-5569
7342
-7246
-1792
-2190
9645
-5681
-3914
2493
2100
867
2432
1285
7724
-6972
3550
-7029
-8168
-6475
608
-5461
-3240
8185
-1911
6505
-5408
-3602
-5592
-3197
-6541
2425
6433
-3262
5187
8255
8714
5758
7219
-8306
7938
4654
9323
-3820
262
-3668
5906
3873
-2269
-2406
-3408
2211
1395
-2787
6914
4554
2441
-5720
6233
1852
-7386
3138
9950
8997
5100
7220
-4856
-405
-5492
-8869
8540
-9372
518
-842
9609
-893
9405
-5659
8710
-2961
6065
-1224
2361
2425
-5354
6696
6760
7700
-6896
1335
5475
4712
7400
6264
933
6186
60
-9590
5044
-5593
-4866
312
-3343
-5303
-2599
3110
-9164
-162
-2759
-6722
-8343
-3346
-7055
6352
2303
-5345
-4179
-9293
210
-2055
3144
-4859
-8722
-4530
-8003
1438
-3493
-8553
-5704
-884
8522
9270
-891
-3486
1398
-4641
5810
3781
-6456
5496
-8273
2804
5782
3021
-2259
-5766
8897
5326
-2196
6995
9036
3799
6664
-5656
-1905
-7546
4858
-9963
1076
4947
4418
8544
5364
-3044
-1967
-5154
8061
4654
-1730
6067
2913
5109
-3414
-1102
-3867
6998
4844
-9664
-7550
9410
3932
9695
929
-2513
287
7304
4356
5313
1119
-7851
5506
5624
-6182
-3186
6999
5563
4102
-4364
7336
-8572
-6959
910
8878
-8091
-6198
9800
-2356
-2464
-3128
4279
3348
-1852
6771
651
-368
6702
2529
-9289
2150
5868
5139
-2693
425
6673
2662
107
-1396
5927
-3292
5104
-1058
4571
7980
-8104
3297
-6209
-482
-2274
-6596
9052
-4860
-2402
-7556
9033
2154
-2124
-7592
-1574
824
6162
995
-8481
-5630
-8766
-7245
9179
-3418
8983
4718
1083
2559
7414
-5872
8736
3511
-8350
5251
3273
-5451
3489
-2207
9398
-5180
6086
-9407
7167
7642
-7014
6799
-7477
2603
8588
-9377
-5180
2601
-9870
2067
7088
846
139
4229
9245
9227
-4803
-6489
-7839
-3456
-3338
-6328
-8957
-9030
-5139
-547
-2743
-474
-5353
-5494
-5746
4879
7037
-3686
-4162
2081
6810
852
1722
-2821
9318
-5314
3657
523
9536
-5728
-8597
6644
3550
-9449
-367
-4038
-3392
-7345
5251
6158
4897
-7078
8208
3294
-3091
-3304
2543
5512
3764
-804
-2730
-9636
6291
2559
-6471
9100
9780
2848
-5723
-8765
5781
3758
8987
5508
-6687
-2219
1524
-3882
-4297
-4056
-7500
4206
-3389
7756
-3844
-4955
2870
2315
5684
-6021
5449
-4158
-4869
3470
-8175
634
9589
-4856
8145
2425
-5323
3866
-7945
-3700
7217
-6701
3575
-9156
-652
-2844
-8275
619
-7666
7289
-8235
6049
-4031
8617
-2567
7320
-6082
6449
1512
-8110
-6086
-4527
-9313
2873
4717
2515
-2854
8820
6424
-9448
8040
4156
-8864
-435
4183
-3965
5220
8545
298
3436
3179
-8005
-8122
-3871
-5786
3336
-1190
5947
2845
-143
-552
8998
4313
-6139
-7148
7424
-6672
-1406
-4639
2284
-7180
-6036
8171
-1828
2794
-6279
-9536
-4296
3664
3906
3780
-7818
2496
6205
-5646
9814
1700
-601
-7792
-5751
8393
5345
862
1826
1676
2182
6098
-7964
6091
-976
-746
2459
-7852
3336
676
-8141
5032
-3759
-2251
1824
6356
-7638
5854
-2437
3726
-7335
-1214
291
-3031
-622
7175
-6812
7863
-7557
747
-91
-2586
-6436
-7504
5801
6629
-1021
5658
-4287
1839
1589
-3177
-6569
9117
238
-2953
5562
8249
-4155
-6595
-9109
7425
2682
2475
5573
3952
7379
9218
-4193
1421
2405
-3970
-4190
-6033
-8885
-2282
7597
-4115
1931
8353
3371
1529
7249
8269
1414
6809
4228
-7041
-9484
-3925
9539
6496
7413
-4491
-5204
-3257
-3598
-9767
-6191
-4900
8950
3022
-3369
7255
9147
-6708
5104
7836
6532
9985
-5987
6498
4203
-1120
-9686
-9571
-7494
-8080
683
6963
7631
6086
-1467
6543
3915
2760
4527
-2342
2362
-5692
6222
-9815
6806
-8022
4148
-1877
9420
3276
-7625
2141
-1801
1199
-5050
4915
2303
1105
4010
-9027
815
-1319
4586
5544
-2291
1331
1445
-4936
4091
-6541
-259
-8639
2708
-1724
9003
4607
-4929
6085
-9388
-7559
-603
1381
1867
-6310
-3469
5266
-2672
-3609
-104
7099
8915
-66
3478
-389
-4438
-3578
-2667
1668
-1163
-9277
-2487
2522
-6572
6485
-5250
-3398
4880
2983
-6980
-7285
5035
-3864
857
7086
9747
-7934
-5965
-5872
4645
7885
-4390
4753
-4155
-7749
-8603
316
1495
8945
-8760
4573
5710
-6954
-6646
-6301
-848
-7283
5368
-6604
6583
-7663
591
1932
8139
-4019
-8792
-7034
-2439
-8150
8486
-3241
9485
-8700
600
2467
1705
-4127
5694
-1020
-8852
2357
-9634
3213
-1133
8600
602
1782
-3370
8616
7200
-2650
9991
7944
162
3110
-7829
9823
8610
6409
1376
-9922
8542
3184
-1182
5318
5686
-7514
-250
-6037
-1859
3858
-1179
740
-7274
3359
-5363
4667
932
-9886
9787
-228
-6084
-5122
-2347
-7498
4301
6927
-8813
-8953
7787
4698
6477
9042
6069
182
-9243
9273
-3297
3862
-9992
-5334
-8029
-1172
224
1926
5537
6876
9731
-5642
1937
-4049
-4593
7465
6249
6445
-7627
856
-3937
-7614
9144
-138
4801
6464
-7449
8810
4400
7801
5551
-5727
-569
-9964
-1823
6465
-8939
-7088
5220
3284
-6236
-6117
7890
2824
3896
-7781
5718
879
-6345
937
3257
-9835
-873
4221
-3964
-1853
-9236
1346
-2459
2264
-4408
4993
-1957
2426
2427
33
-9940
-8698
7770
-8664
3196
-1517
-7292
-2917
8264
6042
-5288
-4309
2661
2547
8047
2367
3759
-3321
9894
7755
-7188
2362
-72
7582
2264
7051
-9176
4105
-6521
2805
-8374
3952
-349
3062
-2941
-8749
-7644
6672
-880
-3994
5908
7521
-8762
9872
5828
-5351
-4459
-6188
-7096
-9433
9323
9809
6590
2514
5423
5746
6934
3253
462
-1918
-5330
-8367
2341
-8556
-5355
-9363
7337
-8692
5485
-7693
-5484
9445
-8707
-3680
8631
-4373
-6192
-3599
-4250
1946
2931
5407
-529
9732
8371
545
-8375
-9075
-9740
-5846
6359
3865
621
3992
6965
-9408
7082
-4422
4194
-681
9094
-7470
-9357
8439
-548
-51
-3839
1785
-1784
6994
-8018
2720
4023
6919
-8046
-3954
-3336
-9126
-8422
-4526
6366
-4659
-4780
2036
1047
-7354
-160
2043
1605
-3691
-6659
-7368
-7740
3284
-5280
-2953
-8511
4741
5243
-3055
-8841
-650
-3224
-2878
3115
8427
-6413
3081
-9586
4265
-8622
-5223
-378
-8176
-9824
2814
-9839
-3329
-6462
-8735
-1165
28
-8370
1778
1586
9162
-7142
7180
-9494
5429
-234
-5801
-814
-6312
21
-7637
6959
-7735
3818
-1745
-3432
-7520
2690
-4707
4843
8541
6611
8772
-9579
-7363
1106
-6066
9776
2538
-4132
-6663
-7444
-5573
-7500
6093
6426
3020
-2441
-6036
-1835
6251
1836
-5489
1094
5155
1148
2097
8810
9922
5059
5697
-4513
-696
4753
6639
5398
-5772
-6541
8267
-8109
7907
-5482
-1518
-2206
-4366
-6161
-2793
4390
-3584
-4396
1584
7302
-521
439
7448
-4972
7928
-4073
-3590
8774
-9227
8200
-8080
-3140
5553
5717
-7380
-884
2720
681
-6388
-2097
-2969
-8259
-7832
-1514
-2082
1117
107
-2370
956
-764
-9226
6878
9285
463
-6548
-7561
-1326
-1792
-2734
2394
-3381
-5774
7756
3717
-5553
-9664
-7937
285
4394
8991
-7051
215
-2961
-4626
-4525
-5381
1473
-9474
3593
-9804
-7529
7361
6153
4619
-7547
1559
-5591
6513
7734
2001
4087
1554
7682
3256
9426
-8249
-1425
-4528
-940
-4769
-5220
-6245
6487
7102
5307
678
-2775
7669
-7486
7145
-9389
-2412
-8200
4427
44
9912
-3055
6916
6558
369
-498
-1192
567
-8884
1576
6657
8116
-6025
-5090
-6305
-7415
-1373
-1322
4775
3649
2049
9042
-8423
6129
-1418
-2274
-9301
8628
-9713
-853
9113
-3191
-8427
-1290
9067
-4405
3371
3999
-6256
1700
4924
8560
-676
-4255
2493
7148
-7303
2615
7591
-7594
-6212
9329
-5234
-3224
7877
406
1037
5864
-1670
9786
6570
-4679
-4457
1414
-1068
2755
4177
3335
-4439
3047
9894
906
-9117
1908
-7878
6356
3072
-5559
-3681
-8538
-1850
8906
7839
9889
5359
-2497
-5759
-7555
-7583
-1074
-9775
-8734
-807
-2391
-6422
-1302
-5628
-4934
-4071
-356
6095
540
2900
-7505
-5625
-8697
-3032
120
-1655
1823
-9950
-8474
8799
-7137
6712
4210
6966
-3844
-6831
-4846
-6210
2849
937
3627
4122
-6809
6433
-8524
4219
3279
3008
-3256
9384
747
3662
3047
9671
-5730
1273
-2975
-561
1408
5453
3587
-9074
7900
-7097
8135
9010
-6786
-967
8268
370
127
-3096
991
4266
-7618
412
4034
4480
7613
6578
7824
-5771
5001
-980
8646
-9272
-3114
8148
-2943
-5842
9373
2894
3074
-2041
3905
-3690
720
1638
8088
-5980
6596
7661
9248
-75
4632
8940
8686
-4318
6643
-8762
-9771
8344
-5905
4216
-3622
-5888
-2283
-4761
-5383
-1163
4043
-7519
8393
-5444
654
-6
-5308
-9036
1383
3631
3468
9981
2049
-2239
5882
4967
-6458
5877
8232
7177
7295
-3149
4729
9672
5200
4627
9751
-3955
309
-6718
3394
8016
-4297
3227
-8264
9276
5850
7283
-5973
-604
9199
7842
-9401
3260
8836
-6213
-7741
-2427
8004
-8638
-4405
3011
9146
4895
-4862
-6102
-1310
8839
3953
1084
4095
-8767
-6097
-5219
1003
9519
8271
8471
4472
4844
675
2773
6664
5199
-2879
-6083
7867
2202
8612
-1813
-2035
-7666
3496
5606
9590
7924
-2526
8931
-9577
-8941
-2459
-5507
-577
6368
-8337
-5600
8926
5359
-4302
-6367
3780
6509
1113
5757
5327
6513
-4538
-7875
3833
4212
5866
8641
-2546
5986
3850
-8756
5423
5539
1608
-1261
-3900
6374
-9424
8163
-5973
-7796
-5077
3572
-389
-6502
2493
-1020
-8048
-8134
1803
-4075
-7124
804
7022
850
-5761
-3160
-8316
5593
-9354
5527
-7809
-5486
7865
8548
-7959
448
5412
9652
913
-1742
-3855
-4473
6879
-9621
1072
-8072
-6713
7993
8246
-6703
3687
-9435
4652
2646
4294
2642
-2090
-4224
7548
-3671
-2570
1475
7385
2159
-5609
-9737
-2181
4892
-1503
2909
-8865
-1407
-2805
-6658
-7778
4554
-8490
7320
-611
-5211
-8717
-490
2147
9632
9112
9122
9454
8985
-3218
9560
473
-9423
-8362
-6763
-751
-9128
-7285
2569
-9250
5968
-3372
1013
-2507
-531
5548
592
-3888
-1479
9559
-7263
5910
-1512
6239
-1299
-3333
-320
-7730
1253
2025
6511
8353
-7100
9989
-8630
-3633
8788
-2418
-2302
-6510
-2531
-2794
8917
-9463
-6780
-9395
-9493
1012
-8929
-2944
-2319
7637
6627
-1851
5146
5027
-8712
-1148
2956
-9418
-4476
6087
-7710
3925
-8453
8894
9816
7276
6510
8455
4054
6794
-2744
4409
8385
5169
-7267
4076
-1430
8742
-300
6873
673
5604
-1258
510
-4080
8621
-522
-2794
2613
2148
-106
9140
3542
-8191
7891
7173
-144
-4071
-1395
-2308
-1187
-1740
-6640
-7409
5902
5393
-5439
7923
-112
-4771
-2923
701
4689
-5808
6000
-7006
1115
-2258
7937
-5084
-1885
-5460
-6700
9272
-8653
6104
-5868
4991
-6461
3814
-1495
9959
-8927
9231
6516
7385
6506
-1716
2927
-4804
-4330
8194
8996
5756
4419
2879
1089
-3575
-9117
-1305
-218
-3917
9408
-503
2048
4061
-4418
3221
-1607
-9187
6728
-6670
-7603
-9587
-4664
-261
3695
2219
1133
-4786
7397
9722
-3824
-9433
4698
-4663
-2247
-9940
4542
-1055
-9289
-3704
-325
-7719
-3675
3379
-3236
5558
3621
-833
2216
-484
-108
-5699
5079
9138
4406
-2434
-9049
6265
-6535
-833
2752
-2045
9408
5378
-8373
7766
3954
5664
-2510
-3617
-8803
407
1830
-3632
-2260
8031
-7529
1025
8042
7461
3359
602
-7433
1751
9183
2520
-9818
1702
2333
-4934
4585
-2455
219
-7354
3239
158
3615
8258
3531
-8970
-866
1942
-6821
-7115
7975
3221
7755
7942
5728
6101
-4878
-1072
-7336
9409
-5449
3608
357
2777
5810
-2973
4002
-6117
-1940
4590
1577
-2495
-705
-8731
-5873
9392
-2399
3255
-1569
-554
2528
-3564
-8262
4534
-797
5703
-4080
-3230
-1768
6758
8973
-4199
6701
2168
-9277
8997
7566
6265
2672
7060
9171
8684
-5016
5171
870
-9172
9355
-6913
8464
-7386
3677
-7896
-631
-1280
5936
-7882
-4737
-8136
-273
9324
-5376
-7033
3274
-4097
3608
-3073
8758
9531
7036
-59
-6056
3967
283
316
5804
5829
9865
-797
-5112
-2868
9639
6572
8355
1245
5220
-8633
-3996
4561
9077
-8498
5191
8727
727
-7282
-885
3790
1011
8212
-9767
266
-860
5914
-3754
1176
8744
-4381
5530
-3438
4297
-7513
-9549
-4096
8392
339
-2628
-4758
-6460
1014
598
8702
-160
5740
-9102
128
-8949
1308
9867
-48
7347
4370
1691
7797
3828
2606
111
7965
-9241
216
8783
-9932
-5010
-7141
7106
5568
-5634
8502
8067
9822
-682
8630
6612
-9580
-5238
-5507
-1717
-1955
-7681
-6314
1279
-8691
-1817
7521
-6543
9399
-2985
1439
-8553
-7606
4777
893
4638
-1964
-4708
-192
1744
-1278
4135
8807
-8985
7884
7976
7991
-1677
-6876
652
-6815
2966
8064
512
-1942
-7274
2604
2085
8076
-8935
3079
6916
1140
-6128
-9912
2668
-5926
7750
2392
-9953
5172
-5159
-414
2589
-6883
5444
7255
7073
-2000
6056
-5663
6864
-5557
-8475
-9453
7810
6674
8737
6882
8060
-7626
214
2990
162
-5534
-7616
-7237
5622
-3896
8439
2320
2560
-356
6355
2331
-1786
-9154
-4276
3838
-968
-595
9313
-1736
3034
-3353
5859
-5358
-4664
-4548
4021
-4730
-5071
2333
612
-7415
-3641
3638
3755
-741
-5017
2363
-8672
-2309
2928
6367
5316
-9271
-1505
-2715
742
-2021
8836
6829
4639
9959
8203
-5592
-8452
-5442
7560
-1711
-8654
-2369
1893
6900
9779
499
1274
-6059
1586
6373
6440
-1081
1561
5530
-5200
-600
7063
1076
-6545
-7903
1066
-9622
1434
-9533
-7153
7658
-7497
-4200
739
8674
35
6228
2367
-6170
-7224
-990
3219
-7784
4084
-1773
-6474
-1617
651
6762
-2455
-7122
-675
-7397
110
7432
5919
164
4794
-7688
-3839
8826
231
1033
7025
1763
-9822
-1176
-5470
6553
7440
8336
6932
5073
3415
-7223
8648
-5897
-5615
-2999
4422
-7735
9563
653
-1204
6043
-4547
7843
-7426
-6022
-8565
4014
-8522
4034
3566
-2754
-9589
1139
-7655
-7719
-669
2759
-9648
-9834
-9581
-1700
-883
-5533
47
-4465
1047
2098
-9194
8851
-2537
4455
-6902
-7765
-431
-6016
7080
8311
3806
7940
5110
1867
2918
-2507
-3468
8156
-7402
-3422
9599
-6728
-3338
-5245
-84
-7752
-9878
-8312
4088
-1341
-1602
-3605
-3128
3702
8989
-1677
-4128
5239
-1956
7440
-8395
6381
-759
-9015
4928
-9670
-1872
-4282
-3204
-9081
1284
1924
5690
2702
-3966
-3478
-7717
-382
-5429
-1418
6726
9771
3324
-9763
-3005
-5814
8943
-2469
-9837
7511
7839
5002
-4074
-3671
-8471
3932
8159
8887
-3860
-1074
-8154
2548
1658
-6744
5092
85
8477
-1211
-1335
-9011
-850
9869
-6195
-2217
2850
6270
-3956
4974
-2371
-565
-137
-9543
9184
5532
407
6821
-4154
-6312
-9819
-8034
1378
-7705
-2429
6233
-8844
-3371
759
-465
7926
-5023
-8995
-5362
3692
4739
1472
-91
-7546
6650
-2984
-6271
1253
6972
1303
-5426
-5788
1630
449
-5758
2760
9627
-3442
3642
8534
9365
-6902
9506
9608
94
-8362
-8905
-8456
-2350
-1867
3835
1780
-1067
3241
9763
7490
6356
-8850
-4531
9993
2899
-2861
-780
-8080
-7801
-7830
5891
7141
-6048
-8089
7010
-9362
-1664
6340
3095
-7807
2964
-8718
4801
-5248
-6875
655
5510
3904
-4490
-1749
2606
6234
6312
-7501
749
651
2481
-6323
8147
-7554
8870
-6399
4906
-4190
-494
-428
6083
-54
9664
-6875
1306
9152
-5150
-5923
-4444
8670
-5326
5720
2563
-925
-8678
-2988
6717
-2436
-5882
9090
2091
2685
6029
-5384
5657
-5864
1037
-5607
3431
2216
6647
8126
9086
-550
2931
-8000
9769
-3206
2042
3236
-6093
-8781
3697
7096
3563
6437
2937
-2605
144
8517
-2086
-6054
-1754
-3303
-5437
-3331
1590
695
-4971
8236
9666
-8589
-9499
-1361
613
-4873
-1072
-2057
6899
2274
-2950
6842
4818
-3421
-6388
6909
-6421
1493
-9319
5644
-9683
-8910
1296
-20
1709
-4573
9415
-133
5994
9336
4993
-4250
-4686
5770
6315
380
-9016
-9462
-5582
-8136
-7616
-5941
2851
-9555
-2476
-3191
4252
2621
-1596
-6132
8410
-7177
-9712
2637
-4212
8584
7704
-6891
-8690
4153
3974
8571
-9775
8234
9786
-5477
-6464
-4243
6858
3820
8866
-8839
6941
4364
4057
-2582
7308
-3868
-4592
-4026
7006
-4634
-4736
-2635
-2881
-3455
-586
-59
-9706
4586
-5918
-6392
-935
8843
5267
-2670
1349
798
-643
-8507
-6727
-7799
8155
2616
-6283
-3070
3707
-2855
401
403
3258
-2349
85
3067
-8640
8135
4164
1344
7877
9808
7773
-7578
-5404
-9199
-5155
9206
-7926
3249
-5216
-7561
2927
3937
-2455
-5312
-8984
-7835
-9449
-7554
-7326
8053
7010
-2768
-5918
6706
9832
2932
6507
537
-3766
6746
-4354
-9697
-2118
-9780
1927
-5189
8577
5891
6438
-8053
509
-2535
6073
1729
-6172
9108
629
4191
-8130
-3330
-2031
4194
-8553
2431
4604
-1794
-6680
-6354
-9920
-6794
-312
-445
2836
-4093
-3297
1023
-8164
-2846
-2999
-1203
288
6711
-58
6846
2381
2745
-868
-7669
-8331
2143
-7275
-7276
5490
-1063
-697
-5257
-4859
1483
1329
8657
-6566
-2073
2945
-5175
4093
6789
4787
965
9885
9802
-4828
3232
5054
-6723
4440
-6583
-7908
9183
193
5143
2088
-559
-9245
5196
-5105
-7694
3905
5953
-2354
-7085
5348
-72
6752
-2850
-9577
8138
-6960
-1158
4164
5244
6589
9798
-5608
-6695
-7492
-744
-7471
5148
2259
-7640
-5795
2055
-91
8734
8103
-1961
-2166
8082
3114
-7827
-4375
9232
6745
1482
3084
783
-9248
-2021
2136
6977
-1919
1564
-9388
-840
4313
-8833
-86
5633
8072
9026
-1146
3466
-6993
-4697
5353
927
-1318
-7844
-43
-1956
2136
2689
-9677
8083
-597
-1864
-8761
6389
-6470
2503
1363
-3169
-3350
-8853
-1377
478
-3250
-6319
1599
5446
-6290
2059
4131
7508
-1527
6705
-6154
-9617
6569
4558
1479
-2925
-4977
5930
-2326
-805
6261
5381
-9166
4478
8673
3104
9675
-5194
-6035
1977
4701
7144
7904
-8076
9293
-7813
3771
9058
3638
1544
2766
-927
8118
-7184
-1009
-9379
9662
352
950
-8300
-1133
974
-4140
8070
8075
1096
5999
7090
-1219
-5954
9228
4180
-6873
4418
-3251
-7211
-2712
6023
-2116
4284
7747
1142
1529
-7852
8802
594
3962
-572
-3578
8362
7690
6784
-1598
1977
3166
-6063
-9152
2975
-1137
2280
6195
2482
-3830
-9033
-5728
-4943
-8705
3574
7689
-4429
8194
-5936
3023
5137
573
-1098
7593
8908
2466
-3928
9680
5504
5956
2407
-9880
9709
-9601
3420
1853
9328
-7713
-4665
-4085
-6956
4411
-2145
-1592
1164
9364
-7456
1202
1891
9483
9631
-7216
-7963
9277
99
4745
9452
-2829
-6963
302
-3104
-6829
723
817
792
8938
-3610
-7581
5873
-6554
-6521
2764
1830
9086
-8150
8875
7887
-1400
-3025
3867
4417
-947
-4678
-8664
1562
2738
2321
2763
8706
2980
4921
6947
2817
-994
-8107
4867
1507
1094
-5879
-8667
3142
5688
-6509
8033
1311
2314
-8564
-6557
-4575
4816
-5880
-6349
-8560
-5849
5418
4048
-6044
-7924
5959
-3156
715
2546
-6714
-4523
-4382
-2228
-1192
9949
-5675
3086
-3814
-7286
-8581
8070
-7336
2407
-9232
8964
276
-2176
3461
8644
1985
9383
-6795
5305
-5294
-9904
-3658
1925
-8570
6444
7548
-3281
-8689
5418
6935
-4051
7835
-1060
-8742
1088
5364
8361
-3174
6041
-5842
-4697
4904
3053
-4161
3006
7980
9399
9552
-8346
270
4861
-5268
-8169
6550
618
-2160
2406
-7636
-58
1020
-5337
-8401
995
-6388
-3261
9722
-5455
-6866
-5252
-8674
-1726
6837
4993
5860
-5638
-5413
-4901
-40
-1586
50
-8601
6978
9569
2519
-373
-5280
-6468
1937
-4567
-3925
-1146
8501
1574
5848
-3407
-6320
-250
5136
747
6281
1400
-1762
7392
-8489
7098
-1870
-5211
-272
870
-9306
-355
2342
3464
9121
-8397
-739
-5246
8538
-7791
3688
9053
-6329
-1490
7822
9349
-966
-1878
-6167
-6176
4224
1493
-974
4357
-8942
5787
6372
-2155
-275
-4531
554
4312
-4049
6606
8809
-7907
8324
6754
-277
-4217
-3092
4113
5674
-7974
-7298
-3879
-4765
-1240
5676
3338
1887
2879
2507
170
7702
-2576
6977
-7700
-6412
-4734
-9280
-8486
-4968
-1412
7057
-5265
9414
-931
8950
-9488
-3146
-558
-2252
-2588
3659
-525
-7002
-226
-6486
2890
7035
-140
-678
4302
-810
7424
5787
-2574
-564
-3171
1930
-1303
-1592
7166
-464
-9265
8921
2210
3259
-3845
5546
3185
-9393
9285
-416
-7079
1420
-4487
-7511
-3632
-7424
-6527
1819
-7510
231
-2486
8365
-4368
-710
286
1119
4762
-1718
-9495
-2530
-9038
-9910
-7436
-8747
-8369
-7367
7063
-7601
7599
1553
4686
3656
-1929
9191
-6478
2567
-6385
1712
3088
-9548
1594
-5847
3044
-3331
-1934
-9265
-2841
-2493
1424
423
6752
4293
6837
-6005
7951
-8225
-5689
2932
5341
-687
-4279
-9413
-2718
-1341
-2934
9007
8635
8962
1776
-2769
5045
-7474
294
633
-3701
-8013
-1561
-8853
-9997
4892
-9060
-2848
-1395
2556
3950
8660
-4031
-7500
7370
7986
6473
-6485
-8913
8075
-3479
-3756
-5195
-8896
-9808
-7078
8509
-8660
8454
-4426
2660
1953
-6222
4486
9136
1461
-4346
933
-80
-9026
-1462
-1863
2541
-1150
-7537
-5695
7224
4702
5672
-4774
8093
5314
4604
-8717
-6808
1992
4649
-5138
-4846
-6932
9504
-2553
-7406
-3955
-455
9590
4214
-9070
-2388
434
2066
9813
-214
-5496
3807
1571
-3477
-6612
4705
9975
-2515
-4155
-5071
132
-5209
1747
5834
-2383
441
7948
9909
-5241
3288
8423
-8870
-4858
-2143
3537
-2213
-1036
5430
5743
-249
-793
2919
9103
-4923
-877
-5024
1172
-6161
7624
5218
-7456
-3904
-8509
6453
2534
-4049
6307
3940
1756
-8098
-2136
9099
-3829
-6168
4519
-6484
-276
2159
-8565
-3643
-4062
-4683
-9881
-2084
-9731
756
3770
2641
8233
-8299
-8319
4483
-2737
4264
618
-9516
-5579
-4892
5674
-6403
-4242
2805
-9141
-5032
6703
9586
-8533
2646
-4525
3856
-7200
-8401
2660
-8326
79
-506
7497
-2083
5309
-2504
3968
4394
457
-4709
2559
5680
9929
6837
-5973
2047
7135
-2921
8710
-7129
345
-53
576
8788
4593
-5780
-3195
7301
-2397
-6920
-7819
-8702
2457
-6426
9367
-7682
-3016
-4796
3777
-1099
4060
-513
-4692
6242
-357
-8061
429
4651
-9685
-1355
7587
4879
1229
7451
6177
7547
6701
-1331
8599
-377
3139
4105
2692
7171
641
3843
-481
-6759
3022
816
-9354
8680
-9670
-7021
1842
-23
756
-817
-2818
-3552
-5342
-4125
6183
9076
-9871
1605
2470
-2426
2438
-6209
-7008
-5131
1241
-1512
4987
4077
9383
-9371
-8447
-4032
-3682
2094
-5566
-2954
2062
-9577
-8864
2249
-8929
-8516
-5491
3098
-2074
-7378
-1330
-4579
5159
8274
5773
-3375
5580
6818
3581
9167
-5898
8834
1420
-1299
8924
2269
-2615
-4768
5727
1353
3703
5051
5334
7173
3690
9805
6783
6802
476
6174
-3578
-4656
-8009
5063
5808
4705
-9907
-870
9366
-1208
2316
-5438
-8066
-4094
8617
741
2886
269
-1999
-2674
-4720
-8688
1512
-6176
578
-8022
-5034
-7454
4526
7796
9466
-3084
8863
7203
-6651
-9416
8279
-398
-386
-3890
-6691
-4258
-4999
711
-2193
8762
-1547
1180
4205
-1491
-9638
-2778
2384
6898
-4903
9129
287
-3930
4829
1745
-6027
7367
-7815
343
3708
6094
-9688
6636
-3358
3179
2864
2081
-3168
8946
-1757
7110
-1382
8083
-5364
3156
8530
9983
-2970
-8889
-5965
7075
-7086
8158
7118
-369
-3064
-5359
-5795
-7035
4730
578
-6233
6756
2548
-7628
-2317
4702
-9769
975
8974
-9216
-9006
-4740
9552
-6224
6977
5080
8265
5518
-4548
-6215
8183
-9965
9736
-1003
9917
-6044
-1779
-6039
-77
-9417
5904
-425
-1524
7920
7058
245
7632
1983
6426
-6441
-9726
997
-281
2473
6333
-2725
2161
7554
4815
-3856
-614
245
-2321
5241
-3756
-4205
7064
-3491
-8755
-1557
6570
-8051
2834
-8167
-5596
-7652
823
-4932
-9349
-6321
-7832
-9447
5814
3463
-6431
-9206
-1489
6951
1412
-7824
-7544
-3442
8214
-7834
7690
-5861
-1449
-4772
9782
341
5012
9449
-9567
7272
2874
3421
-3642
-6211
474
-2854
-8762
9377
8943
2090
-5983
-1369
-7764
-1342
3451
8123
584
-5568
-3128
2660
3533
-2370
-6588
-4819
-6108
-113
2738
8549
-8600
-9073
5631
-8374
-8909
1467
-5810
-6368
-4057
-1209
-7787
-686
4815
823
-9362
1555
-3836
-8981
-5338
-4872
-1067
-642
9875
4910
7612
-4561
-7242
3125
3798
-7642
-2837
8513
-6510
-4548
4218
5061
4692
-9394
-8918
-8054
4170
-2853
-9050
5764
-6126
9676
-1916
-7472
-7366
-2862
-7906
-4086
-84
-7689
4321
5205
9267
7930
-1456
-3755
-6512
-7596
3665
-787
-2843
8705
-2704
1809
-2216
623
-6600
3449
-2795
1652
3156
1634
-4847
5280
-6476
-6487
-721
3207
9791
-9364
4412
4306
-4396
-6630
-657
4780
-4114
-1576
-8092
7084
-9879
6753
-5200
-7462
-5620
9437
4440
-3191
9883
-3025
-4532
934
-4205
-9665
-5104
3474
-7922
7267
5134
-6854
-9844
3306
8000
6566
3773
7426
-8775
7952
7872
-1088
5771
7467
-7873
-7365
5217
-6437
7753
6561
-1128
2706
848
-1578
8291
-7517
5936
-333
-492
5588
-9584
6656
4396
6271
-1191
-7744
-5046
9631
9778
-5883
-2400
-7182
-4689
7795
1856
5699
-5452
3168
-7613
7636
3013
7747
-3802
-3746
6972
-5399
7679
2529
-4397
-496
2163
627
6391
-4144
6494
-8530
9552
2065
-3892
-5834
-5796
-759
-8831
3767
7508
8344
2889
1552
-5974
3503
2008
6457
-5829
-41
-495
-5858
9022
6763
-1534
-7762
137
7901
5617
-3096
-8095
-2428
6092
2562
-7716
-8985
-5940
9353
-8322
-9444
-5113
2992
-9827
244
8984
-7302
-118
3759
4094
9233
3306
-8201
-1306
-64
3654
-7547
-2261
-7349
-141
-6893
8531
-2964
-6544
-6146
2987
-8810
7972
-552
-4446
-2390
-3405
-2752
-7913
-6276
8404
-4563
4456
3600
-594
4992
113
-5327
7941
5182
3610
-4567
4352
5519
-4779
2097
-2860
2304
5618
-9694
3906
-3125
3901
335
4102
8915
-9038
-4897
1125
-9862
-5305
13
-9185
287
9318
5218
6512
-4887
-3003
9029
4383
-8643
3939
1249
-5684
-1047
-5838
-4960
3424
-579
-6778
-4315
1832
-2727
6130
-1903
4811
-2107
7700
-2396
-7065
5941
-6541
7099
7129
3809
799
-13
-6966
2994
4731
9008
-8488
3474
-7230
-6360
-4641
-3629
4323
1840
-5560
-4250
-528
-1129
6480
5255
114
-807
-3860
-8168
-7420
183
2175
-8313
-452
-1631
-1586
1904
6319
-6567
-4045
-1262
-5697
3314
2631
1108
-1122
-7169
8098
-3488
2993
3466
-8769
-5103
1602
-3288
-1776
839
7718
-9064
5961
-6526
-2792
5698
-6164
-9958
7238
-6454
4557
7477
9020
6538
-8678
6788
4652
589
-2309
-9012
1253
-562
4328
8039
-728
4690
8235
-1781
4817
7355
-7156
6458
5330
7395
3153
-5699
8543
-1729
6848
-1029
-4723
-498
8897
7101
-7407
5108
2539
4872
-3436
4287
3144
-1579
-3160
8067
-5843
-4049
8191
3395
1853
1766
-7000
-3638
6838
4420
-263
9169
7997
-2878
-4107
-1564
3542
-8352
-6768
4899
-2192
5071
929
274
-6300
938
9953
2612
9838
-9541
-9069
195
3812
5052
9599
4327
6359
2141
7395
6841
-2829
4793
-8748
5095
4794
8972
-1625
-9185
9455
-9736
1306
-9486
-6893
-5837
-6323
6335
5807
-9207
4099
1922
6834
5962
9740
-4735
-8447
1677
4654
1793
-4772
-826
8369
8584
-4630
1169
6981
-4034
1747
3661
-3474
-7152
5501
702
-7419
9888
-1901
-1201
8767
473
-1001
-5909
-6439
-1701
-4751
9022
-2946
-6119
-2234
8608
-6466
-1835
4159
-5186
1134
-7376
2994
206
-1216
9507
2699
3864
8196
4046
-113
-5577
-3126
-9256
5773
-4750
9424
-8936
-273
-9479
-2041
-6068
-6070
5573
-6185
3010
-6223
-6430
8355
-7456
-7781
-1443
-6816
3458
-9492
-4821
9744
-9760
-9109
-4230
8178
-8202
1525
-6835
3791
9322
-7350
1505
304
-1477
6544
5993
-3811
3845
-7713
2340
-1134
-7084
2134
-5242
9209
3820
-8593
-4646
-9313
1374
-2357
6760
-3347
-1865
-532
364
7753
1113
4116
-9874
-864
8385
1334
-600
5410
-6359
5019
-4841
-3535
-2684
6248
6860
4517
5321
-2091
740
-9550
7213
46
4657
-4880
9605
1782
-3341
-5737
-1828
5492
5687
8940
-729
2715
6356
2023
2656
-7711
-3606
2646
-4675
-8221
-6443
-9027
677
-6470
7851
-5962
-8912
-9947
5078
7332
6652
-8465
7953
-5986
2867
-3613
-7582
-5106
-3418
-3138
-8281
-1077
3008
-5433
-9077
6629
421
6527
7544
-9506
-3483
4504
-4693
9476
4391
-1561
-1701
-9448
2183
-3451
-8420
-9558
-387
6456
5888
-5761
-44
8551
-7672
5917
227
-5913
9871
8121
5961
-4961
5572
1766
-5624
-2354
9771
-9143
9670
2704
882
-7310
-1916
-4608
-1765
9850
9348
21
-5486
-4837
7196
48
275
1009
-3265
1710
-2927
8523
-1049
-3367
8916
9067
4063
-1792
-8129
-6458
4823
2578
-520
-1058
-2431
6392
4115
-7002
7157
-9332
-210
-1957
-8419
7975
-1568
-9141
-7240
-2455
7646
-3044
4267
9416
-1622
-5946
9608
-9179
4784
-4431
6931
5652
6013
-4495
3257
-8371
-9905
2841
-166
8460
633
-4619
4144
1197
-4426
-1237
-5879
9244
5798
-6949
8733
9819
4552
4508
9883
4119
-3321
4864
975
-8744
8342
-48
-2328
-434
8774
251
9331
-1502
9461
8628
-1637
2672
6399
518
7512
9399
8085
586
6127
-8581
7404
-6704
733
-7367
5490
-6997
-4451
151
9242
-1685
-5076
-4506
3059
5701
7957
7790
4492
9946
312
-1606
-6809
2360
-6558
-8586
-3796
-800
3505
-4267
-4059
-4400
1639
-5820
5194
-4013
-3122
5258
-2689
-5949
8009
3253
-1338
-3042
1139
-9804
-4819
-9768
4376
-8438
3678
-7027
-4949
245
-5670
5809
4350
-9757
7073
3394
1253
5553
-1657
-9950
3629
326
1956
1609
5510
8512
-3892
-762
932
-5809
-6627
6096
8635
2796
6679
5271
-6001
-5163
7751
-8393
928
8148
-2530
5382
973
323
-1823
421
-2823
9613
696
-3882
-1002
-6152
8164
2474
1642
7646
8571
4610
-1644
-6365
5291
9730
9234
-4211
2305
7489
1913
4485
5056
1084
7300
2821
-255
-8651
-5526
-8531
-657
-6121
-5795
-4682
8686
-6523
-5874
-3501
6656
8815
5350
9281
7647
-3566
-2689
7552
-9294
-553
6429
-4550
7746
8531
7138
-3091
-1603
9570
-4300
-5867
-8317
-4543
-4830
8095
5575
36
-8621
-1213
-8265
-7445
-7480
-9735
-4152
1345
-1146
6048
9889
7830
3087
8955
3266
-7504
-1430
7899
-2681
5071
-5597
4626
-7348
-4641
6996
-5195
8273
-3373
6698
-9016
-6339
5454
-6502
-5470
4192
288
800
-1683
5821
-3063
2203
2285
-724
8790
3617
4257
2589
-6054
-5742
-9292
-8490
2245
-610
-4256
-5561
-7117
-6898
-6948
-8417
5666
7093
2631
3440
3709
-8256
-720
5270
7730
3089
-9429
6365
2705
4629
1840
5411
-7085
2724
2047
4840
9609
9017
-2255
-2955
510
7074
8264
-6798
-1214
-3558
-1520
-6646
-588
5157
-4833
-1375
6424
7032
5696
-4313
-9599
5020
8408
-6269
9521
1828
2758
3291
-4617
-1053
3943
-5000
185
4986
5300
1271
-8418
-8003
4997
-7535
8219
7263
6516
-3614
-1001
-7708
7298
-4103
-9641
8575
-6733
-6061
-2851
-8694
-5323
-7019
-8378
7997
854
8665
-2525
-7789
-8099
1068
-3389
6013
-7414
-8922
5775
7335
-5797
-8494
-9395
3012
1663
2413
2249
2166
-5638
-6926
7670
-7507
1237
2364
-436
-5671
3884
8178
7768
-2207
2801
-9234
-8127
-2167
-936
-1997
-3112
-1177
-173
-3808
-2167
6220
-70
-7585
-828
6902
-78
-605
8151
-2828
-6540
2958
-8922
4731
1460
378
-9105
1317
-6840
6874
2984
-3066
-1052
4913
-4435
3419
-7814
-428
2673
3306
-793
8871
5253
1182
-1953
3622
-6702
-9990
5429
5693
-8088
-1081
5481
-2150
63
-8107
-8112
5075
9274
4289
-9020
-2038
9774
2638
-2444
6997
8664
6159
3085
4145
6128
-8909
-3624
8057
1624
1330
2955
-3416
9303
3614
-6393
5484
-4763
2353
9480
-3818
-6215
8057
-1824
-1970
-9348
3603
-6734
5385
8445
4831
-3193
9221
5309
-9185
-8818
1788
-2275
-9344
1286
-5892
7541
-7125
-4842
-6496
9906
-9831
5324
-2020
-7251
-6482
-4857
803
8706
2268
9773
2746
3935
-7859
-6025
-2294
-695
-3616
9634
2683
3787
-2118
8569
-1735
-9982
3412
-8719
-1106
-4230
1741
-1727
5807
2639
-9327
5423
7776
-1799
-7887
-401
6604
9278
7676
655
-7451
1929
7626
5440
7216
5758
8137
-412
5559
-6896
-9676
-7445
-4177
-5903
4872
2748
7997
-9305
-3791
-1161
-7995
-1532
-4297
-1878
-124
-8063
-8663
2203
-1717
-3966
-8671
-8716
-3453
8720
-6228
-4093
9639
5774
6268
7613
-9482
820
-7938
6648
-7468
-8137
-1446
3880
695
5932
-9730
9266
-6558
-792
6768
-9616
-9306
-3346
-7510
6227
-2849
-8093
9678
-6162
6873
5278
-7514
-4726
-6804
9068
4258
-1246
6029
7547
-9813
-5934
-4281
-3719
3203
-9142
4083
1699
412
5465
9539
-5210
-6983
1998
8283
5310
-2563
-2891
178
-6982
-1372
8590
7929
-9243
-2384
1564
2130
2265
7572
-4924
1196
4693
2015
129
-9773
7654
9057
-2803
7398
-4708
-4540
-2309
-4853
1715
-7457
-5206
-4443
-8196
2874
791
7555
-6263
-8652
-4807
1066
3841
2184
-2614
-2413
9036
1120
192
-7327
-6826
3599
-8846
-1919
-3322
6103
4216
-3609
-4964
-3960
4245
-3219
7578
-2272
8435
-7090
4599
3316
-319
-1638
-1810
1211
6111
6507
2248
4830
5292
8860
-8480
-5214
1588
5789
-8247
-7660
-8441
3391
-8769
8792
5026
-3903
2178
-2733
-3021
984
585
7123
-6913
-4899
-2178
-8069
9181
-4103
5559
2630
-3765
-5969
-5524
-7801
-2608
-4975
-3707
-5761
4519
-292
6057
-5227
1081
-9125
2822
4623
-7236
-6662
3511
8397
5105
2872
-7740
-1683
9458
9646
2848
6444
-9836
7325
2745
-7696
3186
-9950
8987
-1605
3180
-261
5498
1931
8846
-9864
-2107
8640
-5626
9084
2568
-9950
4451
8343
-9358
-6866
-6044
9043
4948
-2663
-2506
-3566
5572
1500
3273
6763
-3567
-8417
5686
-597
9441
3734
5199
7456
1990
-4013
3725
-5238
-5586
5042
-2392
-9455
-5171
-6856
5798
3224
-4125
1475
-4586
8535
1547
-100
-8642
-4799
3958
-5197
435
-5014
3931
1085
-5704
-4517
-4510
8843
-8038
-8438
-5484
3063
3942
411
1210
-7319
-9446
-610
-5837
-7432
-9852
-1010
1576
-2681
-9717
2051
1452
-9058
8737
-860
2166
8938
-4488
-1808
-807
-3047
2125
-1696
-3894
9810
6573
-9749
-5369
-3069
528
-3362
-1486
-8389
4131
-6552
6862
-7338
-894
-1090
217
-3811
-4171
-5488
-4125
-9681
2945
-8661
9922
-9703
-8698
-8788
8469
8680
-5218
-5092
-9210
-7394
-2562
-871
-4235
-1506
-3323
-4683
6348
3458
4244
-5672
-6314
-79
-1339
-6657
-3830
8590
8753
-46
-5780
1445
3653
-3439
2659
-9428
-7658
-6881
1442
4304
5351
9840
-4808
4863
-2266
5568
-4136
-7571
7808
7018
-9963
3741
-5485
-1173
7716
-7600
5653
9330
-8369
-3148
5728
-3091
4826
-5511
1155
8402
-9805
-5765
-8123
-4052
-4810
-5882
9353
-2791
-7150
-297
5441
5163
2875
-3977
1896
7156
-1845
3041
9353
5303
7850
-7867
6396
4543
6379
-7856
736
-6192
-7358
7196
5332
-1994
762
4134
-6192
9679
1127
2043
-7812
9436
4508
-3074
2552
-3156
-9320
-7668
-7202
5334
4337
8110
-2497
3979
9828
-5084
1648
-7324
-7924
8627
2840
-2119
-5558
4510
-6962
5369
352
8485
8050
-1679
-3967
-4801
-8890
-7443
-7340
-3688
-7744
-2802
-4944
-3942
1378
5214
-2092
1143
6854
-8249
4028
3719
-2716
-8341
8609
7301
5855
-3314
-3327
-5113
-858
1285
3628
-5349
944
-2448
5482
-3377
9629
701
-7457
9381
3958
-8414
-7454
-5992
4217
-4199
9787
-6596
6330
6462
-8653
9070
-7847
3241
-7644
-6530
-7812
2140
3404
9702
-5784
-5576
7157
6795
-5287
-4555
-1007
-1991
7413
1633
9958
503
-3777
5833
-4130
-8137
-2017
2706
-7500
8216
9898
-1811
-1197
-1755
-6548
395
-8316
7142
4782
-195
-7949
-2839
-8717
1357
526
3644
1338
-1178
-1824
9225
6463
5344
8151
7771
-8138
-2885
3954
5090
-9300
6370
7052
2270
-3885
2560
7548
-5292
-903
2475
-3953
-168
-7568
-3606
-854
7765
-2471
-1007
4347
5617
7909
2953
8417
-6287
-376
-9618
-2474
7150
-8255
1668
8576
-7354
-6547
-6148
-4353
1256
3364
1189
9047
-1957
-3181
-9163
4381
1786
-6198
-1209
-3456
5593
-7012
5082
6692
3628
-1914
9477
2597
3334
-1110
9929
6199
440
2593
-4829
4854
-5802
4260
4098
2403
-7022
5015
4840
-6535
1942
-8148
-654
2430
3467
-6190
6186
6264
5578
2507
8935
6133
2409
-1740
1588
7674
2343
8082
-6859
3258
6080
-4971
-9579
9772
2793
1069
-8115
-8069
8129
-9672
-193
8628
-1104
4487
-6828
1357
-8784
231
-8986
974
4055
192
-6218
2031
-5639
-3393
-1372
-231
-560
-3461
-3241
-9993
7668
3383
-3121
7891
-3368
1919
-9726
8502
1046
1419
-3990
454
745
-5908
9881
8617
-5543
-7972
8370
1965
-4820
-4778
-5478
745
-8291
-9073
7836
5705
-9443
2398
7556
3162
4869
9028
-7423
-8301
1103
-9151
7804
4307
3519
1731
-6619
595
5618
-7491
-6836
4786
6035
-943
-377
-4899
-4912
-3798
-7448
-9339
1840
-134
5334
4003
-2287
6804
-9139
-23
-5718
-1562
-4863
1666
-7314
-4319
9034
-2872
-4112
-6721
7810
3914
9129
-8366
-3776
-4371
4168
3900
-8931
7225
762
-5844
-1680
6994
-3093
5278
2585
8274
-9455
9640
-6177
-3429
4984
3999
9257
5488
235
-2737
-260
7754
4420
-7772
-8011
1982
6085
3691
-1513
6585
-3508
5276
-1233
3186
-5278
79
-8711
8104
5380
2882
4609
1741
6597
9815
-3576
7080
-4788
3145
3160
224
-1734
-3442
-1310
-6993
9353
4174
9722
8809
-8213
8372
-5674
-6069
3165
5698
-4399
2881
-4358
-7422
5526
8044
-3626
-2965
2333
1601
993
9440
8017
1463
-3966
4921
9284
8151
-6163
-4788
-3904
291
-6253
507
-336
-4791
-1048
9840
606
-930
3175
3522
9853
-8289
-6838
-2000
9096
38
9429
6256
-3259
-9960
-9409
-4885
51
3678
9780
9055
-602
-375
4872
-4376
3501
7856
-8562
-277
7406
-9671
2739
-5874
-6341
3048
4783
3461
7920
9483
8428
-5149
-8177
352
-3958
-384
-133
884
3089
5670
3876
9483
-1014
-1185
-9787
-7248
-9601
-2625
8417
3619
-180
8334
-1549
4667
-7575
1241
1897
7241
-1046
-8311
-1206
-2506
8185
-6967
8355
-8851
3426
-9012
5506
-7814
3704
3665
-2980
-8829
-1407
-1704
460
-3232
-8928
6630
-9289
5316
-1278
-7970
1584
6925
-2928
-7926
9555
7549
-4827
4764
5704
2501
-6210
8461
9161
1629
2331
-6979
-1092
6690
7110
3300
8790
-2161
-69
1809
-8547
-5950
6993
-452
7634
-3612
8870
3408
9643
-3703
8868
-785
-1847
-5031
-5581
8116
-8039
-2643
6336
236
-3635
-6431
-9893
-1669
-7366
-1212
-6829
-5620
7213
301
-7329
1746
-7531
-572
-3598
7913
6054
4451
-9261
3089
3184
-8915
2913
4390
-9616
8100
7083
9541
4845
6649
3002
-3442
2086
4899
7134
-7723
2376
7831
8084
3979
2334
4418
1142
-4507
9214
-2492
8482
853
-8593
4885
-1465
1657
-1345
-7776
1168
-1326
5777
128
9717
4863
6551
-2428
5074
9276
1291
-2184
7174
-8726
-3546
5372
5431
7727
6941
9523
885
5335
-5330
-936
-6627
-790
-636
-4172
6442
-2308
-5961
3332
-6108
1479
5963
5394
-5996
8775
9128
4668
-7685
-7348
-7498
3806
-9648
-178
1715
5740
-7437
-9068
-1392
-7811
1985
830
5706
3332
-8665
-6347
6398
-9251
-5592
5014
285
4493
-1803
8169
-4660
-4861
8010
2587
-8891
793
-9052
-6771
-5351
9050
3338
-2637
2160
5925
-6395
1290
9019
4660
2126
9112
-2685
-8798
-3387
-2085
5691
1062
886
-9262
-3137
4625
8165
6394
4755
7963
-713
-5683
-7897
-5808
9867
-8622
-5249
-3616
-6664
6171
9694
6017
1156
7606
-4980
-4153
-2341
-6217
-6423
-5583
619
-3056
1753
-1503
7885
-9172
-3591
6127
1669
8155
-6120
-2784
-2908
5704
8522
-5701
9248
7031
8959
-2547
-7807
-2926
-8937
789
8912
-8018
-4239
7483
-4664
-6955
2008
1950
9228
-8457
7644
1914
-1761
-9472
-6047
5204
-4333
-409
-9985
4738
-4906
-4659
605
-5227
-1397
5017
-7088
-787
-2434
-278
5086
3232
-4583
9094
-6192
8242
5540
-7402
-2690
3512
9904
6095
7675
6726
-7821
3091
-4670
-3705
9011
-2476
-5305
8988
7024
6832
-3634
884
-8497
1988
-31
-1525
631
-6910
5069
-5104
7201
-1351
-2264
4862
-4023
4055
400
7490
6545
-3931
-1565
8349
-1483
-1741
9596
-7606
8041
-9958
-8499
-5707
3021
-2706
678
-2087
8349
-382
-7897
276
3336
1817
-2140
-6083
6118
-9533
1912
-1429
4294
9780
-1941
6854
9760
9655
-4051
-3025
7556
8676
-1099
-7212
4566
4810
-6008
9965
-9902
8766
1077
1287
6167
1671
-7903
-2474
-8643
-4442
-1519
-3043
-4177
-580
4744
4937
-1817
-8117
3272
2404
1019
2487
3901
-1286
-5520
9126
2900
-3019
-4546
-5457
8991
5672
-738
-9817
-8908
-6871
7107
-8844
1900
-2135
9897
-9102
-7402
-6834
-1872
4424
-2176
6850
-4506
-1025
8273
-1589
-6595
8432
-6159
-3642
8485
-6982
-6333
-7242
-2929
3334
-6785
-7663
-8736
-313
6971
-9424
5738
-510
-1594
-679
4372
-153
-1537
-2848
-4492
-6050
-8838
8653
2740
-1114
4909
7738
3782
8370
-3885
-990
-1813
2382
-5677
8479
-5753
-2752
-282
-8021
687
-1960
364
-9714
-7102
-9428
5324
8198
-7026
8018
7153
-7168
-6822
8210
1017
9246
3158
5292
-5151
3908
5187
-3602
2295
-1007
7382
8672
-6444
-3109
3884
-6732
8682
7387
6312
-9028
-5610
9392
-539
-3715
9447
3849
7647
-3220
-979
4863
9510
-3784
-407
7529
4027
5252
-8762
-6941
-3508
760
-6304
-3699
-2037
5584
-6523
8957
-6776
-4167
135
4113
-4275
9322
4287
-4789
6953
-8163
1873
-6124
9749
3923
2915
6777
-5654
-3510
-6104
6728
5325
4
-9086
-8511
9097
9400
-7941
9952
2824
-2956
8610
9539
3422
-7796
-9683
-9477
-8746
7592
3634
7588
-1720
3868
-101
-41
-8244
-7391
4628
2430
-4530
1682
-5968
-5759
4584
8102
-7381
-3510
-1758
1985
-9744
4732
-7920
3703
4347
-7447
1534
8926
7220
961
8026
3317
-2413
2575
4493
8238
4665
2921
-9447
-9500
-9554
-9362
2809
-3771
-3117
2847
-6330
4246
-1782
-6914
598
470
-4987
6959
4911
-8145
-882
-4064
-5073
-1664
-5933
-6017
-3926
-4410
-3412
-856
5608
7990
8468
-9368
7146
-4160
-6046
2730
1443
815
-7836
-4345
-957
3257
-2577
6043
2373
-534
-587
7525
9987
9262
-8677
-2399
5943
-1314
-3262
846
-9985
-8622
4751
1635
-3337
-1980
-5784
1490
-5208
-8991
1657
921
-9991
7654
-1099
8075
-7372
-4632
8052
-7265
-4708
-4141
-7387
-1813
-8585
1400
-8804
1036
7819
-2332
-4159
944
-1342
8043
-1169
179
-806
7229
765
5538
-873
-1241
-9199
6704
-4458
366
-2299
-9285
7265
-4475
-5655
-2306
8245
-7957
-459
3988
-2924
865
-6635
-4540
-8512
1468
5787
-5918
-7790
6044
-118
-7765
-6459
4220
2262
1844
-6625
-8325
-2154
2034
5648
-3407
-5843
7800
4252
-1086
7046
8166
-1757
7397
-1546
-493
8397
7068
-6976
-471
1867
466
-6526
-5454
133
3110
6952
-9210
-1342
2988
-9454
-6376
-7414
-6080
3259
-5219
-4399
7684
533
-8762
-4722
-7165
-5880
7696
-4172
-9781
9658
-5764
1091
3781
8061
5578
9376
3502
2726
-4894
4871
-5604
9005
6523
-7364
-9539
9385
-1497
3299
-3308
4153
1977
8948
-8342
-3347
-1043
5019
-1512
5535
-5513
-2577
-3592
8039
5492
1715
-6537
1722
-358
-4744
3490
-7611
-2380
2577
-3773
3142
-885
-174
-4166
-3480
532
2062
-8525
-1976
-5499
-5208
6298
-1090
3006
6814
8634
6483
5933
-8680
8413
9120
-6488
6559
1054
-6553
-5371
9999
8415
1062
-8432
-2544
-8469
-9955
-1298
7502
1254
1715
-994
4622
-7995
8060
9016
-8058
1580
-534
5703
-6380
8081
9193
5301
-6669
1693
-4810
-8913
-8641
2690
-8144
-6789
44
-7288
-9756
8946
6442
-3699
1434
1361
3280
-2426
9387
1211
-4840
-7249
8033
-9947
-3413
-541
-532
-26
-7273
-9924
1328
2278
2652
6991
3692
3658
9987
-6786
901
9757
462
6803
-1034
3007
2896
-8680
-1569
-2815
1414
-9686
-6896
7642
483
-5540
-8346
-8028
-9980
-9960
-9073
-5355
-6576
737
7069
-5385
-3673
-9566
-6529
-3905
-5622
-3440
-9811
-3712
2591
8661
6533
-3902
-8064
8571
-3740
-9495
-7867
-9164
9960
-1283
-768
-6773
-7212
2014
8024
1945
1154
583
3634
-7703
5320
-6912
1943
-646
5162
9254
-9180
1346
-9813
-7925
4763
5292
-4311
-4438
130
-5387
4547
-1861
7906
-6378
5210
58
3541
2101
-6212
4638
7897
889
-161
9286
2275
-9270
-2634
-9761
-263
-1096
4349
-1474
-3941
-614
3029
-8062
-6380
3863
-7281
-1760
-7446
5579
8830
1046
6701
-5230
-4299
3908
-2326
228
-9837
2286
9668
3441
-7089
-74
-940
-4903
9495
-64
-8034
6591
-8523
-2597
3070
-50
5837
-7841
6409
-7433
-6889
963
6065
-551
-7626
-587
-9736
-8074
2695
-2053
-2187
8187
-5745
-5535
-3513
-3790
6913
-1221
1408
4426
-3763
4809
-3656
9149
-8295
3890
8917
-7299
-8751
4833
6556
-844
-5692
-5773
3732
5642
2508
7191
-5290
-8628
-3936
601
-330
1636
-2118
766
-4289
-4940
6775
6789
4054
-2213
-243
1260
-2190
7767
-9748
-3415
-285
-1765
3140
8183
5798
9776
-8130
4784
-146
-8220
-4338
2353
6466
3800
6337
6002
-7979
3992
-4822
-3754
3938
-378
1190
906
4853
3722
7790
1940
2029
2071
-7434
-6983
-2784
-4515
4901
-4881
7361
4506
922
5927
-1491
-4520
-7878
5775
81
-5227
3551
-4628
-2420
6082
-5004
3254
1124
-9720
1801
-8113
-2662
-1367
-5294
-9520
-7950
9648
-7234
-2557
2396
-9022
-4787
-6086
9957
-4961
2813
-735
512
4271
1544
-2986
-6406
-2893
-1044
7695
-3587
1588
-2612
-628
-4710
-4341
-9615
1052
1905
1321
2295
3239
-825
3195
2820
6810
-3904
-3350
-539
-3829
4409
-1020
8012
-371
-1203
-3630
-9731
-5948
9029
-5197
9922
-3022
-1910
4722
4281
6170
9282
1111
-9804
-9459
7064
-3845
3678
6409
1718
-1794
-9212
5145
2353
2778
-3355
-8155
-3338
-1681
9473
338
-9183
7198
3747
-9678
6273
6162
5745
-3037
-3200
-4505
-1759
-1974
9637
9896
-9446
-1946
-8456
4328
-4506
-4661
6314
5325
-8397
-4199
293
6531
-4795
8570
-4088
-1840
-9906
-8184
-8761
2567
2005
6460
-3256
4056
3412
1215
9609
-955
3776
2028
-9212
-9975
-6564
-7639
-8188
-7951
-3233
6420
7365
-4652
-5443
2557
6094
5266
5037
-4497
-3188
4071
7900
-4864
-6772
-5737
-1878
-5855
-3532
3739
4006
142
4535
4681
5805
-4790
-7970
6670
2949
9180
-685
-9381
3674
6383
1530
9405
6879
-4705
-515
-1988
6433
7577
-9119
2194
-4797
-2404
-7315
9856
-1561
-7647
683
8721
-5473
7879
-1957
1940
2324
9937
-6138
-729
985
-1859
3297
4427
9318
-5670
6863
-8509
-9208
-6774
992
3350
-4207
4370
-9969
-7703
7150
144
1185
-9246
9145
-7694
-7561
1979
4030
6283
3525
-7014
-2656
-8442
-986
-9221
1433
5929
-3339
-1659
-3999
8160
-8171
3839
7731
6203
6221
-6126
-8542
3049
-7602
-4249
-1885
5302
249
-7371
-2074
4712
-7386
4087
5140
7667
2987
-3571
108
-505
618
-5911
8383
-945
-2241
716
-5476
-3101
2559
8139
-4030
-8121
-9463
-1358
3773
745
1817
-1271
8042
2832
-3279
-2066
-4342
1883
8731
1578
5220
-5484
-2036
-3020
-830
8310
-3723
-5251
626
4293
4718
9360
-7648
-9395
8056
-4901
9652
-4315
-9706
-2296
-3481
-9328
5910
-1323
-8647
-36
-1220
-3907
5860
1155
-5349
-566
2043
-6781
2574
6998
1307
-4693
6630
-7918
-5717
-7664
-7602
2990
9717
-9653
6048
-6773
4817
-7585
-6645
5072
-6044
-2477
-9785
-8083
-3435
-780
-6202
5399
2196
-2087
4449
-9746
-9700
-3739
-7570
1220
-5268
-1634
-4130
2211
-1037
-9663
8266
3058
-2725
9724
7969
-6694
-2099
-4868
6588
-6612
4239
-4485
2418
9334
5253
-691
-8266
-3860
784
6214
2012
3873
3443
-5680
-4246
6393
2806
8656
-6977
2077
1939
6891
-8990
-2990
-6936
7257
799
5044
3555
854
2336
-2688
6823
-9487
6845
-4606
999
6518
-7056
-2623
1786
413
4865
-1982
-1790
5019
3417
-3375
-8410
7830
735
1018
-5810
9563
-4414
-1458
5694
6849
3084
-2032
5465
-101
8407
-2397
-4384
7200
4372
-8546
2323
-3640
-4691
9958
1949
-1562
-9263
-3254
-3962
-8835
7002
4900
-1170
5202
2012
-4046
-5282
3678
-9485
-9832
-8144
6803
9358
-8229
-4327
9660
-3723
9308
-7115
-2142
-7887
8984
-1071
-6135
-9802
-9053
-5527
-5325
-8701
7943
-7566
-2462
8603
-6038
1179
2526
2748
-7027
-825
-4012
4447
-6413
7763
-5292
-2303
8013
9379
-6479
-3162
-1309
-4523
4612
-652
-6005
6319
8355
1479
210
1799
2524
-5576
-5628
-7722
-9397
-640
-296
7494
-6676
-9445
-6793
3017
6219
-7401
-4934
1020
4068
9539
1938
-7098
8211
9939
-9133
-4860
-6724
-8243
-6008
-4536
7249
5385
-3032
1756
6854
-8379
-4523
7841
-2822
2414
6189
-7212
-5554
-1696
-8210
-3038
7588
8352
-4284
4317
-547
5753
3330
-9932
-8947
-9371
1911
3661
1217
3817
-3988
7226
-1752
-8005
-8743
-3392
-4273
9028
-2790
-2487
-4134
8192
119
-9359
-7859
5089
7671
-718
3187
-5024
-271
-4756
819
8494
6352
6752
-3971
7434
985
-6647
-3843
7879
6082
3470
-4216
-3341
2056
-7842
-6603
8384
2019
5030
-5218
-8278
3316
8801
-692
9969
-197
-5731
3310
3382
8930
-3323
-9304
-2744
3921
8542
-8315
-5917
-7878
-3750
-9336
-6269
2773
9211
-323
-8828
5704
9878
-1684
2471
-7892
-7029
-6695
5903
2410
9649
6863
7639
4676
6856
-2437
4358
-9625
-4850
3874
1399
3836
-773
-1494
-2045
-7350
8049
8919
-7337
-4371
7982
-1638
3741
4042
8224
-2426
-5919
1472
8142
5775
1732
7673
1863
-6154
-9660
2049
-8772
703
8560
1934
-6295
-538
1257
-9594
-5575
-5846
-1658
5488
7128
7007
8124
-2170
-9945
7448
-6149
-3691
9013
5113
-2700
94
9315
8265
7968
-9103
-9343
-7970
-9998
-9371
4186
-4209
5501
-193
7036
7321
-5288
9731
6198
-1803
-3895
1276
-7139
-6235
-5160
-4182
-4011
-5347
-2914
970
-1568
5978
2907
7662
-9381
-8254
-4962
4027
9822
6240
-2237
-5918
-5726
2973
1294
-8571
4470
-774
-8361
-9366
-3127
5282
9980
-4186
3863
-2554
-6298
-6634
3710
7857
3549
-8448
-1997
-2674
9871
-9705
5592
-2872
5866
-273
-7194
7198
-376
-1424
-2272
-6105
6321
-3394
4494
-1337
-6420
2367
4965
-606
-2274
-8754
-3129
-9159
7941
3883
-7260
7393
-844
-5753
8703
9988
2610
4904
6983
-1402
8830
-7463
-3324
-9890
4339
6249
-697
842
-3418
-2457
-276
8417
-5185
9919
7341
3088
-9142
-1400
-8554
4202
942
-3531
4905
1114
-624
6596
-6972
987
5511
2236
7430
9687
-5435
-551
5734
-9232
6778
7008
-5221
-6384
-1676
5486
9899
5224
-4089
9333
-7511
8905
-6792
-7839
-3464
-1035
-7442
-810
5894
-4651
1440
4176
-7927
9285
4308
-483
-3023
8217
-1910
-3161
5298
-3106
70
-8807
5202
7374
-1406
3886
-4066
4326
1430
7180
2041
-8685
-6972
-8572
-8774
-734
-6958
-4805
-4498
-5962
-5490
-7736
-6970
3976
-4586
-3711
4022
-9305
5808
8963
-6203
2238
-6395
-3110
7840
-8730
-2344
-7387
6454
-7766
-3976
9643
-454
8004
8918
2635
-6475
-7310
-4209
-8691
-6448
-4516
5433
-9760
2389
-3754
4467
-9623
-7314
4572
9948
1526
5390
-9824
-3196
-2622
437
-7614
2573
-2258
-197
-3569
1488
-283
-7911
9939
-8863
5662
-5190
-7727
-4627
-6425
8136
7870
-6167
-1492
-6480
-7186
6366
-9722
-7618
2244
-2158
-7995
6185
-1015
1283
4047
-1550
1127
-15
6349
3588
-1399
-4743
2086
-2651
9916
-2239
3965
-7127
591
5499
1860
-4331
-5100
-8841
-2454
3318
6560
4287
-8113
5915
6535
-1322
8176
-8517
-84
2029
-3805
-7660
560
3663
7364
-7104
5723
2995
-6514
-6994
-4593
-9785
-9758
7954
-3634
5377
3586
1200
4140
-7310
-9549
2387
5101
8607
-4972
-7619
4524
-2713
3516
-7716
-145
8287
-1030
941
9606
9413
-2731
-8095
1652
1894
9342
4416
7537
1676
8665
1700
5350
-9629
1468
2728
-7400
-3452
-8439
-7534
6322
-2696
3956
1062
3424
-6908
8744
-9016
4726
8617
-6846
-3032
5284
7321
-9058
7264
7675
8241
-9365
2927
13
1798
3807
-3615
6357
-8352
-473
3757
-9134
-6637
-1535
-7723
8622
-5300
-6588
-2002
8856
-1429
-7758
5863
885
-4556
8243
-7106
4503
-9747
-9049
-4817
-1399
-4844
1012
-2348
-2758
8574
9587
7879
6536
-8752
2458
9670
710
5869
-2017
-2018
3180
8336
363
4251
-2888
-4234
8910
1890
7606
6870
5410
-840
4835
2536
5065
5264
-2886
8846
-7797
1432
9541
-2996
-8100
2508
-2474
5845
-8311
-1855
-5378
2931
-6841
333
9001
-3889
8280
3811
7176
6211
8222
5333
-9009
-9252
5056
-1282
-4975
8970
-9512
5465
-4304
-951
7704
-7162
-695
6266
-3070
-4652
-9873
5880
-2545
6161
4098
9753
5132
-3758
-9772
-9117
-9307
-1208
-5617
8467
-5290
2034
-8709
-1266
9218
-3080
-46
5493
-105
8800
-7206
3054
5076
-6999
-5380
-6611
3207
-2406
-1467
-769
928
9915
-6459
2864
-8743
-2916
7719
721
4770
7686
9468
-7161
8227
6207
-8247
-3665
2372
6594
-3057
2874
-3417
9648
-6997
4574
-5282
8548
9503
1941
-2640
2172
3882
6917
7931
6964
3363
641
-1409
-4267
-9571
-799
5025
208
8473
5884
-167
-5267
-8897
1149
-7560
5455
-2319
-5979
-8001
1331
-955
-4578
3884
3522
2854
687
-7255
2629
-4899
2578
7347
8217
564
-3950
5960
4470
471
-8888
-7503
-8278
3761
-1596
-2064
8238
-5054
9707
-8894
7015
9696
-3919
-1520
7269
6878
-115
8497
5077
588
-8347
7132
7272
-4681
-4186
-317
-3710
-4624
-6113
1260
-5541
-9806
8555
-4228
-2686
-8739
2213
4579
886
6722
6595
6611
-8019
-2807
-1261
-7956
9327
-5445
6002
4086
236
1912
2712
192
-6678
-3779
9583
-3827
7336
2971
3393
-8881
8588
3750
6777
-2036
8887
1840
9901
-1501
-42
6966
-2243
-2116
-199
-8121
6683
270
2146
1476
7577
6848
-3063
-2341
4806
6295
-6321
-7886
-9056
3151
-4120
1470
-6275
2543
-6216
1201
-3536
-541
795
-828
-9616
-7507
-4915
-8291
1637
-9132
9874
-6162
946
2156
-3929
-8261
8153
-7412
-5443
6256
-9560
-4397
-2298
-4940
3815
-6540
-9030
8608
1430
7443
-9187
9657
-2476
-5740
552
-8579
-5517
-8468
-3285
-186
3197
-340
8789
5010
-4764
-2159
-5097
5912
-3238
-8577
-566
4307
-7808
-7984
-5726
5704
-8464
-8881
-1908
8302
580
1542
3901
-9899
3040
-4710
6698
-9846
8276
-9014
-7380
-8029
-8993
-1527
1225
7291
3404
1256
-2698
-5378
-3189
-7412
8298
-1187
-5888
2659
-500
4094
5549
-2882
-528
-7167
8319
7310
8648
-2426
7342
-5455
-3790
-8582
-2545
1332
-2018
1144
-1340
1697
-9145
4802
-3680
969
4178
-1574
3111
-4671
3585
-3374
4485
1465
46
5094
4124
-6260
-4563
1241
4734
3298
2279
-257
-9534
-58
-5097
-1129
-1620
6186
-131
367
-2424
-1984
2822
7361
-2655
-68
907
180
-7856
6215
-7106
-2587
-589
1510
-7471
4091
9174
-7980
7726
164
-2474
7345
-4921
-8256
-6257
-8892
-9657
7548
2928
2478
-4216
-9299
2746
-9748
6100
4394
-5841
-9523
-3197
-4754
-8122
-6606
-6822
3000
2383
-3617
5508
-4034
6179
8564
-6249
-4381
4169
-7940
-7680
-3287
-4912
-9063
4315
4922
1374
-6594
-7315
4510
-3124
6660
-8296
9068
7053
