11560
-9823
5686
8573
4248
-2535
8824
7745
-4355
8375
5194
-1443
-6445
60
-6875
1393
-8774
214
3539
7898
8412
-5976
-5258
-1305
9984
-4087
5599
6265
-391
-5214
1255
3459
432
-6521
6457
8324
4753
-5234
6104
-2602
9416
6957
2633
6970
3161
4293
4229
406
-8997
1438
-3533
-3712
1571
2469
-6584
-5789
-1386
6057
1600
-4751
2948
-9603
1856
-5451
-6393
9976
7949
5084
-767
3765
2415
6470
-8697
-409
9855
-8089
-8653
7078
-6367
7089
-3137
-1043
6494
-1655
-3441
9077
-5560
6745
-9450
-3602
559
-4535
4622
3932
-2212
393
-8639
364
7071
5328
-640
4804
-3912
2268
-8586
-8643
3193
2781
9475
-6735
3908
4906
8168
5262
7695
3844
1994
-4659
2367
4789
-4258
5252
-8433
6367
-460
8715
7
8736
-5008
2679
-4812
-8386
6893
8813
7694
-4197
-2894
-6805
-9117
-8938
1454
-1842
-4620
9293
3669
-2559
9437
-5734
4416
575
-3850
7136
7810
-3446
1600
-6586
-4380
-6283
-2533
4191
5533
8087
7586
6997
5560
-96
-6297
6003
1513
-1389
-5164
9906
-9106
4772
-8716
-5440
-941
8439
3983
-8639
-3717
9585
-5737
-9800
-3654
2697
6929
7673
8772
-4123
5327
-757
1666
-3272
-948
8343
-2222
5272
-9472
272
1760
6561
-7429
217
9043
4857
7296
-8169
-2047
2503
3878
9741
979
3806
7331
-2232
4232
2072
9679
-285
-3488
-5136
5379
9756
2610
-3710
-9957
6699
-8981
89
1298
6299
5516
-429
8520
-3897
3037
-8728
352
-1224
-306
-1686
44
5856
-9417
3938
-7471
-8861
5678
-8576
7673
-9790
464
784
-4808
1751
-1850
3575
-2732
8058
8110
4629
1848
8711
-5666
-2922
8064
-1407
3460
6515
-7418
643
736
-8838
9539
-6574
-7774
7154
-6660
-4082
1520
-9901
2480
-5213
8582
3845
-1024
-8576
676
-2492
9922
6800
7836
-2316
1440
7415
-7447
5800
3486
-8687
140
8852
-9723
4706
-2665
5992
-807
-5392
-7724
9289
-327
8029
1247
-1578
-4354
8499
6946
2926
8757
-4616
9700
-2354
3215
5625
2110
4645
-4408
3888
-6184
-1740
-8910
7079
-7217
-2394
-5422
-5764
-3630
-796
8326
2285
230
3124
7422
2456
-1477
8419
-4299
9353
1457
-6581
9784
8535
-8801
-5236
1258
-6995
9178
4769
2866
3959
-622
-7181
-4038
-9969
-2497
-4984
9626
-1128
5491
-5900
-1016
7332
-4485
6474
6354
-6269
-4054
-4888
1143
-7101
9445
3862
-4055
9939
9795
-764
-5210
5605
-3350
6424
2562
807
6125
4538
6641
7976
6430
6109
-9533
-8982
2059
1176
4828
-3282
5028
9202
-7235
-7775
-6638
-744
-415
-8760
6259
4163
9133
-1413
-8263
-1693
-7730
-8867
9438
3207
-6046
7439
8814
-3241
2632
-804
9135
-4515
-5366
-9763
4594
-9839
-7754
-286
67
6395
-6161
8247
-2471
-1306
9754
2237
-1231
8864
-263
-6120
-7342
1787
4303
937
7760
-9277
-1675
-2976
3774
-5598
8870
-7442
744
-6603
-2925
1051
-4212
-5127
9132
-1425
-8310
-694
-249
-6778
-8175
-9605
-3661
-2895
-9121
2747
-962
-4995
-5572
6153
-494
7729
-2943
9276
-9252
3838
-3468
5370
-7053
2407
2213
-7255
1277
5322
-7742
-4476
-4837
6495
-4834
-9734
3532
-2473
1403
2154
-8243
-8411
3336
-7276
-2744
-5556
-8460
1412
5087
-7001
-4477
-4693
-9828
2151
4415
1119
580
6183
1444
7732
2051
425
-6788
1370
8251
-6325
7740
6761
-7042
7069
-9850
3226
1459
6275
-1907
6503
9773
-5059
9848
2640
9745
6858
-6707
-8788
8835
1826
-2210
-9575
2029
113
-2660
-5638
-5270
-386
4132
414
-8551
9686
-3835
4488
-1995
295
-2706
792
3042
-1009
-9988
-6781
-5545
-77
-5174
9878
5705
6145
-3074
-8179
-9112
230
191
-3253
-1492
-5308
9444
-4594
-8683
-6136
6168
9401
5121
8478
1715
-6398
-6223
-921
5853
2173
-1983
-2125
8537
5365
-7499
7098
-5527
-8161
-1460
-7257
472
9316
-3008
-8422
-4818
-4985
-6486
4609
8999
-2390
50
6541
-2261
-5176
5153
-356
4195
6827
-6793
-2281
-3656
448
7521
1005
-2692
-1521
-2557
7004
-2953
-6802
-1658
-9321
-7588
1208
9910
-1707
9224
-2890
3089
4663
1822
-1000
-5805
-3989
-5813
2267
1636
306
-5742
8093
-5720
-625
-4957
-1875
-1233
4947
5358
6231
-3886
9916
9490
6688
-4476
6725
320
-6681
7186
1872
-2528
-1698
-6996
2185
-2574
3465
-9249
1132
6057
-9637
-4000
-7711
3050
6052
2082
-8381
2131
8786
3313
-5034
4907
9795
-4015
6569
-2292
-9253
-6373
-6120
-2396
-6680
-4576
-260
313
-2387
-9853
5621
280
-6146
6833
-568
-6357
-2335
-9049
3854
-2175
8048
8406
-5992
-4282
-6652
-5651
-1906
1514
7285
5854
-2215
9937
6505
4589
6776
5664
-983
-9567
-9534
-4414
3703
7282
-7965
1459
4559
9613
7626
-5923
-9433
5082
2570
-4947
4406
4899
-2359
-4903
-7413
4536
6224
-413
-8055
1783
-3105
8720
2613
-4549
-7609
3917
7972
2614
-7527
3857
-4175
-1411
754
2661
-5056
5690
-7914
-5553
-387
8273
8521
106
-9357
5027
-173
-6144
2112
6077
-4350
-7258
6604
-4673
9985
9249
2511
7950
-9048
-4349
-1124
-3810
6442
9691
-6868
-8945
-824
-4524
1815
1976
-7038
-6954
3602
6045
-1217
-3553
2170
7562
8010
-4103
5556
9426
6912
6482
-1735
6294
332
-7997
5298
5278
4565
-9692
459
7879
-3286
5831
738
9511
-810
2567
-1007
-8542
-9495
-8468
-6220
9062
1064
-7197
7145
-5088
-2009
403
1007
6939
-9617
-4873
-8094
8277
-7544
-439
-4360
4159
-2579
-7421
6759
733
-8302
2144
1631
2723
6859
5820
-7626
-9582
6799
-9517
9175
-3956
2903
-9248
-4037
-1213
-9783
9760
5824
-3715
7731
8473
-5847
2919
8008
8446
3413
-1438
-7774
-7761
-4143
4106
7914
3010
-3864
4193
8480
2544
-9136
9655
-918
-7030
-4334
-8727
8495
-5655
-7066
-6070
8124
3969
5995
-2095
-9899
1877
8873
9844
-78
-7689
-459
-9687
-5419
-1699
-7895
1789
-5087
-2726
-8471
-9797
485
-1944
-6339
-206
3191
-9549
-7048
8884
-3782
-3501
-6406
-5218
8530
-8560
-6895
7858
3966
-4821
-3965
-758
-9898
-3913
7849
9629
116
-9815
-7870
82
2982
2462
6028
-479
3718
-9406
-427
3948
7613
1538
-8905
-2388
2729
-8694
962
-3102
-81
-9832
-763
9153
-7663
8772
7573
-411
1028
-4458
-5570
7610
-9451
9793
-9833
369
-2350
-4234
1776
6446
4036
-4342
-7701
-5085
-2612
4820
-3471
7614
3721
3977
-9445
-8754
1829
-4370
7491
-4265
-5296
7115
5747
-1654
-1299
-8561
9329
2936
-2999
-1719
3407
-845
-8661
289
-8519
9576
6987
2799
-9928
-3169
-9257
1298
-9446
-3734
7777
2565
8076
5084
-9010
-354
9720
-721
2176
3420
445
6591
-7171
-3786
59
5225
-8986
6882
6841
5351
-5722
-2366
-5470
-8971
5297
-9227
4572
5617
-3754
-6641
2574
-8719
-5089
1665
5201
9630
-6226
-1772
-3096
7991
-2552
-8053
-5270
382
-3267
-1094
1940
-4922
1917
-3408
-7442
-6439
-1874
-3281
6616
-1186
4550
6147
-329
-5958
5528
-346
-7380
7230
-5325
-1720
4220
-824
463
-4654
-4286
8903
1068
-6514
-7304
-1061
-4310
4223
-5053
2826
4176
-1736
-9883
-3766
-6476
-1056
-5151
3979
-525
2147
-9526
-2425
-1876
6772
2671
-7159
1027
-6945
-9471
-7847
502
-8967
-5548
4844
7539
5215
4694
7851
-9659
1698
7293
-1251
2364
5227
-8148
-926
-5447
-5562
-5280
-8758
2052
-2250
862
-4880
-4943
9494
4015
2898
1608
6016
-5624
1351
8806
-4538
5802
-4758
-9125
3023
-2463
-5040
2388
-8558
5229
-8295
98
6347
8461
-8238
2161
-9215
-3442
-5702
3486
9650
-4224
6434
-6682
5378
1288
1430
-4713
3686
6811
-3385
9739
3261
4727
-281
-4326
163
-4037
-4539
8537
-509
3078
-8296
4819
7001
5730
-7609
-4172
-4976
-8762
6845
9501
-4617
-8608
551
9622
231
-974
-6943
2709
6650
-6646
-3798
-7785
1800
9411
-2568
1918
8981
3996
8866
7113
-2167
4468
9285
7760
6616
9683
-5409
-2666
4675
2123
9974
3629
-6115
-552
-389
5494
4044
6624
7513
-9588
7590
649
5263
-1233
5398
3400
309
2568
9775
-3256
5262
-4707
-4302
9775
-4922
3910
3646
5022
8403
-9077
-1959
1958
-1690
-1654
-8550
2508
-9541
-8227
-5386
945
-452
8523
-3797
9563
-9533
-3942
672
1254
4226
-1592
-8921
-3794
1743
-5953
-5768
-4492
621
8220
-3506
-5040
-4642
5988
-2563
1191
-3102
747
4080
-8185
5941
3965
-8020
-6456
-900
2306
3169
-7305
-6334
7822
4412
6502
5427
7650
8280
6947
4480
6536
-1204
-4941
7633
-9871
-6026
-6847
90
3575
1448
-248
5749
-462
-9120
-7732
466
2628
-3357
-3387
9631
-1653
7728
-9945
-7222
-1889
1044
-2039
7617
2880
7582
3358
5068
-5013
-730
2186
-6580
2354
-5609
2970
3527
493
-2950
4234
-7016
5342
-6183
6924
8586
719
5897
-3108
2125
3748
-1233
-527
-563
-2267
4014
4717
-3908
6577
3645
8003
9170
5460
-8689
-8645
127
-593
5332
-2478
-6780
4120
8476
5536
-6269
6345
-6522
8526
825
-5941
9567
2667
4444
-3404
-8822
3928
7926
-1113
-5272
6581
-6135
-1848
-5279
6236
-9947
6361
9183
8287
5048
-581
-9328
-4417
-1036
-3371
-5062
5897
-5155
9349
4060
-5117
-6508
6195
-8189
6028
2123
178
3208
6285
8779
546
682
8073
1910
-972
5233
-6735
2384
-1092
8867
-8577
1093
9871
-1632
5114
8008
-8162
7310
-2579
2595
1470
-5118
784
1621
5254
-715
8805
-9271
-4390
-6154
-2440
2712
-9814
2269
-5938
-3478
8755
-5423
-3270
3873
164
4083
-1984
-7115
1135
-5979
5782
-8535
-7258
1601
-4154
-401
-504
-8613
-2255
3450
-6267
9296
7518
-307
3188
6180
-3715
-4527
-7299
-5419
7506
24
7355
8107
8107
-5564
-8883
-6540
2872
-8431
-606
-3017
-2085
-7777
-9273
7692
5305
-1173
-4872
-2396
-6815
6864
-2664
-7468
-6196
1830
-7457
-5165
7409
7282
-274
-8012
6030
2646
4076
1761
-6935
8335
6492
-532
-9595
-3559
-5467
-8125
498
5418
-5858
-9297
-2757
3380
6938
-5793
-2368
-9260
-7452
-3754
6942
3557
-2896
-4201
-2690
-788
4025
3878
4366
-2186
-1059
6000
-3195
-7040
2375
-2572
9633
-6717
2037
5886
6136
4143
-7451
-8281
4771
-1020
1297
3832
-2512
8960
-3776
4653
-212
-3276
-9382
6374
3877
9040
-9111
-6319
9577
8361
9202
-3195
-1177
-1436
-2644
9589
-5083
-2760
-8494
8181
-6934
-4742
-3412
-4782
-2402
9371
-4687
-1896
-4383
-741
2847
-9021
4473
-4727
5298
2017
5869
-1678
-5727
515
-1786
2069
6207
-1176
-388
-8309
5248
-7425
-6293
9133
2681
1439
9636
-3553
3835
-3040
7539
-7507
-6750
-6687
234
-2539
9607
-4130
6160
1968
4792
2045
-8005
7013
4573
-6355
7936
8084
8804
-9416
6762
8585
-5099
2588
-2933
6236
-9833
-9289
4870
-4056
-1215
8425
-8481
-6811
-1438
-3324
4383
-8220
127
-2926
5067
4417
9752
-7805
3443
-7510
-6111
3953
-7050
2783
7819
7339
1126
-4286
2890
8815
-3437
7658
2034
-4971
7055
7319
1882
5127
-6474
722
9260
6967
-9711
8007
-9761
3004
-2576
7921
-5783
-6701
2554
9684
7899
-5686
5932
-8251
8891
-1696
-945
745
2599
-3743
8352
9959
-2945
-9138
8782
-5214
-8151
-4733
-6906
4173
8458
-4343
-8114
-4302
-1336
9246
48
1420
-8154
-9907
-7085
2446
-4761
-4340
-8386
5209
7528
-6006
9299
-5571
8215
2926
2889
1338
-4367
4356
-4062
-8327
-3275
6772
-183
6374
-387
-8898
209
-4876
3319
4243
4743
-5979
-5069
4625
5642
-8382
792
7672
1686
8691
-6477
-6336
-2017
-8425
-6685
-726
-34
172
-8947
5135
-3294
-5181
8987
-3658
-6097
-1984
4156
5584
-8258
3069
-9431
-7808
-937
-4845
-1971
-4358
8963
-2938
9198
-6993
-3474
-916
8163
8609
-9392
3140
5674
7561
-8465
1845
-6071
1460
-1007
-1957
3686
-3390
5923
-7816
-8530
-6678
-3085
5497
-1044
-856
-7011
9083
4233
9798
4685
-8973
-5027
3711
-4207
-1444
-9165
-2241
1552
-9573
8786
-4127
9701
6772
1291
-9868
-3926
-7592
-55
2275
9328
3361
-8977
-8163
8772
-5375
-731
-3914
4888
7921
2421
1340
5384
-6780
-7793
2698
1593
5403
-8156
-1362
-9715
-1725
3632
4555
-1060
-1884
-432
-5892
5903
8282
-106
-3114
1308
-3389
-8588
-1370
-7689
6622
-1236
8634
4914
-3786
5398
2336
8259
9685
-2115
-2779
2920
-7429
8274
5176
-7331
-5463
-4176
-348
897
-3173
-4484
-5822
2383
-4334
-824
6025
-3078
1089
5675
-309
-8553
4033
-9914
8904
5091
-4700
-5076
-3906
3939
-3985
-2031
-7102
-8430
-1070
-3071
9351
-396
9900
7407
4312
-8221
4382
6958
-3842
6482
-5214
2382
8433
3887
-3889
-3277
7653
4524
9489
7712
147
-2063
2407
1341
7259
313
-8070
-7906
-8007
2327
-9104
217
-2811
-5852
-959
9231
-7379
-7656
-6964
-7802
8422
-3830
-3633
9300
-2429
-947
-7065
-4974
643
-5521
-7506
7576
7672
-1813
-406
-18
-4222
7838
9522
5922
6626
9139
4963
-6085
-6284
1088
8505
8204
-2021
-9760
-6728
5135
4513
8082
1219
295
-1616
-3095
-3365
6104
-1225
-4609
7260
-9309
-9224
5430
9165
8142
869
4420
-8913
-9787
-4199
6541
1017
6674
1876
-5065
-7777
-3204
-9918
-3455
5695
-2031
479
-6212
3936
-8545
-8639
-998
-5618
-6812
-5498
4962
1962
7138
2648
-8516
-4589
-1854
6106
-7671
-7128
-4022
3985
-3590
3087
3408
-4071
4333
8295
7854
1657
-1472
6786
4149
2923
7613
-1196
20
-4429
-6006
-6331
9127
-9076
-7447
5038
3551
-9413
-480
-3996
4593
-5204
-6268
693
-2693
-5568
-2458
9090
-9025
-3890
3267
-2973
838
-4897
-2440
-7172
-4299
-9659
4150
-2824
7572
-8118
-1944
4046
7757
-4321
-1482
7247
-3176
-8496
-8792
9354
-2353
7278
-4301
9262
5598
3187
-9190
-5264
-8048
-4622
-3046
7095
6797
-3103
-5679
-2014
-677
-9455
-6543
3179
1131
3657
8595
-2364
9997
2914
1934
-9145
1918
9559
2178
-3015
8398
3384
5646
6913
-3838
5245
7616
3045
5750
2768
-9471
-1588
-9521
9270
-3486
6691
2971
-9754
2092
658
9953
-6077
1668
-6
1324
787
5236
-3326
-9856
3401
-8297
2538
-1530
-537
-7515
6486
2775
8642
-8964
8491
-5013
6689
-2336
-3948
847
5547
7890
-3888
561
5608
4806
-8423
-7976
3471
9341
-1762
6676
527
9231
-6278
-7025
1729
3910
7007
-6585
3470
-4088
-8026
-1066
5344
-2431
-6434
-714
2454
-8253
-4811
-768
6005
-317
-5539
-4586
-26
-994
-1540
-293
-7454
-2794
-1463
-8517
-8074
-3603
8639
-1887
-6891
1361
6072
-8167
7059
7778
-3458
-3113
-5815
4077
237
76
7788
-8479
-8562
-2920
5070
8273
9204
732
9430
-5705
4198
6337
9182
-570
9719
-4088
150
-9146
-7933
-6533
-3815
-725
9100
3301
-9668
-7850
4175
-5331
9653
3939
-255
-7041
-3835
-2385
-692
547
-5099
9576
8871
-9077
4735
-6324
-4279
-8748
5335
-7735
-6651
8251
-2270
-540
9807
-8144
-4816
-3462
-1369
3377
411
-2360
2743
-6671
-8841
-7878
5338
-9207
-6198
-5344
4136
9416
-1262
-9578
-6188
-9332
5363
-4261
9213
4664
-421
3235
9069
-5666
9770
6826
-9562
8769
7585
1580
6685
-1313
7249
7085
860
-4507
-128
-2981
6931
-5350
7831
7045
-7843
6044
7820
-3626
4624
6395
6333
6449
-3242
-265
889
4594
7326
5670
6455
-1513
8969
-793
-7565
-9878
2297
-5857
-9387
-7416
5344
5535
-9459
9376
-816
-284
-7312
-4524
10
-5599
8909
8264
-2891
-5473
5926
7664
5106
5789
8895
-313
-5307
2909
6552
8555
2068
8381
2431
-5932
-9200
8935
4474
3523
4269
-2831
-4187
9073
-7040
-3971
6268
8576
-2885
3933
-1649
-7086
-813
-4813
-8357
9382
173
-4791
2151
5081
-1925
6080
7581
-4478
8704
-5634
-5215
8361
9569
-2732
9153
8031
-1232
8687
-2172
-7078
-6628
-6506
6508
4937
8771
-4239
8016
-8654
-6398
6283
-5069
-873
-6747
-4965
2327
8628
-4608
-9735
-9683
3501
-3399
2850
2799
-7113
-9345
609
-2274
-6271
-850
-8384
6175
-1505
1052
8983
9961
1660
4845
2811
-1352
-1235
-3010
-2392
5537
-3025
661
-9687
-3819
-5184
2813
7164
5204
-9385
5127
-246
-833
-6112
8682
6634
-9185
-7739
9133
395
7118
-1584
831
-50
-4463
-1852
-4262
7715
-1581
782
-6521
-771
-696
455
5624
8968
6561
1115
7749
398
5958
-1253
-2282
-6943
-6622
4162
5242
4201
-3383
-2933
9371
-5946
7293
1088
-3988
1266
-1291
6125
-8521
-3120
4522
-4806
-7317
-1136
-1542
8252
5348
-4761
4428
2170
2693
-9051
-6683
9892
-2845
-8354
-3357
-5513
-382
-4736
5015
-9870
214
-6084
-6636
-223
-1257
-7291
-6106
1105
7610
8692
5014
8431
9073
-6580
6203
-5962
7621
-1687
3067
6585
-6200
1072
-325
3593
-779
-5843
-1618
-3090
-2282
-2011
1718
-4803
7056
-602
-2341
-889
-9749
-6899
-7035
-4350
-1294
4203
-8569
-6743
6976
-5650
-8446
9251
9705
-7003
9016
8539
5035
-2499
-6340
6645
2283
6383
-7429
-8402
1225
8681
7823
-450
151
834
3984
-2776
-3695
7057
5875
-9370
-154
4941
-4359
9577
-2502
5639
-7900
5568
-5723
-1675
1947
9790
4178
-4906
4913
7690
8939
7357
2567
-915
-115
-7368
6996
2050
4176
-7430
-9870
-2976
-5840
1665
9633
-9417
58
-2825
-7720
4965
8586
-7913
-5107
1558
4230
8271
-720
-3237
2840
-6971
706
-407
5857
2939
9813
-7415
190
7219
-2574
-4285
644
-9108
6446
-900
9914
-5511
-8763
6481
2617
-1735
-1016
-9709
9969
7200
6380
3987
-661
-7230
7934
-9311
1311
854
4927
-4440
-4369
1171
2522
-5465
-9675
3897
-9280
-8439
9781
-5263
-3901
-6646
-5530
3085
-877
6478
-230
-6858
-1529
-6345
1469
-5799
-6220
9723
-3905
-4068
-1287
-1667
2274
-2081
-2459
-2763
6844
-4467
3909
1754
-4818
-5994
-8082
6482
6007
2130
-433
-6817
-9398
2588
-377
8753
-3972
-4619
5099
-3126
-7140
-7974
6944
-191
-3084
5196
4690
783
653
-775
407
-72
8971
-428
-5740
4741
6091
5843
-7480
5191
-122
-1003
6112
8223
4362
8050
-6255
7125
-1076
3645
2704
2182
-1880
927
-2200
-1858
-6582
-2108
1511
-3408
-5070
-1366
9328
7190
-8387
-2917
-1842
-7182
-7067
954
7615
2750
4973
-5854
-3184
5207
-126
9036
4256
-6223
5651
-37
1334
2650
-5789
2516
4920
5347
-7758
-3192
2202
3577
-350
-411
1523
-3951
-8187
8382
2670
7309
-8777
-9231
7822
2895
-7594
3415
8263
6317
6561
-3994
-5940
2207
-3960
8439
-4964
1150
2555
-5054
-9184
-1129
-4857
-8607
-7822
-8628
-4279
-5078
-8645
1722
-9279
-8757
5685
3139
-1889
8139
8670
-4215
-9948
-379
8573
-8414
-1568
7343
5819
393
7844
-7268
-3999
-6483
9111
9657
7340
-4706
5923
-9526
1497
6967
5206
-6413
-1617
-1609
-4888
-205
-8093
597
3467
4101
4338
-515
-38
6540
7598
1158
6117
539
6589
-4185
-7749
-6630
-3684
9673
-4002
1355
-7286
-7094
8082
-8542
-68
1984
7293
5115
-7873
-7744
6443
1428
7955
5678
2843
4235
8012
-7631
3388
-9457
-2698
-4137
5580
-5306
-5980
3122
7905
-1881
-4921
1497
5729
7033
2036
-5043
2378
5610
8408
7640
8552
-4205
-1804
3455
8103
4204
-4444
-5975
1279
4174
5519
-9377
7324
85
-7402
-649
1961
-365
4943
8123
4973
9535
-2737
6513
-688
-1191
5172
-9623
1873
-119
-2911
22
-1770
5531
-5775
-1851
8944
-5046
1937
-2815
5462
-9916
-4699
-5943
4747
-5844
-2206
-9882
-1916
-5821
5298
4749
4096
-7369
4344
9530
-8762
-457
-6640
-9593
-6724
8044
1533
-3573
-1817
469
-6963
-5156
-405
-3049
3969
7101
4506
604
4440
-4496
-8944
-8383
4249
-1820
-2880
166
-9591
-9235
3303
5333
9373
3203
-9786
-9613
6666
-6147
-4429
6523
-1082
-8828
5112
41
7968
-4544
-4483
1230
-4796
-7155
-7248
1410
-5208
-4600
-3167
9529
2082
-8845
6098
1572
-7190
-3517
-1191
8269
-4333
5877
-1127
-2139
-6436
-2099
-4723
750
-8198
3572
-898
243
-9469
5534
7006
-616
-7864
-7362
-8354
-2368
6587
-3261
-9743
3168
-2517
-17
-4301
-5638
-301
4460
-1075
-4646
5353
3359
8270
-7589
7056
-8663
1922
-2860
4782
9554
-2184
6402
-6471
-5065
-9721
4037
-4412
-3522
6059
-1998
-5829
3024
-3484
8917
2479
3574
5239
1343
-1733
-2017
9643
9770
-3563
1577
-8249
-2630
-2288
-9450
-1348
1589
-8852
-7871
-1244
-1367
3852
-8447
7541
-8837
6566
-6622
4027
-9519
-3491
5211
-4572
-3188
517
-8435
-9772
292
6963
4500
-3834
-7797
7197
-2962
375
826
4824
887
-1116
-8454
2802
1908
3937
248
-838
-9978
-2308
-6200
-5701
-8025
-3743
2684
-6832
6699
2894
1154
4178
-916
-8816
2412
-6199
8177
2501
185
8824
2406
-7622
3340
3225
2571
-5273
-363
-7933
-1685
-9962
9852
-1967
-6224
1659
-4694
-3640
-8589
-7025
-4996
5763
-7456
3726
1160
3815
1700
-6458
8152
-1626
-2520
-6458
2227
9935
7340
-9629
1015
9750
-7959
-9466
4951
6582
2960
-7500
-8489
-1550
-94
-9684
3367
3922
2699
6404
-3700
8217
2298
-3981
6575
-6513
-1852
2797
7615
-4712
-9458
8802
-763
-3611
-8235
2955
-8592
-3722
9188
8552
-5615
541
-8954
9304
3432
8541
-6917
-7495
-1088
-8095
-9597
1874
-4812
-2213
-9957
1720
8303
7631
-2775
-1666
6807
-4092
-2643
5544
8889
535
-1757
-3320
-7303
-2388
-6471
-4897
-437
3238
-2139
3663
-5452
-2647
4375
-3868
-6369
-7892
6042
-5951
7976
-2184
-1581
659
4490
-4244
-8741
1378
-1007
-4074
928
-3583
-4520
6920
8197
-2038
9225
-3777
6563
-3580
-4185
-4753
1547
-4069
-2962
-7369
5851
2749
-8527
5317
-5117
9014
-556
-3229
-5538
7815
-5647
8079
-5542
-587
3997
1452
-8338
-5911
9610
-1006
5728
9381
9558
-4558
524
7091
7922
1420
-9417
95
-8739
-7969
2970
-9481
-122
-648
3974
9655
7540
-2465
-9964
514
-730
-2801
-3035
-5857
-8132
-5152
9501
9772
1820
7016
-5078
-8070
-3699
5660
5757
-4883
-8152
-8082
247
5238
4523
-3217
563
1599
-6623
8639
5322
-8029
8039
-3264
-5896
-2422
-4961
-1477
-1552
8451
7314
-617
-7572
7711
-7519
-6737
7632
3151
-4414
1244
4262
1625
7210
-863
9248
3611
4614
-1552
-9163
-7144
9246
2700
-6718
6729
-8629
9380
-669
8864
6195
3092
6447
-4520
-6599
2037
-5384
-4582
1030
6598
4379
1536
-3752
9093
-6686
8147
5034
-2398
-6614
-4118
9893
9286
-4890
-855
-7457
9019
7576
-1166
-9937
-8618
-2203
-5714
34
-4313
-8371
-4962
1241
-7163
9936
2212
5225
-5199
-1281
9910
4901
3120
1697
-4973
-8000
-6105
-29
1549
-5301
-5451
-9803
-9566
-9179
9128
6845
1755
-8676
-6605
1254
4992
-7780
2979
4274
6956
3152
-4553
-3644
-8643
-6561
547
9059
7529
-5329
-2521
2103
4769
-2645
4876
-1792
7221
-4152
-772
-1453
-4474
-5483
3738
-7471
9826
9245
1533
-4756
-6615
-2391
-4158
-8890
698
-4263
9375
5929
-7466
-2789
8437
-2020
-2383
-2741
-9803
-2749
-2387
-8059
-2909
-8230
-3023
-9392
788
-7345
4885
9504
2872
2039
9649
-2704
8762
-2049
4588
-2864
-3687
-6225
2249
8202
3733
-1282
9252
892
6074
-345
-200
-5637
-5185
-2715
-7055
-2192
-7501
-2634
5735
3623
8575
-4972
9370
-5684
-6819
-9549
7727
-7156
4752
1250
465
9891
-9808
8282
3077
-980
-8293
76
2254
9368
3236
5054
-1695
-9817
-8012
-5943
-2102
7308
7564
3598
-5364
-9931
4761
5556
-56
1693
6669
-7885
-2423
-7818
-6848
-7734
1428
-7482
-568
3971
3259
1205
-6315
-4955
-8126
-7642
-487
9010
-5997
-9249
2985
-5333
-3808
9539
-6248
-4337
-6232
7457
-6349
-9416
-1138
-62
-974
3866
-7770
-1157
115
1455
-1607
9179
1820
5578
7921
6323
-2868
3905
-2125
3999
-3752
-4418
2836
-3518
6407
-4868
9887
1975
-7051
-2882
4166
7038
-437
3356
384
7569
909
8609
-4292
-8174
-1156
-5052
-5871
1415
-2168
-7339
8123
-9695
-5682
3823
4941
-6222
-2592
-2484
-1560
8025
-7810
2175
-9632
-8079
3905
1385
9373
1471
1414
-7812
-8502
-7266
5879
-1523
-1710
-1603
-4389
1388
-5706
3923
6930
9152
-1546
-9270
-1967
6075
-5261
896
-4974
8349
642
-1551
862
-1489
3754
1157
877
5656
8869
4213
9190
-9504
-9668
-2514
5541
-393
9666
1504
-8074
7852
-5522
-1272
-158
-5718
-9813
-5860
-5422
6213
7299
147
2478
-6355
9820
-6646
2795
-4750
-9394
528
2356
-5773
6345
3903
8093
2912
2301
4166
9924
1151
5501
9579
3423
1155
-4749
-8843
1656
352
5355
7231
-6198
-5254
-2004
1182
-8981
4403
1252
3807
-797
7372
8476
-5589
2915
6510
-2387
-4811
-4367
-1429
-553
-5440
-7613
-4703
6481
926
-9444
8830
-7472
-9775
3537
-5386
-1311
-6933
2975
-1675
-9036
-8897
1002
7885
7907
9868
-2757
-6679
-6565
7840
-6169
-8117
4199
-9901
-8960
2650
-9307
6324
1081
3518
7455
1918
-2536
-8719
2071
-2403
-4610
-3181
4899
-7840
-2422
-123
-3901
-6560
-5462
4086
1610
6131
-5421
2096
-5156
8504
8588
-7447
-5749
-6323
5032
4896
4278
7754
-4011
-1764
-5220
4697
-5962
-8552
-767
-3683
-4221
1024
7025
-4721
8041
4111
7590
2271
8995
9907
-183
-2519
-9944
3638
-2000
-1601
7073
9635
-4908
-3667
-4248
-6871
-6499
9608
2242
-8055
-6246
-6788
-932
-4476
-6089
-1001
3401
9350
7645
-2847
5085
1804
-4273
4669
-3932
8008
8080
1783
-3301
3147
3169
-190
-2742
5699
-9251
3513
-3591
8742
-1965
-9265
-473
7576
820
1509
7608
485
4060
8953
-1635
-9737
-7827
-9178
8696
-3185
-3887
-7663
-3824
-6272
-8178
7255
-1985
-9899
6195
5049
8245
-6553
-9247
-7946
8938
6042
3055
7871
-5475
-1042
4652
-8755
-9747
4653
8621
7997
-6985
-2227
-1545
6445
7813
4319
4287
-4438
8132
1776
-6292
-9901
7175
-593
1463
4495
8672
-9036
-4705
-8551
-3866
2074
3528
-4694
-9108
-7373
9299
718
-1483
-7152
-5312
-2295
4653
-8109
-7448
-8756
4142
1252
-6764
9817
6025
5737
-7411
4810
-6360
7834
7275
3887
6426
2827
2500
-9531
-4694
1047
3927
-8737
4775
182
7195
5614
-9383
-9428
9559
7403
-9264
8983
4226
9179
6426
1443
-7844
-8403
8920
-8508
3348
-4575
8614
9011
-5350
9106
-3840
-2151
-4212
2035
5238
2700
-6342
-4980
-7124
-7420
-4510
3917
8770
7343
7832
7072
-6392
-8733
3622
6816
-9367
-7477
-9513
-6463
2625
9004
-7189
495
-3296
8932
350
5644
4564
6041
71
7984
1566
-785
929
-6250
2946
-7867
-2956
-7831
7395
-2945
-9666
-7921
-6041
-1216
-391
-191
-2065
8996
-9086
2701
-9137
-2290
630
-6645
7972
4481
2394
-5163
2689
-1307
-4129
1026
702
-2447
-5744
-9232
6643
-2807
-4090
-7913
-2372
6731
6529
9448
-1827
-9210
-7163
-5235
-3044
8780
8210
9633
-6615
6036
3965
-8558
7492
8823
1637
843
-4773
-9397
5309
4080
613
-8567
2200
-9252
-4265
6762
9849
836
-6003
2074
-1554
-4806
2256
2675
-2741
2762
-6084
4873
3709
9269
-9587
-9763
5913
-2543
-7224
4666
-2326
-8733
9398
2431
-7603
9502
-8844
-6783
-6663
4407
2044
761
7948
2785
-6463
-7456
3014
4172
3300
-3849
2927
-1806
169
8061
-7994
5351
-3126
-6820
6962
5321
8378
-3453
-633
-1112
781
4910
-2610
7564
-3387
3921
4231
7923
7077
-7712
-4552
7310
4660
730
3229
-3118
-5533
5015
-9444
-8806
944
-4880
4246
1181
-3378
-2315
-4969
806
2537
5401
9169
-9022
688
-3211
-9713
-2971
6891
1101
6258
7273
1830
-4173
-7276
-5637
3767
-9395
-6273
7954
3876
9563
-3614
-565
5013
-9211
3075
-6618
4883
-4598
2428
-8396
-7450
-1221
7847
236
7824
-6130
-2922
6879
904
3522
6234
-6523
-8065
659
3535
3838
-2949
-9466
-1572
1792
-1434
-2520
-1313
-5426
5395
1970
8303
7113
-3921
8721
-3330
7625
485
4967
-9841
3466
-3029
2832
-2696
1495
9460
2779
-5826
-6653
2365
1250
-9053
7589
-7773
6796
6238
-6685
-1308
5666
7826
897
-1511
-3206
4531
6787
-7504
-26
8217
-6104
-6908
-5338
-9906
2394
-3445
-9927
9490
6981
-7758
-6286
6913
-6638
-2496
-1342
-2508
-5768
-3757
-77
8503
-274
-8631
6158
-121
-7213
-1700
1587
2376
4046
-3284
9694
6103
-8089
4843
2308
4434
1492
3670
-9176
9537
-7226
-2989
9214
3895
-2822
1400
-2356
6231
-7513
8302
-3438
-4634
-7027
2978
8806
5990
3316
-7694
8199
-4610
4770
5152
-729
2981
-1392
-7764
3759
594
-8327
2682
8954
1639
-8576
2442
-7429
-889
-9956
5245
2086
-737
2474
-5748
-6921
9998
5288
2464
2731
-3532
-5098
-8877
3688
9429
-5482
7558
-2505
-8502
-2831
-5583
9226
-1611
8177
2179
3232
5047
8459
571
-2277
6169
5380
-1581
9515
1284
8434
1636
-7878
-6220
2787
3647
4969
535
-7001
4459
5731
-6341
-2376
5976
3336
4050
7433
-3597
9379
-5381
-3326
7479
8888
4457
3265
1125
6283
8565
-2303
8109
1951
-6647
-8267
-4937
5025
6548
-2164
4269
8548
-816
9675
-86
4593
-4496
-2572
7532
7529
576
-5120
-321
9417
7571
-9196
-3879
-6408
7720
6342
-2438
45
-3758
6767
1491
-6085
7804
-2922
3740
6987
-3029
4301
-9870
1568
7213
-548
3401
-1354
3609
6846
6758
-4340
7976
-5486
-3876
5959
-3201
-887
1034
2500
405
2673
-412
6107
2918
1588
8316
3268
347
-640
8342
-1020
-653
-4891
-4116
-5172
-9396
5201
7057
2371
4012
8875
1667
7606
9113
6036
6081
3146
-3286
219
2280
3999
-7082
2784
-4404
-7073
-8441
-1147
-5760
-746
9064
8951
7770
3928
8982
-1065
406
2930
-8346
-8824
3690
1465
-8733
-6426
-5784
-4847
-6214
8368
-5279
-3621
5762
5928
-2354
7846
8562
-506
-6543
8080
7026
-4838
6734
-1277
-7970
4614
-699
-1010
2679
4761
-9858
-2649
-1988
2728
8659
213
-9127
-4864
8639
-2019
-5756
-517
-802
363
6807
1029
9634
-7225
1849
-3505
-4829
-9574
2287
-8498
-2461
-9084
2475
-4901
-2890
-6305
-4323
-5454
1244
-3913
5577
-8302
6824
-8601
-9137
-1949
9225
-7171
4015
-2819
342
66
-3896
6867
813
9268
5723
9089
2709
3814
5305
-4659
3411
-8560
9786
410
4373
7794
-532
-4108
9702
-1031
7205
-4532
614
-2267
7050
1185
5975
5619
6199
-9081
-461
633
-2424
8579
8552
3047
1872
5273
7191
-4840
-3504
6852
6952
5659
8535
4073
-9470
3220
6915
-2572
7209
-8583
9944
6784
8170
3944
3638
3564
1047
772
8055
-147
3547
786
6364
-7151
3054
389
4246
-4323
-4065
2146
9128
-6540
-5187
4379
5509
4282
-6734
956
-8234
2926
-3370
9212
-3454
4558
-3157
5686
4964
-9484
1380
95
1056
-3992
5897
6659
7205
-8631
9276
-9856
2403
-3306
-3543
7462
7894
2166
-9146
-1259
3798
1425
-9248
-6693
2923
-9497
-8650
8084
-1385
3755
4916
2689
2532
4692
-6976
-6901
6809
2730
5647
6476
6606
7200
-6760
4628
8607
-9023
5260
1781
-4958
-2425
3351
2722
-5980
5205
377
1995
3790
1856
-1045
-7833
8116
201
-435
5618
-8927
-1503
-383
774
7591
925
-9593
-2714
-219
-6646
3391
-468
-3030
-3974
4661
4132
-3379
-5296
-3048
-1952
4686
8542
7195
-661
-3272
-1308
-8416
9300
5813
-783
-8681
-6191
6164
6899
5322
-3900
-8017
-4468
5427
-368
5209
-4064
-3929
-8091
-9588
2258
-7151
-840
2983
7168
-9895
8524
9403
1231
5191
-9757
-5438
-8276
8114
-271
2800
9284
-3610
5948
5928
6153
-6377
9938
-6483
-7631
9992
7688
7879
4668
-7970
-2664
-9887
8791
9886
-1497
-4131
9621
-1931
2244
-8108
5486
5330
-7622
2942
6853
-4294
5780
-5689
8880
-7968
9120
-2981
6726
-2853
7924
5912
-4448
-8530
-9313
5972
834
8507
-1399
-5594
7669
-7237
3365
6630
2001
8023
7159
-422
-971
-4553
8413
-4893
-2089
-4290
-4100
-4616
6918
7889
-1043
1196
-4816
5338
2600
-2748
-3617
-5965
4147
-2723
92
-5968
-6120
1554
-4615
2348
-1725
-11
8337
-9214
4089
-5930
2461
5427
-1971
-8239
7381
-4782
-7598
855
7310
-3456
-5248
1268
-7856
4088
-352
1659
4623
6947
3308
2890
3732
3763
-6157
-2899
8485
5847
6859
-9340
74
-3609
-4229
56
9681
-5180
-1140
9755
731
3928
1441
-6882
-5026
-1971
-261
-3847
-2723
6414
-579
-1496
2388
-9738
-1457
410
-9801
9847
616
-401
2684
-4927
-6704
3741
-5632
7065
8446
2708
9304
1664
2223
2036
4100
4924
-9211
7277
-3102
5909
4998
1926
9940
-4818
3301
1314
-2943
7461
-2524
6367
3211
1514
-6854
8400
5055
-579
-9478
3867
-1153
-5883
910
9232
-5920
-895
-5761
-2930
1539
4988
944
3305
-3137
-9330
-1748
-1447
4314
7303
-8633
-3776
-1599
-3379
5385
1199
-8456
8318
-8991
-4104
-5847
-3167
-1918
-9287
-8417
5735
-6504
-6093
436
5558
-19
-9052
-2372
-6969
530
-637
6953
-4000
-751
-5520
175
-2546
6820
-3706
6594
-2433
-4951
5338
-386
6552
6896
4926
-798
-2078
7702
9327
-9763
4299
6413
-7039
1159
-9308
-2997
-3316
-7353
2917
-7637
-2299
-3462
1679
-6399
8309
-4649
-9486
9029
-6173
-5162
-5915
8372
-7526
-3764
6296
9582
-2313
-3189
6637
8093
6769
-1303
-6152
3735
-2253
-8221
-9717
-753
-986
-5298
-4208
-9316
1289
1521
-353
8544
225
-5886
4349
-6328
9870
-6496
5165
7116
5270
7429
-4562
-923
2332
-6308
659
6699
1552
7558
-8217
1440
-8700
-2071
-1066
-9760
3538
-895
-1015
-4580
-1991
8137
-8961
-7173
3729
-4350
5816
203
-5221
7499
-9139
-1369
-5044
-3365
7459
1985
-3861
-2994
5341
-6830
9341
2734
942
-7903
6531
-9775
4375
-805
-6228
-9743
-8003
-1950
-2292
6305
-9007
7974
-5003
2678
-1998
-8709
-5680
-4424
-8786
9499
-9946
8964
6847
5600
-299
-5558
1328
-9528
-7005
-6525
-2057
708
1871
2704
757
1591
-5140
-9090
3919
5850
-7060
7146
-2529
8688
-418
-2553
-7773
6752
1783
7643
7152
-9932
-823
-600
-8937
-4496
-7189
7026
5736
-461
-9450
9598
-8275
-6490
-9681
4503
6105
-4579
9488
-3686
874
-8661
1903
-9715
6698
-4131
5440
-2972
-2588
9071
5186
7098
7058
2820
4341
5268
7651
3451
412
6599
-2929
6849
-4500
-2623
-8942
-2993
112
7212
-1450
2664
3405
5738
-8323
-3849
2374
-7637
-6912
-6947
7461
-8666
-3227
-4823
-3712
-6825
785
120
-8039
-5846
-5175
-5261
5286
5813
977
6782
-9651
-8741
6856
7051
1744
-5310
4655
2610
944
6244
170
-3599
7583
2122
-6675
8324
-7192
9900
4841
-7079
3715
-9792
-1029
4187
-8282
7230
-5156
-45
-2221
-3611
9235
1956
8566
-5765
5292
9849
7572
3882
8453
6336
-846
-6003
894
4276
7434
-4446
-4803
914
8003
8593
-5344
-5556
-2332
-6934
-7220
-9233
-8079
-5133
-6028
8929
-2359
-147
4624
-1948
9028
-3805
6113
1817
265
4511
-818
-7003
3223
340
-5619
1113
8588
8619
6834
7920
4742
-8321
-9428
-3609
-1655
9260
-4813
1505
561
-4192
8778
4519
5445
540
-6777
4552
-6920
7217
-2348
2229
-9915
2898
-9267
-8038
-8403
4003
7824
9551
-4535
8809
7124
-2210
2988
-182
-7380
3769
-9170
2347
9311
4649
4194
-1139
-2884
-8401
-1605
7883
8298
1486
-2658
-9457
-8781
-3162
8442
5425
3148
-6522
-423
8246
9692
-9790
-8342
9368
9152
5584
4201
-3980
-9503
-7130
4632
472
9898
3373
783
204
-3332
-2137
-1869
-1589
5317
-3177
7178
3910
9420
-1119
-1424
-75
3888
3366
-9959
3094
9747
-7870
5795
9154
-4519
-1441
6543
128
2926
4345
-4836
7509
2365
-6988
-9559
381
-5096
1549
6539
3023
-1586
7827
205
-5434
-855
1475
-2863
-2201
1759
-2852
4570
4527
-1157
-1205
-801
-7735
592
-4594
-7240
-2330
3554
-8879
-4070
-2725
-1037
985
3065
-1826
-2185
6625
-3508
1870
-5406
-4942
-1926
-4875
-8315
-2981
6094
-6217
6546
5209
-3741
-1813
4575
-8930
-4330
-9288
1112
4563
5858
-432
1604
-360
5419
-1592
4456
4922
5994
2898
-5249
-1739
4084
-110
-3981
4041
-7555
-2542
8915
-6302
-4125
-5174
-8266
-6188
-4557
-1178
2155
2871
9139
90
9986
-9615
-7018
9905
6713
5641
-7256
3080
-701
2436
5941
4021
4901
5753
-4568
-9437
2359
1076
7228
6604
3920
-5523
5137
-2617
7345
2921
7681
-1780
4071
-6433
8489
-3322
-9582
3905
5454
7612
-7382
-8731
8369
2289
5337
-8177
-9668
-4495
-3789
-8643
-4923
6047
-7845
-1060
-5701
8272
6316
-4435
1657
9971
-1239
2748
-7951
-9651
1145
9982
7020
6192
-1678
5808
-3458
9718
-1389
35
-4841
-3300
1046
9477
3152
-6482
-5323
-6850
-4579
9354
-3888
1575
2630
-9217
7869
-8240
3541
-9545
-1625
-1784
7167
7597
4899
-3033
-8455
5683
4294
-8710
1693
-4686
8560
6409
1087
3880
-8941
-8216
1483
-1618
-9381
-530
-9015
968
-4184
8076
1616
5475
-9543
1042
9060
7643
-9056
-7416
3110
-458
2681
-474
-7862
-8370
3558
5319
-1628
3886
8018
-3909
4421
3734
2288
8739
-7154
-1508
-9171
1409
-3287
7636
-8101
-1966
5442
-4095
-8443
2353
3052
-9210
-6998
8526
-2443
6158
-8258
2634
716
1473
-8292
2753
1258
7268
-4552
4132
-96
-4771
-749
4722
6009
-5475
-7707
3550
-7336
9908
-7253
8530
831
6797
-9054
781
-1991
-5641
-4546
-6942
-1803
8493
-5802
-5410
4871
-2334
187
4006
8868
-9722
-1111
3570
911
9006
-1071
6204
3257
8964
-8274
4238
416
-7885
6576
-4866
-8212
-8920
6372
4698
2469
-460
6781
-6072
4108
332
-8491
-9199
6922
-1
7827
8397
-6173
-2606
-7746
4696
-4716
7627
1037
1693
6312
7873
2684
-8872
9341
4365
1255
-4175
-9964
-8933
9211
-7213
-4984
3873
1753
-4099
6776
2853
3060
-8971
6499
-4509
7992
-4272
1191
4041
1784
6738
-7236
-5823
8754
-4875
1648
-8854
-4989
8406
-1255
-5002
5885
-927
4336
-5311
6082
-6228
9246
-5301
-8848
3575
-5826
5677
-9879
2207
-3460
1859
5156
-739
-1076
819
1810
9415
-2484
-1159
-8774
5358
-9172
-9409
1273
2052
2591
-8655
-3442
3492
-9739
2072
4133
8677
4969
-505
1485
-2734
76
-8370
1699
-5696
2411
-1570
-7111
2825
8339
3238
-7668
-533
4773
2526
1039
-2427
-7827
6612
5643
937
2267
964
-9793
7431
2485
4475
-4307
5685
2863
3842
-8990
-6751
-7594
-2497
4681
-3021
9254
9116
-8297
-8337
-6539
-346
-9804
9786
5596
8679
-3849
4154
9970
-9417
-2352
-5231
-3524
-1762
4361
5640
-4975
-8503
-4521
-1273
-1969
-7052
-2695
-1283
-491
-6348
-9228
-3250
6849
4013
-3849
1999
-8244
1792
-884
-7187
-1592
-8401
3493
-5995
4340
-9162
1391
3586
-4309
8835
9787
-3986
2254
6260
-8015
9147
-2449
3274
1437
-2951
-2777
4640
2905
-2735
1950
6730
-3980
-2210
7247
2060
5093
8001
4674
3450
-4853
-8879
3351
-7714
-6891
6241
-1161
-4295
-8417
6500
4696
4716
-9587
9228
-3447
-5606
-3259
947
-7423
337
6235
-2058
-1594
-5348
-5226
2892
-6373
5103
6519
2368
8449
-1685
5499
4521
2589
-484
5947
5211
5379
-956
-1783
-5565
-5621
-8320
-6764
4045
-5331
1156
-3162
-5337
2344
-1362
7214
-6022
6586
-3009
-7498
-9376
3515
-4032
-8500
1802
-7298
-880
3620
596
2219
2770
-244
-6593
9921
3281
-2734
2552
-7986
-5147
-9524
-7585
4014
1514
1121
-2583
213
-2085
-6506
7877
-3642
7185
5559
-6877
700
-6429
-5958
5028
-543
-9621
2600
-4456
1001
-4386
3278
-651
-8024
-6731
-7859
8121
4721
1497
9257
-8956
-5350
6981
-6422
2491
2263
7373
4258
-2142
1961
-117
-75
-9427
5680
9801
9909
-2875
3248
-4355
-3161
-2625
-4149
8836
3971
-5730
-7200
8769
-7800
-6898
7769
1419
-4092
2994
8028
-5947
9555
-8966
-2962
-5964
5313
8947
7132
9518
-3166
7437
-5288
-106
7320
-2191
3607
4901
1360
7270
2225
8274
-5467
4669
-272
-687
-6239
-8306
2309
-1495
-9989
7904
-6555
8959
-1778
5476
-2902
9504
-8120
-1161
-3125
9864
2192
-9455
7184
-8676
-9958
5351
-9263
-6305
-9955
7395
-3698
4595
-4906
-1203
2592
550
9012
8273
8454
8970
7473
5866
2749
1928
8411
4510
8172
-34
4236
-5367
7222
-7207
2491
-904
-7250
4779
3039
6419
-5886
5916
2580
-445
-4275
-1112
-2754
-3369
6711
-6331
9786
-8889
-2065
292
-9326
2176
4416
94
-7398
910
5060
9925
-4425
-89
4234
-9828
5653
1278
-3986
2944
9440
2315
6403
6933
8062
-880
9913
-9726
-4753
7052
-8958
-9132
-7543
-9361
671
-7365
-8504
-747
1665
4433
7244
5327
203
100
-2357
2238
9672
7189
-889
2986
-7080
-1832
-5535
9529
7707
-4951
80
-1447
9495
-2186
3514
3494
8299
-6112
-3659
-4184
5677
8627
-1745
-6353
699
-3538
4382
-118
2815
9806
3702
1862
-3545
2293
-3191
6526
-5232
-2574
3207
-8532
-2397
6302
8431
-4606
-2544
-7336
6386
6167
-498
6700
6860
-6509
3083
7503
-8078
-8356
-5840
-9345
-5594
6265
3218
-3685
2984
694
650
-8052
-5816
-2237
-4379
197
4499
-8310
-3296
5964
-8500
9058
-5699
-1346
-2776
-3019
-5654
-8978
-3001
-795
9340
9402
8021
7136
-1524
9744
3667
4082
-7745
-6806
-1324
254
8090
4249
7213
7070
-7646
4639
-3074
-3827
8932
-623
-514
-1447
2361
-8687
-1383
-8897
-9647
8116
-2096
-7052
-4113
8466
8320
5773
-1192
-594
4127
5766
6852
-6958
-9830
7779
923
4721
4212
5057
5193
-3909
-2970
-700
-118
1203
5361
-9440
-6026
-9673
9766
4641
1343
-4609
5394
-1089
-3386
-1720
6923
2249
-2608
8315
7159
6097
-6527
6681
-599
5274
2007
9776
-9421
1432
8686
-4898
-5708
9151
-4108
1969
3987
1142
-6853
-3579
1129
5755
8135
-2288
9973
5142
973
3439
-3565
7895
-4976
-4994
4241
210
7604
3232
5353
-5689
9223
-3222
-3880
-7975
-4157
-338
3102
-9872
-9932
-6554
-8271
-5097
-8981
1812
5121
-6094
6529
-8916
-5576
3359
9089
-7889
1161
-4220
3763
-8582
-3371
-517
8195
1074
1500
-7752
-3033
-2248
3546
4372
738
-4145
3015
-1301
5356
9255
2717
-9199
208
4484
-5265
9969
8302
-985
-6678
4018
-2919
-3771
-550
-62
-2220
-6393
-978
-2876
7953
-3329
9744
7981
2811
5362
-6554
7685
-6952
1799
3989
-4754
9694
139
5584
9475
6417
6286
-582
5617
-2817
2823
2326
-2813
3156
7869
-5858
3918
9158
4579
6576
6847
821
2048
-9130
-6553
-2707
-26
-3050
671
-6402
6892
5280
-9653
-7999
6134
-8235
-1216
2471
-2640
-4773
3552
-4273
-4060
1649
-8650
-772
5499
-8096
-4177
1352
-1072
-9745
2086
417
-2624
8425
6359
4181
8898
-8753
-2858
-4761
4456
4413
-2057
-3206
-391
-404
-3589
4163
-9952
-559
3736
7636
683
3399
4100
821
-3758
-4653
-6919
3248
-1609
-4411
-2530
8757
-2717
3444
-2219
-105
-7483
-9434
8863
-6600
-5953
-9514
7957
7375
6109
7477
-5892
-1890
6608
9973
-6469
4082
-5133
8222
-7882
-9686
75
5268
8601
-3889
-6245
9123
4288
-314
-5713
6987
3187
-6348
4685
9378
-9167
-8900
2757
2241
-6432
5054
-9805
-8720
-7804
5246
-7400
5356
-2228
5028
1442
5606
-3099
6069
-2546
-7105
642
5251
-4973
5742
1036
5294
847
-3568
-9960
4218
-5816
-6618
-8832
3583
-5662
-6762
-789
-2219
-9317
-6861
-3557
9562
2142
-8346
-2493
-7797
-6624
-7413
-1660
-5434
4155
-1752
6700
4635
-8200
-3320
7896
7263
-1856
-7834
-3255
-205
-1539
-7363
2132
8726
3379
9835
-8947
-6015
2684
5278
512
1302
6272
-835
-8378
-5875
-6304
5672
3243
3194
3310
-8496
4714
-8744
-4984
3591
6694
-2333
8798
-4147
-3461
-5097
2099
-9703
-9386
-411
9195
-4460
2559
4499
-3119
-33
3916
-1136
-532
-8024
9161
-6017
9947
6042
-4107
2183
-9232
-298
-9318
6489
-5985
-2280
-8467
-2888
3594
5944
4589
-9502
5881
7527
6075
7152
-5094
-8145
8607
-7103
7253
4088
1285
-1078
2048
-580
-2452
1551
-8492
7929
-7974
7529
8225
-5398
9497
4100
-2864
-451
-7633
8765
3866
-3209
7479
2662
-2130
-6882
5289
-5612
-4977
-5523
-1357
-7460
-938
-6253
-8547
7780
8782
1820
5056
-2013
-9324
-7276
-3917
-922
6309
-9160
138
9081
-8237
943
5067
-4349
-1788
9667
-6559
-958
-5132
7663
-3980
6404
2689
-9923
-3516
1200
-4179
3317
5574
2982
-2408
6700
-8526
2550
-1426
-1316
-9578
7883
7817
-7788
7488
4860
8140
-5023
-958
764
4592
9916
1468
-1468
-4791
4262
-9479
9057
5741
-4374
-2570
-8178
-8897
-6287
8674
-1313
-6974
3941
-3600
9853
-5650
-269
7673
1326
-1849
7781
5316
-7827
-8557
-6539
2265
5623
-2093
-3396
7433
9735
-5170
-7825
-209
44
-3003
330
-884
9175
-4222
-9766
-7045
4616
-384
-7230
-4856
3550
-6039
-9507
6504
9317
3970
-1750
1241
6670
3082
2431
-3985
-9078
7617
9321
6233
1492
4011
-738
-920
-7747
1458
-7981
455
-1177
7517
9404
9378
-246
1429
5746
-8270
-7600
-1098
7372
-679
3107
-3111
2872
-9311
-9742
9797
9269
3976
3579
-9231
6316
6111
4877
2227
-5512
72
2959
-5114
-2700
1145
-7373
-3281
9742
7705
6889
-9328
8837
1942
4009
-3229
9591
1490
-9357
6963
3963
3100
1738
8315
5875
-6524
-4602
9048
794
1974
-1101
4262
7008
2971
-2746
5518
1981
6075
-2774
-6260
4287
9475
3316
-1362
2750
-6393
-2234
-911
-3731
-9021
-3109
-7238
2851
9959
9312
-6093
-6759
-3185
-710
7188
-3142
3154
6141
-9228
-6623
4645
-1221
-8662
3988
8747
2499
-6300
6209
4766
-2144
-2115
7186
8851
8639
-8541
-6674
7612
-2803
-4531
-3145
-2765
-9009
-7227
1022
-9307
546
-7704
-7026
-1776
4487
701
-3751
-9495
580
7817
3075
-7654
-5254
935
8211
8736
15
8129
-473
1292
-3535
-6602
2132
-9296
-3029
-949
-3774
5394
4474
-5057
-3325
2980
-1711
-8242
1664
-1941
5204
8290
7989
-9201
-2265
4473
-8027
-7734
-5842
-4718
-6175
2639
-4298
-3194
-6858
-5716
-1265
3735
-6405
2944
-3038
-6947
1282
-6741
-3624
1011
-3776
5738
-7406
9652
-1952
-102
1231
5728
6918
3445
1317
524
6738
-5856
-2701
3613
-4869
2704
6985
3487
-9449
-7819
9427
4713
6528
-6288
-1238
9974
7604
-6349
-8571
6216
-8031
2757
-9946
-202
-3595
-5703
8699
-6147
9454
-9276
-2893
-528
7375
-1994
6563
-7982
-8294
-4723
-6249
-7948
2995
6920
-9428
-776
6247
-63
-2604
3255
-3264
-4758
-2385
-9550
-901
-2918
-8786
1183
3746
1802
8880
5568
3345
7792
5875
7985
-8131
6752
4097
-2082
5979
5314
-7629
8801
-2259
3902
-315
8801
1578
8241
-8175
-8638
-748
-1404
6405
4609
-8343
-9107
-189
7066
5789
4824
7687
-8404
-43
647
4819
-7649
-5573
3881
-6041
2321
-4430
-9368
8642
2441
2017
3611
-3716
-8552
-4580
7794
9121
9387
4106
-7309
-1652
-6684
-2512
-9509
-6979
-770
7830
9278
-4600
-8330
-5644
6716
5259
-5882
9990
4186
-5561
-9280
-2779
8566
-9785
-924
2622
993
9295
-5407
-321
1080
4432
9834
-3894
5168
-590
-1629
3075
3915
2460
1513
-1454
2837
-2720
3296
3528
-7088
5583
-7814
754
1865
-5155
8346
4051
9477
-8829
-7747
-1302
-5551
1819
-2112
4481
-2372
-5515
-5327
-1320
6478
9293
-8060
-4037
9086
-7787
-5656
-4155
5592
5962
-5522
-1036
173
-5726
-1144
-7460
-128
-7919
6582
5439
-4786
1188
6468
9188
-5657
7288
186
8200
-9780
-8265
7739
8556
1432
7598
-9058
-9268
-1499
9323
-6390
7130
-8821
3525
5410
-240
-357
-3356
3399
-2982
-4754
-9084
5476
-1053
-95
-3394
-6130
5392
8859
1801
6535
-8501
-9576
2540
-7295
9629
-4890
991
745
820
3783
-5143
1338
-5160
-9761
2489
3378
-5459
2939
6164
-8306
8066
-9722
-3876
-9237
9864
-9064
3884
8414
4563
8159
1951
-6459
-642
2566
707
817
-1030
-7596
2204
7826
833
7237
-6714
2982
-3955
9236
-3217
-4799
-7131
-3978
-2527
7772
-6827
-4249
2471
7500
2538
-9704
-3403
1524
7920
-1836
2562
8713
8668
-4879
-1375
-1305
6281
-6160
-2557
6304
8464
5836
1895
-2116
7220
5041
4787
-6194
69
-2252
3090
4970
1458
-9557
4970
8181
9692
4021
4963
4378
5831
-4048
176
-6221
7777
-3688
-9694
6606
-5838
8230
-6675
4534
-7158
-810
-1564
318
-5998
8928
-3886
530
-3233
9602
-1942
4340
4068
9824
4137
3769
6295
-2502
5649
9350
-2810
-6575
-8985
9421
-6882
-403
-9321
8892
8448
395
-3380
5164
-2257
9681
423
-6583
3705
-5162
418
7913
-1122
-5935
8426
-6829
-5646
-309
9698
-1218
-5846
2353
-4739
-4189
-209
2615
7987
-9425
4253
-950
-6020
-3329
-117
-2151
-6061
-3620
-9202
-4034
5547
9067
9745
-7582
-922
2470
7862
-6032
-3492
8389
1615
7559
-3356
-4671
9567
6116
7181
-411
-9985
1612
-3723
-7938
4974
-4911
-2662
1273
-2907
6010
-4777
9021
-5658
8779
4629
3544
7575
-3002
8563
2263
3438
-2866
5222
6895
-9810
9699
-3938
7032
-2041
-1975
9295
-7049
9317
-7742
-5432
-7512
-4604
-9585
-8308
-3289
-573
6031
-2510
-6440
9496
9022
-4775
6485
6525
-6833
1764
-2444
2213
6889
3005
9448
-6026
7963
-5536
-3978
6933
-5968
6458
-6739
-8136
-1171
-5645
9124
2977
-8292
5200
4695
1021
6853
-3553
-6076
9521
-3186
-7580
-2920
6053
-6063
-7681
-3766
-1805
6386
9307
9392
3304
8885
-4149
5418
-7018
57
-2856
-4517
6602
-7580
-2851
-7270
-9856
-7337
8635
-9981
2654
-5344
-8211
-8888
4344
2423
297
-8098
-5012
-5235
2918
-4333
-7244
2401
6633
-7235
-6803
2868
289
-9060
-6440
4299
7622
4726
-1500
5813
-9744
8694
4586
6212
4888
2537
-6968
4353
593
6374
4248
-3345
-211
-4723
-5561
-7197
7152
-7573
268
4370
8000
5339
-446
7811
-6445
-3478
-5235
5037
8699
3530
-512
3497
-471
1041
9610
-4044
3380
-5914
206
-449
-8172
-6471
-2583
-9792
6122
6834
-2736
-594
-3768
-7483
-2117
1841
-5288
-8696
5737
-2214
1441
3800
-7876
2030
5278
2641
-3178
3973
289
517
-5388
3050
9827
-4830
-7527
-138
3613
1932
-3287
-3161
-7857
2126
9725
-7362
-416
-9404
-707
-4516
-3184
-1184
8298
4502
-3033
-2175
-3124
-775
-4110
424
7920
9152
-1870
160
511
-1977
3910
-2726
2993
1377
-6489
-2115
2706
3474
-2863
7384
1494
6108
-1722
9561
6261
6619
-4090
-1867
171
-6161
-3771
8368
8362
-348
-9405
-2867
309
-3249
9871
1905
-7745
2292
-2133
-6957
6144
-787
6584
-5632
-7019
-7654
7377
2181
-8034
9043
-714
6372
5417
-97
4881
595
800
5904
5756
7707
-7402
9694
9594
8141
-668
-6786
1514
5511
6904
-9889
-9606
-8639
-976
2729
7628
-7307
-9964
5032
-3957
-7565
-1142
-5262
9950
-9727
-520
-8203
5608
-1489
5527
9261
3625
-3897
4375
-6693
2295
5545
4818
9772
-6187
-3775
631
-5305
-6492
-7657
-5305
4368
5901
-5936
8851
-2921
5784
1846
7069
6693
9603
-8457
6314
-7076
1821
4230
-8701
-1131
-4595
-8317
1830
7322
-6569
6304
-3145
-5338
-1663
4303
-4829
-4364
-1649
-4022
8987
621
1471
-5262
-786
4003
-2135
-1406
2450
-7538
8516
3621
-2046
9686
-5846
7372
8732
7610
5184
-7443
-6014
-4267
-9321
8719
-2826
4964
-9606
5893
1422
-9328
2954
1632
-430
-2591
6407
-4910
-4903
865
2243
-6278
2057
-9872
-5233
7903
-3540
412
-228
2024
5826
7851
-6720
-6089
589
532
-955
426
8028
9439
7019
3496
1163
-9926
2277
3220
880
3034
7027
538
-8962
8358
-8619
-531
-635
-8026
8219
9314
8948
-8503
-687
-4817
-1949
9266
2514
6442
-9200
4384
-7500
-4808
6380
-8081
133
3905
-2433
506
-3502
-6104
5434
-7457
2473
-5993
327
7787
-461
5796
-8140
-3167
-5907
8800
-7857
7889
-1029
4340
1438
-7009
-1409
1638
-2565
-2281
1677
-4964
-7722
-4485
-2406
2292
9196
3213
5903
-1950
2649
5125
-1404
458
7286
-3918
-1110
3908
4440
-6346
-1409
-6036
-4378
2158
8793
9568
-681
8146
-3972
5802
647
101
-6968
-5134
7844
3976
5330
-1588
58
7102
-4267
-3136
-7252
4943
-2041
-2347
-5201
6442
-1375
-2458
-4777
4168
6187
9753
4296
-8312
7142
8177
1910
-5327
-3372
-6371
-9001
5941
3277
-6094
4035
1628
-5257
-5076
1405
8766
-7705
6436
9369
1597
2195
6637
5185
-7024
-258
1700
-3816
9441
-38
-6664
-8794
-7901
3956
6734
4385
807
-3110
-3350
7751
2717
-6941
-6063
-8168
-8583
-4247
7828
-10000
5301
9987
-3162
-3391
1437
3223
-4883
1068
2339
201
-3384
-6334
5498
8636
-4976
3579
7801
-3205
-1184
-2311
5941
-4212
7255
2237
7300
2806
-4457
5863
637
5423
-3592
-7057
-6504
2762
-9093
3352
-669
6622
9292
621
3123
-7282
5517
2477
3411
-3967
-3023
-1950
2841
4874
-9669
5980
-624
8320
4638
7694
-6440
1792
2042
810
3248
142
-6948
1320
9892
-7074
-5862
1783
5769
2728
-3848
-8928
-3475
1
5998
6137
-2120
2838
8442
8297
2612
-7982
6302
7376
5130
-7807
1871
5610
9454
-1619
5543
-8357
-2767
455
-2523
6115
6374
1649
6679
1799
-4313
7203
1956
2404
-1596
9555
9445
-5327
1315
-2366
-1263
-4935
-7303
4602
-2770
8069
-7011
-4346
8340
-1017
-9719
-8476
8519
4799
877
-8071
7096
7094
-9488
-652
-5813
-5861
-6233
-5839
4371
-3331
4644
-8563
-2461
-9835
5471
1597
-9384
3762
4384
3826
-8501
-6288
-2055
-6051
469
7701
3345
770
8286
-1065
-7171
3337
1813
3383
735
3455
3843
-162
3695
-362
1090
-9828
-1011
597
6577
-8336
-9268
4263
1263
-3854
9291
3198
-3225
-5525
-8867
-2029
9220
7387
-8054
6117
6496
7346
4347
9313
-2859
-9261
-3577
-731
-1174
3614
-2926
4554
1045
7435
-2569
2450
5276
-4721
-9602
-41
287
7386
-162
7218
9095
-2346
3272
304
8302
-7931
-1510
8145
-8922
-1598
-2200
648
-9116
-4345
5922
-1884
3124
2507
5530
-7720
-2750
6998
-2946
2173
9762
-2385
-1523
-2179
958
-1447
-4505
1427
-2892
4538
9690
913
-3696
3552
-726
-6553
449
-2169
175
-7402
6852
-2190
-7375
-6330
-1382
-2808
-386
-4328
5490
1050
-6770
-6166
-8585
-8200
-7246
7732
5920
-5959
1013
3436
2474
2569
2876
-5381
8272
-3527
7428
4939
-2513
-5151
1039
-8387
-9606
-4694
3957
2542
-4244
-6779
22
1427
1859
7993
-636
7140
-5618
-5088
-8118
-5078
-4673
4138
-167
-8526
9547
-2548
-6779
-8421
5584
7117
-2858
-1726
6218
-9898
6427
-8730
6889
-4855
3324
-5820
-2809
7061
8603
-2039
-1425
2795
-2090
14
-293
-9113
4511
-1830
-6458
9969
5105
-9840
3537
2326
-6511
8473
4616
-7172
-7257
-5365
8821
-436
-1765
-13
-2191
-1619
9245
7685
-3929
-3618
-5120
5685
-4224
6531
-7256
8545
-7449
-2591
-2340
1503
4015
839
7697
-8131
-8251
6378
4265
-2331
-3534
3682
6466
3745
7397
70
949
-1446
3424
113
3774
-6492
-6873
9318
7796
2673
-5945
-343
-3208
4307
14
-3683
-2969
-7811
2458
9911
-6595
4594
4643
-7986
9456
-3374
320
8053
-2357
-4275
6308
-381
2103
1253
-844
-3829
3341
-366
7815
-6898
966
-8968
5863
-3454
-7728
6121
1781
8553
-9252
-8643
3092
2051
-1578
-7441
5975
9503
8545
-7608
-6760
-6674
-7961
4231
-3758
-1519
-1519
2137
5414
5919
6040
2141
-3951
4615
9600
5139
-2310
2214
3436
-1237
-7521
9353
-3306
1505
7396
-2556
589
3714
-4928
3146
-6336
-6069
729
-6325
-193
-7192
8900
-4555
18
-7196
-4386
9688
8022
-6798
5742
2608
-1998
7745
-7946
4608
-9937
-5130
-8005
-1987
-8861
1604
1843
-162
7930
6117
6287
-5973
1338
-4599
-1873
-4663
-1451
-4152
2214
-5646
4342
-9943
-4218
4336
-8989
346
112
8675
8357
-1422
-352
3873
-8868
-1135
-3390
2472
-8932
-340
129
-2136
-7285
-5465
-1954
-9514
-8911
3729
-8258
1377
-1444
-4081
3209
-9505
2383
-339
7586
-8955
-6943
-1699
-1529
-1091
-5000
2687
6188
6013
-2676
3260
7245
9866
-8245
8378
-2163
-4184
-6003
1661
4655
2405
484
-7198
-5503
2678
1604
9112
-959
-7474
-7625
-8057
3202
-130
3174
9622
4981
-8320
868
-3203
-7393
4363
-5583
3183
-5738
-6553
7443
9751
2952
-4112
6678
4341
6092
6951
7462
-7464
3134
-5061
-8036
-990
6363
9754
3646
-9894
-1835
-2189
4147
5312
-7325
-1232
-5058
-6114
-2241
-7968
-9723
1597
-3433
-9462
-9281
6978
9433
2048
7369
8148
9655
-6795
9370
7858
-9354
-2484
-230
1507
5986
8943
3084
2743
9356
-2952
5186
-5957
-1951
-6088
-9191
-8890
-1213
-1300
1343
7957
1516
-6540
-9055
8973
9899
5256
9237
3136
7021
-9453
7924
764
5875
1710
-5530
8536
-3241
-3477
-745
2297
-7680
144
-9965
-9196
-8111
9485
9627
595
1110
2834
-183
-4247
617
-6281
2177
-7814
3435
7762
5927
-2691
-2513
-7626
7448
7676
-8509
8384
-1100
-1955
-8320
-750
1881
1290
7877
-6529
-9697
-2271
-9949
-4421
799
2202
7910
-4689
4730
5133
5255
3961
6494
-5124
-9604
-9418
8812
-9065
5721
9475
3862
-8637
-4031
8650
-3183
-8410
-1922
4616
-8188
8141
219
4345
-8257
-7084
2334
4006
-3935
-3023
-4102
-4831
-6375
-7692
-6830
9893
9388
4192
8157
-6326
-1797
-8216
9137
124
-3601
6764
-6076
-6487
-8123
5443
-801
-3926
-5060
75
7352
-7319
807
-4755
-6344
8828
-4500
4154
9414
1257
4839
6759
-7356
-8515
-4862
-8967
4295
5696
-5365
420
6639
3297
-3479
-2823
4973
9519
-2780
7511
-2021
3984
-865
8413
-4484
-2005
394
2928
9723
3061
1041
-7915
4660
-1932
-4658
-133
-8530
-1048
8599
8974
1907
-5166
-7899
-6971
5433
2331
-763
-4334
-1040
7346
9857
2908
3602
-4528
6681
-5827
-6558
6329
-6671
8808
7090
-1720
2827
7988
-2889
-1274
-731
-2704
1575
-7296
-7867
2479
-3933
1953
-9521
-8512
1298
-2422
8111
396
-1377
6490
7927
-8409
7867
-6779
4463
8247
-4732
9056
6299
-9451
-647
4030
-3485
-4493
-9945
5346
5295
-2205
-5891
-2077
792
896
795
-7182
4365
-7254
-473
1879
-4865
-4243
9734
-7437
5357
1190
4744
2452
-1612
-5205
-4725
3240
-7187
221
8303
1632
-1578
4766
-6432
6415
7048
-5348
9313
-1138
7840
-5002
6310
5603
982
-1621
7961
-765
5894
-5153
-6304
-5057
6181
4833
-9955
-7499
6230
-1118
-2164
-4113
-7419
5543
-2251
-9074
-529
-8371
4882
1823
-8262
-9769
-4325
-1621
-8505
-6053
5200
9225
-236
790
-3871
-1077
-3645
-7899
-5283
274
-7400
1867
-4688
-93
-137
-2665
9655
8379
1892
-792
-1333
-4896
-5655
-9083
2990
-5630
6136
-2582
-7822
2045
-6417
-3430
1875
-7973
6181
-6154
8584
-4058
-5200
-1293
-4165
4421
-6563
-8880
5624
-5600
-8648
-6414
-6991
9335
7292
-3598
9500
-8236
3758
8601
4038
2504
6245
1897
7235
180
67
-7496
-5813
-1227
4786
72
-1417
-1127
-7869
-2923
2657
4600
-5544
-2138
6573
572
-3270
1491
2378
-7971
6256
1752
-32
-1096
-3337
415
8263
-3948
-471
-8613
9347
8223
-9742
-3145
9715
7026
8282
-8652
-945
5522
-1415
-2124
7205
7060
6649
-7580
-5842
-2153
-2369
-1021
143
-8395
-2026
-2446
4489
-8936
-7797
-9651
8995
-561
-4905
27
-3835
963
-8927
5627
-2351
-9175
1456
7510
-7150
2574
9456
-1448
725
-9046
-2437
1761
8503
-2733
5915
5311
7041
-9559
5593
-2158
505
9802
-143
6466
4483
-5026
-8179
-5901
-7108
3589
-5150
-5330
9270
-6628
-8393
2930
-2870
-6155
-7764
-9519
1771
5219
6584
-1791
-7884
1110
-1349
7746
-2529
9155
6767
4798
-6815
-9009
7582
-1013
9881
8111
6397
-9952
-8820
-3988
-3456
9901
308
-2895
-574
8032
-1083
2006
-9969
-9324
8375
-7701
-2083
1596
7439
5859
2223
2106
6005
-6358
-6614
5213
9755
-6676
1493
8710
1552
-3016
9191
7221
-8825
159
-4770
-3775
2838
7708
4033
-6924
4469
-5430
7362
-8524
1062
5097
1376
2726
-2664
-6327
3251
-9572
334
4152
3245
345
6625
-3760
-7177
4072
5914
-9541
3970
3518
3906
8639
-6916
2528
-5170
1568
6778
-9467
-1623
-1745
-4968
-734
2080
-9488
4317
4317
-9409
-2536
3285
9694
6165
-2303
-1842
-7765
-6084
3641
-6208
-7034
-3030
639
-8592
-6902
-172
860
2607
-3883
277
2529
-3849
3140
-5030
1350
-6730
1470
7488
-2884
-4509
-3352
-4512
8640
104
-992
4156
4313
-7318
-803
-1966
1767
-5195
1597
7705
4996
-472
2302
8914
3894
2327
8149
-7178
-7933
-2445
-3733
-7093
-3524
8138
9031
-2771
2311
9912
-6556
-6302
7688
-4496
-7740
-2901
-8190
-6278
-1692
-3807
-6254
9093
-9155
7322
-6611
7744
6795
4603
2424
328
8714
5945
6667
7124
-6878
6342
-1644
-9588
2376
1269
-7907
7671
7691
2101
3234
-4227
-2045
-5371
5500
-5640
8368
-2995
-5880
-9354
-671
70
1329
9416
-8681
5183
-2018
-6192
-6676
3560
-398
6046
-9923
3926
717
-9881
-3141
714
2471
-5678
7070
-1359
-8237
-9135
4988
380
9648
-4836
2598
-1011
-4647
-3524
-3323
-4330
3835
-1378
-4735
-2256
5790
5992
-7273
-1599
3087
7109
85
-8652
-5413
4462
6855
-5702
-226
3617
-1973
-4055
1114
6054
-1122
4373
8181
-903
1847
6805
-4930
-7883
9734
1064
-7432
-3709
5616
-8318
6996
-7440
-8817
-9236
-2810
1761
-7572
5984
2709
-6608
-5911
-9009
-941
-9769
822
-3960
-4223
4425
-5271
5436
-5044
6893
-1850
3261
2346
8341
4522
-4004
-3016
671
5479
-955
1546
-366
3116
935
-2143
-7998
-380
-4876
-8735
6991
9058
-8152
7155
4327
9664
-5069
-7996
-1504
-6106
7921
-2273
6511
4802
8089
97
9684
-5431
-3780
-9638
184
-6178
3859
664
3666
9215
-4815
4130
-7092
-2483
-7642
1367
-2151
5469
8567
-3539
-7218
-9116
4424
-8943
2486
-4739
-6674
-8878
7269
-8153
2428
-4841
5325
1391
-2775
9324
-5170
596
-8496
-6200
-990
-1045
-6858
2321
7381
-3118
3656
6659
8696
2426
5929
3213
7343
-1254
6882
-7966
1979
2121
6179
2037
-4759
2942
-8706
8188
2633
8326
-6350
-1111
-2047
-1265
-8575
4624
-2458
640
-7428
-1245
-4289
-2501
-6064
8764
3819
-877
-361
5180
-3864
-567
8498
-9954
8820
5512
-3232
5969
-1823
-7953
3382
6386
-9617
8813
6539
1527
701
9101
-7055
852
1202
3894
308
2517
4378
-2135
-1102
-1434
4104
-8072
-1432
-6252
9330
2892
4679
-8778
-9543
8224
6176
-1702
-1947
4530
1688
-8938
7130
5392
-2763
-8766
-446
4880
669
-9356
4908
1350
3762
-8454
-9578
-7661
1296
-186
3165
-2919
5295
6507
-6006
-6387
1324
-3076
-8130
7593
-2391
8293
6424
367
-241
-5316
8354
9778
-3561
-1339
2827
7793
-8525
-6386
-8770
-1673
4748
2593
7307
-4995
7124
-3422
1629
5500
3743
6220
1708
2707
969
-2480
8341
-9398
645
4572
3385
-4276
-2418
6934
-2419
-7238
5706
9559
-911
6563
-6277
-8040
-1437
-31
1693
5118
-49
-4809
1673
1678
1231
6418
-445
7758
2777
-8792
-7738
-1324
-3492
2119
-5540
-5860
8058
-654
5058
4800
5887
3686
6944
3155
-8653
-292
1758
4346
5724
8553
3402
7405
9958
1988
-812
289
2808
-5096
1847
2342
-2177
-6868
-5169
8673
7324
-8056
3352
-5771
4706
-3038
2807
-305
1318
-1471
4821
-8126
5753
-9370
-8657
-1980
7578
341
-3947
4161
7104
3844
-3291
7301
-3538
3367
-7855
6372
-3492
3467
9132
-1686
3290
500
-9039
-8485
-5075
6739
9767
3088
-2539
-8820
-3101
1332
7521
-9602
-5794
7513
9654
536
-6377
8425
-6461
-2198
-2922
6046
-864
-3579
4701
-5547
-565
-3918
2600
54
-329
-13
3665
-5776
7298
-8375
-8391
8450
810
5008
8456
873
-2650
6250
-5663
4544
-1138
5266
-3075
-9994
3682
-6612
4958
7862
7357
-5249
6497
532
3112
6098
4641
-8694
-7753
9190
8263
9382
5968
5695
2416
-5406
-113
123
2775
5050
-6663
-6899
-658
8147
-5105
-5985
3537
-7480
7417
-3513
395
-2283
6088
-6650
8266
-5730
4464
5539
474
6628
2203
7099
2998
-2666
-9524
-1504
-5372
-9782
-3006
9092
-161
-2509
-9817
-6474
8585
3357
5023
-7506
-5617
4777
4209
1706
-2071
-6466
-6508
6592
-9407
4618
-8044
-5692
-8111
62
8019
9750
-6712
-2788
-3672
-5264
-9720
-7738
4831
4224
-3997
-3425
3367
-2153
2115
-86
-3890
-8299
-5022
8006
8608
2894
-8885
7719
6057
3062
5111
289
8215
-8911
-5478
3262
-3215
-6946
4932
-569
7341
-3302
-3269
4755
1617
6237
-6394
8952
-2108
-3438
-4687
-8352
7682
-4554
6198
5359
-2099
3136
1099
-8502
-7559
-7050
-4334
-8375
-2664
9829
-8669
1806
3721
-3974
-3630
1243
-7311
2337
6791
5568
-6675
-8597
-5043
4879
9198
-1193
-4594
901
8868
-6308
-9356
9095
-7686
-4324
-6469
-5750
-20
4229
-5851
-3439
970
-3515
-7274
-6392
7870
5023
-9522
-1531
7536
-9813
5948
8307
3641
3655
5577
-8388
2911
3305
-9420
-433
-3726
2050
9117
4559
-4297
7145
4166
-3572
7048
3784
5132
-2825
-9858
2253
-4026
4614
-2610
4542
-6917
468
-8512
-4698
1949
-3740
-7426
-6519
9458
899
5356
6272
-3162
8196
-8021
936
-2301
-7942
8411
-4810
-7072
-4846
4414
5768
-744
-9307
-8555
-3549
2008
8402
1659
1388
-453
-6762
5031
5656
9068
-7193
860
21
-6048
2089
-15
2451
2012
1352
4677
-2074
-358
-3884
-96
-7806
-4139
4389
9816
-5272
-3323
-6731
-1845
4535
7107
-136
-5751
-2328
9928
-2875
3935
-1910
-4656
7870
5998
7373
2992
860
-2562
5598
-8822
5253
4399
3336
7749
-191
1551
7747
-8117
-1706
-7102
-1100
5197
1413
-7044
-5116
-656
-339
-5089
8976
-553
-1393
3421
8268
7518
7287
-810
8688
7662
3898
548
544
6603
-5355
-8852
6823
8025
-6537
8243
1521
4053
9958
8157
-5046
2231
4870
-4030
5420
-9748
-3958
5762
-3652
3268
-4929
-5410
8404
6606
-2125
-5611
-1226
-6631
8758
-5845
6705
975
-7706
7136
-5460
-7768
4666
-6030
7005
-1274
-2366
3417
-3659
-560
-8243
7693
1889
5037
4435
3050
-5163
-8728
-542
-7780
325
8678
-8999
4301
7645
1386
-1588
-4770
3716
-1046
-3066
-4342
-6345
-6716
2868
-501
-5334
-2686
3989
9167
7861
953
3638
-326
-6087
9949
-9954
6179
5884
9562
-3234
-3413
4499
-3249
1639
253
3335
1332
3033
-9910
-2329
4369
-104
-383
7790
2212
-8830
-7187
3856
1773
2347
-3482
8351
-2301
4778
3180
-8054
-1831
-9963
2799
-5123
2855
3500
8407
7699
-1555
1504
4272
2372
-4320
-7722
-7309
3142
-6010
-2464
-2539
996
-8355
-3559
-6103
8805
-5592
1687
-3055
-2350
2589
-8063
-4451
-9290
4869
-9995
-8483
5532
-9585
-5844
-5384
-4188
3760
-851
2635
9863
-923
-738
5872
4478
9331
-7057
6285
1481
-8356
6334
-1079
5517
5898
-8287
-5749
-1504
7198
9484
2486
-6903
-2981
-5329
8165
-8672
-5448
-4169
-4272
-8863
-8528
5112
8240
5083
8301
-1120
4205
-3002
3962
-9067
5255
9802
2440
-9915
-3652
-7500
-5618
-5648
-706
7447
-1104
-4162
5749
-2838
7216
8956
7808
-1303
-5212
-3875
-9969
-5825
183
-4133
3699
1964
8999
7736
-46
9348
-7165
-4242
-2363
-6364
-4562
-1069
3509
-4473
-9656
941
-9368
-4360
-851
-5470
6303
4702
2101
4422
306
-3858
5573
-2771
1619
3240
3209
5694
6224
5210
-6171
3611
-90
5572
-5755
4816
8141
-6522
-6353
6088
-443
3451
3312
-2516
337
-2122
5616
3461
-9158
-9624
6800
7777
-7174
-7577
35
8340
8204
3377
-7403
4747
9066
332
-2374
3177
-3474
8363
-215
-2939
5523
4083
-250
-7092
4752
3124
7515
-6214
-4544
-1388
-4785
1892
-6920
-6926
-438
1605
-8185
1403
9111
7068
2872
1424
5261
-960
7782
-3868
-6201
-8804
2239
-4753
9796
-9548
2729
-959
6520
4042
-2962
578
3398
-9869
7138
-7189
5306
-5286
-1346
-8840
-9458
-5354
-9936
9716
514
1915
-5982
-2020
6529
8721
-2614
-884
8031
3785
-270
-4646
-6612
5455
-6324
-9051
-4799
7889
9780
-8285
8961
6351
-567
7479
7997
-8866
3989
-6013
2441
5072
-5319
-709
-7734
6716
9816
9530
-251
-761
-9990
8378
1373
4623
1814
-6682
-3781
-6254
3510
1287
-7106
-5141
2339
1040
-2102
-6019
-7161
-7574
-6218
-4958
-2776
5395
-5901
7673
-8190
-7828
-387
-9029
-5401
3160
-6773
2435
3491
-8518
3234
5207
8384
2244
5427
2554
9310
2607
-4102
7795
5439
-6535
3644
-6343
6792
4853
-5337
6994
2139
-8253
-9262
7030
7626
-2904
-9540
-6563
-7528
3763
-1991
-1915
5607
5644
-4827
-6824
8793
2086
7743
8374
-3328
6017
8127
-5176
2248
6015
7344
3916
684
-427
-2712
3052
6099
1673
-7433
-188
-8438
9560
-3719
4681
1947
-920
2868
9130
8413
7498
2573
687
5394
-4908
8189
7477
1408
2365
6121
-8125
5994
7701
2164
6595
3022
2677
-7171
-4774
6285
2538
2894
-7624
-9611
-6572
-5837
9639
-651
-9577
5573
-2141
-4090
5728
249
-7891
8601
-6427
-1329
-1719
8859
7344
-4257
-6740
7641
-337
-1326
8835
-5478
-4084
195
-7520
-253
-2757
4573
-8899
-2167
4720
4511
6723
4010
-5536
-9100
-671
-8995
-9474
7212
7954
4791
9007
-7995
8431
-715
5876
3025
-15
-305
-621
-9987
4968
5806
-3777
-6346
-8058
5581
5043
8214
8528
-9122
6132
8606
8688
-5757
6992
-5212
2680
4559
-7951
367
-7463
4338
3465
-467
-7724
-3877
-5164
-7295
-8243
-5716
8024
-4748
-821
862
-9475
-4129
-5911
-6996
814
5096
4911
172
-6042
-4817
7623
-8513
-2313
-3154
-775
4042
2542
1544
8145
-2770
-4557
118
-8503
-9299
-5132
7680
-2741
-8364
-8752
-3854
-6561
-4202
4788
-6496
8367
-5030
1805
4710
1171
9109
5567
4131
7599
3335
6205
-4772
4221
2498
-9443
869
7557
-5679
-8842
9698
5267
-7531
954
-5368
-3409
5106
-5108
-7030
-8243
4441
2089
-1664
7956
7347
-9644
8094
-4583
8689
6631
-7858
229
3330
-8835
381
-9054
-849
-2738
2882
-2587
-3359
-3568
-4196
-2345
627
-918
-4499
-396
-8281
-4192
-5786
7487
-6652
-5385
9117
7619
-870
6548
-7200
8570
-5893
-9842
-3700
6642
4326
-1410
-4136
-1959
-2311
-2233
6774
7336
-8171
-8375
2776
-1096
4168
7275
-1325
-3768
2762
-4143
554
4227
3931
-4398
-8860
-1857
7509
8507
-7796
-4410
-3543
8405
6
2391
-8174
-6182
9124
9877
8428
-1017
-4941
-6358
6269
5696
4062
9123
-7812
9671
-8453
3519
-6799
2929
-3202
1580
9145
-5163
1296
-9573
-3564
-6915
-4225
7074
3265
-368
3236
4718
3547
8146
-9490
-1353
-4615
-8002
-5410
9274
3393
-9357
-6176
8812
-8069
-7929
9769
-8329
688
3314
10000
-605
131
2830
287
2368
-3505
705
9968
-7751
-257
2476
2189
-6552
-1220
-231
3460
5050
7521
9141
-3450
6078
-5767
-4846
4102
-3435
-2877
3802
2180
8045
1086
6093
-7518
2472
-2519
-5622
-2632
5870
-2637
-4006
-371
1633
-2011
-5091
-7186
-9901
-1618
-199
-3254
9144
-4238
-1178
3781
7174
-4694
-7102
-848
-9287
-802
5379
-3645
-6440
-5944
8837
-3863
-9429
8746
6479
-492
-4509
1196
3337
3912
-1981
5496
1045
-9834
-7841
3485
5731
8427
3110
-8094
6910
-4082
-3303
-4084
-3176
6253
8913
-3646
-4499
-2048
2318
-1047
-8104
-1055
-994
-8159
-972
5967
8907
7479
7293
-8250
1522
8484
2640
6225
4370
-8613
6318
-3852
2801
195
781
6395
6389
6106
-6477
-6198
-7347
2843
-3089
-3206
-1757
-7987
2614
6001
-3157
-4580
2236
-6243
4819
-826
1281
6945
2988
723
-3813
2112
1394
1314
8797
-136
1877
-4714
-9940
6617
5137
3446
7945
5368
4075
-1045
5506
-2272
-7521
5802
5222
-2097
-3178
2840
-9896
-2015
-8558
-5024
6921
-2414
5962
-8483
-7480
-1055
-7024
3705
-3540
5158
-2323
7665
7116
7660
7757
-4051
-225
6575
1402
929
-1413
-9875
9340
1135
6178
8552
990
-6666
-1036
7154
-4593
-304
8088
-8821
-7557
-4227
-5067
-44
2828
-285
-159
8770
1998
3504
-3255
-7461
2579
-2642
3571
-7538
-3171
9706
3322
-6182
922
7853
-334
1204
7396
-9413
-5459
7252
8704
7076
-3639
2812
-1464
-3164
3179
5336
1148
4797
-3121
7647
5237
-7732
-1895
-2628
-1381
9646
4191
8404
7350
-4400
-7022
1715
-5457
-2115
7021
-7697
6750
-3443
-9771
2075
-8335
-968
426
-2411
-3900
6809
9175
-4306
2485
6532
4163
7850
4928
4124
8133
7449
7864
9462
476
8509
9898
2252
9211
6991
5468
2278
5475
8432
-294
-6112
-1449
2370
-5934
-977
3697
26
2776
-9023
7763
5965
5341
7848
8297
-7964
6931
-6526
-4806
7107
4246
-3601
9790
-5839
-5671
4359
-9576
-5345
-4607
-6618
5207
-2192
828
-4202
5822
-7668
-1695
-2921
8162
-7397
8122
6984
-8091
-894
-3422
5231
-1901
330
5348
-389
6663
-4143
-8900
559
7212
40
-2500
-4991
-8852
5033
-9416
-5635
-8471
1288
-3803
-3905
1521
-9613
-6463
-5659
5297
82
3352
-7896
9858
-9696
7012
-7053
-3462
-8939
-4440
9662
8828
7185
-3458
-8049
-676
3363
8847
8534
1350
-3625
5914
2714
362
-5616
-4688
3266
-9365
-9575
-6101
5303
3658
6956
6362
7885
9674
250
2277
808
4423
-7956
-7811
2706
-1543
-2103
-4940
-842
-9191
-5197
9769
-4154
7237
6232
2218
6213
-337
1526
-919
3142
-4858
-4474
8969
-285
-658
-9549
7144
