16550
3166
8033
-2901
5048
4524
7888
1927
1523
975
2003
-7786
-6122
-3447
-1071
5556
2481
3183
6136
9755
8166
764
-3570
8464
-6946
4838
844
3647
6794
-2467
-9076
-2601
-3160
-261
-308
-5743
2257
-5200
9347
-5738
7096
-1304
-6791
3929
5752
-6916
1848
-5547
2812
-8447
6280
9204
445
6189
-5721
-5283
-4668
2077
3185
-6788
-4760
-9594
-8382
6739
-9146
2090
-1235
6414
-9883
-3825
-9894
-1419
7780
-2629
-8967
1294
1786
5070
525
1571
8686
7468
-1474
8334
4804
6610
4798
2030
6893
3885
-6906
-8746
-7327
-1618
-6037
-6992
-6827
-26
6768
-565
4968
-1013
-8626
-9118
-703
559
-1853
-2302
-1963
-6208
-2761
1390
1792
5682
-7326
5959
1178
-7583
1650
-415
-1968
6289
8751
336
-9407
-6408
-4621
-5746
61
707
-5071
-9690
2196
9961
-2677
6046
7525
-4912
4910
-7171
3034
-2809
3104
8832
8615
2427
-7082
2309
-3129
545
-1206
-1203
-62
-6266
5584
-6721
-5457
8625
8445
-4913
-1720
-8260
6365
-5896
6358
8748
2949
-4461
4840
9566
-2528
-1770
4401
8288
353
-7306
2931
8429
7712
5465
-4315
-1073
5274
-3139
-8429
2590
6584
2688
7506
-790
-6060
9729
832
3881
8642
-1583
-8683
-3897
2612
-7395
-5542
7770
-9357
6715
5355
-5431
6037
-381
4139
9951
-5876
5234
6450
-6821
-9098
-5908
3723
8402
-3598
2357
-3638
9061
-4792
1630
-2302
-9065
3425
-3861
-3994
-6563
7689
-1699
6804
-2861
8449
8204
-2180
3436
-1419
2292
7228
-4397
9245
-3560
-7191
4148
7864
-5539
-6256
1210
-8615
532
-3301
-6338
-7466
-3081
-6925
3783
4660
-6330
-650
-4504
-1549
-4963
9580
7667
-1636
9299
-5887
2392
7822
-7569
6098
1066
-9530
-7125
-4186
6429
9096
-9178
-6974
-9930
-8142
-2262
8524
9971
379
9433
-2448
-8657
-4567
-3810
9523
-3265
2800
2658
-858
2733
-8230
-9055
8851
-4430
-3995
-1984
-2362
-4786
2002
3999
-3406
-5637
6257
1335
4944
-4157
-722
-6134
5567
-6766
9070
9458
6782
1541
-538
-7809
-522
-3885
-3366
244
7491
9116
8808
8003
-8663
6326
7281
7440
-6007
4152
-2918
-8682
923
4055
-7600
-1224
7045
701
-7810
7255
2959
-1141
5093
8316
-4642
4167
9572
2942
1042
1808
-4834
-7492
-4904
-4373
-7770
-6830
-602
5644
-2375
-8256
-1578
3359
726
-3408
-8571
-5527
1152
7315
2146
4953
-8764
5263
7247
4060
6855
6455
-7697
4828
9145
3180
-8044
8959
9062
1956
-5306
-455
-4923
-7524
1004
6003
1261
-8405
3695
-7370
1992
9386
5521
1153
4130
-4808
-317
1915
-8204
-143
7651
7293
-3152
5809
-5307
1849
-1345
9006
-3137
-7619
1589
-3488
9026
-3993
-4334
-8035
-2595
5446
1319
-3656
-2767
5946
7006
-5799
-8989
-503
2281
-1973
-5672
7231
4506
489
9641
8366
6105
4045
359
-4679
-2206
-6323
5624
6905
-7036
-1974
-7628
-7238
7849
8852
2954
8188
6211
3865
-1811
-1398
-162
-6197
9546
3037
-5093
5823
-9914
-6165
-2376
-3556
8621
9106
1413
-2138
-6330
-2678
-435
-3828
6772
-4394
-2524
-8857
-3289
-4818
-2879
7402
-6476
8879
5341
3312
-4751
-6731
-8104
-9969
-7431
4906
-781
-6934
-3022
-9532
-5493
-4614
3566
-1207
2345
-6020
2295
2584
-9773
915
3943
-5173
5073
2482
-3399
4059
-2632
7626
406
-548
-9215
-3135
4595
-3494
7560
8265
-6632
4249
-7473
-1541
4153
-7812
5735
-5342
7111
-9532
5726
-4645
-5957
2241
-7830
-1871
-6839
-2246
-2121
8384
-5173
-7124
-6568
29
5913
6285
6727
-9193
1957
6274
-5338
5264
-6881
-2488
6398
-3983
-9142
-1136
9006
-5531
5000
-1542
6367
7094
-5421
2413
8453
9339
428
-1037
-8265
6508
6111
1162
6390
-3793
7784
6632
-8557
-2272
1244
2107
-5079
-367
9720
8617
-4112
-7650
3410
5815
6349
295
-7901
1232
2001
-3667
-6581
-957
-6800
-5501
-7112
-5093
-1016
2557
7434
-2622
-2015
-7810
8843
-2451
2855
-1721
-2782
-2194
-7903
509
4195
7674
2499
-2904
9675
2184
2760
9650
-8025
7879
5668
5515
7957
-481
8014
3713
6314
586
5178
9726
-621
-9990
5310
7378
-3291
8889
-2269
4427
314
1553
-9876
-4634
-1997
-2277
-3911
-3698
-3549
1843
7036
-5688
4862
-1462
-1530
-8260
8707
-8865
1343
-8426
-9737
2643
4882
579
8692
2378
6767
1070
-8223
-1802
8022
-3449
-1488
2217
-4028
-4460
-2621
2035
-2518
-6575
4992
2418
9564
5389
-1584
5257
-332
-4802
7653
9591
950
-8428
-4235
-7451
-1885
4747
5013
3363
-5485
-7925
-8648
731
-9718
-5880
1008
-4944
-3706
-1390
449
578
1347
-6317
-6644
968
1806
-5846
6984
-7596
-5385
-460
7332
-5230
1687
7943
6783
6942
5549
8102
-8995
-3774
815
5177
-3016
8495
-2568
5402
1914
-3790
8756
-8096
-5401
-7598
-4815
-3991
-8400
1190
-4340
7032
-9042
3167
5181
-4179
-9160
-6273
8130
-9706
2828
-9403
8039
7034
-1524
8748
8709
-236
-9194
4223
1617
2836
-630
9230
4573
1674
8865
38
-1020
-7863
2608
4389
-4088
8749
-3065
-6940
-1315
-2150
733
-8468
8077
1962
1355
-5378
5074
-6547
1880
6899
4532
-7742
8382
348
-1352
6426
-9397
-6190
5284
-4222
1300
8664
-1372
-8782
9448
-1104
4340
-1831
5387
-1687
7571
-7659
-3657
-6794
8053
8962
-4414
-3871
-50
6610
9263
5849
3481
-3091
4768
5666
-8258
-8560
6239
7637
-6149
-8483
458
-8653
-7482
9912
-7075
2663
-9042
-4884
-908
-7820
-5871
5191
5331
9115
-3541
1715
1125
7992
-3168
-2646
-2323
-6660
-6252
1420
-7897
3480
-6447
-9594
8950
9863
6909
5716
-2441
9761
5396
1208
7412
-5556
6519
-9852
3823
-9438
5928
1764
-5540
-6120
-119
5455
-9692
-8907
1958
688
-8124
393
8844
-4095
7247
5159
-4556
-8573
9301
9850
4564
-787
-6466
7898
-3941
-4583
-6321
8545
8118
-1630
-2607
4207
8894
-4741
-9314
-8241
9497
4439
7601
-6215
-7373
7544
3393
5753
-6828
3405
-2571
1866
4311
-1226
-4092
5321
2574
5117
-5002
-6825
-6960
1750
8202
-3332
-8156
-4081
7781
6050
197
7687
-1173
4750
-4678
410
-5160
9854
-6250
2343
-8316
8855
-1673
8011
-106
-6926
-2946
3556
-8862
7211
-6356
7855
-3745
-3869
722
-8866
4479
-167
2029
768
8753
6835
-2625
9936
-2508
-134
-3483
-6235
-6674
-9951
-5332
-2324
-6150
9342
9610
-5671
-7018
-3799
-1681
-9759
-7720
1909
1965
-5521
6397
1106
4508
-8680
-1818
-1757
7040
-6893
7485
-3194
3228
-9855
7487
-1866
-8749
-1755
7310
-5007
1160
8374
-2004
-6796
2844
2200
4889
8576
-482
2665
-2536
-1829
-3056
-1440
9926
6422
9641
85
-5838
4941
-7864
8389
-9607
7791
4615
-9892
8779
-6488
3709
2250
-183
6646
-4469
-7721
7462
1054
-738
-9509
7706
-4923
9072
7852
-7361
-42
-4828
437
-6098
8352
6658
-5919
2792
-8674
3087
-6116
8249
2250
9312
-1903
4168
-1608
4490
5258
-8703
3979
134
239
7135
21
4170
-3071
1620
1465
-5749
8168
-3076
-7453
2938
-2955
-7446
7906
1162
5244
3374
4704
7161
7535
1521
6100
3904
1957
7920
-1790
-4700
-6684
141
-6528
4475
-9139
1167
8431
2402
-8078
-7471
-9909
-836
7661
2310
-571
-3749
-4409
-9546
-1653
-9535
3935
7054
2354
-9214
-4889
-2468
-7822
4043
-7912
9772
-9419
9788
3803
8616
-9378
-98
-6370
-2564
4344
-7346
427
-6618
9254
4784
-4936
29
5560
-2651
5202
521
676
-9120
-9678
-1191
1263
8500
3252
-772
-6710
-5076
-1303
9097
-6328
1144
-3225
-7286
423
3961
592
-8472
-4329
3885
4630
-6888
8794
-9375
-8177
4703
357
-7993
-7244
8703
6131
-3593
7952
9779
-678
3073
-1761
-8161
1581
2283
3133
-103
-4112
739
4626
3560
379
-4456
8787
3456
5683
8067
9285
-3328
-1178
-6372
1494
-8354
-7771
-7319
-5309
8870
7991
9630
4377
2816
6123
711
-568
-6071
-5991
-7505
4427
7134
-27
-8192
4136
414
3183
-2484
-8043
-9372
-9445
3866
-9606
-6693
-9954
9778
-3312
-4222
4518
-4236
2129
5143
-3500
9257
-5653
4161
819
-6598
4434
4794
-3285
3777
3129
-5515
3914
-9973
-6512
-6594
-8445
7689
4106
8516
-4627
9619
-7995
-424
9611
-8010
1581
9410
-4450
8200
-1367
-8542
-5938
-5496
2451
-5564
-5405
-6429
3156
-9379
5620
-6595
4579
-6610
523
4753
5294
-2048
-2303
-8212
7379
-1089
3664
-7483
-3736
-8114
-3652
-6193
3600
4218
-1975
4240
-2466
-282
4405
-6056
2945
-2742
-3199
1196
-4775
4672
7244
-5423
-526
67
-5795
8027
-8069
696
9202
-6486
-1185
-732
3291
332
-1232
-3085
8699
2129
6653
1485
-1469
-1815
-762
9797
-2755
-8150
5971
5541
6657
8284
-4161
-2648
3805
9405
7773
9249
895
3446
1303
2878
8338
-105
-7391
4683
-2700
-8061
-5592
7105
1020
-8079
-8265
8445
-8152
7076
-9751
8535
5554
7126
-2642
-2618
-4652
-3539
7796
-1108
160
-3687
-7440
1624
9895
3153
-9018
7807
-7243
6321
-8312
-6837
5429
-265
2728
996
7340
-7110
-4772
-4910
2468
7832
4833
-8198
259
-3229
6391
-9696
7442
-8024
-1342
-2247
-8410
1912
3219
5639
534
8304
3812
9773
28
680
3772
-1397
1943
-8944
-1697
-6431
2271
2452
1802
9847
-3597
5767
-922
-4978
-878
-7464
3826
-4694
3714
-1435
9971
1444
-5142
-3112
9071
-9635
3410
-2889
-5073
2300
-6457
-4947
8861
8312
-3246
-7667
-1018
-903
-1830
1735
1473
-940
139
1763
7998
4157
-7465
-5861
7480
1457
5455
-8104
-6179
-4983
5890
2760
-2681
9107
-6212
2147
1787
-1488
7928
-4960
6933
-1664
4699
5826
8670
-1202
-9985
7270
-511
-1529
-8022
7594
-5846
2204
-3095
-7949
-9425
7726
-5806
-7736
-2304
3877
7568
4743
-1374
3121
3520
-4025
6898
6482
-9482
-8034
-6889
-6309
-2039
-6843
7259
7031
-2033
-1869
3100
-5202
-6198
2557
6653
-2142
9202
-3285
8204
3185
-9099
-929
-7269
4758
-7475
-203
9299
-3772
-4713
-5331
-6664
9815
-9579
3189
-9415
6134
-3801
4682
2193
1023
1021
-375
5518
5992
-5421
1369
-1586
1873
8737
6596
1620
9319
-8558
-3876
-3359
991
7470
7229
3685
6451
6171
-3936
5342
-9702
-7206
-6965
8543
5589
5001
-7730
-8456
-5314
-7208
-6451
-776
4323
-5495
360
8687
-2377
-7386
-2136
7732
-8571
-4768
7516
5335
-5923
-6148
-2265
-5180
2658
-4030
-7504
-6196
7846
415
5588
9735
-7586
2189
7360
6673
1889
4941
5168
3321
3995
8038
-9258
5523
6674
4028
3055
-9862
8815
4414
-1320
5954
130
-7014
7762
4915
7879
-1069
-533
-2998
5475
-8480
-7790
-5394
4026
-4107
3139
2652
1224
7346
-4248
-5090
6523
-8942
286
-207
3523
4926
-116
-2913
-4684
9965
-9132
9332
8304
2081
1384
2221
-6052
-1233
-9034
5215
-9945
-6119
-9971
3500
-1205
484
-7459
-3425
-1982
-6482
5029
4369
5132
4283
-6205
6163
1175
5170
-2631
-8546
-4895
9048
6547
-1378
-9339
7259
7651
-7790
9273
7830
-6568
-4287
3592
181
-2942
4852
4155
7250
3682
2862
3198
-8171
9885
4014
-4807
5150
-3675
5874
-407
-8438
-319
2558
-171
9815
7670
-435
2301
5762
747
-1264
-7956
-7327
-7266
1932
7144
4073
8734
806
-1792
-9178
8673
-4483
2681
4297
-5663
-1066
-20
-9461
7139
3986
-7738
9553
9894
4873
3097
9649
4212
1146
6949
3451
7287
-1635
3526
8899
7709
-4589
-9881
2564
-6296
1434
-8479
-9193
3102
9051
-1486
-9747
9147
8656
900
1897
-3139
-655
-2228
-5889
-7581
1296
-644
-2585
-7842
1921
9771
5353
9168
-3752
8064
7060
8229
-7341
8357
9357
-6347
-4398
6681
-9132
3969
3284
-4511
9368
6961
8822
-23
7721
2276
-6048
7908
-1810
9427
-2048
3569
6126
5967
6825
-2668
7263
-846
-3183
7800
4680
-8527
9453
-3283
2461
9017
7986
5825
4122
1789
6511
1998
378
602
-1
7792
2914
4123
3384
-1934
1047
9821
9571
-7037
1343
3050
3092
-5182
-2221
971
4713
4997
-9482
830
-8499
2472
1062
-7152
-7925
-2589
-9202
-5171
6106
7264
-2959
8626
-2130
9400
-8719
2430
6943
4146
2851
5022
-2436
-3291
3077
7652
-3436
-9257
6842
6528
4770
6465
3592
-2122
2006
-4669
-7444
2175
-7158
-6944
4919
-744
-1767
-1575
9239
-3498
6758
9115
-593
-334
-358
-9250
-9415
9007
-6651
-2647
-8252
-5021
5661
6296
9109
-1131
2891
5022
-2984
-1519
-9577
-5538
9400
-4599
-2150
-1877
1120
-5860
3322
9816
7673
5215
9618
723
-6945
2434
590
-2101
5848
6786
128
4685
4390
5110
-6840
2591
-5949
-4478
-3424
-8648
7324
348
-4583
9771
4990
-3721
-2730
572
4193
-2460
495
9727
1770
453
792
3702
-2476
-1827
9744
4963
4030
-3031
2880
3130
-5645
-5625
-3032
6126
-1637
-3595
7278
3472
8968
-8923
9490
-4751
1222
9355
4627
5392
2989
-3387
-710
-9003
7070
5550
-5309
286
2926
2635
9984
-2112
-1183
-2576
-9887
-1075
6001
7823
-3942
2363
9379
-3491
290
-2623
-8709
6507
9490
6491
-2097
3818
-1335
2454
6793
2730
-3988
1497
-3060
-7919
-4911
-289
2494
9625
4413
6809
9329
6440
3256
-3310
7954
-1729
336
516
-4605
-4235
-3109
-6939
-9151
-5471
-8373
2316
-56
1862
-9503
-7294
-2147
2396
-1150
1142
960
-8653
-4665
9991
5657
3926
-8907
-155
7264
-9365
9337
8
2465
65
8474
-6042
-3720
-806
4828
8811
4465
-2855
3874
-5535
5553
7638
-7675
-7366
4018
3780
8550
388
6902
-3839
-4823
2907
7482
-5840
3171
-555
-2543
-3898
-2702
-5001
2073
2898
7078
-1416
-1593
-2789
-8595
6274
-6315
-1590
3223
3966
-6644
-5809
7960
2048
1383
-2900
6009
-3679
-9218
5119
1794
-6528
-2858
-9039
-4684
-7615
7707
2573
-2369
2453
9066
-8578
-3163
-6724
3894
-7932
-122
7314
-3533
964
-9808
-416
-3813
-6252
7796
-985
2111
7367
-1915
4322
-9566
2717
6358
-9586
9402
-1871
-9936
-4108
8905
-445
-1961
3656
9106
7436
1417
699
-3406
7603
-553
4169
-194
-1456
-8579
-1942
-7162
8930
7167
3692
-6753
-5575
2422
-217
7355
-5317
-8402
-4590
-4917
3982
-59
-4280
5706
-934
3142
-2482
5809
3320
-5497
-2920
-8703
1476
7976
-7728
6038
9362
-6643
9731
-7641
-1427
4218
-6566
8333
3606
5777
-4084
-7968
7552
-3398
6913
-3967
3012
4686
-7097
8539
-1042
8052
-6987
3946
8790
3687
-3753
3032
630
5716
-3213
2803
9770
7499
3431
-9677
9482
2510
-9513
7512
-6907
-2815
3783
-1946
8206
-9949
-1064
7164
6329
6053
-9182
1359
1364
3843
987
-9544
5253
-1514
-4032
7898
5443
-3877
8423
-9100
2632
-5235
5108
-6493
8677
5606
-3343
-3548
-3104
-7722
9956
7266
5758
-4940
1011
391
6256
6523
-2967
-7454
1961
-5162
386
-3979
-4790
6902
3831
-9080
-9456
3757
6931
6642
-1753
-2405
-7743
8907
3187
8442
-8192
2819
7796
9000
-2174
-1278
3921
-645
-2016
-3321
3939
3479
-5193
7633
5967
-1100
8197
5336
-1553
6705
-980
3387
-9465
4276
7441
-1317
6114
3762
-1114
-4821
-9119
3618
4822
8114
2987
-8775
-2442
2454
-734
-880
4323
-4894
-5322
-3511
-4758
9183
-4654
-1385
-5335
7242
-810
-6917
7742
1385
5340
9014
-7142
2943
3445
-6744
-4324
7649
-4827
-3829
-5083
2669
432
4464
-4592
2151
4433
-2786
1562
-754
-1944
-176
2456
4461
-5756
2244
9232
1738
-613
5526
-1248
-6840
-2371
-3298
-7002
-7980
-6840
-1155
4310
-9102
-9345
297
9817
-42
3331
1901
4773
-3705
9326
3595
-6995
4267
-1043
3991
-5764
-4295
1286
-1742
9640
6572
-2533
-3860
-4099
-4008
-6470
-4826
-3098
3675
3797
2076
2281
-4837
5413
106
6006
-2022
3187
8973
6639
-558
-1361
-6962
5753
-3902
-8751
1800
8846
5229
1289
7941
-709
-7839
4666
7951
-4370
-8761
882
-7258
6768
-218
-2801
3507
2513
-8695
-176
-4601
7932
-5533
2840
9844
2595
162
8213
-1437
-2398
4924
5340
5918
-6215
-7158
-673
-9481
9117
9231
2210
4590
5989
6080
-5102
-304
-9505
-3262
-8157
-1393
1371
-2008
6757
2214
7084
-3364
4550
-7060
-9106
8850
5273
9990
1812
4987
-6114
3335
8142
1285
-2503
-2250
3156
-8429
-4274
6464
-9569
2213
-7044
-5936
8141
-9223
303
-2221
7240
-8048
-8088
6756
6433
-8247
7398
-7524
-64
9636
-4354
4001
8032
8457
6624
4569
7806
-7627
-7086
8031
7654
7512
4588
-1759
2277
4070
4329
-9675
6796
-3138
1118
-9433
-2724
3429
-8198
-9153
-8826
-2069
3064
-7477
-6977
1158
2297
-5872
-3579
-7459
-2340
-6877
9583
2355
-3780
-3666
-1389
5954
-9938
-5498
-8507
6619
6701
8802
4858
7621
-3705
8731
-9158
3211
-5381
7883
-1391
1738
-1482
2591
-3553
-8494
-9123
303
1952
-6846
6772
-3472
8933
2281
-7714
-8831
6823
6157
9172
3022
-9842
1104
4491
-5321
-3765
-8847
-4017
-4855
-4387
5980
9566
6409
9799
-4557
2729
-719
8221
6872
191
4832
-3012
-4302
9686
-5331
-6871
-72
7238
3069
-4020
2867
-8598
-5226
402
872
-6028
-3461
-6454
9679
-6440
-5167
3691
-4132
-2256
-1448
-702
3542
-3093
4310
-5560
7246
4117
5839
-2231
-4691
4103
1857
9915
2958
-6475
-574
7359
9964
6130
-6669
-181
196
-6652
-2559
191
-1311
4746
2625
7656
-1824
7533
-7581
-9129
4390
5105
2848
-2778
-6067
103
-8657
3478
6477
5400
2984
61
-5396
6652
-8213
-6541
6116
-3055
-3267
-5193
6952
-9435
8339
8790
572
1399
6898
-8400
3860
-5332
-4583
-1305
-5463
-422
5316
-2433
4929
5195
-8195
-8792
-4078
5131
-516
-1529
-2336
-6348
6283
1055
4423
-1989
-9673
1143
8807
-6193
-7628
7936
-3200
7381
3393
2622
8796
7617
-790
-8166
-1262
3008
3676
7619
-8569
-7157
-8428
500
-8359
-5893
8469
-8331
-8746
464
9385
3525
-2027
-3247
95
-2396
-3078
6048
4946
6040
7691
-1611
-3037
-1223
8399
-7650
7728
9470
6250
-7005
8158
3109
7936
-253
8260
-6244
-9440
6488
-1850
-827
-2653
-5736
-2598
-1431
-9863
9695
3557
498
-4050
3691
-8318
1254
9588
4376
-1004
861
7317
1703
525
6692
-6182
-4290
-6115
3315
-6739
2268
-5794
-9152
6231
5276
-7522
-6121
-582
-7093
2645
4947
-2183
-4209
-7366
-8367
4265
9521
5615
7914
-7233
1883
-1645
-3357
4939
-6667
1104
-1243
-1272
1649
8375
4330
5511
-2549
-8149
2934
7414
-6530
-7918
2573
-7376
8061
-3873
5341
4647
-8916
9953
-4012
9980
-5805
-8005
562
8516
9497
8521
-3727
-4771
-3955
-8425
-3040
-413
8310
285
-934
-8348
9670
3689
-7616
-86
790
1334
9889
-4068
8415
2529
4993
-807
6189
9323
6318
-6700
7412
-3547
-5019
-8782
9016
-1667
6718
-9559
-4877
-6477
5390
-2039
6808
-5327
-1973
-7986
-1326
1097
6973
-3595
6585
6248
7618
328
6201
-6361
1012
-9582
-2928
445
6776
-7424
-3968
-369
-8472
-3577
-9993
-1036
-4415
-324
3137
-7845
-882
-1640
-1740
3440
2927
-646
7794
5713
-7157
2951
-5527
9959
-6909
5591
-2255
742
-6790
-5071
36
9031
1894
776
7266
5311
3551
-1719
-3775
-8356
7442
-7630
6995
467
-9063
4741
-8259
-5939
18
3072
-9889
6716
9761
-7011
-6627
9024
-3930
8160
6387
-1519
-1733
-9674
-1748
3447
5889
8733
7362
-9763
-4350
-6485
-2770
6520
315
6410
-2794
2262
-3608
-9704
-1598
7679
-8601
-4194
9009
5840
8006
-4197
-8133
-6888
2270
4974
8466
614
-8508
1009
6616
3703
7302
-6459
8148
4179
-4778
5148
4082
9640
4985
1127
1568
7534
-3357
-2277
-2391
315
2597
-8814
-471
1351
-8473
-9282
-4032
-755
7123
-2188
2666
9751
9025
-7411
-8522
6027
7412
-5526
6561
3959
6253
2182
-1978
7660
-8686
592
5541
-6873
-2429
-7416
2188
-199
9867
-4198
-385
458
-9543
2424
7031
-5185
-6975
5748
-8333
2004
-1843
-9751
8541
-9745
9439
6152
-6796
-6179
-1328
-2715
2498
6509
-1790
-621
40
1782
1080
-5585
8429
-1444
-4152
8659
-7607
5263
-8905
-1866
-8092
7144
-8874
6768
9655
-7397
-4384
8423
1164
-7774
-2344
-7037
-880
7016
-5216
4251
-1834
-3306
-7602
1444
-314
-6300
-8559
-1020
-6950
-7999
-6418
7195
-3057
-2501
2205
-1498
-3311
7673
-6468
8552
-3111
-4599
-3062
9876
7609
-2339
-5078
-3979
8447
-2480
-9233
-1565
5629
-9320
6053
7642
2839
9111
-7446
4751
-6729
-2366
-5335
-9722
-6778
8068
-9206
6093
7076
9251
4574
-6217
-4085
4107
-7360
-2572
5642
-1218
1046
8076
3872
-9246
-4407
3713
9515
2238
1663
6590
-617
-8435
-3628
-695
-6153
8208
-7751
2407
3694
7032
-1751
-5220
-3488
-5079
-9574
3315
-6292
7610
-7648
6954
4854
6581
7534
-5592
2266
6159
-6153
-825
-2358
4380
-4227
9153
-9670
-1062
4192
272
-6092
-9732
5425
-2630
-8193
-3337
4186
6644
-2014
3746
-1471
7820
-5078
9195
-7404
776
9462
1725
-9504
-7883
-9246
-4547
-2264
-8009
8863
-8431
-8277
-929
-8205
772
4342
-7675
-8003
-1954
5125
7009
-1951
-8712
-2195
-2069
-4061
6044
7048
-7152
-1778
-9991
1393
-5107
6776
1996
5627
1484
-3438
3852
-6214
-9210
-2888
3395
2134
9305
-264
-732
9235
9022
6634
-9520
1817
-6800
3573
8134
-2213
3411
6817
6310
1596
2378
-5215
1483
-2614
-6889
4698
-4231
-5150
-3667
4519
2890
6396
9081
4857
8609
3981
3532
-8498
8674
-1184
6057
-6372
-2821
2177
-7512
9883
-4033
6349
-6826
-1986
-5419
1501
8831
4034
2745
6986
-1900
-5822
-9721
2676
-1941
4359
-3861
-5661
-958
-9324
1440
-8858
-858
4618
-4244
-949
8998
-5531
-2020
-2031
-9495
-6433
-5801
1067
8909
-4809
-8890
-3940
-5578
-847
8700
-2444
-7013
-3949
3557
-2714
-4179
-873
-6086
2137
-6560
-8445
892
-2161
6820
-7527
9466
-1997
-6840
-4414
-1714
-5380
-1852
-2353
-2585
8659
-4517
5976
-6103
-5439
6895
521
-326
1054
-2486
-5112
-901
4238
-6973
-5176
-6407
7116
3969
-6850
-6208
7059
-4006
-9776
643
-2670
-9708
-1646
494
-4334
8571
7035
-2885
8056
-7308
-3614
7355
5534
514
-3999
-4710
-7262
-3947
-9871
2009
-1407
6892
3392
36
8857
-6077
7876
3548
-9033
6843
-8246
-6729
2310
-7680
5316
4732
6882
-8420
-4272
1090
-1919
-2136
-2602
2236
3776
-3732
-3386
-1344
4207
4373
-5701
-6906
4116
5392
-9755
1189
-8264
7992
-4881
4749
8918
-777
-8996
-3037
-8804
-5857
-4506
-4526
9067
7259
-6342
-910
-3516
7238
1479
-8241
-5350
-9554
8938
3412
-3297
-2602
5262
-3279
3764
2981
6726
9901
-1818
1414
5824
-8184
-2418
-5007
4532
-1102
7055
6730
5596
8332
-3476
3219
1822
8328
2192
-7905
-9598
295
8769
-8228
-4987
5144
-5694
7422
29
-5336
-8512
-3736
-2618
-3909
-3894
-1062
-786
6945
-5361
7725
-8010
4864
6580
4242
5658
1085
-1714
7593
-6554
2303
-194
9644
4125
2534
-7527
7190
-2092
-8471
-441
-4355
1137
8086
1019
1377
-3171
-3487
-8073
9572
3450
1478
4708
8154
1659
-5746
1869
2467
8139
-7795
-3951
8917
6127
411
-7006
-3259
-5180
2952
-1401
9568
-3844
-5884
-9478
-6007
-735
114
155
-1328
-9967
-1348
7137
4629
-7067
8000
7129
414
-6623
-1885
-1638
7283
330
-9277
-6549
792
-9245
-5969
-7857
1871
-91
726
-6861
2250
6206
8826
-8874
8013
-5271
-2243
8741
-3809
-9381
6904
6784
-7368
8837
365
3832
-4585
-1685
-2260
3535
-9914
-9534
2097
5195
6687
1742
-5827
9593
5975
1902
-1505
4791
-8437
4314
-266
9237
-1266
-9763
-1070
-4954
4418
-8466
-1886
9335
-7145
3731
4058
-3855
-430
6523
-4346
-6935
6139
6260
-5766
3731
5641
6265
-1848
766
-7320
-8044
6146
-5873
8152
9525
8893
9380
190
6499
5660
7487
-2645
-4944
-7425
2076
-9066
7820
-7623
6253
9291
5332
2680
-7995
-8293
-1085
9287
-4975
2324
7503
893
-1885
9020
-3359
-8824
-8978
7772
-7037
-5674
-4248
-206
-3909
9609
-1308
-6780
6864
-4500
2451
-2188
6524
109
-390
8613
1827
-3890
6146
4271
-3650
-3498
836
2852
8859
8086
-6003
8628
-6757
-6383
-6441
-2476
-6961
-4851
950
862
392
-4357
1091
6988
6570
-962
9735
-2826
-8452
-3332
7275
3099
-6022
6238
-5015
2642
-9383
5578
-1707
2570
-9526
-152
6590
154
1225
9040
8189
5593
-8913
5644
-6770
-5417
-5628
-9421
-2045
4145
9141
2337
9511
-8150
8248
-6516
-8264
-2089
6441
-6857
7558
2388
14
-4447
-4494
-1884
-6473
-6739
67
-7487
1967
4102
2526
-8315
6726
-9728
-3535
-7411
-1906
-2059
-1700
578
-8510
-5104
8112
-2508
6257
-6254
5813
1849
501
6143
9740
-2133
-6684
-2764
7361
7965
365
-8518
3169
9644
-356
-7457
-1692
-2786
6318
298
-2892
6226
9778
-9384
-41
-7080
-9402
-7660
514
8478
9368
6415
1896
-9683
885
-8939
-2756
-1615
1726
-7872
-4838
1476
4989
5721
3613
523
-5035
-5262
7947
-1450
-237
2664
1435
7796
-6552
-7196
8829
-5620
-9299
-6334
-9767
-9721
-6061
-8043
-6041
-7641
-6132
3562
2507
1595
-465
9969
-8055
2685
-775
9445
2241
-9530
6686
3178
1313
-2029
-829
3653
4774
5555
-5923
948
9195
9272
-694
-3063
3422
8128
9774
-1225
-1346
7491
-406
354
9312
3214
4176
-595
3816
-9721
-147
9943
-2940
2707
5409
1912
-9915
544
4527
-6693
2865
4655
6706
-2101
3371
-2622
-9398
290
2064
-9627
9336
3874
5996
683
-8467
5706
-8855
-8623
-1386
9505
9524
-1183
-441
-5832
4754
-4403
9298
-482
-1137
4756
-7775
-2940
-1697
-6679
-4187
1154
-6612
-2182
-9782
1339
-1379
8769
6276
-1783
-4954
-7284
-5685
5318
1034
-4518
8996
2136
9577
5711
4881
8783
-7992
1635
7808
-7046
-4309
-4840
7557
2046
-2278
2378
-9100
5938
-1029
4288
5117
4519
1962
-2731
6736
8849
-1386
-3668
771
369
-4611
9913
-8783
7081
6204
-1478
-5724
1977
-9765
-2217
-8557
-9915
7592
-5821
-4314
-9192
-4811
-6541
-2919
3422
7691
7010
-9874
-9005
8608
2531
-3142
-1231
1025
3951
-8592
-2888
3554
5120
-8262
5761
-3349
-5714
-19
-3466
9158
4960
-6988
1245
1568
4195
7906
-3472
2549
-1730
1980
4352
-9843
-2842
2969
8673
6891
-432
5375
8990
-1616
8206
5190
359
-3957
-5297
8928
-8933
-5827
3829
-4044
5322
5065
298
4838
-316
3742
2730
-5847
4152
374
-5243
4676
-62
-7044
8806
-9636
-7673
786
6793
-1751
-1081
5395
9220
4194
385
9691
7387
6243
2008
5232
-7980
4821
4346
-5805
-4435
5262
-6913
8817
-9186
-8997
3766
-187
1461
-9588
5963
2635
-9227
1743
-8283
6103
8414
828
-8324
-5730
-6831
8891
3965
-1654
-6294
9588
-2170
7323
2798
7744
3656
7489
5088
-6422
8963
-8870
240
6111
-9813
2269
5133
6632
-4925
5140
282
922
870
3
3654
-2589
3393
-3806
1232
-4592
1800
7907
-4816
4667
3171
7482
9094
-6650
5128
5415
1018
-8234
-3887
-6468
1616
-5790
-3070
-6698
-6793
710
-4624
3396
3707
-9858
8111
865
-1280
-1919
7718
5101
-2441
-3318
-2067
-7308
4321
6255
-2875
7892
-3250
8356
9009
-2906
931
6487
-7059
-5979
-1521
-1028
-5308
3519
-5224
-5018
-418
-9212
7071
-602
-1574
8580
1080
-4897
-8742
-7988
-6883
3855
-7473
7165
8697
-9178
9715
754
-2851
-2700
-1715
9103
-8302
7434
2542
8413
-4306
-7093
8303
-6590
6846
6475
-6767
-6059
-4249
6333
2639
-27
-6144
8269
-8805
924
6591
690
-6641
7466
-689
-4551
4604
-8888
-144
1209
5550
2631
-5434
-639
2729
4806
4554
-8774
-4828
-9870
8834
3389
-8594
-6813
616
5213
3166
7990
-5843
-7008
5463
865
-536
-6150
1799
-7662
2085
-5358
-7579
1714
-1055
1031
-8338
6782
-8813
9516
-3859
-738
-528
-826
-3833
-1916
-8175
-2646
-8597
6774
-4916
9337
-3417
6466
-4264
9579
5623
178
530
-4813
-6176
4287
6141
5241
5253
-3944
-9685
-6718
-6945
7886
9669
-8903
-3083
-5707
-8076
6870
8640
890
-7855
4898
-5289
-1622
-3562
51
-34
8277
8390
-9121
2509
1601
1755
2424
-6412
7518
-1323
-3692
-882
-439
4056
6375
2046
-6786
5520
4847
-2781
5850
6662
-4965
-5713
2222
-2280
5035
6289
-1027
-6713
-1157
-1521
4115
3992
9195
1251
1780
4592
9233
6101
-5810
-5251
-9069
2709
9855
-4033
-2002
-2522
1498
5064
4559
-768
7382
-7908
-9445
-1303
-526
4790
8187
8241
7057
849
-1120
-7049
7596
-7154
-637
-5263
-7186
-2392
-6918
9126
-6780
4947
-2794
-1922
6983
-5507
6176
-2096
-1435
6518
4822
-9228
-2511
-7043
-466
5595
1167
-6555
3523
4963
-217
-473
-2487
-7086
1213
-3152
-3405
-7901
-1814
3720
-4132
-3819
3034
-7365
2709
-3967
-9276
-4392
3474
808
5551
1790
-4658
530
4966
3268
144
-5083
7596
9675
-40
1875
1522
-1809
1271
9854
-9709
3857
-1048
4949
-916
7351
2196
8655
7943
3294
-8869
5953
1892
3953
244
-8987
-2047
-3328
-8911
7363
6703
717
4734
65
4288
-4209
8403
8804
-5947
6341
-9766
-7048
3627
3809
9332
8097
7533
-3646
8959
1513
3668
8010
-8631
7500
-63
-216
-2913
-7904
-7671
2512
-1079
5493
3521
-1725
-9040
3896
8453
4139
2078
8285
-9120
7770
-4226
-9142
3598
4896
-9626
3714
8380
-7237
9311
882
7307
-3211
-9510
-7837
8919
6019
2698
4404
9634
-176
4820
5557
2420
3461
1933
3314
3215
-1750
447
-3493
2060
-2448
-9647
-3219
-7399
-4255
5185
-5252
-5053
3436
9885
6910
586
6243
6297
9354
-3048
7122
-2900
-4650
8455
3274
6701
-1194
-2542
-5524
-7593
7788
6629
4803
-5786
4809
-9687
7711
566
7058
-4755
9018
-7861
952
-9514
2415
-6109
-2591
-1639
-8489
-2611
3359
1139
-7684
9363
-9706
-4124
-5767
-8435
-8398
7449
2176
4511
7171
-4324
-4195
-2800
6058
-1983
6542
-9381
4816
-8136
418
-1989
6146
-9818
-1919
2362
-2728
3995
-1146
8992
7886
7362
-5688
4416
5943
-2300
4371
4463
-5420
-3747
-4739
3431
9889
-4813
-4495
-5323
-9745
8540
-100
9537
-774
1825
-1657
-4246
-1797
-5773
-5947
-1642
-3010
4964
-6258
-9280
6303
1035
-6692
-243
9607
4119
-8043
-9850
1623
-2252
-488
-2471
-7330
-2585
8844
-1680
5460
-9381
6826
-9944
9774
984
5391
8237
-3598
507
-862
6879
-4527
-3699
1519
2445
-3373
5465
5658
9770
-5067
4994
-3924
146
1705
8241
8991
2223
1958
-2562
-3879
-798
2487
9050
-3337
7348
-6257
634
7089
3705
3055
7910
1190
2305
9921
7802
-8910
9921
-2735
-7614
-6539
-1891
6868
6902
8790
2549
-7509
4382
725
2904
9130
2731
-4408
-7354
3331
5122
-6518
4270
5652
5910
1481
-4257
-3939
-5394
8042
8179
6622
-3518
-8841
-4344
-5055
9766
1422
8359
-9175
-5025
6023
-1617
-4557
3331
-2623
2505
-3943
7289
1171
4067
-7720
-2134
3058
2530
-2208
-2349
912
-6648
-8923
-3867
3740
-6911
-5289
-3625
3521
-7946
-7602
-2106
-241
2047
-1018
4317
8102
1892
-6953
4945
8453
-5073
7516
-3590
1005
2058
9549
-279
-8477
823
-7777
9923
-7892
4083
7642
-8553
-5236
6941
2699
-171
-5710
7081
-9491
5494
-9225
-655
-7512
-5632
-8739
-9009
-2375
2368
9599
9796
9193
-5912
6692
-5881
2705
5240
-2813
1887
4935
-1413
3775
-1087
1596
-5415
-7593
2464
7036
-5100
-6178
9849
-1578
-3141
3669
-1758
9412
-8501
3299
-1412
5288
3777
1376
-4311
-1070
9477
-103
-6782
-7614
6850
-214
-5535
9760
-703
-1352
-1351
-7570
3947
4413
1930
6121
8515
-5456
-6064
1091
4916
993
6883
-2739
-2582
-3564
2841
7132
-7099
-3590
5371
5987
1146
1886
-2520
-5204
-3955
7708
8387
-2771
9682
5551
1849
5305
-5233
-3902
-4819
-3431
211
-8068
9148
7337
-3742
-6224
459
-8693
-6947
2179
-5878
-1862
-2238
-4006
-9510
769
-7255
1097
5874
4386
2343
-8506
4970
-3387
-547
-8377
-4579
-4100
-5949
5189
6255
9854
5030
-6607
2245
9221
-3349
2975
6294
8941
-3400
5461
-613
7330
5433
9063
7570
6601
53
6561
6788
5380
2304
-2933
-9803
-306
-8949
4479
8368
5181
9737
-6113
6618
-2501
-7692
8657
-1482
-249
1778
8365
7459
-814
8709
5801
4761
-7555
3979
-6013
5438
-2462
2488
6449
2335
7641
-6486
8031
1120
2824
-4005
-3729
-5106
-7350
-3792
8820
-8111
-4046
1113
4457
-2592
-7111
7987
-5728
2410
-5863
-3761
7086
7675
37
5051
361
-7586
-5826
4390
9400
-1540
7439
-6351
2195
5501
8283
-4915
-759
-5022
-3976
9323
2441
5571
6174
164
8292
-8479
6917
-8771
-2520
8144
3142
-4486
1469
-7664
-6309
1844
3613
8099
-7076
9247
5634
-2659
-4496
-7070
3719
3457
-5079
-1438
-891
-8085
-5339
-8139
-2835
5514
4441
-6329
-8606
-8394
2026
7175
7547
-9701
8811
-5911
8868
-4138
-5593
-6311
271
-6055
-6776
6388
4343
-3360
1695
4946
-896
-1837
-4154
-7095
7255
-3397
-3512
5401
8744
172
125
-72
-5982
953
2747
-7480
9943
-3147
-2369
-5710
3650
8892
1136
6274
1528
8957
9286
-3131
3350
-9569
3995
7113
-4748
-2483
-7474
-5932
-2860
2052
-7230
1028
6426
140
9494
-8335
5979
-1695
-9739
-4782
1271
8522
-5783
-9266
4763
9069
-4497
9697
-276
-6264
5904
516
-152
-5481
3052
-3978
-1500
-68
-6991
-5095
7783
-6549
-1905
-2729
4357
-3014
3093
6604
2822
-3359
-7708
-1012
-3179
-2543
2087
-3487
-6178
5828
-1551
-2125
-5305
-875
565
-6608
4388
7379
2257
-8987
4897
560
6741
7367
-4143
5892
-5244
-9022
8745
-4405
-5998
3613
-8180
-5049
6516
9866
-5358
2150
-3085
2858
854
5680
-1708
-5767
3774
6408
8991
-8663
4358
-5836
1145
3131
1175
3953
-4098
6508
-2707
1557
-2339
92
-8918
-442
3863
-6399
-7458
-645
98
297
4169
-2847
7478
1310
3319
5288
2867
3417
9912
8666
504
-8317
2862
-9483
-9455
3045
-4898
1665
-3111
1417
-1422
3500
-7780
3679
388
2275
9597
-9856
-2883
9484
-8043
-2853
4727
-5024
-4819
2671
2057
-9430
6897
6404
2913
4491
6690
-8398
-5012
-8335
-7326
5611
-8074
4668
-2285
-3645
-8465
-5416
-5633
7543
-6755
-5875
5114
1260
-9518
-7436
693
9504
-4133
7719
8064
-6239
-7873
-4055
4367
6615
6585
3880
-6031
4999
-9697
-8119
-3980
-219
-4756
243
4586
5825
-2150
941
3545
5574
2104
-8852
3888
2184
6343
-1560
3052
-8204
-2556
2012
-6129
-8966
4741
-2541
9384
-4643
-1055
4488
3705
4459
1429
-9561
-8614
3141
5113
5704
-7284
7529
-9567
2976
-6237
-2200
-5114
-706
-6127
-3936
9386
-4897
6103
485
-7114
2648
6955
1308
7837
-754
4924
7934
-9417
-6105
-3036
1918
-5907
-7677
-2878
5541
7605
-6675
-5802
-5757
9652
-7899
-807
6894
-6483
3851
1263
6356
7934
9287
6314
-7422
-7944
-9488
3692
-2082
-2517
-4204
-9135
-2950
-8222
9865
-6502
-6617
4984
-5462
6132
7925
-8495
-9294
-9711
997
-9594
-8261
5843
2112
-8092
-7800
-1303
-4497
7268
-8811
-2073
861
-7875
6913
-2623
-5581
-271
7558
-4737
4777
6614
3454
450
-6233
7930
2692
6690
1339
1421
4755
9478
1026
7846
-7449
5546
3254
9380
-3344
6700
-7166
7230
6106
7898
9575
4146
8863
-4525
-5495
6593
-2566
-866
-1250
429
3129
-5742
3657
6383
6778
3243
-6510
3438
-3424
-1218
-6543
2270
2544
-8290
-4568
45
-4904
-5549
4854
5857
5104
-4810
-3744
-9649
4812
-4209
8033
7794
9628
4879
-2802
9606
4161
2142
3000
7065
-3483
4329
-7128
-6900
8175
-4471
4145
3701
-5313
3909
-5327
-331
-4619
-8803
3343
-2851
6239
2890
3136
9362
-200
-9416
6221
4719
-1226
3518
-1235
8016
264
3743
821
7352
2823
2531
-5022
3667
-4153
5678
-2504
768
405
-9042
-9771
4927
-5509
5425
-4296
9859
-3054
2405
2375
-4112
6436
3250
685
-9957
-3039
-2145
1288
3260
-6004
-1359
2920
-4183
4142
-9433
5622
-1227
-5285
-1243
-227
-550
-4958
-6226
-5889
-9782
8725
4164
5698
-4128
8285
-7203
-2300
1371
5144
5852
8899
-6220
8495
5764
-1351
937
-958
9704
-8617
-5004
649
8593
93
6550
-7417
-550
9333
-6656
5807
9342
1587
-3150
-8151
9341
2274
6080
8975
-4151
-4994
9534
-3147
-2079
-4496
6117
-418
775
8528
-747
-9778
-1845
-1399
2181
-6641
-9398
-578
1886
9692
-9711
904
-2620
8068
-6407
6210
-547
-7837
-7458
1292
-5195
8090
9728
-7113
-2857
2448
9336
-3822
7847
3710
5540
-9327
-1650
-4272
771
4869
-9778
3926
1987
-401
-8673
-597
-286
5948
6851
-3847
-8297
-6671
-1199
2999
-8063
4607
1950
-2837
3894
7593
-4445
-2972
6754
1787
-261
-5270
8592
-4430
9983
5382
-243
3773
-1842
-3094
1307
-6890
-6205
-5534
1504
-8944
598
-8056
-7021
8636
2164
525
-4735
7066
9106
2098
-3796
-1887
-5503
6562
-5693
-8157
8645
7515
7460
1285
-1697
-3152
8755
-9055
5798
7402
-8649
9755
-7292
-7568
-6081
1436
-6253
-6300
-4756
3988
8420
3671
-4432
-1956
-4616
-8047
4957
-9346
7700
-6695
9904
547
-4170
-1556
-8362
8301
-710
-8017
-5188
-4648
7285
7003
48
-2479
7334
-3864
8253
-6576
-7188
-2436
8030
-9943
-6257
-4398
7330
3337
3966
1596
2700
-6405
-6557
2605
6628
8069
2107
622
6880
7876
-8150
9523
-819
3077
6500
-2125
-2278
4700
-4236
7435
754
-6582
-8697
-1628
-1135
-4413
-1464
8386
3290
-4160
6034
-3379
-8712
-3651
3912
-7830
9189
-981
-2091
-2143
6920
-5941
1971
8980
-7430
-6886
1067
9933
-1044
2665
-9070
9251
-496
-5097
9343
-2739
8290
-9766
-9639
8698
-6601
803
-451
-7841
-1827
4561
-7287
-5923
8905
657
-385
7865
7974
-7416
2991
1371
2301
-1843
8399
6413
-2278
-2708
1274
7285
4150
7711
-9574
-6414
6751
3113
-3959
-7154
-6089
-8954
5875
-2798
3516
3964
-5240
8950
518
-4012
1919
-632
1303
-587
-5462
-3194
9051
-4716
-393
9770
-6733
-320
-1735
9201
-6195
2530
1385
3253
-9210
-1744
6781
2051
-5938
-130
7384
-3532
-8608
-8950
5197
7009
-8656
-9459
5334
4891
-4366
7517
-1854
-7243
-238
-183
5895
-5878
1251
-8547
3166
4891
-2538
-9700
7409
-6416
8056
4034
3508
-9985
-7823
7157
-3735
-4703
2620
1422
6567
-6541
7926
427
6821
-9541
8772
-4586
1598
-2930
6431
7038
4490
2680
-9885
2560
-9820
-5330
-8575
8809
-3375
-3247
-697
-8711
-3144
-7094
528
843
-8765
-6208
7704
9712
9410
-1332
220
4881
-1151
-3817
-2784
8147
8088
6089
9422
7776
3662
7946
-1315
-67
6426
334
-4606
-7069
-5898
-9557
-8123
-9574
-6767
-9739
-4102
5789
4396
-7316
3974
6351
477
-4172
3880
9138
2025
688
6681
-8644
-7031
617
-3261
7381
-4380
-6329
-1032
-6681
-1475
8335
-3230
2855
-7963
7527
-1940
8761
4891
-2181
5930
6105
9918
7674
9379
9144
8852
-8507
5719
-9737
2348
2418
8500
709
7593
-3256
9423
6007
4803
7521
-6745
8106
6176
-1048
-5002
3518
5083
5598
-8500
-6372
4666
-2993
-7110
-7093
9526
-6591
6653
8823
-1067
4072
459
9147
-2668
8418
-9191
-7250
-5389
6832
7507
-6252
8590
-7339
9530
-2603
8962
-433
2336
-778
4433
6384
238
-9170
-9074
4195
7124
7028
-3401
1871
3641
-3312
5724
-2505
2395
-1876
-1459
-7237
-7474
2315
2136
-4394
-3561
-1626
-7517
-1151
-7843
3568
4967
-6782
-6913
2565
6052
-1014
9858
6959
8799
3006
-9653
3902
8529
7349
8290
3349
-3503
4824
-9249
6215
-1290
-5503
6529
1036
6563
1158
-4406
-9738
-9379
3974
6227
1168
8820
3554
-6180
332
3849
4342
5244
-9200
-6180
-952
-6965
-1096
9082
-3923
9769
3499
-9693
-8266
9357
-7680
5066
-4293
3449
-8440
949
-9938
-2516
-2420
-3676
5523
-8916
-4414
2774
2548
3018
1462
-8802
-4272
-4320
-6298
2068
-9506
2373
-8925
-3357
3895
-7429
4897
-5836
8477
-2192
-1950
-837
2710
2153
-9426
2908
4378
-8660
-7607
5839
9119
6679
-3464
-8223
-8734
2675
9765
5694
-1695
-3772
434
-8105
-5625
-6193
8474
7918
-839
2888
-391
6179
8706
9830
6730
7432
-1300
-9664
-7354
6437
-4718
-8599
-1342
9755
7251
3069
-2999
2152
8311
-8902
-1290
-2387
9336
-35
6175
6694
4508
2173
-209
1553
-3019
4625
2200
2605
-8853
-5448
6605
-5339
9431
3039
-4489
-3916
6415
8883
-2923
-2058
9864
-2861
3311
-9854
8714
-4349
373
-5634
322
2559
2302
-1667
9694
18
-4237
-1272
1031
4683
-5994
2684
-8674
-2525
-962
-9159
-5706
-379
3224
2549
6931
8694
-8080
-7738
-1077
-4188
-8063
-4544
7352
-9816
2806
2277
7325
-9776
-4910
1619
5373
-8631
-6818
2408
-9924
8499
1829
-3319
655
-3204
7452
-5294
-5081
-7577
-5848
7624
8564
4437
-111
-2880
2387
-5895
-9794
-3806
87
-1299
-879
-1738
1159
-337
-1263
9345
-2558
-7362
-5630
-7533
5409
-5174
4936
8811
-9376
9953
-194
-1529
1300
-8997
-6274
-2316
3332
-9974
515
-7883
-5088
-5098
6677
438
-7813
-4119
1917
-1171
-2470
-33
962
-6055
-504
3847
1599
-7476
3064
-9615
-9150
7683
8695
-6896
-5024
8369
5540
-431
-2002
-8376
-260
-7376
-5520
7726
-9070
-1754
9715
-3401
-5597
-3541
9236
7110
-4133
6138
-527
7626
5376
-1145
-8178
3252
-8670
7052
-9218
-2646
2478
639
-6753
1219
-5406
-2298
-5067
2027
-5522
6410
-6666
2599
8958
2340
1267
-6118
-8774
-8999
7263
2756
1420
1626
-3284
6467
-2520
-2640
4228
-246
5003
-4803
3522
4138
-9450
-6967
-1360
7343
990
7186
8604
2964
-7396
-722
8506
-7126
-396
-3692
8378
2623
-327
2154
3334
-3652
119
2241
-2247
-4878
8478
4198
-5410
7930
-5459
-3480
851
-2271
5464
-7658
-8952
-4005
-7599
7569
-2043
-2712
-3982
-8291
-1869
9630
7757
4659
-1829
-1808
-3543
-724
-6871
-9573
-853
8077
-8848
-6755
-826
-1919
3086
8412
-2879
2900
5015
8887
-508
2563
-2947
-2909
-4069
-6939
7038
4946
7321
-1034
5378
-1053
9949
7806
7935
-8562
5432
-6787
1317
-937
-3620
5031
7833
-1599
-3361
8211
-6818
-820
-4196
-2182
9036
-7753
-6573
4704
-7466
-6095
-1491
2126
2676
-7950
1579
2919
4132
-81
2420
9127
-2894
-3568
-7144
-2198
-6530
5562
-318
8586
-2029
9382
-1030
-8439
-70
1995
-4029
-4233
3989
-969
7735
2944
3716
6522
9778
-1072
8435
-1553
-7120
-5698
-3189
632
-6879
-8544
7845
-2670
8901
-4392
-2178
3237
-953
7323
-9588
1608
-5315
-4938
4260
-853
-9337
-3883
2594
-8953
-8605
-4274
219
8760
612
5944
-7731
7798
1401
3216
-3663
7311
5641
-27
-2190
-1135
-6816
-7729
6252
-2178
8597
1655
-3281
6455
-331
-8913
-1293
-6642
-3926
-6514
-950
-8855
3364
-3013
408
-406
3148
7384
-5403
-8196
-8818
7317
-3849
-7509
-4200
4714
1061
2482
3103
-6688
-5287
-5858
1362
-6526
-618
-9262
3160
-1790
-5445
420
9333
8674
-6812
-3523
8144
7167
-6573
-8572
-8451
6765
-7145
-7202
2009
-7214
-764
-631
-1402
-4856
-2195
4914
-4262
6368
-9664
604
1089
-1173
3795
-588
-6620
9484
-4281
2842
-4514
718
-2156
8021
-6007
-6765
-9467
9357
1936
4748
9820
3327
-6176
3186
-7630
5333
-7762
-1760
-8098
-6870
-8066
9781
3650
7810
-6350
-8354
-1398
-3113
4662
-4214
3190
-5132
-9838
-6843
-334
9757
-380
-9042
3855
3461
-2831
-5216
-8944
-4259
-2959
-7715
8401
9129
-7549
-2142
9015
3057
1791
7390
7232
647
-1295
-5243
-1868
6124
3377
4862
8877
5063
4961
7409
1019
-6650
7910
7238
-8490
-7859
3426
104
-5206
-5210
5206
9174
-1805
8097
-7647
2436
-4579
8168
-6914
-5182
-8045
-8757
-1638
3473
2289
8385
8950
7815
8976
-5111
866
-1025
-4613
8359
-9880
5572
-2483
2807
-26
-8856
4935
-6862
406
-215
3386
-4824
-3760
-290
6748
1757
5962
1148
1006
3446
-2344
2650
8271
8738
-6365
-9214
51
958
8521
-9972
1827
868
6907
8393
-898
663
4460
-2221
6027
-1345
5708
8953
-744
6142
-3006
-6246
7324
286
2069
-9736
2477
-2883
2698
-3246
9944
3159
-6278
2396
1702
-5160
-9864
-1131
-3951
-2527
-2024
-6973
-7085
-2011
1937
-1053
8722
-772
-9624
-7458
1305
3737
3786
3182
4182
4935
-40
7478
4511
-1237
-8768
3817
6489
-2330
6159
-748
7428
9796
3167
-936
-9514
3238
4085
1294
7200
112
2697
4755
7643
-1258
-3893
2305
1809
-3448
3093
9783
-4845
-8499
8193
-6367
-2107
7017
-8860
-3192
898
1210
-9722
2165
-9653
-6714
-2431
8698
8659
2842
7692
-9550
-5776
-2367
-3933
-2850
7004
-5088
6265
-4223
904
-7250
8348
-5759
475
9312
-1542
-6192
-5428
-3704
4899
2111
1792
2674
-5605
6190
6598
-305
6115
-4752
-6527
-5240
1620
-2927
1092
9165
-2971
-9171
-8861
3162
5469
-4365
3581
-5027
-9046
-3405
8350
5712
-2486
-9666
-1923
-242
-5949
-9323
4661
-2307
9508
-8971
-1294
-3563
-5119
7419
-2980
-243
-6233
1010
-8481
6996
-3097
-6705
6879
-9987
-4802
-1209
-5135
5903
3654
6597
7505
-2733
-9646
3663
-5522
-5927
-8162
-212
9242
4996
-7262
-6220
-8972
4381
-2314
5358
-3913
-2242
-6787
9881
-1979
-2657
4492
2393
-165
-6136
7544
-8056
1911
7090
-849
-1356
-4459
-7479
3564
-1040
-7080
8543
7532
-5553
-507
-977
8210
4686
986
-7227
-9443
814
3432
137
2592
-7984
1189
9947
-1796
2492
96
6619
-3437
3320
5171
-223
-2450
-8620
4524
6574
4909
530
1876
2486
-9345
3512
-4824
-2209
7454
1269
1715
232
-2290
7573
55
-1706
3395
-788
522
2901
7194
-4488
-6721
-759
3523
4143
-6986
-7367
8557
6157
8494
8071
-3982
-4654
7605
6568
-9767
2699
-9876
571
6829
4915
-6620
-3117
-5209
7323
7577
662
5327
7167
8990
9546
-8220
2977
-9575
1866
-1831
-1529
7323
-7730
1205
1596
6673
6654
-7606
2769
6458
-5479
-5535
2777
9210
6050
2505
6271
-2879
1088
-4824
4134
7531
-4191
6008
3407
-811
163
2252
-5652
9490
-3160
6558
7689
3330
4797
1527
5398
4198
5899
7413
-2294
-6291
9802
-9925
6390
31
6004
-3592
-8644
1422
1473
2942
1961
-4630
650
-1301
-8617
-2083
-6275
-6865
8579
2142
8887
6719
8202
1620
6291
6304
-6044
-3990
-7426
5205
-1065
6404
3967
5397
5078
-6597
6000
7603
2887
-8211
9835
-6771
6335
8106
-1140
-5962
3533
-4198
-465
-7321
108
-6721
-4830
5637
-6945
676
-267
3726
694
7320
8625
3864
-1859
-1355
-9425
-4609
-2723
6030
-3056
-5510
5652
-3598
3089
-6064
2280
-9827
-3373
-119
6845
-5286
-5664
3975
-2690
-8500
9398
3443
-7526
6934
-756
-3527
-8266
-9220
8880
7214
2607
-8693
-9510
8165
4127
-166
-9369
3968
-1305
-1023
-5246
-2645
2706
7914
-1900
-2817
6021
-7155
9973
1108
-4911
-5801
-6291
-3433
3167
-3014
2971
3744
-8469
-9051
1493
5137
-6508
-1793
2184
8437
9034
2924
-9492
-4700
1196
9404
4748
9598
-9941
-1675
5954
-4571
3017
-7047
-695
7027
4624
-5279
-5856
5079
-5150
8590
6826
4561
9123
-2215
4019
-6859
-3104
2065
1151
-8694
-9317
-2827
6036
-3252
-4852
9454
7214
4143
-6809
-9734
9039
-147
-8479
2034
6023
-449
-9390
-5310
6293
1592
-8307
-8854
-5076
3844
-9863
2296
5358
2101
8105
-8963
8676
9008
-9575
990
3149
-1378
-6923
-2088
-9392
-8244
234
-9585
2109
51
-5709
-948
-7137
7639
8311
1679
-9741
-1604
6491
5659
8834
4218
6302
1901
-4722
446
-8888
-9182
4348
8355
9000
1724
-356
-935
-5515
-4567
-5256
-8428
-8765
9464
8938
-9830
8320
-6963
-5075
-3661
8842
-9768
2677
-1989
-6391
6699
-9954
925
-4378
-9870
-1766
-4243
-741
-1910
6097
-7519
-703
2976
-3597
-8700
320
6959
6312
7634
8489
-1045
1251
-8970
9089
9850
3388
7534
-9212
2952
-1454
-736
1245
-3110
-7661
9521
-533
209
4333
2450
-8968
6553
243
7042
-4045
4127
7466
5098
1042
-9440
-2694
-6370
-9090
-7884
-4346
8196
-2713
6281
-2625
8935
-3343
300
-5497
-6774
1506
-8513
-930
-9354
1228
-7152
9404
-8886
-2104
-7635
-3294
3319
7090
7257
-5220
5754
-9690
-3504
-7144
-7493
9911
-3387
-5796
-2203
80
1705
-2041
-8459
-5447
-1762
8285
7635
4957
6590
-2756
-192
959
8060
707
-5314
2027
7163
8425
-8910
4993
-1502
2803
-122
-4047
909
2005
-5426
6510
-1183
3068
-8340
4533
-2247
-3301
6752
-5652
-7914
-4547
7561
-4496
5259
-6906
-7968
5739
-5154
-266
1186
9651
6996
-4406
9417
5010
-4957
2000
661
-1335
7758
6719
4019
-2794
7143
-7315
9803
9152
-682
3359
-6000
4091
-9821
6485
8946
-7106
3038
6491
556
-8626
-901
8908
6020
-7221
2570
-2501
737
-3475
3972
-4142
-2910
2756
-8959
5293
-7125
-457
534
-4225
9434
6810
1810
-1008
-4213
6901
-4233
-1647
6971
5790
-7268
4002
5846
7459
-6757
-6455
-268
-2159
-4631
-1335
2240
3251
-6511
-2382
2271
7600
4779
6683
-4391
9320
-5450
9327
6580
-3641
1080
8463
3386
8728
-4117
-3298
-9057
-7222
465
5496
-8496
5885
1951
-884
4127
5887
3703
6974
7272
5481
-1671
-6723
-2928
-2786
-5151
3545
-9582
717
5310
7005
-6101
-1454
1714
1585
-6715
5114
9379
-80
-1335
545
-1348
6450
9521
1982
-1092
147
-1590
8142
8983
-6295
-9169
13
-5678
3368
-2041
-5181
-2348
571
-5805
-3616
-9786
4342
-4988
-9548
-6722
-1188
4648
-3663
8043
-1155
-8131
1500
-48
-5412
-1967
2961
-9542
606
1765
2019
131
-166
-7804
-5435
-6760
6863
2467
3492
4632
7275
-4302
-7711
-3517
3391
-723
-8395
6780
8928
2514
5219
-2308
4361
-3515
4870
7337
3802
-224
8952
-8600
-2507
7851
-7032
4347
-9091
54
-8523
-4930
4294
-5906
-9453
1927
9457
-1043
-1049
5511
-9755
-8769
-6433
183
-4919
8337
-9004
-5378
7266
-404
-8379
338
309
5700
-3295
1710
-7698
-2376
-4365
2465
1646
9711
-8902
-226
7005
-4325
3713
-2401
-9998
-1553
-5696
-6572
-7578
-9892
4872
-9843
-9725
-1896
-313
6684
-8558
-3264
2230
1954
-9164
8050
-9859
4696
-9402
4962
4504
-2313
-8664
-9685
5174
2573
383
8778
9225
-1251
8993
799
6072
-1289
8798
5642
-6193
-3488
-277
-2605
6343
-8413
7227
-4744
-9240
-2909
-4243
6163
7517
-3417
663
9307
-9882
9270
-5268
9896
4304
2566
-7753
5796
5292
-1552
1287
-8027
7747
-807
-5018
4604
1871
-9356
7735
739
-4539
-8669
3018
8435
2477
-4659
-3632
-7121
-4207
-211
-7101
7200
3609
-9902
6405
-264
1272
-4230
-4916
827
-3415
-3078
-4392
1847
-3664
-8749
-6921
5764
-792
-9628
6337
-8455
-5722
9981
-6092
-5435
9156
5549
8251
7302
5397
-6778
-9443
4574
4691
624
1325
-1309
7468
2292
3963
5776
9114
6791
7083
-2030
8109
-6796
-1562
8740
508
8766
3257
3364
8821
824
6896
-2340
-238
-4752
-9504
1349
-18
-1905
-1537
-1572
5991
-1652
-1120
1391
7306
-8050
-815
1202
-8269
-7278
4668
-6789
-3048
-3808
-3510
1630
8410
8628
1309
3205
5224
-9989
853
3244
-6858
-3103
1446
9983
6989
-8776
1391
-3983
-7227
7137
-5295
-7368
-9203
2623
8265
-4920
-8632
-8072
-7178
5152
5918
-8166
8888
1676
2077
-9436
-6193
-9440
3923
-5040
3581
6750
6246
2408
-3303
4932
1328
7828
-387
-5428
1881
-4458
4009
1704
4281
-38
3233
-4492
9747
3341
-7626
6478
3804
-1700
-7506
-8381
-9987
9369
-5755
9465
-3859
7200
-385
-3985
7110
-3344
8223
8210
-7741
6629
-1327
768
-893
652
-7162
-1431
5182
3506
6516
8093
-6874
9455
-4943
-2341
9668
-6186
4391
-3343
-5829
-6003
5087
-1397
7091
4349
-5002
2018
9134
-3191
7262
4825
3620
-890
-8216
7326
-4930
-3747
3134
7237
-9636
2474
1430
-7002
6932
-7599
-9821
-3753
4270
9743
-8696
9651
-8954
5571
4442
2662
-7375
-7485
8802
-5482
5697
9081
-3973
-7506
5784
-4583
-4107
-3442
633
6203
-7557
7743
7003
-5746
2826
-1982
-3832
2007
-3605
5032
9826
-8816
-1550
6561
-1739
-954
-8671
2293
8517
3723
9387
-6490
6428
-2978
1355
-4110
1179
-2036
-7159
-4678
100
6490
9330
-3140
9020
4124
2728
-2041
-8359
-5610
-65
6688
2981
-927
9093
-2434
-3837
-3266
122
4081
9932
-897
2216
-2787
-8361
9997
-6204
7542
3747
-1903
6856
-9685
8716
-959
7240
-231
-8768
-8196
-5327
-5600
-4156
9675
-9791
344
1584
4865
-1733
-7044
7004
6654
-9013
-9552
-3532
1702
-793
-6552
2023
9881
8014
-3626
8087
8698
-1955
-5601
-7565
-8280
-3579
5132
716
9518
-6716
6203
-9859
-2799
-6792
1478
8356
3357
1041
-9415
8448
1252
7795
1628
-9126
8076
-6057
1355
6709
3477
-6704
6936
-1793
-2704
7436
5495
6239
-3586
2111
-1856
-538
-2199
9482
2771
-9353
-6169
-3274
8344
-1336
3770
-8750
7755
5347
6065
-4739
6622
-6739
-8665
347
804
5716
9311
-7689
-3084
-4938
-353
-7428
2253
6245
-2503
-361
8316
177
3164
-9644
-8230
-720
-1757
-6428
-5412
2019
-7434
-2863
-8211
-5324
9185
-9243
-7295
949
-4091
-1890
-5003
-9465
-8525
7472
-7697
-4746
6587
3961
9442
8772
7844
9556
8250
5157
-4686
-8489
-3073
-2215
2270
-2299
-5798
-2173
-4836
9399
8021
-2280
-3273
-3744
6970
-7745
5605
-979
4610
-7306
-1854
4004
3536
-4874
-4044
-3316
-3009
-273
2804
-5184
-4337
8737
9992
9642
-9965
7362
-3605
9530
-6478
-2977
-5684
2942
-9665
9647
8244
1700
-9918
-3797
7739
7237
-7072
1321
-3753
-5091
-6119
6111
-8535
-8698
-3106
-745
9948
1835
-3197
-5694
-3134
-5884
-9215
-5325
-8120
-8329
-9778
-3692
5356
9073
-7366
594
1932
-8741
-5527
3260
8189
5237
-9712
5005
-1848
8498
5110
-3118
9309
-4706
-4742
-7530
1016
2709
-1702
-5125
-4067
250
-1402
-6785
-3382
-6823
3830
8167
-5606
5332
-1406
-9518
-3710
1063
5839
7113
3667
6881
3329
4544
9697
-2831
9475
3222
-1418
3907
-1195
-4297
-4566
-9760
637
984
-8382
-2979
8934
9859
-4271
-1448
-1795
529
-8989
-2226
-2410
2908
1714
717
7417
-1401
-7895
-9245
-3933
6687
-7074
4581
3731
-848
-7179
4311
1874
4592
9887
-2121
9290
7331
-5029
24
-8004
6095
2676
1991
6669
9193
-1177
-378
-9752
6873
-7499
8431
-3892
8554
8415
-3626
7974
5186
9837
4354
389
-9318
4775
2986
-9576
-5104
-3776
-6839
360
8500
-2385
1146
2032
-3973
4270
-2162
-5289
7139
2302
-5541
-9859
8370
416
7171
-4922
5519
-6572
4861
-831
9255
-681
1074
9800
1341
5454
-7659
-5981
2879
3837
8420
7958
8278
-1426
-1589
8671
-9279
3724
3130
133
1468
1625
-1345
3215
297
-1679
1583
1426
4508
7110
6377
-3081
9765
-7156
-715
-9085
5531
9284
-3826
-1016
5822
-8528
3292
5088
7782
-4086
2243
7072
-9023
6851
-1362
-9837
6508
1070
6204
-8050
6217
-2172
2432
9074
-8888
-4312
9844
2782
941
-6967
7082
-8615
9940
-130
3013
9244
-8798
-5976
-2242
-2106
-5446
-6296
8684
146
-5190
6688
3713
-833
-4477
9357
-1192
-6279
2976
4254
8586
5022
9903
6041
205
5157
9272
6658
-326
-6332
-2064
9327
-9603
-7523
6790
3902
9443
-1975
8385
9056
2255
2025
-439
2905
-4542
5125
5202
-5176
-7230
4984
9642
-4498
-852
2986
6233
-9269
-5157
6018
920
5353
-4294
470
-9856
4651
-2216
889
-9090
6794
4594
3074
-5432
8706
-3896
-9148
-2443
-8130
-9147
4662
399
-5042
9533
8203
3901
2895
-9901
-3826
-6610
-4684
54
-5580
-1265
-8930
-2737
-8543
4607
9969
-2104
-8847
-8983
-6142
-1449
-7992
4329
-8494
4884
7666
7950
6738
498
8374
4522
9099
-7592
-2157
6891
7917
-588
4601
-117
-7603
3750
-2146
-5127
9678
5301
-2127
6735
8744
-8122
1199
-8303
-9697
7098
-8775
232
1079
-1180
1918
9090
2438
3156
-7887
-5618
-9366
988
-610
8466
-1396
6822
-610
-2401
4708
-176
5170
-5224
2913
5726
-8234
-8996
3866
5602
-5324
-2343
8417
5296
308
-7921
-5968
-3891
4000
5376
-4816
1571
7443
7751
9240
7242
7087
8627
3822
-7785
6362
4420
-9645
4725
7151
-6663
8690
-8329
4081
-983
8309
-5908
4207
-7949
8995
-669
562
-7003
-6889
-8921
-8938
9770
-335
9566
9795
2697
9998
4431
7628
-8046
7971
6243
-7224
-900
7292
6384
-1572
-5655
3636
1926
1265
7841
8657
-5984
-7237
-6228
7035
7047
-9975
-864
4376
-1530
-4799
-8028
-6451
9754
4781
-8273
6458
-2121
4003
-9243
6091
-1305
3745
-4792
-4362
3563
6686
-4618
-4977
-2010
-3424
7406
8617
5508
-9742
-7915
881
-9326
8654
-3281
6368
9474
5749
-1616
3649
-2443
-8833
227
-8108
1263
8337
-1650
7771
6281
5729
-9153
4618
-5976
-3362
-5389
9838
6948
5208
-4537
388
-6256
-600
2487
6229
3129
3679
8803
-6793
4349
-111
1022
3358
1530
4506
-8672
-5926
1910
6158
6334
-8636
-9604
-4302
3502
4895
-6109
-631
6264
8207
-3501
-1787
-3886
-5664
9990
-8631
-9899
-2363
2895
1092
-3725
-1724
-3636
4146
6426
52
9710
-7011
7720
-3292
4509
-8895
-2326
-3269
-5472
1877
-5569
-919
2609
-3321
-3775
-1055
8942
-6552
-2280
-745
-7442
418
2469
-3812
4172
-1632
-1770
6627
-3692
-126
1926
9802
9871
-4341
5030
6951
9365
-6269
917
9205
5725
-9474
521
7147
7447
4919
-9981
-1165
3268
6122
1731
-5881
6267
-5137
-4729
2161
-5006
-5925
3343
194
2334
9953
-9693
7870
-4324
5693
3418
82
2994
-7403
-8367
2240
9470
-1595
6722
-4275
8778
5629
-3712
6544
5896
7470
-1698
7838
-356
-3577
2780
2900
3728
9828
7058
5493
561
9521
-3113
-4317
3044
-858
-5032
-7813
-2298
-8285
4492
-5154
838
-4896
1814
2437
2983
-9231
-3134
-6032
-6697
8763
5369
3228
-8878
1673
3194
-2250
-5041
-226
-608
-8665
-5775
4336
-4463
-3151
7741
-5106
-1483
-7866
-3187
-9089
2439
7814
6330
-8914
5983
3136
-1184
9255
7642
-1361
6813
1555
9897
-3217
9803
9684
-976
1812
-7314
8861
7227
1523
1186
6505
-1590
-8453
-3044
4036
-200
399
-5724
1598
6549
-2723
7163
-2796
4605
-3084
-8103
-1300
-8321
5304
-7946
4454
-9677
1240
3121
-8628
-8924
-759
2101
9170
9589
-9728
-5135
-6900
6325
-8418
-3449
-7372
-5744
7736
-5564
-4692
-6035
7072
-841
-7890
2805
-6790
-6953
-7218
-5878
-5263
2813
7976
3841
6530
-9012
-670
-4636
7310
1420
798
-2233
-2032
-398
7506
-8022
685
-564
3966
-4532
-5294
7427
8216
-7824
-4230
3034
9354
-8209
323
-1249
-9030
-1218
-4
6652
-5029
5122
1043
-8805
-1084
-6800
-7053
7620
-1326
744
-1693
9485
-6849
1141
-327
6122
-4065
-4286
8738
2283
1207
6565
4774
7460
5109
8813
483
4358
-5327
-6403
8210
6897
-7444
5561
7843
9073
15
-6570
7323
3047
3573
-36
-4635
7845
-669
6225
-8532
-6318
-9615
-771
7339
5236
7861
7108
-7348
4611
-2421
-9262
8258
9996
8492
7498
9742
655
612
-7136
-7602
8867
-4137
7181
-6960
-1734
-7994
8217
6129
5595
-3516
6800
-4657
-7111
8784
8023
3600
9282
-1327
-6493
-960
-5865
4727
-638
1592
-1060
-9096
-7760
1077
4935
-555
8370
-4117
3891
-8712
-6296
-9870
9504
-9093
3440
2508
-5554
1933
1441
-2305
-8341
6072
8826
9816
-7241
9107
5240
4021
-9959
-1074
-8628
2453
-6570
-6416
-3928
6347
-7233
3296
4837
9476
-6541
948
7754
6546
4732
5027
3884
-1265
-5956
1067
1454
-2769
-4275
8904
-1747
4815
-8271
-3940
-8484
-4285
117
-1615
1639
-7999
2455
-120
7949
-4210
3314
-1268
-829
6279
9082
9891
-761
-5923
9059
9668
1778
765
1573
5063
6699
-2363
-9347
452
-3790
6911
-9394
8168
7100
-8241
6842
-3930
4816
-1222
-1867
-4420
-7873
-9718
2857
-4181
1793
-9147
-256
9131
3145
8244
-2942
-9345
3873
-9769
7464
-3255
-3717
7350
-7685
2892
7717
6344
5533
5862
7330
-1864
-6460
9356
-5511
-2818
520
-4558
-5993
-5510
5508
9402
-2649
6497
-1655
1468
-7387
-7198
9160
-7696
-6485
-2791
4955
9865
-1591
9700
-6171
-3382
5430
-4371
-7680
-3683
6720
5304
1272
-218
-4805
-7100
1584
1867
8093
2537
5474
-8644
28
-8562
-6843
1678
8187
1078
-6194
-7402
6700
2210
-2523
6710
-3859
3502
290
2631
4784
5039
9747
-562
-6203
5435
-208
-7535
8759
8937
-5129
-4053
2200
3526
-4715
9689
-428
7049
-3843
-6447
3541
-4235
-8373
-6940
-9270
9813
8407
-2918
-8580
7125
-5527
-3405
-9033
-2405
-609
-2308
6154
-2995
-4069
814
-2251
9009
2917
-582
7187
8723
-4110
9565
2806
9662
-1953
-231
-3933
-9395
-8204
7553
4549
905
-4166
5108
5636
4931
-9545
7306
-7600
-6300
8817
888
7393
8089
-38
5765
-4839
8631
4512
3066
-7603
6656
-8352
1601
-6240
-6299
5540
-9058
8493
-819
-4524
5813
-1846
-2107
-1263
-5688
5385
-6615
1290
472
-7676
8474
-5542
7022
-569
-6557
-444
-9230
3745
-9985
-9866
-9309
-9326
-8556
9713
-4880
-4415
-5327
7266
-2559
8073
7460
1617
6303
6489
974
9566
7003
-5889
-6720
1338
-1034
-8440
-2263
4434
-7125
-9627
2155
-3615
9749
6593
-3843
-7989
-8381
7951
3295
337
7302
-953
4373
-3719
8014
2660
3507
-1220
-2496
-4671
-4005
-2119
-6209
-1814
-8805
7380
2288
1009
-3117
1455
-4750
-269
669
4094
6717
-924
-6765
1947
912
-860
2253
3759
181
-3536
7735
6540
7277
-3908
9793
6374
6289
-6997
-9448
-4004
-3642
-2562
-8170
-6182
-8431
-8232
8090
-186
8459
-6021
1574
-2999
-951
-8573
-5583
8271
64
-1046
9246
-1561
2171
2977
-6886
6169
8490
-4907
-6043
3216
1391
-5536
-454
2542
3071
-8914
2696
-8234
1213
-2283
-228
7115
4421
7561
-5723
8405
-7798
6035
-370
-220
3804
-1383
9349
-4295
-4040
905
-3303
-5083
2979
4147
-4325
-1529
-8619
8039
-9233
-8261
-2879
3192
-7675
-7022
-1872
1721
2019
2555
9970
4318
-6241
9721
9806
-3556
9799
-1959
5905
-2671
-736
-9288
-660
1125
-146
8507
4081
-759
-4503
-6054
2914
-4341
6475
-4802
-4119
2339
9396
7155
5649
542
-3151
3055
-9592
-9666
1500
-5225
7561
-2444
5644
-3013
1444
-6058
9722
-277
-9379
8160
-9959
2039
-8654
-6463
-9198
6539
6625
-826
-5376
8686
5975
3559
-6148
-8746
-7901
1864
679
5570
3647
-7199
-8741
-305
-8858
-9223
1777
-7409
-7705
-4644
-1916
594
-3855
-285
592
-4367
760
223
1141
5317
1119
7339
1162
-1135
-4930
8610
-8639
-9277
6166
2837
-1433
8401
4066
-7535
-9817
-917
-7980
2207
6405
-3091
7553
-2686
-4967
3213
1573
-3386
-8407
-6040
4331
604
-6516
1455
5918
1437
-634
-9504
-2418
-4627
-4536
-368
495
4442
-4996
-9579
555
7820
4372
8646
1172
8867
-2419
-360
-5225
7826
-7789
-2040
-8883
-6443
5650
2569
1874
5567
3883
3456
-1805
-2891
-1673
1138
3778
-6177
1813
-5822
743
9864
-910
5733
-5814
5388
-537
-6704
6777
-1569
9237
-332
-1129
2047
-374
-3604
7617
3831
-3958
4089
6937
-5853
9383
6138
-8150
861
-9509
-4263
-2635
-7841
9196
4966
-6494
7424
1909
-3535
-4464
-457
3646
-1294
2411
-5104
-2572
-6864
5511
4108
9722
8974
-3513
2251
-2135
-7004
9756
8917
6183
-2576
-533
6669
-1717
-9419
4881
6766
-1082
-2797
4780
2499
-9206
-1334
6893
-9486
-3056
7442
4798
-8913
-5949
4111
8111
6960
-9349
3930
-626
-6548
7310
-5768
-8934
1632
-6982
962
8167
75
7805
-5469
6388
3956
-1759
-4743
-6421
5404
1462
-1397
2341
-9934
8401
2849
-3423
2462
-3482
-5838
5091
8327
-9321
-8864
2910
-7449
4842
-3918
6049
-1414
-606
-3533
516
-1138
3103
-194
-2153
-6790
9429
649
3322
6578
-4839
-2467
8221
5471
-7823
-1848
-4436
2589
-997
1031
-4323
-313
-2736
4757
6091
7563
-3419
-5165
6039
-8807
-3440
7726
-8809
-1938
5649
-8948
-1153
-3713
3172
2889
287
-3668
9757
4380
675
-4830
6486
-9871
-7703
9658
9834
-2154
-1110
-831
-4401
-1818
-6167
6518
5144
4062
-1033
7419
-7035
1052
-8732
1335
5101
-9153
-6042
-6449
-8328
4536
5865
-9037
-4979
-320
9795
-8860
-76
7059
-5924
4960
943
-647
-6186
-9401
-8381
7093
473
-9493
-8482
-791
3525
5049
-2795
-1942
-4279
-4503
-14
8519
-7137
-3665
-2361
3044
7644
-7928
6395
7646
-4756
-6523
9609
3598
-2309
-6139
-5937
7688
9385
-5992
3017
7212
5629
3352
4917
6710
-6157
582
439
-1799
-9606
717
8014
1705
-2799
3262
3858
6134
4937
-884
3591
5803
-6572
-1838
1537
-1732
3443
7618
5659
-2348
6160
951
6605
-6304
-4945
6023
4538
-6195
9440
-9529
9104
-9191
-5669
-147
-9455
-4336
-5209
1167
1245
5149
3672
-5355
-8849
-5231
-5725
-5236
4159
-3830
1830
197
-656
2011
-1561
4664
1111
-4590
-7230
-3838
-2786
-202
3640
-70
-6069
-3781
3232
-1471
-5597
5170
-6082
-3824
-5418
-6439
-7039
-1142
9662
-9832
-8812
8445
6955
-187
8373
-2541
-1333
-1923
6078
-374
-7179
6784
-7089
-3501
-8854
-2799
-9077
-5457
-8332
-1196
3312
7977
-7059
-321
-4484
8437
-2607
8821
-5898
1633
4475
9232
1183
8467
8878
-746
1691
-5222
-3505
3192
-2020
5488
-7641
5072
-577
-2136
-432
-2274
5248
-4915
3088
-69
1471
2766
684
8251
6697
-8920
-2105
1369
3873
4345
1053
322
2143
-4492
7844
-5534
-1163
-3209
-4803
2715
4015
-4719
9480
6387
-5240
-5761
3090
-9599
-6757
3649
-6932
-3392
1204
-8149
4581
-5067
-2263
-6751
-74
959
9964
-1701
7065
-5491
5233
2671
4232
-4274
4467
1123
8954
7497
-9048
-8814
-9619
9608
-7288
-622
-4757
-7837
713
-4199
-6236
4491
-9602
-9463
-4457
737
-5964
-8541
890
7558
9126
-8577
1812
-6637
-8358
-4893
-134
6832
4747
6498
-1272
9495
-6355
-8418
9193
9978
4338
-1992
4109
-2293
-6366
-474
3938
2521
-2006
5196
9041
7610
9875
-3525
8052
-2206
9019
8395
1289
6692
5772
-6174
-2357
-1807
-274
3768
3809
9952
-9340
-9289
4774
-5302
3895
2002
-6340
5609
6857
1387
3558
-2295
-847
-8768
7304
9658
-363
-9235
-2586
-7776
-8550
-7579
-2422
1011
-703
2055
7493
460
4257
3259
-6458
-2043
-7641
5690
-4257
1477
-8857
3639
-9652
2692
8749
9389
-1032
-3711
-2943
-348
6766
2223
7500
-2164
-2225
4345
7946
-7883
3893
897
-4731
-3681
-1284
8267
-8900
-467
-5418
-1369
-7897
-7109
-7693
-4741
3370
9580
-3210
1888
9738
6724
-3981
9791
3766
5055
779
32
4837
-4453
-9683
2289
-5514
-8284
-3828
-7213
8353
-6478
637
9099
1719
-8259
-4566
-9734
2518
3096
-9618
3355
-3234
4142
2572
3385
-3483
1933
-2032
2596
-9692
2614
-3463
-660
-448
1210
-9719
-9206
1037
7638
3213
-9966
-6447
8355
5055
8937
-2986
2464
9860
-838
1549
5922
7911
6439
-9851
-9428
5622
8333
527
6189
-8034
-3901
-8237
-9449
9566
-9663
-1483
-8688
8795
-1052
-8827
-4780
-583
299
-3504
2142
-3285
8403
-7858
-1228
6358
-4513
-8194
-619
-5535
-8877
2283
9485
-5281
4521
-3766
7051
-7893
-4608
9722
568
16
7784
1375
7711
-6066
-384
5078
-4678
-5029
1355
1185
8379
-676
-1598
-6957
-9360
2923
9817
-5939
6725
9179
-5926
-1692
4371
1941
-7673
1797
-9119
1476
7871
-8321
-5281
7249
3573
4039
-6384
-1776
-1195
-3526
2231
-7475
136
126
-5716
-4700
-9805
1321
7987
-6828
-5819
4701
-9800
8323
-2366
4214
-9163
-4858
-6553
-768
4592
-7366
-8478
8166
1293
8657
6526
-2554
7011
4073
3022
7093
-9796
-2390
-5078
-3197
8179
4071
8176
5769
-3993
689
7608
-1709
-8474
-5752
-8646
-4377
5539
2570
245
1313
-4881
-3441
-6321
-1329
-1881
-7166
-1162
-354
1961
2951
-5965
4026
8720
9273
7419
-4021
1354
-543
7512
6228
-1478
-789
3112
-7908
-994
5313
-4523
-4076
-679
8805
-635
3776
-6713
-6232
4834
9844
1547
6374
1044
-970
1601
6778
-8014
6365
-8749
-3617
4940
1330
-2314
-975
2810
8377
3225
-6416
-993
2590
-1934
-604
-2590
5310
6434
9642
-826
-2304
-6369
-9744
9327
-4655
-8684
-2898
3379
-8443
-2877
3053
6359
7144
5806
-4226
-9221
3742
6340
-3460
-9814
8252
-6278
7779
77
379
-5869
3280
4866
-5555
-5678
-4009
-4488
-6594
-5464
1221
-452
4942
-7405
-6092
7176
1432
3509
3731
8195
-3838
3732
2147
8676
45
-4498
-1828
5888
7898
-1939
-3309
2
-3054
4451
-3293
-705
7830
1339
4160
-611
-5314
2977
-6158
3433
7773
6476
-9437
-5168
8006
2356
-1572
-8043
4537
-9088
349
9674
-9325
-2052
8107
142
-2360
-1035
6038
-4151
-6086
4999
2218
3454
2596
-3819
8834
6955
-6811
6389
6072
-9091
-8218
-4976
-193
9004
-3475
1780
5808
-3723
-4296
6939
6517
8819
-1426
4255
6013
9616
-365
8803
8458
5983
4729
-628
5422
5510
-6224
6559
-3564
-1039
-3207
-4479
-7696
3566
-720
3085
-5767
-6688
-6916
-4732
6210
-4120
-6432
7338
-9454
-1598
9086
1794
-6105
8297
-4311
8304
-3627
-2242
-4193
-2338
-1629
-6503
-4076
-4203
3886
-1103
-3449
4529
-8791
-5693
-4872
1343
-5072
-1377
-7654
-5189
3765
4045
-8602
2377
2599
9574
8388
3195
6414
51
-308
127
-6630
3739
-7705
-1674
3525
7782
3654
3807
6002
9271
-5718
-8875
5547
3193
-1008
-9431
7999
-4627
-2837
-6565
6440
8268
-7194
-3909
510
4133
831
3964
3837
-4856
5637
-7009
-9995
2398
-5573
3458
2742
6255
-534
-992
7992
7509
-4583
4215
7520
-1662
9212
6170
-1043
6371
6235
5439
-1090
6658
-1884
-3045
3991
481
-7699
-6144
-6130
2140
-8862
534
8361
-8739
-8333
2594
9207
-1733
5147
6046
1965
-2784
2438
4994
-2726
5399
-5665
2640
3700
577
7755
-2197
-2975
4668
-248
-5450
-9176
3937
2403
6514
509
-1861
4815
387
3882
2627
-789
-7798
6577
8514
-2494
-3723
5625
2571
907
-892
4875
2130
-3030
-5536
210
4973
1096
-710
8328
5155
-9947
6033
7455
1773
-1364
3277
2646
-1006
6788
-5767
-4330
9367
6688
5984
-6540
846
-3873
8476
-2650
9965
8641
-5976
-8506
1560
-4345
-7083
5297
-3084
-8542
4036
-3426
8487
-4174
-7106
-9992
-4683
-4925
-4307
-3667
5697
-348
-2111
4145
9134
5202
2865
8900
-5897
-2531
1744
-7870
-6219
-1570
98
-4259
-2851
-1734
5883
3045
9549
-3460
-7280
-5492
8428
885
-4694
-5353
2450
9044
-2463
-4052
1878
9762
784
-7530
652
4885
-1102
7670
4802
6515
-5103
3997
69
-256
1324
174
8004
-105
-8774
-4309
-8383
9305
266
-3660
9645
-4685
4988
3458
1775
3307
-3097
8807
-8941
-6111
-2508
-7926
-5966
4680
-3570
2113
-9125
-8899
-249
8043
-4971
1280
-8630
2728
-6478
902
-41
-7221
2201
-5182
718
9787
-6564
79
-6859
-5696
-4363
8733
8555
-3616
-2417
4044
6150
7431
-7689
3191
-675
-8900
5344
8924
-838
-4254
2424
7277
-5658
-2412
-7204
-3123
-464
7687
9566
9347
-4302
-4988
3438
-8018
8400
-2639
-375
8451
1201
1070
-9222
-9426
-8718
3827
-2963
1857
3402
40
-387
-1519
-3791
7778
411
8904
-5880
-1535
6533
6983
1954
-6924
4578
-4038
-6036
-8290
4394
-9743
8250
-2523
1991
-5217
5881
2387
-8687
1090
-4786
-4329
8706
1391
1501
-6006
-1452
-8332
3790
1921
-5452
7088
-9969
-4128
7675
8635
8013
-891
5049
565
4788
-3900
5742
-716
4802
-7246
6802
-6935
-6768
1308
-4506
-4113
-3662
-8745
5515
6732
-7342
-9497
7599
-7755
2184
-167
5909
-4307
8933
9104
9548
5603
5539
1114
4455
8752
6151
-4736
9298
9781
6851
-8670
-5259
-1413
-5197
2599
6685
-8260
5772
3696
9658
3468
-5752
-9759
-9007
-4474
-732
-7542
7823
-3178
7443
2102
6373
7472
8906
-6758
-8653
2946
-488
3474
933
-2325
4698
-1127
-3358
3556
5810
7957
-4047
6407
1811
-8533
-3889
380
-2144
-1513
-6809
-7168
-9066
5123
1487
9220
4598
-282
3101
8485
899
-3737
-2493
5463
1570
5727
1759
2859
4500
-8200
-5925
8785
-860
-8273
6054
-7310
-1307
1472
-9867
-7798
761
-8
6719
5270
4074
9359
2713
-1740
7160
-1667
-435
-5261
6531
8501
-6649
508
-610
1665
-5539
8955
-4577
-5022
8735
-2842
8982
-5032
-429
9536
1491
4001
5457
5610
-5190
2701
-3637
4334
4085
8898
-8198
9307
-277
6752
-4995
2246
-7611
-4149
-6867
-4482
-5689
-7974
-217
-3303
-8698
-6951
5429
-9673
4318
4450
6514
-2317
2601
-5065
9467
-994
7565
7344
8921
-2367
-5660
-1857
4023
5633
-5946
3458
-7542
-6287
7259
7915
1761
3151
-3806
-8398
-997
-5878
-5986
-2919
3333
-1415
6068
-5173
3400
5292
-7761
9341
3465
4458
7920
-2337
5920
-7619
-2901
-6684
1027
3343
-2986
-3237
-4886
-7710
4513
-4035
-9512
2925
1628
-582
3652
4931
-3129
7105
-5010
4894
1789
-1898
4101
-1273
3264
-2661
-8823
8183
-5157
-9002
929
-5301
3219
-771
661
5503
-9179
-1349
1176
-385
-8870
9016
-6498
8211
6017
5558
8541
4036
-3314
-5668
-8063
1784
-4998
77
9090
-3899
6603
-4870
-801
-6509
627
-7489
5723
2286
9864
8666
5747
-9609
-5853
7256
-4669
8127
-9842
2948
2613
-2599
-7819
-7980
-4185
5876
6070
-9140
-400
9310
-6463
-1334
177
-6945
-7641
9371
-1731
-685
-9170
-341
-3315
6571
-1367
5345
-6244
-7713
-5038
-1753
-9547
7168
-3540
8284
4809
3392
-8428
3061
-2906
3422
788
-8673
727
-4188
-2112
4720
-7381
5962
6818
8776
3797
-7578
5842
4466
-3573
7631
-3645
-1787
-7499
-2549
-8543
1707
-783
-8573
-1786
6245
6444
6355
-5696
3835
1188
5441
8782
-7994
3273
530
2500
3068
2411
-7384
6515
321
-2481
2249
1789
6709
-2513
8656
-7976
-1905
-8362
496
-2290
5959
2297
-4378
-4758
-4907
-4497
-7589
-5714
-3806
430
4283
-1644
1831
8824
-3108
-8962
6324
-1710
9529
6425
-6129
-8498
-3015
-6018
4910
-8097
-6658
-4604
4400
6151
-2542
-4184
-8682
1969
3662
5980
2346
-3250
-4622
-4284
4095
-2916
-3041
9246
-7600
-6110
-8220
-5997
5995
-3878
-6509
4687
7148
-8912
9271
7626
-7768
-6351
68
6894
7431
2848
978
986
2364
-8788
-2903
8421
5126
8255
-536
3846
-6663
-7161
-1780
2869
3002
478
-6959
-6757
-7655
3380
-1670
-4534
9642
-586
6968
-9416
6617
833
5655
5594
3760
-3176
6400
-2203
-3413
977
2803
-618
-6659
1497
-7872
-7629
493
-4912
-1011
-2352
9188
-4933
7634
5589
-267
-5887
3515
-1657
-3430
-8127
9207
6544
7255
-3640
8695
7004
5604
-7533
576
8739
-1102
1989
-4145
-7464
-922
8547
-7496
-134
-564
6792
6772
-6024
-1592
2868
-4897
4406
-5195
1080
3673
-714
-8189
-1063
8504
-5633
9079
8815
7270
-5548
1615
-8537
-7553
-9930
4358
9213
-9254
5274
-3487
405
-4948
-6078
3340
-9454
4768
-5333
-9076
1034
-8863
-6351
5456
-6805
-8851
3013
2953
1976
-7187
6541
927
-9344
-5318
1175
166
6343
-5301
-8828
438
-3334
-4157
9078
5019
-1312
3795
1277
925
1776
6749
-8268
5318
-931
5833
695
-7934
8246
4071
-5084
-6652
-7802
8057
-6959
-5854
7882
-7842
-4612
-2119
3424
2872
-5735
3173
-2843
662
-6631
4322
7911
4175
8448
-8007
8586
3932
-8214
-4491
-3428
-7003
-7599
1375
5071
5917
5505
-2801
-1857
3768
5423
397
607
6582
-6019
2609
-9137
6686
5349
-5908
3444
-3925
2295
4347
-4062
-8327
-3502
-2397
-6011
3667
7264
-7124
-5097
6288
4066
2530
6181
7397
-8869
-5782
-8496
8008
4992
1347
-7535
-7912
5561
2648
7240
-8781
8687
224
-9828
481
-5899
2907
1329
-5998
4348
6044
-7605
-9312
-4232
8657
-4085
-917
7415
1858
4366
-3479
-9749
4243
4195
-3444
5222
9896
3651
4614
-8474
3541
8535
-5688
-3311
2331
-5742
4742
9906
-3720
7123
6488
1165
-750
-9749
-42
5040
-9916
-9384
-8992
998
-6057
-2318
5719
7941
1223
397
-1122
3098
7285
-418
5338
3789
-752
1821
-7922
-9782
-6636
7413
-684
3555
3872
-7944
-432
3736
-7456
9798
6175
3777
3276
-301
-682
-7622
-45
-5283
-69
6653
-4816
-3758
-493
9113
9340
5729
-5020
1565
-436
484
9917
-7133
5267
-9136
-1534
-6214
-8589
3147
5797
-7195
8918
-9419
-5026
-5772
-6466
5361
9362
3035
-6603
-1488
9217
178
8523
8823
-9878
-1345
1262
4435
1299
7399
5391
8732
-4212
9277
1523
-8914
-9274
-987
-1244
1682
4183
-9179
-2371
-6085
-6832
-1858
4671
-8443
9305
-4895
-2563
-7618
-2561
2921
1102
-4730
-544
6521
8996
3921
4858
1740
-9986
1176
8062
3588
-4723
-1488
-3795
-4679
-4702
672
8068
7368
-5166
9897
-9496
1464
4815
9862
-2818
-986
2268
-5442
402
-2200
-42
-451
-4609
919
-3420
-677
7766
-8424
-4398
-44
1040
192
-407
4897
3907
-1943
-4865
3783
3112
4908
-7134
6393
5194
7586
851
3548
-628
9074
7935
-9953
-8026
2007
2333
5870
-3778
-4551
-4054
6781
-8495
-2360
-2620
-1497
-4637
5135
3400
3749
4433
-7836
73
1805
7567
-6098
6034
4493
-1793
-7282
-6130
3940
2780
957
9107
-3788
-4768
9165
779
2717
-209
1093
-1518
-1359
6195
-3119
4033
-717
8795
-2700
4559
-7499
5452
-9600
2790
-5477
-4722
5135
-9143
3346
-9384
-3466
7334
3671
5484
325
-3982
-7708
7325
2619
-5126
9068
2572
-6188
-5822
-5446
5056
8010
-6550
5131
8207
-6368
6593
6548
-6910
-6783
-4224
-4776
9069
-7186
-8091
5781
1221
-7065
8669
-2933
-1111
3499
-1878
-7796
-8281
-9030
1730
8537
-6341
-1779
-4457
4017
-5284
-8899
-7184
-611
-3738
-2097
2156
-2813
6321
-5039
5599
3042
7633
-9187
-3991
6314
7864
5297
699
-5674
-8456
5645
9505
-8053
-3216
-1433
-1019
-9911
4145
4746
-6533
-4727
-5926
3673
-1163
6962
-3108
512
-2639
8542
-2351
-2678
1809
1607
4149
-7460
-5287
-3919
-1518
5822
-2598
3245
-3858
-282
7365
-5811
-4316
4555
9581
9019
4879
-5875
-7991
968
-7871
3478
-6380
8960
7042
4830
334
9064
-6907
-3396
-9049
5744
2893
-1386
1503
7006
5616
6347
-6712
-3891
7800
2441
-4186
7641
1035
1932
9404
-4397
5302
-6788
-8589
-8631
9068
1038
-3407
-4961
-4932
5947
-6267
960
-1458
8648
-9579
-161
5033
-386
-8155
760
-3189
-873
-3501
7468
5470
-4855
8712
-9340
-9766
-8411
-533
2423
-8432
-3979
-1713
-7519
-1986
5522
-8269
-6779
7577
912
-2125
8443
-5697
-5815
-3782
9421
-8286
9045
-609
1235
-7338
5428
-4041
9788
2566
1366
366
-19
-1309
4050
415
-9765
-9941
-3212
-3230
3203
-4390
3124
3622
-7939
-400
9711
-399
-8533
-5959
6027
-6519
1284
-6965
2943
-684
9320
7517
4498
-3440
1
-1483
-3135
-6346
7316
-2022
9889
5136
-1289
9224
8418
-9175
206
8098
-7490
3127
4130
-9671
-2707
-8741
-9210
-7875
867
5148
5052
3101
4265
2369
3870
-4743
-7905
-1344
4225
8973
-6073
847
-8400
1463
9521
3473
2148
135
5254
6084
4651
-9996
-8267
-5281
-3606
-9974
5913
-6715
-202
-9475
-4029
-201
-5036
4380
-5992
-9656
-8823
-9033
-2121
-9911
6223
-7731
1413
9530
5652
9281
1384
-1325
-895
-1679
-360
2178
20
3118
9033
-6015
-585
5282
-4591
7212
5285
1890
8034
4746
-8906
-6563
-4802
1939
1777
5827
8357
-7089
2075
-7078
5178
-8931
1452
4172
8003
4300
-4425
5057
-5058
-1335
-6155
-4312
4857
3530
-8555
3029
3200
-2927
6998
-1020
-969
4027
-6398
6178
1181
-4927
9945
-9687
3379
6907
6277
9479
-3824
3918
8256
444
-9372
6447
2982
105
3561
-9605
4562
-2652
-7160
6495
-630
-4369
-3410
8393
7377
-9845
738
1572
-2363
-3347
6415
-4254
8246
-6074
2850
693
1038
4525
2556
-4463
-9056
1417
9956
5162
-4892
-1274
-6435
3517
2632
9770
5186
-7470
1913
6752
-9932
1713
-3210
8937
-7407
-625
9654
3410
-8664
7574
-2481
-5093
9101
-3127
-6494
-4821
-4635
-214
3504
-8762
9800
7834
709
3130
-9119
-5158
-7304
5269
-7178
-4344
4435
-8674
6192
-2609
7757
9121
-5179
1411
-8116
-6976
4119
-2218
-3420
6845
5894
-1977
8114
-7254
866
8630
3043
7460
2712
7231
-7066
-380
-1890
-2698
-5033
1079
3728
1900
-8782
3730
2835
-9525
-6201
2122
-6462
-2427
3454
8115
-704
-5297
-2922
-3709
4754
2888
-6418
-4491
-9356
-2925
-3874
1452
396
-2618
-4944
6307
-3072
1389
1905
9058
-5926
7614
-9607
7537
-869
-4578
-1631
-3565
6965
94
-4768
8014
-6182
-9626
1436
5332
-7862
4098
-3149
4768
7767
8093
8021
-3049
9735
3806
8954
6024
4499
2856
-8052
836
-2167
7961
6844
-1061
-7012
-5853
-713
656
5552
8951
3048
8013
-9222
-524
5604
-6269
-8003
-4671
-9097
-4759
9064
3541
33
-4915
-256
-6123
8479
9575
8369
8120
-4615
-2307
-2779
-80
-54
-4230
-1507
-548
-4894
8269
-3220
7547
5546
6227
-2946
-311
-5928
-8710
4268
8471
5285
-5265
-2494
-7253
785
-234
-8625
6435
5582
3289
6723
1009
6738
9781
-956
-1478
4221
1887
2380
-3844
607
1191
-4534
-9060
7798
-3460
3768
445
-4203
-1407
380
-9254
6535
-4631
-6461
3584
-913
-3645
-2824
132
-8796
-8900
6526
2167
-2487
-9131
-9347
3860
767
-3049
8082
2575
3240
-7469
-6302
-7373
8693
1603
-2332
-4037
9830
5402
-1356
2862
-5011
-8259
9440
-6998
-8984
-1798
-4482
2373
-3754
8978
4196
5106
-4169
7969
-4464
-3307
7329
-4004
-5037
2119
-2265
-3094
-5016
-8099
-1738
9415
-6703
-5976
-21
-4836
5731
-5683
5706
9770
-6479
7454
9746
-479
745
7142
9385
-3413
4246
5812
-9518
8309
-4427
5679
383
6441
5237
2205
8320
-6175
-7686
-5305
-437
3014
2699
-8678
-7587
7834
-3088
-8041
2404
172
5347
-963
-181
-6060
-7320
7704
-8352
4144
-8993
6812
4026
130
-9756
1953
-5380
9435
-7365
-7368
5761
-3243
4692
-7683
-2017
-4602
6039
-138
9859
-558
-2710
-7554
-2666
2005
-8107
8549
9562
508
-8711
-3045
-8809
-4025
-3560
-7510
-6636
-9873
8631
4680
2472
-9180
-8045
-5462
-2622
3148
-8357
-1836
9002
5024
-7044
9679
7139
4345
-9796
5138
9892
-4686
1810
6955
-8101
-3492
-9978
3172
-168
-8286
-7232
4176
1008
-4250
-3551
-2489
1090
-2119
9870
-8679
-6052
5513
9971
378
3728
-1138
-4162
-4874
-3075
4584
-3627
-1860
-3485
-8937
9954
2748
-7833
3731
5974
9880
1601
-8572
-9673
5977
1053
900
6839
-9865
-6097
2166
-7717
2393
-702
-4439
-1682
-6380
9354
1258
917
6091
4034
1901
7622
-2833
-5334
-4754
2052
-55
-1539
2775
-5723
7535
-7833
5179
-1675
-6358
-8852
5909
-8633
-7220
-8086
-7695
2171
5261
3103
9606
3228
-1806
4859
1601
3132
8388
-1578
-9948
-6719
-5447
4210
-9408
2863
3376
-6686
-8912
-4113
4443
3456
-3242
184
8350
7650
112
7437
4546
4272
3737
7545
-3806
723
-4365
-7419
-6826
3456
-9151
6971
-4748
5964
-7203
5529
-575
4020
6108
-6787
-1350
-10
5736
5570
2375
-2116
878
145
-2413
7240
-6713
1381
1936
-6769
9867
-8764
-6125
5113
-9981
-3272
8856
-5702
6017
-1277
-2556
-2320
4083
1502
627
-2305
-3035
9698
-7180
-6679
6112
-6511
1583
4334
-9332
-8234
1423
6108
5269
-8442
7519
-7297
2075
-5938
-6092
5008
7657
4420
-9135
2777
5999
7428
-3093
-9232
-6817
-5536
-6442
6676
5643
-4533
5443
8585
-5942
4371
653
5214
-9623
4018
-7763
-3241
-3482
-3569
8018
-1254
-7107
-313
3747
-6350
-7332
4414
5227
8108
4133
4868
404
-3142
2515
9818
4111
5633
491
-233
6053
-2
2703
7121
-548
4094
496
9553
6022
4616
-6105
-1156
-3774
-1015
7892
875
-8335
3675
-4096
5718
-8760
530
-4231
-2082
7385
-4903
3880
-2476
4238
1749
-246
-9931
-3944
-8108
-6914
6825
4361
9905
1130
1900
3677
-6140
171
-8398
-1971
310
-7003
-988
2118
5308
-1732
-9428
-598
-5478
-2459
3860
2995
899
-4537
-2891
3819
2254
-5979
2544
8138
2637
-4637
-2820
9413
6586
7584
2460
8029
7985
-2233
6484
-1621
8940
4045
-2533
-2512
1349
-9269
8588
-4115
-3796
-9484
-2783
264
7434
1148
-7359
3201
9252
-328
5036
-3585
-3956
4931
-2861
-2339
177
-5318
8009
1324
-6237
-9229
9878
9709
7264
7853
-1585
6180
-6093
-6423
-2305
5263
5094
515
8977
4722
-5374
-4308
-1816
-8896
-9685
2241
-499
-9972
-5988
8060
7155
-8113
6106
559
-4159
-3127
-3957
-749
-4653
-861
-2841
9182
-2443
-7281
1454
5621
-1258
-6514
6503
-3072
-659
-222
723
-2943
-1765
-4490
-3489
-7452
9779
-3993
2636
5281
-4084
9884
232
-4338
5215
9898
1102
-6061
-5893
-2993
208
-9852
6442
-2682
7291
2492
6497
6237
-8974
8856
-892
9113
-8991
5899
-3500
-4587
-8714
-584
-6746
5624
-1022
-4410
-4145
-8340
-7640
7487
-1920
1564
-8318
-3898
-8241
-207
9317
5498
6842
-1183
-5864
57
-7525
-5639
-4428
8553
-1327
12
5669
6423
-5123
-9438
4714
-8129
7106
3721
4314
-5885
-2904
-9186
9852
-7812
-7124
9283
5053
3067
4217
3183
-2781
8249
-5513
9003
-8033
1809
-3130
-7290
6459
-9210
-4312
8361
-3072
-7938
6132
-1381
1070
2640
-1860
5925
4661
2143
9658
-1715
9745
309
2627
7897
4057
-7188
-4025
6914
7926
5333
6315
-6391
190
-3136
2672
1244
-5248
4301
-3251
7597
-7779
-7743
2769
-3368
7315
-6449
-7029
608
3876
-9334
3630
1765
-6419
2070
-6148
7499
2178
-3497
-7712
-5938
-3777
1318
6060
4690
5803
7022
-9079
4042
-9482
186
9295
2685
-4011
5589
-933
6590
1333
5704
4707
8973
570
6666
8541
4266
5334
-6584
2291
-8220
6029
-7121
4211
8168
-30
280
1475
9843
8371
-9091
-2720
-3880
5184
1945
3295
2066
4507
-7182
6155
7140
-3552
6489
-3610
9993
6990
3040
3140
9534
8307
-5870
-4701
6577
-9825
7918
-7302
6558
583
-7641
5683
4615
-2045
3147
1907
3273
7387
2721
4780
-1279
-6822
1399
2551
-6503
-102
2163
673
7507
3676
-9983
4045
-4779
2001
-65
3665
1232
9544
-3081
-1056
-2674
-5237
-209
9192
-3759
1863
-1268
8440
881
-9116
1358
8735
5097
-5060
1531
8231
1620
925
-4152
4722
2152
2082
3713
-1485
5127
3605
1258
-7883
-6329
4585
4038
-2451
7076
8098
5511
-452
3113
-7795
3013
-6494
-9161
-5419
-5151
7064
2266
8207
4988
8502
5589
1853
2217
-9092
2910
3749
1771
9002
-7151
-4039
-934
-9744
9499
-4581
-3396
-5874
7814
4752
-2382
8919
5517
9850
-7282
5589
106
6663
-5771
9012
-8336
6491
-420
-572
-5031
-8124
7743
9399
4966
-6410
4932
-2048
-951
-4984
-1983
4749
6588
-756
4739
-9681
9814
7001
806
-2556
2502
-1681
-7750
9062
5332
-8496
-826
-6208
-3463
7694
-5350
-9124
7474
-9633
-5376
1455
7944
-4921
-8147
-9256
4163
-7110
7400
-4216
-3141
4803
8307
-2141
-4629
1723
8960
-1941
5466
8419
3955
-3593
6695
-9815
-6650
8421
-5125
-4705
-3355
5130
6695
2532
7424
-5880
-1206
-1706
143
6661
9359
4084
3437
9165
-3013
1642
5282
2755
2940
5207
-3095
-7916
-8132
-2955
6429
6732
-755
8774
1821
8546
-3642
-7947
-7818
-2188
-4845
-3330
-6218
-9761
-6593
-5763
8388
-2434
1084
-2657
-1495
9737
-350
-7808
9544
-323
2654
-6486
-9472
5555
-8587
4802
-4579
2884
2644
7554
90
-8894
-9837
6627
9857
1248
-6640
3039
-6863
7862
-8605
7107
2385
2230
-4946
8137
-9500
3224
-7263
9444
-7589
4602
5012
-3299
4441
6214
-268
2544
2940
6987
-4585
-5347
-7905
4298
-2740
-8061
-6464
5876
-6684
8157
-2164
-5805
1273
6719
-6126
-4286
-21
-8382
930
7429
4560
-4161
6004
-2024
-7213
-737
6044
1756
6368
-7366
-4295
5285
5393
6023
-6453
2833
-8257
-7090
-1373
-2708
-9436
7923
2547
8728
7857
-3863
2233
7071
-7744
2825
3264
-4785
-5038
-7860
-9946
633
-6661
-5363
9088
4418
3539
3065
-5477
3733
8363
597
-5843
-6329
8078
3283
9613
2877
2868
1182
-8512
6100
9460
3285
-1887
-1904
-8105
8277
4721
5059
9078
2676
-8380
8750
7475
2544
-8654
-8053
-1116
7152
-4890
-6313
-495
6565
7217
-3404
5008
-167
-8337
4152
5121
-4592
-7448
6955
-7773
-9218
4261
-8981
-9303
-344
4222
2270
-1251
-8079
5524
-6144
2850
8419
-8156
-2192
3818
8386
2327
2973
770
-2756
1979
-5941
6797
3322
4086
1749
1512
2847
-1985
-121
-842
-1765
-1410
3174
7233
-8424
1706
6484
-759
6736
3854
2599
548
-4927
3808
4164
-5013
-1572
-2899
478
9784
-795
-3956
6058
-6896
-1247
-3458
4562
-8064
-2244
-3474
8355
-7928
6327
-5519
-5681
-3770
7625
5414
-8315
2839
-9610
4923
9585
-8210
-3965
-3971
-7175
-4952
3338
4900
-4070
1732
-5327
9672
-8299
-8812
7544
-9640
-1920
-514
-6933
7562
618
7846
7210
-463
-945
7984
6081
1593
8648
7522
3023
8459
-1325
732
5188
-2013
-1030
1910
7369
7488
1283
-6809
4943
2615
1854
-4619
-2284
319
6815
-95
-8742
932
203
-1064
1513
2906
-4086
6695
-3548
9479
8353
-4295
-9364
-4347
-8005
-9312
-1293
-7633
-8233
8481
4225
-8509
-9792
-8305
-2663
5003
8759
1068
-910
6426
6262
2957
-2526
-4837
8833
756
-9829
98
4069
3947
8750
-7589
-6785
3714
4655
1280
2979
5561
9069
-920
2874
-9972
4191
-4511
3858
-7103
-8795
-6018
6173
-6114
-6724
3712
5134
8969
3622
6645
2857
-6110
475
-7748
9974
-653
-4056
-2980
4233
6271
6635
-3346
-2623
6154
8407
-1189
-10000
-9857
-8287
-7110
-1429
-8294
-8821
8507
1751
590
5139
9675
1611
-2782
-1260
-6244
-8811
9486
4767
517
3550
-4270
-5714
-8991
-5318
1349
7426
-5799
-4646
9755
1005
3570
262
-5123
4562
-9060
6590
7137
-6166
-3183
974
2725
5031
-8466
8777
-8438
551
-6912
-7936
1795
-3752
-9288
9490
4827
1965
-2168
-6194
-2162
-2823
1611
-5220
-2556
3285
2906
-6111
-8934
6456
375
9393
6507
5463
-8795
8654
-9293
8016
8341
4940
-8626
-6221
-9975
-1970
-6876
1474
4091
-1722
2080
-8624
806
8799
-3045
1221
-6468
7988
-2914
7080
4927
4001
-8909
-5824
-8979
-3574
6917
-9973
3727
794
8117
4586
1035
9260
-578
23
4732
7420
3942
7792
-5551
-787
5100
-9737
1250
5233
2686
-1059
-8317
-6672
9562
-4460
-6604
-9926
-1202
-6076
9377
818
-245
-973
6888
-2017
-1069
1052
5787
6697
-4965
6328
1065
7999
-5856
-9310
7805
8953
9627
2433
2110
-8189
1219
-2590
8099
9560
-9775
-3127
2339
-7476
819
451
-9603
1922
-3389
-2923
1041
4683
5617
2057
500
-4645
315
6877
-5654
2803
-1797
2321
-2096
1294
-519
-239
-9855
3283
4957
5271
442
-6947
-5388
-545
8244
-329
-320
-4010
8896
-168
5212
-8781
-2004
-2207
-5443
-2618
-1917
-2350
-9731
-2289
-4969
8735
1500
6222
729
-2571
-5067
1580
-6779
9432
-2505
5059
116
8983
-8945
-720
2041
-2316
8125
-7913
-8516
9810
-1332
-200
-3184
325
-2163
8372
-7033
-9553
-4200
-996
-4905
7234
-3492
6306
8065
1785
-1218
4505
3214
91
-6021
-4557
8412
-4014
-2370
-5532
-6358
5147
-8139
-2673
-5508
9711
-7629
-5108
-5027
7232
-2607
2735
7648
-3196
-6692
2055
-2046
1725
-3964
-7061
-3445
2116
-9911
4843
2861
-6926
4509
9510
-5376
3630
-190
6722
8918
-3920
-8321
-3516
5619
3341
8675
-5498
-2376
3901
-3821
-7441
185
-6366
-791
-5955
6892
1415
7908
-7689
-2176
2002
-819
-1103
-2242
7353
-7097
-670
-7064
-245
-7534
-8443
4309
-4351
9730
-650
-4747
1203
-8073
1643
-30
6554
8916
-7933
8442
-7361
-302
5018
8858
6122
-6732
7349
2027
-5166
9829
2496
-1366
6805
966
-2445
6567
1782
5017
4465
-5495
6379
-8389
3069
1516
-5644
3526
-3751
4237
2460
3780
-5230
-401
-3374
-134
-4989
5010
7540
-6987
8050
-2971
-663
-2141
6706
2649
-3474
-7349
4174
4554
-2940
-4811
-2625
-5734
-5121
4047
7063
9465
-5096
2894
802
358
9077
-221
-8243
-5751
8990
8930
3970
9064
9415
-8842
8364
9451
-3008
-169
1955
-489
8678
-660
-337
1065
8707
-6433
7005
5089
-9586
6619
1585
-9284
5099
-7460
-6919
7805
-920
8184
5720
-7184
8079
-5857
8118
-9457
7476
-3131
-692
-3218
-8670
-9731
9216
5714
9163
8724
5214
-1848
504
-4961
3854
-3814
6630
-1614
-9364
-7045
-1530
3981
-1043
910
4948
-7205
8928
2710
381
-9005
2025
7976
-8863
-3329
-7356
5036
6365
8842
6183
9163
9265
187
-2155
-3152
790
3315
-2795
4027
-2390
6973
1423
-7310
-8834
-8785
3441
-370
9731
-5679
9038
5730
6476
-8211
-9940
539
82
-8876
8293
3315
4794
504
-7512
692
-7708
-1135
-9261
9353
2596
-9978
3095
4202
5402
1406
-556
-2962
-706
5682
82
467
6443
-4700
-6444
8841
2299
-3554
4708
-4313
-1305
8434
-7691
-9454
3246
3475
-2187
-5391
9753
-581
4659
1126
-296
-5590
599
8323
8450
-3867
-4772
-7671
-444
-6989
729
-3205
6023
-6937
-8395
-228
5687
-5921
9363
-2414
-6352
6034
8974
8677
-2427
7144
5612
-9719
-7238
-9914
4606
5840
-7648
-7230
-9083
2585
7718
-101
2203
-6268
-6427
6348
-713
-3675
-6071
7822
1983
-3244
3259
-6007
2016
8951
-8883
9056
7345
411
4141
-2175
-8299
7301
-4887
-162
4120
-7643
-9028
-447
-4356
-9563
-3749
-557
6382
2935
9577
8668
-2327
-8248
8145
-4540
1481
-4564
-4941
-2594
5875
7272
2925
-1477
-3304
-4195
7415
-9913
4034
5615
-4628
-9642
-9154
5399
-4484
-1814
-9128
-6746
3322
-4456
446
-9732
5461
-1718
-6427
-2435
-6620
-5489
7741
2829
-8608
-6506
260
-1964
-6209
-230
3948
-90
6144
7507
-2865
2891
-347
-4954
-8036
-5821
-4056
-3390
-1624
-2211
-2098
-6029
8954
-8358
-5907
7520
3055
-2257
5588
3530
5716
-826
2199
2459
-8867
-4798
-6919
-6208
7128
-9966
-7864
-3695
-9807
4007
561
-3481
-2074
-6072
266
-167
-3534
9704
7184
7583
434
2018
-90
-2850
8630
3361
-9194
3322
3814
-5235
-8965
-4900
831
-7705
4341
3051
-2110
-9636
646
-2871
-3828
-4718
2341
8461
-9913
-3018
5355
3014
-1825
2191
4326
7226
-7329
2474
1107
-4776
3168
7536
-8805
3417
-7717
-3258
2078
-7768
5641
-1288
-1646
-1478
320
-8190
5474
8856
-7112
7537
-9510
5898
1280
6509
1636
2444
-8503
8491
5936
6136
-8472
3286
-8572
2982
-4825
-8843
6736
9441
2022
-5363
-2050
-3956
4418
4287
7214
9448
-7335
4012
-6541
-4370
-1896
2197
-2903
4088
3193
4934
-5467
3858
6948
8424
3316
-1451
25
8470
-2733
2861
-2332
-6545
-2308
6457
5368
7908
-4253
3998
9777
-7425
1943
-5660
9183
-8634
7972
-2913
-3065
-1874
-601
3448
-5300
3560
-6772
-282
-6066
9175
-9868
8563
-5233
-963
-9944
-5054
687
4672
25
-5327
-8803
-8583
9355
-7302
-1141
7316
2040
-7202
-450
4728
5160
-8228
2292
759
1
-4668
-7681
-7301
6209
1481
2311
6055
-312
9307
-2514
-5122
-7630
-2415
-7064
-9933
968
-6781
5778
8238
1138
1676
-5504
7220
-9571
-4313
7995
9099
3401
-9778
9024
32
-4892
2679
6256
5924
-9073
-7455
5658
-8489
1862
-3230
1500
-5411
-9218
-6363
3252
-9044
-6337
9063
-4657
9864
-4990
-2147
-3073
9716
8439
1312
-3493
-148
4107
8301
5563
-2078
567
8761
3881
-587
-3726
4444
6702
-4996
2369
-7671
3355
-4932
-3721
-6058
-9571
-6041
-6010
35
2015
-9376
8915
-6922
3888
7
-4311
8115
6943
-1973
-9588
884
-1800
3646
-8465
-5838
1137
-120
1391
6558
-6001
-904
5743
4522
-2528
-5897
-2944
-1617
-348
-6407
913
-207
-2301
-2833
-3449
-6432
-1242
6946
-3074
5849
4595
4869
307
7678
-3070
-7961
7611
-1407
-7182
726
-6187
-8068
-3334
7087
-6075
4569
-5748
-4410
5689
3637
-3432
4221
5143
1280
913
138
745
-17
5447
4533
-6070
6782
-4936
-8280
-8804
5399
5632
-3562
-9629
6214
6990
6120
4545
8670
-2065
356
8547
1037
5216
-5416
989
-2633
245
-7295
-8477
2055
-4530
5508
757
-7276
8189
5776
7826
3059
-6521
-402
-5026
-9985
7989
-8325
5536
7698
-9947
-3032
4057
4187
3091
4814
-9502
-4500
-6937
5397
8788
6191
-2416
-5648
4456
573
8398
6574
4666
-623
-21
945
-1227
-8839
-2853
-8837
-5716
3367
4240
2592
-5424
-6213
-1836
1724
8234
3560
4979
7078
-5690
4129
-790
-8891
-1810
-6697
-1035
7138
-8705
2073
9805
-8710
-133
-3434
6665
-4094
224
-3245
3779
9674
9386
-8251
-3137
4956
783
-8486
-9051
2646
7942
-5538
6612
3515
9997
5669
6313
-3997
9781
7911
-5822
9306
-6828
5739
-8845
7587
-8556
-7534
-7729
-1825
-6628
1178
-7778
-5061
6089
9697
-9009
-5371
-4550
3073
-2087
-6839
-8723
1475
-266
8752
6801
7224
-7888
6224
-4026
6609
-4405
-3727
9137
7986
195
4933
300
-616
8137
7826
-484
-6528
2980
-1110
3975
-6682
-4144
-6170
4835
-2064
1003
-1093
5531
-8745
-1838
4529
-9705
1725
3300
8766
-3825
8877
-9731
-9583
-4655
-1167
-3120
-6651
-5897
-7730
5632
7028
8533
-6110
-7622
-9405
8035
-2093
-4430
-9786
-2284
-1273
-6963
-960
-2847
4341
-8348
-5416
-1257
-9061
5350
8378
-1661
845
6085
3687
-6371
4167
6156
-4948
3460
-8016
-7944
7122
2844
-9690
5776
-5358
3906
-9597
3436
-4073
-8284
2167
3002
-8718
6708
1554
-4683
-7472
-5998
-5164
-8372
-8482
4866
-2913
786
-80
3640
7296
-5201
6883
312
-5858
3770
3434
-8743
3226
-773
6609
8774
7569
7587
9844
5941
9171
8687
5044
877
2345
-9777
5208
-7785
-3029
-5390
7219
3303
3898
-729
-1899
4308
205
-8968
9033
4447
1212
-6004
4563
-5718
-1926
7436
-3475
-3472
-2545
3192
-654
-3207
-245
-1355
-4606
4639
3380
-6352
224
-7725
-344
2320
161
-9546
-1513
5757
-4411
-7029
5715
329
3550
1436
4120
-1734
6490
5935
698
-8935
9315
-7278
8987
5690
780
965
-4394
6377
-3843
-1498
-812
1377
7367
4152
5840
-7632
-9355
-9376
-5033
4534
-4388
-7942
-4318
7274
5088
4599
-136
-9128
-5957
-2889
4737
4563
-9482
3031
4176
-7100
-4449
-6871
-3563
-1531
4102
8722
-9857
5152
-9289
-2335
-8820
-8429
9592
-2057
5546
4004
-6877
9354
-5656
6157
2527
5805
5799
4440
6951
7674
9512
-3907
-8759
-9651
-2397
-4893
-2875
8413
3138
-5984
-9247
6708
5952
-7789
-3214
-6302
141
-6448
-1270
9186
-1042
8369
4955
4073
-5983
8878
-6023
3660
-4102
-2432
6393
-5873
-556
-4815
-9036
-5522
-3109
558
6172
3654
9963
1769
2190
-8115
966
2862
9522
-6693
-5094
4550
6628
4331
2894
3313
-7598
2512
3185
7276
1843
8762
-5508
-2912
2250
5390
-8724
-7806
-6162
-7436
-4754
8529
-1077
-9781
541
3276
6475
9596
9113
2733
8438
4255
7529
5025
-8086
9580
-962
3048
-7075
-3970
-5611
-8307
9938
1314
-6778
8909
-8345
-3240
-2764
9203
7718
2543
-2212
-3606
3392
5623
-2246
-3899
-5056
-9474
-1979
1842
-3745
-5128
-1383
-3152
-9118
-8148
4940
-6296
2965
-2291
3850
-992
-5346
-9908
9520
-1833
8756
8325
5568
1653
2106
9496
4937
-2937
1183
6589
-5503
-3398
9117
2557
-8465
8649
-1340
-5375
-5882
-5047
-5384
5172
-7570
-3740
-1500
-8915
-1561
-8910
4310
-3781
3332
-1160
-4333
7131
7799
4135
-9540
7314
-3310
673
5934
-806
3791
-3622
5068
-5742
-4646
1672
6851
5924
-5583
-4734
-1661
2641
-4233
6145
-9084
-8619
7681
-553
-9154
9978
7223
-8718
6201
-6974
2342
-1679
-1467
6041
7171
6587
-959
7710
1681
-8824
-405
-1862
2307
6412
328
-7078
185
4301
2730
5173
65
1746
-8160
5064
4396
3674
6382
-494
2244
-4739
-5893
5399
-6317
3110
-1209
-4197
9477
3924
4870
538
-1050
-6247
-8009
5621
-7691
-4321
-9867
2228
7019
-2178
2374
-3402
1011
-2529
-9102
779
-8334
1311
-8826
8331
9523
-1677
-5220
3623
-9059
9128
8145
2982
7327
-2875
-7472
4542
814
8589
-8008
-9186
-9033
1775
2537
-5768
-7595
4058
-952
5190
-96
9963
-21
3685
-804
-5453
5777
3797
4575
9039
-4395
6263
-1437
3635
-6877
-175
-4079
-2636
7429
6053
-9035
2845
5959
-3295
5287
-4785
-9877
7989
-1150
8215
5373
8177
5437
-529
494
8284
-5175
8634
2678
-8272
9799
4967
8361
3873
5025
-8082
7300
4202
-6464
2000
-8982
5710
7302
8699
6818
7621
5227
-7642
9138
-1619
3243
5210
-7863
4254
2721
8232
-943
8184
-7670
8605
4464
9514
5979
-200
-8754
-377
-1450
2909
-5029
-3689
-9217
-991
7413
9374
601
-1833
5007
-7047
-3843
7542
-2194
653
-1751
-3844
-9322
-1104
1096
5358
-7916
-8124
6657
-5179
1636
3758
523
-5108
3689
8034
-2980
-7213
-3856
-7529
-3142
-7697
6260
-9255
-3120
7319
2159
3037
-9914
-3153
3617
5989
-8050
6368
-5256
5665
7381
-2834
-9048
-7096
997
-5034
2703
-9720
-244
-897
-8140
-4282
-5403
-4131
4397
-4288
9085
-5713
-1507
-4463
-3165
4632
7181
4072
-3748
20
1774
4820
6731
180
-3708
9479
-8697
3127
-5089
-6708
-8854
3850
-2884
6775
9698
6592
-8295
675
-5566
8781
-658
9306
-3801
-7352
-7742
9415
5222
1407
-9999
4048
-4318
7036
5561
-3982
-6372
-309
-8809
6656
9437
-9563
-9779
-6787
-7806
5764
-8894
-3124
1863
-2689
8136
6275
-2254
1468
4494
1197
-8122
1141
7883
-7227
-999
4172
-284
4441
3757
5198
1034
2667
-1996
3767
-6566
-1013
1320
8580
3279
-1877
2640
5235
-9933
4754
-4538
-549
-7258
-3175
2891
-3264
3155
-4528
7043
-9846
-8741
4411
5520
-1258
3506
7147
-9345
8739
-7020
-6289
3630
5156
4714
-2133
479
7312
-7667
6650
-5964
5209
9298
7561
97
-2478
-9534
3152
-5136
-6396
3092
3744
-3479
-6344
7361
541
-2048
3451
956
-7895
-3162
-9703
1216
9526
-8400
2008
-5373
869
-4716
2883
9979
-4315
7472
-411
-7672
3196
-1818
9888
6747
-3582
-8138
-3780
-1348
9171
-3297
857
1496
3509
-7264
6607
-8368
4572
5942
-9317
1271
-3517
3361
-1173
9011
-9702
-1397
-3929
7885
9429
2727
1287
7410
4840
6644
3658
-465
-3057
2741
4731
-1856
-8375
-6701
-3360
-6806
-5839
9281
-7136
1145
5176
9172
-7201
9178
2049
126
1758
6375
3433
1220
3502
-3430
1906
-6572
-5545
-7021
-1648
3868
-6531
199
-7292
-3602
-7234
-3564
-6686
5829
-7664
-7214
-4147
882
-599
-7746
2013
8730
5487
3769
-3785
-9721
-6164
-6630
5112
-898
69
146
7467
3273
9672
-2262
4389
4453
24
-5119
8483
4396
-1498
7312
-1585
-5101
-1107
-8987
-1105
6415
-8838
-165
-2726
-6517
7162
4123
8498
-4001
-3473
-859
8755
-5068
-3218
-791
-5554
857
-3186
3152
8733
7088
4050
9226
8242
-642
367
-7748
9727
8900
-9153
-6882
-9261
-9257
-1953
3498
-6695
-6266
-7656
6173
-2146
-3038
465
-1439
2473
2465
-4308
-9404
-2913
-93
-8859
-8661
-1154
-2364
-2914
-512
3515
6754
-1064
1085
3376
-6177
-1531
-9434
4864
-8453
2932
-6741
-7459
-9064
5565
3951
-3617
-9146
173
2529
-9048
9046
-1993
-8423
-8449
4878
-4380
-258
-958
3800
9396
-102
6853
4802
1545
-8703
-9753
-7420
9484
6387
9662
2274
4296
-7489
8627
8213
7018
9906
-8180
-7276
-5645
-4391
1320
3067
554
-537
1743
6167
-7644
697
9996
-2800
-2032
-8091
8443
5840
-751
7571
-8193
4258
4207
-5707
3330
-3727
1708
2014
8280
9121
9807
1450
-4080
5550
7508
7603
6348
901
-5687
2074
9500
-331
-5060
-5072
8043
4557
-7093
3972
7813
7610
9761
9997
-7020
8757
-2497
109
-8397
-9906
3616
2266
7132
3696
255
6896
-5618
5176
-6020
-9602
5343
-47
9352
894
-3294
-2081
8052
-510
7863
-2333
9236
-6919
3286
2934
-8335
8350
-4210
9154
-51
6006
-1742
9047
-7446
1188
5166
-6081
-4327
5326
5918
-9491
-4260
3099
8431
-2796
4078
2353
2563
-6562
-4630
-6593
6549
-7128
5485
-923
7984
5645
2497
6429
8467
-6239
7636
-2486
-855
-6931
-1509
-2662
3575
-9151
-967
5321
-3021
7374
-3455
-6001
3815
-2513
7115
-7853
4233
-8855
-3823
-782
1683
5727
-490
-6063
9138
-4848
-6000
8013
-7337
-1265
3328
-384
-653
1392
5844
5925
-3921
5157
6178
-1100
-3118
-8542
-1164
-5177
3714
6871
-731
2896
9672
6903
-9981
1720
141
-7484
790
6538
6165
-2247
2928
8030
914
3274
6842
-3931
3404
-2275
-7414
2844
1431
-4299
3464
7109
-6572
-2671
7007
-919
-961
-1806
9860
1734
2518
-5118
-6441
-3928
-2524
4139
4524
-6115
-755
-6035
-2163
-7331
6359
-4592
-4359
3409
6481
7197
-6170
-5348
-929
-4926
-3008
328
6584
-9483
-1753
-9759
-2524
-8676
-7079
3270
