14520
-489
-2373
5645
-1761
8810
3621
-2555
-225
-9792
5559
-4379
7913
7967
-6223
-1324
5245
3624
5530
3650
-2638
7392
1155
-476
-2531
7285
5919
1054
-6811
-2347
-3651
6063
-6510
3664
-5286
7176
6461
-571
-7053
-2894
8899
-7165
-31
-1372
3494
-5460
7246
-2473
5564
-9079
8595
1381
-2382
5923
219
8805
-3398
4993
-390
7021
3674
-9736
6708
4269
4435
4204
9132
6296
-8433
-6704
9347
3489
761
-7745
1411
-8755
-6358
1888
6740
-6302
9894
7002
2013
-5681
-3745
2031
762
3306
2750
127
1648
-6610
-2089
-1710
9615
-5115
7162
354
-4557
1130
-7474
7408
3339
-5939
5350
-1137
-9475
5109
-5371
5441
-1503
-4541
-8839
-3129
-9564
3756
452
9261
5357
5947
1677
-2336
6918
-1383
2824
-3778
2719
-5378
3313
6878
-1644
-6536
-8774
-9585
5304
-2469
5510
-9389
7919
-8334
7811
-1907
-44
9626
4208
4055
-9597
-9424
-8280
448
-4310
3015
-7858
-6882
-6761
-3075
762
8808
745
5400
961
-4814
7204
-240
3483
5396
7812
8886
2960
-6452
-1715
-8361
231
-7958
-7373
-9724
6432
9114
-891
2114
-6082
6262
4721
-7035
-8124
8358
-6779
4228
-1239
-4438
-3269
-93
2606
-2077
-6259
-1129
-9467
5358
5894
1682
5687
5832
-4822
-8003
196
-414
-170
5692
-3831
4055
-5106
-3009
9101
8279
-1763
-8544
-9867
6783
-4953
-8748
-8182
8207
-4475
8744
6645
-1043
-377
-1551
6840
-912
1768
-3522
-3618
-7902
-4947
-7782
-7941
-9413
5876
7313
2761
-851
-554
-7735
-1513
-3223
-9873
4713
-5866
6280
-1315
2424
-6731
2031
-2501
3717
-5396
6881
-1049
-2027
-5660
-7924
-6665
3407
-4368
-4079
32
-6619
-1240
2263
-7948
-7525
-4481
-3169
8073
181
2013
-4973
1001
3311
9756
-4212
8986
-5794
8659
-7847
-7297
148
-5087
-1472
-3033
-3281
-7099
-1875
-9909
3170
4644
-9347
-2923
-9435
-2354
2747
-2444
7592
-1462
5718
-6361
9277
-7448
-2991
-9478
-2093
-7458
-9782
-1707
-5784
-5252
-734
-832
8027
2369
-4082
7716
6118
6812
-5768
-3042
9186
-6754
-5528
2237
6460
1700
-4906
-2800
3110
5038
6796
-5518
9107
-3865
4740
558
4804
4376
-7422
2874
-5992
5752
4390
6559
7288
-3659
-812
8759
-6719
-1897
-9989
-6791
4240
6448
686
4251
2150
3849
-6862
6260
8125
-5079
2323
-8126
-2471
-1742
-1680
-5115
-452
-8705
-5234
4606
-9925
5889
-3436
9930
9705
-8136
4908
3813
-4446
7182
-7347
-6269
-475
-8838
6719
9260
-1628
4840
4443
3970
9071
8075
6091
-6385
-9155
7377
-1010
1956
6790
-6385
6689
-1664
9656
-9408
-5030
2352
7539
2083
-2274
-3900
-10
-9766
-3102
-9156
-9994
7256
6706
-5659
4483
2238
-8947
-3671
-8407
-6291
7548
-1470
-2694
-460
-4707
-9484
2219
2455
-6917
9847
2536
7957
6798
5080
-6355
6085
-2296
-9763
4434
-8323
-4957
-9723
-5336
548
-7826
-3315
2936
-2886
3151
-8225
-5083
-3616
4695
5963
5517
-2570
-2666
8453
6903
-573
5824
-5359
-9998
5362
-5239
-9741
694
-4714
-2350
1876
-9170
-5398
-3953
-7187
7210
-8069
6538
5169
316
-5220
7912
-9381
-5019
-3722
-3071
-4527
-1785
7690
-2781
-6263
4016
-1093
-8061
6016
-7969
-9837
-5978
9859
3363
-4641
8542
-6381
-5647
5899
-3239
9277
4839
-6031
3738
-5870
744
2927
-5604
6754
-2187
-1540
-5669
9804
-7982
-414
-2963
-3978
-6804
3899
-6246
-9248
3030
-7066
-9249
-9536
1320
-8553
5937
-3294
7097
-9980
5504
-3647
-3251
6539
5897
1111
2173
-2289
157
9246
-3573
-9300
-1714
-4259
-6411
-9589
2618
2221
-3489
8001
3735
-4871
8941
3304
-9759
5419
432
693
1724
-695
7793
1600
9947
6423
-1856
4579
-4716
4660
8872
-4937
-3754
-1647
-2976
-5293
-4457
-1278
6874
8407
-8218
8249
3890
-1749
-1738
-1911
-450
-2846
-164
-4589
2237
7590
-1468
-5892
-956
8291
3146
-2380
-4764
-1457
-9631
9067
-2370
-7123
-5289
-4489
-2338
-7847
-2949
8618
1467
-4349
-4068
3556
-4848
-9020
-3207
5948
-6131
8261
4488
1091
-3175
4495
-3668
2090
-6465
54
3630
1971
2086
-2422
-8811
90
4915
559
9190
-6882
9176
-6671
-9726
-7177
4289
7029
2877
-3733
8977
1676
9234
-2512
-536
4857
3353
-4504
-7543
-2716
1538
8015
-4430
-4540
-6943
-7341
6808
-9285
-5977
4622
-852
-2615
9707
-7927
9818
-7840
-6513
530
-3842
9377
8149
2818
-2332
-8944
5417
3111
-6928
7103
2490
7003
-677
-9183
-197
1080
-5341
7810
2106
-1382
5883
-5900
7005
-8195
1752
-1973
-366
9581
357
-7429
5033
-5490
1493
5423
-2537
-6706
1975
4091
5527
5592
-1924
-3112
-2093
1902
2722
-8030
7053
9293
-1392
930
-4375
7912
1729
-3014
653
-2184
7329
3996
-6524
1902
3787
-4072
2728
-9413
-7714
-7050
-2293
2186
-3183
4573
6001
-7378
-4564
-2415
-6234
-5806
6683
3414
-2211
8915
6163
3237
8980
-4066
-6431
4601
9940
6054
-1945
3489
-6801
-3752
6114
-1393
8655
-7165
4360
6547
-7306
1052
-2380
-5971
-3191
-7770
-2415
723
6768
8115
3423
-4535
1322
1614
38
4930
240
1355
-4008
6902
-2310
7127
1914
3927
-3486
3809
-2260
-6298
-6596
6860
-8609
-5751
4793
6705
9651
-3779
-7555
3609
-4796
4394
2025
-7791
-6045
526
-9744
6925
2200
7660
8542
9651
2783
-6158
6379
-427
84
-7409
3827
8061
1429
9493
-5492
-2928
-8660
-6362
-5668
-5725
1534
6695
9937
-8332
-6624
2546
-9818
-2401
-5861
5895
-3070
3726
-4588
2402
3678
8159
5651
2323
4736
7931
198
3250
-345
-290
5723
-9553
8979
-8835
3169
-4846
-2582
9971
-3615
-1806
9
-6533
-6121
8583
1843
5310
3148
2553
-5285
175
7129
5954
-7138
3659
-9285
-1995
4809
-2
2503
9415
-8072
-154
2003
-1754
4122
3335
5489
7738
1523
5047
-7117
7695
3142
5866
8974
-4883
7014
1383
-8510
-5036
-3065
8693
-3894
3591
5263
-3381
-3549
-1399
-6328
-1504
-1190
6160
9674
-4052
-5505
9017
-697
4889
1021
-6787
-3058
-2742
3032
5718
8423
-7772
-3792
-8548
4628
1798
480
-5579
-5636
1485
-95
-6695
-9531
5692
2100
1469
-2292
-8358
3025
618
-8264
-1187
5461
4302
-8660
-8439
-2607
-7037
8735
-4105
-3901
-6849
6748
640
-5825
7726
-2627
-5202
7088
-2017
-3040
-2688
-9819
-8952
-4007
1042
9975
-3225
-3331
-7397
-2538
-7032
-3640
-9093
5471
-9567
7395
5820
8688
4831
8024
-3293
4301
2962
-6573
8784
4616
-1666
2287
-6136
-3990
1363
-4735
5073
-6938
-3415
6367
-2835
-3362
2658
5075
3413
7716
-3635
-5386
4421
-5215
-4475
-2283
2188
-6233
5520
-9976
5663
-4750
9471
1534
8475
5936
165
-2785
2431
-1100
-4180
-7865
-6867
2552
-9719
1033
5338
6595
-1876
4055
-121
-5001
-9529
65
-6513
-9035
7765
-2202
4806
1724
-5705
5286
5775
-1514
247
5221
-7600
-2741
-6939
469
-3597
4044
-5170
7154
861
1277
7985
2932
-9998
-6270
6725
-2243
-5818
8617
4573
-7696
-4706
-3880
-504
8412
-1276
-8314
7558
-8866
5151
-8301
-1974
-8481
3517
-8867
-5956
1000
5739
-6177
9852
5202
2959
1605
24
1190
6452
5460
3876
-3620
3188
-8135
-4041
9843
-8987
1357
-5543
-699
2869
-5216
8472
49
9891
3294
-4252
2277
-4689
2095
1357
4059
-4481
-4194
-8823
8058
-5574
1140
-661
-7981
-7255
-2262
-5138
-6078
3582
5059
-8193
-5823
-292
-5473
1152
1842
-5867
1643
5131
5148
-843
9589
-3845
-8004
-1636
4087
8844
-8832
4723
-1734
2729
1385
-4209
4938
-8941
-182
2754
6191
2997
9978
-4097
9252
-147
726
5085
-3740
978
-2060
4353
4399
1482
1880
-3435
-7512
3929
3539
-8740
-9531
19
-3239
-5799
-9706
-1634
3657
-2083
856
-8009
-2709
-8540
8097
9061
-5514
7456
-2065
-4063
5818
-5112
3231
-9299
-8424
9702
-734
-5438
4364
-4079
-9075
-6544
8515
1505
-1154
4684
8885
-1424
4309
8643
-9757
-4717
3817
42
1490
-5216
-5204
-4055
-6836
5326
3366
2142
9767
-3861
4814
-8586
493
907
-9320
8951
1850
3005
121
6711
1965
183
8568
-5476
-5136
3584
-1479
1689
735
8304
-5413
-443
4405
261
930
9211
9365
-2036
-9264
3339
-5359
1922
5789
-385
6725
-4479
-3671
-6715
5557
-9388
-9199
-194
8089
9818
3070
-4985
1634
2310
1777
-5171
168
-2057
3929
9098
5316
-7649
6182
-6956
-4953
7805
4150
7267
-6627
-3936
-5141
7407
-6068
-7770
8589
-7548
4016
-8853
-3088
-4130
6995
9522
-4920
-3675
-4763
-7804
-5190
1010
8685
5040
9202
-7828
-5826
-3396
8930
-89
-6810
5838
1587
-3438
3241
-8526
-2217
-2455
-6710
-5637
-3816
-364
-2914
-5536
9740
-7641
8627
4855
-979
-6422
9580
6143
-9710
-5099
479
-9851
-8509
-2252
1532
4251
3235
-3039
6589
1449
-8550
7333
-4028
-5789
4505
-2280
4833
-8527
8170
9116
7548
-5455
2913
-9955
592
4292
1527
-8554
9728
2229
4362
-5729
7039
-1424
-5982
2686
-799
4951
5562
5943
432
5352
-9816
-7077
7886
7668
9323
3277
8412
-8269
-4307
-7152
1279
-9481
-9662
3413
8062
-1007
5018
1135
258
-3086
-5369
9527
-4830
-2094
8134
4268
419
-224
-2789
7247
-4424
331
2381
-9399
4340
-494
697
-1684
-7687
-4851
7876
-5536
4029
-4044
8667
366
-3321
-9598
-9781
-2152
379
6981
-7622
-2665
-4441
-425
3971
1321
-9226
-3515
-3377
-8877
4496
-7823
-1048
1930
-1581
8790
5194
-6920
2870
-8344
-9312
-2603
-501
6148
5706
1636
734
3830
7152
2186
2192
3096
-5559
-4638
-6003
-5412
4968
-8141
1490
6255
-8986
-4456
-7631
5996
-1938
-2237
-1649
5263
-2938
9730
-651
8810
-1379
6580
-6858
2744
-416
-4068
-7704
-7750
-8730
-2873
9832
-7659
1150
2630
-1950
-8927
-6874
2516
3
8873
-2805
-5834
7780
-5464
-5216
5237
700
-4756
-3113
1415
-5493
-3793
42
6796
-9837
1025
9100
-4129
-6307
9810
-5920
-8635
5353
1622
-372
2308
-9982
-930
-1549
6790
5905
-7506
6294
5558
6182
155
-5157
1060
-451
-9390
6437
4995
4526
6649
-6115
-1291
5208
-8340
8880
-9380
4711
613
1509
-329
6439
-3925
1858
-3904
-3093
-1800
-3155
7717
-9871
-6507
-53
3302
-2992
-6791
-9281
-8297
-8281
9441
1354
-6955
4172
3212
8231
9449
2211
7424
-7583
-2227
8290
-1707
-8374
1505
-473
-4740
9425
-8555
-7222
-568
-7431
8249
2550
6775
-3140
1166
2732
-7541
-9275
-5848
-3696
-7025
-5199
-3406
-9736
2763
5444
-1387
8223
9980
1505
5118
-6393
2015
-506
-1793
4284
-8541
-5879
-5195
7435
9050
-1818
-6066
5005
9773
7724
-3504
6597
-3705
-2363
-794
-2326
4536
-3022
7242
2107
-7103
-1795
3759
9084
-428
-8698
6514
-7385
-4260
-8805
2141
1456
-9718
-6312
-6809
3853
4356
-8040
7797
1144
1582
-1475
-582
2706
9150
4985
1176
5683
1672
-9706
-4779
525
9933
6687
-4730
-2021
6352
638
-7082
5897
-315
2395
1873
4785
216
3942
-1488
4330
1848
1328
-2679
3902
-1197
-6779
7653
5219
-278
-6304
-1959
2560
2247
-6576
1664
-6876
-6638
-2217
4092
-6564
-2733
3501
-9412
-6178
-64
-4942
1795
5580
-9382
-6736
4260
-8526
560
8630
-7788
8525
6860
5482
-5529
-2344
-4084
4243
-6966
2545
-52
-5854
-1477
-3943
-1341
-9729
-9096
5700
-8428
-7257
-5705
-2011
-2599
2067
-54
8672
-1817
-9994
2719
-4317
6374
-5821
-4395
1630
-6550
3270
-6156
5820
7329
-9883
-6233
4772
7356
4939
-5796
-4190
366
9266
-5022
-1553
8411
-1350
1978
-3663
-9912
-4382
746
-6045
-421
7337
4472
1360
-3593
-265
2344
2735
-3098
9285
3317
9902
-7221
4136
6044
4414
-233
2374
-6049
-1980
-1304
5201
8843
-5878
6830
-7769
-1812
-7798
-8448
1233
4291
5154
-8512
5840
6123
340
-2729
6931
1508
-3271
-7621
326
-4950
-7231
-8897
-1971
-5470
9813
9105
2682
-4575
-1504
3159
-221
1496
9819
-7270
-1851
4311
7904
-7099
-2764
2588
-3662
107
6975
-6942
8945
-2573
4048
9368
-5518
-4049
-8489
6098
-7045
9299
-9442
-2933
8016
-6594
3468
9408
-1704
9426
-5654
9873
-7170
-1164
-590
-4740
-6194
-8044
543
6441
6711
8838
-4776
2669
-4614
-3450
-4073
1775
-6518
-968
9872
-74
-1041
625
-9993
-1741
5807
5070
-6884
5366
-187
-3211
7747
661
-1339
4709
6174
7077
4551
8270
-4394
5048
2191
2694
7646
4207
-8116
-8759
-2681
5260
-6706
-7552
-9566
1490
-5904
-7591
-3545
5709
8721
-7601
1590
-1043
-1099
1844
-2283
8973
-9242
-5516
-2183
4849
8902
-7009
-2858
6852
7867
-8132
3461
9034
9948
1261
-5330
2506
3616
6753
-9656
8087
-507
2280
-1229
7670
565
-5307
-1388
-5538
8900
1173
-4159
-4949
-8384
-875
-2474
-2143
815
-2868
1342
5913
-3506
-2085
-6815
-9161
7198
3486
-867
-4052
-3139
3961
-2070
-7888
-3736
-3225
-2344
-7308
1152
2090
2797
2089
-5865
-5127
-5205
6791
3995
-2879
-5435
-4837
-3600
3156
3875
7087
-4283
-246
6066
1851
-2419
-5724
9610
5803
-5623
-8899
-2714
-329
-5281
3475
-7555
4226
1949
-8149
1297
-3603
-8506
4432
2290
-427
-9959
-3968
2527
-7855
-9943
7374
-9110
-382
-2015
-6048
5927
8550
-9178
-5911
293
3441
6182
4877
8281
-4631
940
3107
-534
-7588
-3165
6128
-2195
-4950
-5071
-3725
6623
-6018
-1459
2720
7014
6275
7854
2140
9486
-2671
-1153
6252
-454
5372
9608
9660
-1911
1497
1086
-8332
93
-2611
3838
8137
-3484
7946
8284
341
-5221
-2250
6071
6464
-3926
-7730
-9347
-8485
-8308
-4035
6663
-6587
-5870
-9396
7903
5096
8011
3308
-5782
1900
-6215
-8438
5159
-6577
5510
4558
-6188
-2478
-5910
6141
-8901
5674
-741
-3140
1002
5934
4280
-5780
6783
157
-3946
6251
8711
-4177
-1117
8904
-4919
1644
-292
2767
6090
-2202
-9974
-4995
1695
3127
7189
7011
-1145
-8382
-642
9987
9545
4727
9726
815
7551
9024
-6366
-5859
8699
-8043
-6212
-5015
7151
5483
-1436
-8477
-1693
3955
-2938
-8334
-9418
-5526
-4564
-5064
-3662
2603
-4312
4269
-9
-2781
-2897
9626
9153
8527
-6447
4323
-2196
-8309
94
-1036
8066
4624
7504
-9928
-8439
7902
-5647
5952
1408
-6867
650
2199
8732
5518
4811
-8163
2378
-1511
-4446
8522
-8468
9554
4056
7665
-8471
-2995
5388
8235
2703
-6800
5701
-5380
-3141
-824
-3539
-8394
4895
-8509
-2028
1590
-5631
-8576
8239
1671
-7676
-6229
7432
-8320
7102
9727
-1142
-7884
8481
-2396
5764
-724
-2570
9289
-7417
8213
-8696
-6960
-1682
9299
1924
-6220
3917
706
1116
7774
7888
-2367
5326
989
2608
3135
8467
2142
-8565
-1253
-2737
2020
-4752
5529
-5597
1827
1109
-6002
-7539
8145
2272
-9465
3938
5993
1246
-4612
600
5904
9137
3931
-910
3682
-3365
7212
314
-6582
-3777
2805
7596
8985
8614
-7890
2876
-6121
8708
9116
-676
-3589
8767
2392
1580
-1112
-9634
3654
5191
-6641
8085
1071
3348
9233
-652
-1556
-7576
1838
-2855
-2654
8180
3088
7327
6323
1720
-4188
-7781
-9753
-846
-5112
4899
2938
8994
6655
872
7881
9099
902
3373
-4228
-2671
-2480
4105
-6642
9889
8043
-2481
4404
4402
4306
5547
-4820
3421
-3552
-1967
1181
3442
9977
-6263
-1414
7392
-4159
-3101
-4514
-7109
8398
2837
-8468
-4774
-4156
6086
269
7615
4638
2190
-4570
3981
7129
2038
6883
7386
4540
5115
2896
3842
-4155
-6988
-170
-9943
-843
5005
8817
-8942
1711
3061
478
-8755
2737
9517
-5540
-9584
-9767
-5248
-9680
8078
9234
-3813
-6847
72
-4763
833
-8696
-7326
-5322
-8840
5637
-5808
5946
-8633
4585
7130
-1310
9999
-8640
-4502
1178
5273
6810
-7591
9683
-982
9476
3761
-336
-3182
-6805
-1012
-8291
-2185
2985
-9261
-8927
-2687
-9703
-7814
-7876
6751
1684
3032
1903
8350
-3053
-2608
-6345
1758
-8861
-4146
6435
-2595
8338
-8169
-6568
2782
8265
-8975
-6840
-3852
3682
4238
5165
-1335
4147
9213
-6516
-353
5866
-6036
7168
-3324
-6142
4969
6145
905
-6568
-83
-5450
-2812
1235
-7080
-554
4931
3020
380
3282
4999
-7869
6502
-4547
-9048
5434
-8060
4859
903
-5849
-7160
-2868
3749
7764
-4171
-1841
4873
787
-1920
7123
-4514
4621
4653
-2552
-4825
3025
1778
-6668
-2154
-346
-6598
-9679
9868
4491
3850
7421
-1068
8645
-6688
8453
3952
1615
-3968
-3697
-7824
3424
6419
893
-9191
2966
-9909
4631
4148
8590
5779
1784
-7642
-2207
6001
-3452
-8354
8383
4045
1784
6571
887
-6414
370
5451
-9758
5522
-3292
3499
1152
-6890
7736
7877
5662
-7058
2694
-1589
1500
-9165
9452
8366
-6090
-8095
4983
-2403
4317
4915
9382
-4090
-8321
8637
-8235
-7269
-570
-3360
-1102
2536
-5820
-522
9310
-6443
9168
6309
-5524
7690
4275
-3439
-6428
3026
735
1407
-4132
1776
-7638
-1231
-5622
8168
-6481
5862
2705
8482
8151
-4954
-2679
8975
-8133
8217
-9634
7620
-1738
-7029
8545
774
3543
8053
-6171
2661
2473
-9753
8044
6679
-375
9752
5630
6860
-6604
8547
-2705
-3728
7685
-6880
-7596
-9285
-5864
1477
-9370
8758
-1782
-3048
-3035
1281
-1353
-5105
-8532
7051
5592
-5928
-6450
5323
-3907
2154
6477
1150
-3591
2146
2764
-2828
-6331
1020
476
7544
1153
-5336
-4321
7060
-6990
-4005
2188
2595
-1756
9249
2384
180
6380
1973
2496
3799
7507
922
5744
9077
-8918
9555
8738
1466
-9984
-2815
-6238
10000
-4714
949
7239
7697
2724
5935
106
-9993
4613
5214
-8880
-9490
8976
-4076
3702
3394
5764
7873
2433
-804
2026
8315
5158
-4775
-8189
1943
8794
414
7513
4443
2396
5043
6698
575
2089
-3158
-8666
8985
-4699
-8233
6714
8681
-1075
5385
-6732
-848
5974
2244
393
-9647
-2314
-6657
-7418
-542
-7653
-7722
-8649
-4491
-6073
4532
-6822
5303
2566
4379
-106
-1595
155
4248
-772
-8699
-7117
5870
-2158
3253
-626
-8774
-5992
5200
-3646
-7898
-6678
6277
5187
-8644
-2996
5971
4926
3699
-2046
7022
3793
-2071
7182
-8512
366
-6589
-2470
-2937
7481
6235
224
8765
3871
5053
-1149
7371
-9947
-81
8055
-4544
-6693
-9847
-5188
7797
-5289
-1179
-4457
4216
-4094
-304
-3364
-3004
1186
-7263
5114
5731
9867
2712
8320
-4125
-1721
-6943
-432
-8476
8463
1987
4703
-5478
4587
-8534
-471
-9319
1058
-3920
-1980
-8129
-1818
-5660
932
7828
9564
6398
-4403
-4925
4942
-6056
-3223
6055
4808
-3770
-7054
7252
-1676
6941
4631
-4753
-7405
-8690
6324
-376
-3453
1533
746
-2589
6092
6588
-4401
266
-841
-702
-9487
-4602
4165
-9921
8339
-5182
9393
-3317
-6557
-3070
5071
-1744
-7001
9769
-1417
2780
2707
5420
-6182
-1575
4632
-260
5133
7828
-409
-2256
6939
5383
-1008
-2766
-9303
6275
3538
-6491
-749
1937
-5796
-7897
-6532
9960
-798
-6660
2372
-6306
5266
-4830
4586
2832
-4557
313
-6810
-3967
-805
923
-8789
8291
8580
2412
5255
7341
1663
-1079
8441
6766
-9294
9215
-5128
4132
-3752
-4774
-9958
-8161
-2512
5597
3306
5181
5838
-8984
5105
797
-50
6710
-4525
5376
-62
2227
-5895
-4049
-3314
9125
2978
2321
-3056
-3950
-9240
-6494
4624
-735
-1501
2886
-6545
8883
3452
275
2403
-4348
-4027
-9556
-990
-4744
9163
8936
3286
3043
5161
2129
878
1183
-6155
3525
-6061
8332
5813
6
748
6547
-6134
9301
9307
198
-6632
4433
7373
-6057
-1431
-3856
-9483
4540
5683
-4002
-5687
7868
-7889
5557
-2855
-8884
1233
5863
-1575
-603
8344
-4536
951
-1158
-1200
-3518
6668
-9767
8985
-9475
-1873
-7075
-2289
-4319
-395
-5828
-9639
3174
4672
-7724
8727
8675
5712
1591
-3283
6092
-672
9378
2148
9529
3710
9567
353
-4663
2560
-8079
1084
880
-5361
-6601
-3992
-3736
568
2928
4410
-736
-7855
3593
6603
-1869
-450
4558
-8568
2725
-6481
-4813
1145
8753
-2171
4563
-3491
4447
6320
-4570
6525
8497
764
-884
5043
-5093
4886
7551
5434
3176
-2697
9961
-6321
8488
8940
-7095
6854
-3564
6372
-2307
884
6963
-5846
-2101
5716
-2607
8364
7152
936
7410
-1614
5141
8990
7189
3926
-254
6241
-510
-247
-724
1829
-967
-4326
-1555
6721
3457
-7402
-896
2718
1784
-3226
-1514
1367
7322
569
2817
-3459
9647
292
9244
-3592
-7832
-1154
-1602
6479
9445
-9174
-8816
4626
4503
-2894
-6652
-8416
26
-9461
-9098
-545
-9690
-3261
-8060
3464
-9924
8387
1245
6259
7697
-7305
3994
-2112
-8973
4735
5778
-5374
-3090
-7292
1260
-925
-3186
-603
3074
1115
7517
8194
35
6930
-5869
8793
-670
-8255
720
5152
-5717
-8887
6381
8208
-4755
1278
-7771
-8267
-511
-171
5966
5961
7386
1886
1227
6451
4439
7499
9759
6611
9595
-6734
-3139
-7492
8781
2257
5259
-4726
-9490
2356
4014
3684
6126
8863
-3109
2442
-2532
-2012
-4775
-3119
-4532
-3024
5688
-2829
-4831
9744
-3089
-8354
9032
-194
-2777
4783
-2203
1733
8775
4059
-9382
-7606
-8543
2966
-1100
4431
-7649
-9443
-2037
-209
-5887
1961
-1077
8529
-8756
-1868
-9949
-4459
5840
-897
9437
-2184
-4889
5137
7324
-1747
-3710
5870
-4474
8298
5963
7486
1164
187
-338
4066
-5020
-1659
-2274
8707
-4700
3690
-6410
4278
3240
-7761
1335
-7373
-8024
-1307
-4914
1549
-9487
-8604
9320
4961
8223
3745
-3222
-8657
4427
760
7805
8545
3905
-1445
-5469
1656
1847
868
8613
-9066
-1692
3006
2749
2432
-9754
-696
755
-5879
-7910
-2324
1012
5080
6651
386
-4599
1547
-4868
-1706
8652
8357
1872
7663
2001
1200
5336
-8205
1275
1202
-9374
-9397
1682
-8987
-4610
8508
1971
-4024
6945
7535
-8372
-742
7473
1986
9817
3024
4845
-9435
7693
1520
8044
2830
-5897
8555
-6744
1207
352
-2538
8828
6601
-8832
-1089
4124
3255
-6631
5378
8439
-5481
3045
-5078
-1918
-5358
6834
-7991
-6188
8427
8699
-9395
7497
571
-7718
6791
631
-8334
-3763
-5868
5252
5112
2782
2649
-8672
-7912
-3514
8921
7790
6583
-6946
-1819
-283
-8821
-755
5606
2493
2716
-2906
-9320
-4536
-3724
-9156
-868
1747
-9977
8244
8855
3820
-1837
1810
-5336
8017
7845
4116
-5716
-3597
-2180
5159
306
8199
1538
-954
5002
-2633
9612
-8903
2959
2781
7360
-4688
1089
7490
-8677
-7717
-6039
6896
-9417
-9107
4477
381
-7870
-5035
-7867
-8669
-931
9708
4937
4529
-5809
4743
-8287
-2240
3321
1438
-247
-8114
-4153
-4126
4863
-2494
4835
-2620
8540
3118
-4806
3865
2680
-4776
-3401
6845
-119
-1746
-8627
8144
-9676
-2066
1702
3488
-6907
3919
7589
7948
-8190
76
-4641
7492
4870
3759
-2547
-7028
2347
6865
5922
-5791
-670
-2240
-319
-5527
-6256
3117
7480
9717
3834
-9947
-7646
-7858
-6819
-1365
6690
-9253
9104
-1552
-1798
-9208
-3963
6874
-3256
2199
6170
-3007
5374
-7976
-6990
2829
-7453
7564
381
2355
-1795
-3288
4119
-248
7639
5520
-5958
-9551
453
-9106
3184
-1551
5782
-7473
-178
397
-5930
9686
1429
4255
4326
-7193
2648
-7619
-3197
-6079
-5922
-9821
-7868
7299
-5486
1029
7550
-2968
3155
3353
-6795
-5206
8406
5369
7006
9479
2045
-1419
-200
1800
1452
-6846
5405
2173
-622
326
3456
4017
733
676
8898
496
5713
466
8249
-1485
9507
-260
8951
-8477
408
-7045
7839
-9561
1166
6020
-4847
-5266
5388
573
5416
885
-8662
-1131
4995
8928
4142
-8278
348
8251
-5414
-2594
-4399
-6111
8120
-3136
7731
-3955
5990
-4197
-328
2396
4895
4867
-4159
-7559
-679
-6011
-600
-488
1856
9187
8655
-2329
5729
6142
7678
-4079
4923
6989
-1615
-2003
2745
8066
-5484
1007
5871
3012
-2973
-138
-5753
8737
-1937
-5259
-6848
-9405
-7160
3849
-7163
-8306
-5116
-5641
1545
-6833
6336
-2739
-6796
3147
-1840
-1541
-7556
5552
2327
-4164
-7341
1115
973
-8104
2363
1176
-9425
-6693
-6688
4087
-2518
5937
8318
2345
5174
-8393
9740
7447
-6317
2640
245
5774
-7574
-6105
8707
5635
-3247
6064
255
-9453
5208
38
-5597
1178
-7626
4421
7467
1835
3577
-3874
-7639
6248
2468
-2369
-7381
833
-9148
-1384
9335
-3118
-1862
730
-4725
-8208
-9291
698
4313
-6846
1096
5144
8736
-9717
-8619
893
-7079
8327
3490
-1714
-7133
-2692
9600
-5753
7710
-8683
6639
-2658
3279
-3867
160
-7723
9067
-9242
-4053
-3528
9074
2106
8947
5225
5948
160
3775
3104
-955
-9831
-2866
3226
6702
-6934
-6245
143
-9707
5118
8807
-2902
-9666
5457
2649
-7160
-5160
6175
1235
-5923
-8194
-7330
-5493
-6555
-602
7933
-1981
2637
-1279
8776
-7472
-2130
-4117
5144
-894
6020
-6154
2816
-7391
3315
1499
-1780
6878
6050
6819
5563
2259
-9364
-190
-73
487
9162
-6191
4548
-3926
-2340
8582
9548
-7677
4460
-9037
3475
4094
-9166
3270
-2160
-596
-7040
6827
-5107
-3533
1030
-7489
6669
4250
6010
9907
-649
1636
1438
4019
-7660
7849
-5987
-244
-9638
-7184
7312
5770
5897
9985
347
5208
9488
3096
-4727
1690
9239
8050
-2046
-1411
-4535
5266
-6252
-8537
5187
8924
-6003
-9883
-7002
3086
-2639
8339
-7640
2374
-9666
-5013
-3365
-4335
-7849
-4509
3538
-8354
-1036
-3455
2908
7444
-5585
-5289
8954
6293
3146
6456
1346
-921
2757
5743
-7882
-9364
9230
3144
-6244
2666
-1425
4708
-4835
-5072
1164
8252
-5091
3706
-9806
3069
-7083
5564
5423
2914
8228
7023
408
6539
-8649
8721
-7136
903
293
9672
-5602
-7284
699
8272
6151
7025
8798
9789
4026
-2840
-1412
3076
-4251
-4554
-9186
-3972
-8856
1600
4573
2961
9649
-3763
-9276
184
-6373
8707
-1863
4005
-8264
-7769
7916
7955
-9211
-6109
95
7789
9588
-7093
-7476
-4304
6377
6349
-4518
-7661
3080
8286
-3128
-8913
-9063
2230
5448
-3366
-5030
-939
1714
-4017
6012
-6500
5634
3783
4147
-9995
1753
5517
797
-1905
3730
8162
3520
1144
2939
-7263
634
9620
-6413
816
-527
2063
-409
-4528
-9702
-8611
-6053
-1465
-6548
7187
8255
-2573
8891
2493
8957
-8618
3656
-842
-1891
3653
2492
-1906
-9839
-8999
5434
8602
1223
-1658
8103
-8604
-823
3405
1
-121
-8910
7522
-822
-1861
-8074
-4116
-3686
-7130
9140
-9306
-1032
-4409
248
8889
8893
4022
4020
7538
-5167
6092
-223
5252
9012
-9852
-5628
-9583
-7297
-8780
7858
-1437
5113
-6287
-4045
-424
3883
6233
4090
-5651
4034
7656
157
2552
8508
1626
-72
-8644
1169
5957
3708
6120
3632
7182
6452
3313
3344
9910
2903
-1836
-762
3015
5586
725
6315
-5013
-5024
4936
3612
-7991
-7820
-741
-660
-5541
-1580
-3478
-4862
7842
6872
-2781
-4958
7757
2798
-7485
3245
6230
-3969
-5194
4904
8615
9159
8427
-8898
-5522
6124
1696
3095
-345
-5019
8120
78
6540
7691
3089
3511
455
-4225
-1249
8570
-2452
-4852
-7675
-9651
7841
-8120
-7685
-9191
3570
3756
-6565
861
2540
3234
7249
1149
-3499
2532
908
-8626
8427
7003
-7180
-3028
-3203
6304
145
-6005
1852
7659
-6860
9471
4236
1179
-4889
2725
-9290
3912
-4564
1853
-3943
-2218
9174
4284
1084
-5052
-826
-7729
6513
4017
1985
8399
-7564
4179
-1100
-1502
-6357
1806
8468
162
-6805
-16
5917
-4945
-6821
-7472
1136
-4118
-1817
8294
8796
7640
2029
933
8443
-8476
34
8835
-6306
-6771
66
-8258
-1877
2745
1146
-6432
-5738
-6938
-6168
-8611
6298
-2406
9135
6807
6636
-8829
1774
-3794
-7764
-9843
6356
4301
5186
3956
6352
8861
-3504
-1794
-1105
8772
8507
9045
-2719
-19
-8944
-5303
-516
5375
-3168
-5361
-5614
-3401
9267
-1943
-9661
1098
-9029
7729
1834
-3649
2547
-1586
-648
-796
764
-9428
6733
-8641
-5176
-6501
-3525
8871
1483
-5621
1163
7094
4568
-2143
9408
6415
4257
-9495
5020
-1219
8909
6310
-4184
6107
7034
-436
5143
-2693
1187
5435
-4613
9486
-9713
-2885
-261
-756
7524
2744
-3154
-6970
4027
-8284
-6512
6782
-8598
6439
-1466
-2525
-1874
-2145
-5163
-6059
-8855
1819
-8272
3840
7625
9060
-3629
-1584
-8187
2120
2223
9636
6025
-3760
-8781
-9357
-6750
8812
7410
-8606
7196
424
5140
3251
-6951
1901
-3475
-9434
-5398
5461
5225
9552
6607
-2891
-7292
-7140
4809
8350
920
-3070
6776
1525
2654
-4294
-6551
-6720
-3341
9344
-5690
-915
-7221
9659
-5791
-7319
-9160
-1627
5631
-5361
1026
-6122
-3646
931
-6321
-6621
347
8635
-1040
95
-3727
3793
1149
7316
1469
-1216
6543
3931
4962
-1102
410
-7345
3031
4227
5147
-4030
-2833
9525
106
6120
4493
-8144
-3023
-5978
-9761
9172
-4156
6880
-8711
4969
-6427
-4992
4570
6267
6406
4131
6740
-8220
6702
7179
-2701
-6636
-4454
-4316
7964
-2293
2112
-5675
-5232
1081
145
5418
-209
7936
-4354
-9837
-9721
2332
-9673
-6481
7813
209
4298
-7074
-3541
-503
-3574
-8725
426
1363
6338
-6833
-9406
9788
-3431
3307
-893
568
2891
7592
-9212
1327
7427
-2399
9045
8419
-8237
-7897
-9800
-4346
8610
5510
786
-4810
-370
2498
5331
-5115
7311
-1625
-4454
-9732
-4442
-1658
-2084
7748
2382
-2921
-6229
6970
8229
-5427
5399
-952
-7615
-2610
7167
136
7010
7793
-3764
-2834
8499
4846
-8634
-5434
6062
2467
-9335
-2878
5388
-1573
-2787
-9323
-4734
-6644
1188
9704
2746
-9181
-1505
2917
2209
-4491
9414
-8815
-7148
8032
4514
-9587
-7787
-1624
9697
-6608
-4324
-9759
-1715
-7102
2898
-6847
6143
-7525
1225
5791
3196
-7045
-7696
-772
-8088
-6303
9472
844
4131
-4434
-5531
8064
-6620
-1535
-2043
-5897
-7811
3667
-7037
3125
-1784
894
-5627
3995
-8987
8649
-484
-7556
-5137
-7029
-2333
1235
-8500
848
9498
8252
4640
-3605
6345
-1240
8966
2724
2656
-409
-6977
-1154
9033
2542
-9298
4210
3710
-1728
9938
-5988
-5124
-934
-8047
-4903
-4379
7435
3728
-1847
-5622
1285
-3191
3460
1400
8864
6115
-725
9593
-6482
6257
-7597
-7229
84
-7163
5145
9807
8247
-949
3069
7107
-7231
9986
-3394
-6369
-8018
-4657
-7654
3686
4990
1578
-9857
9431
-2523
4967
-3740
4229
-5973
9542
-8883
-7496
4551
-8931
-3855
-6703
-8007
5807
-5103
-3155
1673
6677
5168
3850
-1504
8078
3387
3217
8691
-1808
-263
6551
-3664
3509
2649
4923
4222
5868
-4058
8325
-232
-4101
983
-8641
-7781
1107
286
5111
-8361
1059
3450
3963
-7752
2400
-8627
9339
8781
3479
2788
-173
7332
8637
3506
6798
7818
5742
1663
-7169
-6579
-3229
3020
7937
-3729
-7361
7827
-242
1198
-4785
-5318
9871
-9366
3261
7423
5758
-2922
-566
4585
9559
3348
7323
-3968
3420
8796
-7077
-9271
-277
-3370
-6571
8282
-1791
7226
7096
-443
3136
-4476
7667
-2989
2729
4367
7136
-397
9444
4161
4271
-3474
-8157
1926
-1660
-9289
-2257
1521
9844
6464
-5939
-120
9193
-342
125
2355
-5650
138
5872
-7528
6804
9159
2178
-9944
-2211
6960
3859
-9694
-8918
9837
-2641
-4690
2936
-6529
1468
3424
2541
4341
-7746
2145
3825
-4624
-9676
7145
-3528
-8271
-1378
-7330
-3847
1470
9841
-7931
-8986
-5354
-8214
-4808
-8993
3953
-4981
8796
-4766
5958
8951
4636
-1154
-7687
6858
-6136
-8348
-4466
5469
2259
506
-691
-602
-260
-5062
1085
2587
-1403
-1629
-5017
7729
-7290
3868
-6823
9180
-5038
1322
-1514
-363
723
-907
-5897
1527
1210
-2861
3029
5163
6743
-762
-1406
-2898
4534
-9095
-5472
-5246
2953
-4095
4435
38
-8742
-1479
1431
9163
-7837
-847
9165
-1064
3817
5175
-1532
8917
-3545
-6942
8493
-3131
-500
-3305
-2351
-5189
7896
6746
2832
-9517
8301
3686
4219
8841
-3236
-5670
-7584
-6188
-9449
4024
-1466
4948
-6838
-2978
5929
-7624
-682
3919
4314
-2916
-5884
-453
1058
-2717
-3311
-462
-8765
-8231
6140
4781
4086
-5335
-3434
2224
7049
636
-2153
9126
1423
8166
3630
-3637
2169
46
8745
2763
8882
-3569
-1126
-4849
-8467
-720
-5997
7235
-341
673
550
-2959
-1140
-9804
4086
3058
-2287
-4932
7411
-6050
7324
2750
-6562
-3761
-236
9523
6956
-7159
-6299
-3892
1514
-3851
4908
-6378
-5347
-8725
-4494
7040
1396
-6569
-7145
7555
-2415
2128
-9656
9455
6137
4602
-314
4210
1895
6594
1534
-7064
-7779
-1174
-9617
-1182
-8251
-3508
7582
7331
-3874
-2343
-6770
4132
-1280
-5813
-4581
-8347
-6654
-5376
-9954
-3128
9875
-9624
-4437
-7132
2963
8659
-5223
9089
-7128
6914
2948
-1007
-7002
8037
3054
-8866
-491
-6461
-590
7507
2282
3191
4309
-2168
-9448
-9356
3821
-7226
9610
6232
6499
4018
8710
-1666
8456
6562
9013
-8360
-1253
5707
6543
5634
-5471
116
6510
-8603
-5579
-5419
4607
-5943
-8886
-8540
7181
-7146
-2825
8284
2737
-153
-1579
-1362
8275
-3049
4351
-4554
4345
-1787
-9932
3343
7847
-2282
8047
-9990
-9050
8959
4446
3469
-4981
-9468
-6946
3634
2695
3533
7118
265
-1291
-4135
-9626
-1040
-6393
6960
9906
-3677
-4415
6415
7272
-7598
3986
-8052
5185
-9441
4888
-2809
3660
-1117
7928
2796
8285
1893
4595
-4805
9616
223
4967
9282
-4149
-9138
1099
-2870
6237
-2468
-6203
-9497
-7230
-8688
-2868
9
-2567
-8654
843
-7893
377
-8954
-8757
-8148
-8608
-438
6331
6854
6507
-3743
-6210
9060
-504
160
-2688
6296
5882
8461
-4186
-3667
1827
1601
-2067
9866
-6812
2309
5147
-2051
9494
-4352
3514
198
6545
9710
-5825
-9516
-2922
-5266
8272
-4156
-503
6440
-3392
-7364
2222
3392
-7227
2668
8205
8975
9039
8229
4232
-8435
4355
-3831
-7514
5107
-377
1406
1515
7915
-5462
9159
-3008
4448
-8756
-9314
319
-3174
-9296
-5136
3104
-5592
8124
3757
-7918
-1053
-1193
587
-4308
307
-806
-8097
5691
-1481
6071
3426
21
-5494
-146
9097
8825
-5085
611
8768
-7057
-6167
7499
2910
-7405
-1801
7930
7386
6766
-2975
5225
8230
8741
-6732
-7670
5323
497
-5949
-2153
6921
4862
4602
3991
-5985
-36
-5109
896
-3079
-9206
-1019
9930
8279
-4753
2434
-167
6386
-861
9406
-4389
8737
-8948
-8959
333
-6816
-940
-684
-1283
-7919
5993
2515
7641
-5402
-7972
6559
6067
-1694
-1168
-7300
-1286
-3337
6673
-3461
-7087
-3920
1825
-5797
-4800
8494
5411
8452
-7981
3066
-2856
8883
6878
-8220
-9609
6961
-4194
2472
525
9367
-1006
6353
5447
9054
1305
-2788
-2924
-6445
-2690
-5834
-9586
-7001
2587
3876
-1384
-4642
9951
-5605
3053
-4433
-6904
-7526
4878
-8516
-137
-3217
-9592
1077
833
-3897
-2686
-3048
-6
-4480
-9950
9287
1531
5407
9548
-6940
3117
-6675
-4936
6980
-7544
-5618
3778
-3221
9274
-6028
1565
5208
-746
9907
-7887
648
2676
-2454
4152
-98
9817
6640
-5210
6762
-1533
-1218
-8612
1230
4121
3678
-8340
-5527
4807
432
-8858
7847
-6275
414
-1108
3606
-781
-7109
-4293
-7626
9534
-5664
-6574
9066
-3923
-703
1728
-6706
58
-3306
2263
8465
-2249
-6963
95
-3137
-9869
-416
9103
-6483
-2987
-591
1404
7214
-7086
-5199
-204
4348
-6602
1769
-5643
1672
-1576
6371
-7312
3275
-2167
731
-4136
9249
-211
-4470
-9958
5929
-5954
-7011
-436
-3301
8745
-4645
-3932
-9164
4720
-7233
256
6184
-5283
8030
2357
4870
-4929
-4879
9727
9199
-6562
-3402
-8513
-4809
1548
-2466
-2614
-8736
7827
-3915
3889
1675
2654
-5832
3850
-2545
-9068
-4489
-217
-8822
6019
-1272
-1092
-5813
-912
7856
8025
9529
39
-3809
-7614
-3820
6087
-2527
-6964
2519
-368
5413
-6421
4071
2342
730
-4208
-7929
6063
7340
-5377
-1461
9524
-1908
9461
-7527
-4165
-8136
9040
-1075
9651
-4816
-7114
-8642
327
5696
8424
8416
42
3816
7152
-1853
-2183
6236
127
-4597
5004
-9580
2974
-2942
-7523
3929
7741
8497
-1287
-3967
-7586
5784
6391
6304
-7981
-5479
-3380
8704
-5847
-4757
2308
4265
1031
-161
4445
8197
1389
8327
-4503
-3598
-452
3513
4123
9242
-5764
6894
-2510
-4960
5512
-8941
-846
945
-3823
-1762
-3690
166
-3613
-8786
-972
2427
-6826
-1090
9492
2902
-2129
1870
8670
-5115
-2982
2325
1356
6690
8739
7736
3470
-8905
588
31
4284
4695
-5479
4580
3860
-3377
7496
-2233
-9266
222
8088
-5450
22
-646
3022
8251
-9354
-4210
8145
2507
-604
-7892
2440
-876
3792
-3051
-7336
-1392
7417
-2212
7620
9952
-5169
6080
5459
-8142
2531
69
-8825
-6589
-5657
-7847
5244
-9843
1747
-1847
2479
1502
4707
-678
3755
2172
-4669
1490
-4393
7637
504
8468
9376
2796
4249
8252
-229
7266
-2631
8251
2806
-7717
4770
-8431
5674
-8838
4295
-8688
-5237
-9696
-5937
7314
4874
-9871
-2838
2883
8959
5780
5777
-7827
2170
1951
681
-9233
7849
1562
-648
-7293
-1044
6602
-2187
-235
-8867
8755
-1597
3493
-7561
-5012
9710
1205
-2014
-382
5190
-9365
7170
7113
-2185
2667
7473
-8217
5267
5961
-8544
6408
459
-1885
-8296
7588
-770
-5847
-7186
-9830
-2757
964
-6656
-6974
8354
-6913
3851
-6146
-7440
-9841
5389
-9741
2631
-8477
6174
8975
5332
-9542
6666
-610
7093
7982
-772
883
-1194
5303
6261
4259
-2234
9930
2403
-7623
-6373
6559
-1467
2088
-9718
-8729
-4302
-6994
8012
1487
-2806
6046
-5835
5147
-1067
-1054
6886
9638
4352
4453
4852
8488
5118
-9723
-3290
4506
-4767
-1704
6719
-7015
-362
-9339
49
2112
7113
-1459
-9198
3835
-3641
-2906
141
47
-2741
7376
-2536
4541
-2415
-8235
2699
-8811
-691
2534
8011
3178
5918
7548
4648
-701
-728
3942
1678
-9354
-8382
-7718
6599
4536
5287
-578
-4131
-4977
4592
4641
6458
-4577
6304
-8020
3038
-259
-5016
-4949
6947
4450
-9829
-4765
-5346
-7372
3900
-6090
-9061
755
1458
8579
1624
-9124
-2442
-6664
7844
-8838
-9827
8633
-3139
6093
8266
-1442
6533
-6513
-7604
-5295
3179
8968
-1232
9274
8821
2414
-7294
5518
1742
-2498
720
3775
-4742
-2241
-9590
-2231
9829
-9055
6013
-8214
5365
-7305
-4473
-2981
-4715
-7278
-8239
-9594
-3453
-25
1068
837
3147
4680
1630
2889
8203
-3242
4747
-2425
7763
-531
7025
-4424
-4086
-712
5041
4904
-20
-284
6145
-7191
8375
5191
6877
-5261
8147
5651
688
-5052
8937
2184
3863
-464
9559
2898
-8999
-602
-6352
1229
2286
9408
8512
9653
-4856
-4840
7124
-3211
-9932
3176
-55
-2253
4622
2322
-9289
2576
3928
7111
5374
4963
-8954
5392
6098
-8580
-9232
-5485
1686
-5705
-3688
-2440
1499
6940
-2046
-917
-7504
-9683
6106
-2936
2128
3842
-6014
4228
-7232
-5118
-2236
-4797
2197
5189
-7217
-5644
4289
-3878
-6326
2611
-6573
-6195
5992
-1493
-2619
-8957
-7097
-688
5850
-2687
6070
899
-6948
-5979
-1786
9957
1700
4763
7708
7040
530
-5544
-2715
-9222
-6970
-6941
-3927
4046
9602
8291
8697
-9482
-8103
-5813
-7817
9983
-5454
9305
8105
551
-9358
-3981
-6156
-2568
-1635
-3452
2761
-2194
-1102
9116
-954
-4498
7914
-9444
8569
-6923
274
-7605
-1225
9878
7897
747
-4793
8357
233
8839
-8530
2767
6019
-4146
-5107
-9106
-1423
-4120
-5367
3367
-214
9512
-9389
-5102
-5954
-3415
3143
9370
-1596
-4283
5945
-8025
-6722
-2950
4653
-5307
-3085
8207
3595
4984
-3544
9064
-2669
5382
-2697
-2174
-8201
-5691
7136
1678
7530
6077
1198
3124
679
2770
6673
-5341
2817
-5660
-4263
-2955
7383
8910
3781
5707
9699
-6044
-7536
-1619
984
9507
8216
-9659
2170
-4730
2512
-4925
-9829
4959
-9017
-9536
-7917
-7683
3160
5616
-5220
-4627
9055
-2885
-6208
-7788
5806
-2183
-7709
-1504
9379
-9386
-6834
-1639
-2147
21
3560
-95
-89
2206
2999
-8246
21
8983
9972
2547
6478
-6379
3405
-3648
2341
6562
-9653
9611
-5734
-9269
7202
8882
2321
-8701
2677
-2631
-1956
7247
4845
-7949
-3324
-9466
4763
-1461
-7520
-678
4085
-158
8156
-4758
9395
-2320
-59
-7023
9353
-1809
1025
7124
-9650
-7904
-7848
5111
-5193
7857
1683
4336
-3678
5395
3780
-2371
-7737
-4396
-5581
1280
-5009
-4855
-7010
181
2322
-6252
9013
5255
6889
1314
-9358
4383
-1147
6644
9313
1167
190
-4390
1239
-224
-5045
1825
-751
5973
-5862
-6319
-2819
3347
6116
-5304
-7895
6192
8650
-3903
-3297
-3325
-6572
-179
-8628
9252
6150
-8303
4645
-510
-4819
2602
9248
-9310
6963
-4389
2381
-2820
-7734
635
6981
25
9378
-2133
-4767
5253
8567
-8989
8102
-8424
-4402
-5242
-9697
3168
-133
-9925
4657
-152
-3801
4037
-174
-7506
-9197
1136
-8604
-4443
-2861
6016
-9411
5208
-5308
-9745
6683
-7978
5289
4667
-3774
9994
-6124
5559
-4402
1724
-9412
796
-1076
-2896
-850
-5216
-4777
-5220
2552
1
-9898
3947
8319
8376
-7146
-9009
8611
5511
1072
-2628
-4462
-6313
-5282
-4037
-199
-9874
-9629
9601
-2066
6667
-9466
2991
-8393
8606
-6642
-8418
-683
9079
-9728
-2261
-6804
-1975
-3581
7624
-5870
-3377
-3614
-3991
9419
-5453
-9917
-1559
-7359
-635
-7989
-526
8592
5211
-1725
3846
7216
-6604
-161
-5912
494
-2883
-8502
2700
7389
-6407
-9511
5240
-5217
8679
3214
-9882
7472
-99
8435
1919
-9295
-4914
5910
2539
-7858
7151
4781
2959
-4239
1806
7571
-1768
635
3038
-865
-3406
-6651
-9829
-4680
-8684
5687
6287
5429
7366
9076
-9439
1229
133
-2593
3921
-1122
-7033
612
-4209
7622
2887
-3709
-255
-6915
5431
8021
6680
-1675
-7000
-5601
-3022
8959
-993
-3510
2804
235
1862
-8452
3397
9355
4729
7336
-8924
-2240
3413
5340
4237
-2427
-8054
-6751
6270
-4529
9133
6211
3857
-1498
3485
-1270
-815
-3320
-4213
4816
-5426
1356
-692
3949
1292
-6277
8623
-3786
-1622
-8326
-2870
-1147
-3350
5739
-3054
-7572
9812
393
4846
-7722
-778
-1843
-6861
-4427
9875
-3641
9045
-8306
7846
-9195
7572
2786
-2250
-7320
-8823
2517
-2876
3463
-4736
2400
-2385
9655
8449
1794
-3511
-9106
4557
5267
-8378
7996
-4492
-1139
5249
3951
-164
-8119
3820
1716
-1018
-9377
-2666
-7083
7115
2911
-2222
-838
-3171
-7318
1963
48
1579
2286
4857
7227
812
6450
-4961
-3066
-5513
3070
7296
-9587
-4044
-2378
-7603
4149
626
8039
5416
-4958
-333
8789
2462
8615
1027
-6550
6674
-7045
2692
-4554
3489
2207
-7902
-4119
4147
-5666
399
799
-4704
-4202
3601
4747
3031
-5537
-4678
-8924
5190
1964
3041
1851
-186
5902
3065
3001
3630
3132
5973
2590
-3533
-2604
2565
7333
-4606
-8174
4631
-9316
-7572
2266
-5335
5039
5326
-4127
1117
2665
-3659
5095
818
7324
2722
3488
9448
6442
2107
-5862
-8424
-3000
-5191
-9793
8824
-562
7557
-6392
3213
-6288
-5956
-1226
-3467
176
-2832
8698
6217
-3222
6557
-7223
-5440
7501
-254
-483
5828
-7175
4195
-1769
8490
8201
2670
-3979
8209
-9752
-6058
-4295
-3643
-149
6922
-5787
-682
3122
7255
-4454
-2923
1508
-8722
-9004
5266
-4992
-3470
7317
-5511
3972
-8076
-7026
1019
-5520
6231
6868
9429
-2549
9466
6566
6723
-6279
7951
50
8095
5536
783
-3884
-1522
-9037
-2339
-4092
1144
3386
-3449
1971
5416
-2049
-4911
-3135
-6067
-8245
-5629
-8520
-9419
6420
-6019
6813
6964
-7359
-5325
-8382
9716
5223
7535
-8745
-8917
-2389
-3951
6644
1290
6354
-569
-5474
9692
9028
7354
-367
5593
-1505
1680
5923
-1187
-2943
7103
6599
-7766
6932
-7343
4479
3775
-857
9847
1113
9405
7097
4863
8646
3861
4726
185
8665
2702
147
-2126
-5046
-6695
355
8966
1891
4365
-4195
3490
4557
2191
-220
-9492
-7997
-1113
2367
-6025
-9360
4429
142
9110
-409
-9234
5100
-2725
6330
-4510
9584
3569
-9116
-316
-6993
-2700
5541
-6430
-5695
-4834
-5542
3551
9853
-7099
-8836
-3461
5386
-2009
119
3482
-1664
-7203
-59
381
2742
-6394
-2175
-3455
5545
3251
3196
1286
-9430
9125
-4051
-4428
-543
6137
-2082
-625
-1905
359
-5870
7163
5927
-4906
-5654
6511
9882
9955
-829
-6084
-1382
7119
-5542
-3740
-1080
5271
3512
-5211
4676
-2664
-7945
-6676
8789
3767
8533
5663
-3488
4594
6537
-1805
840
-8680
-5702
3059
4052
1672
-7343
5897
8062
-9295
-8426
9343
1556
6201
4368
2225
1504
-5009
-4560
-1491
176
1054
5328
253
256
-8678
7770
3135
-8945
-7805
3118
1697
-8370
-9636
1153
8427
-3191
2802
7960
-8626
-4468
9813
269
6562
5185
9589
-973
9568
-7410
3942
-303
9563
5446
-7499
-2572
-1277
9271
-8715
4530
179
5388
-7021
3910
819
890
-4019
7671
9506
-3789
1790
9077
-7634
-695
8120
6727
6687
-1101
470
5026
3816
-7913
-4020
-5700
-3636
-8981
-6679
-1530
-5032
-3610
5211
8654
-5161
-7180
6722
288
2205
2885
4150
-4827
1577
-3715
6352
6634
-1887
-977
-9255
8602
765
-591
-8387
3669
1130
6784
-8471
3101
-4468
7703
-2615
-2361
-4560
7817
2059
-9175
5938
352
-4033
7648
-110
-3976
5258
3696
-4388
-5840
-3883
8879
851
-2524
-8290
-6269
60
-9471
-7618
950
-6857
-5721
9990
4218
-5807
-9664
4757
-2736
9009
-2132
5570
-295
-9005
9034
457
-2577
-916
622
2682
-5843
6213
-5532
-5988
-7990
-6478
-6800
-748
8431
-9001
2054
2249
-1885
-7096
5763
-6837
3823
1389
3486
6597
7246
-5563
9972
-5684
8570
-3669
4634
-4315
-2950
2503
840
5137
-7627
-352
4960
-1507
-2530
8284
-796
156
-6359
-4092
1628
-4130
-7253
-9387
4817
-3008
3824
-4232
6457
5507
7627
5820
-2530
-1047
8473
-6531
-537
2107
-8010
2654
-189
-7446
2164
-2313
7387
-7913
-328
-4392
5509
5906
3464
986
1809
1785
3620
7320
8209
-5791
5311
-9796
-7429
-573
124
6433
-6310
92
-2579
-7630
-3252
-5767
-134
4423
-6386
-3080
-7399
1668
1242
2143
2775
4513
5415
1565
5808
-8522
-4270
-697
-2951
4044
3965
1781
1922
9482
-2526
-424
4977
8892
-9544
1029
-1197
-6791
-634
7785
8046
5114
6335
3572
-6510
8290
-4058
9812
4154
2483
8418
1760
1401
-5230
-8091
2603
3797
-8225
4394
1036
-3023
4956
-7922
-1078
-1936
-2399
-5412
5098
-6795
1251
2899
-299
-919
6229
1475
-7989
-8333
829
-4122
5228
-6900
637
8125
5781
1366
-1850
4073
9078
6902
2530
7114
1527
4691
-8830
-95
7335
-9302
1045
-2583
5788
-8769
-7023
-6816
6036
-5013
1777
-5874
8854
6117
-3654
-7690
-4008
4380
-3616
6510
6263
7217
3873
-3325
-395
1573
6151
-4968
1194
-9558
6030
4920
7633
-6828
-3555
-8928
1367
3636
2492
4049
1676
-6246
-5745
-1815
-5413
-4257
-2518
-1756
-8491
-3093
8125
3283
2704
9897
-6139
3718
3415
6611
8246
-4296
8030
-7885
-6096
-2
-7882
4346
5371
5201
-5609
4956
-3658
6133
2116
2273
2343
-8279
3545
2611
-4453
8393
6704
7557
-2834
-5646
-6931
-6932
5932
-215
-6952
-1090
-5330
-7325
-3476
-3687
-1051
3747
-4409
914
4290
8449
4875
-4062
-1024
-6435
9534
-4331
4496
-2703
781
5402
1070
-8663
250
-5491
-753
5924
9946
-8247
-6854
-8963
5507
5351
9424
5581
-8524
-6363
7599
5522
-2460
2690
-2186
6517
8299
-9290
6273
5859
8603
-8607
6484
-2154
6966
1387
4469
-8738
-9917
1278
-8745
1686
8175
-9058
-2862
-2168
1859
-7673
-7474
-1937
-415
3120
2659
300
-6470
4768
-7623
9264
4592
2311
-9375
-796
6846
-2174
3690
8206
-9730
5480
9241
1309
2105
6917
-203
829
6642
-5399
-4588
-2141
-877
-8043
2262
-639
8541
259
1867
8289
5702
-8393
-6851
2807
-2845
-3019
3344
4639
9133
1825
7970
-5822
-3055
6638
7716
-6480
6207
-1728
3857
-8447
-1815
-5537
1900
-4221
9706
-9659
-5773
-8648
-8845
7577
-3957
-5391
-5335
-2348
920
7512
7951
-4908
-3459
-6552
6883
-7979
8524
7625
-8598
5550
-7027
2190
-5684
8158
436
4943
-4962
8695
-1161
-3546
-4004
-1065
9491
-6559
-6527
3478
-2541
4607
16
7054
-964
5528
-753
-6897
-6059
-8623
-2615
-8822
-1046
-5804
1954
8151
9819
282
-4647
-1352
-6521
1990
-3439
132
8267
-9704
-4670
-2083
-8059
-6778
-4599
-5146
-5031
-7900
-905
9171
-8209
-3198
-263
-2650
5994
-6009
-763
-8667
9913
6824
7796
3639
-5671
-1699
-2206
6250
2883
-310
-273
5328
-7426
7123
-9922
86
8571
8196
585
5260
-1421
9319
8252
5242
5506
-2501
7865
-2974
-9850
4663
8699
-5541
5107
7189
-2312
-2352
8330
-1440
5749
8779
-9166
-4981
2715
-3764
-1162
-6232
-1512
-7035
6914
8850
-4855
9667
-447
-9846
461
1907
8062
-3482
-5236
-3323
4062
-8213
-9954
-4529
3885
636
3298
-6705
-6307
3614
4742
-6769
-2549
3047
-3413
7952
5454
6422
-1541
-1980
-2353
-7808
-1810
-1894
-1471
-9551
-5081
-6231
956
-9167
1472
-5531
-8530
-2427
6580
-9614
-4112
5236
-3942
1399
-2236
8913
3461
9006
-7809
-5637
-2982
-9544
-1544
930
-7476
-1501
7060
-6564
-9449
-1520
-1650
-7638
-5512
-142
-9955
3661
3560
-3975
3912
-7163
-1760
-3743
268
43
9304
6831
756
-7133
1066
4983
515
-5779
-5572
-2795
8923
1845
-4630
-2710
-4230
542
-1385
5232
2610
-1347
-4352
-3948
4713
3109
3001
-4775
7840
3987
408
8428
-3424
-877
6132
-8033
1055
1621
8528
-2350
9056
-5825
1139
1605
-5002
9226
-8924
8946
-4840
7824
-9401
-6497
4398
657
-5666
-9316
-4866
1559
-4397
-4254
5003
8571
9041
5303
9595
8246
-1188
-1330
-3485
-462
-1898
-2340
9046
9397
-7260
-8774
8625
6632
1726
-6205
-6701
-970
-7693
419
3975
-6221
-1863
-4442
-3281
3801
-6533
-9484
-2499
-3956
8006
8668
3086
796
2733
2728
3194
-9257
3860
5342
1819
1972
-6442
9214
-4402
4909
4052
-1247
3162
9572
4107
7652
9213
-9872
-566
4969
7345
-3562
4797
514
7483
-5417
5367
7883
-7026
-8104
-1296
-2587
-3325
-2333
1632
9326
1288
1205
6972
-9771
-2921
-8215
3232
-5030
-8556
5879
-5340
-8338
-5236
4001
-6449
-6182
-8824
477
-9399
9986
6217
-8008
-9852
6552
-5511
-1410
5120
215
8201
1565
-1635
7605
9783
6993
4667
9775
-4671
-6437
7182
8108
2542
-782
-435
-1043
6569
-5289
5675
-1734
-9355
-5093
8685
-9142
-9919
-6212
4588
7161
8575
-7235
-2539
6734
-2604
3635
-1445
-3900
-8864
6363
3473
-4473
9278
9171
3871
-9297
-1741
1473
-6309
-8371
-4847
-9708
8315
-6551
-8734
4401
-3925
-8565
9765
-9671
-5169
-4227
5336
-5817
6030
1324
-7364
-7250
9761
-2367
-8779
-9759
274
778
7678
-5882
-8580
8137
-700
326
-7083
-7188
9626
8160
-4124
-3276
8573
6021
3355
-9668
6695
-3178
-2283
9840
-6144
3647
-4944
7389
-7396
5161
8372
-8081
-5442
-328
-8806
335
-6543
6443
-3106
6066
-7345
6957
-6457
-1125
5815
-4956
3671
-3369
-8736
3336
3838
-6778
-5469
-3449
-6605
6140
2680
7055
-962
-2806
-7488
5516
8361
-2673
1573
-3056
-8558
-7607
-3201
7891
8845
-9421
-2303
-5889
-1
3228
7646
5554
9456
-7319
8593
-5838
2521
-8619
7368
-5799
-5414
-907
-2638
6155
6960
8630
570
-2733
6485
-5632
-687
-8993
1746
-9242
6529
6471
9592
-970
163
-6726
-1726
3615
1771
-3799
3077
9957
7200
-4380
-384
2085
350
1570
-9098
4137
8690
8770
5688
8603
3073
-4343
-3196
2798
7631
-3945
1579
1543
5267
-3114
1727
-548
-7947
-7959
-702
4135
6606
7222
966
-7319
4512
2211
335
2485
-4888
-1626
5996
-2590
-164
551
6480
9672
-7583
7378
6458
7065
8041
-8495
-4443
-8018
5830
4992
1000
4296
-5071
-970
2336
-7047
9829
-666
-6815
-6841
-6843
-3685
-6444
816
-7261
6223
-3309
-6869
-3629
-3201
-1092
538
1112
-1471
7650
7722
2428
-1908
-1243
-1179
-3284
-8838
5490
4670
6985
-9996
-1240
6693
-3964
9679
2377
4038
9948
776
-9594
4591
8140
-7388
-4194
803
-5543
-3761
3293
2617
-5364
-1049
-4124
-1074
5360
-6742
7642
8010
2087
-6638
-1832
-2533
-6328
-9687
1479
2995
-4978
8700
-8924
-9814
-5604
4892
8854
-8214
-1681
8294
-8040
941
-1562
1584
-6186
7043
-3405
5859
5909
2398
1395
4283
-3580
-9108
-2206
-8453
318
3503
2091
-2696
8254
5968
-3374
-6432
6044
-8075
-5297
7084
304
9922
-2064
-6339
-6405
3621
5290
3197
4734
1042
4584
8944
-6533
4449
3576
-3778
-3493
-5398
-3758
-5037
-19
-7646
3661
2534
-5398
4504
-5544
977
9914
2193
-748
-534
9826
-5737
6146
4151
5989
5368
-9093
-5513
-5101
-9998
-9608
7998
-3276
4519
5915
-2527
-9584
-7006
2390
-6656
-3371
4138
1354
-259
5313
7854
-7141
7420
-9306
1889
-1876
-257
-5979
4166
1484
-5385
-9207
7845
-5210
2148
8414
-3695
8534
-2662
8610
8386
8131
-7737
-1207
6838
-9242
8525
-2347
3798
7661
-9411
6886
-3687
-1963
7545
1397
3538
2848
9337
373
-1930
9860
-9899
-8867
7348
2147
789
5571
-4124
3807
-7611
1092
7371
2038
4558
-6356
9628
7154
2213
-5408
8848
1317
3100
-8188
-9850
-6508
4625
-6969
-1681
4617
5759
-7704
-3325
1692
-8648
9216
3604
954
7224
813
1350
5982
-4917
-6034
7889
4926
1123
-8771
919
290
2897
478
-2742
8392
278
6542
7465
736
6782
150
2227
184
-4897
6337
9318
8388
-7622
-3620
3091
-4407
7475
3525
5130
-4668
9288
9343
9739
2926
5131
-2102
-6494
-3481
2756
5207
9678
-1982
4086
-9610
3060
7351
3724
7372
6672
-564
4139
-1893
3918
2623
7916
4053
-6321
-8903
-6965
-5487
-1311
-612
730
-9465
-4927
8418
9275
8981
-7531
-7000
-1903
-1788
7079
6501
-2380
2328
3049
-4639
-7861
4048
6522
-4555
-700
-3563
-7511
8656
9301
-4750
-4835
-2134
4981
5684
9722
1264
2961
1287
1334
-3386
-1926
9080
-5398
-7361
-4077
-1495
6687
772
1119
2979
-2741
7498
-7034
-3020
3231
-5782
4654
-1354
-2362
908
-3818
5820
9665
-5040
2899
-4756
-1472
-2230
-1561
-9805
-4750
5858
-3492
8969
-7137
9224
-4059
-5950
-5514
5374
-4328
-6227
-6242
7604
-3856
1153
-5530
2423
1785
8911
8928
-9296
4475
-4370
8314
8811
-2128
-5907
9658
8910
7162
-5818
-9774
8922
1370
-4163
-8266
1295
8935
2370
3950
-5492
-5258
7877
-3739
-3584
5562
-6443
-5899
6
687
-1706
4542
4030
7326
-8295
-452
3772
-2918
-3254
-847
5294
-8417
-9939
-2408
556
1076
-4899
2237
-3834
-7833
-526
8505
4670
8590
3376
2169
-1576
-1982
5880
-6630
-4587
-1038
3233
-4546
4020
8671
-1519
-3292
-5628
-4832
375
8925
3025
-1995
-8008
-1247
-4017
2165
8690
5219
-6595
-8927
-818
-8739
4747
6579
8521
-9059
8680
-390
-6536
-1442
4045
-6729
8549
-2085
-1757
8243
4104
-192
1931
-953
-5484
9651
4071
-5805
-6345
8155
-8328
9757
293
2874
5372
-8498
-7542
-7618
-8149
3562
9419
9406
-5043
-3377
-3255
4656
-7070
4261
-4117
6711
8691
-7813
-4741
-2005
-6068
9801
-5111
3711
1956
8317
-6901
3828
6702
9312
-3582
639
5423
1334
8000
-8273
2057
-8922
-340
-3677
8789
9002
497
-8481
8998
4785
-3508
9701
1206
-9231
-4717
3924
-1493
-8998
1363
-5932
-751
-7316
5302
703
-8937
2276
-3267
-1348
-8039
-3082
-9138
-4573
5501
3405
-5442
5709
-1550
-8157
7120
-8229
8431
8257
-8481
-2847
4709
8118
-8381
-1054
-8716
-3852
-2657
1704
-7293
-6764
-5357
3188
-8455
8123
5386
-3445
-6522
-6261
-3437
-157
-4836
-9258
-8054
-8669
-6471
2825
7860
-1881
-6224
-4325
5152
9606
-3670
-2774
6756
-1974
-3991
-2869
-2448
4885
-4487
-75
-907
-3236
2998
-7722
-7530
-1142
-9998
3891
-954
-5894
-3701
4408
3699
3510
8115
-637
-2386
-5951
-5534
-6892
-7773
-5487
-4260
5530
8606
8646
6190
-2142
4507
8838
-7906
-200
3946
-7532
-2667
3399
5384
-6092
-7998
-3107
8367
-247
1261
-7461
-1811
-2435
-3702
6703
4613
-452
-9316
-228
9220
151
4318
5019
-4780
-4634
-8725
3
9091
-8349
-3905
5610
5104
3171
-5461
4410
-3712
545
-7448
6620
-6851
4182
3816
3082
4217
-5994
6347
-1171
-4131
-2789
-66
4592
3236
4974
-2095
-4354
-860
-4386
9043
5581
3175
341
3866
3421
-7024
-2488
-4562
-8807
624
-6081
-3673
9851
7073
5661
-2757
-2890
2669
-9697
-875
2449
5605
-9859
5675
9252
-3614
-8387
-1892
6187
-6502
1936
7984
-6188
-9261
-9368
-9805
3992
2105
-7660
9311
3542
-5201
-9849
5521
-5411
-6346
-6258
6513
-2548
4045
644
-6087
7773
3069
9714
-5248
-9218
-4280
6111
-6066
-5294
-6850
-8591
1330
701
2506
-1394
-1448
5149
-2693
-9336
9507
190
-5147
1863
-8453
7422
-3794
3544
-3742
2750
-7103
6302
3965
-9328
113
-3648
-5098
7880
4435
3785
-1585
-5978
2455
-4156
-1928
-1412
-8703
5036
6780
-9686
-258
2270
-4838
-5175
-6094
6789
76
2850
6358
1551
-5992
1648
-6815
1552
-4804
8874
-4712
-4182
-1552
-4062
-4527
-4098
-7538
7515
9964
172
-1809
-7253
-1115
-2583
1774
-7308
8420
-2800
600
-8083
-4979
-1465
1049
-1264
-6140
569
-1457
4815
-5923
-5987
-3799
9604
2225
8029
5023
-292
-9834
5857
6484
-9830
-8618
-6799
-7878
-6032
-6198
5270
-3453
7311
7508
-1184
4736
-6035
-4012
6442
9604
-5763
-179
2480
5363
-7777
3926
-6905
-6201
-219
-762
-703
9813
-3789
1078
5652
-7428
1770
8507
1096
-5668
-2594
5957
4966
-2858
-6051
-1931
-9872
2895
-8935
-8621
-7485
-6318
-9385
-3251
2144
-6110
-8939
-3028
9986
-1676
384
1565
-9248
-3242
1842
-1483
4901
1142
-1845
68
-341
-72
-4522
2550
4410
-748
-7132
6352
-4498
577
6052
-9816
-4904
8121
6107
6229
-8388
-4822
1620
5280
5758
902
-2460
7030
6453
6917
2382
8134
-8775
8658
-9386
5430
-6137
-4557
-3326
2780
5150
3933
-8014
2948
7874
-3391
-8985
4452
-4696
-3634
-5407
3018
2466
1886
-9016
8880
2303
-1712
-9752
-9939
-7173
-3266
-6568
-1894
2163
7519
-1828
9883
-8313
-4065
1741
332
178
4342
-7345
1111
9859
-6893
-8137
-5796
4148
-6394
-5020
4772
-5987
5467
2713
-1567
-9827
-1713
-5939
8299
9969
2176
-4833
6741
9251
-82
2531
8475
9802
-4024
-1645
1776
-6090
-8600
8825
-2774
3490
-7306
7811
4632
8685
-8305
-1395
1267
4411
7808
3599
-9345
-3754
-2322
2653
3860
-716
5827
3088
2041
-7657
-9807
7877
6754
-4048
6524
-1893
2396
4738
7169
2049
3840
-5543
-7626
1119
4075
4527
7872
6513
1494
-7729
6437
-5737
-8766
5827
8911
5668
-220
-7966
-5163
-6687
-904
6056
-7413
7378
-2792
9841
-7225
471
4077
6404
7802
1507
1650
-9873
5916
2404
-8128
693
1327
1658
9041
3544
8666
-5493
-5529
-4023
2040
-3507
-4091
-7754
3200
8966
-5899
-5040
4600
3354
-8845
-9676
-6081
4334
3075
-3071
-1219
1242
1599
5674
-7488
-180
-972
-4534
3837
-2680
-1141
-4494
-836
1963
9469
-4061
9278
6332
-7445
3116
5949
-7349
-7107
3688
-6826
-2553
6689
-9389
8083
4699
7055
-5277
-6044
2746
-8031
8053
6653
-7220
1269
6406
-2895
-4774
6719
9459
7328
-7340
-3674
83
-8451
8646
2637
-2305
4835
-6978
-1031
-4440
-4043
4609
5410
-6196
-1284
8388
389
8563
6317
-822
-6299
-1065
-409
-5233
-2513
3968
-5988
-2593
-9330
-5898
-2759
4602
7179
-6087
4059
4116
780
2281
-1918
1817
-1875
7132
1686
4748
7674
-8583
4034
-8266
1836
3475
1649
-6396
5591
-5218
-8681
-208
-7487
8197
6567
-2226
8690
2918
-9244
-5243
6320
1941
-393
-1770
-3704
8536
5131
2089
6465
-4708
6939
4422
3108
1530
-7784
-3714
5085
2240
7994
6069
-105
-1951
-5708
-4856
-3243
8389
2543
4018
1685
6437
854
9643
7244
4823
4427
-5940
-576
5111
8031
2953
-1448
-2820
-5871
-3969
-5503
-7641
-1910
3522
-9107
7795
1155
-6002
1561
1028
4980
-599
9240
-5433
5672
-6734
-3143
677
8529
2859
-3701
7096
6642
-659
-9657
8057
5813
293
-7820
2583
-4363
4783
-6338
5019
1256
-9110
-7648
-2307
8616
-2197
7045
-4101
-9609
3644
-7039
-1591
-5106
-4764
3383
1295
-4036
1316
-197
5190
7297
-2806
-3726
8975
-7053
-9070
-1526
-9544
-8679
-5312
-156
-3295
-4899
-4723
9010
3052
-5529
319
2181
7031
-5556
-2019
9097
-3256
-6931
-746
5753
-8409
1014
-1455
-6703
3762
-8592
2143
-5840
6452
1613
4826
1211
-7933
826
-7056
-714
-4160
-6643
-1222
-5109
-2183
-9211
-7962
8280
-2157
-1294
9673
-2427
-843
-6039
-892
7109
4749
9585
-2351
6328
-9926
-6930
-8394
393
-1235
-9642
686
-4160
-1995
4400
1323
-7034
-9007
8491
3191
-6106
-1390
-2025
-9539
-2076
-6097
9953
9025
-2979
-82
-5262
1261
6564
5841
-1284
-1753
-4404
6652
9050
-2527
-9944
8119
1800
5700
-7776
-8567
-6530
-9779
2139
7034
735
1056
5013
2420
-8029
1660
4727
-1063
3834
6989
3654
7136
-2017
-5051
9863
6941
6173
8717
-9502
4303
-6557
4139
-8175
6350
-3027
2368
-7899
-2253
8195
7961
441
-7892
8343
66
952
-8401
1408
8570
-2596
8111
6543
-3467
-5354
-8563
5585
6897
9558
-9143
6652
722
9851
-4197
1830
-3700
168
-4731
-6238
-767
-9986
3068
6871
6179
-7718
6041
-6232
6633
6131
6300
-5711
3256
-4279
-2532
4182
4925
6344
8904
3045
-5520
2232
838
3604
-3867
5236
2627
3447
3873
-1501
5691
-7088
-4740
4383
2776
-7954
2976
3036
-9478
5930
7942
-4605
7164
331
-9476
-6120
-223
1193
9985
-1755
3415
-2791
8198
8195
5170
-5638
-7587
-949
-1225
-3590
1921
5135
-8500
-4977
2006
-4114
1921
-5798
-1247
5985
3434
461
6069
-1991
-4726
9283
7133
-4593
-2668
-5682
4196
4210
8736
5113
-895
2135
2504
4983
8515
6161
423
7831
-7578
-5045
-2853
-8207
9779
-6296
1466
4993
-8807
3077
1492
2911
9606
-5479
-4043
6556
3707
-9462
-7474
-6891
7371
460
-5549
1137
8526
2323
2938
-9857
-4379
-4968
8491
-3760
-3776
8343
9340
-988
-6370
868
-2971
3542
5885
3488
-5695
5085
-7061
561
-4345
-4501
-5052
-5111
-8564
-7757
2828
-1755
-3760
-5001
9799
-9122
-7549
-9640
2441
-6116
4171
-8954
-3664
-3687
8755
2159
287
9415
-4295
1492
3696
7908
4722
-3990
8365
5601
7426
1595
-7895
1562
-3535
3184
-8919
9150
-6844
-8216
7915
3643
7494
5728
3760
-6920
-8336
4734
-988
4321
-1221
-2314
9767
-6672
-801
-1750
9868
-662
9163
-490
2663
8708
-8397
8333
-4827
-3720
-8782
3868
-7898
682
4201
-6731
4311
-2087
-4050
-3733
1982
-6327
-1021
-7892
7068
-7333
1063
-8132
737
3280
-940
-7092
-8837
3154
9248
4987
7779
1794
6009
-4054
-6100
1754
-1626
4864
-519
831
-1768
-1306
3743
-5196
4338
-8264
2831
-2754
-44
4142
-9970
-4838
709
-9237
-2323
8317
8247
-5097
-1161
1300
-9930
-1312
749
4098
-9832
716
5662
784
6806
2891
-6618
6486
-7160
4876
4131
3176
7918
-8857
1667
-1187
-235
3216
-9803
8532
9859
-1990
9480
-3288
-568
-7611
-6190
9541
-9262
5761
8904
8817
2295
828
-5850
5948
4534
230
122
-3170
-7021
-7627
-853
562
4084
-7735
129
1397
-187
11
5120
3638
3114
8077
6323
-3849
-4369
4514
87
3186
5275
4038
-2822
1787
5813
4364
3413
-3712
4610
5168
-6519
168
-8740
-3654
5961
9926
-4799
-8376
-7179
-358
-2568
1401
-3647
-4302
2441
3571
4714
1839
1770
-5902
-2468
2679
-8417
631
2792
-5464
-7334
-1255
-6103
-1018
-2595
6634
8480
3874
-9610
-9435
9584
-6282
2221
61
-3859
379
-2225
-2324
8487
-3190
-3534
1817
-5302
2158
-8111
-6649
-5183
5778
-1767
5041
-8554
-5578
-7395
-8740
-8286
6198
9499
1624
-4955
8404
8930
1573
9271
-8822
80
710
-9210
-3932
-7803
-9138
-6859
-78
-1420
-7490
1665
7344
-3629
-3267
-6873
-7712
-4154
-8231
7372
8927
-113
3210
9254
-9224
8533
2384
-431
7387
-6279
-8926
2959
-1567
1762
-7907
7831
5305
-9490
6579
-2804
6454
7525
9899
-8973
9921
459
9898
-1063
8723
5093
99
-604
-7959
-2397
4151
876
-1875
-1073
-3078
1407
2747
-239
2083
-2640
833
-2913
-6519
-6195
8984
-4891
6462
8338
-6021
-6247
7792
5645
1596
-6470
-4812
-6742
-2483
366
-1661
3221
5415
-3359
-4939
4475
-4423
3163
-8206
544
-9516
-1541
-561
-5221
-7361
-6685
7652
-700
5075
-6983
-800
-6223
-959
-5895
3611
-1112
-2716
496
2378
6488
5469
6485
-8180
3008
7671
-1300
226
1705
-6156
-6262
3665
-6028
-4718
-4399
-5892
-7470
-943
1721
-4063
5695
-7836
6048
-3853
775
-1135
-8217
3129
2965
6541
-8511
4748
2621
-2573
352
-9805
9624
-6806
5460
4914
519
-4876
2885
4075
-7371
-4654
-9924
-6140
-2972
-7524
6952
-6743
6431
-6066
-9114
8885
9392
-7844
577
160
5247
8968
-9247
-2197
-8411
-529
-8804
-7265
-7454
-5346
9515
1833
-1453
6898
-2353
1394
6793
-7111
-6729
-4145
-4327
5475
847
4408
2264
2112
-4942
-6064
7331
581
4963
-592
4217
-4693
9880
9466
-5894
-5148
1409
8991
-9846
-7017
-3422
-1014
-5000
203
-4358
-4176
-1169
4610
-2680
5685
-4276
5024
-5120
8151
-3420
10
425
-8263
6317
-1282
7841
-141
5007
-7742
6652
9566
-2657
7172
-9395
9375
1925
6508
9343
-8758
6001
-457
-5027
6789
3457
7839
-5098
-2055
2799
313
4905
-7611
-1298
6084
3077
3332
-8834
7765
-1880
2112
7561
6239
-2439
-7636
7202
-2639
-1763
-3176
1364
9983
-792
395
417
7836
-1064
-9612
2422
2135
9345
5002
8610
9318
5664
-3787
6835
-8122
-8549
-1204
-2751
-4631
2510
1240
6916
3171
341
5918
9318
-5290
5896
6573
4245
2915
-6848
4750
-4259
8060
6994
4476
-672
2743
-4990
2848
-235
-3085
-4299
-6335
3676
-2386
-8760
-2049
2709
-7896
-2888
-5716
-2576
9255
-9332
-3045
9383
-3060
1695
3845
3213
-3919
8814
8990
-2614
-301
-5626
-6912
744
8389
-3668
556
783
-4742
-5504
-3926
-3401
-2963
9689
-7839
-1740
-360
-6288
-2669
9987
-8187
-3807
-3172
-114
-7946
6150
-9290
2001
-7071
3990
-6782
8090
-9908
3012
2017
3371
-9604
-6001
7047
-1156
-415
-2645
-3808
6507
-2091
-5542
-7271
9449
-1425
-2769
9808
-4736
8
-3062
7804
1699
-2972
4355
-1611
-3716
3073
-7616
4989
8032
6487
-795
-4936
-9238
-1245
-5787
5501
-9352
-8633
-3023
5173
-597
3079
-7505
-41
-6993
-2885
5802
-3002
-5388
-307
6135
-2891
-2926
-1587
-8921
4753
5264
-1023
-6304
6889
4891
-3744
-9587
3032
-7822
5121
4950
4321
-4385
7986
-6109
-1359
2631
-2053
420
4924
4153
3507
1511
-3651
-5178
-6512
2570
9627
-8191
8799
-7954
-3560
7505
-8310
2985
-3957
1452
4963
-9326
5644
2192
9106
7260
5414
-7974
-8481
982
-3958
-8570
-9845
-5164
-9583
5990
-7424
-4457
-4697
-8481
7588
-5032
8396
8508
-2252
-8568
-330
-2339
-9566
-9338
-2031
-6200
-3395
5216
2287
9675
-8954
3806
4866
-8521
4777
-3045
7151
-8629
-8317
-4481
6062
-7005
7329
9504
-3258
-7798
8447
-5867
-5871
-7375
4797
3911
9407
-2672
-6396
489
-1115
-9319
9480
-1247
-7383
8190
-1421
-2108
2117
7454
-1456
9400
5704
4567
-5515
1973
-3854
-3427
-1006
4102
-4490
-228
-5189
-6300
6207
6036
-570
-4961
9815
-7534
-8440
3817
2896
128
-4831
-2365
-9070
2710
-9730
-2123
-9331
3176
1967
-8704
-9521
9239
-5675
-7809
4286
-2495
6442
-1878
1074
-1023
4332
9547
3367
440
3903
5050
5091
-2036
-349
9355
-295
4866
-9183
4156
7219
5225
4893
5388
-7843
-6397
2388
3447
-2791
-5783
-6926
-637
1141
6880
-5320
-8358
-6605
4892
-5301
-7812
-3937
2768
9234
6109
-4295
156
-6378
-5386
8170
1634
4907
3092
3911
8668
-7894
3552
-9199
-5465
-2234
-6346
7569
4581
8042
-367
3406
1819
3892
-4755
-3738
-536
1464
-6845
-7280
7490
-3232
-3639
-6306
-6026
-5906
8684
2515
-1429
-2110
6454
3790
4862
-9694
9185
-8318
9158
-1509
-1980
-3138
3904
-2258
-2872
-7209
8952
-4332
-1138
-7196
-3006
-392
1169
-2602
-1821
8532
-1032
1170
-6798
1250
-8167
-5722
4447
-7743
2258
-261
-3179
1051
-2694
4895
3504
-3975
3582
-8653
3778
-2253
5988
-6962
-6913
-3809
-9699
-8656
-9623
-6947
1193
9730
3652
4046
1772
1856
-1055
6427
3326
1589
195
-3922
-1234
8353
-7111
5350
328
4579
-7756
8104
-2623
3443
-2680
-3476
8800
5093
-5937
2776
-4615
4031
-1910
8911
5687
183
9868
3887
-9818
-7344
-353
9821
4219
-4316
7945
-3802
-867
3066
8574
8612
-73
-8361
7328
9292
4564
7965
-7772
3126
910
-6796
-7502
4021
-1189
9325
7343
4163
2232
-5093
-7630
-1944
-2036
-2931
2347
9528
-7239
4289
-5817
-696
-1995
-5691
-1366
4974
-1405
-9496
-1943
-8162
9576
-3691
5202
9112
-1692
-1832
6726
-5935
9096
-4734
5964
5138
-8059
-3813
-2655
-8936
6036
254
-222
-2312
6013
-2924
-5904
1578
-4901
-8241
-5106
-239
4216
-4982
-1512
1060
364
9241
-156
9427
-1813
-9139
-1905
-4140
9385
7433
-246
-9
-3131
-7595
7743
-8006
-2462
8846
-128
-4974
4473
-9367
-8575
9882
-9028
-9662
-1066
-9031
-143
-7693
-8979
-1265
-450
-7634
8270
5304
-6005
8286
-6398
5147
3355
-9366
-5720
-4525
2651
-8501
1711
7815
-6455
7512
3085
-7700
9500
3592
-3913
-7109
5213
2988
-6650
-8439
-9507
5976
8423
4260
-4740
5033
-7226
-6563
-9041
-9935
-9521
-6914
1592
7265
4869
-1991
-6734
8356
4066
3586
-7425
8303
7915
72
1273
-229
4586
5283
-8770
8267
9485
2252
5291
6185
6374
1465
842
9829
-1912
-9879
6092
-6397
-456
3931
-7128
-2921
-8409
-6476
-2902
229
6911
-7174
-2062
8797
-8438
-4268
-4681
494
-7031
1024
8097
4987
7368
-4414
-8848
-8192
-1843
6526
6698
-5635
-5823
-7046
-5194
4961
5568
-8458
5997
-2676
8751
-6000
8721
-5379
2840
-8065
6378
8715
-3411
7553
-6731
5552
5539
6147
-7711
-7188
-8247
8410
7450
-9880
-6926
8184
8804
-9294
9339
-6085
9126
-5803
-5501
-7355
-7381
-1488
-6277
7802
5956
4549
6294
3488
7397
-7593
-7000
1106
-4037
8032
9880
9059
-7641
5679
7376
-7585
-8545
9601
-2823
7843
7305
5309
-6408
656
1238
8997
-7198
-9174
-9829
8519
8337
-1921
-5871
-6307
-5851
8667
-6291
1293
368
-3155
-7982
-3028
-1178
-1670
-2499
5899
9458
-6583
2688
9287
4763
8821
-3759
-5417
-9326
-5550
-5214
-3378
9060
-6181
-7531
9997
-4674
8091
-6064
5173
-9052
-8615
9655
8513
8986
1488
-2093
-2387
3185
9605
6083
-955
4237
-5540
9320
-2782
-5267
381
-715
2531
-2559
-654
9578
-6080
8636
5476
9114
6277
5632
-4065
6641
-1106
-9427
5860
-7364
4145
2565
4957
6214
-3780
-7006
-9499
8881
7744
1908
-608
3152
7364
-6099
4141
7354
9706
-2294
-8669
-5813
-6124
-7476
5277
5720
-8388
-5637
-8621
4053
-4922
-9957
-7786
1242
-5051
-8083
7697
1202
-1545
2763
-2105
8490
-2245
2043
-7090
-3616
6147
-2648
8505
6944
-4145
-6298
-1136
-656
6977
8214
-681
1102
728
-8131
6431
-3290
8962
4936
1797
6220
-5840
-9143
8475
556
-1260
-2659
1749
4934
3652
-8394
8035
1749
5932
2190
2632
8277
-6341
8313
4341
9949
-271
-6172
-797
9731
-752
7453
-9199
-5892
-4398
-2244
7790
-6248
9778
-3588
-3035
-8305
-9671
-8222
-7411
8308
1007
8495
178
-677
8598
-7238
6711
6931
2293
4578
5600
2588
-9052
-4925
7612
9134
6055
-2737
-9561
-8369
3478
8028
2390
5992
-9553
-6393
3108
-1918
3675
2696
-3702
2399
8728
-5764
-4774
2496
981
8989
3029
6821
2379
5351
5643
764
8590
3660
3613
2699
-5221
9250
-8498
8486
2819
-2496
8084
-9704
8070
8791
-2870
6562
5734
6237
5446
-5390
5765
-6210
7235
-3724
7725
5687
5221
7334
-1307
4607
-699
4794
5927
9753
419
9386
-5294
-1986
-5620
4223
536
9125
-9220
1285
-8827
-5242
77
-7720
2690
5359
1724
6697
5165
69
2163
-5585
-426
-8614
7525
1765
-9021
9942
-2894
-2585
2761
257
-1899
-7554
-8616
-9987
-4865
5567
-5429
-9042
-7214
2515
-5653
2544
9361
-5435
-8140
6243
6828
633
-5709
-2925
150
-4845
-478
7816
5703
-3822
704
-179
7295
-3431
-8092
5236
6847
6469
3473
-4466
-645
7257
-9412
4173
3755
-5026
5460
9429
7618
7783
-5434
-3166
1260
-7991
-872
-8869
-1237
-6497
6973
-2598
7380
-729
3139
4660
-5834
-619
-7170
9349
-9972
4956
-5194
6201
-9989
9255
-2631
-6291
787
-4780
2919
1230
7035
-9518
-1009
5258
7846
878
9646
9466
3755
-3272
-1124
1435
9487
9507
-5525
8697
-3976
-3907
3991
-8891
-3028
-9318
3049
-9892
-6439
-5369
-9873
-3787
4024
391
-6370
-9225
5316
3003
1894
6999
3704
-3620
-1760
-8571
-598
2658
-9753
787
-9955
2264
-4698
8096
1606
-9139
-133
-386
-8540
5574
-4459
-317
9989
-4553
2772
8489
7328
8642
-6653
3443
5942
-1661
1503
4967
-7256
-2052
4857
1933
4743
-2131
-1464
3392
7838
-6626
-7879
-9891
-713
-9613
-8151
-4808
-8683
-7928
-8268
-4197
-8729
2370
-897
-499
670
-9713
-878
-8462
1967
5831
-6430
8056
8522
-8974
8334
-5835
-1692
-2460
752
-3557
6107
5210
-1479
-3107
-8665
6780
5849
-5498
-8984
3454
6359
6731
5009
-9161
8043
-1249
-8676
6235
-7363
-8399
-1711
-9494
8223
-138
-8501
-4422
9997
-8443
464
5454
-947
4047
-1679
3323
5240
-1396
-6110
-2864
-1174
-8846
6258
4845
3729
-4627
8774
1670
4837
9245
-9277
7941
-5067
9370
-8632
1898
-7581
-4151
-1397
-7213
8643
-6196
-2126
-2180
1573
-1979
-9790
-998
-1404
-7793
-6010
-5182
-3233
4507
2200
63
2310
3684
3303
3736
6565
-5858
1309
571
8111
-9490
3257
-1614
9283
6036
2717
-2103
1117
-2020
-3420
312
1936
-867
8741
-5510
-3637
276
-1906
2709
2346
7305
-8242
-7203
4808
4074
-4893
5315
-9107
9594
2634
1070
-2630
458
-7240
128
-637
-3142
-9858
-206
-8078
5823
9340
-7274
1289
-9952
-5635
3530
-8975
3761
8358
1658
6948
-4278
3198
5741
-4565
-6270
8539
7521
9666
5826
-4720
-4764
4421
-4264
-3020
-567
9291
7953
9184
1783
-4458
-5010
1333
-7115
1176
-5367
9654
-4513
2231
6513
-48
1958
2337
4252
7949
5456
8793
-9597
5964
2783
-4939
-9154
-8945
-5680
3378
-3149
5991
7017
-875
3205
-8039
-1846
-3761
1592
-5069
8979
4739
4902
-1114
8850
-611
2552
-2596
-1438
1767
9977
7683
-5529
-2725
-9235
-5946
8306
-4618
1042
4066
-4438
-5155
268
-1989
-282
-4023
5232
-3063
9997
7374
9072
-9796
9157
-7911
-2024
84
6256
1031
1477
9010
6248
-279
-6274
-3724
7701
-6806
-3099
-3720
-4552
-3476
4921
5284
6109
-2965
-9410
69
-807
2927
9352
5509
-1229
-1415
453
8580
2894
-367
-3288
3277
-7186
-6871
-60
819
8625
-9299
1113
8421
-5586
7142
-2704
-6180
4707
-8039
4411
-6597
-1188
-5430
-6743
2842
6556
-3438
-934
-2698
1593
672
4693
2807
-1172
3017
-2108
5585
8420
9098
-9626
-430
5604
275
1519
-8244
-1184
7184
7329
1809
-4220
2896
-9318
4855
-2061
-6263
9180
863
8206
-5579
3244
-2882
-2032
9787
-1402
-7118
-7184
1526
2598
1413
9219
9668
1787
9756
-4505
-9798
-5635
4292
-8366
5420
-376
-2792
-780
-2937
-1060
4882
-3267
-9151
-1197
1970
-8385
-2611
-9343
6566
-572
9565
-6725
8899
9963
7913
-7667
2565
7285
-8995
-7143
6370
4682
2401
-1886
-7406
-3594
-8598
-7011
1191
-5706
-7340
2500
-1990
-3510
-6198
1664
7590
-1276
-638
1276
2553
-9234
6536
-7839
-3484
-1144
3788
-9582
-1079
5588
-197
-7800
836
8581
-6417
671
-2721
7123
-7640
7518
949
-607
1088
-5328
8538
6676
8534
-8212
-4553
-8815
2847
-7399
7151
-5486
5170
7729
8065
-1045
-939
-5804
356
-5955
8934
-7159
6451
5333
720
5301
-9441
3652
9167
-5064
-9144
5800
288
6987
-7869
5491
-128
2576
-95
1321
8466
-8339
-2622
6837
4780
-144
-3160
1352
-528
-5117
5129
-6300
-6662
-9513
2946
-6249
-7137
2400
-6776
3139
-1304
4694
9680
9317
-3149
1385
3765
-9970
3702
8837
8985
-5169
6680
-2653
-9133
-9742
-7647
-4886
-2464
-3533
-4835
3317
4354
-2266
4507
-9980
-9914
-114
-9159
-1964
-6757
-2340
-5680
-7533
-7260
-4520
629
-9884
6904
-137
2126
-3805
-2110
-193
7827
-3503
2603
-7673
-2671
8245
7304
-8021
-1461
8160
2490
-3438
-3206
-7703
-2311
-3513
4226
8804
5224
4105
6881
9075
-1289
-1478
-8252
-540
-1823
2749
4358
84
-3540
-1261
-8975
562
8813
1471
9469
-9486
-328
-8328
8360
5198
-3341
9966
-6083
-1661
-559
2342
5533
-4211
8941
-9699
-9267
591
-6020
8776
-3483
-3708
-5220
3477
8751
9059
6340
-175
-2363
-6027
-9687
3859
-6729
8211
-4924
-6805
-2014
969
-1211
9932
5847
7835
-6110
-4643
9803
-7956
6616
-4463
-1066
6444
-1053
-8075
4382
-9332
-2317
9839
-7624
-50
3195
1735
-3803
6611
5002
8615
-2888
4831
2748
5035
-5343
-6198
-3792
5967
-9768
-5090
-2519
2215
6573
-888
7101
-3991
4855
-9787
7638
3938
-6652
5121
-9443
5294
-4524
-5411
8626
7542
-7114
-3412
-178
1138
2635
5729
-9483
6903
1229
-2270
3509
-9351
-6216
717
-3025
7799
-1852
-9809
-2842
-1029
-6904
-3802
-4735
1333
7754
1925
338
2407
-7183
-3893
7006
-1209
-4002
-6070
7855
-5708
7879
687
7847
714
-8298
58
8673
-5999
-3309
5627
2519
3221
1676
-2056
-7726
9750
-8799
46
-9881
1005
-6691
846
-2729
2883
8404
-632
9955
-2949
-8223
-2519
-2252
6564
-8806
-7890
3459
788
8732
-1897
-3453
-6885
1433
6905
993
-7529
3659
-5664
9333
6279
4747
-8854
-5892
9737
-2067
558
9598
-2922
7674
7648
431
-7918
-6615
-4003
-521
-644
1108
203
-565
2014
8140
-4679
2612
-5951
-1486
-5411
9305
-6695
5181
-6909
2647
6315
7093
7491
9142
-6860
-3420
-1601
-6747
-7243
6368
-9681
-765
-8288
716
3113
-8183
4631
9941
7937
-1088
2585
-8920
-9953
6431
-528
1146
-5229
6782
752
6652
5514
6848
5613
-5750
2402
1097
-5429
-4839
-9068
-4088
-4172
-1628
-3545
1221
-8178
-4920
6778
4353
-4496
-1469
9338
-6956
1184
2754
1338
-7898
8340
6806
6497
5567
9456
700
1205
664
-3134
4755
-8211
8482
-8141
5408
-3697
-3410
8806
-3512
-5384
4672
8952
5448
1010
-7569
8002
3763
-7578
9189
-724
-3834
9322
-2091
-1608
4916
7793
2969
-4425
-49
1400
9647
6139
-7663
4589
-1483
-9075
-9711
7062
-1247
221
687
2900
-2330
-9165
-6033
1863
3673
-2248
5146
-3297
-4402
8693
-5318
-3460
3006
-1742
7154
-7513
-8165
-8439
-3023
3688
-1135
-7408
-9783
9489
5995
-9794
1818
-4730
-1150
2327
-9969
-9960
3825
-4444
-9020
9135
-21
5787
6993
6756
-5646
1973
-2140
302
-7273
8950
-3141
-1176
2075
9369
9168
-54
-6639
-6724
-4504
1085
1142
4444
5129
-7088
-4937
-5926
-1932
9984
-6579
2435
-4993
-6743
4441
-600
-9227
-8874
5259
521
9517
5732
2388
-1055
2336
7890
-102
-4049
5203
-89
7052
9405
8634
-3814
-2280
31
-1170
-1263
-6993
-2243
7995
2835
-4386
-7148
2082
-9086
6990
2596
-9454
2893
-5133
-8000
-1558
206
6028
2437
-8409
-7398
-1243
2783
-9615
-4335
-6845
5304
-6889
-3261
7228
-4104
-631
4554
1365
4706
2717
7139
6983
-8236
-6957
-2697
-8985
-6531
1576
-9666
-8548
8514
-2748
-8361
-2703
-9601
-8777
-7766
9374
7996
-6690
3948
-7602
-9002
-292
1760
-2142
6693
3141
-878
7637
-1799
-9947
-5174
-6292
-845
-4991
-7958
4997
2885
-7449
8264
-6159
-6234
-7943
5717
8299
5056
8361
4252
8365
-1620
-7746
6511
9749
-4582
3016
3129
9789
3381
-2250
6541
-4263
-3384
8569
-8418
7979
-3762
-5418
-127
3364
-8595
-7465
-6171
-7196
825
3116
1401
803
-7363
6576
8063
-7696
-8879
6541
-5847
953
8339
-8141
8512
-267
300
8456
-7772
4053
1596
8193
571
2363
407
5845
-2059
-8601
2871
-4161
5538
3293
3125
9473
840
9377
-9641
-6252
4798
1806
-5814
-5355
6822
-1452
-9113
9258
1872
3468
-4198
7877
-7746
5164
-1751
-7379
-1038
5618
-8333
1510
1946
3078
6813
3478
-1081
8116
-8824
-365
2529
-4587
9348
-9658
1446
6377
-8423
-5646
-823
-9463
-8837
2676
-8724
-8629
4538
-521
-9768
-6336
4131
-8951
-9254
-6798
-3072
6949
-2455
5148
3861
-2796
-6191
3564
-6126
2170
3104
2378
-3006
4742
-1113
-7007
-9929
5297
9452
4670
-2482
5379
3367
2604
9136
-8737
-9807
5354
-8674
-5213
-4400
721
8757
3182
4568
-6792
-5216
-6475
-6770
-3833
7120
-9843
3786
-3903
-380
291
5447
534
-7208
6423
8528
9298
-7626
3258
-8169
-5115
-7422
9202
9956
4595
-2060
1341
2368
2858
-1333
-890
1639
8660
-9787
-2800
-1678
4814
2053
-3539
9052
-4915
-4048
-5795
-7099
-6652
3181
264
-254
1701
-9389
-8804
4649
-1010
-4524
-2517
-949
-1023
-8139
-1097
5877
4421
6829
-9157
-9445
-7075
7572
3108
-466
3244
-4910
9899
1908
-5609
7617
-1811
8357
-1171
-9556
3629
9479
-5722
9410
7741
8667
397
2526
-8286
6780
-981
2452
5997
-7746
1514
-2926
7769
6944
-5279
9839
5510
-8705
4046
-7233
-1132
-1128
-4749
4684
146
3692
86
-6729
-9181
-2994
5344
199
-4595
8782
3865
-7085
1562
7659
-7981
-3587
3092
6874
1746
9733
679
-7300
691
-8709
-3153
-5884
-8762
7126
8367
1846
-7020
5565
555
6225
-9412
6238
1107
7192
-8204
-2216
7142
67
9438
-3512
-4595
3086
8927
2743
975
-3783
-9900
-5123
9490
9607
-539
-9986
-49
-2678
-8139
-7639
-3706
6342
-9247
1739
3993
-5034
-1142
1239
4953
-4357
-559
-6625
8664
-9698
1599
7013
-6195
-2276
9246
6775
-8577
1223
-6593
2517
-6367
-9418
-9009
3869
-4182
547
-5052
1907
7402
2240
2231
-6769
9110
-4232
6838
9826
7506
-4741
7174
-3273
9874
6753
-3906
1901
-4303
-4927
-4053
115
-4625
-9156
-1530
-3294
-5829
-2045
5638
-5398
-7298
-2318
-6655
-5259
-5846
-7438
8961
-8650
-5573
-2469
1529
9361
6978
-7144
6102
-3791
2764
2212
1283
-2949
-8283
4719
-8415
6770
-8386
-1524
1582
1325
1637
6527
53
5141
-6944
-2472
-3216
-8929
-7279
2115
-6572
1480
-4907
-9890
-3886
5724
-6023
-618
451
3002
-3295
1636
-4948
-9913
4181
9715
-1953
6334
696
6825
-2613
3774
-1761
7376
2955
8665
-8121
876
8575
-8607
-3902
8133
2240
-8139
49
2258
-7227
-6704
6449
-5568
-103
-2902
-7282
-9428
-2351
-1542
-1906
-8376
9062
-3791
-3457
9698
4787
6141
4097
4563
-6967
-3410
1503
8684
4765
-950
-9499
8644
1907
6415
-1838
-5204
3872
-9798
-2924
9238
-4037
-9441
6274
-4521
6124
-6395
3324
4687
6695
-3079
-4445
9247
2680
6445
2833
-118
-7883
-8498
9722
-4965
1722
2227
121
3320
-2875
-5930
534
-5970
-2609
-2032
6206
-7463
-8854
-965
9794
-321
-7930
-1897
-5666
1365
-6299
-4915
839
9718
8635
-1269
6702
-8708
-440
6808
849
6422
6281
3464
3475
-1248
8190
-8561
-5946
-8947
2394
-4712
534
-2394
-8638
-6610
1031
-9604
-9715
3315
8315
7484
9644
2921
-1185
7961
-6397
-3155
8353
-9162
2978
2528
-5085
2633
3415
7753
2666
-7525
6930
6985
4837
-274
3309
-3718
-3664
3251
5296
-3561
-6774
-4158
-4481
-2251
3067
2980
-5339
-6579
-1889
8228
-6533
835
6165
-7342
-6316
-9989
3865
1316
6926
-6994
5248
2562
-950
8100
1417
-6451
-9024
7558
3853
-6081
-2954
5117
-3172
3715
-7446
-750
-7829
-6712
-6419
5357
860
756
-1476
1827
-1520
-1668
-8602
5834
-8105
-9672
-9802
-7745
8744
-4931
-6096
-7830
7920
-5425
-1968
880
3113
9510
-477
-9444
-7368
796
-5062
3142
2231
845
6090
-4903
-9034
7644
948
1109
8542
-2140
33
4526
-5031
3687
-5191
-1982
-4582
-5220
8103
-2848
7709
8901
152
-7430
1077
-3320
7735
9260
4531
-660
8214
-2587
-2213
6613
4609
-1115
-190
82
-6533
736
-5560
9425
4720
3678
-9142
-2257
-3219
-2222
946
2421
-8452
1274
-957
-8415
-4511
2723
-4266
-949
-9221
4849
6877
-8424
9739
3623
4871
9781
-5631
-1896
-5948
-4546
4246
5575
512
-5298
-4252
-4488
-54
-2185
2338
9836
1448
4350
3702
-5830
8807
6088
-5888
1940
-8319
-1353
-7498
-3501
-116
-9323
8952
-9915
-7782
-5458
1786
366
-9718
7700
822
-881
-5609
4289
4879
-8360
82
7023
-1293
8845
-555
-73
-5284
4728
7768
-9402
5399
950
-9189
-6666
8204
-1539
-5379
-3879
2083
8648
9298
-1006
-2668
-8647
7120
2817
4024
8462
-382
-5006
8980
9040
1402
-9895
-2072
-6765
-14
8720
4083
-2932
8883
-9000
4854
7546
-6481
3167
-7108
849
-9324
-2507
8853
-6367
-9221
-2951
8798
9921
7530
-2905
7168
1756
7120
-8508
4061
3564
-7823
8752
4230
9657
1903
6506
9738
7355
-2365
2424
8634
-6259
8540
-7146
-3847
4954
1200
6204
-7147
-3302
-2229
8674
-9398
-3366
-1364
9727
2285
735
-8673
-2626
-1560
6768
-5050
2701
-8970
3378
-2404
4722
-4463
7584
9988
8408
-5863
5287
7518
-1659
1375
-5440
2637
-9126
1070
5183
5065
-3739
-1757
7447
-5158
4049
-2885
7411
7891
-8512
2163
-3097
-4916
2220
5740
-7623
3147
149
-171
638
2533
-8384
-8544
-8230
-234
2220
4841
3047
9228
2530
-7015
8595
-8410
-4147
4296
5387
-7334
2505
5543
3727
8003
-8178
-2034
-3762
2178
-1724
-4258
-8655
-8406
-4990
-6891
1368
5329
-54
-7664
4024
-5120
7173
-9546
-8338
-1696
-1214
-5368
9515
4041
54
-4142
376
-9934
6913
-9554
-7294
-736
-4455
9923
-2312
9801
-4302
-5018
-5553
2585
2866
-9114
334
2826
7412
-7330
8938
3877
-4513
2667
3245
7217
-6717
3789
-1688
6058
-7161
-9932
-6483
3786
-9673
-2408
6725
4047
-6632
-3432
3192
4475
-1076
-3677
-1503
-6835
-374
2411
2362
-3854
-2454
-1856
-232
5723
-7698
-49
3450
-60
-6077
9689
6249
-648
6449
-9693
-288
6207
7640
-9465
9758
-6123
-5452
-1375
4224
960
-5368
7491
-586
9724
-6832
3275
8501
-3057
-1573
4487
7948
5590
6105
2647
-9710
-6161
-775
-7923
-9401
4986
7532
-1393
9536
9623
4392
4945
-4272
9873
9675
8839
5887
2815
1870
-2855
-3817
3822
-8675
-6065
-599
1196
-2801
-430
-4136
1935
-9520
801
514
-7134
-2585
6217
-2673
2235
5023
4691
2353
-103
-3164
2873
-7924
58
-4594
5891
-1370
1026
-5318
1572
84
-77
-8307
8117
7143
-1853
-402
1602
4288
-8505
6581
-2749
8666
-2711
-6718
144
-9173
8017
3256
-3001
6333
-6328
-9508
3008
-7226
-7069
-5798
-9647
8494
3373
-7726
8866
8821
-363
8985
-9843
-2739
-589
-3480
-684
-3120
2402
9825
-1415
-2200
160
-9366
1934
1547
-3411
-2772
3471
645
-5572
6590
32
-9671
-2267
7210
-2762
1745
7099
-917
1450
-5584
-517
-1131
6931
-3114
1962
9551
628
-1270
9541
7252
4021
5674
-7893
560
2421
-3504
-8348
-5720
4023
-8320
-1568
-640
9353
-458
-1749
-4742
2816
2834
4065
4514
6156
-1829
228
-5576
4817
-3833
4326
-6186
-6596
-2866
-6810
6252
9267
-9630
2629
-5063
-4281
7368
762
-501
3790
4720
-1447
365
-7595
3434
-1220
-7938
-1401
-6301
-5969
7166
5521
4536
-7175
4787
-9164
4827
-1319
-2755
-1925
-2412
-6606
3082
-9020
-1836
-6621
-7319
-369
855
9961
3521
-1777
6669
-8385
-3933
3930
8313
9293
4590
-7313
8396
1212
5221
-2166
6735
8442
4801
5386
-1382
5191
9819
-7962
-7600
3574
7446
-6638
143
643
8494
-4737
-2495
-7004
8438
4538
2106
2396
-5108
-5328
-7981
-9173
3112
-2288
-1964
-4206
-3662
5190
5470
3662
1376
-2615
8620
-5694
-6368
-8231
-9565
79
198
3472
-2397
2376
-7863
-6251
7218
-5869
-2325
-9671
-9505
1051
-4892
-9288
1940
1807
-5559
2659
-1359
-9789
-6027
8966
1669
-1900
6904
-4276
7718
6375
-5388
-9192
-3330
-9136
9862
7823
-8916
-5160
-3439
-1291
9953
-4098
2120
-4259
1481
-6488
-8742
1437
-7002
-1382
-4211
-5939
7116
5079
8840
2329
1514
4813
-7021
-364
-14
7990
8206
5423
-5861
9115
8860
4546
5517
342
538
-232
3910
-4729
-4149
-3571
-4693
2061
-4866
-3132
-464
9014
-5504
-5173
-5130
4980
-1554
315
3420
6340
-5895
-9974
3844
9273
3885
815
4368
-3335
-8579
-4087
-9939
9220
7737
-561
132
-5284
-2241
-7977
3615
-9585
-1930
-5697
228
1778
7000
4170
935
-9674
9852
-3803
9873
4716
7195
4706
5200
4970
-6244
1431
3125
8546
-8446
5101
-8591
885
3038
3296
9508
2386
-3443
1283
9749
2342
-1575
1674
-1928
2357
7335
2302
-8652
5148
9598
-9545
-2508
9199
5836
-2451
-1334
640
77
8894
-4205
9050
9833
-1987
-2684
-2758
590
-7601
-775
853
1298
9167
2552
9504
3167
1331
-3904
1394
564
6587
1413
-3475
7721
-4042
-7411
-7484
-4378
175
-1682
131
-9771
7205
7221
1900
3558
2922
8563
-1294
-2652
-4145
-2809
7332
4315
-1616
6221
1853
-1846
-897
-3597
2973
4475
1756
-1214
534
1068
7321
-6100
8412
6437
1175
-5717
2943
-8560
2850
-8897
3726
-7521
2793
6888
2552
-9433
-61
-5637
-9295
-1874
6460
-6978
4605
-1728
-6997
-3423
-9214
2532
5714
-3485
8477
9247
-8117
9059
-7670
-7968
1055
6072
-6755
-4515
-6320
-905
-6788
6576
2849
5542
-9778
6072
3370
5669
-4478
-1798
342
1267
7906
5030
701
-5640
4721
7015
9734
-4278
6036
-4513
-1662
-8115
6724
4213
3324
-8866
6564
-1138
-633
-6685
513
-8695
-8398
4120
3435
-6042
1671
-9907
8735
-4792
-2044
7498
9159
-5482
-5001
-2143
-3960
8107
5312
5377
2432
9015
7431
5836
2260
6739
-1700
4569
626
2454
2479
2328
-3720
1771
8503
-5265
-5922
3730
588
-3703
5181
9991
8658
9436
-7130
-5934
3646
6156
8670
7193
8283
412
2741
3740
-8794
-7913
9300
9101
-290
9069
3156
5714
-816
-3952
8024
8035
-3332
8609
-7956
-1055
-5785
-4205
2306
-6452
-1817
-4463
-8854
-2958
5224
4597
-7939
-3846
3868
3352
3733
3685
-1606
-9588
9403
-6054
9612
-4738
-8948
6845
1643
8765
-6697
3469
-9322
-4185
7669
-1906
-8328
7378
7365
7540
-7259
-7019
9533
2208
6486
7088
-405
-5814
8722
6965
1398
-9326
3058
-2174
1818
1550
-6288
-8144
7897
8574
-4708
-1974
-5617
-749
-5178
2931
9237
3275
-9557
-6846
-8425
-9797
4938
-8691
7526
-1338
-8071
-9396
4879
6805
-9981
-9288
-2971
-6616
3338
-3539
-3865
-1498
-697
3659
6165
-7148
-7774
-9478
2115
8298
-5045
6395
-9435
-5811
-6544
9089
-1544
-6647
4593
6351
-880
3593
3264
4693
-2600
5632
1092
9040
-4863
-4266
7193
-8629
3351
-2603
-7645
-9277
-5459
2407
-1106
-9903
-6280
-3312
5156
-7135
-7748
-6852
-3874
9676
8892
7653
7819
-7435
-830
8126
-7805
-1418
680
3329
3897
5256
-7984
-3205
-643
-5186
-6843
6734
-1606
-9713
8738
-1545
-9598
-6420
3333
-6164
9926
5066
-8572
-1891
-8041
-8070
-1482
-6897
7472
-2635
-7499
-1610
-9386
-5854
-156
676
2522
884
1265
1217
4054
-8965
4502
-7330
-4870
1734
220
-2130
-7778
-5183
-7984
-8993
243
-8897
2987
9950
6260
-1045
5771
6866
8563
6183
2562
9281
7265
4851
-8981
-2542
2164
4121
-50
4985
-9059
-3300
3687
898
9544
6274
5698
273
5450
-1460
-3081
4295
-9669
8701
3252
-3321
9227
-3766
9678
1413
6425
-1164
8650
1573
3293
-4851
4483
2370
9261
-9345
-8794
-1804
-4263
-296
8117
-7449
4199
-1637
-9907
2716
-3557
2077
-9745
4845
3243
2565
5455
6843
-9204
-5085
-2422
-9502
454
3939
-9350
-7991
9656
3900
-510
-7746
7839
7295
-7139
-3253
6246
-5853
1883
-920
2652
-4355
2143
8898
7380
2014
-1396
9580
6269
-253
-1825
-9657
3428
