17110
-9536
5832
-6583
-2607
-2238
-9095
7657
1731
-3845
8590
-9124
-6279
5865
2236
-9628
7679
1291
5047
5434
4829
-3335
9377
9576
-1966
9646
621
1041
9731
-9594
3019
3130
703
-9020
-4268
4929
-9816
-7071
4034
9413
-4283
-1351
3066
-3663
-6999
5689
8937
4020
7917
8171
-8904
672
8882
-7998
-9414
5657
4908
-4456
5757
-4032
312
1314
7101
5163
-9511
6401
-3563
1278
-2797
-7164
4105
-2334
974
-7520
843
9741
-9810
-1545
-4060
-9472
-3420
-3391
-1234
466
-4471
-9679
8530
1839
9469
-1329
910
2338
3708
2680
-1235
2075
41
-8885
-462
-420
-1478
565
-6364
-3508
-6764
-6153
-2347
8627
1730
-7617
4192
3236
-2648
5977
3187
-6258
9702
5158
-2364
-8882
1695
9204
-4444
-9017
-7652
3914
8669
5300
-2405
-457
5412
-7691
-6428
8372
4052
8320
-1391
3250
-9091
-6219
-6120
-8022
3711
-3674
8132
2250
1688
-3698
4496
-212
665
152
2293
1862
-4038
8665
-3327
361
-6692
-9420
-1610
167
-5777
-1571
-5766
-5738
1405
5157
-7638
3450
-8622
4608
4954
31
4669
4544
-5262
-9946
9551
8705
-681
1458
6356
2737
3002
-1024
2482
-8452
-9516
6837
-8777
-7510
-4903
1840
-1274
-3771
2831
-5097
-1100
7424
-8045
-1840
-5544
-2328
6238
-6873
8517
3325
686
-5051
5785
-6112
-4512
8287
-9580
7134
398
-1899
6876
-6071
8294
8505
-4024
-8254
-8586
-1512
-5051
6945
-2362
2135
7287
-6872
-5744
9289
-6445
2028
-7414
-6517
-2552
6359
-2559
8389
-7294
-7385
9491
-6926
4508
5241
-287
4670
4913
399
-8966
-6174
-9233
4801
-6331
7871
-8768
-5125
-9011
-7505
-6625
469
-2689
-5581
-1680
-5207
2815
-4588
-7097
-6064
-9710
9451
9329
-715
-1384
-8767
6401
-971
8735
-2898
4273
1743
-4219
-7822
-2725
-5904
9159
-8966
-8379
1048
743
-9078
9576
-2768
-7668
-8942
8725
-4572
-2949
974
7848
9211
4559
501
-5176
-6868
5250
2705
-4803
8699
2887
7691
-8188
9186
8432
4598
7962
-3761
5989
-2090
-8470
1598
-4366
2280
-2079
-8440
3611
-1648
-1408
-6893
4183
1034
-3666
9770
-7799
9332
-4389
6695
-4595
3770
-9001
5559
-3214
8334
-4310
7181
1251
-4958
6440
1967
3967
133
2990
828
4250
9832
-4454
-3662
3911
-1236
-7181
-9891
2967
3847
2333
3392
-6440
9282
-8275
9987
-8518
6003
2809
-5567
-1452
3096
-5140
1282
-5830
-4101
-7039
-9260
-659
8177
-7140
2904
-3721
4067
-9309
-9078
4534
-7728
-9812
-4424
-7231
-8712
5060
-6421
5549
-3230
-4367
-9362
-3909
2619
7339
3849
-5229
-4461
-2091
1928
-297
-5170
1328
-6490
-9738
-9327
-2543
5556
-5557
5372
-7767
1859
-7388
7252
5385
281
-9921
-4065
4691
-6509
-6639
1407
1948
-3308
8760
-3619
-450
-4179
-58
-6591
-7384
-3126
7804
689
-8626
5343
-289
-7859
-3327
9658
2493
328
327
9161
-2880
-7001
4142
-2907
-2602
-69
-7331
-7286
5734
9867
2745
-6399
7058
-9822
-9103
-9496
-3288
7495
2064
-8334
4247
-8929
1943
-2768
7740
3765
-5601
-841
-8357
-1805
2216
3092
4230
5525
8237
7251
-9237
-2980
-3348
5974
-3031
1862
-6563
-6170
-6824
5556
-6845
1106
5157
1647
-4562
7180
-9522
3564
-5806
4713
1230
-2900
5462
6782
3119
-6731
1695
-2707
-8121
7011
4426
-9924
-8039
4464
-4933
7537
-8405
-1319
6689
-6090
8078
3318
9013
-112
7507
-1247
-9907
-8121
-3238
-4661
-2063
-4951
-876
-2557
-5718
3876
-8386
4136
-3249
4406
-2482
9049
91
-8104
-94
-7186
-2203
5462
-83
-7586
5915
-5436
-271
-9942
-9027
-1920
-8154
-8548
8409
-5700
2357
7647
-8579
-9799
-6488
-8357
5595
-4590
2286
-2502
7244
-7892
-1935
5034
-8232
7376
-6383
-7123
-5601
9197
-9674
3811
3316
5135
5162
5823
5067
6664
6723
-2084
-5433
-9259
4539
-3578
657
8740
-484
-3067
-6026
-9872
1848
2433
2980
-9358
-7755
3896
-3717
8057
3142
8747
2434
-698
-3049
-6522
-7984
4100
-6080
-5659
953
1111
5305
-7436
62
-8649
2847
8916
-662
-714
2877
-6430
4229
962
6397
-1772
8961
2521
1619
-8097
4534
-5019
6869
-979
315
1884
5624
6534
7082
5765
1238
3448
-8068
-4343
8453
-2546
3790
39
5431
8196
-7465
6334
2906
-5646
-1489
9338
-7257
3557
6733
-6526
9275
605
-527
-4139
1296
6777
1458
-9823
-2820
-7010
7935
-322
6479
-7267
-2303
-7791
7375
6298
-789
-8133
-2406
1095
-8167
4877
-5711
-5531
-1372
5474
8344
-1850
-8230
4885
-5869
-8474
5214
993
-2088
-2040
7025
3572
6752
-2659
9343
3519
2535
-2356
-5383
-7911
-3631
-6129
4663
7323
133
-8400
9715
-7284
1037
5249
-5853
-8476
5521
-4066
-5099
-4416
4229
6137
8437
-1371
4112
-6806
2549
-8429
-2622
6137
-1658
84
8192
3121
-4193
-3504
-9771
7564
3308
8501
1380
9492
-9782
4429
-5815
-8462
-5865
-6849
-6749
-4902
-5465
6753
-3657
-8717
-7474
2994
1670
7894
8124
3832
4425
-4966
-4270
9387
5248
4545
9861
2957
4862
-7486
4689
5080
-5720
-2163
7822
-4916
5118
-3888
-8341
-6449
-3318
-2496
1660
-9761
307
6013
7445
-8052
-932
-1555
-7611
-3476
-9629
6798
6409
4593
-3026
4823
-548
-7795
-4701
-276
-4387
176
-5797
-8423
-7457
-9601
-5906
4418
-8731
-8951
115
7836
1559
-7490
-1559
2150
-7706
8948
-5707
6481
-3618
-7122
-7913
5957
-3800
-8553
4483
4191
-1643
-9959
4801
7609
2951
-2145
-233
-1413
5492
-627
6304
2309
-4882
5358
3941
2031
-7516
-260
-7420
7196
-6649
-8046
4510
-499
281
-4756
-2087
9008
-5545
-3013
7447
-73
-1783
-1981
8210
1087
-1111
9553
-7355
-3643
6464
3241
4613
-8530
4282
5095
-6787
2053
-6338
-3591
-9377
721
-547
3439
-5605
-6480
-4804
7062
-2868
-2715
8093
8289
1306
5430
9281
7424
1628
7918
2290
2855
7116
-2761
-3697
-408
6534
-6113
6869
2097
-7464
-9401
1898
-6040
-9910
1278
5185
-9940
8914
-6032
9034
-2030
8656
3157
9238
7329
-6557
-7357
-7275
-4517
-6893
6610
915
-2164
-7858
-904
8605
5135
-9190
5530
-1142
-5122
7641
2312
8990
8587
-1492
5258
430
5725
-3669
607
1669
80
4493
-7988
822
-2567
8051
875
6817
7267
6
-3390
5906
3296
4242
9125
5587
6333
158
-8395
8279
3974
183
87
-3368
1746
8734
-5285
5171
9833
4175
7373
-4224
4243
2742
3084
-5558
-2422
-4970
7273
9842
7301
1490
3155
-2656
3545
6163
7506
5907
-9295
8366
8204
-8459
5177
-5190
272
8777
-7431
6883
-7123
2910
-2669
-3529
-7475
9048
-7694
-5740
4132
5460
2145
591
9328
-4828
8628
9907
3054
-31
3488
-2396
-2742
1001
2865
8074
-2497
4697
2060
-1859
-212
1706
3985
-3710
8685
-3436
706
-3153
-7809
7343
-2412
-4111
-8709
4868
8678
5577
-3415
3069
-3947
1990
-7725
2130
-341
-2624
7652
6138
-8500
8964
9778
-180
-8124
9737
1784
-8514
-9519
-5036
-5382
1728
-7762
-9369
1185
8980
3736
9804
-4586
-3271
3601
5122
-9856
8758
-8836
9213
-6280
5477
-5782
5287
6493
-6261
5857
-1213
596
7400
3258
-46
-5540
2783
-6579
-8480
8703
-8359
6157
-9022
-8626
-6735
5659
7774
-4110
6883
9369
8983
6330
-8435
-5111
-6791
-2705
473
-3002
1731
-7637
5346
8308
-8636
-8833
-6494
689
-8366
5353
3304
-9436
-1190
8609
2428
9645
6828
2539
-2855
4096
-5679
2953
3135
-798
-9497
6821
-3759
1906
5022
-8574
3017
-7334
4917
9768
-4649
4299
-2112
4197
2474
4710
3342
-1624
-8008
-6588
8585
-4118
240
6013
6867
3829
7157
9770
8851
-725
-9388
-2032
-4266
-5680
-1802
-7961
8745
6196
1993
9826
-1485
2951
6090
9406
-1317
1586
1387
-4963
6500
3235
-9816
6417
1016
-1457
3412
-3477
-4151
8108
-2646
8333
-5157
728
-5063
-2613
1660
8810
5782
-1363
-5266
-1808
1560
-7542
-9100
-8763
-3645
-3635
759
2005
-8629
-6015
5814
2185
9529
4160
-5845
-1987
-7071
4382
9673
-7540
7694
-8973
4318
-3132
-7533
-3828
-7817
-4161
7243
3095
6856
-6530
6453
-5525
-8715
587
-1908
-2909
-5149
-8225
-328
-12
1927
4862
9327
1169
3905
-3640
-7270
5745
-6750
7691
-8419
5733
4450
1842
-1162
6968
4215
2735
-3735
-3798
-623
-4283
3698
-8481
1349
-7115
-5817
-1416
1908
4526
8081
-4979
7267
-2176
861
3481
6846
-2754
6714
5442
-6388
9942
-3818
8961
1056
-8397
-416
9291
-3487
-2055
-8146
2874
-9778
-8509
-9677
-8214
-4971
8127
-1982
3130
8107
2376
2016
-8124
8157
-9724
-5073
3065
-4098
2691
-4720
-7104
-2251
2458
-3480
-4862
-711
9448
-6934
-5342
-440
-4642
-8562
-4389
2020
-3389
3122
8587
-8033
4307
845
4453
3616
-6776
2769
-2426
1350
-4193
470
-9567
4110
-3268
-6515
-6697
-6682
1340
2495
4902
2319
7742
4922
-5311
2992
1718
-8765
-1470
-2169
1159
8730
2836
8749
1184
-304
6104
-680
-542
3263
-4589
-2372
-1961
5121
6856
-7759
-6746
9237
-2018
9908
-185
-1433
-4334
9655
-1130
4251
-2704
2878
7299
-4620
6878
8410
-319
3296
-6049
-9357
6411
5610
4821
3612
9153
209
-9660
-3565
2945
-9615
-7072
2329
8117
-3370
8480
-9912
8139
-5876
3666
7105
-1094
-7672
3107
3377
3197
3393
-8485
-4123
2013
-3687
-2163
-6256
-9314
4352
3192
-611
3632
3481
6074
8499
5696
-7481
5636
-9169
5204
-8787
-5373
-181
-7111
4094
1890
-7609
-497
6277
-9505
2306
-1908
-2363
-6609
9610
6465
4487
213
6388
-6604
8754
-3365
4355
807
6324
9945
2917
-5341
-4933
-7204
5509
-6606
186
-1579
7124
-9681
-1866
-3457
1306
183
-3202
-1751
5225
-6875
-4013
-1649
-4131
2130
-9604
-9137
5653
101
9286
-5169
-424
2330
3790
1991
-1560
5825
1786
-1702
8121
-6240
-6353
-978
-5080
-9456
1840
-410
-8456
-245
2557
-443
8399
193
7095
-9826
3300
-6347
3194
-4568
6045
9073
-5235
6238
7233
-4163
-3041
9562
-3121
1540
-640
7451
-6284
8439
2881
3110
6466
-146
6454
1625
-3014
-6067
-4239
2981
-4719
5937
5526
336
-2990
6583
-2230
-3229
-4569
-1339
2179
740
6856
5154
7792
6487
2831
9073
-6985
-1792
2006
-6096
8649
2102
-9763
-6467
-4546
-7246
2813
1127
-8947
3312
5393
-3319
-5494
3632
1168
7150
-2271
9152
2893
-8118
3381
5369
543
-5544
4229
-7142
-9230
-1742
-7753
-610
7884
2729
3561
8050
6940
-7440
439
-9053
-6225
1408
3670
9466
8032
599
-4156
4033
-7894
-8764
-2624
8651
-8238
8141
9231
8867
-7742
1063
-6487
-995
-6152
3884
5968
956
5703
7159
-1706
555
9980
644
-7350
7673
3175
7197
-83
57
8936
-6985
1082
4270
-9996
6382
-1494
4216
8960
-4123
9824
-5674
-6751
-2309
2281
-8249
-5838
-4092
-3680
9454
-9150
-3198
5745
9851
-1470
-7130
5610
-4282
8125
-863
3706
-4434
7066
-7822
-492
-9891
9577
1068
-8594
-3887
9405
1240
7901
-2178
3469
6621
9415
-8968
7387
-3676
2061
-876
2537
-7754
1698
-2783
844
-8915
702
5996
-7682
910
-4910
-4120
5371
-3972
-3689
2161
-2058
-6270
-611
-5136
1594
7713
-8314
-8636
-6528
5986
6129
4504
-5235
4493
-6949
3429
3275
5502
884
7732
9962
-8207
249
1433
7227
-38
-8884
-2308
-9209
3789
4684
-7691
8864
-5171
-6156
-3376
8270
-3855
6977
-7415
2434
880
3776
2226
-316
9149
2263
342
-1685
-4321
5937
-6057
8008
-3530
-8483
6953
623
-5493
-8311
-2746
4243
6773
-9069
5096
4846
-381
8601
5580
5331
-5159
-359
-7373
7325
-4760
8225
-2691
3973
3003
-916
-5603
-8330
9166
5166
7902
-5415
7604
-6108
6645
4318
1939
7360
9325
-4800
-1896
9145
87
-7738
8154
-8854
9612
-7947
-5841
8081
-330
-2108
-5722
8081
3626
4567
5379
5176
6301
3757
-4129
8528
2446
1038
-7771
4990
8500
7544
-3408
-3161
-9201
-1629
-6839
-955
6130
-7117
-624
116
-1711
-7528
-373
2902
2099
-6937
-6130
-1460
-5051
1350
-9979
8663
4826
3468
-5571
-4225
8528
8677
9926
-8361
5026
-5768
-9185
8172
7437
-3267
-8093
8884
-2194
-1125
-7364
-3148
-2301
3993
6559
732
7335
-7980
1570
-530
-4601
3018
3029
2793
7371
9994
-7002
-6083
5374
-7185
6439
-2703
-5447
-173
9049
-3557
850
2636
-2749
-9430
1380
2952
7189
-7271
567
-8535
8174
1348
3692
7807
551
3795
-7616
-2312
-2632
8359
2935
-888
-3046
6304
1492
5065
6330
4844
6361
-3621
3001
5685
-4708
7953
-9917
9305
-2652
2601
4985
-1038
2179
-5564
4309
-8556
8665
-7928
-5075
-3692
6809
-3172
-5051
-4865
9171
-2252
5106
-5281
-9600
-782
-3577
7566
3390
-5189
6645
8878
4062
-7457
-5686
9876
-3634
9237
-2191
-567
-6384
-5751
-3041
-5183
-2323
-8576
-6201
-9202
6885
652
-5112
9878
-5770
4599
9168
6835
-7837
-3132
2221
-2559
-6898
9199
6501
6887
-4057
-3584
9876
5003
-2454
-6284
9223
-24
-6677
6427
443
-9114
-2554
859
8160
-127
-4418
-1900
-4905
9217
3097
-9893
-9214
7426
-6533
-4563
-9666
1641
8470
3805
-6040
-4391
1997
6948
-924
-989
-5984
7322
4566
5654
6796
962
1191
-7431
-618
3738
-9386
4995
-5383
-8428
5351
-293
-4338
7089
-6346
-2790
-9054
8853
-99
-7278
-511
-1501
4770
-217
-6899
-800
4185
-8282
3494
6196
-2888
1787
7397
5337
-3263
5034
-7874
-7836
5537
5964
-7788
2401
575
4612
-146
7821
-498
4251
-3062
6348
-5268
-6908
-4882
263
-3278
1272
-3785
-4736
6573
-6159
-1393
-6798
-6902
5692
6076
-1979
1057
5339
7551
-1212
9465
2052
6753
6968
-6795
-4840
-2865
-1815
3356
-5159
-1139
-7611
-9887
-4096
1698
5164
9472
-2942
8943
-4232
-1161
-2231
4971
-703
-4784
-5596
-619
3704
6706
1059
4796
7031
8977
5143
8125
-2505
-2929
7272
-6777
-6106
-5454
6085
6243
-9593
-9225
-1706
-1040
6063
-3327
2881
3113
7128
5343
-7660
-5212
-4590
-6193
7276
2111
-8771
-4860
-6169
-4559
3291
4992
-7952
-8063
9976
6479
-4046
1208
-4027
3665
-9656
6884
-5132
-4674
8078
-7070
-1895
-6931
-1107
-9064
910
-4666
-7676
-4611
681
-7383
-9946
5987
-6234
524
6765
-1962
-8453
-5501
-7872
6974
-106
7613
-1939
-350
3823
-9200
-3273
3049
8523
-6827
6012
491
-3260
-6352
6032
4310
6745
1755
-8044
5175
-6602
-2957
8663
-1661
-330
4946
-3112
5695
-2341
-2884
3538
-8080
7555
-7049
-3357
2366
-951
-7259
5428
1751
8980
-4206
4694
722
8270
6087
-1422
7253
7669
-5549
7940
-9449
2095
916
308
6530
-7412
8575
9783
9143
5682
-6968
-9111
-8159
3854
-6091
-6944
8216
-7107
-2237
-7771
-9473
3890
-251
2689
-7896
-7589
-4263
-6408
3304
-4826
-1102
5902
3910
-5580
-257
4861
8245
2044
-1556
8217
3527
-6969
-5809
-5265
1541
-6977
-3894
-5915
-5221
9151
9623
-2498
-251
-1432
-7296
-8845
-6828
-7317
-2784
-2082
-3697
-535
9257
1141
-2994
0
-6214
-7773
-9041
8566
-1356
-6460
-8519
7812
9942
-4932
-5530
3510
-4367
1544
-3494
7518
577
1971
3676
-3364
9986
-6951
-4730
9784
-7824
1214
8933
3844
-646
9981
-491
6792
-6556
-6042
-1305
8596
2054
-4149
9393
3367
5254
2131
1035
6668
-2187
2459
-947
4561
-9736
-669
3090
1595
-521
-8837
-8166
-5865
6170
-8722
-2285
-1268
-6580
-6644
1757
9906
-1314
2872
4533
7347
5145
1807
-3972
2898
9909
3844
-5392
7584
9134
3514
-2669
-292
-3221
-4294
-346
-3269
-6336
-6361
5355
5405
-7371
-753
635
-9950
-7322
-3030
-8941
-2205
3871
-7483
-9587
-5593
-4039
7996
7651
-5732
-947
1123
6713
-7682
3292
4592
6044
5571
-1893
-5111
-691
-6842
3013
-1970
-4813
9309
7614
3285
6687
-3169
9936
-7187
1186
-4961
6868
2141
-8844
-8208
-3816
7656
-5571
5393
9899
6841
-6563
-4159
-8517
-5989
7549
-3386
116
-5097
6626
8688
9581
8368
4870
-3052
-9784
6299
-7609
8757
1109
-7669
-5068
-9375
7544
-3799
248
-8908
-9984
-7461
-7516
-1482
-789
4366
-8173
6617
-1305
-2407
-7186
3832
3602
2079
-6769
8705
5145
-3004
-9945
-6973
6615
1705
-2601
2429
-9094
9825
8272
-9563
-6382
7277
5640
-2892
8930
-2055
3722
8140
9434
6789
9258
-9019
-916
3153
907
-288
3347
6549
210
1567
-2302
-8195
-2881
-6965
9009
-987
-9521
7391
-9097
-9910
113
-3551
686
-4832
-1072
2283
5797
-2078
3675
7517
-4025
4455
-266
5200
-5779
-6571
9693
-4745
9758
4562
9109
-9662
-5908
-6190
7286
1309
7690
1318
-7265
-7812
-1493
5349
-1782
-9328
-4506
890
-8593
511
-5409
9072
-9933
-8145
-6956
1658
-5983
2988
-6050
9094
4844
7579
-9696
5681
-9335
6328
-7843
-7149
6917
-23
9746
-11
-3019
-4911
1671
2087
-5096
223
6537
-903
-3470
-9234
5258
-5821
-6602
1625
8018
6714
-707
-2689
2976
-1865
-2539
-4174
9219
-6258
-1453
1985
-5818
-1151
-1549
1616
7198
9043
-936
5539
3997
3298
-3463
-4814
8571
9682
-3414
-9729
5311
-9649
6168
-8057
8117
-9293
4941
-6863
-5224
-8127
-6915
-8054
-4529
4209
9312
-820
-7110
4824
2911
8020
-8553
-9918
490
-3958
2029
8824
-2060
-5104
-24
-9799
-4132
3022
-5451
4761
9563
-2573
-5511
6518
-2802
-9097
-4882
4051
-9938
-4897
8408
4580
-2748
241
-614
2536
-1499
-7548
1161
3888
802
7824
-2635
5116
-6824
1978
1843
4520
601
-3353
-3576
8785
-7220
8554
7881
1054
-284
1048
6907
-1629
5838
7471
-8359
7401
556
7705
-7224
-3264
3143
7144
-3499
-6400
-4906
-7684
4741
-8047
1306
8666
-7734
55
-6232
-4468
6618
419
-244
6560
7262
6888
-3025
-7442
-5254
-9242
-3591
26
-5725
-9208
6161
-4269
-78
-2073
1591
-3932
7655
-9259
-8504
8183
4704
5343
4702
-6740
7531
-896
7980
116
408
6354
9828
5881
9755
7126
7425
-3565
3596
-9013
-4106
1764
-1947
-5644
-7114
2582
-9571
5317
3670
-3347
-8617
4642
-5532
-2925
1432
-7122
-7510
-3060
-8122
121
6072
-5776
5248
176
-6945
7827
-9743
8185
7468
-5484
-5523
2645
-9185
4898
-8190
-3019
-3763
9801
-7967
-2798
-8027
5135
-7796
-6039
7287
5913
-3651
-5402
-8533
5731
9061
-8357
-8958
8041
6714
-1831
-1598
-3512
-8534
-9770
1884
8737
560
-6249
-6089
-1163
-6507
5494
-9049
8468
4746
1697
6252
3748
4125
3275
1239
928
9157
5594
3199
-948
-7713
-5760
-3816
2508
678
-2113
-647
3966
-5436
7060
-4673
-2978
-6949
-3917
-4433
-7738
-491
-5458
-3102
-2649
-7484
-8347
-7403
-3814
2011
-7701
-3938
-536
-9044
2460
5560
1826
1563
-3495
-7021
3457
-764
1928
-1094
4527
-2548
2116
-6910
-5329
8472
145
7670
-7754
7572
-6148
-5713
8127
8819
-2919
7862
8204
5534
935
898
8681
-7538
-144
-3713
-8531
4946
6872
-6616
3075
8106
1090
-7651
7732
2535
662
-1872
5729
-4952
421
8150
-3999
8862
-2486
8397
-3839
1682
1674
9453
-4155
-4375
7829
-9515
-9852
1074
4230
1389
-9562
-4428
5802
3563
-887
-5857
-6120
4095
7724
-9319
-243
-6308
-1067
-1838
-8042
-1218
8996
3503
8647
5610
4896
2165
-6248
3407
-1488
1417
2280
6913
2573
-1491
5909
-456
-5223
7361
8121
4015
2210
-4064
-1272
-95
7249
-6639
-1264
-1344
4451
4141
-8539
-3674
2116
-9454
6147
-3453
8188
-7842
-2449
4150
9038
5419
-1129
-8138
-4310
-8299
7555
8680
-3139
-5926
2213
-9674
-7470
9673
8772
-3203
-2854
5607
128
3387
-826
-5472
-7687
-7129
-2260
4673
9197
2163
-7800
-5703
-8607
-1733
-5555
9130
519
6829
9350
-942
3296
-2122
-2576
2963
-7098
-2436
-4294
-3151
-47
5172
75
-2020
-3042
-7146
8082
-9756
-7636
6149
-6939
-6147
-2326
-8675
1828
-7114
5841
-648
464
-4317
7876
-9319
1785
-3096
-6506
4389
6741
-3687
9228
669
-7867
3822
-5959
-553
-5739
4414
-4251
-5724
-4132
-1495
4008
2010
-869
8376
5302
3345
-9884
6886
-4299
9437
9396
3057
-6166
-1954
7003
3003
1302
1062
-8274
-9239
-3687
5711
-2042
-6959
9605
-1402
816
4235
-2991
8611
4768
8219
-1216
8306
1261
5005
-6338
7997
5228
1376
-7038
-992
4236
-5500
-8181
2735
4149
7816
-420
-1080
-7623
-2180
810
-7789
3770
-7644
-7219
6385
1211
-6259
5116
-6095
-8117
-2097
-5949
4687
-9650
-1845
-7840
-2564
5983
-4387
1736
-9320
-7632
4276
-6108
-9052
4229
-1613
-4856
5896
2914
3581
-7737
275
-7215
-255
-3290
9780
-7759
2448
4670
5742
1973
690
-5643
3274
-4833
1572
2747
8916
7540
-9888
-4349
-4087
2819
4729
-5506
6558
-9502
8957
4109
-7297
-9573
4239
-8906
6887
1374
8383
3030
716
-4963
5904
-4672
7412
9955
-5144
-61
9784
5297
4050
-5345
-9524
6946
8776
-8398
-4435
-5959
-1052
-22
3115
9445
-2733
-8980
7677
4878
1091
-8023
-2468
-3009
1724
1520
5894
-2675
3985
9617
2740
-7440
-9862
-2310
-3804
-2749
652
2300
-1276
-8682
-9850
2297
-2889
-5277
-6649
7263
1734
-1893
7105
-5405
-6688
6031
-6113
9827
6203
9290
-1800
6594
9958
3339
-582
-2880
-9204
662
6405
-1045
-7480
4729
-1518
-6498
9565
961
8638
-1105
1202
-6666
3772
-3918
-3927
9618
-5780
6162
5811
-7652
-6562
-5948
-6488
1441
267
-8933
8501
-58
-5383
4711
5278
-4133
454
-5455
-4302
-7039
-27
-5523
-1542
2194
3250
-5891
-1576
7486
-8410
4033
-2783
-4317
-1073
-2540
6115
1216
5420
7448
-7193
8771
-2026
3078
1230
-4898
2637
7832
7161
113
-616
-8753
4112
-312
8868
5927
-3026
222
5819
-8776
9513
-3454
5268
-4370
-6099
-8445
-2975
6797
1286
5314
1035
-1227
-1274
6144
7427
-7698
-1857
1220
-5229
-6393
5112
-5164
-2937
9677
8953
-1492
-2019
-6256
-428
-1077
-3025
-9898
7335
5996
-1469
-6464
-4807
920
1702
354
-4713
-491
7161
-7839
3722
7319
7482
-687
3333
5229
7076
-8993
6336
7114
-8632
6861
5672
9900
7352
-3376
-9794
-5
437
9494
644
-8750
-7587
821
-1459
-1105
9655
8057
-5127
-6959
3389
-9377
-7749
4616
-4092
1837
-9998
4068
-875
-7918
590
5003
1021
-7081
-6276
-9561
-2873
6254
8760
-3955
-1058
5655
-3659
1416
8661
-483
-5894
-3772
9745
4728
-4370
204
7947
-4767
-3674
-4796
5949
-7415
514
7522
-4376
-4147
934
-1429
8225
381
-5790
8258
2538
2553
-1996
1266
-3382
-1580
-4122
648
8307
461
-1215
-8350
9550
48
-4347
6092
8433
-9473
-9421
-202
85
-7787
-4677
1294
7974
8027
9976
-2250
2400
6457
-1209
6566
-1816
1121
4898
834
-5565
5183
-7116
-259
-1203
6541
3854
-5840
6899
4065
9227
7830
-1455
-2301
-8450
3948
3897
5457
-7983
-9593
-2338
-4494
1628
-6838
-3585
-9583
-3694
963
-7109
2820
-1954
-1959
4829
-176
-6206
-9707
-5983
4915
4352
-6526
-6883
7983
642
4005
8488
-4745
-3523
-632
-4104
7125
4131
-4239
9515
-1079
1089
-2800
2946
-6953
-2581
2302
-2109
-4326
7389
7430
-700
8987
6371
-1082
-1128
4384
8429
-4778
-7702
6472
-214
-9693
3204
6098
-2232
-2371
-5985
-7637
-9666
-7086
-9273
6653
-612
-6831
-5627
5258
-9723
8742
-4998
-7656
-6340
-8494
5543
-9770
8791
-7626
5077
-302
-2316
4591
9092
-7046
2969
9008
-6214
9861
-9799
4083
6307
4381
2718
-5089
-7026
3490
-4792
-6678
5968
3644
-7813
8380
-8824
2315
1815
-9659
3069
-9322
-221
-8910
-2321
-5791
4647
7873
6757
8385
-5229
-6561
5761
7459
3036
9561
-5644
-1112
5371
4168
999
3295
-4772
-8594
-2238
-200
-1078
-8658
1228
2569
6053
-8236
-6528
1933
3099
1204
-7456
1841
-8798
5274
-5284
-9443
-1104
-9434
-294
9694
4382
-2919
1855
1638
6432
-1150
4805
-5732
3337
998
-3746
1625
961
-6077
-7260
4827
8487
9656
-3069
7180
5421
7538
1367
-2157
1890
6119
-4507
-8695
-9704
-9050
151
-9966
64
6683
-5829
7468
-9898
-1783
6837
9441
-7216
-7858
8852
-5292
-9797
-8940
3184
3136
252
-6773
9208
8856
7975
7386
-8822
-2883
1470
-3473
-1364
-5199
926
-3961
1315
-312
-727
-4056
4009
2187
6240
8942
-4477
4351
-3839
7216
5436
-103
-9477
6693
705
-8360
1488
-6616
8570
207
881
-1643
-826
-6641
5493
-3500
2761
5485
6754
-9302
4402
-5397
-394
4861
3502
5982
8181
7597
-6228
6216
2044
-6344
-5192
-8809
-9401
2019
-7867
-7040
9908
9376
-4844
9563
-5636
-4773
9608
8366
5177
4137
6567
-6959
2337
7577
2671
5271
-9449
3402
-8131
1262
-2199
3043
-7168
-7613
-1453
-2865
-1336
5506
2948
6656
274
-344
4080
-8933
-5325
7977
8342
3238
-9930
-657
-7636
-2069
-4176
6417
-8147
7080
-7597
-6736
-1962
-5187
-9216
5848
6269
-3478
6796
1272
2668
-2836
4978
9083
3220
-2547
526
-5987
4031
9238
5357
-4555
-8508
9809
5512
-5629
5656
1507
5648
-3649
-2190
-465
-5562
-6632
228
5320
-3534
2580
-905
5648
-9947
4153
6622
9670
4162
4215
2560
-2741
-3694
8556
-1926
370
-2775
1801
-1678
-3218
-4572
-1722
1355
4217
7822
4471
-6344
7049
4436
7394
-882
-6160
6791
-3671
-9025
-6840
5534
-8010
-745
-5652
1521
4241
-8974
3639
-3728
4022
-9534
-288
6060
6373
-5750
-2919
5911
6551
9093
6385
-8767
-4613
-6319
6136
-8667
-9693
2657
-4704
-9971
9220
-6899
-435
121
5727
4259
357
-8327
9360
-3832
-1180
-582
-6503
1417
-8392
2981
-2964
5403
-137
6335
-6823
-6407
-9533
4309
5599
-6176
-9885
3670
7706
9364
-4893
-4813
-7949
7052
-4684
1788
-7096
6490
-8870
723
1559
-2069
1546
-2881
7342
-6225
-3329
6763
2185
-1799
8290
-4021
-7212
1472
1189
-1691
1713
-2855
2759
-2968
4969
-4641
3449
5651
-7034
3562
-1455
4850
-5164
-3957
7670
-4970
5600
-9006
7723
2378
2320
-7855
2748
-5674
4295
-1129
-2549
761
4779
3231
2917
4274
-2168
-23
7668
-152
-6583
6250
-5146
1260
-484
-9652
-6363
1497
-7976
4814
451
-1235
-2391
-4714
-444
819
-9511
-4694
2003
-4366
6346
-6873
8828
954
-9785
-7669
-8439
8069
5654
9876
8331
4482
-5952
1274
-8371
-846
-3964
8990
-4978
1575
2467
-2412
3404
-2520
7480
5797
-2397
2275
-593
-2358
885
-3
-7096
3175
5356
1310
-8582
-8023
-8735
9487
-2456
-3991
-2582
-5449
-373
9709
-8051
4069
1617
9132
-9660
-197
-3546
-4373
1275
-5300
1518
-8647
5831
3503
5653
-4524
-248
-5433
5750
1008
6559
-4005
7871
8076
-2933
3815
-3378
7105
7209
-9612
-4280
8824
5339
7902
4078
-9332
-3036
9417
9058
6734
-9063
-1220
-268
4829
1014
-262
-9441
1610
-5984
-9892
6186
2084
-8244
-7601
2310
806
7081
-1698
9972
8254
8976
9048
4842
1283
8138
7280
4970
9296
-8592
2608
9492
-4381
5464
-5969
3032
5226
-5420
1607
4387
-2826
9804
669
5882
2830
-828
-5622
-2179
70
-1560
6062
7884
7505
-377
8140
-4300
-6733
4311
3291
6444
4583
3742
7611
3699
6667
-6762
-569
263
-5783
5270
4128
-2926
-9259
3510
-3263
9746
-5827
-2313
7054
8838
-6685
-7312
6315
4435
4499
-1695
-6227
4177
759
-397
7849
-6946
-6542
8499
-2543
-797
-3336
-5622
9366
6568
6422
4641
4383
-1591
1742
-1212
-6727
-3368
-1983
-535
4078
6601
8326
3718
7172
-9425
-1628
-6246
-1423
-704
-3010
4630
-8123
3762
2779
8157
-6300
6055
5885
-1787
8524
-6236
9666
-407
8842
-1792
-7856
-2912
9976
7387
3642
-1436
6168
4205
9010
-1290
9351
2693
-5754
-3255
2405
6958
2029
8370
-8248
-2126
596
2412
-4259
-8369
-256
1177
8562
-3823
-6958
-9717
-6025
-4839
8875
6686
3400
-2205
-1409
1921
6779
4999
3206
9803
8047
8008
5411
-4838
-6465
-7383
7183
3592
-3745
5493
3476
-1437
-9925
71
3035
-9658
-4218
-8029
93
-7278
-2770
-8365
-566
-9263
6879
7
-2966
-9710
-8801
7375
4803
-9777
-523
1015
-8725
2301
1986
6115
1370
5310
-6404
-1356
1443
-967
-9556
-1325
-1234
5769
163
3046
2671
2786
-5526
9630
-2332
1806
3828
-8787
383
6900
6724
7866
-2613
-5837
-4162
3837
-670
-3651
-9713
-7854
601
-2435
9239
8775
-3637
-6056
-6430
1722
-8176
5464
-9020
9873
4754
-608
8275
764
8168
-7932
-8716
-3953
4539
6726
-2266
1690
8380
-714
8710
-37
1115
-6055
1434
-3673
-1614
8378
7197
-4486
8905
-7429
-5536
-1961
8419
-7287
6805
-2606
-3355
-3824
-700
-7372
9754
-6898
1133
-5340
-5900
3831
5241
6451
8235
-4890
4969
7471
-2557
8410
9524
-6046
2436
-6573
2496
2417
-1535
-9544
8405
-3109
9924
-2499
-8626
-4106
1664
-272
-8246
-3134
-2559
3108
4355
6310
-2308
3909
9629
3383
3561
-7735
-611
-4152
-9831
-7151
4261
-4225
6709
6130
-5676
-8890
7040
1617
6392
4893
-1381
-1808
7887
-4050
1247
785
-118
5147
-4402
-2966
-7610
-2557
-1928
6533
-8290
-9330
2530
9386
793
-738
-2017
6733
1786
-6874
-9732
5242
-5644
4094
-9115
-1791
7927
-3725
-2007
2467
9083
-4531
361
-2371
-7785
-9158
-5732
-2714
6078
-9651
5485
-2273
-5437
9177
5796
-657
5342
5142
-717
25
2576
6865
7836
1751
2365
9582
-7337
7700
9404
-7275
1114
3385
1429
-5907
4830
-9557
-8617
-8261
2204
3530
9059
-1526
8887
3158
7254
-1186
-2458
-1602
1864
9512
3241
-8686
-5488
-1670
8514
-2676
-5423
1234
-6663
-8381
-2572
4367
1490
-9779
-8355
8182
7162
-4118
9874
-8531
-9834
9746
-3813
-5018
-1349
8039
-1766
-2193
-7999
1684
-515
-1649
-2369
9415
4749
-7435
-7682
9743
3391
-1061
7171
-1976
2527
4526
-7524
4801
554
-2613
2068
-5987
7254
-2066
3003
5508
-9406
8935
905
-7980
-2832
-6757
-7541
-8175
2495
-6248
-4888
-4160
-3269
-1539
-638
3754
4500
5650
2485
-7800
-2080
5275
2220
-4374
-6982
-7008
5788
-1733
4406
-9226
-862
7363
6399
-6619
8084
8455
-6055
6337
4944
7696
-7003
8895
-1507
-9865
-7112
4326
-6690
2620
-602
7320
-3268
-7232
3958
-2534
-3622
-8614
-6194
2658
-7878
-2195
8470
-7435
-5307
-6516
8738
-4571
841
-9973
5882
-1895
2523
-561
-6716
5679
7047
-2851
-5679
9138
-2600
4889
9814
-25
2535
4229
-674
9512
1800
9172
9024
5142
-7306
-425
-5792
6331
1091
-7506
9660
-970
-8253
1117
-3864
5693
-5672
-5120
3789
-4529
7113
-2820
1572
-7023
5939
4800
2749
-6765
9491
8448
-9238
7347
-1795
5424
-7930
5848
2801
366
4529
-9493
4904
-9409
-3792
-8294
-2611
-8044
-4850
-3796
-7532
3656
-3024
3569
-7270
3773
-2854
-2187
-6049
6111
-2829
-1212
-2826
-7132
1065
6029
6430
-6012
-6085
-8712
-7168
7485
-8837
-5738
-8334
-2784
9829
-9802
-7704
4004
-7146
5679
-10000
-9543
59
6875
-3304
-7459
3700
-9901
-9898
7666
-5950
-5784
-9147
-1674
-9695
-653
4848
2758
51
-5871
-2757
5253
3413
-9207
-2408
-981
7904
-9729
-7072
-1061
-2999
-9241
-426
766
-4108
-6326
-6540
4650
2610
9026
9996
-6039
-3491
1733
-2828
-6322
9043
365
-1966
-5267
7349
1770
-1738
-1976
-4363
-7238
-9340
-902
-864
1741
9343
9268
3372
3995
-6734
-5587
9523
9451
-9549
781
-650
488
-1327
6845
3148
-2176
6268
-4386
-4418
1805
6150
9530
2621
-8730
-5863
-7572
1846
4501
-6111
564
-8490
2291
9024
244
2747
-2393
-874
-3068
2695
3218
5943
8327
-3108
2425
9979
-8298
7774
2953
-6048
-309
6887
-9026
749
-7464
-5604
-3874
-5934
1252
-2753
-1604
8783
-6754
9980
8010
-5526
-4710
3134
4128
-38
3796
6561
-7315
-4557
-4405
-3091
-8916
-1305
-2384
2468
-1580
1482
-7236
3420
7392
2427
-3230
7236
-6425
-8293
-4520
-6030
613
-4677
-1584
7103
5613
-3377
682
-9913
901
2222
-9284
2577
-9783
1273
-9496
7520
7104
-3329
-8331
-3297
-9427
-3162
-9995
3388
2577
-9621
5427
-4530
6294
6316
-1869
5823
-8541
-663
3037
8565
4960
5243
4767
2792
-1297
3317
-4611
-7876
4372
9504
6646
8761
2003
-9076
-6222
-8827
-711
-1542
-4490
-235
3969
-6203
4791
7243
5129
3664
6364
-3508
-9248
4505
-6781
-6454
-9635
-5733
3790
-3761
-6972
5904
-8218
-6909
6
1193
-9060
-9692
-6494
1725
5372
-8229
2977
8924
7705
-6650
-7700
-9031
9021
-9442
-5805
-4251
-6542
2544
-7086
-4376
-6676
3495
4986
7925
5719
4379
1333
-6148
-1138
4961
-3135
-7918
-7835
2310
5532
9343
-766
7469
1129
-5998
-876
-7639
6384
1949
-2691
-2068
-3448
359
-277
4658
1260
9845
-7806
4111
-4846
2187
8453
-1037
2279
6768
-9440
-8578
5963
-8613
4362
-8275
211
9201
854
3900
-2757
-4771
-1762
3067
-155
5459
-942
-2451
-2133
3282
4217
1483
-2715
7824
138
4118
832
7871
-2897
1769
-9986
6746
4112
-9545
9350
2128
-9835
4396
8149
4629
84
-1599
-8930
-1323
-616
8532
5333
-6133
-5419
-1127
9784
9282
-6132
-9314
-6111
-1295
5778
-2026
503
1943
-6347
8007
352
496
-2560
-2503
-6183
8211
-2026
-181
-1439
-1413
-6078
-4172
8614
4917
7670
6180
1864
-5723
9854
-2810
-8240
-6692
-1694
8465
6069
-8800
-1830
-5827
2599
7163
9714
8731
-5686
7731
-860
-8985
-6351
-8305
9001
-5161
5334
-78
-4166
3697
-2337
9876
-5582
3176
-3937
-5175
8796
2878
2595
-3619
-6262
-387
-1459
-9206
-641
4218
-9900
-6049
6345
-2009
-9007
-8238
1045
1469
8779
-5580
-6598
7280
5283
-5200
-1191
-4430
-1647
-181
-2652
-6658
3953
2873
5407
-6869
5404
-7967
8190
-6270
7424
-1279
5924
-8349
8703
-375
-5546
-1557
3671
-2603
-8844
-3249
-7775
9487
-2910
5424
172
-9536
-3102
8369
2325
133
1615
-582
-496
8056
-2882
-9085
-2802
1168
4818
-8786
-298
7791
6074
3694
-5906
7259
1780
-3650
-7211
-8956
-5632
9041
7040
7184
8206
5714
7439
-4445
-1527
-7437
-8452
-5507
-3724
8318
667
6202
-5309
7265
1789
4715
7097
-8997
-1806
-3302
5400
8311
6982
8427
7634
-6589
1388
5079
-9454
-1969
-1744
-1788
-9100
-8709
-1439
6603
9901
3351
7219
-7125
1719
8529
-161
970
7954
-8871
-7740
-9429
-6226
-5067
7138
2605
-4840
6137
6158
6779
1156
8602
-6149
4188
5421
5
-6182
-2493
-6337
2750
9096
4947
-1822
9656
-4230
-8211
8598
-8751
-2090
-834
7722
-6967
7754
3589
-653
6575
6567
-7620
-1292
7564
2437
5941
1872
7098
-8440
-8506
-4050
5490
3082
2618
-9147
2792
-2833
-9283
3511
-6956
-2489
-6758
-2251
9310
-1849
4135
-3864
-7792
-8272
8434
4245
-8048
-4341
-5565
-654
-8308
-6872
-5348
-4611
2886
-6212
-9315
-2563
5164
9221
-2995
-5403
1326
878
6894
1453
2347
-6209
-7177
5134
5556
6864
-7158
3017
-7828
-5845
7681
7634
905
1820
-5349
2066
-2857
-4269
-2966
2597
1294
-1320
2349
322
-1390
1848
-6850
5536
-6213
-4473
6776
-7789
6511
3727
-1843
8450
4133
6499
-9449
-8765
7552
-5539
9093
-7831
-7737
8192
-5686
-7593
-1754
-1020
1731
-4932
3802
-5642
9116
7135
-1908
1447
-3267
-1581
3527
-4677
6234
-7990
9528
-8877
580
3334
-9130
9781
8346
-5143
-8670
-4339
906
4254
7233
-2935
-3477
7334
5632
7315
-7430
285
7252
-4388
3303
3083
7686
-9189
-8931
1444
-7382
3553
-4290
6557
-8440
-5582
4020
-120
-1932
5692
-610
-2297
3673
4384
4718
7042
8585
5044
6488
2527
4467
-79
4846
7939
-8111
6338
-8591
-8520
4802
809
1971
-6717
-1073
-3512
-9235
3204
2235
9990
2743
8303
-256
432
-467
-1026
-5780
1481
6125
-5588
3303
8486
-7173
6634
-4871
405
-7654
9696
-8838
-9170
9011
10
7064
5142
-6825
-3732
3253
6314
-1363
-6067
7225
-4366
-9937
4697
-6701
4404
-9715
3169
6090
-6226
9178
3611
837
-3144
119
-705
3293
2857
4207
5076
3259
-9005
3082
-6224
8235
-8312
9000
2163
9071
971
-2032
-306
-1847
-4378
5221
7116
1667
-3289
-3023
-9499
121
1133
-8841
-8544
-5703
-403
2267
7598
-3253
3661
7212
-2434
-1443
-6179
4802
-1990
2738
-943
-374
1517
-7315
4874
2257
-6515
-5630
-4035
-8217
3429
5470
5074
-4931
1329
-3306
-248
5481
2650
1904
-2069
9897
659
8582
-5689
-5055
9156
6554
-2129
2108
-8787
-1493
-5018
-9877
3533
-7092
-9525
4211
-6514
-1886
6789
2173
-8093
9267
5592
-5830
2094
-9548
1635
531
6745
5337
-1425
4224
-5958
-9316
373
-8677
5375
1594
-9523
7412
7795
6032
1222
-1141
-1967
-2937
1196
1441
-4931
8377
9411
5050
3902
980
-3833
2539
2065
-4463
-9502
-207
3580
-4253
-385
-5446
1923
-606
6725
7171
2123
-5347
-9440
7155
1929
4128
9812
-8198
5639
5052
-6125
-7754
3829
9860
-6785
9567
260
-5113
9590
1686
9062
8928
2983
-5115
-5727
4988
3654
3624
-1196
9149
-5454
6279
-5036
-5097
-3095
-3315
9170
-4435
-7035
-9347
2610
9755
8788
9759
112
4914
-1130
-5636
5780
-1050
-4125
-1835
3745
2924
-3813
-648
-9693
9195
-9766
-3955
-1367
-991
8148
-6225
-3824
-187
-3318
6339
1664
9702
-4369
-2693
7383
996
-4926
291
-2127
3106
-664
165
-7491
8019
8139
-2566
7682
9943
-6452
5875
7611
1425
-2947
-8879
447
5872
-2499
7048
2331
9451
9289
-3530
7734
-5303
7059
-8781
8263
3191
-9428
-2848
-5669
5213
1100
9852
-7161
-9824
9875
3518
-5436
-8268
5802
5994
-1231
-1916
3701
2219
6490
6501
-8444
205
-4489
-5291
-2848
-5457
4481
-1912
-4445
-8345
-6090
-5677
-6790
-9579
8360
8599
-4711
1415
-1729
-6882
-4458
8676
-9625
-5962
-7393
-6426
-5540
-8357
8464
-455
973
-8146
-8328
7236
-7403
8240
9799
-384
7634
-8920
5467
356
-9016
5269
6509
8256
-5267
-9823
-7807
-7682
2251
8695
-7433
-645
327
1487
-2276
-5193
249
8494
-4892
-7436
6512
-8114
-5810
5024
6976
-6603
8773
2097
8039
-6073
-5357
2465
8006
118
-2744
8642
1843
-7866
8278
4768
-2003
2674
-8750
4710
-8644
-2476
9008
6514
3569
-4974
9290
3272
3045
-7974
-6069
-267
-8437
8226
162
-8476
8927
2380
5027
3901
6816
3329
-2817
-5456
9860
5309
674
-8813
7810
5369
-7228
9439
7849
-301
-9414
695
8456
3
1225
-2576
-5470
-7495
-229
-5458
2522
7607
-1614
-2825
2086
-8663
-8337
-4127
-2444
-2155
-3378
6239
-3541
-2449
2512
6246
-9992
-3272
-6247
-2888
-2485
4656
9389
-5396
-9713
-8580
1945
3936
7711
3810
1105
3573
7452
-3553
-4501
3472
-9115
4751
5703
-8783
495
-5838
5860
7327
2605
-5518
-1552
-8283
6608
-6147
-2053
8210
9575
9666
6156
-3288
-85
7039
6978
2867
1404
-9292
-4051
9065
5609
6152
-7517
-9535
4417
-5028
5390
8994
706
6670
-2620
-5391
5424
1608
-663
-8495
-9986
1587
-1509
-585
5357
250
-2177
8629
7124
9
6196
-7
9810
-4655
-4023
-8955
-1771
1123
6453
-3847
4976
-2411
6412
-2005
4564
-2486
4642
7660
-1493
8498
-6082
1023
-7728
9370
-507
-2799
-7329
7618
3310
-145
150
-8925
6397
-3249
6971
-825
-2654
8352
7288
-4448
2420
2385
5082
6755
2
-5637
-2561
-2119
-5628
-4354
9805
-8514
8765
-4123
-2023
-3805
-3969
3319
-9171
409
6157
3226
-4175
5423
-6996
3489
-443
-6290
-6133
-6844
-6884
-6003
-3821
-8660
-4266
-4990
-5435
1662
3101
-3317
-1920
-5832
-7691
4412
5440
1047
-23
-5854
2094
-5850
5699
2705
-4467
7862
4641
-9465
-103
5568
-9229
1354
-7281
7906
4665
-3269
7026
-3195
3392
-4689
8450
-7575
-7469
6823
-2104
-6820
2725
-4330
-5047
4031
640
-8319
9726
7468
7828
8519
-2729
3917
2944
9060
-5751
2636
3678
-6641
-413
2386
3646
-7986
-9510
-6750
6221
-315
3191
-1527
-4554
-5209
-9675
3550
-7743
-9586
-3879
8589
-5037
7128
6591
6193
-7479
8262
-1937
9206
8638
4294
9892
4204
-980
2871
8831
-6691
-9236
8501
7337
-623
8423
-3136
-9072
7493
7436
-9529
4093
-8976
2286
-7836
-4603
133
-9899
3773
-1297
-7192
2008
-851
-4521
9003
8443
-2259
9096
227
734
-532
-2283
-4441
-4445
8715
-5727
6872
4475
-6048
4269
-2897
-9575
-2978
-3417
-8265
-4593
-4284
-7558
7886
135
9637
1066
7228
-8703
-4543
-4603
9367
5533
-3405
-9234
2925
1304
-2666
2633
2310
8117
1414
-6561
9357
6920
2486
-4566
-7526
-6366
-1811
4548
-6322
4752
-2736
-4419
-2793
3644
-4970
4756
9792
3329
7615
-1712
1127
-779
-7426
4889
599
-3697
-2956
5671
8568
-3091
288
4089
5995
4989
-9271
9541
9343
9057
8322
-2249
-4210
702
-2449
-3548
-4743
-3815
1142
8597
9782
6007
3171
-3406
1077
7928
-8748
-7143
-9892
7365
1154
618
-4861
7498
3683
-976
-5054
5958
3456
8065
9253
-6898
9044
6629
7874
-7880
2903
-1251
-2318
9799
4131
7925
5431
9008
-7166
-1547
5380
6991
-2656
-3179
5331
9155
-3540
-6909
2411
-6040
-5098
-5519
-6548
4235
7760
8594
7406
6627
-2949
510
-5236
1147
-4465
5531
-8922
5110
-8035
6744
-3495
9459
-2047
5848
7595
-9479
-9107
4890
4691
-8888
838
-1490
7759
8247
4942
691
5819
3434
879
-6168
3653
3003
-6829
-4659
-6860
-6105
9077
-8887
5844
7213
-3319
3530
-4139
-8345
-1748
-1586
9006
-239
4337
1130
-686
7688
-4432
6667
-2043
2975
7165
8152
-2255
-3202
-3072
-186
9166
6599
-8594
2875
-3192
9626
-156
-4963
5073
-3776
-3496
1603
-2706
538
-5846
-6790
-2171
6221
7232
-3532
3153
-6949
-3373
-2907
6259
9840
-655
-1490
5531
-8419
-4938
-7450
3213
4397
-4938
8942
-9945
2024
-9272
-4101
6131
7280
2422
5785
-1745
-4616
6585
4280
388
-6571
-7089
-7513
7744
-1799
7888
-3962
9376
-6738
-7187
3676
-70
-8095
8345
-3139
5977
5134
8647
9148
-4280
-2034
-555
-7103
9657
-2286
5603
-2123
-4539
-1845
9463
3159
866
-8623
-8320
4038
890
1833
-8155
-2876
5927
953
850
3697
-5104
-6343
-6415
3635
1758
5797
4020
-2409
920
7213
-4961
1110
-9955
-3245
6382
3494
-4959
1619
-5914
4819
2318
2235
6134
-1344
-8318
-764
-5833
4096
7185
-6680
-6650
-4931
5001
1539
-226
-1958
5611
5459
-662
1347
3939
-8227
2058
-1133
-2743
-9988
6563
8232
-1986
8743
-8405
5454
-4587
-8732
-7099
6430
7659
881
960
8558
952
2440
-1694
3720
592
-4192
4523
1387
-7016
5174
-8714
4049
-4287
-8235
-2490
8687
1537
-3822
-5286
-4583
-8102
-2843
6173
-3445
-2700
-8731
5838
192
6914
-3267
-6862
1043
-7110
-5775
4538
2988
-9735
4709
-1175
-377
3645
-8088
9417
5912
5717
1330
-2321
-4600
4277
5821
-1341
8057
4013
8048
-2223
-3714
-1925
-183
-9363
312
-8126
9363
-6294
-7672
-7011
7842
2585
3460
3762
2190
6749
-6017
-5054
2144
1330
2525
2758
7594
4866
-9699
7446
-7484
2829
-2051
358
-7388
8679
1060
1234
5280
3502
-1838
-394
7294
-7164
4830
-5466
-5748
-8605
-6745
4429
3001
-6517
6678
-1926
-6083
398
-5604
-2205
-8444
-1668
1055
2749
5665
3226
7042
9979
-8934
-5416
4426
9053
1998
-1060
-9836
4722
-142
-132
-234
1066
9720
-508
5129
8127
-6631
21
-6661
5198
9512
-6776
-9455
-8691
-1372
-9746
-5902
276
-4565
503
3211
-4183
-4894
-6941
4102
1726
1473
-3085
-9050
5176
6401
-2956
-3038
4641
3011
4762
-491
4527
-8867
1043
-2053
8999
-5923
-9379
8684
849
9079
-5190
6096
9989
-8976
-3379
4616
-8023
1754
-9587
9551
1888
3413
-8187
1292
-5442
6932
9057
5607
1925
5378
-156
536
-2522
-6557
-8998
2436
-4655
-9794
7724
-6140
431
-3493
9592
8462
7945
-220
-5771
-8365
-4747
950
2128
4363
4833
4855
95
5069
-5206
8410
6205
-2574
-2331
-7816
-9449
9134
-6588
-5597
-221
-3717
3250
-2204
8681
-8298
2771
-8543
-732
3514
-1115
7308
6145
6820
-5933
-8724
-1933
-452
-2292
-5303
8526
-9072
639
147
5638
1703
-2843
-3953
-6449
-1658
6104
-7617
-9631
4071
917
-9945
-8904
3814
-7129
-6271
2128
-3128
6449
178
-1584
2745
-9632
4284
-2742
1774
3325
-8459
-2330
-1069
2930
1229
-9403
-8320
2723
-9358
1121
5112
2756
-5687
1931
6785
-7986
1497
5482
966
2370
717
-3046
-8758
-2544
4299
-1585
-4560
-9440
9521
6127
7553
-4066
-5753
6735
-4175
6168
-4739
-8745
1388
-4224
5649
8790
1309
5711
6823
6932
-4902
-2507
6137
6004
-3916
-6741
-8674
215
-6374
-7198
-7172
-8455
-3673
-1235
-1465
5321
3992
-5571
-9325
-748
-1558
-3946
-8062
-7606
-7984
492
-1956
-7574
-1188
-2366
4952
-9306
4962
4245
5220
-7542
-2436
-1152
-8108
4083
-9787
8406
5390
4587
-8378
-5955
-6303
9751
-957
4150
6231
3147
-9472
7587
1918
-6486
3879
-8674
3477
-8256
-8069
7794
-785
-7608
-7256
7682
2226
-5974
-3453
7505
4969
-3189
1754
5120
6159
-6591
6662
6259
-4513
-1819
-8391
-8011
-5475
7132
-56
8275
-4272
9933
3423
4574
2217
-7860
5449
217
1782
6755
2769
3230
-2006
3778
9098
-2746
5217
-6757
-5526
6096
-6217
5988
-4845
-9231
-8316
1394
-7635
-5547
-6851
-2306
-7868
7865
52
-7225
8123
4129
4202
-6476
-9455
-1206
-6577
333
-6945
800
1446
-9123
-8261
1014
-7129
-3417
8833
1531
-9610
3676
7774
-5607
-8716
-4191
4344
-8668
-1684
-2424
-9848
4516
-9779
2900
5025
-2578
-1675
-1273
4509
-573
-9711
8179
-2609
6639
-1473
-8969
5008
1316
-4128
-6830
-6837
5855
8121
-3649
786
1420
6336
320
-504
-8189
8028
-655
-2466
664
1794
4897
4668
-2283
9210
-6350
-4077
-222
2909
-7903
7979
5624
-6613
17
3140
136
-9066
9966
1077
7707
-7195
5485
3708
-3898
5299
399
-3295
-6918
-7053
-8201
9449
-1600
-5855
-1997
-3699
-8077
-5819
1358
-9808
7833
7648
3898
2238
3499
3912
-3122
5279
427
1657
-6395
6236
-591
-7962
-2011
2108
-8088
119
860
-8276
-7374
-9063
-5278
-3979
2430
-9520
7439
8263
-1989
9245
-2257
8046
4851
7558
7964
5674
-5443
-4012
-9651
5770
-615
1991
9828
8484
-3254
-4282
1731
-4967
5416
-132
-8558
8805
6570
2049
223
-5704
1212
7940
-134
-4670
-1929
9342
-4184
9756
-6114
-491
-8692
-1958
-4344
-9647
658
7750
8171
3897
-5541
3935
-2536
4055
5452
7499
6670
-8932
5190
-9228
-4658
-4183
-9602
-9478
403
2763
-9828
1754
-1864
3483
1055
-1652
-857
-6345
-9967
-8732
1028
-3883
9013
-163
9422
6518
-1402
3713
3127
-5112
2813
-2212
-1523
3104
6536
1107
955
542
7164
-6126
-3903
731
-5414
6662
3288
4506
-221
6524
-9352
6039
-7921
8423
6512
1588
2018
6638
-6941
6645
7337
-2483
-96
2169
5016
2508
7447
-374
-6148
779
3178
794
-1730
528
6538
-9049
5933
1679
2423
1669
-7485
6636
-243
9978
-8781
-6295
8216
-5688
-6553
-4760
8861
-3282
-8174
-1226
173
-8222
-5844
8138
-2033
3196
-1756
3528
-1770
5853
-2151
-3120
-7095
111
-3168
3675
2975
4425
121
-4360
9590
4807
-9294
8236
6396
-3288
1351
-7854
3087
-1527
-8421
-5213
-9564
3513
4391
1263
9603
1016
8538
-6335
3175
-9251
-7043
-8992
-3959
3306
8153
8663
-7245
-2770
-7493
-4190
6166
-5949
3510
1724
6858
-3572
-3247
9686
-4815
-8499
9918
9974
5290
3370
-8880
982
-8692
-4942
-8877
-5492
-921
1495
1297
-9350
-7239
7247
6694
6286
9415
8285
59
-331
4445
-5611
-5877
497
5100
-9444
-3401
6085
-8951
-6145
4874
-565
-1418
-3064
9370
-9277
-5005
5881
742
3107
9214
2488
-2732
8444
-2168
-4928
-5929
5492
-8727
-2180
-4520
4484
-7169
8330
857
5054
-9851
4378
-5853
5930
-7415
1996
2438
-9409
-447
-6216
-4963
2281
6206
4082
17
-7903
3965
594
-1342
-8989
-4040
4958
2726
-2525
-5486
7287
8247
-4037
-3881
1134
-8468
-98
4175
5237
-6355
-3524
5528
3571
7797
-6102
-6107
-6486
8069
4501
-8973
-9682
-5471
-2572
-8382
-5782
4243
7889
9253
5158
-5651
-3670
-4945
9205
2760
9596
9065
1493
7493
-5456
-9904
5303
4551
-8217
1607
-3
-7107
2803
6953
7693
4516
7977
-3014
-3333
6806
1422
2808
-1966
2321
3572
-1796
265
-3062
5847
-5764
6619
-4210
-9435
-6543
-8130
7615
5261
-486
-4491
1072
-7089
-3608
7966
2561
5470
-2565
-8530
8849
3976
-5989
4925
-5955
-949
1538
5756
2331
-4453
-2100
-2100
-8605
-2403
8658
-2306
6637
5491
-441
3995
-1004
-4858
-4414
-3114
-5730
-8339
-3884
-5040
-1750
5295
7056
-6793
3571
4138
6203
-110
-1211
8627
-6028
-8463
4112
-6567
2026
5705
3387
-352
-3135
-7310
1544
-7596
-1730
-5901
1714
-2165
9142
7196
3167
-9787
-7966
-2513
-2491
9036
5676
-6586
-9588
5783
4664
1476
9108
8597
4895
-5163
1449
2943
1506
1333
-7756
2288
251
-5684
-9928
7841
5871
-1567
-2698
-3909
-9544
-9465
-7344
7212
-4610
7417
-2943
-4153
-6043
-782
-4113
2563
-9522
-442
8022
3492
7483
7929
-5151
-2467
9190
7713
3997
-3918
-9780
-9045
-3457
-4630
-1315
6985
-3751
-2359
-8522
3171
4054
4613
9700
2752
-604
-2247
6880
-5927
6476
4205
1094
-1143
-8471
9352
-3277
9326
3246
1809
-2983
-4510
4715
-4500
9272
-6565
5752
-1316
-1182
9510
-2003
19
9312
8151
-5152
-9077
2139
-2618
-1124
-7407
2567
7442
6313
-7123
7572
-5871
-2222
3499
-8474
6158
6540
1295
-1227
-1583
5618
-9905
2656
-1833
-5061
9430
-8767
8943
-3565
1356
1433
9728
-9714
8236
1535
-8720
3564
-166
-2623
2022
4225
-6604
4019
1247
4264
-5972
-9040
9714
934
3254
-5061
-7556
-8314
-7069
2997
1492
-7786
5092
-139
8428
7851
5702
3300
8901
-1725
-8936
-1744
-8127
-8017
1135
7772
-1477
-9779
-8797
-7566
159
-9278
-1445
1695
-7478
-9720
-2927
2095
5269
1452
-4819
-4629
7480
-9344
-3259
5734
56
1551
-8491
3394
-9406
-5957
-2286
-9146
4281
274
-5526
-5410
-1843
4087
4430
2211
1013
4320
9633
-1065
7121
312
-5687
129
1804
2845
-7518
5383
-5636
8286
-133
-1806
-3801
-2191
5894
1906
7226
-6816
7639
-2236
-5555
4457
9037
6751
-6634
7572
-2908
1746
-1496
6252
-6669
8371
-9448
6759
5975
-6557
5265
9775
9110
2025
-8170
-4229
9046
2876
-3877
3451
2082
3503
-947
-5122
9908
-5856
9616
1878
-8350
-9843
3981
-2317
-736
-4363
6572
-5699
2799
-6177
6422
1691
-7886
4952
169
6098
457
-4501
-1574
-3135
9454
-6580
-8424
1859
5100
6942
-6955
-6122
5005
-3753
5898
-4678
-3319
-2112
-5600
-6063
-5294
3129
9214
2274
3341
9593
-9463
2851
5184
-4225
5617
7195
-3087
-3819
1771
2981
-4049
2681
-4671
1544
3412
-6313
-3678
6999
1920
-2360
5467
1392
-3713
-6966
-3458
-5519
-5074
1387
-3968
-7304
7461
300
3168
-5651
-5939
1327
246
-9003
-6221
-1939
9522
3491
5650
8896
-6659
9065
8064
5948
-6199
5559
-9530
3114
-792
2850
-6241
9748
7087
8836
5086
-126
8090
-7278
3722
-3234
6581
3630
6333
1515
9020
-83
6351
2552
-828
-9
-2041
2307
-6207
-7948
-310
4729
5371
8579
7586
9494
-9126
6461
-1654
8052
3730
5901
278
5941
-7493
1445
-2728
-6029
-3562
5619
59
5116
5590
-2415
-8299
-9690
-7141
-218
-6316
8797
1940
6789
-3453
2120
4408
9120
-3923
8515
620
-9323
-2563
1435
-6887
4036
-3128
-9618
7579
1701
-1200
-7345
1156
4864
4459
-4546
612
2449
-8953
9576
9644
-9429
1381
2833
-945
-3499
-9748
9124
-3891
8702
-6207
-6539
-5768
-6959
8950
1981
-8896
-1319
846
-936
1393
-6464
-9813
-5191
-2006
-8994
-3338
9425
4729
4183
2475
9650
5295
7203
8969
-5975
-6432
1899
-370
8472
4549
-5021
4783
7986
8736
-6492
9835
-4953
1314
7603
-2676
-6229
-5050
6053
-3322
9082
4021
-5472
5090
-9805
-7133
-2845
-4576
2513
3543
-1116
-9616
-2475
-9918
7912
1260
-2791
2780
864
-9447
-9748
7710
886
4007
7151
-352
-9899
565
5306
563
-2724
-75
-9747
-4451
2392
900
-4374
-2044
-6512
464
4687
-9996
1062
9883
688
-2659
-1335
-8662
-7673
9679
-5539
9957
1310
882
-2361
2713
8322
2237
-2234
543
-3968
-2165
3136
3907
-2601
6224
-4327
2594
267
-7333
-5842
3603
5738
6198
1380
423
-3167
4227
-2465
556
-3264
4816
-111
-6899
-6374
-8989
-8371
-6790
-7026
6528
3137
5856
-6265
-8429
8962
607
2398
6487
4958
186
5609
2756
1823
-2201
5724
-1916
-5413
-7133
4265
-171
2123
-7622
3720
-231
7214
5692
1342
9665
4893
5656
3026
-1497
7663
-3715
-3369
4618
7059
-8840
-5520
566
4333
8340
-3526
2696
8580
-4405
-5980
5727
3394
-2529
-4701
-2192
470
-5479
8655
9069
-5241
-4432
5033
-979
7954
240
7342
9055
-7052
9910
4421
1606
-5097
-2823
-7746
-4024
-5800
8172
9371
-5474
8437
-1117
-9011
3582
9487
-7792
8328
2139
4603
-9095
-9311
8627
-9146
-7234
-8457
-3851
311
-1581
502
3978
1998
-1076
7894
-3244
2778
-7547
-1015
7866
-4984
4041
484
786
548
-5951
146
-890
3907
-7763
5404
9060
4778
-9607
9051
-6984
375
-8949
-9900
-6158
1471
-563
3388
5223
-9668
-8952
8577
-4355
-3521
9086
-8102
4314
5489
8232
9223
6793
-6782
-8915
7154
-6347
7053
-7044
-1942
8912
3817
-8658
3800
-9026
-9089
6517
-7504
6789
-9497
4811
4341
6340
2947
-5328
-4882
-6876
762
6626
-670
1062
7000
-324
7746
-9372
38
3573
-6786
3460
-3340
7892
-9375
4950
-2945
9507
-9268
-2427
5101
7364
-5584
3116
5620
-8511
3718
6084
5693
8738
-9271
-3051
-9577
-6625
3656
-4794
-53
4703
1353
-9589
4381
-7452
-1206
8992
7979
9191
961
-3041
5839
2222
-8991
-3568
-4417
-7201
2808
-3385
3814
4780
3290
-1283
-4268
-3673
1641
-9853
3415
-2673
7616
4438
-1019
5432
-3286
-9437
-1632
5979
6995
4336
-6450
4799
3348
314
2241
5522
-6712
-5716
-8471
6916
-8631
6384
-6700
-5533
-1295
1604
-4686
5460
4722
9278
-385
-215
6809
-5513
51
-890
6595
-6127
-7001
-6529
-4941
4491
3161
-2238
1155
-7220
7186
6868
-6253
-8139
-8711
-7246
-7923
-3407
-9409
4423
-9755
-1131
5784
3539
6779
-54
3386
5568
3943
7943
-608
-9990
-6111
3032
-478
-5904
1307
-2938
-118
4021
3119
-2227
9381
-5235
742
-3797
8817
630
-9002
1957
-1459
-8168
4025
6709
-669
-2550
2650
774
5641
4066
-4153
-4771
-6817
1494
3534
-934
426
-1587
3357
2505
9913
-2869
801
7499
9794
9373
-7143
8039
923
8808
8207
-1635
-5155
-9267
757
3301
-6746
-6132
-3663
7689
-2313
1032
-5858
4924
-2989
-3807
-8898
-1476
-198
8831
-5984
-9117
6751
-7336
-9367
6458
4678
5243
5960
-6789
5521
-1666
-98
-4473
1162
1287
7889
-7255
-8483
5823
-3031
5023
-7968
4925
3471
7959
7352
85
-4312
-5633
7004
8722
-3763
7973
3819
6628
-3357
3434
-6103
-7151
8370
-8931
-4623
9822
9253
9441
-2985
-7028
-2757
9278
549
8976
-5999
-4353
-901
-392
551
8036
5519
2685
-5982
-8161
4603
-1091
-6520
-6070
-3965
1310
6374
-1914
2531
33
-495
-1228
-680
3093
-4099
5841
2201
-3431
-3233
3188
-3075
1082
7321
-7809
-4919
1651
-8414
3592
-1552
7
-4976
8982
-6021
-9349
3636
-986
323
-4136
6113
-5511
7289
2267
2636
-6460
6595
7092
-5109
-1383
-5899
5160
-5158
-630
19
4984
-3196
-2206
-3843
-8085
976
8775
-9965
1948
-3941
-7153
7557
-9984
6897
-8767
9427
-7657
-7717
-9000
-985
2513
-2316
5418
-9216
4170
-6086
6423
-340
4696
-1950
-8175
4358
7715
-1263
3141
5457
-6584
5216
-5462
5612
4442
-9827
5690
753
839
7052
2160
-775
-7191
7377
-6726
-7808
7444
9613
-2427
3690
5547
3681
-6553
9576
-8737
-8866
1562
4483
-888
6300
-1788
8566
1509
890
5006
-3330
3417
2681
6641
7306
-2257
-6304
-3901
479
-7128
-5879
5731
3495
-4450
7971
-8061
4350
9999
8080
2250
-8007
-4014
-9783
-7586
-2416
-7507
-3042
7686
-3424
7921
-6722
-8427
5529
2077
-6739
64
-2859
-3443
-8552
-5850
-9501
-7460
5316
4590
-1216
-5189
3480
-5639
7459
-8272
2528
-3981
2166
-7098
3744
8708
1113
8250
-5580
6332
-1404
1272
7289
-9571
-9492
972
-4716
-8309
-4873
-8148
1802
-4206
8529
3572
-8883
9777
9662
2068
1816
-9557
348
9923
2778
9746
-591
5516
869
7510
-9656
-443
-4442
6869
5019
7620
-3465
-5851
-1044
-5912
1380
7113
371
-6641
3956
-5802
-8455
-4485
-2982
3123
6165
-5732
-2671
3787
-9150
1914
-9741
-7773
6823
-8373
5413
-4707
-7862
4958
2014
-4772
5603
-1689
5736
1595
5148
-1681
3143
3119
-9352
8101
9498
-7750
3874
-4321
7651
6391
3817
-1766
427
-1202
-2623
-1471
-1869
8133
-2425
6301
-5876
-8314
-3484
-4648
-161
-7008
6508
-9001
1574
-3410
6683
4645
-3336
3222
-5919
9297
-2826
-3944
-1648
-2659
3711
7829
-8918
-4023
-4469
1815
-8995
-3073
-5343
351
5175
-3995
4753
1640
-9166
6144
-6729
-7321
-2903
8327
-9500
7782
5755
-5858
-4120
3278
466
-7410
-3049
158
6358
578
-710
-7475
8620
-1513
1569
-2562
-6746
1939
5871
9830
5780
-5840
-3479
5769
-813
5827
5157
1733
8601
-4548
3678
-8283
9533
7485
3341
-5331
-3197
5370
-6150
8706
9029
6515
-5339
8600
8340
4055
4446
-4443
-5345
-3969
-376
-4910
-5204
-2972
7088
1392
5389
7326
-1339
-2215
2387
8279
-879
2472
-1151
-8060
2147
-516
7036
6444
-4821
-4799
-524
-4971
-9976
-9772
-3551
-7890
8387
-3306
-4195
6150
-1446
-5642
-760
9693
7175
432
3237
-4020
-2900
8854
5422
7160
9863
-8733
1312
6453
-7639
6695
9930
214
1327
6470
-7024
5296
-3100
1442
9798
1939
-6715
6773
-4117
8406
-3667
7911
-3298
1612
-5367
-2683
-4432
-3989
-2080
488
3136
2770
-283
1694
7924
9235
-185
-1706
8565
-299
-5806
-6719
-8003
9303
8833
-2078
-7787
6224
-9261
-7476
-4748
5036
-3886
4881
218
-5831
4274
-2327
-4634
-5008
-6853
1722
1578
-986
2240
-7885
4275
4324
2961
5361
8203
7010
4337
-221
-8549
6079
-7453
-3845
-7973
6473
-7118
4120
9368
1255
101
-9079
-7665
-7421
9633
-2902
9588
-9893
9086
-3583
5789
6016
8234
-9335
-6858
375
-5698
-152
7038
-8266
1495
-1367
3743
-5245
-2101
-4344
-1192
-4549
6180
7824
5561
-7353
-884
3152
3562
4079
6728
-9046
4712
3142
-9227
6778
-2222
7153
-4359
-6151
3268
-5288
-6604
4012
-2415
3937
8234
-3025
4562
2287
2621
779
-1527
-4665
-8968
-3074
-4059
-635
-8468
1163
-4515
-7995
-6053
9835
7610
3773
-700
5023
-5690
-2469
-9847
8268
-732
4054
2720
-4323
-4629
-1253
6492
2974
4055
3622
-2509
1317
-6309
8102
8312
6437
9152
4915
-3883
-9441
-7580
-1991
-8211
-1125
3059
8173
-7818
3273
-2760
917
4848
5866
-3589
5186
-8839
-8264
9137
-5952
7071
5923
-9314
-3158
-7110
-4217
3470
-5384
2408
-3787
3097
7058
-717
-1193
2930
5975
-3617
7359
-5519
4277
1352
9068
7186
-8194
-414
8489
5258
-628
5647
-3075
8616
9127
-2135
4448
1775
885
-8527
-8547
3857
-9299
4160
107
5770
-469
7
140
1478
2666
-5409
1975
-1567
2454
-3176
4831
-3013
5044
8589
8879
-7844
-7187
6009
2446
4263
2165
-5538
-5544
3833
6199
-1661
-1960
9660
-6215
3518
-9633
-1718
-1174
-4060
3544
-8356
-6763
396
7792
6158
-9071
2605
4763
5787
7781
-8215
-8072
8206
2536
-7935
-2535
-6303
-813
-9774
8240
-3647
-3065
5263
-1548
2631
-6751
1627
803
7770
8707
-5116
2747
1586
-2778
-8729
1031
-293
-9384
4596
-6086
-1570
2241
-7838
-6543
-7639
2678
-745
7078
6045
5433
-7086
6846
-1285
3347
2029
9723
-5251
-2990
-7671
2687
6487
5172
2642
3530
6184
7585
6315
626
2172
-8439
-1391
-1935
8794
9140
-193
3671
-861
-6296
3017
-9343
-7062
-478
-6715
-8919
7421
-8570
9749
3750
9744
-6783
2301
6067
9542
323
-1137
3911
7081
7276
5872
5078
1656
-6541
-2261
9130
-1368
-3042
7790
7632
-19
353
8159
-3743
-8160
-2312
5162
-370
-3424
3951
7961
-9246
-1481
2567
-6550
2037
-1109
2926
-1311
-3980
3987
7430
5825
2295
5143
-4033
1617
8980
4323
-551
8351
-4998
826
-177
1261
6812
-3438
-2501
217
9103
-1296
-1414
-8505
-291
1853
4497
-291
6327
-9307
6914
1983
-1159
9915
9828
3696
6374
4959
-7895
5121
6027
-8231
5435
-3826
-7017
-7726
2030
-3708
3868
-9328
3137
-3547
-1766
-4755
7328
-2638
-6684
8018
-1959
-6405
-9191
-1842
8095
-3213
-452
-8913
-6166
-9167
-7101
-2860
6435
322
3476
-9982
5617
-309
-4737
485
199
4173
8755
8441
-957
-1250
-6939
-5360
6172
2631
-8606
7612
7704
3501
-2766
-5331
-8963
-6860
-4782
-9928
7870
8107
-4361
1276
-9262
2291
717
1115
-2340
-2970
-3880
-2928
-6018
-9548
-1683
2035
-6441
8329
1460
5574
-6977
4046
1773
2564
9698
4446
3672
6114
2672
7594
-4445
6804
-6097
6636
-3309
4675
-2592
-4337
7155
-861
-6521
8874
-5361
-1964
-3684
-8314
-5263
4797
7963
6040
1548
-5156
-551
245
5204
-7866
-2659
3333
7022
-2039
8055
2379
9975
6494
9520
-9668
2187
-7287
-981
940
163
3414
-7264
7811
-5704
-519
689
-8800
2046
7696
-7245
6269
-5921
-6233
3940
394
8178
2562
7474
-9816
-5885
9700
8287
4025
3915
6112
5389
8340
4392
-6777
-9325
-8650
1046
286
-9466
846
-7932
3551
-9123
-7423
4375
-7113
4889
-7123
-3225
-3739
-351
-4481
7348
-4188
3967
6490
-1884
-62
-4375
4532
-5127
-2339
-9650
-2602
-2199
-3700
-6313
5692
-264
-2752
4787
1949
-721
2897
9595
865
-5011
8003
7499
-7229
-3240
743
-787
6289
-8653
-8962
-6427
-3315
-2138
9579
-7982
-9811
-8739
-1606
-1466
-8226
9290
422
9143
937
-4367
-1577
5600
7802
2270
8718
-2173
-7523
6092
-2979
-9056
-7779
-7359
-3657
-5000
-7249
-6808
-5380
-984
4944
-8520
6939
-9485
8350
2511
-4978
-2270
-6497
5722
-3027
-4992
9572
-6752
6138
-4210
-9870
-4073
3506
-5972
-5677
8787
-7248
7503
9402
-6482
-7791
-1265
3838
653
9065
-7933
-6875
1772
-1108
-8950
5219
186
-9043
8939
-2843
3861
-2019
-1500
-8475
323
1679
1545
-3257
5955
-7152
-7992
-6464
-1313
-4807
-2356
1941
376
-247
1596
237
5204
-6739
-9665
-7239
-5027
-5903
6916
-9129
-27
1370
1885
-7816
1932
9016
9373
-8068
-1580
7121
6685
8400
3793
1989
8122
7383
9660
-2885
-1030
1062
-5463
-720
7401
-1819
-2818
8240
5441
-6389
8736
-8990
-5212
6246
-2333
-2520
6724
-124
5037
8930
8335
7175
3189
3153
7697
-8576
-3023
-2736
-3425
-145
8762
-9174
-4322
2357
5608
-6953
-1289
3330
-2771
4830
-6838
-3393
-7048
5361
8521
9285
-1695
-5857
8216
5590
119
3252
-6410
-8287
7213
-2506
-9534
9844
-3059
-539
3575
1814
4073
8633
3909
724
-3544
9089
-4180
6896
9448
6001
-3341
3639
7612
-8151
-5544
9258
7765
-8376
1637
-4246
-6231
1721
-6964
-9385
-974
-9860
7330
2961
9012
4334
3248
8958
8987
-8457
7314
3135
2651
-6130
-9717
-8321
5570
-4309
-2419
-6435
6350
7681
-8872
-2601
-1599
-3722
-1083
-1716
-4488
8414
-8132
3761
-6017
6226
-8895
8717
4577
-7645
-8866
944
5579
-3173
-1012
6657
2980
1517
6523
2097
750
-7849
7072
6989
-6560
-4606
-1724
6589
851
-3048
5945
-1109
-1924
5225
4096
-1238
-4902
1472
-2969
-2698
-7017
-4780
2504
7340
7787
-1611
-1744
-2367
5108
-970
-355
-1416
-9463
1861
-259
-7624
6016
889
-1111
707
-572
5880
7245
-7806
1390
-4315
45
8291
-4413
2500
298
7671
-2892
1025
-9058
3047
-5232
7492
-9536
-5048
3885
-6576
-4426
-2004
-7148
1741
-9489
7753
3710
2216
3665
3037
5164
3621
-963
-5956
7981
21
-8853
9454
9966
6289
-7371
5276
1797
5218
2716
-5697
-8323
-3505
9791
-9495
-7209
6619
6409
9505
4496
-8799
-3571
-104
-5329
5285
-5667
1410
8529
-3265
-7156
-9625
-8977
-621
4794
7289
-6510
-7352
-1482
-6977
4600
-7627
-2065
-5547
9416
4273
4070
-8618
-9816
3541
7751
-1079
6690
8466
3996
-948
9021
-976
772
7191
1687
-2956
-6404
4475
7015
3245
-302
9310
-3940
72
5769
2911
7385
-2001
1905
-8865
-5599
-1658
-3404
6467
8379
5510
2930
2068
3702
783
10
-7361
-3014
7172
-7165
4739
-1218
6694
-5999
-8733
8308
7515
5220
9402
1849
-8818
-5935
7857
-9983
-1742
8233
-6265
-6308
8560
-1785
6047
-8197
-7731
9734
-48
2455
1247
-6189
8137
6910
4793
-825
6191
-4410
-9824
3062
8078
9883
1281
8351
4422
4880
4908
5570
-6249
9303
7115
-1446
-1629
5837
-4918
-6929
-1456
1548
-1380
-7456
-5891
-5824
5299
-5722
7404
-4884
-1915
-9075
-6747
-1547
-2889
1684
3779
9931
1373
5297
4618
1179
5616
3131
8208
7701
2101
8016
5095
474
-6963
8437
-9607
2663
-5416
-1497
-5401
-4546
-4483
4782
7696
-3140
-9968
-8589
-3755
6808
-1032
-7128
3161
9733
-6097
-6066
-5123
-6399
991
6261
9354
6526
10000
9855
-7095
6558
-8345
1280
-921
2502
-2128
-9104
-9306
-7089
-3442
-1871
1495
-6375
451
5717
5036
-3344
3979
6365
-3122
4401
3384
5085
8441
-7224
-1242
-7024
98
7296
6455
5278
1083
4080
1234
9637
7729
-7490
1338
433
-2684
-8428
8820
-9829
4607
9573
-6248
-9991
5542
6105
8528
-1221
-5195
-6463
-841
3871
-1276
-3763
8743
-3689
8710
9058
-5700
3242
-2469
-2737
9673
7944
-7755
9824
801
-271
7468
-6364
-6896
6665
-3800
4849
5002
6864
7869
7031
4925
986
4992
-2299
-3937
1973
5818
-4064
-5792
5283
-7361
-7419
-8328
4414
-6939
144
5362
8885
-6476
-9146
9490
1284
-9456
-801
-8047
-7921
3399
1647
-5046
4449
8438
4745
9867
-6411
466
-9543
2672
-3416
-8922
4404
-5878
8859
4794
3191
-10000
-8347
-8454
2639
8483
5572
7311
-8343
4754
-3125
-7265
-4236
1456
-3779
-6287
9747
-3994
-6907
-2608
-1839
-8253
-6773
-3963
8734
-3043
4118
239
8399
-6374
-5092
-6678
171
-8462
390
-9641
5700
8259
5882
78
-7481
1562
-7518
3932
1347
3160
6929
6874
6841
2119
9107
1607
-3995
7585
2595
-3345
2047
7464
-9481
-5575
-9998
-2539
-370
-4876
7331
-4024
193
-5835
5303
-1979
-3333
9228
4610
-5364
6120
-5383
-212
-7992
-3529
948
-3914
-3981
-7534
-9244
1773
1098
4721
-2045
-9900
2235
8637
2763
-9016
4425
3898
-8849
-6674
-4230
7430
6307
713
-3615
-7874
-7618
-1036
-9730
-4436
1852
176
-8886
-7005
-5460
-7307
-992
-1130
-3887
9280
2201
-6573
-6513
-9387
-9293
8971
7473
5025
3878
-7996
-1777
366
7316
-6821
3795
2660
9108
-8732
-7966
5897
-588
-3642
3228
2816
-1355
-3510
-1243
7293
3359
-8700
-4221
-3134
-5150
8600
-100
-4536
-2348
1266
3975
5617
9335
6466
-7735
6150
-130
-5589
8941
9712
6652
-7524
6361
-9924
-3005
-4644
4476
-684
-6345
-7162
-3846
-9355
-7767
-4697
-4312
7402
-5168
-3669
5109
8064
812
9976
3562
-4861
5294
-4480
3826
-150
-1653
-1005
4750
6174
8749
6257
-2293
7527
9990
2872
-3910
4131
4057
-8225
-5471
-8299
-5147
-3227
7138
9956
-6316
-8377
-1438
2972
-7354
1161
-8408
8000
6707
2439
-2165
-1483
4662
-118
4153
-6676
-4502
-5668
-3825
-1122
-6574
1220
-1969
7505
376
-2391
-4854
-515
-961
8013
-5179
4154
-4092
-8929
-5876
-7949
5422
7158
3728
-716
-9931
1748
5984
-91
-8020
435
3772
-2396
-1549
-8698
6829
1560
-2991
4317
-4870
5165
-6049
-8681
8349
-7325
-26
-7940
1913
275
-8334
9268
9889
-5623
894
3432
2308
-4978
9211
-6896
-8415
-5031
-1602
-1591
-247
-9481
-3431
2944
3746
294
4508
6370
8603
7590
5452
-117
4624
-7935
3010
-6232
-9767
8210
150
1190
-2584
3464
-5077
7238
8136
-3358
-4594
1669
3535
575
5749
-170
8647
5948
-8479
-2558
4388
-2914
-1600
5078
2500
-3801
-4020
-8789
7737
1739
2729
8820
-9488
-7502
-8658
6985
9772
-3334
5509
-3028
1819
6028
-1730
7847
-8028
-3286
-209
8631
2404
3704
8725
-2284
9011
-4865
-4395
-759
926
4644
-3455
-6798
345
819
144
1426
-3676
-7921
5542
5640
3011
-2540
3064
-3316
-8104
-6436
-9517
5496
9643
1290
-5331
-1996
-8130
-6048
-4842
6599
2481
-4417
2557
182
9192
-940
9289
4468
-5806
8817
-6287
-4897
-8618
-5168
1650
-6406
7110
6506
926
-8767
-5938
3743
-6169
-648
-3275
2030
-5312
-8319
3544
7900
5930
-5511
6461
2344
-8532
1891
-8408
-7921
7191
2171
3900
-5367
6398
-2231
-8798
-55
-9355
2234
6964
6204
-2561
-1014
3067
4088
-2374
7851
-8979
-6363
6561
-2868
6715
-1900
4924
7726
-321
-5696
3211
-9960
-6738
5538
-2423
3658
-7812
4695
-9958
5964
1840
-1629
-5843
-4759
2235
-930
6586
-8056
-4474
-8572
2841
4910
251
4346
-1949
2384
-2794
-2404
813
39
-1559
-3144
-4522
-2457
7616
-435
-6108
2734
-7448
40
2210
-2039
6560
-5611
-655
6145
1725
-4789
6544
-2660
9289
8899
-620
1608
-1974
1743
8239
-3759
776
9143
-5878
4127
7692
7145
9357
-1503
9697
-8464
998
1985
-7258
-2927
8204
9075
4415
6914
-2034
-1423
7997
1418
-1331
-3025
1559
-167
-4056
20
-3932
-9700
-5382
-4150
7425
-2161
-715
-940
5941
1479
6177
2223
-5664
9796
-322
8408
-914
5422
5596
6452
3709
-8512
-6836
4159
-7790
-3432
1774
-1872
-147
-8233
5231
6151
-2918
-8871
-7383
2082
2355
-3110
5277
-6699
-7770
-4240
3674
4875
-471
-2722
8764
-5317
5150
5617
4925
-8551
3347
4809
-2508
-9126
-8482
-7928
9981
5320
7914
-7986
7385
-2890
909
5307
-1114
-375
-4167
-612
9238
1681
6073
-152
-7196
5675
9176
-5226
9902
-7784
9735
-6292
-8675
9180
8078
-4698
5252
-4609
5963
3653
-9981
-1579
-6702
-1634
-4099
-733
5774
-7075
1021
-6515
7202
-8271
9471
8536
6496
4510
3003
-9351
7414
9094
3046
-9348
-2984
-1931
-4555
3736
-2094
4596
1476
-7934
5035
6138
-5471
2433
936
-8801
2831
-3189
8399
-5104
5541
1329
9621
-6045
8733
6464
-7494
-9629
4423
2974
3696
-1581
5490
-3745
9828
6316
9443
632
4474
-3357
2361
4559
3058
7345
1514
2744
-9938
-3669
1245
-2116
-4988
4953
319
-4609
3684
2822
5613
8856
9472
-4384
3724
7142
-733
-7284
-1990
-1117
6463
4421
-9215
3433
5972
1856
8787
942
-1962
8129
7112
5027
-627
1141
-4751
5349
1380
2326
5080
-3996
-8453
-960
-619
-9652
5474
6228
-4765
5679
-8513
-6548
8755
170
9642
-3715
790
678
-4477
6232
8031
-2669
-796
-7083
-3203
8803
-5282
-4054
-6709
1777
1850
8458
4901
-3042
691
5161
-3610
4465
-5904
8449
-6175
8712
-345
694
-6211
3643
5965
-4040
1435
-4399
3907
-401
8797
-7970
-1532
58
1123
-1386
-8232
9919
4878
-5025
289
1803
3393
-3771
6674
1886
768
2092
2619
-7909
2765
-5290
1939
1648
-1394
-3056
6451
1045
-4249
-1304
-6745
-4987
-6607
7486
9733
-9263
1417
-382
8835
-3594
-7521
7736
-234
2635
3390
-5637
-6509
7126
-7008
1679
9723
6087
749
1039
-577
2024
-2767
8410
-2845
-4186
5550
-208
-6819
-3154
-218
-8516
-4737
-5889
9966
5276
8660
-7768
5735
-6206
-9095
459
4067
9127
6785
-2649
-920
-7763
2358
-8683
6256
9970
-472
5184
622
-361
8463
-8416
-7502
2960
-5741
-6564
2500
8505
-3980
6919
3034
9107
8620
3755
-6793
8298
-9136
1574
6575
2017
-4762
-1232
-1784
-3066
9862
955
5795
8622
-4497
3886
-3762
-4546
-9822
2637
5964
3209
-8532
-9534
-3303
-9891
-7551
-6132
3655
8741
-4887
522
9310
209
-9421
-6072
2127
-8620
-531
1885
-9364
5084
-8175
-4834
9100
3437
-4911
4773
5290
6560
-6237
2276
-4432
8998
-2390
-5173
-1991
6173
-4684
8817
-2782
-3943
9160
4648
6919
9067
-1099
8296
-8541
1361
-3981
-5742
9118
7633
-8006
-9989
-1396
2871
3638
-7529
-6139
-7808
9349
7922
-1281
-9052
9140
6898
-3428
-5367
5376
9710
9813
2478
5280
-7902
-4611
5911
-9644
9800
1832
295
3087
-4764
638
-6689
5895
1092
5649
-8918
3660
-7317
6644
7688
-298
7917
2758
-2666
2670
-1796
-58
8858
7803
4952
1591
5981
-5093
-9188
-7853
-4837
-2505
-122
-7199
1703
574
6008
2216
1470
6932
8105
8713
3662
2882
-854
-5707
6202
-5875
117
-2113
-9717
-4743
5731
3126
-107
3317
-2760
-2968
5036
3462
-3307
9356
-6619
-3832
4773
-4417
1040
-4377
-4594
-5893
4788
5484
-8248
3761
-6821
-3475
-7017
-7117
-3405
-2836
-9428
6391
7779
-6189
5144
-1558
2704
-4969
-2280
3071
5611
3026
-7618
5574
5333
-2268
191
-4299
2368
-3272
409
-151
-8186
-1383
-8649
7334
-4922
7751
-304
7643
-8602
3972
434
-3828
2732
1459
-9910
-9259
6686
9992
4935
8796
3271
-8443
-3218
-9367
-5147
7483
-3009
7803
-8901
181
8099
4700
-5207
-6261
-1425
-5234
2486
-8235
6995
-6537
8545
5089
8049
6839
-6196
-4198
6911
2046
-9211
8625
9720
-1483
1785
-1794
-9693
3269
-625
-2132
3410
-333
8814
-9436
-2569
1329
2641
-6145
-469
-9870
2201
-1544
-6391
7632
6862
-1523
-9177
-1430
995
6623
549
-2598
3082
8534
-9645
1463
2958
2195
3314
2595
-5996
-4305
-5659
1063
-5244
-8318
-8702
8315
-5402
-7801
-7630
-2201
1219
-5792
7709
670
9874
3335
-374
197
279
-7186
-2941
-174
2792
-7798
-2604
-9231
6366
-3390
-8811
2880
2683
-767
2171
5821
5799
-6656
-8998
9844
1367
6781
-5954
8259
-5433
9366
1379
9865
9152
6046
-4315
9827
-3841
-68
6940
-6873
-132
-7714
-9085
-5339
656
-192
351
-1154
-9268
3174
-9784
-7097
-4989
-4374
-9119
-9528
-9301
6062
-7401
-5713
6659
-7522
-9141
-5076
-8520
-2414
-894
-7350
-4643
2625
-7856
7698
-9855
836
-3129
2812
5419
-5126
-7347
-6938
416
261
4695
5302
-7833
-3008
-3367
2188
-4481
6121
-8407
4256
5821
4786
2889
301
100
1959
7508
4954
-4458
1818
9734
-9417
5044
5948
-4172
-6575
-5469
7906
-8255
-3933
-5937
8642
-9747
1195
824
4711
-3805
-8288
-5494
1053
908
8243
3405
3686
-4843
1941
304
-1092
5342
-8018
-9145
-1816
2009
-5806
-3724
5937
7787
-6482
6800
3265
4047
-3289
-8875
-9454
-703
-6151
-7824
-1674
-4349
-4712
-5335
-105
-9196
-1818
-8805
5603
3533
4847
1630
-3827
-2071
630
2381
9063
-9394
-6459
6394
-3563
2048
-9399
9379
9764
-9892
1965
7538
8410
-1444
1124
-5497
-9070
4090
-2833
5613
9457
-381
7588
5622
3547
3547
-7612
3610
371
5867
-6831
-9386
5355
-8265
5058
-1282
1034
7429
-5249
8485
-43
9472
3505
9525
6220
-8081
4029
-7768
-5967
-1919
-7677
9944
-5023
-8714
-2389
4871
9093
-7194
-5538
-8858
1462
189
-4549
4323
2202
-7995
1788
7571
-9006
-5724
-4546
-8213
-555
7331
9809
8389
4171
-1918
3102
4930
-8880
-3855
-3087
5216
-6779
2261
-5969
8773
-5205
3543
151
-281
-3683
9565
6926
-9837
9537
5565
3944
651
5697
7127
2437
-3699
5123
-8677
-5993
4022
-6612
9756
3070
-5277
8313
-3941
-6149
-9499
6698
3892
-5130
-461
9207
1149
3732
6470
1153
-3198
-541
2219
5337
-3862
-5779
-8820
-7496
1078
-979
3241
-9476
-7360
8928
-1846
7263
6750
-9576
-6547
8003
-2663
97
1274
-4269
-3102
-4572
-6308
-9762
7234
-7407
-7687
-5900
-2695
-3731
-915
4436
7906
-2920
-7083
-7126
4723
4188
-5478
9351
-4804
5933
9449
-6131
8862
-7244
3085
-1056
2159
-8238
6310
-3270
9822
8614
8647
9061
6843
-6027
2928
4578
8112
5957
3120
-9054
1293
-7540
7701
6196
632
-1322
-3129
4547
-6685
-1975
9338
8487
-4051
-344
-9730
-7576
-9522
-8790
-5490
813
5620
5027
2378
-3673
6023
6015
2890
373
-8651
309
-4611
-9905
-6294
-7928
-448
-3031
-4526
-8294
-4991
7424
5754
-7195
-4676
-7877
-2017
2951
-8416
9974
8203
9731
-6845
-684
-2951
-2851
-974
6039
-8908
5702
-4625
-2322
-6386
9325
-3147
-5716
-3079
-2996
2526
8437
6885
9300
-7720
5044
174
-8046
470
8523
7608
2838
6247
-9185
8932
-6500
-5976
675
-2561
-1696
4660
-3510
-3711
4297
6252
3097
-9006
-7906
-7044
890
-7167
4166
-6070
655
6377
-843
8526
-3515
-1562
3559
-9653
-8030
-3563
6514
-2189
6333
1674
-709
9074
-4705
-3641
7219
7786
8137
9962
-3916
302
-9411
-3843
-5180
3773
3563
-918
1488
1706
-5764
-7178
1909
4128
-3289
3068
-5828
-9086
-5741
8750
2929
-6125
2261
-3574
9021
-5800
-4572
-1486
-4877
-2521
963
297
7695
9852
9889
3087
-9598
7978
-3953
-9588
-4766
-9103
-5855
-4944
5207
-2720
3823
324
9963
2864
-7747
-3560
46
5026
6957
-5776
8591
405
-2443
2123
9614
-2736
-2895
3397
156
-2858
-1688
-6765
9368
1320
6936
204
-5052
3109
1490
-340
-3251
3263
25
-3094
-9693
1895
-6227
3517
-4
5471
-6216
-5065
-7519
-3557
6000
4430
-1656
-7970
-6427
4672
6289
4423
-1580
-6520
-9578
5689
1334
7136
87
-3809
3995
5656
-4341
386
-6748
-9360
-257
2377
-1969
-498
-9701
6382
-6970
-7030
76
-8355
3711
-7197
-9429
-4655
10
-9666
-5795
-8211
3909
-3708
7366
-513
3241
-1032
-6266
8739
-8765
-9397
-4702
-422
5502
2753
7425
-1858
-4404
7423
3632
4054
1577
6089
-8908
8451
-8211
3892
-9409
-750
-8863
-5172
8479
54
-5333
-1625
-4826
9400
9889
8177
2615
-7110
-5250
-5245
4319
-2214
-7408
6733
-4462
-8189
-4051
5471
-2346
4735
490
-5695
2675
7685
-7119
-982
-3897
339
-9061
3763
-2570
4504
9738
9754
6299
-7236
-1284
-5456
-6648
-5456
781
4898
-1250
5318
5178
6309
-4746
-3946
-3818
-8846
-2709
1964
-5751
7164
8228
7175
9715
-6943
7125
-8303
-9297
8968
202
3356
-4358
-2770
-8932
-3581
763
-2078
6869
-8712
-3888
461
-8117
5620
2735
-9582
-9906
-894
4416
-9234
-6346
2808
-1169
7878
1694
9697
-4301
1095
-4635
1493
6876
-1782
4833
8235
7933
-6854
-4420
-5802
4571
-9934
-5901
-6111
5198
-7820
-6636
2650
3816
-2304
8222
-1919
-128
9254
1216
8307
-8068
9024
795
3089
1816
-4507
924
6560
9251
-7250
6164
8386
7847
8825
2019
2382
-1298
2821
-6320
-3273
2539
5457
6658
-9267
6761
-3687
8726
7336
3979
7252
-4743
-6960
-6491
-9546
7209
-6249
-7736
7035
-8777
-5915
-3659
-3050
-7722
3342
3756
-5592
5706
-1787
7718
-2747
2599
-8304
1164
-1809
5819
-1377
-6121
7427
4807
9690
-6590
33
278
3415
-5690
7610
9602
-4957
3913
-1436
1879
6930
6618
-4187
-8670
-3347
-6018
3803
9940
-6891
-6285
3549
9010
7317
-4141
-9999
-4321
1408
9182
5059
-6298
-1566
-4667
-1831
-2501
486
731
-90
7805
9981
-8620
-7405
565
9817
-3872
9993
830
-8712
-8257
9977
-8645
-8032
6009
-7585
9155
-8056
-8033
-9555
9218
-2866
5076
709
-8043
-8083
-7414
9854
-7534
675
2249
6450
-7777
7578
-8469
5188
-6044
4768
-6639
1555
-5491
3379
5741
-8276
-2549
-3642
6731
382
-9046
-2552
-2754
-3694
8900
-8044
-1078
5608
-6664
6122
-3344
-4200
1754
-7842
151
-4233
-3089
5374
5735
6382
5496
-9911
7877
-6765
606
7259
1151
8951
8204
5611
-3806
-4288
-7335
-3357
7444
3294
-9859
-2647
-9133
-6191
6164
-912
2407
-7533
2716
-2055
8699
9650
-4750
520
-2258
9847
-744
3819
437
9272
-2677
3459
-1848
-4084
5364
2177
-2873
6218
601
-7151
7480
8389
-5612
-6591
-3961
1521
6896
-4604
-1403
6996
-8522
-3037
2242
-537
7708
-7458
-1546
4222
-4428
8206
-6528
-7803
2827
-8111
142
5171
-8570
3423
-3496
8850
499
2997
7500
4802
-9611
5997
5286
-8392
855
1882
-4578
4996
6622
-669
-2700
2116
4871
-9229
-6535
-9108
-6535
-129
-4876
-3262
-8892
8431
2917
-1658
3930
9498
1805
-8058
-7304
1053
-936
5636
4325
-8814
6592
-9485
-3182
-2563
7287
1079
5148
-2111
8643
-8063
-8737
3078
4553
-9500
9650
7707
2768
387
3586
-6501
-2841
3270
317
2006
-8740
-716
-8123
-5355
-6349
-4805
9853
1202
-7235
-1158
863
-9510
3176
-6915
953
2638
-5170
1577
-3467
-4350
7080
-9079
-4977
7094
689
2326
4685
4928
-9739
-3216
-1944
-3119
-2433
-5703
5598
-2226
2238
4984
-4725
413
-2474
355
-2807
5929
6502
-119
-2994
526
-6631
377
7319
9964
-7976
-5097
-6886
1527
8461
4206
-88
8192
5905
-8562
-8041
-7366
7928
8283
8666
7087
-3798
-6456
-19
-7955
7866
5402
-7953
-2368
750
-4551
-5828
-174
8629
7711
-8656
2337
8259
6262
-3078
8165
-2084
-851
8924
-6462
-8203
-7827
4433
-1456
-8683
-7147
-3249
6583
-5226
-4255
-1694
-5502
-8294
-9153
2604
5153
-8070
5601
2330
351
930
2633
-818
3005
8727
5023
3177
8841
6916
-4973
-439
7544
-1253
-9334
-6567
-2519
-815
7917
-9662
-6806
7430
3324
-2314
3066
5772
-6691
5872
3204
-5161
-8829
5200
5539
-7883
1922
2751
-3537
-9796
7102
6049
-1381
8290
-3738
5487
-9174
-3027
610
676
4884
897
-6644
1769
-2742
2523
-2323
-8311
-9556
1714
5658
-3010
5129
-663
9275
5331
3900
7171
-6475
4695
7514
-1198
-5584
7867
-1798
5939
9421
-1047
6484
6836
7677
6696
4724
-5870
-343
4550
4844
-3801
9318
-646
2709
-2332
1037
-6537
8407
8212
472
1179
-4886
4499
8254
6162
3873
1579
-6154
-3015
7806
-9773
-6796
-1796
76
9016
1889
-4806
8929
-5159
8947
-2246
1384
975
6772
9982
-9903
-9661
8255
-6687
-8874
8946
-8698
8060
9282
5013
8971
3252
-5450
-5059
2870
-7991
-4364
1654
-9466
-803
-7184
-7618
-5164
-3913
-4999
-7135
3515
-6024
-7132
-8784
4069
-2203
-5843
1627
8568
8535
4683
-6745
5923
-2356
9975
7237
-9826
-6169
-1478
3202
3037
6061
-4061
-4272
1190
2392
-5909
1300
7888
9521
4670
-7834
439
-4834
7298
-3792
176
8810
-342
9904
3513
5758
1149
9040
-3456
6474
2527
-8530
9119
2228
-4856
2428
-2243
-1222
2453
2788
7442
-316
-7812
3035
1766
-3123
5738
-2977
-4171
-2989
1746
-7780
8291
7942
3970
5460
-5027
-903
1765
-602
-2301
-1487
-1464
3642
561
9526
2595
7820
3731
-5433
-1468
-4750
1063
-8863
-2432
9270
-3131
362
2342
9797
-5280
2509
9532
7199
7963
-9928
8468
5544
3485
-7042
2266
8930
-9788
-9543
6811
4867
52
9912
-9901
6545
-7752
-4008
825
-2819
-5180
4990
2192
-9378
-131
-3495
9573
4634
6686
-985
1250
-5597
9573
740
8603
-5903
-1033
387
-4829
511
8330
-3295
4985
6630
5905
-1826
-6823
-4667
8855
7057
5754
-4360
-5217
875
2334
-1827
-4783
7603
-9988
-3230
1693
5760
6653
-5462
-9534
-6096
-13
-3683
8576
-3377
-4194
-1598
2652
-6257
-1600
-3919
-188
6125
-6642
-1271
-6096
-1053
-9398
3654
-9990
-862
-2357
-4781
-7819
-7828
8083
4254
-3041
506
175
4677
5491
-8927
-7233
9661
5666
6500
-5803
-7360
8972
9070
871
6096
-9678
7861
2978
-145
-7743
756
3291
2211
8369
-9090
5838
-4297
-5568
3249
2081
-4785
-6903
6601
5620
-8564
-3849
-2111
4225
-4993
5634
-1447
7657
-3336
-5831
3526
3071
-847
-4329
-7030
9641
-453
-5818
6959
-8814
-1485
6537
-6532
3788
-5637
-2037
-1450
2936
911
-5544
9979
743
9023
1954
-6784
-1471
8599
5383
-1567
424
-4843
5192
-8742
1903
2444
-556
-8846
-1106
-5634
-2406
-6956
-3210
-61
8205
-8912
5190
-985
4716
6954
-459
8467
-1238
3920
6581
3513
-5779
706
5754
-1633
1289
-9617
-6321
-4452
-4556
4974
1346
9547
-9708
-6596
8313
335
494
8090
2911
-3560
481
99
6170
9964
-3648
-3511
-6850
3270
5715
8826
4486
-6892
9284
3328
8090
-2904
-4641
9870
239
3986
3519
6065
2374
-5043
2444
9744
-8602
559
-7140
2317
-6895
-2568
-7519
-1299
5657
5797
-3552
-3425
1210
-1550
2532
7303
6503
3625
5624
-9180
1499
-7810
2223
2451
-3236
842
-6331
-5668
-4898
-870
8239
-5532
-1750
1747
2180
1208
8901
-8155
3037
-601
4358
6246
5479
-6080
7792
7509
-9168
-3353
1527
4241
2304
1456
-6624
-4741
-6967
-3492
1697
-1279
-7081
6535
-1342
7690
582
8584
224
7683
-9204
-2362
-9023
-5889
-8888
-9209
-2970
7729
7602
-681
6533
-3038
6909
-5489
8519
-6661
9207
8918
5425
-3716
1603
5152
-6942
-8212
-9861
6000
-9090
-2527
-7321
7385
-5580
3516
-8145
-202
-9961
-3025
-4118
6092
2224
2424
-534
-5380
-5336
-6129
5965
-6245
-5996
6176
1186
2014
9815
479
9298
-9070
4314
3498
9621
-4668
-9567
-2729
-528
-976
4342
-9278
-4936
-3505
-701
6924
1632
-77
-8657
206
-2329
-7534
-5052
4876
-772
-723
6102
-7807
9420
-4348
2129
-5877
1667
4977
2561
1155
-42
-9225
1851
-2610
-7878
-3027
-2666
5347
-4690
-5717
9521
-4313
-4333
-5202
2563
9981
413
-444
-6522
1464
3193
7542
1359
-1060
-2008
6767
8731
-5119
-2141
9232
-9744
-7412
-2296
-2180
-3447
-8316
975
-6802
-9711
3955
804
-5924
6805
2793
-1137
5731
-2225
-4263
261
3875
-4172
-376
-6737
7336
-9818
-8699
3175
-6083
-6473
186
-3506
-3162
514
-7887
6577
2078
5887
-9609
733
9807
5855
7345
2521
-4775
-4021
-5930
-9352
9625
4539
-812
-7914
-8822
-1857
6831
6785
3014
4283
9650
7478
-1639
-227
-396
-6376
-4191
-1149
-5694
-1234
9724
-2075
-4168
1528
-7727
428
-2438
-5797
-5457
2636
9856
3373
-3019
-2074
-151
8506
5330
-8986
7190
-4836
-2622
-3261
-6995
5582
7183
-7755
8525
3669
6981
6249
-1583
-1733
-9405
5087
884
-2412
2794
-8309
1059
-5099
2261
4710
8230
-5328
2145
-251
2677
3560
9433
8342
-9711
-3163
-1807
-3864
-1889
-483
4562
-8434
6439
5295
-5038
-3335
7644
3260
-9669
-8635
4845
2209
-2542
-598
-5587
7548
-6685
4636
-6996
7438
-8042
-4608
-129
6909
5417
7186
9276
6419
4827
1266
9366
1973
-5045
-4541
4431
6517
-3718
-4101
-6283
1517
13
2080
-7364
4723
-8171
-7346
-6599
-70
-2863
-5903
-4632
3444
-7532
4973
2672
-60
8696
6582
-333
4877
1269
-6487
4639
-6755
-2842
2461
-3369
-9298
-2645
840
-9881
7440
5718
3393
-556
-5585
3868
-9174
-1372
2656
-2468
-3438
-5978
-9498
9376
-5674
-7141
-5424
5583
-9015
-1383
-9481
9147
-519
-5251
5545
-287
-6427
-539
5943
4495
-83
-3404
9202
4645
3900
-8336
2399
5911
-101
3636
4484
-5488
4430
8676
-5770
-3140
-8969
-9686
2998
3735
-4883
-8743
-955
1234
3758
-7424
416
9156
4738
3348
-6946
-1336
4182
-7835
5500
3413
8967
-726
-9528
-9143
-6633
6839
-3405
1455
4411
9311
-8883
5313
9983
-595
-4188
-5827
-8633
-7457
8918
7296
-8356
6507
-398
-7784
4588
5195
-6847
-6837
-7716
-904
3325
1718
-7372
4963
4300
934
8499
3047
-4962
3591
-624
-9337
-4875
-8493
-1101
-9322
755
-1754
-7399
-6325
-2693
7624
1298
7374
2715
5553
6130
-1951
-8709
-7004
4791
3694
-98
7476
-1606
-9437
-1606
-1147
650
8887
-2211
-8031
7528
-3322
2344
3905
-7582
3754
725
-532
111
-6090
1998
5021
-1240
-1410
4695
1935
875
-7084
7870
-396
-3578
-4858
-6789
-8589
8291
6683
-9624
6892
-4746
3597
-2549
5781
8187
-8373
6628
8666
7002
-112
-2642
-1906
-382
-5051
3795
-3484
-7589
-93
3305
400
-9180
5741
8665
7636
7946
-2197
1892
-1854
-5964
-1043
-4397
422
388
-9627
-4092
1068
4548
-9807
5477
-785
5000
9189
-1241
-6134
5466
8449
-3109
-9520
-6411
-3574
1569
-7161
7060
-6633
-7039
2247
6152
9391
-8737
197
8440
-5931
7064
765
8266
8604
-3367
1481
-681
-1235
6797
2782
-844
8032
-8620
-5392
-6198
-1862
6507
4705
9643
-5276
2521
6712
6209
-2474
-7729
-1191
-2366
-4498
-338
-1918
4598
3194
9523
-7166
8144
-8033
-687
1991
-7273
-6764
-1027
-1441
4706
9508
-4473
8653
-269
4718
6799
1319
-205
-7361
-3025
-7761
2136
-6897
8796
6780
9470
-7759
-2620
-6212
1830
630
9235
6787
1047
5754
-203
4588
-3081
-7938
4812
4454
7343
-1058
-3145
-6264
-4417
4855
-8025
8177
7802
2090
9976
-5764
3534
-3716
-8630
-3962
-8832
-8958
-8577
-9641
4943
-7589
9556
-553
5280
-5622
-5990
4061
2939
-6721
-6048
3026
4338
3543
7318
4451
1452
2192
4265
-8492
-8233
5193
5940
4063
-8505
7856
682
2771
-5150
685
-9955
-1341
-8519
9381
-4797
4036
-5209
-9048
7706
-5400
-4157
-1390
-7830
9379
-8157
-2971
-4060
9591
2151
-5538
-2366
8814
-3349
1528
-6406
-5824
-3285
6000
-7379
-5939
1364
-5388
-5585
-8294
-5109
958
-8047
2996
704
416
-6285
-2395
-3665
2505
4245
-1417
8686
-3343
-211
585
-6249
9197
9856
-1351
-3763
-4320
-8539
-5464
3601
3762
3895
7499
-2433
-9991
-3018
4781
-1060
5802
-8003
4571
-8706
-1090
-4652
-8788
-2836
-6908
3995
-9280
3990
3004
264
-7866
6928
4702
-5899
-8072
4225
723
1265
-9791
-9568
9167
-6638
-8124
-4061
5854
8291
-6400
-2974
-3597
-3943
-337
9872
-6162
2323
218
-1970
2250
-9346
-1243
3306
9380
-9210
9675
-89
-3385
2175
8879
-9679
8298
480
-3694
-6245
-1707
-1550
4120
-5677
-9852
6343
691
7424
6184
3486
-2740
-9246
-5991
6348
-583
-5196
9279
5447
9036
2180
8431
8396
1228
917
-9754
3176
-8369
-9659
1225
698
-3316
3393
2099
1565
9190
-4635
2993
-9898
2750
-8537
7763
-719
4848
-3669
625
3304
8978
982
-3398
-620
4508
7332
-4580
4446
9508
-209
-1872
1703
-8716
-5606
5159
-9503
-7959
4291
5125
-5518
-8206
-8264
2529
-9022
141
-9705
-9676
-3674
-2270
-1275
5177
6491
-7737
6277
-6440
-7884
-3083
-3947
6338
46
-4110
5417
-607
4165
6211
-5324
-8997
-2015
-5675
2047
9399
-9
-8263
-6499
-1643
1451
5497
727
9670
-2311
-8223
-8678
-73
-3393
-4409
-7059
709
-2805
735
-3981
2316
-3242
-2686
2089
8646
8750
5717
-1630
-2098
6239
-6299
-8298
-3932
4384
855
-1358
8017
5424
7478
7177
8007
7039
4596
-4503
2120
-1459
-3357
2391
6216
-8175
290
1012
4952
6806
5516
3579
-8239
1271
647
5341
469
1906
-8232
-1243
7297
-7755
-3889
-2989
-9661
-9729
9797
7528
3593
6159
3746
-2579
-6797
9934
777
2511
2415
-7939
8336
9917
-6115
-4317
-4987
2930
-5077
4681
-3251
-7189
9034
-4246
8539
-4271
3243
8328
-8778
-9474
-4957
-8719
-2519
5919
7805
-9063
659
7879
-364
8238
-7561
-8052
3283
1058
-6899
8164
7450
-6070
-9404
760
4569
-7774
-8071
7910
8966
8752
2397
-902
4401
-2570
-2704
-1921
-4861
9910
9031
2328
-8199
-5067
3881
145
-4306
-6370
128
-1171
6468
-9946
203
-1952
2545
3442
-5790
-2642
-846
-4387
-3950
-6085
1953
-2813
-8055
-231
-7119
-7955
-851
5080
-3732
-8372
-7819
-4942
6646
3252
3380
3284
3036
1598
-2779
8156
-7297
2180
8509
5406
8778
-1101
3531
6483
459
5969
-8296
1415
-5277
4769
6733
-1347
2260
5561
2835
-4919
4663
-9861
-3840
5930
9357
-5021
-7817
2788
9900
1705
-5995
-6218
3907
-1043
-510
-946
1600
-1615
9748
-8134
1621
-9961
6951
-6816
7330
-2858
2017
-6805
-3315
7940
9439
9335
3009
-4622
1231
-5628
-8090
1247
-865
3876
4913
-8930
8224
-5981
-1610
1846
8080
7279
4332
2054
9281
1617
-4279
706
-3957
2240
-1007
1338
6477
-1706
1031
-6762
-6823
5577
3675
-3647
-5989
1829
3722
2600
4282
-6666
-4597
5668
-410
-6305
-5809
8895
-7590
-1848
-2471
9525
-109
-9884
-492
8424
2430
-3839
5972
4280
-2053
1268
2652
2641
-4166
-4333
8195
6943
6031
-4105
9537
-4077
3595
6603
-4651
-3149
-4111
-6650
-3923
6736
-506
278
-621
8106
545
-4196
-9245
-5548
287
1351
8532
9696
-3091
605
-6580
-1491
1330
-477
-8385
-5180
3459
-5851
6187
5676
-829
-6474
4309
7288
-1053
6525
5803
-6714
-3073
2881
-7686
2414
5655
-460
-1385
-2662
-1264
-3281
1555
4515
1218
-9008
4762
-9227
5306
-7933
-3078
-276
4162
-5453
-1587
9125
-4552
1369
-5603
-8821
-3691
7511
-1212
6783
-7501
850
6319
-6361
-8772
-2921
9078
2600
1915
-3199
-441
-8794
-3980
8387
1554
-2294
6501
1441
-9254
5912
3876
-3236
-3905
-4551
3302
1159
4142
-6217
5136
2810
3292
3027
4794
134
-1938
-4534
7323
8608
-9236
-5351
-4207
-9827
-616
3759
1722
9476
1574
-8145
-855
-1481
7600
3274
-9062
-8204
4582
3915
-7712
-1421
1927
-5959
5638
-9890
3662
6766
-7581
2497
-2816
3777
-7818
1796
3587
-6876
-5618
9030
6747
-8185
329
-6656
-2060
8733
1285
-9146
8374
-2609
6429
-1250
-2396
3755
1364
-7522
-3721
-4910
-6680
3365
7705
5712
8337
-7413
8195
-6279
7904
2373
3011
4750
-6015
-4263
-1091
-1876
65
5445
-4855
2028
5500
786
-6251
-1955
-5301
1351
-6250
7684
4592
1631
-146
9527
-1757
5190
5745
5659
9177
9256
-8688
6113
508
-9884
6498
174
1404
-2458
-4322
-4925
5365
7686
4073
-1167
4853
6921
1783
-3338
-2136
-6967
-216
375
944
-4239
183
-2324
-8365
87
-2816
1317
578
-367
1411
864
5860
1977
-4952
-1895
-8190
-1316
-6157
8465
-1864
-3442
-2484
-7870
8262
5315
-3036
9294
-5426
-2993
8748
-2738
4088
-8975
1258
4424
3935
5715
-1584
8516
2900
8427
7582
8901
-9987
6123
1823
-7845
-6840
-6964
-9963
5870
7714
-9540
-5554
5782
-490
5761
9736
-2032
327
-4385
-1821
-947
7670
-9440
5268
-3334
-584
-5261
3472
-2138
-4852
-673
-3249
-6517
-3875
-4600
8236
1363
-6913
1083
-6685
5936
3575
-3411
1770
1325
5460
-2578
-3669
3757
786
-1506
4735
-6649
6428
-9390
-1272
7255
2854
8878
-3131
2492
6449
-5426
2330
1900
3730
183
-9933
3736
2849
-5825
965
9662
8772
399
1681
1024
2340
-1774
9722
5593
-6494
5584
545
-8653
7293
6154
-3965
3597
-3180
-6798
178
5869
-7957
98
5272
-2420
4844
6839
1721
7999
7467
2853
4053
-6548
943
-7803
-3008
-2625
6973
87
-9382
-2521
9240
-981
-789
8484
-1545
-4141
3462
2375
3881
295
9913
-7513
-6751
-3099
9278
1422
868
-4585
5595
7616
38
-6477
-7557
9717
3473
3529
-2930
3922
871
2917
6710
5148
9799
-289
9143
-6609
-1620
3807
6363
5228
-4662
9949
-6614
-8713
7885
-427
-4221
4692
8901
-8462
-8292
-3653
386
-9840
9133
2491
-7573
8310
-1105
7051
-486
9532
-2180
3640
-5046
-9737
9221
6669
5493
-2634
-2568
-3386
5846
2855
-5426
5222
3391
-3102
-798
-7998
8465
7936
8078
-6605
-821
-8011
5683
-7293
6754
1182
-3271
1314
5776
2547
-8309
-5718
3787
-8654
-6141
-1423
2604
-265
-3308
-5738
-6340
293
-3111
9682
-6845
6970
8038
1376
7486
-1395
-6249
6134
-2760
-1008
-937
2470
6592
3549
8598
4495
6593
5059
9016
7539
57
6867
-6004
-1010
-1130
-9700
9144
7975
-6536
-3567
-4422
2580
-5521
1878
-5703
-2928
-8001
-5777
2700
-3582
-8331
9227
-7587
3363
-2477
75
-4405
-9711
-7201
456
-756
8821
-8547
8413
-4108
-9890
8160
3462
-976
-9486
2950
3939
-5834
-4552
4118
2385
9234
-3561
-5029
8224
6940
-7770
-6886
-3377
-5414
9981
-4628
-969
-7417
1616
-7257
-2539
-643
-565
-8576
787
3212
7335
3917
6711
6931
-4267
5709
-6676
3856
-9221
-3399
4978
6810
3841
4036
7593
1336
5949
2380
6107
-7718
1571
9228
5302
7788
9827
-9771
-4635
-374
9494
-5620
-9900
5643
7549
-687
-9696
-5442
8358
7572
4141
6595
8765
713
8866
7484
-5928
4726
-1841
-1493
2860
6079
4039
9514
-6218
3201
-2838
5656
-6193
850
1718
-7598
-7759
-9932
-919
-6939
9595
-1991
-9404
-6030
-1912
-9717
-7999
-2436
-4362
600
7170
-9483
4444
4722
-3233
-9295
3349
5560
1073
3178
8823
-8425
-269
-6680
8906
4857
-6816
6371
969
2618
-3678
-5174
-9473
-2367
7079
1799
2522
-1093
-237
-4288
9696
4184
-7960
-1667
3363
-3109
-5583
2937
6322
2937
-4682
-8880
7929
9135
371
5199
-1947
-1129
6216
9313
1572
3394
-5405
-4930
-7875
-6413
-650
-3516
5486
-8510
2892
9887
-704
6731
6425
5254
-7536
2247
-6792
4114
4016
-4460
9579
9288
-1060
-4093
8448
8984
2535
-8360
246
-1074
-1133
3569
-1078
-3579
2042
1923
3112
-1251
2586
3161
9258
2304
-7875
7
-7468
295
-3146
5049
3183
-7974
8293
-4534
-6114
-4820
876
-5676
-7046
-7756
-1281
8541
2365
-5013
-7823
-8376
6914
-6243
-3131
9386
-8197
998
-1645
1471
-6014
9276
3230
8141
8636
988
-8142
3386
-947
6510
-5656
4529
1433
4619
510
-709
2713
-889
-5815
-2507
-7602
-8494
3569
-3611
9007
-5599
-3133
3973
-2453
1787
-9333
1576
5823
9142
3066
-3500
-8566
7645
-8732
-8600
7097
3604
8859
9541
4116
-3725
4431
181
-9430
675
-6735
2596
9653
-3825
-6151
4713
-6685
-8916
7649
-3058
2064
6205
-9664
5465
-4721
4421
-1544
-4074
1566
-2066
3753
3150
2050
-6644
4901
3462
7299
487
-2488
-8735
2782
6311
-6579
-3033
-3687
-6644
-1141
581
-1043
9999
-8115
3097
5221
2004
2580
-1213
-3083
-2221
443
-6986
-3578
3029
317
-6624
3859
-4173
8003
-8471
8246
4206
1152
7692
1797
1701
-8444
-610
2023
-358
-8564
-7188
-7228
-1172
6272
2361
4471
9953
9149
1526
-2569
-1047
-3471
5176
6318
-987
-9521
1359
3559
-8153
2399
-4342
-7547
-301
-8458
-4908
849
3630
-5192
2668
6314
-5106
-4634
-2091
-2095
-3728
-2666
-5739
3248
-9177
5454
9592
-8428
-18
-9105
7866
6805
-8354
7209
-5179
-1553
-9763
136
-6110
5058
-5389
-1745
-1013
4497
-1341
4604
4409
7320
-9116
-1795
230
6425
5542
-7689
9432
-5440
3521
-3467
9936
6220
-3980
8050
-7465
-6985
3111
-6259
2353
-5173
-9508
-8280
-4946
1244
-1388
3583
5487
-4618
6806
-7258
-7352
-4195
-6100
1823
-9673
-4319
963
-1482
904
5339
9661
9761
-5741
2116
4091
8178
-4953
9467
-7211
6798
2124
7359
-4584
-6818
-8365
3748
-894
6982
-4858
-7608
-8321
8450
214
5474
3931
9987
856
-4324
8397
-7283
-3904
-2448
7330
-8556
7358
-7877
-4281
3362
3844
6872
-4701
230
-6406
5048
-6569
-6850
8850
1827
996
6867
5760
3475
-5877
9653
-5877
-6136
727
3839
-5805
-3342
-4690
-5990
4098
5097
-6652
-8048
-9618
-8514
4305
-1175
-9823
-3134
3953
884
4457
2754
6345
1147
2397
-1418
-1515
-448
-3355
5304
-2936
1058
1659
-5134
2632
7843
5213
4999
753
1955
-1076
2822
-6456
-3950
2922
5681
-9299
-7281
385
7353
2242
974
-6671
-7403
-2291
-1369
1076
-9033
2415
-4371
7618
8925
-5989
8690
394
8525
-5823
-2523
6085
-3430
-9799
-9549
9989
-113
-9083
-9470
6637
8965
-8242
-5693
1945
-2514
7117
8268
9661
1499
-6459
8231
7247
-6651
-4415
8368
-5330
5146
-5634
7913
-3372
5667
-8640
-9459
-2746
-9116
3327
8574
4208
2726
-4004
-367
-5155
699
7882
-5263
7010
-8160
-2339
1917
1049
7941
1698
5219
-4448
6642
-4461
-611
-9363
-8297
1893
-1687
3280
-3746
-1381
7079
-9441
-2314
64
9011
1757
7644
8914
-478
-7888
-6281
-8859
-4837
4762
3580
-1081
3100
-8565
3738
-3211
-6102
-6575
450
9029
2012
501
-176
8331
-4634
8799
-7203
1136
5519
-9025
2292
452
3494
2542
-8142
-3790
-6286
-9277
-1984
7122
-5654
-7391
343
8694
-9178
-7461
-6507
4119
-4248
-8878
-4017
5217
-8815
-6237
5494
-493
-6179
-6701
8327
-8758
4325
-6632
3474
-891
-4786
-4606
2082
5823
-9976
-8542
-2877
-7021
-689
-3277
-1587
-2975
-5744
3863
2861
-3337
7905
6956
447
-1509
838
-5622
5766
6892
-6381
-8843
-8023
-3637
8289
-6009
-6473
-1184
1359
434
-8890
-7331
8699
-8846
-3659
4892
3113
-3902
4624
8814
3113
2295
8575
-7701
7639
-7687
7758
-3674
3816
4440
-9553
80
3190
5933
8682
2494
-8497
-10
8208
6056
9658
-8688
-2821
4672
1120
-2326
-2365
6224
4510
3166
5109
4304
-8710
746
2547
-7255
-4969
-5627
595
2604
-9581
3985
-9087
8888
6290
7510
-5075
7063
-4923
4745
-3630
3818
-7616
6549
6184
9861
9006
-5107
5354
-1366
2834
9228
6706
-6477
-432
6809
2451
-9519
6426
5523
9542
6429
6222
-8265
6019
-4535
9815
-2212
-2768
-7372
6986
6140
-184
6682
-4727
-4539
479
4564
7579
-6875
-2675
-1451
527
5
-1523
8082
3312
6717
-4122
3896
-1499
8261
-1673
-3677
763
-4376
9564
9370
8392
-7489
-6598
-2442
9585
1236
6324
-8324
-6184
3487
3925
-128
7053
4183
-5981
6156
7955
2798
8232
-9724
-7079
-4905
3086
7736
-9104
7631
3775
-9265
-3149
-6617
7391
9271
-1921
3370
-9151
3161
-7771
8436
9838
-4822
-2727
329
7676
3263
-7376
-6210
-2343
8753
-5558
-6533
-611
470
9234
-7512
3993
-1493
4538
-6558
-4424
-8790
7931
-9473
-1470
-7513
-9549
4861
3065
1537
5376
-344
9396
-5501
-1013
-5739
-2199
8747
-1582
4764
2076
-2806
7636
7680
1315
3187
-3648
1306
6772
-1519
5701
8589
6920
-6960
7705
6694
-6226
-6028
-507
-4659
-8032
-273
8070
-9954
4583
5781
-6819
938
2894
-4775
-9300
5048
5331
-1346
-6352
9750
-9007
4406
-8388
-9314
45
7983
7119
7520
7542
-5532
-7984
8453
-2575
9659
9649
-9071
9596
7832
-8488
4274
-9207
1382
-7892
-1488
-2443
-1358
-1733
2817
-3283
-4979
-9290
7587
-6063
-994
-534
-2255
453
5317
5339
5357
-6063
6373
9040
-8791
2427
1729
9491
-5390
7693
4568
-3480
-7470
-6099
-8401
-9976
1311
2325
-5817
-882
-3490
-4269
-5773
-8122
-2698
-398
2585
7766
-8037
3915
9026
2627
1429
-4819
-1303
-8363
-4107
-9891
315
-2484
-5128
2543
-5228
3851
1279
589
3860
-9483
-424
-8481
-8606
9258
-3236
-9684
7212
-4325
-4980
-40
5770
2269
-683
-1659
2697
9762
9526
8993
-4476
2300
3860
113
-4188
9921
-4541
-4657
1993
7169
-6567
5964
8988
5212
9995
2582
-7973
-7097
-9317
3807
6322
2419
-1437
-9858
-9994
7366
-8926
-8067
-9705
1507
-2833
1029
-1152
-6019
5552
-3992
-8564
-7334
8302
-3915
-4392
-2207
-8701
-1135
-3116
-2859
2084
9651
242
7371
-8031
1021
-4442
6873
-3087
3839
9073
8481
3022
-6878
-1479
4579
-616
2843
-9915
-6267
2439
-903
-3781
2072
-7184
8713
7755
-1063
641
-4964
3196
-8925
-9635
-8066
-7114
7151
8890
9743
-6265
837
-2556
8535
-2526
-9239
-8242
-2232
3599
7275
6996
4144
7251
9000
-9260
2789
4940
9446
8253
-2272
587
6957
-9268
-4288
326
-1274
-4735
-9618
680
-4499
285
-255
5604
4540
5429
5213
-4722
-3729
-5096
3219
7681
-6598
8488
-5486
1478
1440
5546
792
3076
-6914
8022
-8655
-7964
7927
7900
-8139
545
9089
9377
-9865
3905
-2838
-4732
-2863
-9839
-9196
-2881
1646
2797
-8829
250
2075
-1653
186
5768
1005
-4331
-5477
2757
1773
-9378
-604
6571
-9439
-2261
4019
-2854
3176
3223
-3616
3003
1838
2974
855
1153
-4168
-6794
9836
6944
-8808
9922
7807
-7913
-2311
-8785
5855
-6972
3896
-9536
2906
-6689
464
7445
-8559
-8966
8946
-2026
3723
-6412
-7370
7477
-378
-7989
-752
-894
-3321
8007
892
7360
-8026
-9135
853
-3723
-4880
9410
1475
6769
4088
1048
5536
4425
-8560
5479
3021
-8590
-1015
-8712
6844
3442
-7259
3933
-6979
-9117
-2177
2301
2894
9354
3894
8864
-5153
8649
-6084
-9515
3670
1681
-9390
-1094
4122
7402
-7395
-9485
4730
-4196
-858
-9239
6013
5471
-7610
-813
-4102
3343
-8354
-4506
-8652
3644
-8004
-1993
-9900
-440
-1913
-128
-3860
-473
7912
-7332
-4854
-3697
-4185
-455
-7133
8698
-3132
-1226
-3852
-9144
6100
-2562
-8184
-583
-8797
2237
9550
1435
-4976
7965
4723
5777
-1102
-1843
-8396
5824
6621
-7412
5573
6316
-5867
-2771
1383
6002
-9365
1935
1593
8766
3639
6625
7954
-9599
-8353
-2166
7384
2036
2689
-745
-1367
128
4912
3810
383
-7850
4918
9536
-9515
4281
7745
-139
-3407
7056
-1954
-1216
7303
-9287
-4629
-752
9887
8878
4515
3883
3263
8641
1899
8167
-2767
-999
7920
-6096
3283
970
-417
8040
-4282
5971
-4360
698
-7236
295
-7066
2993
5080
-2988
8931
-7774
5548
2402
8485
268
1258
6675
4043
9323
-3463
8889
1294
7437
906
-3777
-8304
-8772
-7072
-2964
9936
2420
-5485
-4070
-8125
5391
-9390
7215
-2640
-5080
3907
-5087
-6020
-5935
-5083
3311
5082
2737
-3610
-8336
-5551
9828
-505
9262
5895
1513
1911
-7829
1172
-5061
6572
-7219
-4730
-6413
5365
-7295
7446
-371
-5778
8256
-6456
-6238
4731
6608
5811
-2260
9935
-9255
6190
1639
-5527
8530
8550
5139
-8256
-3647
-2618
-7931
-6276
4951
-8249
9200
-2586
3134
-4260
-973
-8991
-8393
-9724
-3042
-2535
9448
-4339
256
-4030
8180
7490
2023
255
308
283
8105
-1303
3020
4817
9501
-4833
3043
1393
-4797
8948
8331
-5218
-4819
1139
-7459
2173
3895
5095
4620
-789
-470
4257
-2506
7775
3555
-9767
5896
-4362
-6444
5657
-3177
1010
-3630
-4132
-6778
5318
-3410
582
-5301
7218
-6613
-8190
2852
9391
602
4753
8175
1142
-1795
-3154
-2385
-7791
-8130
1381
9389
9511
-9192
-8409
-6564
-7401
4572
7947
5402
-7563
6921
7099
65
-3806
-4340
-2992
620
7811
2573
-5707
3061
8001
7245
6362
1319
6156
-1452
1484
-3447
-6779
-153
8898
-3302
4897
-1515
-7669
-9196
-4880
-6349
4372
-4275
2990
-7668
-1841
-8327
8752
156
-944
-3080
8510
-1976
-1779
7866
1055
4750
1003
-4385
-3597
-4397
1145
4218
4208
-7614
4871
4008
-4376
4022
-4264
4433
4573
-2704
7269
-2358
6784
1206
-5791
-3728
8605
3249
7271
2792
-6068
508
9259
-1070
9228
8369
2463
1673
8857
-1033
7603
46
6139
1106
-9552
1749
-8443
4007
-4694
-4351
-9327
7161
-5301
-7709
-1768
-4872
-5996
-9136
-3612
7586
6287
-7894
7637
5981
4500
-3152
-6550
-6367
-9373
-6780
-2561
-9074
4027
-6564
-4753
3130
2129
-5525
-632
9184
5174
-5930
-5048
-1632
6709
-5165
1059
8240
-7570
6148
-6603
444
-2494
4652
7176
-7448
-345
-2735
-2331
5708
9776
-7330
-9389
-7423
-5944
1239
334
8304
-1770
8780
5339
-1271
8308
7812
599
-4790
842
-8143
2494
7740
-5543
3318
8023
7775
2504
-1842
-8719
-1092
1891
5981
-1045
-5886
5959
-8050
2489
8903
2362
-9778
7351
3890
-2234
-4007
9513
4897
9535
-2188
3636
-6965
4447
7548
3232
8587
-7300
6966
4930
-5387
-8381
6804
3941
-2661
1111
-9895
3405
5317
4151
8074
-2398
1082
-7089
-4564
-202
4817
-1288
7984
-1164
-5047
7817
-809
-1551
-9986
8614
-7598
-9353
9911
-3554
2141
-7639
-6081
7007
-4979
3550
-757
2121
-1226
2029
-6108
7072
6607
-8759
5248
1699
3397
-5760
4818
6553
-5950
-4416
5554
1815
2613
-4688
8568
1438
4756
-1129
3743
-3852
-7839
-9697
3592
7151
1273
8415
6598
-8219
7260
-2210
-6550
1217
-7922
7868
4026
1318
-3004
-37
7506
-4600
9232
-9493
9151
-5142
-732
6341
-3891
7953
-2644
-9708
4518
-3101
-1799
-985
-3954
-7045
-4538
8695
5190
-6571
735
6840
-9572
9019
2425
-127
7089
-5677
-6030
-5518
4574
2957
205
-2917
-3088
8429
-1416
3720
2766
-7946
-9343
-5303
-6738
-963
3934
-1181
3365
-9497
-9963
-8664
9054
-1433
8576
6940
-8382
5699
3495
1409
-6666
-8286
2601
8397
954
-718
-4501
8611
7571
-29
-3169
-227
-1625
6751
2443
4517
4470
2996
-4751
-1253
3348
-1261
4441
-3934
2546
-5758
-1955
3255
-5684
-5590
4380
-8719
3194
3125
2366
-1152
5867
-5655
9958
8737
-1164
-607
-6389
-626
-2945
-6084
-1367
1751
-5762
-780
7124
-9896
7684
-2488
8245
-8881
-7937
3842
-6751
-9812
7414
-5236
-4084
1142
8146
-7265
-4357
-4630
6556
-5684
8269
1248
-2757
-7051
-267
-3749
-2271
-9118
7610
2903
-2050
-2214
-4761
3589
8357
-6187
-5573
690
6990
-886
-4211
8680
7443
2603
-9712
-454
-6004
1119
7455
-3085
-5573
1323
-3612
-4154
-7124
-7134
-6543
-670
9730
-6958
