16850
-1271
4407
-6290
7791
-4660
-8684
7828
2879
7188
-1390
6034
-3211
-3925
9252
-2129
5546
-3416
-3059
-2336
3548
-8831
1322
-698
8462
7523
2995
-7621
8430
1223
-1149
6379
9969
2983
-2929
-6262
-282
4175
8535
-1064
-8890
-5871
2601
4917
-7728
1916
9392
8842
9371
7879
-6405
1562
3689
6051
3584
7862
7569
-1694
2762
325
1171
8986
2383
5789
-4698
8573
-9120
-1090
-7592
-5532
2343
5202
-2748
-2778
152
-5203
8778
6252
-307
1305
-8774
5667
968
-4448
6824
8283
8189
-3573
-7550
1991
2322
3879
958
6387
-8118
-555
7569
213
-7327
9300
753
3924
-6956
4971
6410
6976
2092
6100
3007
-2035
7450
-3978
-9687
80
3806
198
5634
-5932
-5385
-6697
-5863
2754
-5567
-2021
-1617
6623
2136
9202
-580
4252
4982
3786
-3152
-6130
8974
1698
1128
6773
-5445
-7583
-6311
-4099
-1177
9114
9602
-1510
5117
1627
9087
-8281
-6237
-9868
-8439
2941
9532
-366
-6705
1886
2286
72
2557
5743
5743
-3752
3428
-7546
4272
4015
5703
9133
-525
9093
7026
2924
-1360
2215
9996
7783
7460
-4774
-7570
4196
8435
5012
-5172
-68
2379
2917
-9938
8872
-6646
189
-2248
8705
-3528
4008
-1219
-923
-4529
-3498
-6012
-8805
-2512
8292
8488
-4537
3160
1857
-8746
515
7130
-9469
4682
-9217
-927
1239
9856
9152
-5313
6317
8591
8187
-9579
5595
-6244
-6159
-657
-375
-6268
-2905
796
-2043
7470
-6268
2949
-3220
-9043
-3588
-7575
-5568
1020
3367
-504
-9747
-9969
1759
9380
3866
3162
-8108
551
3471
-7101
8401
-7126
-6011
9677
1323
-7444
7839
-7
2281
3411
-9974
2620
-4119
-5636
4578
-2010
2005
-1243
-5465
9543
4628
-7781
-4100
-9401
-9758
7445
1013
-6883
-3759
2968
6994
2295
-5438
211
-9055
-4509
-7802
-4019
336
-4093
-1641
-6270
2575
-3247
-7829
-6871
7102
-3813
1711
1897
3108
-6238
-7482
-3254
-1406
-6067
-1942
-3985
-7980
-1782
-60
-3611
-3590
5636
-3068
-72
6467
-9602
1535
-51
-3484
-8143
-860
8304
5463
3086
-4831
99
-5225
8638
-2571
-8173
-1499
4109
4299
7158
2902
-2
3206
9180
-3229
8833
2439
-2555
5562
7130
-3796
28
-3195
-2260
-2210
9808
719
1133
9096
-5185
-4217
4237
5577
1978
4997
9525
-5470
-4109
6339
-6034
-4133
8178
1665
-944
9906
2987
9803
2154
-270
-1849
7731
7725
-2846
-8107
-4666
6041
-5730
-8079
8334
-7364
1845
2459
4648
5356
-1564
-5896
9897
3502
-9997
-1592
-3071
9271
-705
-9468
7911
8765
-6803
-3895
-4372
-4646
-7051
7417
9828
-7187
-3019
3617
2294
-8717
6575
-4910
-3149
-6131
2805
-8051
5433
-487
-868
9332
-1174
-9088
2584
9798
-6615
7961
6755
-3357
4964
-2697
-1359
8507
476
8517
6400
835
6896
2109
-2111
7065
9768
-6390
5561
-5908
-4991
2323
7732
-2088
170
6373
958
7694
-8380
6743
4492
7765
5073
5641
-9057
8735
-2185
-6215
4107
-9551
7718
8282
-2841
-8558
-2427
4159
3178
5671
-1390
-5988
-7733
-618
-7791
6684
-5375
3305
7752
9747
2491
-2188
-1213
66
5673
7237
6088
5695
8427
-1513
285
-5552
-1483
-8304
1864
8349
-4712
-9372
-8793
1847
9486
-9667
-8737
-2730
8888
-8699
6278
7949
-3216
-7793
-5313
-6246
-9337
6915
8001
338
7076
6832
-4170
-1121
8346
-112
6394
5893
4956
9952
-6191
-1457
-9628
-7170
-9626
-6844
-7674
1082
6916
-4792
-2499
-2679
6350
-132
6388
-1553
-3839
9051
6457
-6855
-2426
4476
6511
-3053
-7207
1283
9854
966
1041
-3081
1731
6701
4587
-25
1098
-2686
-8822
-6541
-480
7784
-5209
-2653
-7804
-818
-6164
9639
-4602
-4810
-4645
1176
-1810
448
-2633
-7539
-4151
9528
1665
5368
7628
-3922
1345
-2439
-6858
559
6479
-4101
3581
-6487
-7918
2069
-7857
-4688
-4204
1629
1937
-7647
-7976
-6340
-8279
6113
-6556
1743
4869
-1355
9578
-9495
-480
-1282
7174
5959
-3204
5631
8428
6882
8284
6510
-6994
-8938
-1062
1535
1215
-8340
8110
1298
-8626
677
-4366
-3222
-319
1263
7723
-7577
-5924
-6797
-1961
-7405
9701
-3674
-4626
-9389
-6191
1903
-334
8000
-7756
5503
-6816
-7771
8546
-9904
-3518
3715
2269
851
2227
-2755
-28
366
6989
-8434
-1289
9571
9015
6217
3909
1083
2706
8207
1253
-9165
-3165
5851
5681
-1864
-3077
-6061
6196
-994
-2918
6412
-8194
7923
3194
-8040
-3153
-5000
-2279
-2971
-9013
-3037
-8533
-7915
-4418
-9756
2835
9962
8163
-9457
4998
2272
1279
4607
8691
6886
-7315
-5275
-5055
-1414
-5996
-651
4497
-6737
-3623
-8021
5005
-4198
6064
-7595
4270
-775
-3492
326
-9756
-2871
107
4005
-2887
-5937
-3266
1686
-5779
-3655
6752
-959
-894
507
-9856
2376
-1239
-8596
54
-2033
-5242
987
-9999
3818
1366
3391
7771
8406
6589
4477
1600
-6480
9335
3012
7088
9424
-2710
-7936
-7274
-5745
-4819
2754
5039
1112
-4853
-4845
6605
8717
-9104
-4030
-7921
-9776
4199
1819
8724
3653
-4799
-4430
-6525
1570
9895
-1660
-676
5328
4489
1124
-2589
-5958
9300
5180
2269
-1396
-6377
8577
-8208
-4509
-2126
-2249
7627
8074
-3302
-1256
-9889
-4112
2514
-3924
6103
-5471
9782
4909
6589
9490
-8871
9654
8112
5857
-9425
4413
9347
-2884
7021
5437
-9892
-8696
-6169
-8198
9722
-9105
-9005
5763
9357
-2957
-2647
8799
2707
-17
6394
-2276
9510
5507
4494
9479
4882
7311
9571
2795
-2667
7229
-7916
-2411
3005
125
746
7159
599
7013
-8834
4618
8642
-1315
5762
-234
-1299
1473
-2850
-6960
50
2977
1010
-3795
-6192
-2847
-1257
-2073
9973
-1095
-5728
9442
8628
-8945
3330
7852
4902
-8523
4301
4856
-704
4079
-3872
-1810
-4568
1976
-7547
-5719
7541
734
6586
-4779
5249
8541
-3048
7419
6599
-4187
-3260
4377
-918
-1624
-6089
-4350
5794
-755
-7059
8347
-7831
-2503
2546
4873
9800
4539
715
-8621
-2714
9298
3130
-5293
-703
-221
2529
1937
-2180
-3179
-2331
-776
-5835
2697
8233
8859
5509
-6294
2245
-2305
4754
-1855
2264
-6426
-3628
8560
-1142
4723
4034
9122
2091
3247
4219
-263
-2619
-7465
3792
-9529
6068
-5480
-1905
-6730
3871
-6640
9965
1119
3810
-8770
-3412
-895
6179
5300
7021
-8594
-6606
-4151
-9896
-3677
-5264
232
-5479
2978
9503
-9510
-8384
2411
7926
4468
3084
4298
-5204
-3457
3216
5070
2838
-8795
-2626
-5505
5699
-8588
6405
5938
-6707
-6336
-4736
-2490
-6328
6014
-3370
7330
3677
5386
2843
-5972
-4274
9623
-9945
5218
1699
-7304
1988
6173
5090
-4325
2872
-4355
-6772
-3963
-2246
-3978
333
-4971
-5794
1589
3052
1067
357
5301
-7108
4522
-1482
-3599
-1399
-936
678
3185
-8001
5977
4432
-5679
1701
3425
-6910
-1613
7031
7736
5872
-5536
4992
-3497
-6648
5662
5767
-8713
-6197
-1411
-3625
-4060
4961
9099
760
4861
5948
50
3780
3088
-6960
-6019
-3965
-7317
6286
3041
8063
733
9528
-1050
-8173
-8326
8732
2231
-2690
-7175
-6406
204
9627
8026
8519
7279
-7701
-4063
-2085
1352
-3872
2813
-617
5344
2075
-798
-1634
-1114
-4242
1321
-6707
-984
-9715
-3843
-2692
5957
8942
-1933
-936
6225
-4112
-8181
9737
6149
-6418
5050
-516
-7960
-9431
-1182
-8197
5784
-15
-1992
-7418
5977
-1388
-1358
1332
605
-5775
829
-6714
-2184
6183
3883
-2093
5097
-6540
8340
-5750
2606
7147
3250
-1081
4566
-3585
-806
-5362
-9952
5765
5213
-9882
-6204
-7853
-5077
3323
236
-5303
-2193
4029
-2665
6561
6822
9723
-9195
7068
4692
2809
-1495
-6496
-9828
7600
-7188
-2671
4680
5301
6779
-7422
8205
-9254
1221
-6099
5518
-5229
6644
6748
-8552
-536
8156
-7553
-2833
-7508
9043
-6645
5376
-2327
7521
560
-9023
-8576
8359
-5656
-7428
5790
-5256
4093
3003
8027
4412
-3250
-459
-9775
-6937
-1858
2245
-6856
-2668
-5931
4876
-4319
-3509
1589
-5669
4652
9656
-6341
-3693
-930
4006
9517
-9381
-3869
-8772
3978
-9769
-2829
-2409
4664
1798
686
-5854
7259
-1081
6488
-5454
-8485
6974
-8220
9553
4348
-3884
-7378
-5233
3898
-8280
4292
3126
-1764
-9987
5549
4938
7235
-9958
7009
-7520
3132
2972
1491
-126
-2146
-6426
-2962
7124
-794
-3869
2028
6031
-777
-100
-8480
4978
7915
-2900
6633
5086
6932
-1073
1707
7241
680
3285
-4926
9888
-6788
-5438
914
-7522
1147
3274
-5117
8143
-8675
-7819
8401
608
8322
3965
2070
-1195
-2098
-9003
-9988
-1526
-2182
3336
-1011
-2801
-7659
-7531
9625
-1975
7663
-2282
-9152
2366
4122
3374
3698
8266
4845
-5154
-9580
6445
1132
-1306
4757
306
-6079
-72
669
2169
8735
5940
-9238
4453
-9805
9105
1479
-5697
8950
9154
-387
-5373
-9859
-3403
4198
-4654
9554
-5403
-6765
4323
-1832
-7501
3476
-4531
7108
-2306
1973
-8704
7259
-6635
-3562
9888
1883
6496
413
-110
-4100
2675
899
-9453
8169
8757
-2758
4619
-3037
-3259
8933
7278
7490
447
-4310
5747
-1819
2633
9724
-4554
-6568
-9356
6109
997
-7770
9267
-1351
9453
455
-1308
9443
7959
-4947
-5903
-2247
2191
5496
8722
-8044
-7279
5187
-2143
-6139
3753
-1767
1871
-7248
-5169
-3281
-5927
-165
8499
-3828
-9999
-7105
9531
-6593
3669
-933
-883
-3875
-9371
5983
-6699
647
-5446
640
2800
3467
381
-2369
2696
-6836
3044
-8663
3886
-8430
-1245
3666
-157
2219
-3765
-1396
-7248
-1270
-8873
-9386
5499
5297
-1665
4194
-4747
4518
-5307
4100
1090
3935
-153
6070
-5605
-7649
1201
-7438
-3294
-880
-4484
-2003
7318
-6248
-9179
6015
-7834
2304
9147
-8462
5560
-7336
1869
3602
3536
-6912
3288
8163
-3483
-3672
2664
-201
5003
-3486
-7153
616
-9940
7707
8140
-3099
-25
7668
1937
-4434
-9941
5988
2654
1185
-8159
3151
2902
-7886
-3340
-9913
-4920
-9902
-784
-4930
-872
-7145
2091
3006
4746
-6507
6105
-4643
-9016
-9835
-3420
8790
2112
9957
-6879
9110
976
1124
2431
-1084
-1761
8531
-4384
-3585
5159
7645
2522
2129
-3620
8380
-2940
-4077
-7731
-4412
420
3618
-4505
7075
-2934
-1556
3634
-3584
7257
3660
-4320
6175
-3881
249
-2282
8112
-9954
-5707
4541
6995
-6977
-4451
-82
-9291
974
-3576
-9764
8890
-5414
-7937
-3795
-3541
8840
-4674
6147
5413
4893
-5411
-5640
-8750
-6189
-1012
-8199
-7407
-2577
3287
2320
-7263
3185
4985
-1053
-4185
4581
8995
-4652
9001
-998
4698
1687
-2017
-1150
-1031
8952
-131
3042
-8923
8824
-5876
-9102
-581
-8824
-8508
5039
5058
-9781
-5250
-6876
5518
-3796
-6974
-7536
-9243
-1727
2384
-9751
-8380
8946
-5998
329
-4895
-9250
6282
187
-6600
2936
2179
-6214
9829
8151
5522
-8596
-708
-8712
7998
9166
-5786
-3673
5191
-4951
6193
1230
-6850
7234
-5716
9147
-811
832
-4793
8506
5972
3312
-8252
-7305
-2833
5709
-3714
536
-1558
3201
-3577
4206
-3461
-6579
5270
-424
-20
5017
-2674
333
-7021
-8229
5516
-6130
-8346
2839
-2336
6751
5888
-1636
-1368
-3406
-1165
2173
878
-6969
3542
-3974
-9768
-2309
4474
-7480
4857
-6307
-5945
-132
1348
3061
-4852
6645
4934
-1806
1955
-5555
-343
-7736
7587
-8233
7712
-1419
310
-6026
4373
3642
-8619
2354
7649
-2556
8202
-2549
-2932
3528
1016
-6925
7758
-5771
-1324
9727
-4182
-4695
5924
2591
4628
9826
-8809
6037
-9070
-4657
-5139
-9607
1911
4876
-1236
7629
2751
-5014
7384
-4727
636
5751
-4817
-7405
9469
-33
-7443
-4287
2103
914
-9959
672
-9337
8725
4787
-4175
632
-9066
7300
-8460
3999
3053
-8229
1642
-6150
-9122
9459
-7298
5254
-2693
3111
4047
-6090
1474
4630
2706
-7782
-8396
-6575
-2344
-4998
2971
-6804
-7338
-9654
3183
2348
-4182
7026
-5772
-8648
-7240
6949
2259
2475
-2245
-6111
-275
-4382
5651
-5146
-7236
-6118
-9442
-7576
-6637
-8457
-1758
102
-7619
2064
3714
-3774
-3870
-1932
-8762
8140
6099
-8236
-1986
7563
-3523
-7974
-2975
2262
-6133
-4757
2683
7519
4169
-6206
4051
1192
-5113
5007
8959
6658
583
4629
-3836
-7377
-3230
9840
7681
-7485
2762
3511
5579
1234
4297
-4781
-2777
7353
7879
1647
3859
-8895
3361
-347
4401
7927
-4419
-594
5176
1968
-5663
-2875
-3851
9229
-7028
-2416
-9978
-6803
-3409
7080
6488
-4479
-8563
1689
-7003
9193
-4250
3090
-3303
5654
-7960
-153
6255
-6634
-5665
3750
5027
9497
1784
-1262
7824
2598
-2676
5957
5377
76
5284
3623
-8080
-1717
9883
-8398
8218
2830
4781
2833
4144
-1108
6224
-9302
3117
6612
-9487
-7164
3438
-2523
-4322
-2179
6414
-5975
-8324
-391
-1067
4186
8037
-5629
-8483
910
3108
-2086
4872
-7223
-9007
5171
7206
-8838
-9252
-5204
-2615
8198
2854
-2112
-3144
-2985
1260
-2640
2575
5660
9760
2249
7655
6899
1833
-4691
-6228
-2784
-5702
4771
9533
-6155
-2264
8973
-4674
-2071
-4992
929
5689
-4620
2151
6694
-3959
9067
-9170
-3398
-7854
1803
8325
4589
2640
6714
-2510
3771
6119
4056
2714
7176
6967
-9899
2573
-6550
8927
7895
4405
5085
-790
-3965
6793
3629
-3553
3783
1552
-5378
6804
-7226
-3164
-2695
-5541
6085
7438
-1475
9294
3212
-9581
-4552
4871
-3012
7230
2342
5199
-5082
6124
-6272
-6339
4324
-5288
-6545
-7686
7538
-6523
-1804
9728
8153
-3333
2204
-1028
-1476
1363
-721
-8270
-8339
889
8976
5051
8760
-9032
-8529
-7844
-1962
-5638
790
6691
-4781
4944
7606
6702
-347
1422
9423
7530
-828
3433
-8562
-7894
9086
-4885
-1209
4950
3918
1071
8257
3592
-4751
-6833
-903
7692
-1493
-4047
95
-9096
6767
9120
-3743
-2798
-3841
-2010
3339
5603
618
-6886
-2357
723
6984
427
7280
-100
2300
-6511
-3614
2733
9929
4068
9665
6529
1763
2729
1270
6138
295
-1699
-1765
-9970
-4408
6414
4253
-1576
4858
-6011
-4267
-6239
-8112
4211
777
-7408
-1122
-6220
-6754
-2134
284
-2622
6676
3397
-9618
546
5350
-7156
945
14
7368
-1855
-4880
-3804
9125
9487
7733
-7805
9604
-6165
8216
6814
2381
3166
-8279
9406
3413
5060
7417
917
-688
-6432
3247
-3420
1248
2337
9962
630
755
-4572
-79
-5076
8878
3985
754
-4066
9309
-2492
3402
-7085
7066
-2433
-2970
1352
2027
5566
-8460
-7339
9908
-3094
8826
2287
-5057
-8964
5089
-9049
-6399
6846
-9956
6389
-7862
2643
3790
1151
-9765
-2588
1131
-5590
4936
-5204
-3392
-3209
-5653
-5547
1234
2247
6863
-3066
9745
-2347
-975
-8924
776
7469
-7805
-2073
645
-8497
-7037
1606
-5027
8919
3190
299
-1914
5332
5161
-8890
7716
8431
-1878
-7213
-6341
3501
-7351
1056
-7941
-1934
-6257
5803
-7972
5207
6539
3542
2772
-7449
-1864
2122
-5016
-2106
-8181
-5164
4069
-3200
7748
7228
8816
4234
-7692
1551
-244
5846
2243
1715
4077
7987
-3573
-8759
584
-1258
2936
8152
6946
5287
-2407
3970
510
9840
1729
5425
4119
-2729
-9719
-7058
-488
4062
-7624
-2777
2637
7856
5554
2429
-9227
5224
-7698
8556
-5834
-122
1102
-1552
-6543
-9680
5881
-7536
-4749
6186
-3336
7012
-4314
3533
-9728
7956
-7270
7608
1327
-7582
6753
1656
-1118
712
-1597
5071
-3844
-3418
4237
5269
3959
-7846
-5775
8806
-845
9827
-8369
8689
-5394
9674
6253
-2839
5187
7335
9863
-3842
-1875
6471
-9475
5991
-9410
-5669
-1397
-267
6714
637
-731
-4009
-8596
4818
5014
7452
-586
-122
6384
4209
-4915
602
5119
5742
-9118
-1400
3066
-7117
8238
959
-4438
-7918
-3071
9311
2216
4583
-2368
2307
3618
7898
6123
-8171
3699
3917
620
7226
4304
-1826
-3541
1521
-5585
6593
9929
9100
8207
-6305
-3652
-2310
-3160
2736
-8733
422
1820
-4412
-2252
5009
9693
9261
-8001
-3789
-7644
-3078
7623
3814
91
4553
-5619
-2907
-5860
-7321
4218
-7238
-6734
-2332
-100
4109
3429
-8870
9954
-5091
-1729
2854
3875
6878
-8631
-7657
-4703
4841
6419
1462
-1143
4835
9699
-2558
-2452
9074
6911
-7484
-495
8837
-831
2752
-592
2042
8332
-612
8446
-5288
-3201
-6401
-4337
5361
3207
1224
-5535
5013
-7971
7459
6754
-6404
-1912
3690
3681
4570
-7865
-6979
9505
1256
8101
925
7754
8432
7343
7019
5531
7005
7902
-395
9561
-561
-9380
9372
-9100
-8949
-9250
6610
-3520
-9345
7782
5947
-5097
8475
9220
-4430
-327
-7539
-7702
5747
7014
1574
-417
-1755
9196
8662
-6342
-9706
-3100
2388
6190
-213
268
8809
8506
-6243
1662
-7637
1921
3947
-1020
-44
-7621
549
7610
1270
8012
-5911
4632
474
-7582
1547
-5630
-1124
3080
5184
7740
-1271
-3750
-3789
9107
-9512
-5404
-9643
-1289
-6255
9516
-5725
-1223
9865
9228
8340
1271
8134
8435
334
-7033
9324
-2159
-1538
3041
1770
5557
-3445
6872
3110
1929
-8716
3366
2664
-1226
-6624
-7043
460
4173
599
6028
4449
4556
2172
-7697
-9512
5525
6217
-5234
1070
638
-2378
-8863
5170
2447
-4419
4244
2411
-1138
-752
-8041
1430
5664
-7759
7909
-4622
-2428
-3898
176
-8774
-6333
-8069
-1358
8816
6642
3640
8431
-971
2319
-5596
-5406
1711
969
-4704
-4324
5609
-424
5901
7070
-6153
3134
7763
2537
-6330
-2619
113
6156
-8352
-1623
-22
-3150
-4222
2864
6825
6263
-5334
3652
1763
-8146
7074
-8360
3252
6184
-8487
-7308
1338
9023
-9879
6761
309
1878
9978
-755
1720
5774
5890
7862
-179
-829
-9546
9220
2505
9379
-8927
-1120
-3919
-5403
-9398
-8502
342
-2545
8323
-4974
3078
-7062
-3199
3824
7190
5596
968
1623
594
-5870
-7459
-5321
-1017
5049
-8653
3546
-8182
-2002
91
3733
9617
-8048
6428
-6396
-2854
-7319
-8074
-2938
-4524
-1071
-4984
9354
-8393
7916
-7923
6591
9783
4930
-9507
-6583
-6353
-3050
-6566
1347
7921
24
-7995
801
7280
-5809
-549
6802
3443
6429
4600
-7122
3530
-5350
-9848
-6856
-6906
3911
3855
8596
3441
8369
434
5054
-9387
3060
7654
-9014
-8721
9382
4848
-86
-6030
5983
-2075
7662
2545
-1220
2323
-3270
5000
2229
-1840
183
3561
-491
-104
3824
3129
4313
-1461
5044
9225
-3998
-9787
-6502
-4370
2763
2684
623
4354
-3221
3742
2028
-305
-5146
-8514
-6044
4660
-297
-2935
3629
6416
3149
6849
-2665
3233
6091
-4743
4255
1943
-7997
8361
-5851
-186
-7997
-808
-353
-5366
-8098
-8224
-3668
5127
-1088
1590
-94
8105
-168
-7799
7097
8797
1442
-1879
-4736
2088
-7337
-4518
-2734
6693
4779
-6877
-1884
-721
-3822
1633
227
9732
8306
-9354
-1236
8601
-4807
-323
-2525
-4700
2246
5324
2845
4507
-7477
8874
6101
-7512
-3061
8370
-5723
4407
-5268
-2516
7427
4356
-4876
-4386
9074
7360
-749
-8616
-5817
-6065
632
-405
5511
5146
-5078
7055
1726
-6735
621
1396
-3745
-9247
-2076
-4433
-7985
5339
5023
3609
-4510
9411
9970
182
-4253
-1
3956
-2088
4804
-8826
9766
-2429
1392
-8422
6792
5705
-2334
2170
3005
-907
-1479
-3255
-9942
-9611
-7460
-9057
-946
7492
-3556
-1044
4280
3329
4509
3165
-2855
5170
-5675
7924
-905
-7304
2079
-6668
7583
5619
7526
-2107
5237
2053
6142
-4702
5926
-5077
-3119
9905
6782
-6524
-8406
-5270
4965
2088
-5955
7746
1904
-1992
-4675
-1722
-5350
4076
-1905
842
7151
1853
5447
-4512
-8585
1527
-5416
-2582
-245
-941
-1709
2217
9831
2437
571
6513
2347
-9435
-9042
874
-8650
975
5177
7245
2442
-9641
7471
9433
-6699
8686
7210
624
3350
-135
-8763
4909
-1865
7684
6994
4012
-174
7792
1965
1714
6513
7850
-9530
-9394
7366
-2797
-1514
9101
-2462
6188
-6414
8608
-3810
-4121
1426
6355
-9810
-9955
2781
-3878
2623
-5167
-6198
-2140
-8066
9922
-2888
273
4389
4173
5787
-9994
6046
-3145
-7576
6798
2472
-8324
-3674
7326
-6593
-2034
5850
2685
66
-4561
-9046
-2154
6328
7679
-9190
-6879
9770
-1058
-1692
8556
-646
-3391
6528
-5272
-3379
-9931
-565
-8369
-2539
-7373
-9328
-238
2494
-1155
-2234
-2808
-872
4700
-4777
687
-5924
-528
6021
200
4425
-897
6964
-735
-8660
7543
-5364
4401
9313
-9413
-1045
2197
7031
-35
3340
-9317
2901
9387
3916
2594
-5058
-5298
-955
5466
3900
5332
-9588
-23
-6150
934
4920
-7923
3812
1448
-965
8606
-5497
-484
-1160
4910
842
-2902
2412
-9636
1895
-3747
8775
7470
761
5728
6880
-5646
-908
-3268
766
4777
-9130
-5684
-4876
8437
-3502
5549
4585
-3198
4184
5578
5770
2069
6127
-5485
5220
-5712
4902
-4400
6677
-1826
-4759
-4870
-7163
-2880
5641
-1086
3156
-2218
6884
-2090
7299
1035
-8522
2744
-6597
4940
1008
7564
-5024
-7227
-7002
-9239
6873
7830
-2700
-8930
2489
240
8130
9867
-8968
-9375
6318
-75
9839
-7132
4845
-9542
-6010
9502
-5738
-2302
1641
2981
9108
-744
3478
-3097
1256
-9983
-2337
-2067
3104
94
2484
-7436
6373
-1543
2745
-854
-7553
-2431
3537
-3032
806
5156
6644
2266
2976
2906
5456
537
8859
-1450
4817
-3362
6890
-9106
692
-7302
-5702
9883
-5508
-4904
-4719
3902
-3845
-1642
8951
-5095
-746
1674
671
-5499
-3765
-2718
2587
-369
-8905
-1660
-2361
-1890
-1666
9281
7139
-8258
-5092
-6802
2978
-9927
-9613
-7573
-4775
3668
1430
-1431
9984
1068
-5388
-4641
8729
-6925
-7521
2721
2113
9304
-7108
7737
-7473
-6945
5059
2649
3997
-1236
-2053
3740
1829
6195
-9257
2519
1745
-3295
5448
1233
-2171
7543
-5672
-712
5944
133
-8965
831
598
4308
237
-9845
-9823
-2011
4251
4966
-8610
-9743
-4840
7150
8553
-1318
6598
-582
4862
6
-421
4463
7013
-2861
3546
-7463
-8468
-691
2040
8276
7172
-380
5626
-9664
1089
-7157
5650
3755
7907
-6980
9742
4322
-2340
-2087
472
-1205
1270
-347
-8875
-5240
-5573
4708
6204
4344
805
3782
-3869
1763
-1936
-704
8739
1378
2084
6336
8975
400
8150
7397
-7225
1425
-6429
5569
1230
9306
-8024
-5071
1327
4800
6045
-3426
-7725
-5619
-6197
2160
-3009
1389
251
1166
-7581
4470
-436
-5586
-6516
8521
4275
-3302
1023
2089
6366
-2612
-4374
-7996
-6097
132
4993
-2573
-1793
-1042
-1179
-459
-1952
2231
6292
3054
-1119
-2918
-1368
6182
-6660
-9221
4235
-8601
-2065
-558
1838
594
8005
-7738
8323
4027
4041
-1295
9053
-9388
59
4130
8258
-5819
3396
7000
9395
-1012
-3757
-8236
830
-5507
-2645
9676
939
-3047
5909
7208
551
-3322
-7837
-3330
7303
5336
4003
5257
7106
-2052
-5168
-9217
-4873
-6177
7365
8254
2311
8459
6449
-2756
-3512
-2342
-5527
-7542
-2063
8275
-524
-7319
-3061
-2522
2043
5293
937
6534
1848
5756
-9550
-5945
4194
6358
-5471
7350
-6372
-8801
-8569
-7500
7458
-1237
592
-3464
1018
8328
9772
9233
-8482
5047
9686
5302
-5780
1012
6249
-9841
9044
8985
4422
-6474
-4468
4205
4922
6085
1275
-7439
4626
-5811
-1057
9749
-8482
-6882
1919
4544
5421
-5755
6858
7215
-9305
-5087
2721
-8058
7391
7050
5425
-8902
-8852
6167
-8109
-5760
-2699
-5127
8586
3967
9051
-5185
1108
-7279
980
-9814
-8686
3929
-8438
1814
-2525
-3322
8177
-4832
-5367
7458
6782
-7915
7760
7737
-9630
2579
-7387
1600
-9678
7013
-7426
5484
2090
7918
-8396
-7306
8364
-844
-2101
5264
-8497
615
-1504
989
-649
3755
-4099
-9171
-539
-4854
5573
-8371
-5636
7891
-809
-7463
-351
-5584
5813
2656
-7676
972
-1867
5870
8088
-4040
4182
1575
2628
3549
-9834
-1378
-3504
3730
-6770
1941
-1706
3056
1019
-140
-210
3341
-5628
8552
288
-7361
-9769
1030
-8730
-5365
-7539
9524
7682
-9461
-7422
-3879
1565
3961
5427
-632
-4315
-6769
5029
-4244
4328
2208
8783
6307
-2345
-3474
-8759
1577
-3718
-1654
5843
2383
-2130
-5587
7188
1680
-9702
8953
7367
6894
1593
1664
-8837
-6173
7172
-8654
7059
-3167
-5683
-7498
9322
-8034
-7128
-4356
5044
-8288
5530
1491
-8457
-526
-8219
4590
-9971
-7419
-1976
-8094
-9694
-6712
285
656
-5305
-8337
-7782
6537
-5646
-1511
4530
9634
-7867
-8148
-9960
6449
7515
7749
8981
-1625
4365
-8482
3462
7312
-9913
6022
-7248
6541
6992
-7366
-8645
1784
2247
6209
4142
-8835
-22
7497
7573
1882
-6493
-7180
7128
7702
7874
-7111
-8830
7059
-2681
8150
-4146
-3615
1102
-9287
9256
3315
1031
-5242
591
7928
-1915
-6578
6854
-7472
9671
6408
656
2487
9606
3337
4995
7476
-1096
3645
-6860
1208
-6216
6917
3057
-3538
3330
4976
-5458
-3014
-4335
-1563
-6451
7420
3544
-700
812
9052
-965
-4281
-2586
-5933
-8318
-3856
1009
7521
-5004
9255
-8968
-6020
-6222
3826
-7507
-3723
8187
1025
-2573
-3532
9671
1796
5393
-1230
-2369
9221
-7572
-8554
-4104
4868
-7391
-1378
8898
511
7800
-7093
9467
9054
-4094
-5289
329
-1227
4290
-8572
-5914
5371
-8986
3270
4693
-4999
-8291
3746
-8524
-6748
7771
5697
-6000
8855
4312
2102
-8363
-8435
6910
-1367
4002
1100
7673
-6254
-8730
3188
-8205
-3573
3800
-8645
-7239
3801
-6210
-2564
-4935
-4848
5571
9265
2915
-4375
-7612
4084
-6191
-5528
2624
1449
-446
-3710
-5006
-4632
5934
-1146
131
-7501
-1263
-3801
-2870
3343
-198
-6888
-6293
5678
-8707
-6429
-9840
-8008
2881
-2396
-5177
-9073
8530
-8516
3478
933
-8402
-8946
2343
9007
-2213
2709
7915
-5516
-6328
-9174
-274
-4264
-2576
9623
8609
-7921
-736
6120
2635
-8444
2252
-7969
-8290
6936
1617
4040
-8018
-915
3723
546
2802
5618
-6264
9206
7836
2870
-7551
6911
-9496
7838
4293
-1979
-2811
7824
-550
8609
-7216
2341
-9524
-3288
-5995
5398
-7113
8383
-6436
2782
2717
-8413
-406
6769
3779
-5213
-5626
2659
2097
8970
-7618
-1852
6804
7370
-2606
5889
-6662
8032
-4454
5245
2378
9192
1606
5570
-6137
-7390
-2762
1147
968
-7628
-1840
-1665
9500
6745
70
-4499
-5016
-657
-6862
-9021
4150
600
-9319
-6175
-1143
4262
828
1266
-3883
2929
-8294
-3478
9852
-3351
2458
5783
751
-5574
1403
-5045
4906
-5191
-1987
5033
-7586
-3502
5028
8882
-1305
9891
3365
-6295
-1385
3968
511
-7409
-1186
3736
1271
-5731
5016
288
-5090
-6036
2559
-8074
3462
-2748
6473
1357
5137
-929
-4329
2247
6634
-7371
9476
-7363
-6819
-7912
3612
-6040
1884
7526
5428
-5836
9435
2988
1101
-4755
1436
2240
-9358
7393
-5232
-445
-949
8855
6760
6044
-1702
-2631
7711
-6142
-9445
109
6650
2011
-6307
186
6420
-1917
8165
-5707
-1280
-9690
-8665
435
-7736
-3569
7109
-4230
-4390
4432
5430
-9017
1360
2445
-5036
8535
-1529
-8495
-2268
-7449
-1537
7194
-9060
2193
8214
6279
-4496
-7040
5506
4280
-516
2170
1789
-2958
1524
7153
-7250
9070
2253
-6470
-8560
-1035
2859
-1561
5918
-1046
-5518
-7627
-147
6910
-7883
-9679
-5793
-4393
-2674
-6672
-8378
-5664
-2408
9309
-7822
-7306
9701
1266
9988
-6449
-7061
-3763
-4435
-7860
-9410
-4918
7653
-8143
-749
-3634
-981
4092
1830
-1584
9259
-5980
-4872
-9668
1152
-7787
-8740
5680
-1349
-1758
-8355
8173
-5926
-6871
-2820
-4720
9371
5933
-7357
-7068
3904
7738
1394
-5710
7216
-9589
6089
7802
5773
-3138
-9581
-368
8683
8772
-190
-2093
650
7537
7060
-1653
-7294
-1126
-3167
9720
-5987
-5041
-3249
-3759
5456
972
-6297
-5848
-2478
-3496
1803
6554
9237
-9679
-1068
7238
7970
-8975
2834
5962
-4950
5138
-2899
331
-2415
-148
9433
-1411
7366
3094
-7801
-5593
8738
3441
6362
4833
-2912
-6836
3009
6136
6156
-3575
4067
-6693
-8659
1826
-6567
-3273
5046
-5064
6194
6498
-4271
4635
3641
-8895
-3581
-1032
7880
-8175
8689
3964
-6495
7155
7809
5879
-7908
2829
6313
-2937
6437
3388
8951
-9651
-7474
3274
1424
6055
-4412
6417
1855
-428
-4316
-1477
6101
-4618
4048
-7241
-4674
-5218
2616
8151
-6670
4985
793
199
-1158
-4438
9171
8777
9158
9430
9264
-4907
6043
-4169
6496
-9610
4633
-5621
8971
-2276
-3443
2224
-9065
-3519
-7809
-1515
-8424
-1785
221
-7838
8829
-6307
2207
-5646
-9828
-8543
-5820
3894
1849
-8077
9999
8956
8324
1908
-1070
9618
-2677
7447
7476
-4599
-3460
1076
3337
3135
-275
-74
-7055
5153
-1269
-5942
-9950
-1379
3501
-9700
5456
4850
-3100
6770
2432
7559
6687
-6717
1298
-5448
-7165
-5321
4388
2388
2163
-2303
-1209
-5945
856
7010
3511
-5099
4546
7125
7069
4392
-2352
1569
-5395
5895
2761
4393
-2312
1126
239
4187
-5109
-2939
-8062
-1938
6533
-3827
2029
-3376
7088
-792
-6787
-7337
-5031
6218
7647
8195
9317
-7189
6669
6725
-2009
-5247
-5604
-8789
7450
7653
-1518
-7309
-7148
-907
-3091
3392
8772
8250
-8009
-8426
-6480
415
-8294
-8299
3621
-1536
-7838
-1021
-4335
-303
168
8568
6229
-8474
-6653
-1132
1253
1684
2795
-4850
-5453
-4507
-9391
458
-9173
-2337
6017
4022
3037
-462
4607
-4268
7411
6944
-4662
-8139
-3824
5012
-5356
3699
2466
-2312
-3712
-6430
9173
-9495
-6185
939
36
-3805
4379
5939
8563
-8403
-4339
6720
-6806
856
-7735
-6691
-8570
3682
-8838
-5993
3798
1165
8848
-2252
4064
-2889
5713
8247
3912
-6268
-1217
-8829
9700
-5492
9128
9541
9777
492
-5957
-3391
-1111
1743
-7552
6037
-6470
8409
4590
-3470
5048
-7954
1810
-6963
-9437
-7585
9396
7620
-6944
7835
9522
-170
-7535
-1264
-1923
-9429
-6024
1895
-1713
6163
-8243
-6337
-9843
4076
-3550
1704
6008
3271
-5491
9810
-152
-5166
-2707
9692
8969
-147
287
1921
3157
-7262
-5479
-4132
6343
8234
-5944
-6361
-811
-441
3162
6879
-5333
-382
-6780
-7837
1184
8959
3065
9511
7479
5176
9377
2831
-1319
-3705
6597
6093
-3928
-8880
-8456
-6512
2211
1619
-2859
-4895
4309
-9291
2978
5522
-6470
-6197
1923
-7159
-6702
-3985
-9341
973
3432
-4589
5525
6282
9344
-7450
-4110
-3909
-664
-3728
363
-4674
234
4842
-7467
4885
6356
8298
-2787
7256
1129
-8633
-183
-2578
-1013
-28
7210
-4548
-7626
-1334
995
3158
1185
8518
1388
7627
-6605
-7649
8390
8883
-7891
8081
-5059
9241
2524
3287
-5777
-179
-3622
6747
4447
525
5818
4563
-4253
-9359
8539
612
6911
1830
8778
7263
-3243
-9774
-4294
-2893
6900
3525
-3664
-4873
1381
-7974
-381
7397
8805
2981
58
3250
-9841
7394
-9012
7648
2920
2235
-773
7510
4574
752
6538
-2531
-7336
-4905
-6783
-1975
-7728
-8142
8501
-9702
6796
-3773
-4177
-2988
-8291
8651
8925
821
-6950
-2927
3489
-4890
6150
-4760
9675
3528
-5226
-5538
5608
703
5519
5426
3981
-7017
8270
-5847
555
-4901
3288
-7301
191
5541
6289
8670
-3427
-859
-5424
4127
4006
-8621
-1613
9722
-7280
-6265
-6018
-9971
8747
-3268
-3074
-5203
-3840
-1570
-6932
-5228
3726
3571
5560
-3578
-4538
1960
8748
7210
2358
-1714
-205
3972
-4050
-3051
1793
5898
1924
1672
3289
-7037
2233
-4015
9191
-7643
-8981
7444
104
1018
7275
1857
518
-7446
9116
1681
8682
-2656
-5482
-1076
-2976
-5167
9860
3691
7854
-1072
-8334
-6726
-1107
-4545
1050
-6880
5356
3152
-9688
6606
-7973
1527
-4064
-7350
1347
8607
3727
6266
-1188
5258
8269
-5756
9669
-9416
4229
3071
-2253
-1857
-6218
-3053
-580
2866
-4212
4781
2534
-7921
2691
-5939
9984
-8995
-2851
-1657
7809
-2896
-7075
-2117
-7143
-1648
-2853
-8865
-1674
1588
5169
8025
2179
-7751
-5166
8695
-105
6058
1116
1435
1341
4024
3667
9948
5242
579
-5665
-2464
-9024
2875
8891
7904
5325
9368
-9946
6435
2744
-61
5058
3754
7443
37
3331
1596
4795
-6110
-7757
-7578
-4903
-4712
-2103
9512
-1025
5892
-6780
-5306
-6949
1623
2041
-4068
-1783
4962
-3846
501
8647
-1345
-3181
1098
8304
1877
4719
-7613
-7533
-6217
-9299
8084
-7652
1410
6992
6449
3859
-2361
2559
-1616
6795
-5323
-3918
316
-912
8250
-3880
5991
-1947
1352
4368
-4793
7269
-5042
-1535
-3449
-6620
7158
-2277
-6595
-8289
3778
9764
-3203
-7329
8710
-6856
3511
-1807
1674
-4326
3820
-6131
-8525
-6965
4741
8918
-7962
-5230
-4629
9367
-2929
-2258
-2566
5606
4450
-8324
-554
-9981
8827
4415
-6610
2068
-3725
4337
8460
-8489
-9904
-8617
-1949
1375
9638
1743
7556
9679
-7098
-9348
-8082
1992
-2375
-7849
6112
-310
5398
-4206
-7223
-1840
-3887
-1512
145
-9121
-3233
8721
-2341
4437
7614
-6037
-6311
-997
1428
-6731
5172
-2337
4003
6449
-5255
-8655
-1447
100
-842
-9740
7797
3439
-6641
3937
-8546
8704
-1247
5459
-6352
7356
-1403
8698
3127
-8605
-4039
-6879
4702
528
6710
5277
4138
9612
-8778
3290
6174
-1011
-3278
1667
-8254
2104
3791
3974
6243
-6432
3619
4713
9568
3689
8179
-6328
-428
3544
6861
552
-8108
-8097
7769
-2986
-8909
-7015
6614
7933
-3378
-4591
2051
-5710
-256
-2564
2278
5487
-7177
3904
1299
5619
307
9057
-815
5858
5461
8317
-2786
-6281
-9630
-8312
9745
-6292
-9389
-1506
-7797
-8203
1333
1535
-5857
-2076
-4134
6368
5914
4784
6913
-4620
-7784
-4
608
6633
-4284
-5505
4829
-8813
-3469
-3427
1187
2269
7173
-4213
7925
7441
8021
4506
3397
2166
-6644
-7613
-6167
6990
7753
-1545
-804
-3367
-7463
2099
4890
2714
-6058
-3424
-3550
4410
-9178
33
88
8086
7848
-7417
6643
4609
376
-4807
-9798
9552
-3623
-283
7955
789
2989
-9091
-9379
-4632
-7615
-6273
-1220
-6037
-1811
4718
708
-5696
-4869
-3164
-3094
6749
-703
3956
-7968
6905
-8331
8130
-2804
-4698
3837
-7227
-8702
1823
-1849
7311
4191
8216
1283
-697
4678
-3918
3892
-4585
-2257
-1757
-4316
-7553
-1110
2962
2451
-1581
-9014
2192
-344
-2295
-4076
855
-3439
-1269
-4819
-6867
9682
-9606
6678
-9939
-6109
-1687
7465
-7435
-3566
-9062
-3699
4545
-7417
3328
3306
-8709
-5527
-6085
1745
6192
8261
-2871
-8172
-6166
-8702
-5543
-3944
5171
2654
-1755
-9333
4729
8103
-8907
1834
-648
2647
-6505
-6705
7406
-6761
-6587
6536
-5091
-129
5096
-4242
5955
8075
-7137
-27
-4238
7061
-703
-2074
2337
-9565
-6809
-3900
-8838
-804
3589
-1831
-9660
-5606
8894
-9830
-5446
-5510
8736
4582
5502
2616
6260
5624
6154
-9442
-8519
-1674
-214
-7468
-3628
9402
-2317
-3773
6870
7229
4786
-3489
-7791
3425
8739
598
4789
4555
1116
-1448
-9314
8013
3074
-8814
-9224
-4657
-5885
3667
-4968
-2305
-6934
503
552
5842
3686
-1015
-8894
-8107
-4574
-7488
-7198
-6870
828
9080
-6045
5216
-1201
4289
2415
3394
6041
2552
-3880
-3732
5221
-4027
-5878
1017
-7364
-986
-1332
9261
5684
8551
4987
3397
7217
2860
-5127
2630
1085
-7486
7156
-7574
-8650
-2407
-6112
-835
8427
5970
-2558
-9702
9867
156
5532
757
8217
5770
1817
2937
-4263
-4242
-1214
8688
3337
1517
-8755
-278
-5791
-7979
-1652
-9894
-2696
2871
6277
3329
9479
9546
-5164
2536
-3611
-9716
-620
-7971
1179
7998
1737
6712
5332
8524
-7322
-5078
-9382
4828
6210
-8759
8763
6470
3819
-6064
9800
1692
-4720
-7169
3818
-8598
-9918
7552
-9292
9231
8892
-4280
-110
-9507
-2918
1692
-1378
-9038
-2826
-2849
4952
-6307
9472
-6070
-5091
-1566
-4629
5076
-3316
2416
2197
845
2726
-4758
-4505
9039
5159
-937
5936
-9956
-5928
-7085
-3612
646
-9851
-6143
6353
-9134
6841
-3491
-2600
-8554
2413
-3297
-3112
-9558
9803
2151
-7793
-1914
-6280
-3461
-8028
5712
-6211
8307
-9958
-1629
-4566
8172
-5451
8740
8448
5944
-5274
2100
-8408
1024
4358
-4751
2847
2056
-8647
8320
-2224
-8882
3231
-5372
4037
8253
6262
718
4638
-1719
-7761
429
1142
4201
4588
-1967
-6398
-7877
-3479
6216
7006
-7414
-8519
-3426
-2961
-2387
8186
1986
2867
-8057
-2863
3550
4814
-6929
349
-1818
2089
7640
-1843
4495
-6450
8077
2082
-2194
-2426
-6878
-1898
6363
-2208
1291
-3478
6723
-72
8021
-3884
-401
8120
1431
-243
-9542
3444
-7832
-2514
6471
321
4188
-1135
5544
-2073
-4921
-7920
-2662
-5083
-3308
-4076
-3855
-1300
-1663
6232
8405
-5448
7071
-6565
-6655
-5723
-296
-4592
1329
-9758
-5740
9486
-7872
2657
2993
3647
-7460
8640
-9457
-431
2313
-3453
-3804
-2289
3678
-3956
2312
-5722
-4023
-8095
4882
-9173
6138
2796
-8486
329
-7710
6306
-7995
7817
-161
4551
-7145
6097
5719
2429
3412
5956
8607
5370
-8286
-969
4956
-9479
1026
379
7659
-5435
-7530
8347
-6869
-334
-4882
-6349
7373
7299
-2148
275
-3784
7683
-4905
3994
-2209
-6901
-9920
-168
443
9426
-443
-6311
-1936
-9497
5351
-8728
5461
-2953
-5768
-9440
9818
4638
9198
5584
-8923
6661
4644
-2538
-8035
-6359
-1396
9660
-2014
4971
2870
7709
2271
-1647
4042
3117
6388
4145
-4029
-273
2988
615
-1326
7437
-7217
4330
-3696
-2229
207
-7508
-8457
1161
-3170
-5320
-3814
-2502
-5289
4997
-7158
-4829
-8221
-3643
-327
-9723
-5165
-318
6130
-3449
7028
-453
4184
9567
-9877
4814
3736
-7332
-142
4966
6218
-128
7253
-2634
-9985
6176
-8035
4347
-1786
6578
-1244
-4901
-5912
-2343
-8516
8818
-27
8221
6062
6845
535
-9966
-1611
-732
482
5713
-3608
1828
-9247
-6416
4913
295
-7056
-7119
8553
4088
-7700
-2600
9840
-8185
-482
-1901
-920
3542
4708
2551
-8429
7030
6104
4446
-8560
-2820
-1474
-2520
-4993
8693
-8237
7496
9146
8741
8829
1677
3814
3454
2789
-6588
-1060
5988
-2276
4840
-7096
-4816
-2956
2778
-580
3831
-1297
6433
-5904
-4959
1232
-6370
-2706
7316
-2042
7665
-3064
6787
5915
770
-2064
-9157
-235
-6263
7871
3639
-8977
4166
7466
8335
-8533
9151
4368
-3972
-3804
3283
4148
93
7324
6324
-1436
-802
-4812
4257
287
-8094
-2355
-2423
4005
4432
885
9387
-8367
5329
4251
6067
7238
-3215
7238
3890
705
9855
-4698
-4247
-243
5464
-1721
9510
2013
5948
-7421
-4919
-1953
-5480
-5999
-7005
8472
-7861
-3919
2552
1203
-3986
-1799
-8641
-4822
5879
8443
-3400
8746
8987
-4421
458
6916
-4058
-8310
-8883
3090
2867
-1638
-5277
5357
-5508
-6947
5388
-2741
-8879
7408
-4361
6088
-8255
-4661
1437
-5240
-8788
9696
3973
-2445
2000
-707
-4369
7774
-7309
-2303
4016
2804
8119
-8066
-4645
453
8446
-6337
-6210
-1253
-6915
9983
231
-4231
-1542
-7689
-2425
-8725
8713
9313
329
9986
3339
-1767
-7334
-9579
5002
-3965
2362
4187
9347
-7355
1051
-1975
604
3450
4950
8801
5517
-592
9736
-5098
-4281
-937
3273
1692
1744
-5301
-4223
3140
-6960
-1230
-2523
1701
-6604
-919
-1855
-9318
6900
-6964
-3191
-1748
-1784
-9782
-5879
-4858
-61
2931
4257
-9456
-8515
2564
-5910
-7842
9380
-1305
8690
3416
9055
3416
6543
6893
-6153
-3163
5563
4787
3312
4710
7152
-5337
-9196
-5296
3908
8129
3295
-5538
-6045
8784
5497
-4241
-4378
-6388
-6657
6630
6301
8534
4288
-495
1775
2007
8022
3791
1726
-9263
-6638
-3106
-489
1128
-1319
-1548
-4613
-3126
-6565
3102
342
-147
9966
1188
-9091
-8512
9588
7418
-8118
8687
-7382
-8111
1650
-1864
-1480
-4995
-2306
7298
7801
6635
2173
9760
423
-1525
-8859
-4576
7256
4609
9519
5777
141
-5490
-4242
4502
-5725
-5687
8174
-1718
-203
2988
7503
-1499
9709
3789
13
-5511
-1422
-5993
-6775
1008
-4093
9516
9577
9726
-2016
-4337
-4541
-949
-1542
5090
-2433
-4557
8932
-197
5788
-518
9338
-6645
4007
4913
-1564
1868
-6426
8410
2942
-9034
-4036
2296
-5792
-7683
-3515
864
-4861
7626
-4932
-4416
3934
6564
-1015
4
-6679
5687
-6734
7435
-6920
6172
-3545
-3154
-3689
-2749
9261
-5257
-5058
5908
2086
-2589
5195
7055
6678
1245
6704
-5773
-6087
-6339
654
6677
-2546
6373
-1802
3660
-1970
9494
-494
-6924
-6020
-5503
-1939
-5404
2503
-4322
-386
-9502
7175
-4056
958
958
-8228
8555
2989
3581
-2208
1890
-3064
5362
9061
4518
-8810
-4619
5684
8538
-9435
-461
-8064
6707
-4369
-9036
-7234
9679
-9945
-1257
171
4393
4956
-5773
-939
4286
3493
-7225
-1551
2358
6243
-1331
5936
8046
-3907
9225
-2757
-1950
6268
9781
4659
8117
-2454
2646
1881
-5441
-9160
1539
7803
-15
-9828
-3972
-1979
3282
852
7130
-59
-2578
-1255
1113
-6568
5891
7613
2020
6265
5542
-524
3768
-6274
-539
-3696
3913
-2437
6325
1397
8716
2956
-6858
-8272
-888
-7282
-7759
-3792
7687
5756
5430
1097
-7058
-1430
-7668
-7015
-4360
7217
7690
4909
2616
7362
-6561
1215
-40
868
-8133
7462
1396
5548
-7188
8995
3677
-1232
-2101
-8682
5236
-2012
-5901
7376
4698
6331
-7572
-2477
-7970
-3060
394
7325
-1978
-6243
2038
1084
1449
2983
-2300
3577
-740
-3963
-6228
968
-2698
7632
-5891
-7793
-1835
1082
5745
1707
6848
-4710
6283
-7702
-4599
-7954
8477
-1476
4644
-6736
5993
6370
4845
-5639
-40
-712
-57
-4631
-7557
-1939
1464
1493
1123
-8486
-4757
-8638
6408
2804
9664
-7396
5806
-3941
8847
-7350
-5155
-3884
4902
-4110
-9343
-9719
-7656
7357
-9134
-5264
6489
8876
8112
-1982
-1272
9361
5953
-2218
7445
5257
8047
5309
-8482
364
-4863
6394
7445
7853
5961
5018
9971
7581
-6426
1697
9535
-4064
-1619
4530
-8857
-2959
-6133
-2310
7657
104
1591
-2259
-3186
8483
7500
-486
8887
9290
719
-3324
2925
4094
6163
8451
-7656
-2170
3417
-7619
-9369
5630
3449
9687
-2282
376
1601
-2275
-8272
145
-9774
-4004
6070
-5522
-3487
9824
-6907
-3966
1110
-7840
3380
-5404
-5154
8211
-5153
-1644
7521
-5041
639
-3442
-2704
9300
-7620
8582
3008
6241
-3980
6021
-1840
9918
7877
263
-8562
1925
-7421
8483
-495
-6309
3527
221
-7126
9892
-1632
-1274
1624
6790
4199
5700
-7102
-8261
-6435
6399
-954
-874
4672
-597
-3332
5744
-9317
175
5763
-1236
6520
-5068
-9380
4842
-8942
-68
7809
-4801
2316
7982
-7814
8804
9843
-7566
6122
-3391
-4746
6362
2257
-8750
-3448
-5696
2706
4108
-6738
9862
5239
-3606
9130
-2584
4629
7292
-6875
-9023
-7011
8905
-8442
-2432
1114
7357
5699
-199
-7681
-8398
-55
-9370
9668
-4701
8375
-2510
3524
3256
-9994
5546
9574
5001
9527
-4746
2515
-7034
7021
1340
2754
5897
8236
4883
9719
-7219
-860
-1648
-7395
8558
-9518
-3103
5150
-377
4844
-9163
8597
1662
1951
-8340
-5324
-6610
-8087
-3663
-3810
7093
9333
-4598
779
-3395
-3441
-6101
-7816
-4871
9631
-8483
9346
2873
-1913
-3518
4794
9091
-65
-9415
-1210
6421
-8652
-618
-2691
-2848
251
-1856
8083
6057
4198
-812
78
728
1512
4994
7283
-3537
1729
413
-3370
794
-4264
-8108
1957
6716
-4121
-8227
-3149
-9641
5974
-2583
-9841
9608
-3101
9547
-1358
-3493
-9737
-6804
1352
-1764
147
3185
4531
5619
1656
7130
1248
6894
3040
-3823
-6273
302
-3512
2026
277
2724
-4762
-7797
4944
-444
2128
6866
6917
1158
-11
1407
919
8978
8421
2009
9417
5847
9330
-9816
9505
9540
3319
-3871
-516
-1964
7965
7146
-2044
-618
-3942
-7865
-1280
-2716
7505
1745
6104
-7059
-796
-3804
1553
-5335
1921
1502
-6218
-5292
-3998
-4532
1737
-9366
-422
813
-2193
8046
-8465
1547
6972
4023
-4023
6296
-8461
4008
2209
-9879
7843
-7761
9323
-8360
5249
-4167
-3531
-605
4215
4580
-2444
2329
1196
5473
-4800
4172
8826
-8758
-8127
819
-1741
-6748
-1823
9913
-5769
-3072
-8903
-4165
8881
4091
9380
5838
-4010
-8441
9410
-215
-285
4536
-7913
-4887
-5453
8796
-3117
-1325
-2932
-6372
-740
4839
7794
8322
-9184
8432
-9949
1413
7707
9206
8703
-6015
-9819
-2563
-3021
3615
-9468
608
-8439
3830
4859
3330
-7127
6584
-4439
-5973
9214
-657
631
7631
1707
-8323
8911
24
-4036
-4414
-7669
-31
3767
3101
-8043
9344
-9191
-7416
-8297
-6838
-5579
7117
-1861
8519
-8456
9893
4922
6705
5417
8255
-5709
5885
-7694
-6560
3183
3758
-7581
9946
-7345
5579
9381
-6447
-6977
3754
-6424
8352
6779
2080
6280
-7569
1086
6573
-5430
9186
-4921
-5357
1549
2656
2710
5268
-8045
-3641
1828
-6349
-2632
-4224
-4417
-5387
-5896
-230
6714
6098
-642
8495
9062
-1893
-5751
5245
-5193
6126
-3508
6282
-9693
9847
-2977
7887
-8894
9156
3816
-9399
274
3783
-2670
-7168
-2962
-6938
5280
-2041
9545
-279
6290
-8069
5069
-4226
-9367
8113
5561
-2955
-7920
-6700
2557
-4344
5030
7013
4300
-1187
-7638
923
-9380
5366
6964
1756
-5504
-4686
2695
5314
-9139
611
3572
-9949
-8149
9631
-9726
3922
-6289
3649
-2773
8046
-5003
-5885
-3414
7789
6765
9974
26
-3106
-914
-2158
8254
999
-7316
-3625
-9005
5420
8865
2031
9004
4096
4006
4495
2424
-8458
3576
5883
-1417
9882
2200
4403
-4889
9537
9883
4374
-2350
2023
4137
5571
-3447
1990
4319
-6392
-9604
-8725
-8580
4611
6084
7173
2204
7999
-4145
-9948
1679
-8830
-6115
7569
-3864
3550
8131
5445
-431
-1049
-7683
5385
9158
-4970
1485
5308
-3863
7665
-4570
-9821
-8448
-6098
3318
-9353
-7433
8488
9998
-1513
-3237
-1622
-2195
-276
-8276
-5206
7067
-7541
-2948
-4613
-7325
-3814
9363
-9402
4052
-5180
5648
-9855
6890
-4749
4062
-4580
5178
8190
793
-9470
-2736
-6545
-9126
-1695
9317
-4099
-6585
-5839
-3368
6212
-1818
93
-9982
-3614
2162
-7238
6355
-361
4878
2705
4953
7366
6750
-7015
-869
-442
214
5349
2376
6112
-263
1212
-8353
5685
9679
-3161
525
-669
-9926
3210
-7164
-6466
827
2380
-9207
-3699
-206
-5894
5610
-1913
5059
-6576
-6539
671
-8914
3448
-2903
-9156
-8909
4603
-8590
-1692
-8491
-9200
-9103
-8721
-4080
-1606
1405
-8951
774
5094
-1722
4487
3088
5209
-3867
-8055
1023
-4162
-5232
-2645
-5970
9796
-2412
-5604
2860
3393
-8661
4466
-6313
3106
908
1042
7817
-9162
-5193
3441
-6315
-5406
-1535
-5082
7295
-4144
-4360
-5678
-6575
6653
4288
3481
163
8640
-8216
-4585
-3481
-40
-7774
-5520
3992
4657
-1092
7947
-9979
1110
5437
5780
4782
-5453
-3773
-4970
1022
9590
-9899
7918
-9456
5709
8069
-9471
4889
-6556
4478
-1728
2970
-2730
-6156
-1621
7349
357
5167
-168
4939
-6303
-3790
528
8175
5282
9810
5673
6102
5934
-6524
5631
7428
-2020
-6728
9452
-5840
7916
3626
-6091
-6853
-2712
-8387
9081
1749
-4364
-9255
-9391
-7998
2645
5765
-2875
745
-7859
9454
5950
1348
5772
-8938
-1082
7395
6868
-5202
-4387
7596
-4503
6834
-5852
5772
-1258
-3849
-2391
7377
-8343
-5431
8005
-7581
-4679
8734
437
-2975
683
-3279
2080
-2574
-4589
-9444
-5734
701
9068
-3591
-940
-392
5955
-8370
8654
5410
-2311
-7948
-6502
-8645
3678
-6129
-5036
8569
9224
988
3157
2479
-6118
3922
-8078
6779
-2232
5875
9535
-338
-8696
-5287
5619
-3594
-2635
8644
-3567
5853
9749
6261
-8561
7347
4863
-2609
-2561
-2053
-2048
8961
1073
1065
8138
-7700
-6933
7864
-1402
5450
4278
9222
3416
5959
-3966
-6148
7928
-3942
-8552
9297
2229
415
-914
-2561
-1940
-6500
4877
-2492
-254
2730
5346
9379
-5958
2014
5297
5059
7048
2041
-8003
-4689
-9339
-5454
8332
7645
-1262
-771
5188
9045
7023
-426
-1614
4301
6297
-1126
-4831
-7603
5079
-9073
-6111
1148
-1211
302
-6057
631
-9445
3757
7410
2994
7893
-9329
-66
-2788
-6199
3079
-9574
4426
-8855
136
9454
7933
5544
-4186
4443
-8996
-2455
9038
5154
3106
-2534
-5629
-9568
-4548
6074
-3168
-1332
5185
2657
-5813
-8104
-6463
4664
-9342
-5469
6549
-3338
2805
6252
6093
3234
-229
5190
4302
2197
2072
9946
7639
-1176
5611
1489
-8575
-629
-9438
-8551
-8379
5922
7128
833
-177
-590
5092
3651
-4778
4056
-7510
7900
-5608
-2240
-1680
-2941
-7627
2646
2721
-4785
-6557
-8130
6389
6916
6556
-4109
5706
-4626
-5191
-6077
2953
-831
5181
-883
2199
-6962
-858
5721
4890
-1913
2953
4705
-7024
5446
6267
-4366
6595
-2516
6596
-7130
4726
8056
-9680
6814
2526
4378
-1838
366
-3349
-3798
-7026
-6209
2299
-1891
3796
-9811
-2560
7483
-565
-5987
-9975
2805
-2468
-9025
1322
-6526
3554
-1060
-4531
6961
-4228
1855
-7293
1992
7912
4256
7009
-9664
-4887
2973
-386
7882
-2803
-5779
6900
-5598
7862
9152
6676
7250
2841
8188
-2733
-1617
3299
7371
-1789
2792
-1439
5701
8612
2678
5593
2703
5952
-1617
-9523
8227
-395
4698
-3740
-6537
-1763
-891
8623
2728
6503
-7297
-5258
1965
-1659
-4617
-4953
9278
8538
2468
-2998
7991
-6167
-5310
1645
1925
8505
-4570
-6669
-8953
-5879
-5552
2734
-3716
-4783
2246
-6003
2477
-3256
-4351
4643
-1262
2093
-1618
-5425
-7052
-314
-3197
6293
8199
1848
2064
6310
-9022
-2004
-6450
-9645
8169
2173
7478
9832
1722
-7938
7986
5840
7203
3207
5184
-795
-2242
-7784
6796
-3678
7706
-2149
-4585
-4416
-8722
-344
-8061
-4045
4843
-8327
7498
272
-2788
-1369
6175
-3962
-3187
2217
-8750
9832
-2426
-4364
9604
6829
5999
-2193
-7188
7362
-9159
-2690
-3151
442
-578
-5961
3648
3693
-7528
6006
-7340
8922
-754
3365
-4629
1180
-8221
-5741
-5078
-6968
-8126
321
5091
9411
9665
1859
903
380
-3050
3720
-7461
9663
8819
725
-6923
-193
-2499
-8566
-8560
5656
-531
6493
-9969
-5331
-9961
3300
-4836
8752
4254
3985
6448
9127
-4446
8354
-5798
-5748
-257
2912
-1261
5208
3635
-2431
3711
395
6415
4725
-3636
-7653
3729
3848
1970
797
3266
4936
3618
-5380
1215
3567
-3323
-9648
4396
-6904
4962
621
1719
-4492
1638
-3391
-4250
9418
-6530
1698
-2372
-2046
-8668
5697
-4995
-5788
-5301
3172
-2645
-5850
2605
-2310
1892
-7449
-7606
5
-872
1657
2751
5084
5391
4127
-9170
1835
-6892
-7869
-7490
-7099
5595
258
-6761
3583
-333
-921
7570
-4214
7342
272
1540
5055
8110
7719
-837
7922
9100
-1349
-1822
6946
8984
5586
-4711
2116
8725
-7312
5220
-3378
-4914
8576
-2010
2
-7748
9703
-1374
-9910
457
6413
8966
-9405
1107
7647
-5022
-971
2369
-8425
-3638
4860
-9237
3830
994
7708
-10
-494
9794
-8868
-5773
8490
-501
9812
9191
-4983
6270
3114
-9973
-1896
3343
-7169
-4639
-6432
-4385
358
725
1223
-2993
-296
6423
-1514
7353
-8380
-9258
-6191
8465
-5236
-6441
-4489
5728
-6211
-7623
-6618
-3670
-7469
7593
-2157
-593
-4824
1955
-5060
-719
-7941
3028
9282
-3590
3529
-8308
9802
7880
5085
-8326
-6222
-6554
-2682
-3992
8115
3426
-6633
-3392
8583
3447
9017
458
6963
-1739
-7248
-8242
-3520
-6509
7630
-4067
-6446
-7878
1207
1259
-4797
6562
-8546
-113
6574
-9164
-5233
2311
2407
7837
8996
-4567
1011
7434
2084
5834
7261
224
-5853
342
-8893
5589
-8620
-8223
-1279
2050
9457
-7319
-3014
5410
-1727
9844
566
1082
-6754
603
-4321
714
-3346
8272
-6388
-6281
-6423
-580
1812
-3799
-5904
-5713
-8436
200
930
1968
-6482
-3140
-4899
832
6540
-6341
-323
-4230
-5339
-8369
-4091
-6421
8716
-4138
5778
-4108
3978
-2667
1200
-5993
6690
-7106
9574
-2287
-5102
415
1931
-8232
3281
-8332
6512
-2857
-9224
-9986
6854
3707
7901
-2515
6631
-2706
-9830
5166
1515
3777
2529
8002
-472
-1380
9776
5952
4627
9999
5477
3634
9111
-3075
6540
4274
-2823
-8110
-6625
4050
-2630
5636
4675
-3441
9610
7758
-9391
-7016
4482
8112
-6371
6301
-6287
6606
-4929
-1124
8585
-6754
-5730
5821
-5805
-6248
-2972
3511
-5235
-1071
6816
-2247
4889
-5277
9001
9388
2584
1425
7484
-6909
9725
-9382
-852
-4192
-780
-8941
3302
-2563
8947
-6246
9341
5525
-1126
7412
-8787
9208
2529
5863
-5639
2440
6433
-9144
-7686
-6320
553
-913
-2193
-6702
5037
-4221
-1913
8189
4312
-9672
2593
-4714
-8497
1728
2736
-4943
726
-422
-5534
6680
-8602
652
1130
4233
-323
-3347
-4782
9696
-3135
1267
2112
3189
-3309
-7645
3610
2044
-7444
-6541
5229
8296
3053
9346
-3851
8721
1282
4646
-871
2299
-5643
-4102
-4933
-1924
383
2436
7732
599
6706
-4448
1696
9919
374
1239
-3336
-3047
7960
-5120
-288
4513
-9336
-3967
7212
-3238
-4667
8115
-1535
7606
-5111
3353
-6923
-603
-4433
2616
-9011
7068
2474
9238
-2797
-1804
6619
9576
-8234
-7195
-3141
-7526
-1935
-3947
2222
-4900
9701
-6387
-349
5848
-2097
1750
2516
-8931
-1966
-1416
-1435
7609
3735
-2468
8943
-5034
6729
786
-9919
-5785
5166
-504
-1703
-9952
7058
-2575
533
-525
-5373
-8440
-1890
4065
6613
2887
6524
-3122
4888
3868
3165
-8487
-8075
4426
-3171
-7600
-4059
5430
4156
1408
-641
6535
154
4766
-5008
4622
6734
9928
5848
3747
-5292
9333
7267
3943
4283
3678
2008
8372
-8703
-7576
-4360
-5638
7479
-9825
4837
9672
2888
-8954
2854
-4716
-5699
-1813
5502
9211
-3300
7597
-6744
-7118
8479
-3289
-2116
862
-906
-4716
5588
-5274
8666
-6284
6161
-2323
-8956
-7929
6481
-6389
2257
3143
-2175
8456
8638
-8431
6156
754
-7126
1550
-757
437
8224
4929
8093
7709
-3617
483
3862
-897
-2846
-8715
8814
1843
-7682
-7207
-9827
8217
9162
9310
180
-8368
8777
1575
-5341
7955
3369
4526
-7506
-9192
7503
-9630
-4471
-314
-1423
-3795
8676
-6052
644
-7637
-447
-3388
-4049
-1293
9069
-8796
766
3520
348
3382
-1817
-4799
-3158
-2273
-6232
9295
-5999
-5649
715
1562
4475
4616
5166
-4928
-1618
2487
-3536
2715
-2256
-5366
9888
-7446
8522
-8390
5702
-4035
8172
1254
8557
1879
-2572
-6462
6376
124
5370
-7179
2739
9818
-1431
2156
-1706
-7518
-6839
-5763
-2139
4202
-8867
-9871
-5345
5209
-1993
597
1958
-1519
-716
9283
6450
-6441
9071
6510
6003
4244
-3748
-6064
-2764
-9824
-6906
2275
-9187
-8825
-1949
3645
1944
7304
-462
2358
-9472
-3197
1080
915
-1830
-4163
-4671
3655
-8321
-499
2036
6453
-9479
9683
8980
6094
-9066
-5914
-2619
-5200
1949
7857
-612
-7575
565
-6921
361
-1992
-1169
151
-4503
-3539
7855
3286
1731
5494
-1119
-2689
-3652
7349
-715
987
518
2456
-9454
1271
2708
2356
1352
9164
9038
8394
-8898
358
-1763
5748
-7251
-567
-4347
7860
6709
4508
-4003
-1692
-371
586
-9582
-3326
1210
1172
5411
4549
-1142
2969
-4446
-8076
-4587
1946
5946
-9143
-9848
1661
-9444
7009
7822
5264
2958
9216
-5848
-9512
-5951
-8188
-1701
-7095
749
-5767
8599
-3430
-8060
1411
-146
-9621
-8699
-4551
-8003
3523
5949
-4537
-5807
-4422
2847
-9872
9605
-8379
-3725
9938
-9362
2199
-4489
5249
7877
9464
1080
-8992
7012
4644
2260
-4255
473
419
-9545
7788
-6747
-9244
4972
9284
6467
8371
6752
-8158
-8834
4386
8253
6611
9736
7370
8748
-9488
-4041
1236
-3594
8196
-4149
-4285
866
2502
-6953
-9812
-6810
6412
3889
6614
4055
3049
9957
-2065
-8658
2083
-5642
2055
8320
-3996
1263
2968
-9069
1284
9839
3725
5780
7572
-7713
3891
4419
7955
-309
-9726
5501
-8460
-7622
-9969
1843
6671
-5711
-3372
1410
-3939
-9392
-1313
2160
-3545
-6541
3099
6128
-1310
9908
-3727
-4021
5364
625
-4726
-5652
1524
-3909
-3358
-821
-755
1782
-5228
-8399
-1201
-7901
5641
8780
-5051
-5343
4685
-7454
-1229
-5155
-817
-3803
8128
-4857
-6243
-8049
-6533
2281
6317
-1368
-3965
6912
6690
9804
3702
844
441
-6910
2332
2190
-8976
4595
957
-8890
-7337
1051
7469
-248
256
-8562
600
-6007
-9704
7817
-2062
-4947
-9212
-5320
6766
1914
4742
4342
5253
6815
8291
7090
-4665
-2944
-8614
-7178
9754
8878
8844
-9380
2720
-7758
-1342
6637
8156
-3136
7271
6055
8447
8053
8730
-9345
8603
9248
-5986
5259
9839
1700
502
5979
4811
6605
9611
-9963
7373
5693
2602
-5418
-6996
4628
3475
-9093
3558
-4611
5225
8063
6715
2106
8606
-4500
-6780
-3854
3744
-218
563
-9387
-9230
-6481
-5522
-9759
9310
-7089
-8930
7232
3634
-2031
1423
7186
2224
2517
-4896
805
-8664
-2193
-2017
2703
941
5938
5322
-513
-2964
-473
3147
-7125
1996
8471
-5151
-2578
-9531
-7554
5960
1619
4955
7717
3624
3531
-4912
6833
-9421
4574
-6124
4470
4055
8497
3431
-7366
7362
5935
1433
-5476
-860
-4957
-6167
-6950
-1398
6924
-7257
7251
-3406
-6043
4701
-6857
4652
-2651
-8250
9496
-6301
420
-1698
-8134
-3358
1834
-3741
-7858
-8012
8803
-6770
3406
-154
7308
7505
-8741
7300
5981
-231
-698
5283
-5265
-4158
9550
9609
-1961
-1329
6990
7537
-2183
4302
2860
9679
8341
6351
-5453
2054
-248
-6987
6363
-692
5159
-3661
-6348
-6660
-4006
-6993
-7241
2859
-6411
-493
5267
5810
8751
6642
-3405
9405
-5340
9634
2649
-397
-820
4062
6131
-789
2492
5138
2262
-6887
8370
6158
5013
8700
-5623
-86
8652
-3002
4715
7898
7288
3212
3847
-5552
5231
-8077
5360
8262
-4396
8825
-5669
3688
-2512
-1183
-9547
824
6583
-6657
-3176
6626
774
5760
5346
-5720
-8958
6325
3976
-8450
-5675
4152
2163
-489
-2610
2964
8793
-9481
-1741
3299
1139
-8822
2060
9114
-3047
-2259
981
-6354
1162
-2746
-4147
6497
-1350
2672
1157
-275
6918
-7565
-7239
515
8148
-8290
7520
-3233
2509
-2200
5545
6208
-1190
1014
3500
3537
-5926
-2250
-3672
-1967
-5414
7600
-543
-1851
-2755
5371
-1632
6953
7195
8078
9778
-4448
2152
-7871
4356
-5445
1208
-9136
-3277
-4091
477
8316
1469
3530
7492
3128
530
-7263
3324
-224
-8319
6232
115
-8350
8450
3083
-395
479
180
-4225
9933
96
-4688
-2652
8723
-1935
1680
8891
6230
-8660
-4081
591
-3181
8253
1637
-3645
-4753
-984
-8667
-5969
3878
6905
-2904
5575
9933
5788
70
-7661
2875
-1376
1220
-5699
-2155
211
-4179
-3722
1206
9253
-357
-418
5975
1227
-5280
-7531
-9360
5302
-4368
-3704
-6955
5010
9741
-6135
5740
-1391
9087
5189
9907
-5896
3833
-6441
9319
-161
-2068
-9967
1414
5868
-8901
-6210
-6118
1502
-6342
-8652
2814
-8908
-8737
-1765
9363
-2450
4262
1259
3311
-2008
-1420
-8657
-6053
1128
7768
2086
-5264
6343
9044
43
783
-7853
-5151
-494
2429
1692
-9098
4532
4582
5826
-1639
7858
-8707
2977
4672
9805
-9434
1303
-1584
-9077
-5142
-6302
8945
-1469
9451
4011
9874
2278
-8517
7901
-6133
3221
7497
-2878
-2981
5811
5037
-1765
-1142
-5480
-350
-103
5374
1505
-3695
-5041
-5268
7534
6749
-3608
-98
-3145
3331
-7760
-4441
-6871
-2127
-7210
-8235
9573
-9371
7941
-5620
2842
-4158
-1627
-8027
2897
-8278
-332
-6864
-2837
-7135
-2006
-1809
-6780
3614
4523
-1504
-2630
5025
-7371
3328
8830
-7043
1082
2071
-1959
9671
2472
-4495
4178
-6092
7474
-7108
-8422
-3668
-4681
-6180
-4066
-2202
5144
-8682
-1315
2961
4502
923
1123
1260
-5518
-2084
-7750
-7470
-6082
-6144
-8243
4591
-6284
-9323
1785
-8642
-17
720
6997
-3708
-4839
7097
-5840
-2433
9790
7922
-2915
2374
-8736
-1852
-6146
1413
2670
1822
-4914
3112
5660
9544
-8692
-122
-490
2502
-6042
-4160
9558
-5125
3805
3594
-776
3929
8356
-1136
6425
-5666
-1683
700
186
2643
-8060
-557
3011
3405
8477
272
2068
-606
-5814
3854
-8996
8874
-4460
6141
3015
-2708
3686
5939
-8610
6653
-9016
-1040
9581
-4088
7483
9276
-3157
-9439
-3187
-9447
9968
3787
5371
-1258
-1995
-6095
7879
-8789
-7259
6930
-7762
4717
4313
-1394
-8172
5896
-3530
3456
6756
3125
-6594
-4682
4808
2655
2956
5958
-933
-2012
-9287
-8830
-8399
9099
-2764
-8731
7218
-6705
-3754
2794
-3843
-6166
8804
7760
-2928
-2624
9403
-5777
9270
9738
-2693
-7083
-4787
-1744
-6736
-7149
-1353
1599
5974
-2567
-7743
7211
-9729
-6139
-8534
7010
3593
9982
8326
5363
-6711
-8824
-2629
6507
-8390
-1791
-4674
4863
-8443
2786
7055
618
-1964
-5455
-1708
8129
-8485
-6342
1646
3164
2077
-4231
-2056
3252
3855
-8946
3742
1548
9985
-8060
-5797
-378
-6807
-7565
-6125
-6220
7464
-4897
7726
4458
-8483
3476
1984
-8074
-1079
-7476
6952
-4050
9650
-3094
3806
-4747
6651
2124
-5498
-1954
-9452
-1877
-4028
-7912
-6012
954
4617
1109
-5877
-8080
-1938
8155
-2115
8893
6003
-3378
1818
-1475
-6291
-7389
2202
9117
123
-571
2238
-4839
-941
-2833
-4993
-2703
-2993
-3229
8636
8447
-4451
3660
-7883
3346
-6393
3674
814
2285
7486
9372
-4013
-2896
7506
4050
-1440
-3162
9115
-6800
-7558
1995
-1383
-7692
9938
2335
-2152
6397
4213
6240
-4409
5719
3512
-2201
-1576
6102
7387
3829
3484
5439
-7586
-8142
3385
3611
-2264
-3272
-1617
-3451
1852
269
1880
-2295
9241
680
-4068
-9267
-4625
-1791
8493
-6479
-4337
9584
-6121
9384
-5336
9477
6342
8432
9224
8077
188
8056
-7877
6411
8377
-9452
2853
-495
-6797
4468
-6492
9483
7114
7753
1185
-1994
-963
9524
-1086
-6492
-9223
-7941
-4786
8158
8851
6073
7497
-4268
29
1232
198
6600
-6721
5434
6062
-6216
-7945
-5404
4233
-83
-5082
8106
5737
2369
6832
3703
-3104
-8371
-1245
7952
7395
9226
-9231
-1137
5907
7723
-5196
-9638
-9140
2837
-4758
8094
7994
8397
9384
9253
-6284
-5542
4057
8805
3194
7984
1979
-8311
-9064
4646
8759
1495
507
-8242
8511
-6682
235
802
-2299
-1968
-8677
-1052
-307
4384
-9056
-6625
-6723
-75
2757
1638
3090
725
4695
8787
712
-1227
-7038
5853
2672
-8161
8329
-1032
-1380
-6320
8309
-703
6504
3750
7249
-1652
7373
5626
-2520
2248
5471
-1922
-4892
-5433
7628
214
-2061
511
8622
1391
-5041
-8978
-1166
2395
6457
-7048
-5223
-4247
5171
5449
9733
-7830
-7050
-6222
-9523
1310
-4730
3315
7557
8745
-3964
8441
-2872
-1159
-4113
-9659
-8210
2445
5110
7782
6022
2311
-9020
5991
384
2152
-6953
-3742
1679
-176
-734
7261
888
8579
2104
-4457
-3763
2329
-9600
-8053
-8838
-2522
2434
-5867
6470
834
5676
-8658
52
-5509
6925
-2338
7122
5701
4197
-6785
3549
7733
3209
-1116
3472
245
6460
1275
7787
3353
-7917
2692
4296
-8210
-5795
4075
6259
9745
7133
-2992
-9316
-5177
8917
-4751
3546
6247
-1285
-3905
-9252
4143
1525
8255
3216
8648
-2490
9803
7541
6705
-2527
-8709
6482
573
5197
-8486
-8307
9672
-9020
8412
-3344
-1017
3505
2564
1101
637
1702
-1128
954
-6533
-6346
1614
-7564
160
5588
-7492
-1856
-9217
-1678
-1307
2379
7382
-7882
2428
-9138
-5226
-741
-1376
486
-2098
-251
3619
9457
-4052
-4070
-529
-5174
831
3516
-8001
2341
-5641
-2244
-9856
-2790
-3252
-1951
-4513
-4679
-6495
-8529
1551
1942
1117
7546
-7475
1380
6598
-9979
-9913
7104
6149
-4760
-8904
-3941
840
3096
4672
-472
-8024
-9603
7650
1069
6093
5169
380
-6450
8375
6201
2409
767
-2328
-2756
-7635
6564
6019
1429
3814
4447
-4816
2322
2588
-3098
2092
-983
-6172
-8751
1419
559
-433
-2695
5240
761
212
1398
-883
-5306
3788
-5230
-7869
1633
-2176
-6448
7878
-1348
-197
-9624
3836
-8338
7043
-4487
1234
1763
8355
5526
1558
-5971
4217
-4967
1056
6280
6351
-5329
-3581
-639
5211
6569
597
1084
-3902
3411
-1556
-8056
-7292
5723
4564
3207
2309
-5960
-1173
-4262
25
2313
2608
-5272
-7015
-4624
-2086
6992
-5864
5261
-319
6583
6178
-4523
6622
7354
-9649
-9341
8687
-3569
-699
-5529
1389
7868
8277
4626
5915
-9050
2716
5831
-4555
-1464
9110
-6747
5782
6595
-101
789
-1855
-127
-2810
220
-7963
-1685
4342
-3786
-4121
8399
-4914
3231
1218
-8714
-4484
-8177
-9912
5087
7397
-486
9568
-3108
4465
6949
80
-1876
5085
1102
-3117
9906
-7711
7205
-2382
-7528
-9528
8293
-7627
9281
-5105
-1047
1498
2745
301
-1730
2635
-3614
1430
-3950
-6975
-8700
3117
1015
-4617
2007
6613
-1861
8367
-9680
-3567
-5192
1179
-3592
7343
6228
-6773
101
-810
-4240
-1722
-1581
2336
-8053
-7512
-4666
-5552
-6225
-3060
-1598
-8717
6999
-14
8081
-7792
453
3446
-7547
-2577
-1981
-3593
2530
1684
8886
-4060
4257
5281
-6964
4367
5536
4140
7318
4378
-5047
9468
537
7346
-9640
-3086
5841
-4338
6696
-142
3035
3051
5286
6289
-3318
-1101
-7588
-9060
-6567
4423
-4374
-8879
-3618
3808
-5943
6065
-3752
3173
8690
9604
129
9708
7383
-4428
2931
8854
9190
7302
-1749
-1744
-6891
-9938
2435
9848
-4481
3637
-6927
-9184
-315
5652
5205
-1602
8887
-4843
7549
-4888
3147
9444
-588
1590
-7406
-5175
-4995
-7890
-7424
4409
-17
8127
3448
1383
-2630
7609
3963
1296
-6528
9386
8795
1296
4826
3893
4518
2440
7075
9440
9592
-3525
-8063
-2670
-8551
8657
-8099
7624
-9993
23
3048
1259
-4714
-9109
-7281
1700
7095
-654
-5434
7719
5467
-5808
4153
-1669
-9344
8320
-1526
-381
9371
-4204
-6253
3324
52
-8759
530
-2678
6801
-9779
-7785
-3764
-2926
883
6521
-8425
-163
8947
-3707
-7015
-193
3443
8698
-7164
3120
8244
-3861
-4186
-903
-2251
-7465
-4212
-3665
3588
1934
8316
9323
4275
-7501
8339
-5259
-4824
-8703
8500
2167
6337
-7434
-9121
9238
-1109
-129
2388
-474
-5596
2913
-6192
-9378
1197
-723
-520
-6374
84
5276
-4843
-6933
3200
-6327
-2251
-7932
3527
-1404
-5691
5042
5880
4006
2716
7353
-4844
-7322
-7346
7345
327
-3913
-6153
3154
-3148
-3270
-6998
-573
-7982
6130
-2099
-8417
2272
9365
9357
-9048
-6277
-3734
-3248
-1535
-3559
-3813
72
4466
9770
153
1514
3091
4502
-3140
-9951
-6365
4912
-1232
-1856
-5124
-7992
-1836
4008
7185
-106
-1655
5022
-5988
-7595
-3449
617
-2565
3806
-1383
-7313
7107
-8664
-1961
-7851
-7467
-5176
2111
-8678
-6602
5207
7189
1309
-3361
9586
-7741
-4520
2198
-9083
3930
-464
1107
-9658
5115
7413
9072
5607
3236
4613
-3232
8208
-761
6597
9717
-6573
1044
-5048
6773
-561
9401
8699
9675
-9314
-5598
4094
-556
3139
-361
6943
-6456
5753
2832
-9991
-1911
-3658
-9699
-6037
2370
-1118
7509
-2415
-7254
-659
-5963
-5296
5105
1226
4348
2471
1152
1911
2053
6932
-8098
207
-3758
-4225
4636
8094
3923
-8936
3359
-8286
1831
-1996
-6889
6170
-8051
-8841
7209
-2971
6914
-8689
3748
2346
6325
-7271
-7328
7353
1460
1992
-7692
924
-6904
-2196
-114
-2407
6154
-1241
-7401
-3731
-5969
2249
6802
-368
2198
1914
6357
-2504
-2379
-3566
7410
7290
2712
-4235
8864
-49
-4043
-4528
-8928
-2148
5316
-7143
9640
3670
5938
6521
9918
-283
-1564
9394
-9717
9817
-9232
1194
-2058
-5855
403
-7589
2104
4389
-2577
9483
-1172
-1628
-7841
-5826
8091
8143
1433
5131
-299
-6582
5284
1659
5500
4190
-1898
-5863
-2396
9326
-4550
-3364
-9792
1853
7736
-6178
6414
-6911
8770
2088
3450
3050
1037
-4889
-1116
-9040
8680
-4132
844
-5031
-5927
-9781
4035
-507
2510
8511
-1023
-9876
3271
489
-7166
1477
5000
-1123
-1067
-4614
-3643
-350
2134
-4055
-9725
-5847
-4207
4151
8899
1102
1840
-3703
2263
-8647
-1882
8794
4744
342
-8100
581
-1527
-7491
25
5268
2879
-2597
-1792
-290
-8499
-2264
6395
8312
602
2002
-4535
2573
5333
-6091
2547
6092
2962
2742
-3031
-4601
7573
-3769
-7094
9557
9870
-4505
9970
-6137
-2114
-4741
-5228
-964
-7645
-8727
7246
4387
5789
8677
-7560
5319
3224
4552
6099
6822
3457
-6657
8744
-4874
1556
4622
5390
-1383
-1586
-7420
1915
-1861
-2040
-4215
-23
3487
-849
-8826
-170
9065
-375
-7513
-4955
4930
-4962
1257
2970
-5521
3660
1440
7723
9891
-9307
-2792
7296
-6497
-5551
2610
-655
6789
4500
6102
-2203
-1879
-7077
8279
3191
-1413
6980
4886
-2204
5118
-6268
-3229
1956
8835
3404
5850
8435
-3016
6607
9628
-4974
-693
-1282
9436
8288
80
-1827
-8627
-1328
-8246
-6552
-7220
-3362
2787
-5812
2419
-6257
-5667
-6298
-4856
5109
6690
-421
-8871
-7409
2023
3614
1439
-1289
7564
-2979
-1671
7938
-9681
-1931
954
7424
-6451
3859
2289
3411
7235
-2267
9177
-1991
-2632
3730
-9269
-5998
-3940
-3736
-2112
-8201
-835
-344
-3396
7027
-8455
-3718
3143
3179
-4855
-9866
-8384
-4369
-480
7669
-2999
-8262
-7180
-4887
8048
-2071
4646
-4187
5043
7546
-1453
-7912
-9893
3891
-4635
2355
-6075
-354
7312
-7368
-9964
-3742
-330
-3108
3138
-5500
453
6218
-8800
8272
3768
-6993
5557
4422
-6350
-2189
-6379
-1456
-9962
-2460
7264
1023
9756
4403
615
5840
-7131
-8289
6032
9989
592
-316
8493
6178
800
8409
3910
-7185
-3733
1120
-8142
8561
-7588
1862
2249
84
-686
-1644
-1710
-9430
6536
-2684
-321
-3429
-6127
2840
-3695
-3427
3580
-7880
1223
991
-7092
-9090
-8909
4684
3566
-6165
-7650
6205
3559
88
-1305
-8362
3602
-4082
2519
3684
-8107
3428
1529
-5075
-2977
-2445
-3509
1018
2777
7739
-7638
2221
1651
4945
9834
-4968
-7554
9139
3859
9927
-4913
-5742
1664
7429
-1263
-2733
-426
7703
4288
-4834
-4750
-9768
-9837
3445
6070
-454
1635
8430
-4908
7524
7220
3136
1493
9549
-4217
6841
3583
-1281
-3566
-5371
-6880
6227
4523
-5142
-5810
-4939
4639
6267
2012
3767
2204
4968
7803
-334
-4883
9041
-6901
6823
-4043
-6418
2599
-2847
4263
1258
1723
9825
-2459
3473
2419
-280
-9539
-2294
495
2255
-1346
-2878
4430
2395
-5956
-8994
9770
-1993
4506
8443
-7836
-9537
-1732
-3240
-8796
-8446
5798
9488
-3601
-2104
-9098
-4483
9688
5078
2076
5739
4596
3946
-9991
-3572
7155
8580
-5107
5860
6189
2874
-6845
5167
1706
1349
8162
-880
5207
689
8603
-8409
1682
2739
-6651
-7680
3693
-3697
-5459
-4898
-3017
5738
9004
9804
64
-9319
7772
3482
6592
-3709
-392
-7000
4757
6204
9420
9637
3036
-1983
5816
-8314
3944
4750
8536
-5585
6711
6985
-6445
-1068
61
9016
414
8072
7959
-6287
-7907
3603
-4
8728
3411
4572
-8608
-6140
-2784
9433
6727
2902
848
7766
1819
1115
-612
-1029
-6833
5240
1844
-9135
5241
-8550
733
-1131
9667
-5704
5226
4468
5497
-6235
-5605
7870
-8424
-718
5088
8618
-8411
-4475
-7130
-9428
-8682
-5719
6135
6941
3972
-3800
-1199
-8265
212
-7213
1782
-4595
-22
9483
7599
-623
-32
-1981
9766
-3649
-5904
-8694
-4487
8894
4035
-8730
-7757
-8266
-3447
-1212
-8228
-1934
-8682
-2961
-8938
1264
-1689
7595
-2511
-3779
-1523
-1700
-3385
-8795
8645
-5359
8306
423
9421
3122
6613
-7510
-475
2346
-1129
1916
-8805
-9662
9844
2040
2323
-2759
-8978
-5682
-831
-3093
-5015
7186
6521
220
3788
1374
9898
8248
2046
1007
-6343
-3394
-532
-5940
1915
8867
-2329
6287
-742
-1646
1363
-3190
9662
5633
-82
4537
-5310
-7431
-4102
-3732
-3909
-6340
-9000
-3000
2893
-6162
-4959
301
-6030
-5135
3450
-6396
-7999
-752
2697
-4398
2423
1504
-7791
-8612
-7142
2382
-5397
-2144
6332
8492
-7713
-8070
-8681
-7577
3997
8917
3309
-5462
-349
-5760
-9932
-4514
1141
578
7673
-1770
-478
-835
331
3919
7544
-8794
5000
-5988
-2367
2193
-3151
6966
6289
3767
-2957
4368
-1938
-337
6783
-1891
-2342
-1919
-9284
577
7993
-2412
9396
-4968
7206
-5401
2648
-3405
8906
6577
5078
-1307
6348
5905
-7682
-3656
-8571
-3118
-6743
8320
5056
-7348
-9054
-4963
1819
7354
6205
-6769
-4209
6497
-9341
-3506
9847
-7169
2629
-8364
-2774
-61
8607
-6925
-3477
-2096
8922
5681
-8246
923
-5957
8265
1521
526
7767
3626
-8906
8085
-6899
882
7471
-7199
9267
3036
8614
-9247
-6310
4186
6647
-8324
7160
5981
-4428
4378
375
-7868
3143
23
-6522
5383
9201
-1631
-4754
578
-3321
9094
-960
-6346
4226
-606
2805
3278
-5530
-425
-428
-703
9107
8163
2026
2835
-3433
4786
-6961
8072
6562
-389
-9320
-9514
3854
4443
-7029
-8828
1978
7865
-2604
9451
-9739
-5792
4547
1464
-6730
6317
-1270
7615
864
-5962
-9433
-5170
-8502
5415
3671
-3658
6624
-7309
-1094
1994
2609
-1326
2431
7842
367
-125
-7817
-9809
2091
3352
2015
-5512
9516
-4644
-1045
-3075
-2988
1571
-9503
3705
8636
7213
5379
227
-8372
-7568
8798
-7763
-6241
9580
-7236
-1188
6564
-8168
-93
-4091
-8422
9773
-9078
-841
8477
7060
-6098
-3742
4738
-715
6609
-4085
-7576
852
-4813
832
9009
1624
-9806
-4055
2920
-1721
2667
-7315
111
-9123
8657
-109
-4455
7290
7495
-9381
-1064
-4982
9057
1775
6700
-2834
4423
-188
4660
-1553
1743
-2438
-7194
-8777
-6194
1254
8437
3398
5453
1784
1858
5100
-5433
7903
-3824
-1629
2611
-5564
-624
6211
8502
-1700
-1008
7934
-5623
6451
-1675
4633
4836
-6173
-1638
8959
5323
3299
-9173
125
9692
4701
-609
7273
9235
-2634
2638
4525
-1519
3289
6662
1508
-6079
-1553
-288
2813
5076
-7208
-4941
-9246
4944
4834
-130
5622
-4033
8227
8414
-2255
-8927
-1156
-150
-7240
-5825
-7210
-5186
-7660
2303
8898
8101
-3658
800
4408
-8401
-7148
-8237
1739
3555
7248
-9626
-4376
2403
8476
-9070
5080
5417
4515
-7391
1276
-2921
-786
9887
6548
313
-5863
9217
4619
-279
6565
-8678
7323
-6982
2448
-8085
-9168
3338
-1085
-4492
-7206
-2323
-6071
8960
4075
7712
-2092
-3590
-1467
1619
9810
-5598
8842
-1884
-7440
6485
7938
6856
-5842
8104
-4339
1188
4606
8465
-7963
-9009
6953
-3990
-2271
-3622
7788
6339
6742
9989
8009
-3705
6836
466
-5862
-3685
-6305
-1896
-2215
6533
-3820
4724
5629
-4790
5171
-6949
-5905
-9180
6300
2114
-9339
8312
9846
-9735
6848
-9994
9326
-7266
-2106
-3526
9859
959
6418
-6352
9116
-2674
2826
-6336
-8107
7699
4198
-6083
-9299
-8727
-8643
6808
332
-5483
-4029
7959
7525
-2460
-2673
6631
-1708
8121
4463
-3244
9060
-8278
-2416
8420
5769
-4735
1237
15
810
-4651
-3022
7833
8825
-849
-2436
9251
-1095
8219
-6118
4390
8781
-3823
8244
-9682
4030
-7726
3629
7407
-8797
-1285
3466
941
-7713
-932
3893
-441
5216
6474
2909
-755
4421
159
-7896
-3716
-5675
9816
-1008
-3507
161
-4743
-2593
7270
5687
5240
1039
-3415
-884
1904
255
-645
-1111
-9649
-5325
2605
-4117
889
-6100
-8877
-2995
8808
1468
2923
6890
1312
-7805
7326
-3216
-3245
3572
-9554
-4399
1480
3025
-7254
-6189
4055
6460
5081
3969
954
-3878
3239
-5577
6548
-6216
-5074
7494
-8895
-7405
7573
-3174
3253
333
1052
-8171
3678
-1369
-3776
9175
510
-5857
-3596
1413
-6443
-4738
-2635
1959
945
-5033
4376
-4592
-9284
-7540
-1807
4961
-8406
-8203
-593
803
5971
-1422
-6355
1080
-5603
-9057
3538
-879
-2267
-4341
2715
8354
-3127
-4978
-1892
4973
1652
7630
5758
-2595
3002
5039
-2532
3960
-4736
-8719
-639
-8994
-9697
345
-2166
4807
2345
-2400
-1098
-4116
-8195
-9772
8536
-2458
-4464
-1854
7627
2717
1833
7740
4009
7419
4527
8719
-6347
-1873
5176
-5661
3305
89
9494
-9211
-7053
7667
-4792
-3635
-7491
-7989
-8173
-3172
6300
808
2993
-3348
-980
-5028
9427
-7403
-3744
4029
9920
6828
-3887
353
-302
-6874
-471
8217
-6220
5560
-1154
774
-7127
-7358
6577
2689
-3045
2459
975
-2563
-9373
6780
6797
-7199
9
-1331
3891
-2922
-1008
8930
-8471
7867
-1246
3391
193
2073
343
8230
7770
-6278
7907
-5421
-4846
9009
-8076
-8604
644
-4923
-7513
9748
5257
-873
4275
2606
-7934
-2322
-9716
1291
-3990
6333
-1536
6438
3443
-2629
-7102
5103
-3614
893
-7829
3918
1509
3725
-6170
5527
2074
4890
-6641
-1608
-4492
-1352
3356
2139
-8902
6299
7666
-3338
-7687
-4601
7413
6
802
1389
-1163
6158
1213
4054
2680
6155
-6878
-6079
-9568
3523
-7038
6880
3700
686
9791
-4840
8810
6288
-3400
-5493
8617
-2602
-7294
8104
-7564
-2656
6449
-9109
3100
3879
9247
-3432
4127
-504
-9966
51
-4116
-4160
9732
7378
7378
9730
6820
-5415
3775
2992
-6058
9341
-4101
5173
-6901
1444
5109
483
-7197
-2996
621
5730
-9295
2599
7161
8946
-272
6734
897
-3428
-4511
-7971
-8931
-6305
-4784
2854
8479
-6168
-4452
-8680
7965
9037
-5849
517
5115
6050
-2208
8268
-676
-3609
2670
9421
-1213
8098
8417
2074
-1815
6020
3227
-3772
7001
3699
-5968
-6500
6605
-7459
6066
3779
-1383
9817
-5743
-3912
30
-1003
-2230
4561
-1998
5979
-6851
3116
9644
7324
-5772
493
6844
-2639
-4239
2873
566
-3922
3975
-9435
6745
2820
-480
7435
7969
78
-2081
-4952
-6992
-8990
-4615
-6471
-5981
2475
9267
-523
-3722
2458
5874
-7086
1795
1733
-5503
1023
-5507
3290
9416
-2541
-4956
-4262
-4619
7913
-797
9662
-3057
5704
8207
-7130
157
257
1802
2059
-5162
2322
-1948
-953
5820
-5252
9942
-1866
-6837
6476
-2977
2282
-8950
-2458
-1342
845
6982
-8297
-5077
3169
-7299
-5082
747
-6050
2356
2860
-4197
1806
6096
4631
-776
958
6629
-7083
-164
-5647
-3698
9242
592
7772
-6074
-5543
-3488
3383
-6209
-3620
7636
-8857
-370
8597
8651
-5311
5041
-3837
-1264
-6128
6002
2252
2318
596
7082
4368
6942
-9610
-9284
615
1972
-777
4317
9629
-1319
-9703
-3464
-9483
-219
4750
5881
-9647
7645
1996
-4838
3686
4911
8877
7520
3479
-2021
3758
8477
-9618
6597
-8054
1819
-3523
-301
-1462
-5603
6815
-25
3998
-4044
-5082
2959
8020
3377
5831
3999
6605
-2904
723
5576
5623
7809
3479
-2028
-7466
9837
8031
9035
7263
-5379
8804
-9366
-9266
-195
5714
-3177
3493
-2828
4374
8627
-4803
-2776
-2811
1544
-5717
2536
4158
2770
2144
-351
7658
3660
-3599
4784
3136
-1754
-9105
5976
-6764
-9797
4272
-5607
-6340
7565
8526
9330
-413
-1844
6745
-8775
186
-5649
-712
-1441
-7227
-7495
4793
5626
-4375
-7765
-7365
-5283
-3540
6872
6310
8537
9106
-2970
-6272
-7872
-8152
-2357
-1633
4969
-1151
6315
9035
6595
1193
-1088
-6820
-6306
7621
-9623
-7936
-103
2944
9346
8701
3828
-2744
5035
76
5852
8379
5281
8471
-3082
591
-9931
-3001
-5125
-5980
6874
3971
263
-6464
4883
3985
-2033
-7685
4661
9998
-7755
9041
6143
-7309
-5487
4383
-8512
-6971
2926
-8859
-6832
3054
7086
4299
-7432
5791
-6658
-7975
-3810
9672
3125
-4477
9786
-3157
4891
8084
-345
-673
7466
-3701
-5934
-8158
-6247
8760
5694
-9418
-3855
-6797
-6883
-5815
8956
9576
-914
-6667
8061
4067
-5918
-3892
5216
-8885
6551
6887
889
-2038
7938
-3680
-6371
5437
8072
-6801
9389
3681
-5082
-4021
-5282
4587
7111
8186
3219
8375
1805
6905
7700
-5570
-8645
336
1450
-1390
6821
8071
-8470
5388
9449
3466
-5239
-279
9955
4144
-755
6424
5500
4388
4514
5175
-4158
-4659
-1071
8734
-8101
8027
-2547
8033
541
4918
-9152
-5535
-8426
2954
5673
-8945
8475
-3677
783
-5134
1442
8063
8645
-9497
2950
2102
9070
-3092
4529
-5723
429
9265
-6189
-5789
-3211
8010
840
-500
-2118
-8727
7639
-9294
9122
-2363
6413
-2761
9023
-3176
-9652
591
7939
-10000
-2100
-6748
1910
-6978
8082
-1943
-9599
-2161
621
-2928
438
-3398
3544
3564
1482
-178
2062
1047
2940
8007
-3294
8932
7754
1501
-5583
-3084
-2121
-5772
1789
-8524
9415
327
-5901
3561
-8919
9313
7744
8051
-54
-4986
-7789
6102
-6037
-9685
7374
7332
7900
1024
-7677
2146
-724
-8652
7603
-16
-6133
-7369
-1578
-3879
9335
-1013
-6868
5454
7139
-8769
3876
794
-7520
7704
-6684
6162
4358
5013
-1304
-9161
-1036
3069
1087
-2595
5904
1654
9182
-9527
99
-4636
695
-1340
9342
7421
-7412
-8274
-4883
-5625
8304
-9804
-4721
2269
5846
-372
-4219
1875
-7855
9401
9204
-520
-8823
67
9090
3000
-9548
4894
9222
182
-8272
-2633
3579
-3151
5688
664
8841
-6297
-6645
8055
9277
5807
-2382
2281
2243
5204
-4708
-6715
9698
3870
3257
7145
7284
-7351
3517
3093
-5250
-4070
6659
-7159
9722
7410
1781
-9486
7374
-1364
8424
-9830
5986
-1493
-1445
-7479
-2240
2676
4748
8360
4416
-9391
-1617
-7356
2606
4121
-3598
4687
-4676
-7713
-7647
5220
-3757
-4444
3828
7503
-8993
8474
-1978
5468
-5448
-1315
7840
3282
3370
-8149
6881
492
-4385
7444
2976
-5842
-1447
9284
-2672
6160
-4256
7747
-2400
-4105
-391
-8348
4257
-1780
5509
-4620
-789
5756
6048
1974
4097
-3464
8826
4262
-428
-3326
-8557
7882
9403
-8543
9326
-7942
6174
5201
9695
1792
-1035
2400
612
1894
5691
9125
-5986
-289
3372
-4742
-4008
-3396
3387
-3310
8708
-7974
-4889
944
9430
-346
5970
-707
-2208
6145
-1810
-8500
3177
-6353
-9254
9086
8482
6455
126
7188
5455
2751
8416
6814
-565
8154
6586
-6821
-8767
2676
2999
2688
8350
6763
-9498
2765
2148
-7054
8617
9704
-4956
-2110
-8324
-1833
5007
5581
4511
1437
9221
3634
4372
-3362
2585
7787
-7529
-9445
6629
9537
-9536
7721
5015
-8038
8199
3171
-8035
6545
6812
3965
9476
-6118
3373
-772
-3737
3547
2223
3344
-2067
3489
8149
850
7135
831
-4464
9009
3576
3841
-9952
4981
-7505
-2991
9735
2166
-134
6205
7897
9222
-5890
-770
-6416
-6686
9738
-3541
-8341
-9420
-9297
4207
4854
3584
1348
-3740
-2584
-3810
6165
3097
2086
3526
4744
-5181
-5051
-9837
-3220
-7385
-1933
-2507
-9811
-4238
-7668
3090
6873
2470
-5137
-3398
-5572
4041
7542
-3968
-7950
7142
-978
-3645
51
7056
436
-6067
-4679
5432
-1022
-1991
1744
1537
3515
3099
3678
-5125
9342
-1151
7370
-7644
69
2107
-7077
8300
3402
-2891
1607
-6101
9185
4154
5395
3270
6014
-5716
-4811
9068
-4439
9369
-2577
1884
-8815
-8435
-9995
-2128
-1246
-2490
-6034
5882
2743
7249
-4019
2462
6553
-6394
-7502
-3968
3741
-3069
-6087
9846
-7959
-8779
2339
7008
5431
5184
-7516
7942
-8122
-7440
4317
4917
-2288
-5440
1281
-98
-2060
-1722
7639
-948
7270
-4489
-3490
2930
-4692
-1650
-8700
-2781
-6184
8837
4384
-7269
-352
-204
8696
2102
-3972
-6299
-2824
3940
2754
-2395
1702
-8012
4494
9552
7992
-668
-3441
-9970
-1524
1343
6377
114
-8049
5150
9667
-8156
-2898
-368
-7604
-2001
3377
7936
-8663
56
-4887
-6831
-1156
-9618
-448
-2237
9440
-9551
-8790
-1940
-9212
-5191
1985
-2995
-3741
-750
4405
-5478
381
-704
954
7373
785
-3313
5654
151
4803
8737
1272
-3751
7214
-3043
-7349
-9979
594
1114
888
-785
-8466
-5547
6230
-8814
-6648
-6525
2489
-8744
-1758
-2482
-1829
-67
-4752
-1270
8271
-4556
-2089
-2776
-625
369
-1959
-3588
9303
-3162
-5097
-8129
3073
3695
-948
8950
214
-8808
-3349
7640
2101
-5531
9351
3381
-6249
6714
-4370
-8193
-6191
407
-4863
722
-8389
7916
-9005
4055
249
6084
-5952
6884
8047
-2201
-9951
1427
-5546
-50
3432
-3095
1816
-1492
4770
-3832
-6236
-2975
6244
7594
9119
-7168
-9259
-4026
-7312
2321
4666
-7281
-6896
8608
-9928
6789
-5965
4748
3442
7497
-1452
-5419
861
5953
-8111
-1872
-8847
9987
9214
-7931
-8114
1503
4796
-6863
-9700
3373
543
1641
-1368
-235
-9922
3859
8126
-5511
-4561
-2520
5924
-939
2477
4759
-3125
9904
4144
9717
-1912
-4570
-8850
7342
7587
7449
-2209
-7257
-7200
2714
-4673
5895
8955
5417
4801
-5567
4513
-4379
5509
-510
-413
258
-8748
-9445
3579
-5024
4774
-6341
8827
4385
6923
-5675
1162
-7647
-2964
3738
-611
881
-3979
8727
9318
-3429
8632
-7382
1995
9226
1831
-5128
9798
-6923
-4360
6610
-4568
3407
3528
5231
-9828
-2179
6779
-9425
-4322
6756
3916
2891
-1286
7296
-5728
726
5374
8908
-9641
-6471
5618
2358
-9770
-4493
9791
-5615
-9125
-9646
1322
1769
-8503
-9478
4718
-8044
1591
513
-8356
-6667
-2528
-7871
3376
-4156
1295
8428
-180
-801
-6606
2407
-4343
-25
8250
3360
8003
-9284
9707
242
8629
-814
-4071
-9605
4730
-7343
5770
8693
5848
-1129
-2543
-6540
7763
2044
7787
5078
3226
846
9228
2285
-3304
2027
8533
4950
1269
-2758
-1524
9532
1854
5041
-4235
-944
5161
6619
2847
7222
3006
8039
-2046
-3323
5931
-1402
-692
613
5190
3435
-3745
2315
6726
-6525
3047
-4392
-9278
-4400
-9170
-487
-735
7571
2769
9966
-3776
8705
-7211
5418
6237
1728
-2102
5706
-1354
-5504
5358
8063
9681
-2721
-3159
386
790
-2657
9405
3444
-6175
-418
-8824
6858
-9283
-2619
-5800
7480
-7491
8572
5110
2884
2680
6230
3327
2617
9562
16
-7865
8400
3226
-2379
-1057
-6483
-8766
7245
2378
-7073
1985
822
-59
-163
-4201
9942
7583
9576
-2557
-324
-3338
-2336
-434
3791
3722
-8942
1444
6138
-9502
6682
4370
3446
-7801
-7437
-3456
-6901
1164
-9504
-7734
5470
4911
1355
411
5395
-5886
1660
744
8073
-8440
-1049
3504
8988
-9826
244
-8647
4731
3739
-1610
4526
-2154
2713
-3172
-614
9663
9443
-5590
-7027
2736
8553
9617
731
7275
-7232
2
8589
-3426
-6477
-657
1556
9135
-3232
-1924
8690
442
1740
-4428
2024
-6369
-7225
-415
5865
5989
4254
6958
3230
9202
3038
4684
8836
8863
-2241
-7982
9929
-4114
9976
3583
-7349
5017
-2319
-4718
2253
-7449
7951
-7170
-561
-6492
-2173
-8992
204
-2573
-3285
5581
5774
-368
80
-8714
607
-8394
448
126
2512
529
3645
-3848
-7653
4815
4354
5700
-4204
-7938
5395
5217
1118
9919
2776
-3577
-3699
-5549
-2153
3185
8380
9315
-8121
-7253
76
-1138
-1542
-7693
-9933
-5329
462
-7272
-3836
-9505
-9980
5176
-5964
-3559
-6886
-142
-4100
-9046
6737
7708
-1169
89
6614
-4348
-1474
6116
9493
-3710
-6178
-1103
1562
-148
1658
-2990
-8631
6641
4673
-2913
-3567
-5065
9428
-1896
2121
7295
-4665
-1831
3970
-4073
-822
3548
-7454
20
8858
9102
-5503
-2486
7068
9856
8061
-5037
3974
8203
-6031
8591
2688
3374
-6978
-2153
3359
6646
9439
-5391
3354
-8029
7711
672
-9380
5705
-3892
9826
-310
-4604
4147
-3773
-862
-8968
3564
-59
1965
6533
-6843
4171
9394
4403
1203
-802
-7794
4655
-9658
8677
-9436
4452
-4677
1718
9257
3287
3226
-254
-498
-6393
-736
-8124
3683
-1296
4683
9080
-8769
-6689
7462
-1577
8491
4272
2474
1871
-9228
6149
-338
-3239
7971
-7986
-2259
-8812
6645
9775
4711
-7756
-8938
-7101
9520
3754
-3042
2913
-2232
6235
-507
5567
-5641
6970
3374
1860
9786
-8400
-1801
-7125
-8944
-7321
-6862
6894
-4293
-3068
6450
-4831
-1123
-6636
-7894
-1114
-1339
996
-2795
-1086
2473
-1551
-5497
-6080
609
8201
6413
-9188
-3692
5648
2425
-3613
6681
-6012
-3358
806
-7103
-2491
-9530
8444
-279
3066
1882
-9049
3934
-2433
-1097
8999
-8787
-5094
4097
-7796
1575
4681
3615
-5336
-322
-7252
-7698
5626
5602
5597
-1186
218
-812
2379
-2224
-7557
-7151
-6300
8402
6062
-5335
-1318
-3940
4931
3107
3978
-7767
5517
-6161
-5426
-3615
3753
5348
6377
3416
-8036
-9403
9432
-2543
-3054
-1865
4333
786
6758
-6275
-9609
9263
1685
-5655
-7592
-8483
-1827
7919
6160
-5084
-5644
1478
5417
-835
5505
4090
5323
-9192
6880
-7198
1983
3775
-9654
-2838
-8060
-6129
8606
9272
-1386
2591
-1874
-2616
2310
-6882
-9828
7604
-2446
619
-6449
3801
6706
-5011
6314
-4968
8462
-2408
5843
-90
-8351
1214
4065
1083
-6498
-4001
1601
-2208
-4196
8843
-9261
-1992
611
7726
-9313
4146
-2783
2697
1583
-3570
696
9768
4564
5421
2659
3314
5248
1543
-8591
-8016
-8337
4837
-7462
1340
8666
-3665
2871
6346
-5789
-7163
-5952
-1287
9451
-3336
-6066
-8045
-5204
-2983
-5492
6625
6043
-6294
7019
9165
-1665
-2289
3119
5799
-2591
-817
2870
3580
-7735
-3123
-427
-6145
4324
-6217
-9931
-4566
-437
6369
6785
5149
-3947
-8243
8359
1356
-9748
-1022
-4121
5488
6269
-1834
-2559
-9579
1283
8900
8520
-5113
-8653
-7576
3661
2583
8854
9450
-929
-1620
-1008
-1857
2149
-8610
-1003
-2376
1023
9045
1238
8865
9494
-2811
9353
5212
719
2908
8544
9539
-6753
-6711
3848
5862
-6525
-541
9745
8450
5206
3918
-5057
-8783
-2753
-5339
-4672
1986
-6186
-1605
-8213
7231
-5067
-1579
-8197
-9716
4870
-2686
3158
-4968
9048
-7193
8766
260
-3316
3032
-8656
-1605
-1047
2192
-7490
-5555
3342
3797
-5022
148
9938
467
-2420
8880
8865
-4942
5134
4903
3824
-2731
4227
-9639
-1131
9010
1704
1952
-1173
7965
-672
-7112
4504
-5885
-9562
-2834
5967
4695
-6323
-914
9100
-1043
891
-3070
7924
-2562
-5867
987
-2287
-4949
-1185
453
5905
-6969
349
8024
4091
-8939
-6824
-1081
1165
6184
-2816
-7129
1787
-3344
-5010
9709
-7931
7810
5699
8197
3270
8146
-2559
2791
657
3130
-9346
7787
-6267
-6055
9292
8475
109
8110
132
-5504
-2626
-3017
-1836
-6736
-1621
-1904
2325
-6654
-1193
-8855
5898
-6259
9899
3880
-3491
-45
6677
-3437
-4283
-9945
-6574
754
-5594
-1870
-9046
-1967
1541
7329
-2900
5729
8042
5030
-5747
3360
-782
8966
6659
5317
-5157
-8865
-7467
3139
46
9054
7848
6138
-9560
-8823
-7675
1844
-8210
-2207
-3197
-1724
-2222
-8594
-2698
8728
-5544
6582
6119
6360
-3238
6812
6534
-8706
-7195
2784
962
5656
7220
4898
-2119
-8465
6715
5122
-6235
430
711
3846
6286
668
9192
-6245
6928
-4263
8014
8868
-3148
8975
-6021
-5300
-2088
-393
3569
-1531
-2372
5154
8974
8574
-6808
-4293
2275
5767
9434
-1417
-5952
-1056
-911
-3237
9752
6986
1464
-6739
-7707
-2779
9483
7998
3247
9346
-1612
2120
-7742
-4784
4354
7370
5085
4709
5543
7779
-2531
3613
8192
4180
-5486
-5526
-45
-4075
-5450
4653
-1014
9090
6340
4368
3241
6159
-8919
-4999
-6409
6736
-3508
3263
5298
-4079
-8437
6585
-2968
8375
-1659
-6254
-2399
1144
-5924
7983
4643
2065
7901
9951
8160
-4284
5338
7192
-7749
158
-5310
-3722
-693
-8414
15
-3310
7718
-3024
-353
8405
9835
7535
-8232
-7490
-5523
-1068
-5660
4255
3554
-7882
-6573
584
-3460
8152
2798
-2292
-7510
9339
-5918
5468
-1932
8529
4761
7294
731
7983
-2164
8641
6238
9372
-9918
-2082
-3785
3839
3951
-9424
-3812
-6308
-6899
1393
-1658
4106
-4044
9903
-5495
5804
1298
5599
7989
6619
5624
-4068
8774
-7088
6674
-8413
7723
-6987
-2886
3747
-6218
-3614
-4871
-8542
5907
5953
3899
8518
-989
5880
-1425
-2352
6351
6769
3745
4196
8340
0
-9365
-6818
8038
-3854
-7504
-5649
5595
-6292
8098
8478
8005
6346
8289
-9641
-45
361
-5788
9176
2080
-3992
-9284
3231
393
8308
5954
-1067
-3601
-3006
7744
2528
-9800
2374
1038
-1995
7076
-4189
-6344
-4547
5952
9740
-3314
9536
-9846
3066
-3872
-2345
9047
464
3301
500
5788
-6543
-6658
3627
6888
9259
5940
5554
-9101
-1422
-3717
-9476
-5701
5853
-1282
-9989
-7
440
-7034
1855
819
-5728
5793
962
6044
7989
-3202
-5323
-2700
688
-3549
5240
4553
812
-5066
8792
4638
544
-483
-1768
5735
-8834
2735
182
-1618
7611
-1182
5968
-8740
3057
6713
-5099
-1665
8036
6884
9623
6167
7252
-4042
8050
876
-5389
-7982
-6379
5197
6632
2598
-8001
1484
9943
9119
5539
-6030
2546
9347
5665
7816
8851
-2158
2927
-5940
-9828
-608
-476
430
500
-478
-5333
6568
-5480
7814
5074
2954
-5795
1778
-6170
-2214
-409
-6386
7181
-1383
-548
-4217
5890
7679
6546
-4653
5517
4353
-9173
3832
-2173
1897
-4467
7732
6539
-2923
9672
-798
-8089
-7098
-6556
-5558
-9323
5240
2915
-5112
690
-4476
6673
5200
9317
-500
6
3648
-3625
4243
-3263
7865
-9572
6265
-6384
-9176
2155
2789
-1686
6650
-4412
7005
1407
-7885
2792
6806
-6376
-7658
-4294
1023
-3638
-8699
-2937
-2771
9116
1632
7834
5546
-186
-9005
1366
-7433
9896
-8734
3028
-8015
-4594
7005
7747
9453
1046
-6524
4672
9359
-9759
-7937
-7218
-1065
-7909
-657
-824
3893
-9263
-9235
-4497
-964
9041
-135
4388
7489
-1223
9822
6506
6732
-8321
-7156
-5482
-6235
-8668
-9128
6699
-9926
-9616
-3928
1588
2018
-2038
-9864
5816
9441
5707
245
6308
3749
6847
-9352
-4366
-3059
498
-4498
-5119
5299
-7864
-4613
-9050
-4564
-6921
-6452
-5597
2384
-8813
643
-6999
-6525
8887
-8941
-505
1755
-8508
-3174
-3835
7269
6995
8663
8930
-4111
-520
-7753
8718
-3808
-4908
-2659
-5116
-3335
3746
-6571
-953
9563
-7662
2425
-4882
-8336
-3471
954
8737
-4793
-2148
-3850
7335
8089
-432
2192
9479
6876
-3366
-1071
7397
8667
-7661
3561
-4782
-6304
5523
-6914
-944
-6268
-5696
-5170
-8706
-2475
-1467
3442
5326
-3851
128
-4655
-5662
-8254
-7608
9134
7890
5880
-1655
3814
-2976
-3915
1785
-856
172
8185
3947
-4197
7460
7864
537
-9748
3706
-3677
-8014
1046
6630
-5354
-6152
-8567
4628
1807
9839
-863
-4747
7821
-9913
-7168
-9423
-3045
-810
6685
8311
-7875
-4834
-3364
-1415
-8396
8591
-9797
1779
-6563
-7032
4117
-89
1825
-4974
623
3723
4354
-698
1544
-2161
4526
5285
409
6731
-1695
1730
-7136
208
-4094
-6197
6477
-6567
9366
-9207
-4987
5532
9552
-9507
1780
-3465
9220
9929
7376
6361
-9736
9824
1814
-1247
8244
6847
9592
7672
6109
-378
-3758
-2635
-6133
7966
-4291
8056
9891
7024
3505
-6347
242
-3068
-7449
2245
-6719
-1090
-437
-7721
-3307
-6134
-27
3800
-285
-9616
1092
262
6704
-2673
8514
-3412
5040
-2475
-5387
8304
-555
-7903
-7808
500
7199
3443
-997
8065
-6891
-8522
-7281
5471
-2419
-4639
1441
-8654
7156
-8574
8128
-5059
1319
2142
639
-3409
2433
2054
5101
-4774
-9269
7424
-6937
-5585
6640
-446
6394
-662
7749
-3913
8968
-7263
-4528
-1216
-9577
3879
-7175
-4588
9543
7376
7365
-6112
5710
-2693
-2214
3634
1018
-3073
8405
-7035
-7178
2604
7300
-5122
-1195
3709
6361
-8447
-8199
9503
1751
-4320
-7360
-4215
6487
7837
9916
-6056
-8267
300
-4855
-3323
-3108
-4319
1698
-2268
2668
-8041
7536
-5572
-5231
7545
3905
8265
-62
188
-8414
6313
-9474
1561
1202
76
-5128
-822
6001
5577
-8984
-9150
-7475
-937
-7391
-4763
6310
-1276
3235
-4618
3856
5059
-5992
5701
1159
-3009
-9100
6892
3232
-3785
-8212
-1804
-1037
1720
7621
-7719
-3264
1185
-8835
-8295
-8825
-6674
7449
-9552
-6914
-8101
-176
3661
820
-6722
7481
-2421
-8003
-6541
-6704
2530
-5813
7518
6163
-2446
-5869
-4038
7259
-4412
-5464
1407
-5849
3860
-3087
793
7601
4452
5792
-7225
8959
-8811
-3782
-72
-4477
-6949
-6527
1329
-2476
-4601
9117
-7255
-1281
-6263
-4622
-5120
-30
-3114
-8554
-436
3776
-992
-1683
-4557
4466
1071
-3963
8234
-5144
-9937
4283
3909
-6587
-1319
-4817
-9169
1703
-2077
7926
-9271
-342
2430
1068
-1827
-6631
-29
5009
-6483
6032
-3129
519
-1253
-4508
2187
8330
-3299
515
8110
-306
-3164
-3839
-7750
3289
8523
1405
8779
352
1813
183
6370
3902
-5351
4359
9025
-8486
7269
3450
5224
-8403
5664
5648
923
8953
6170
-7946
-2840
9
-7704
-1771
2507
-7843
4079
5243
-2021
9677
-3809
-3094
-2719
-7083
-3299
-1083
8271
5389
393
-7382
-4150
9129
-483
9158
6435
-4413
-2138
-2349
-5394
296
9196
-769
664
-7989
-5720
-6955
-5652
-6581
6082
46
5939
-2728
-8927
358
5583
4191
6087
-7068
-2526
5738
1897
-12
38
508
-8817
-3706
4659
2
9445
7407
8861
8814
2334
-560
-4452
-1058
-9327
3737
5600
2474
8819
-9836
-6276
-1631
-9623
-4200
6964
3705
4617
-2748
959
-8674
5346
1796
6334
5083
3824
-8533
-3287
-6065
6135
6072
9481
-704
4974
1550
-4722
3604
-9502
7175
9651
2240
-2663
-3857
8000
2697
-6330
-5440
-3831
-5064
4739
-6234
2936
-1302
-3891
2866
-4848
-4598
2133
-6089
-9692
8154
-5143
-8217
2938
2025
5770
7022
3425
-9666
1836
9211
-1923
1747
3949
8287
-5217
5456
962
1271
6905
7367
6801
-2977
931
-162
6843
6599
-4342
3293
-1870
-595
6270
-2872
1764
174
-3432
-1158
-5824
-4184
-2043
3471
7180
-3120
2876
-109
5676
2265
-2857
9504
1912
-2792
2045
-296
3281
-5828
-839
875
663
-8366
2893
-8410
3449
2954
-1607
-3186
-6715
9207
9222
1064
7691
-263
-2122
3621
2541
-9475
6730
-9070
-5125
2287
4060
1572
-1067
8386
9342
1737
-2913
6445
-9690
-5337
9107
5000
-5664
6335
3790
-165
-2659
-6160
-6795
-4788
-6257
-3081
-976
-5817
-7444
7227
5379
2252
7337
5438
-9778
9893
-5082
135
3672
9838
5373
-4639
8479
2128
-182
5688
-8705
-207
3735
-209
-4210
5576
7552
-3951
-5624
6894
3591
4586
-1421
4720
-4364
4341
1253
4646
2707
-933
169
-4714
6743
5130
-6786
-981
7743
256
6088
4600
-132
-431
-9293
8942
8653
62
9219
-3953
-3246
5067
4516
-3945
-8151
2942
6585
3891
4378
-2074
7758
5477
-6518
533
-2748
-4953
3823
5580
6169
-7802
47
-5633
7354
-7475
5358
-7701
9028
-7028
9773
4366
265
9264
2497
-9562
-6107
4395
-1965
9036
-4942
4542
-2777
5413
4992
9586
2377
-5271
-1459
-1551
8650
2911
-8137
-4055
-3745
5196
1031
-2355
-6435
3702
3623
3548
7506
-5392
-4705
8441
-4538
4527
3515
942
7963
-6221
-6594
5836
6070
5380
-4392
-7403
-5696
1707
-1808
-9215
-9686
411
-2691
-7545
-8554
1613
-8205
-612
8684
-5191
6878
-2403
-9929
2333
-3638
-7181
-200
-1414
5524
-308
-1476
-1675
-4019
7186
5482
-5723
1325
4863
-654
162
3793
-3140
-3979
7912
-3251
8923
-2400
-3631
-7520
2674
4968
-5567
-4028
1267
-6740
3759
7092
1312
1118
1229
-7131
-7626
7995
6273
-8570
7486
-287
70
-1073
571
4959
-3418
5324
-2742
2437
-4142
-7919
5314
6709
-7041
-7787
-848
6059
-7920
-7608
-1279
3706
-8624
1263
-6976
-9532
5190
-8661
3327
-3715
-3695
1009
7617
7719
-5666
6624
7462
6781
-4676
-1510
1671
-605
9050
-9190
5860
7645
-397
2420
4095
-2120
-9292
-3634
650
2314
-1276
-2578
7539
7286
-1243
4049
2612
5909
9347
-2999
6276
9307
-4778
-5591
-2859
-4947
-6221
9264
6102
3005
2027
-2317
5571
-9232
2408
8338
-8915
-9987
-1283
8184
2969
-5498
-3514
5187
2379
5990
2317
-6968
-4834
502
5761
7922
-4022
2625
-9586
-7609
-818
1139
5581
9287
2695
127
4090
18
2720
-9642
-6512
-7987
-5376
3737
-5043
-7264
9597
6729
575
-7356
-1499
111
9899
657
-9393
6629
7214
4287
-4482
7910
5268
672
2260
-6456
5732
1229
6704
-8504
6801
9629
-7960
8972
-557
9338
-4078
-6371
-9133
6881
-689
-5150
-3716
-5571
9993
1403
5741
7226
2192
-3715
7019
804
7476
-5744
-8741
3977
-7896
-411
8263
-4698
-1247
-9973
-4444
-1619
4005
-104
-1389
-1897
-3138
6163
-1061
-1922
-3852
22
-7442
8744
747
5086
-2757
-3037
-2852
3703
564
-3404
8048
5876
-5598
-3087
5957
3179
-1108
6346
1822
-2527
-2580
134
848
2347
-6426
174
3727
3523
6157
-8626
3190
2311
-9450
-422
-3443
-4667
2626
640
4278
1607
-4603
5255
-3867
-8307
-2594
-8491
-1195
2403
-5189
-2125
1589
-9682
-5140
5121
-7166
6227
-1600
-8400
7817
6896
-2266
2320
-2124
1490
7627
5139
-3365
-6911
9100
-2658
7423
6131
1718
-9760
-9520
6925
-8435
-5986
-6553
-2751
5055
2391
184
-5706
-2434
7772
-7489
7953
4948
-4767
3455
9286
-5440
220
2138
2350
-3554
3260
-7302
-9937
8040
-5184
3108
2620
-7017
-5110
-367
8256
-254
-3081
-8220
-3031
-6563
2095
-3196
-8937
-3100
5560
-7633
7632
4324
-245
-5112
-6244
-6675
-630
9007
5634
-7358
-4029
-4024
8973
-3898
6674
-9113
-5037
258
2102
-5554
-8357
-3698
-7907
-9519
4384
8791
973
-2176
4421
-8574
7897
7548
-2716
8402
-966
-7621
-8556
3612
5134
-2761
-3298
1729
2938
-6623
7405
6155
4240
-5303
8201
-4461
-5128
9559
-9166
7834
3556
-7352
-8506
4630
-9178
5729
5164
4790
-4787
1361
-4113
-9995
-4945
8821
-6285
2290
3317
-4725
6741
-1832
-5119
-1155
2620
2524
-3015
1002
-8750
-7221
-3047
-6983
-244
2747
-4189
3252
-3403
-8980
3846
9017
9685
4474
58
86
-132
-7864
1368
-3970
3702
-1210
8307
-8546
4153
-8038
6534
-9060
-5474
7581
-5366
-1227
3154
6806
-8012
432
-6033
-111
-1827
-2728
-489
6719
337
435
6792
9269
6245
1700
4329
-1935
8308
-6194
3130
6483
-6961
1868
-3660
2511
3312
-1073
4354
8313
9039
8381
-9510
6001
1276
-1291
4937
7619
2446
9573
-8481
-2213
-1894
2595
550
-5335
-6167
-8598
-2824
-4071
-6563
3245
-805
1064
314
9485
9489
8371
3545
9296
-4821
1339
947
-1362
4155
7304
-3513
-5814
-4525
6075
9641
-5788
-5764
-1476
4778
504
7401
7654
-7406
64
-4
-4457
2078
8515
4856
-6746
122
-3158
-717
-1682
8499
-2940
-2528
6479
765
5091
7999
4354
208
2222
4634
2393
957
6619
5752
2533
-5903
2654
9550
7323
935
-642
6180
-2973
-9738
164
4113
8798
7581
5300
-6736
6182
-4057
-3526
5622
-5780
-3937
4781
7781
7150
2201
-2907
4766
-8073
1514
-255
5822
-517
9455
-1535
-8060
174
-5941
548
-9334
-9712
-1607
3731
7648
-4076
-6099
-7734
-5077
-9308
-5241
-4365
2213
-1218
-8456
-3981
-8944
-350
3274
-4723
5782
-4357
2543
-3933
3514
-337
1158
1293
-6355
9357
-2631
4152
7104
5853
9178
7300
-5866
1295
9539
-2442
3055
4697
-5047
-3424
7900
7602
1044
6678
6290
7429
-1990
-5825
6425
6828
-4781
4017
6871
-6789
5526
-4450
-6252
-930
9849
3669
8587
3201
-9626
3365
4427
4102
1396
-7043
-28
4207
-3825
-3588
-3370
-3452
-2641
8112
-6466
-5388
7040
786
8863
9040
-9881
2211
8915
1740
-1081
-3390
1967
4814
-2273
660
-7921
31
-2602
-3357
1143
1667
2619
-4204
1084
-6665
1867
7425
8930
-8513
-964
986
-100
-5425
893
7663
-2255
-1256
6722
7526
4199
6244
4397
8733
-9613
-7740
-9677
-5310
-7185
-4878
3021
8291
2441
-5583
2915
6175
2239
480
630
-8056
2742
-1829
4859
7298
7173
-1951
4107
9212
2026
-3366
-8052
1651
968
7550
9681
-9623
-3458
6047
-2030
-9510
5047
3119
6199
-77
-8254
6382
3593
-8293
-3463
5580
1385
-4143
-2581
-6256
-6794
-2679
-1264
-2521
-1132
-5730
-8872
-6010
5825
8402
3148
-6140
4358
5176
1791
-2539
3984
-5825
6661
-1156
6354
-3734
-7451
-1754
6573
-8252
-8222
5987
4396
5638
-4213
4026
-1328
-7264
3826
-4493
-7070
-4380
1843
-561
9125
7654
1656
-317
-9513
-4151
-2742
4849
982
-7637
2333
8069
1978
-4479
-5814
7535
-4357
8304
-1628
811
3811
9870
1951
-7848
8332
2949
-6047
-1455
-4370
-1042
-1360
-4235
-1038
-4650
4156
4761
-7848
5958
-7247
-1163
-3649
-9744
-8258
-7240
-8649
-3650
7022
7934
3718
1516
5996
-4259
3027
-850
3865
5392
-6931
-1676
7672
-7668
8401
5949
-9388
-6743
4142
-7637
348
-3119
9173
-4464
-2031
-1456
-6653
1554
7607
-7351
3513
341
-3414
-3431
-9775
9076
-6367
2646
-9567
-6366
6892
-7613
1199
-2156
-4657
9087
-3819
9887
-2637
-8398
2484
-3532
-3408
9257
-2259
-6995
-3994
-803
2082
-1111
-2098
7804
-4738
-768
9611
-8922
548
8637
7672
1814
5598
-7255
5803
227
-5762
-5571
-2478
-4855
8490
6255
1822
3587
-5863
6957
5144
-5367
9698
-2299
-4673
-8144
-7253
2632
-5357
-7169
1488
-1394
8075
-8716
-416
-1428
2409
4861
2475
-8471
9165
-6391
-3721
9701
9577
7970
1549
-9734
-815
-467
7615
2774
7478
-4132
3718
-8270
-9563
5947
4054
-1264
-5772
-7329
-6535
8774
1357
-9354
7738
-3469
-5208
1871
5633
-916
-7716
6252
-5386
343
2181
-277
8738
4391
6021
7853
-7348
466
8448
2965
9629
-3543
4831
4593
1612
1287
-6634
-189
8510
-7115
157
-3578
2391
-5759
-4822
6927
2977
-9180
-4236
1353
-2891
6592
4319
1415
4739
6356
-374
-4865
-9429
4109
-2126
7311
-3560
1077
-6970
-8601
-2554
-5736
-2958
3240
-1580
-2094
-1284
2917
-7788
6341
-6108
3970
-5120
4361
2072
1564
5836
5988
-3919
9234
-3193
1086
-203
-9468
9037
-3436
-3222
-9160
-3687
-944
1543
8371
-6372
-3036
8985
-5603
-2714
-5422
-5925
392
-1627
7045
-5071
1629
-4026
-2408
-5700
-9375
-459
9116
4477
1187
-7997
4494
8148
-6662
9332
8196
-7023
6963
6334
-5690
1067
638
-9164
-5621
4463
-516
-6502
-4672
-119
-6110
-6443
5136
-7201
-1268
-5377
-8687
2332
8243
1589
669
6197
3823
7034
-2098
-4004
-2282
-9927
8057
5343
9251
8936
9534
4279
143
4427
6470
5922
-7926
3399
5088
-6211
-996
864
-7283
2959
-5011
6215
-4961
-3813
-7938
-53
-7753
3182
-1446
-4984
937
7500
-5869
2514
7043
6162
3901
-5132
1990
-5549
-69
-2598
-6557
-9640
-252
5480
-6258
9611
-1252
-3370
6974
-8972
-5329
6517
6333
-5677
2731
3047
-2765
1947
-6796
-8622
1473
614
-6646
-4285
-8967
2015
-4250
4965
-5853
8495
1145
-2740
7210
-8071
-6540
-328
-8002
1482
-3091
-1929
-2317
7921
-1291
9869
-8070
2489
-9743
2491
-9185
-9155
4477
-4455
-9351
4613
7778
-253
-3275
-2074
8388
139
-6399
7496
-3760
2081
2113
-2241
5956
-5346
6914
8883
95
-49
-2756
2294
3517
-465
-3715
-7515
-5751
-8768
-9977
-3587
-6142
-556
8043
939
6216
8282
9744
3671
-6322
-9549
1130
-1296
-8162
-7462
-208
-4964
7883
-8264
5691
5053
-275
2406
-2559
8690
6846
5770
9836
-2042
6900
-8784
-9424
-6133
-7274
-5747
-4948
-7859
-5050
-2496
2296
1407
5660
8678
2234
2810
2275
1605
9384
-4144
-923
2248
4166
6906
3015
1818
4044
-3743
-1355
-9097
-6329
891
-4807
-7646
-5225
1930
792
5140
7786
578
-3520
6732
-7061
-961
7607
-8148
8633
-5938
-4417
-39
3456
4444
-6577
-5355
-8049
-5970
-8167
7779
-9620
-2060
3949
-6586
2172
6068
710
-5017
-626
6667
-5348
-494
-4883
3531
-9694
7536
-359
7086
-7711
4674
-7475
-5998
8303
-5421
941
4474
-8475
-9836
