14280
-8799
3056
-8473
-2516
2672
-1410
-5747
-5358
6120
1015
8274
3345
2925
6394
-7433
-2409
-724
660
4757
8954
-7409
-21
-9468
4579
5440
-5209
-6243
-3663
-2674
8233
-2802
-327
-994
8633
4632
4211
-2477
-4644
-2399
-4599
-9306
-6887
-1076
9856
-5791
2945
-2259
6961
5792
9207
262
8401
-5723
2160
-5592
5082
-5031
-7269
9320
-229
-230
9621
-3969
-8416
6898
2531
636
8124
4540
-7188
1023
-2170
-9818
-9746
6802
-8923
7738
-4074
-3145
3899
-1563
-2412
-6303
-2707
-5473
5779
5245
9395
-3791
-239
-6784
-2337
2759
-4821
-364
-4676
-7001
8766
-9100
-3479
-7589
124
6777
-9211
2886
-7152
-6794
-6220
2644
-6464
-4490
-2067
-5145
-3252
-7943
3176
2323
5790
-763
-9536
-933
-5848
1242
9618
6525
-7380
6449
-2760
9854
-1678
7927
-912
7881
8631
7973
-3138
7271
9964
206
-4333
4079
3863
3938
7383
-5117
-704
-3828
2952
137
9276
-8909
-426
5341
-7936
9806
-1118
-1695
-6009
-6854
4682
9992
-3627
-8322
-9257
1187
4642
-7573
-7926
-9492
-1591
3082
9259
7741
9212
8781
3590
6135
1929
9005
5156
735
7006
-7087
-1964
9732
-6704
-4386
-1585
-283
-7069
5442
-5865
2271
1234
-2041
-8591
8274
3304
9037
3735
-2051
4501
-7489
-5492
-6652
2293
-9383
3728
2746
-5672
4767
663
8964
9335
-344
-1397
-2432
1525
9725
-3579
5287
3846
7137
-3522
134
-1977
9044
-5920
8312
1587
3894
-559
89
-5569
2049
2441
-7352
-9256
-8599
-4683
-6573
-5400
-6162
861
-7311
-2685
9815
-8789
1874
-1674
-471
-3803
-1467
-3400
2605
-22
5395
2886
1632
2965
7146
9961
9602
2662
-5082
499
3308
6437
4214
-3228
-5182
-1079
5382
-3669
6823
-4405
9520
-3965
7584
-5979
-3678
-2619
3884
-4510
2297
-7423
8328
5555
8040
-6250
-6177
7262
-2092
-6014
4681
-7349
-1574
933
-7989
-7087
2793
2079
-6671
-7120
75
5508
-8731
-5188
-4430
-8128
8268
-4457
-9391
-3245
-3477
-934
9527
5042
402
1275
5698
1021
-5193
8564
5238
-4065
5563
8296
-3663
-1668
-9902
122
-3210
-3554
5862
296
5745
-1477
-1605
7243
6590
-7142
-4501
-8571
6258
9519
9300
7823
1447
1957
-8713
-8197
2073
-507
1234
6241
-6128
-1857
-2337
-3052
-5465
3877
7842
5292
3885
3856
973
6102
-2181
2475
-6402
-1190
-603
5438
7055
7142
-7177
2944
6620
9403
-5569
7043
8249
-5328
5420
-6542
7551
-8171
-1092
2359
-546
-9767
3300
5752
4925
-5828
5686
726
8437
-140
-9112
-6120
-9793
9070
473
-9289
-7296
-3963
-140
2804
7535
-3562
8752
3566
-9628
-5046
-792
-838
-1456
5734
-7108
606
-8611
-2249
90
1395
-8535
7400
-5208
-6055
-9263
2022
-2604
-7247
3292
-4957
3441
5802
-7006
8662
-4215
6989
-3560
-8183
-4210
8807
6228
6423
-9561
6255
5074
-7093
-3087
9275
4349
-2307
8048
6712
2563
3887
9180
4570
9625
-6890
-1960
2402
-2544
-8338
8992
6259
-8029
-657
-7267
-3304
-6966
2701
-9433
-9147
6295
8464
-1281
870
-7352
-4372
3107
7292
8059
9292
-5113
-4616
-8649
1472
-8868
4643
6600
-2753
5086
-3712
-6522
637
-6522
-537
-7332
8813
1982
-6419
-244
-525
3791
8850
-4804
-9638
1216
-7166
7159
-5661
-7531
6875
4721
-9197
-133
-5077
120
-3910
2654
-4155
-9591
8281
-1452
505
4015
-3070
2849
2804
-1837
1170
-2561
4468
8738
-9211
-303
491
-7949
-8044
-3295
-4838
857
-5610
-6557
5269
4151
6711
7141
-1024
1914
5383
-4455
3307
-722
2737
5055
959
-9451
6651
8244
3021
-8575
-1037
5260
8295
3147
5348
1663
8732
-7063
9633
-9319
-5015
825
2454
-29
-5532
-348
-2453
7110
-8599
-1891
-566
6191
-7267
-8784
8397
8937
-7116
6674
3248
-9580
590
-9891
-6779
5186
-2682
-2961
7383
-513
-9910
-2442
5224
1963
-3731
8532
3517
-9005
-1986
-9415
-2632
-1780
-8492
-9543
4432
9905
-5343
-8857
5698
8103
-9883
-6188
-7200
8474
-8289
5864
-4566
-5945
-5691
3393
-8640
5798
1963
6107
8407
9158
5839
-1483
-3915
-2228
-4967
-7584
142
-7432
6126
-9299
-5236
-6066
-1760
7629
3747
-1592
-2942
5625
3876
-6109
4513
-4208
-142
-4584
-1131
-8323
3088
6223
-4511
1498
-9943
4702
1059
-7196
7082
-2172
9185
3188
2005
-2314
-6246
4791
6908
7420
-7729
-6532
8338
-1790
8153
9751
-2883
-4849
9116
8714
-1283
1035
-7111
-6695
8751
5329
-535
9931
6385
-2347
9063
5970
-3718
3753
1143
9056
8192
-474
-9628
1878
-4412
8355
4811
1491
3629
-9644
-9436
5807
5327
2069
7711
3353
4084
6852
3195
7010
8600
-5120
230
3428
-3550
-8968
-864
8750
-7200
-6307
-9781
-2143
507
-8810
-6572
-1540
5292
7130
-8510
3648
4705
-3590
-9213
-2521
8921
-4919
545
4073
4905
7143
-7310
-7286
1632
8772
705
-5848
7812
-5997
4254
-9761
-7958
-5429
-4125
1310
2304
1740
4544
4059
-7573
905
3726
-7431
2705
-5372
-3484
1927
2252
-5271
7553
-4808
-6114
6330
5320
2133
-287
-6392
2677
-9803
-1105
4870
-9781
-3500
201
-4434
3406
2949
3910
5516
-8019
-4307
-5953
-2032
-7080
-6225
-9679
-5017
-8313
-2407
-8120
-6664
-9077
-1740
-1122
302
6199
-8250
5910
-3178
1839
5809
1116
-7948
-582
7350
-4560
3629
1253
8101
2218
-3484
8540
4495
-4319
9698
-9035
-2197
-1861
-746
6545
-1534
7138
6377
-9892
-6007
3789
-4960
6872
9618
-5669
6315
-7654
-9144
1636
5
8263
7461
-3996
74
1279
5536
2071
871
7064
4596
6968
-464
-4203
-4704
-1926
1147
454
7273
1369
9197
-8628
-5425
-7366
-858
-438
1613
3341
-7697
-5281
-909
-8489
865
8217
6700
-9791
-9208
912
5133
2828
-3340
4496
-900
3075
-8760
-636
1778
9985
-6952
-1612
7183
5088
3989
1054
-3967
4410
-5568
2716
-1087
888
-5680
3891
4100
3449
-3115
1076
-3747
-9496
6611
-8402
-4658
1274
3354
-7
9644
-6106
206
-1349
2241
-4487
-9145
-9147
-4617
4106
4708
-4647
-5615
586
-6560
-9712
-2228
-5462
7124
-3394
7551
-6441
-143
-2991
-2301
-8185
4392
5363
2868
4371
387
-2719
3266
-2390
5995
-8181
-2053
-7082
-3820
8637
9471
-2634
-3403
8344
-9815
-6978
712
-2892
5500
6577
-603
5355
-9808
6448
6828
77
-7415
2982
2321
-6814
-7313
-6390
9268
2924
5514
-4525
-418
9816
8071
-789
4656
9645
-6040
-6966
3786
9864
-7744
-1860
5508
-3088
564
-9905
1978
5956
2211
9290
4640
8140
-7691
130
224
-9488
-5818
548
-6865
-9304
-7611
-9612
1837
4753
4970
7127
8974
8256
-3468
-3305
1995
-1998
-2519
8607
7994
7975
4178
6039
-1483
7883
3698
-1331
-8836
-2462
-8150
8755
-1524
-9034
1663
2760
-6279
17
7980
-2962
-6270
8318
1577
5468
4181
-1294
-5899
-5848
1238
5846
2806
1021
-143
1051
3391
5291
5061
5838
-2875
-4489
6942
-5340
2393
-3763
-6589
6351
601
5333
-8921
-1330
-5516
7856
-2869
-6265
-91
-9066
9954
2158
-3377
4292
4130
2054
8566
6828
-4491
-6762
3501
2647
4319
9670
6717
-6105
4785
-9959
6254
-9867
-4284
2437
2465
-4843
-3798
1952
-576
-4338
-2840
-3252
-3915
-3476
-6864
8512
-5281
4205
5763
-8374
8198
-1065
-590
-9026
8143
184
1128
-2658
6118
-5328
2454
8821
-5683
-5936
8066
6656
6829
-6648
-4413
9638
-6069
8456
7695
-9483
-9378
99
9
3770
-6733
-9442
8172
8145
-4059
-2397
-808
906
-3937
82
627
255
-9684
8278
9664
-8061
-4063
4904
-3999
5247
-8337
-313
3087
3468
-1060
-7404
5268
4514
6903
3243
-6535
-1225
3652
-1095
8177
4315
-2599
8419
-5485
-1580
-3134
-2518
-723
7320
8587
6499
-1970
-6314
7418
7088
5659
3906
6924
-950
-2621
-1789
4711
9080
9767
-4560
-6747
-3822
1355
5840
9924
2610
-8084
-7578
3709
-4483
-3973
2513
8060
-2096
5246
6446
-4760
5301
-3444
-1535
-4972
1205
3740
-1808
6599
-4285
2424
5189
-9743
-5251
3276
2300
3294
7460
-6389
-5272
1035
31
6753
-342
3999
5415
-4064
-488
-8262
1681
976
3205
9270
8386
1075
5612
-9160
3651
-6520
5820
7771
2119
-2929
-6535
6792
-5623
6503
-3176
7053
-3502
7799
1741
8153
-7587
8573
-8145
-2889
6945
-3710
7308
-3471
-5186
5793
-4245
8008
-6052
-5332
1064
-6936
-2012
2493
-1776
9141
-8073
-4717
-2256
-7044
-2538
4216
-9018
1628
-5237
-3825
5162
-8146
5168
4564
689
-8473
1018
-2186
6625
1131
-4329
3322
2707
6085
7592
5461
2818
-2120
8256
-4885
316
5858
5041
4051
-5385
-2916
-1408
-6184
-9329
1601
-2440
-3666
-2773
-6546
-5983
-1065
-96
-693
6732
1181
-1206
8901
-825
-4895
-9732
5027
9620
1869
-6905
-8699
2960
-5309
-8224
-9012
2490
-3371
271
1477
-3827
3650
-2332
-6770
-402
-965
-2161
6235
5600
-3228
3638
4736
-385
4228
-5996
5498
3632
2163
-6460
-6008
2783
4309
1381
364
-2583
-1125
1551
-668
-9435
-1298
9507
428
5638
-8532
-1801
-9434
3057
-8012
8683
-961
-3107
-7611
4872
-6922
-5080
8585
8141
6215
-7076
-8879
-5445
6541
9382
-8884
3932
8499
-5277
-4459
1120
2606
9243
5590
-4201
540
5192
7849
9935
-5702
7030
2070
-7137
2314
5956
4805
-273
-7603
-2128
-4787
-9156
-1290
4703
-1251
9503
-7767
-7828
-464
1385
7869
-2495
2011
8467
-9360
9480
-749
3296
-9751
-9217
-2338
-9765
1744
-745
-766
-3067
1857
-4222
-5219
3501
9799
-6543
4462
5106
-7428
5905
6690
-7106
-7684
8991
-1887
-828
-8788
-9727
5310
1883
-225
-6514
-8887
-8995
5675
1064
-3336
5723
-3004
805
8504
5632
5783
-5358
6469
-9817
-3315
8106
4874
-9305
3945
-6956
-3940
-6920
6368
-6101
9794
4427
8650
6824
5083
-4393
-5592
-5684
-1712
-6268
7169
-9906
-5938
4279
2196
2486
-3450
-1095
1561
2961
-2359
2064
2958
-5290
6735
388
-3362
7256
-8227
-2665
3605
-4558
-6305
3888
-5448
-9380
7491
3576
8607
1584
6902
4342
2832
-2784
-3962
2774
2220
3379
-5254
6431
-9894
-6824
4680
9766
1099
5622
3325
-9773
3122
5641
5608
-8001
-1009
-6783
-41
1108
-5850
5690
-3053
-4297
5925
-5941
-6804
7516
8290
7018
-8292
-7177
-2981
-5051
-419
1723
-8564
6628
3337
6368
317
-4584
403
7572
-6624
-3987
-2652
-2125
5068
976
-6773
-4954
-6832
-3266
-2400
-3169
9986
5056
1064
838
2252
-1881
5039
-2943
5943
7578
-9910
-7145
1069
-307
2367
-3054
5097
-2724
-1091
881
6157
9995
-2109
5625
6957
5851
-8712
-4248
877
-3176
-6816
-5264
2379
1838
-5301
8228
-9799
-7703
-8816
7639
1878
-2725
-5365
9733
9675
1535
6842
8112
8060
5952
-3350
-5532
-5868
-2424
7942
7915
8449
-8478
7555
8145
9041
3132
5733
1907
6058
2452
2369
3426
7830
-2108
8583
-4028
-1253
6848
4281
-3614
-8248
1706
-3728
-6365
1956
2271
-5510
-9935
-7061
9214
475
6267
-9612
5187
4775
2411
2834
-3338
826
1757
3758
-5939
-3635
-6440
1734
-2232
5245
7782
8871
9208
-2864
-5339
5932
-9834
-6454
-301
-1325
8020
1090
5946
1796
-8475
6872
5998
1964
-2478
-1197
-5605
7243
-1011
9589
7660
9021
2698
2929
5442
6291
-8922
-7226
-9780
-4882
-817
-8169
4851
-6512
-7895
-2373
9441
-4768
-8650
8350
-5101
-5170
5812
-8477
8509
9167
-8893
6735
-908
-1150
-446
-3548
3223
-2153
-4898
198
2093
-1441
-7251
-1300
-4558
-7177
-9507
686
-766
6143
8838
-1718
-8367
6398
-1364
-364
-4279
-917
-7153
6087
107
-5649
1082
7102
9197
9210
418
2942
6537
-7298
-5854
6434
-7164
-4111
5177
-458
918
9974
9708
-4506
6736
-4561
-1440
-7828
-6968
1011
-9467
737
6813
1540
-4776
-2069
-2560
7638
7510
-6482
4498
-8947
-3378
-3158
-8615
-9329
-913
-7562
-722
2343
2939
-1185
504
4925
8887
6664
-3692
8994
-2032
-8285
9908
-1636
6804
1428
-5229
-3252
5191
-5962
7280
658
-7416
230
-6329
6581
-4851
1085
-5834
4620
8975
9071
-321
6775
-5832
4225
-295
5542
-4582
5517
-1305
-3876
-585
5704
3726
7625
-5216
5478
-3586
7460
-5688
4439
3008
305
5129
-2545
-1158
5563
6920
-2799
-8242
4434
-3958
796
194
6441
6082
3344
-1758
-7884
-7826
-1391
-8176
-9316
8071
-163
6802
2357
-3616
-5886
-9399
5060
1238
6564
-206
1768
6389
3553
-1465
-5952
-905
1884
-4055
-9666
2222
4378
-613
222
-1401
9684
-1483
265
-3356
4694
-5456
-6078
5597
2540
-7390
-4967
-4304
1345
6334
-4362
-1995
-7191
4264
-2978
3340
-7410
8155
1433
-1249
9142
-9961
9603
-2903
5241
-1059
-9073
487
-8610
5605
9508
-7991
-3723
-6574
2556
-7516
6404
1641
-7972
3033
2815
-4139
-9186
-8419
5692
-2943
6553
-2865
-9300
-2062
8695
5938
5700
-4763
7305
-35
-6705
6604
9984
6578
-1581
5064
4640
-6886
-2658
1124
-676
-2021
-6191
4788
5309
-8227
2375
4182
4212
-3781
7346
177
-4772
-7977
-847
-5040
6550
5308
-9528
141
-2485
10000
-1618
2733
318
3649
5784
2758
-5699
-1854
-5949
1774
3418
8547
-7571
7035
3578
-7515
9174
-603
2928
5778
2270
-8779
4855
-4747
-7637
-4379
3548
-4418
-3190
-4879
-3030
-5039
9997
4159
3997
7225
-1110
-3104
6609
-5526
-5643
-6637
-9555
198
-6447
6751
-9317
8712
-2142
-9226
-657
4870
5874
6490
-4014
-9587
-2350
-4215
2478
6848
9807
-6014
2733
4130
3235
8643
849
5488
3540
646
6352
2629
8455
-1828
-7902
9067
-8569
-4657
-2687
-4252
4062
1793
-3258
-467
-1150
5912
8832
7667
1145
-104
-3958
771
-8609
80
-726
-994
-8634
8476
-3585
2356
-9342
-6789
932
8804
-9474
-3425
-1275
-9851
6764
4350
8738
9224
7848
9068
-3761
-5305
-4163
-9097
-2678
6287
4194
-1297
7975
-5658
4842
683
-3527
-4126
3024
7199
1713
172
8315
5727
3537
-742
1994
-5931
6329
-4554
-6891
8915
9924
4597
-9739
-1593
8357
-7745
-4232
7069
-9127
1207
-3888
-8781
-6524
7482
-2978
-6842
-1005
-92
-9616
2011
-3393
9056
1158
-7015
-3558
-8097
7674
1528
-3214
-7511
7402
-330
8540
6154
-5264
-9526
-9517
-5376
2314
-6283
-5873
1113
-4881
4941
707
6599
2080
-723
1922
-1872
-866
9580
-7548
5497
-20
-9868
-4792
1261
-6937
-8435
6609
-5244
6194
4763
6460
2119
-8662
-9847
9866
1753
-4048
-1762
9515
1494
-2513
-7860
6922
-1145
7493
8599
2175
9268
-4967
9225
-7313
-1211
7118
9087
-1663
4902
-9169
2793
-4225
5621
5552
2991
2804
5491
-5478
9737
-1782
3923
-5004
8086
-8117
3403
-3832
6161
9874
9182
-6038
-1968
-9019
7571
-9855
-3132
1646
5721
-4287
8358
-4471
6850
-4832
2551
-6374
4649
-4990
1299
2446
4017
5608
-2691
-3999
5858
4943
-5349
1693
-4158
-5247
3566
-7718
-4530
-8931
-5119
1003
-3198
5166
1131
-7135
-541
1637
8394
-5980
5398
4384
-5968
-3750
-4666
2473
-5389
-4478
2607
-4238
2533
-3703
7776
7549
9904
-3660
-2444
9280
-9984
6347
-8364
7811
-2545
5348
2586
-632
332
-7973
-2782
-9257
-8957
-6964
-6206
7716
-4024
9730
-5577
7752
-4483
7138
2615
-9698
-7394
7752
2415
-9027
-5032
-1554
4679
1059
7733
6340
-9171
-233
-5698
734
-3408
-1358
-3169
-950
1393
-5056
3759
4915
3297
-826
3668
286
-961
-3308
-3222
9704
-1792
9509
2080
-9834
-4043
-9621
-7215
6196
-1540
7908
-4652
-7472
-7416
-8200
3599
-8507
484
-6593
-774
-7557
7699
9359
-2035
5391
2116
-3787
-8209
1076
2078
4072
4319
-7418
-2610
5922
2157
560
456
4995
-1916
-924
6762
-3844
9914
5906
4159
-8704
7471
1971
4753
1124
-7761
-1275
-6653
-7110
-7445
1074
-7058
438
4004
-2697
1597
-9144
-4517
3368
7336
9804
9890
-5595
-8018
-4006
4473
-4972
-8941
4357
4949
-2436
6264
-4982
5148
-2642
-8932
-1344
7839
-8572
841
-9997
9968
-8101
-8032
7195
-3035
3400
-5020
-2532
-9871
7405
3781
-7917
-9441
-3337
-4697
-7665
-748
-5645
1261
9823
-8925
3699
-150
-6342
-4074
9116
-6010
-351
4606
1955
-5862
1380
7247
9797
3256
-8322
5891
4049
6900
6023
6292
-1231
3950
8827
-3440
-9584
-7285
-2073
7194
8086
-958
9617
-5209
8239
-1064
9441
-1354
7380
4572
6767
-1500
2669
7946
-5508
5160
-4424
1479
-5775
-5244
5223
-5241
2601
7331
7798
-1346
-9293
1048
-454
5120
-5241
-6422
1073
-6317
-4364
4188
6784
-190
-2171
-6492
-8222
4627
-8052
-9448
-7037
9604
1726
-9679
-5757
-9695
-2818
-6015
3606
-7844
7157
-70
5783
1683
1790
-2929
1950
-6174
6251
8787
3462
7680
9887
-5982
6701
264
1992
325
6779
3985
-3002
-7918
2568
8634
-3266
-6742
8747
63
3391
-1898
-6913
7708
-8844
4049
1651
-2727
-61
-2118
673
-1183
6615
-3099
8879
7302
-963
199
-5028
5058
-9614
4378
-3748
-2551
7648
5455
1971
2233
5331
2324
-4171
-6278
5093
5168
8361
-3267
8178
7278
-6649
-8646
-787
2358
-8990
-3137
2322
1364
9776
-7384
8293
-9184
853
-5185
-9967
6765
-536
3045
7025
8111
-9580
-5689
-4853
9996
5736
113
4979
-5915
8543
7442
8657
1796
-4952
4842
-5497
-5676
3660
1582
2255
1388
6392
709
-1282
9695
-1374
-285
-1512
-2495
-4430
-5322
2455
-1190
-2440
-122
-9846
9454
-1912
9820
-3642
8487
-6662
-3661
858
1483
6474
8517
-8120
-7908
-3013
-7533
-2382
-2895
7695
4088
73
-7546
-272
7282
-6732
4349
1458
-4709
-2012
7016
-4366
-3050
2394
-8702
4733
2855
34
-4360
-9302
2529
665
-1068
-1665
4801
-1215
9259
-4679
-7910
-110
-2115
-2889
-5904
8195
-734
173
2946
4028
3269
-363
-6570
-3444
-7803
6129
6953
1768
-9478
-7875
7277
8570
-9207
124
9939
4734
6871
-4044
6804
9947
739
3677
-531
-1961
-9420
238
-2304
7677
-7827
3025
9489
-680
-1564
-988
-5220
6519
-4168
1693
4374
7537
4079
4184
-23
-8365
-5444
-8775
-1166
8374
572
-5539
6078
-426
-9862
5228
-4119
-2471
4590
-6227
816
-3115
5660
-6611
-9866
5078
-2700
-8164
9240
392
6166
-1661
2419
9019
6813
7395
2976
-9258
-7942
-5903
5043
-5063
-550
4291
-322
9450
3112
-1167
-4446
9822
-8864
-8355
223
9519
-7525
-4234
-1182
-9470
-3641
6148
3440
-2812
-5153
5870
-6687
-6907
-2683
-2106
-6837
-8410
-3785
411
-6107
250
3489
-2467
-5423
-4101
-4731
1226
-8263
2859
3768
5435
3537
-3985
-3339
-557
7286
116
-1793
8425
-1938
3193
8329
-7017
-3520
-8826
2500
8352
81
7248
1642
-1211
-6417
7129
2635
-6270
-8371
-6167
-3961
5470
-6388
7887
5148
5167
7422
-1177
5200
-8608
-376
8488
804
7595
664
-3966
8649
-3156
-7024
-6834
-9256
5746
-249
1853
-8399
8669
-3221
9031
5540
6688
-4777
-5496
6113
-4580
-7087
7030
-4687
1986
-2894
392
-6677
5441
3295
1535
9277
-2839
8775
1964
-6877
9965
5840
8321
-7341
2189
4692
-238
2922
9586
1260
5274
-9381
-7685
-690
170
-7281
-3937
-2184
-410
4457
-6852
1391
-9355
5397
6257
4267
2336
-2134
-8966
-7394
-5941
-3669
4706
1964
-6889
-8466
-3493
-1160
6964
5036
-8706
-2774
-7143
-3244
-615
7242
-8489
-8521
-1906
1619
8280
-7385
9815
5384
7207
6458
-3509
7027
3666
-7907
6857
-3528
5542
5169
-8790
-330
-6067
-5759
-2125
6437
-2702
1260
-9867
6497
-2184
-7465
-5188
7026
-1781
-1647
2252
-3416
5278
-2258
-7970
1580
-3184
-2642
-9181
-5461
4303
-4868
-5487
-6220
4560
-8268
4538
-9099
-9297
8475
-5432
-2883
1351
5594
-1411
-1178
5181
-934
4632
3108
788
6061
-9079
5299
-5878
-7840
3263
-5418
7022
8798
1183
-6905
9350
-2732
-7409
2297
-5171
-9488
3343
-5029
3544
2333
8535
-1824
-1835
-9541
-290
-1641
-3607
-9985
-4556
575
5856
-1275
1948
-5336
5788
-7325
2575
2516
-9419
-5336
-4488
-7760
-7374
-6574
3738
-3903
3317
7881
2361
4395
-5062
7795
-4607
-479
-2598
9874
-3921
1493
4996
4122
-6978
-9409
-6147
-2628
8303
9809
2964
8464
2961
-2731
7270
-8177
3796
9308
-8949
-4487
-9239
1019
-3372
-9324
4110
-7905
5584
9083
183
-3255
-2285
-7699
5614
4549
-88
-1896
8207
-461
-9254
-8722
-8857
-770
7676
-7236
-1628
-7171
-3410
554
-5888
-2284
7558
646
8867
3433
6886
8120
8103
-8554
-4753
-5498
-2963
-7289
-3454
-1868
-3670
4126
-3762
1484
4396
-8394
-1181
-7324
5679
-5032
1220
7767
-5722
3132
461
1953
1454
-4189
8568
-1702
-2421
-9719
4919
-7310
-3287
3236
-2486
-7084
-8624
-2257
7078
-901
-4914
6472
6797
7105
698
5461
4279
-4460
-8460
5601
-9656
3194
3293
3941
6446
-773
-5964
5118
6847
1062
9324
8011
2338
-2954
8317
-9935
4481
-105
5919
-6854
-6237
-1402
-3062
5165
-9619
2005
-314
-1034
4709
7387
-6646
5305
-6126
6139
4576
4283
-4402
-5390
-1411
-2222
2487
2775
-8776
7783
6606
-5430
6707
3370
2315
-6068
-2875
9066
-4340
-8271
1438
5799
-9919
-2262
3347
-7205
-9585
-4417
5004
-8366
-5415
6716
-2400
9396
-9593
9393
7553
-6297
3870
5613
-7741
4836
-3475
863
-8788
4008
8341
230
9189
9957
-1776
2644
-1174
4589
-3304
-723
-4255
7627
-2982
201
-6912
-141
7881
402
-9770
-1964
2385
7913
-6800
-6735
-1311
3706
-5960
-1416
3983
6993
2456
1515
2193
8976
-6412
-4809
-2707
2985
-9085
-8336
8582
-5135
-4127
-9393
3861
1918
7027
-6878
4984
1427
-1535
7829
8602
-7179
6057
-2862
3327
-1995
-8719
-7246
7284
159
-6438
-1478
4445
-232
-6329
-83
-9623
5421
-9598
-7573
8231
-6617
-6928
3233
-2117
6415
-2217
-9311
2574
800
8056
9698
-9820
-385
8779
-4442
8592
-9721
-8784
7240
-3674
9475
306
9294
-446
-5396
564
3655
3443
-2079
8166
1162
-2614
-879
6832
2403
2132
-5011
-7858
-174
-1212
-4028
-2369
-1132
1584
-995
8982
4613
-6671
-6034
8063
-3669
-8980
4464
9307
-8420
1233
-7002
7514
6007
-8534
-4554
3549
7085
1651
9870
-6762
2943
-6817
4716
-5403
-4960
-3332
-6570
25
1336
5270
1505
9485
8433
-6657
4975
-8961
2649
4543
-9030
7743
-1426
6032
-8887
6503
4912
9574
-3879
8929
2997
9487
5468
7081
335
-6023
3973
-303
285
9167
-3256
4663
393
214
3572
3708
-9182
1366
4007
-5062
9250
-5790
-3748
7574
-9237
3419
-8456
6313
6608
3032
-7727
8935
-591
568
-2729
6692
-7818
8397
3006
-8643
9525
-9531
4345
5385
-8704
-5961
-2682
-2488
-72
4928
1990
4580
8788
-6676
-1053
-5239
3694
678
-8218
-8228
-7286
-1762
-3436
-1643
4375
-1045
-8559
9849
-6173
231
-3460
-6985
4339
-2074
8517
2881
8508
3668
804
-2798
4571
6910
-1611
-1492
-3210
-4788
3
-2963
7613
8850
9903
-1072
-9274
2276
-5597
2090
2815
180
-2089
8225
-2567
-2483
-6333
6978
5910
-3354
9473
4397
8776
-4047
-9959
-4811
6713
8404
-6466
-1911
-7103
7843
9805
-2610
-5510
1488
922
-2159
9358
5231
7305
5587
4193
-3305
4321
6977
-5050
5718
-6328
7969
-8443
-5424
8503
8007
-8306
1058
2433
6673
5707
-6081
-4106
7336
-9058
946
-1147
-1137
-2323
5925
-7576
6010
-686
-454
-2606
-7618
-8696
-8472
8685
1656
3713
-9313
8903
8088
-5548
9945
4093
5520
-397
9814
-3395
-4653
-2614
-5192
-4597
3272
9684
-6395
-622
-31
-739
5000
8761
3891
3236
300
-4931
9738
7200
-7456
8199
-9864
3528
-5956
-7400
-8136
-2931
2821
-4882
3446
-9106
-1
-2064
-8529
-7854
3825
-8191
-8719
-8206
-3904
3728
2711
-8420
1620
2023
-6790
2002
2593
5691
-5336
8842
7732
9222
-6752
5670
-3736
7868
-7111
631
9378
-7301
3477
7923
-3980
7646
6009
9634
-6860
4148
-8878
-5508
3663
4404
4471
-3471
-9021
-1975
3579
8805
1951
-6771
5029
-5295
2464
300
-9633
-1880
6600
-4277
-346
-6208
-4337
9421
5667
-4900
-7659
8694
-5010
6250
6696
8026
-7843
8654
-8007
-4846
9079
-6014
-1076
-7138
6070
-1688
6105
7149
7458
-5613
-3994
2139
9124
-2542
-7343
1006
-8815
-2396
2879
-1028
2087
-500
-278
-6752
8639
-5278
7392
-1071
3501
8275
2566
9967
-7116
-4801
-9847
-9035
7358
-2236
7624
-9463
6330
9234
-7710
-9928
4058
-8522
4833
5134
-3829
6220
-5814
-774
3801
-1502
6620
7706
-7286
3283
5832
-7099
-238
2670
2199
-9896
-5974
-2598
-6585
-4338
9732
8525
-2519
-122
9796
9765
5898
6850
-1463
-4258
-8161
-635
-3068
-7123
-4953
6523
4652
-8489
-28
-1300
5546
-6077
-3380
-3279
4245
-5850
-6900
-6668
8867
-2375
5908
-4167
-9692
-4026
-6928
6750
1232
-6509
1641
-7350
-9917
-185
-7539
-4345
1876
7990
4029
-5971
1814
7471
943
2140
-6977
2126
1243
1870
-3273
-3098
-4868
-6397
-5748
-5452
-6889
5928
-7387
-4795
-2246
6733
-9692
-4547
-5932
-1108
7323
-3446
4800
7673
2035
713
-5367
5219
-6108
-4865
-7308
6077
488
118
7103
-6403
2348
-4734
9969
-2462
281
-2214
1818
-405
-9033
4735
-818
-9354
5613
-5639
-1015
-775
-719
2135
840
-344
-1200
-2480
-6806
-5936
-578
-4343
-409
-4200
471
-423
1079
4268
-4537
-9822
-5943
-3994
-2244
-8829
-3408
-1659
2581
9740
-1359
-3524
7180
-2732
-3615
-9727
-1091
3128
-2023
9448
-5016
-4900
1965
-36
2109
710
-954
5423
-3757
6193
7030
3214
-9598
2950
1959
9269
-1288
-3446
-158
833
-2416
6220
-3345
3319
-2870
-5929
-1415
-2738
7651
1731
-2945
9626
-5887
-9898
-6585
-8895
-1839
-1692
-659
5428
-8250
-8696
-8459
-7948
-1662
6553
1984
5433
-9632
4345
-2589
8940
1987
1807
8340
-9922
-4897
-8209
1638
-4153
9567
3024
1391
5990
-279
7099
-4400
2685
3531
-7643
-6021
-3238
5863
8533
7793
4251
1590
3002
-3723
-8442
61
-65
-815
2662
-3984
-8500
36
1167
-8523
-4995
-844
-8373
-5719
-9302
-4577
-3931
3099
5218
1084
7889
-8039
-6174
-2488
-5027
-7778
1273
8629
3171
4168
4576
6600
2630
-7776
-2656
-8893
2473
-401
8279
-9631
3240
-1505
9948
-9532
2233
-8920
8523
-4898
4678
5592
-9253
6092
-1157
6939
5611
-7736
-9197
5384
4338
-4690
3301
9845
-5226
-6281
-5818
7695
-1633
7784
4581
-3015
7044
-9930
7941
-8168
-750
-5174
-7641
-2546
8543
5494
-2197
-3812
7479
-4854
-5420
1417
3358
3301
8043
-5564
422
2859
-6111
9502
-850
7763
9870
7256
-1530
3498
-5642
4768
7568
4749
898
-5426
9413
-6735
8063
913
7567
-2043
-855
-1622
1064
-4807
3073
6974
2115
7950
-879
1128
-833
-6005
-651
-1590
-7999
2859
4330
777
-6662
-1243
-2559
-3102
-482
-5609
-7617
1328
1770
-6283
4195
8190
-4461
-3033
2239
-628
7758
-3881
7344
5561
4803
3828
2215
-5764
-3980
9743
-1256
2376
-7075
8959
-5383
8216
5605
-2940
2516
-3370
-8323
8192
1620
4479
-7327
-9553
-8078
4523
1654
7284
-7436
3639
-45
8470
-1683
-1470
-5084
-418
-3038
-552
358
2006
6533
5921
-1170
-2725
-9200
-6795
5892
-8658
-2536
9476
4155
7062
-3946
-9779
3068
7339
3335
5554
-5042
-3002
9337
209
-7688
9252
-870
-2035
-661
-4489
4141
-3744
7157
-6825
-9002
1497
9857
-1673
-4064
8203
7500
6965
-2978
8106
-1051
2906
-737
-7513
7601
9931
-8217
7858
-2886
-8297
-1477
-1595
1846
-1322
-5484
5
4782
-7174
5347
7907
9583
-3442
-721
6301
-3397
8083
2050
-357
4764
6791
8938
-7272
2781
7394
-5490
5058
9282
-2563
9736
-4124
5915
1550
-1972
-8468
2446
-8770
5549
-4207
3483
-9539
-860
7236
-3399
5188
-5743
9598
-5088
6981
-697
-685
5554
193
-2438
6163
-7540
-6004
243
622
5105
9831
2276
1471
5911
4981
7277
1218
-1795
-2570
-7513
8080
-4288
-3468
7067
-1130
2439
9365
-4836
8218
4462
-8404
-6513
-9748
-9739
-7227
2604
6989
8247
-311
7225
3065
9944
4855
-5884
8092
-9023
5013
-7287
-6236
1009
1868
8513
-1834
8889
6858
-6192
3855
-6034
-8726
-9601
7866
-6248
2251
4351
-5046
6969
-6885
-4872
-571
-6885
-3834
-5451
-3012
-9608
9830
-7248
-2815
-4305
-6233
1550
9774
-1885
-1798
279
8627
-3652
-9335
-6538
-4001
1420
-9163
-40
-3268
-3120
-100
9121
-8776
-2509
1537
4239
8905
-4431
-7929
-1445
-4717
5621
-918
6223
8571
-776
1463
-7901
-131
2145
-9318
9226
-2887
7299
371
-5631
2354
3055
-6193
3308
-9225
7773
8453
-3363
-3344
2675
-9448
8730
104
700
-8475
1238
804
3405
-3819
1651
-2945
1063
1664
8791
9716
-9581
5912
-6339
-6096
8985
9156
-5863
9390
7115
2129
-520
-5913
4121
-539
4108
-994
5146
-2080
4803
-1700
-9752
4096
1550
4675
4578
4305
-1947
9466
9875
7303
-78
-8514
-7060
5135
-7057
-839
4721
-4716
-8233
5307
825
297
-27
469
-4044
-168
5598
610
3546
-9228
1470
9533
2674
-5199
-2407
-4262
2899
5026
-7483
4557
-2480
4822
5293
-1244
6609
8340
-5265
-6793
1554
4252
-8369
-1690
2831
2798
-3939
-4073
9836
2548
5625
6689
9474
-434
-8196
949
-5351
905
6014
4722
3042
2059
255
-4421
5944
-463
5994
-3084
-5607
-6566
2923
-9927
-5220
-6119
8651
7876
3083
8181
497
-1192
6962
-97
-3439
4319
-727
3969
6601
9235
8400
-8743
-3418
7385
-2847
-9423
-878
-1769
-6077
-5757
-3952
3500
3082
3437
8634
-6235
9351
-3916
-6660
-2137
4209
6378
-2295
9176
-4137
3214
3703
-1050
7379
-123
-7953
-8470
-1705
-6459
-1276
427
-5652
3615
4351
-9866
9287
4449
9209
-8925
-5486
-51
-7726
2422
4820
500
9561
-7684
-1758
5806
-3902
9541
-4528
8459
6846
-8989
8451
-1490
2681
-6101
-6766
7129
7363
6172
-6585
-7173
-4608
6510
-7492
-1344
-5021
-6974
-2763
-3133
-7378
-6467
-8550
7588
4877
-2352
-7927
2791
-2197
-5562
-7563
-7771
-7555
461
-9187
-3271
-7840
8024
622
4795
-8016
6578
-3390
188
7491
-55
-3043
-209
5866
3468
-6106
-4841
-2908
7391
244
-5623
2943
98
8226
2434
6585
6330
-5794
-437
9223
2414
6032
8774
3584
-341
8094
-6835
-9312
5266
8545
6909
2851
-8190
-8211
4447
-5066
8840
1911
6294
-8031
-404
847
2620
-5405
-3751
6279
8208
1240
-1675
-8105
8274
8397
-3972
728
8882
-1750
-6737
2975
-6466
1884
6682
-7655
-4575
-5023
7906
2754
-4260
-4419
-4603
6500
-2571
4897
9810
7779
-596
1014
-4974
-5396
-8610
9646
8849
2486
548
-6837
-807
-7211
-2465
-4012
3507
-2980
9712
9731
-6625
-6553
-3117
-5436
3222
-3637
-3456
-940
7901
-8070
5556
3022
427
-5643
-9861
8052
6283
-8042
6633
-6914
1189
5543
5033
12
3863
5166
-3638
4902
-9837
9043
-8085
3274
4340
3890
4347
7932
8471
2048
-5700
-3082
-4296
3239
-7934
-7977
6121
8975
-722
-6733
6402
2779
6463
1982
1923
-6847
-8745
1627
-973
657
-8670
-606
-5183
9281
-6106
-7984
-9737
4903
-5997
-3297
-8709
-3519
-1201
6462
1981
1254
-4158
-2368
-2354
-9084
-7285
-8955
-1045
1173
9793
2736
-9500
4449
-2939
3762
-7265
-2007
-9892
430
-5780
6538
44
8828
8086
4225
-3426
-6771
7289
-6828
2732
-8677
-3409
-7369
8873
-9678
722
3964
2261
7620
-6825
-5225
-8487
-7853
-2211
5916
5438
3869
-7880
8540
-8334
-5587
-2143
3361
-2682
2599
-3692
-5143
-345
-3223
-7118
8713
5770
-4382
4536
-4834
-9096
278
9971
165
-4986
7213
-8104
-4580
-7206
8634
-4900
-5655
-4935
264
8040
437
-8295
2841
-9512
7502
6091
1409
-7313
7909
6387
5567
-5464
-8857
6875
6839
2526
-3230
-6988
3621
9213
-8898
9396
-4362
-3866
-8204
-9871
3712
-4870
-4213
5799
2782
-1688
1126
-5340
-521
9284
6028
-3881
1302
4282
-9513
4078
-6740
-9738
152
5729
-5765
7452
8402
2410
7326
-1888
-8009
8100
7760
-8271
1399
702
-2460
2927
4202
5727
4974
9001
-3158
3852
15
-154
5493
3262
8247
289
1753
-1006
3536
8833
-6581
-2468
-5428
-5858
9853
-4608
-4908
5965
-557
385
-2393
-5750
-2227
3391
1226
4808
-6026
8313
226
-641
-9041
241
-262
-9971
4884
-2296
9547
321
-6389
7376
-8174
6495
3032
8752
-7599
-4184
-5941
-4972
-3296
-2414
-5011
-3327
5554
4487
-6704
-807
5673
-422
-9074
-8854
-3511
-3132
-4221
-4242
-7468
1318
7598
-8418
-88
-8261
3291
-32
7565
-7257
2003
-4965
9466
-7760
7938
8353
-1810
-6317
8478
-3052
-139
-901
8977
2044
-7549
-284
-7495
5901
-5263
4311
-8954
4624
-3680
5817
-6317
3086
1020
563
-1105
-7410
127
-9879
-6782
5839
8364
-1375
8698
-4506
-9917
-6555
-3922
-4021
-3277
-7899
3851
-1194
-8312
275
-3199
-1816
5623
-6854
-2259
6291
-2379
-7324
-5825
-2884
-7465
-6475
-173
-7137
-2601
9000
2840
7221
8301
4813
6843
-2201
3293
9715
-7245
-1194
-4572
-3577
4890
-8664
2768
7468
-5719
6453
-4276
-5884
2595
-9732
9479
-2339
7058
-6127
-5712
-4017
3912
8932
-9537
6517
-9742
-4132
-2164
4791
5983
-1355
3175
6826
-4578
-8662
9349
-1287
4024
-1342
7223
1070
7474
5317
-427
5739
-9831
-9970
1507
-2148
-3577
4621
-9444
8816
-2271
-8879
4194
8526
-7078
-2655
6716
-329
-3783
-2977
-2987
-8402
9803
1890
-3771
-8352
-8585
-3654
-3160
-8230
2670
-2818
7717
-6736
6297
-1340
2478
-2984
-9231
9659
-5148
9296
2138
-4902
4006
7562
-3770
8904
1380
-4470
-2852
4929
1112
-5117
-9035
1383
3003
1176
-8052
7939
5491
1511
-8862
8359
5106
-9826
870
5665
-242
-8729
-8592
-1750
3684
1227
3376
-7544
5262
7926
8985
-8750
9577
-7343
-8349
2957
-3756
3081
799
5389
-9371
6285
4311
-3903
8245
-871
9884
2844
4528
4833
1522
6660
2851
8075
-9202
-2554
-5421
-6371
-2170
1099
9671
-6029
-8762
-6725
-613
-8869
633
230
820
-9669
-2832
1489
-7116
833
216
3331
367
-4688
5669
-2191
-8042
-8626
-4642
907
-9769
5456
-9414
4961
4897
9786
-6554
-4395
3545
-7368
-9664
1566
2306
-6399
-6942
2048
8421
100
-7314
-3537
-1490
-6131
1588
8997
-8923
-4971
-436
4307
1884
6861
-7494
630
-5306
-1200
-5879
268
9669
-8670
157
-7923
9871
2305
9972
-2283
-6889
-8774
177
7653
-3879
6268
739
3316
932
-3228
5599
5897
4765
7018
-6827
729
-1854
-2219
1948
2274
-3909
-3497
-9379
-9235
8901
6539
8950
-1077
8059
-6007
4851
-5933
-127
-3475
-3262
4783
1961
-9925
322
2161
1891
1271
-3330
8952
7918
-2680
-5389
5588
-3034
9055
1758
-879
-5852
3798
-2607
-1613
-1690
-3159
-1738
-3365
-3599
-8550
-7264
2001
-2357
2885
-8815
-6237
9208
7309
-9206
-9664
-189
6375
793
-9304
8678
-661
-8640
1026
-2885
-9661
-7223
-2919
8606
-1515
-3910
9847
-4495
331
312
5735
-1181
3198
5931
-1188
8999
-726
1126
-1166
7449
4904
5881
-1779
-330
-807
1800
7945
-4958
-3759
-9433
577
-4220
625
-3808
-6895
7333
6988
-9221
-4135
363
-4832
-1643
-8240
-2919
-7743
-3695
-5626
-9266
6785
186
-241
3486
9043
-3006
-5131
-691
534
5912
-7714
2811
1478
-6373
5707
6690
-668
1457
5344
-8936
-7031
1195
-7400
-2136
-1540
-877
4292
5431
4460
-8430
5608
-6958
-6154
8940
7361
-6433
2455
4509
-1467
1451
7898
1032
4410
-2364
1197
9470
5730
-6182
824
7876
3489
5143
933
1073
-8091
-5916
-3610
6376
-3365
9790
-8990
4834
2973
-2851
-4718
-6887
6745
5272
-6027
-6553
3720
-9936
9922
9302
2628
7283
2522
-9877
-1984
5120
-4413
3027
4970
8445
-6444
-8693
5883
6093
-5923
-5242
-8043
2380
-4122
9806
-6048
-5205
7337
5158
4315
-8149
-5482
-2176
-1626
5131
-2116
4217
-843
-3055
-8938
5366
9773
-9490
8288
413
7130
285
-3749
6765
-3603
-206
6458
-266
-7699
-7577
-3352
-7927
-5653
-6084
-3621
-5022
9845
2590
9800
7944
-6505
1611
-6288
6498
3657
-6658
-2918
-2835
7320
-37
-2790
4014
3523
4736
8179
-3587
9351
9968
1927
9869
9048
-8701
8591
-7944
-6743
-4625
9990
7477
-9140
4254
-7659
4035
-5368
857
-8326
-8453
1733
-8052
5308
-6040
-8515
-93
6009
-3046
-123
473
3468
-9329
-2656
6116
8432
6416
7440
4620
-6724
6195
-8959
-1847
5482
9584
6647
886
-7347
877
7289
6117
6342
-5606
9372
-9256
9153
-3784
7972
4373
-9809
-7594
-3078
-901
3110
1088
3576
-6937
4790
7522
3525
-1006
2921
-5530
1013
-8905
3212
-8176
-9559
-4405
-3272
2954
64
-6321
-9936
-8871
-2490
-8298
4074
-1764
8476
2545
-5828
5278
-6133
-899
-1389
8461
-6359
1932
1123
5012
1679
3993
-7632
-808
-4479
1495
-8189
8656
-3863
-4967
3647
-5004
-1811
2969
-2463
-8769
6511
-9480
4044
8872
7274
-1702
6809
-8617
-1841
-4945
1140
3598
3644
3908
2006
-9513
134
-5590
-4003
9746
1824
-3137
-8848
7012
1233
2542
-3678
5344
2734
1161
-8894
4250
-59
2924
-8472
3129
-4242
-6767
671
3775
3239
-289
-9507
7463
7921
-1509
2722
7831
-9664
-3026
2032
5147
282
5533
-1422
8613
-3663
6355
4470
9607
8200
4704
5693
3720
2546
5727
557
453
5718
-267
6335
8567
5189
8244
971
-2746
3219
159
4500
-8162
-8256
-9366
-122
9847
-8413
5985
-6312
-3739
-6071
6024
-509
2751
-1155
-7118
-5122
1807
6731
2280
-4588
4612
9775
-4587
5605
5470
-6297
7337
-8016
-456
-369
1554
-601
2930
6558
-6172
7472
-1805
6098
9381
-3448
-8162
7669
4789
-4927
-6259
8049
-337
-6612
-7488
5863
8230
-8534
-5324
-8161
3348
-8216
-8929
1094
1631
-9250
5667
3057
-8095
3782
-1552
-3519
-4147
142
1066
3413
3774
4073
-9429
-1089
4194
9030
5614
6214
4995
5503
7473
-4193
9177
-9547
1712
6975
-6177
-7827
3573
3830
3960
-9800
-1718
-2937
4780
-5765
2558
-1616
5769
8094
2165
-7274
-6214
-2006
8667
6463
-6057
9546
9807
506
-5760
8517
-1379
5684
-9744
-4585
-9707
9672
-702
-4930
-5071
2911
-2625
-1205
-9431
9634
5625
8432
-587
2813
8236
-8945
-6405
4819
-2576
-7976
-1109
1249
8924
3072
-4088
5871
-1351
6251
6240
-3439
-1153
-3902
6787
-4968
1984
-6386
2959
5991
2000
-4928
-8793
-3641
6144
5108
5656
-4462
4666
9453
9937
3770
8201
8261
-2800
-9948
-2690
-886
7265
668
7672
-2441
26
30
7372
-2845
5570
2335
3701
9771
3580
-5995
-4931
4705
-2407
8119
-8675
1897
-7285
-4199
-4417
9068
-6679
-1713
7958
3802
6677
-739
3788
586
2035
-1069
207
-3140
-2728
-9984
8117
4252
9802
3824
-226
5486
-3240
-280
-5552
-1234
1116
7981
-5674
-5255
3972
-1371
921
4075
-9865
-4601
-8940
3597
-3199
-1462
3417
-8167
1602
2935
-4092
4360
6247
3421
-3616
3342
-1631
-1459
-1965
8953
9354
-2837
-2134
9950
-1782
8192
902
6037
-4716
4630
-2566
-8530
42
2956
757
7537
3359
-4748
1599
-6854
1482
8171
-309
-8769
-9097
4318
7429
-7648
-3616
2332
4183
3938
-1406
-1148
4491
-9299
6811
-3609
8570
-5065
-9434
-7160
-1434
5013
5875
-1106
-887
-8107
-651
-3840
-2863
-8516
-1818
-3459
-1118
6637
502
-1870
-1311
5997
2773
-7145
-9288
-3694
7319
3691
-4695
8396
-3353
-7729
-2102
-2341
4121
-9508
-1585
-247
6957
-4548
7280
-598
-1781
7844
-8402
-9429
1686
4865
7313
7720
-3516
-3904
-999
-1720
6322
7539
6711
-3159
7413
-8303
6594
-1889
2910
-3818
4359
2348
-9632
8220
7399
7727
-3639
-8289
8044
-4347
-6046
-282
-3434
-5634
-8774
8639
-5309
748
3328
1100
-5354
2652
-8020
-9220
-249
6605
6884
-5157
5721
-1541
9608
6383
3639
-3491
8589
3233
-9126
5429
-8661
2233
9885
6038
-5661
8044
597
-6163
-6031
-9182
1186
-7305
-4342
4823
9000
5290
-1407
-523
1324
98
1778
7209
-1384
-4757
-4171
-5014
7823
-7886
-9148
-7645
6899
-7733
5472
-1981
656
6252
-2898
3864
-6248
-4411
-4167
-8226
3442
4255
7609
-7676
-9676
2201
8368
-9702
-2267
2084
-9131
8685
-2221
5243
-7241
-8412
117
-2007
-9228
2241
8604
-7750
8116
5194
8599
870
8418
6900
6398
7253
1918
-4789
9520
-7281
7923
9472
-3597
8877
475
-4045
-2100
8115
-2815
-1954
7585
-3499
8451
-1889
-282
-3804
-6988
-2824
7759
3406
-8582
-4075
-7054
2892
-5543
-5916
-2967
-8063
88
-1698
-6436
-6115
8333
-6703
8002
-897
7748
7862
3163
-9242
-2202
-4752
-9331
-895
-982
2347
2300
5715
2628
7779
3902
6510
5442
6381
-5914
395
-7410
3639
2663
2888
-8470
350
-552
2706
-6254
-446
-4262
5672
-6825
6029
6748
4977
1759
-8733
-6292
-3432
-5252
-5971
1486
4715
1444
5478
-639
-9326
847
-3359
-7413
6786
-8694
-9265
-1212
-9726
-4537
-2040
6585
6628
5770
-2181
-5918
4424
-784
5763
-8058
-3807
6375
2602
7833
-195
235
8798
-6995
9390
-2099
6268
-9280
-3797
-5874
6475
-8870
-6142
-5112
3314
-586
-3594
-7865
-4631
-6294
774
3823
-8108
-5750
-2462
-972
-2981
-449
6196
8098
-3430
4400
1519
6865
7791
6792
5717
5824
-7611
2519
-4613
1136
4165
-268
-7611
-2497
4512
-4531
-8601
-4348
-2224
-4207
6657
-3575
9362
-754
-5451
-9332
-9279
9987
1030
-9252
-1056
-9396
8239
2548
-8216
6576
6484
-480
-764
-4502
2226
9339
-4236
-6392
2751
2153
1873
991
2140
-2890
6585
-2900
2953
1181
-5724
-823
9236
1555
1568
5309
-2119
8314
9431
-8087
-1768
8816
7356
-264
-7554
-2685
3590
8747
5056
3567
2861
4712
-4767
6073
7724
-5417
-76
1529
5905
7207
-4185
-2661
-2544
9393
6372
-4519
8900
-9791
-9422
1574
3263
-401
8181
1738
220
2254
-7447
-1646
-3703
1930
-1991
-3550
1919
7082
-8667
6199
7034
-9255
3092
8686
-435
1375
-4612
1781
6533
8084
363
-1941
2209
6867
-3828
9255
2006
-818
-961
5498
7865
8376
25
-6711
9467
616
-897
-7805
-3439
-9747
6271
-8552
-660
9691
2270
1187
2093
-4410
4339
-2701
6408
712
-2059
2604
5043
-8139
4722
-6199
283
-3409
-4450
-6740
8285
-5174
-2156
2593
-9350
3357
7183
9863
2315
2389
3486
-4814
-4078
7661
847
-7068
336
-3105
5104
-2648
-4642
-5072
-8338
-6048
1237
96
-4335
-877
-4563
-1986
1003
1536
186
4614
1493
2034
4334
-720
-3733
-1109
5810
9595
-6856
9759
5454
5245
5984
-8427
8932
7479
-1189
4345
-2640
32
-4815
-1916
1374
-6993
5537
1844
1359
1824
8927
-5762
-3720
-9133
-437
1103
-9204
4682
5986
-2994
1278
-5038
-1381
-1161
1986
1710
-4959
4569
-4990
558
-283
7549
-9031
-4591
6781
-6497
-2461
-8855
-7716
-9492
321
-6106
-7532
-530
4344
-8237
-7676
-1025
-2208
6361
-7900
2446
4461
9684
4760
4266
4057
7882
-5143
-6823
3937
-2221
1421
-2919
2522
-2823
-2145
-2769
-6761
135
2646
533
5297
-6399
-4160
996
-6919
2692
7669
5663
-7677
-1161
4803
7240
1029
-2381
-1473
8692
9269
6555
-819
-4499
5256
-6243
-7713
2848
831
2363
-5690
-4562
9255
-7859
-2024
4912
5132
1155
-2796
-7366
-8478
-4835
-6687
9871
1246
-2283
-3094
3415
7067
1285
7301
3530
6073
2502
8924
-7552
-546
-8277
-8418
-6309
-3180
-4937
1448
2622
9135
2049
3298
-5838
9578
4064
-6613
-398
-9155
1532
-3754
5406
2575
-2933
3208
6284
-4280
5219
2253
7542
-2803
807
-4306
-3007
4320
2458
3850
-3338
-1035
-3045
-4982
3854
-4765
-9351
-5618
-6414
-9407
-8421
-6213
-1418
1296
-9765
-4481
8696
-5950
3436
-2602
-8156
-4709
-9574
-7011
-2800
3681
-8171
5056
-3243
7072
8242
4986
-8734
-2237
-2045
8077
-6695
8395
9401
3485
-9529
3328
-8160
-9536
-9975
-7784
-6803
-8301
-5373
-1640
-3129
8564
-1236
5146
-3664
-6887
-1362
-1018
7122
9
7444
-2057
9237
-3006
3126
7604
-9495
8017
6635
3970
6595
6599
-4772
5279
-7700
-3566
4836
1121
-6044
-6704
9068
-7922
9847
8025
5994
4342
1915
8308
-4824
-8867
8658
-6622
4908
-9803
4018
-1417
-4981
-4367
7011
-4389
4519
7240
8884
3061
-787
-9616
8065
5887
-345
9271
209
8439
5789
4897
8066
-6017
-1948
3458
6107
7720
9261
-8329
3941
3489
10
9388
-6031
-7739
523
-997
-8315
5012
-9579
857
-825
-2139
4919
3012
-6021
-6934
1258
-4818
6590
-4748
5484
-1805
-2810
1316
4205
-7782
-5167
-4950
-3857
1323
5856
-1278
9412
8510
-8650
-8078
3950
-9284
9635
-7312
4352
2290
-9755
-4550
-2306
7933
-1440
-4620
-1344
-9978
-1140
3671
8180
-4621
-1421
7295
5113
8935
5915
2840
3469
4783
5553
-5281
7995
-3954
-7993
8086
-6979
-4106
-78
-752
8459
-1386
-3741
-3290
-7251
6711
6021
9184
6987
-5496
7101
-4406
4562
-2522
-3650
7596
-4499
-3031
-4062
-1130
362
1303
1598
2491
-6387
-270
-6018
4101
-9574
8443
-1224
1241
5603
-3419
-3168
4654
5435
8984
8169
-2992
7300
-438
-4744
8003
7335
9213
-5338
-7101
-4347
5026
4993
3599
441
-1136
7361
3304
-1558
9089
4946
6043
-2934
-1655
6699
3763
8313
-6081
-441
9962
-6514
1413
-4145
3283
9766
7592
-6252
-4581
2051
4478
-2194
5864
2263
-1494
-5354
-2899
-7562
8
5414
-3197
-6183
-2335
6259
8064
3153
-236
-8458
-435
7334
-9521
8541
8079
-7110
5908
5882
1249
-2127
8813
4024
5413
2096
-7249
2876
3740
-7950
7256
2073
-1556
-9014
-9124
4482
1893
-1152
-8631
543
492
-2057
-2925
750
-563
7944
2042
-6094
8658
2292
8863
-9185
-3706
-6941
1916
9129
6071
3185
-9150
3163
-1539
1744
-2076
3831
-7527
7263
-6825
2717
-8543
8041
6874
4029
-3144
-4747
3130
-8578
133
2039
731
-2800
-773
5192
5321
-7145
-1651
5960
6546
1030
-7791
3440
-5435
3664
-3700
978
-2325
5909
1442
-1505
1554
-9778
-9431
1257
-590
-8955
2484
-1402
-9460
-8529
-6293
4179
8370
960
-9851
7234
6087
110
7610
-2599
-5429
5933
6161
-8490
8864
-977
-2975
-1546
-457
6525
-8930
-938
-2443
7111
5533
-3502
7100
-6915
-9940
6324
-5370
-3293
-4332
-3725
3669
-7175
8837
-8547
-3790
2621
-6539
2383
-8872
-2424
-1489
6164
7703
-5801
-8571
-9642
261
-9932
-2385
7962
5926
-6054
6675
-4301
-5693
-5843
-2948
1324
-8903
-1320
-2145
3320
9366
1420
-6231
2414
3903
1901
-254
-2688
-5868
-4431
-7263
4328
-7619
-5546
8057
-2644
4763
4355
8421
1763
8905
-9044
5261
-8610
-199
-4128
-1666
-8694
3084
-911
-1384
3861
-9859
6892
-7623
-3502
5622
-7993
-9228
8477
154
436
-3522
7724
-4207
8891
2483
7870
-8450
-3215
-2877
7377
-9658
7780
-8060
1176
-1908
-1971
-2679
5431
6435
-1567
319
43
4734
-3611
-2034
5521
1274
-498
-7936
-2020
2200
-764
7769
3550
-9281
5502
6596
7703
-1074
-8971
6379
-3780
-1569
-2609
5829
-9494
7961
-1713
9360
-1917
-1389
3891
-9340
3324
-5203
792
-6026
9931
7861
-1832
6705
3922
9998
6066
-1765
9165
6375
-1739
6910
7637
-9780
-663
-7005
8292
-9773
7062
3496
9287
6342
6995
-2879
5108
5381
-7185
-8339
853
5376
1502
7286
9052
163
5173
-9678
-5633
749
-1200
267
7465
9053
-7514
-7223
9597
8195
-5640
-9522
-6701
-3410
635
6733
-5952
-2520
-9728
259
-9409
9929
5775
763
-8869
-6781
281
5326
7271
-1537
-548
3654
517
-7423
-4617
-8249
-7551
7733
-2910
3820
1118
-2064
4638
-5860
3628
-4931
-6101
-4258
-3467
-571
1785
-9555
-1946
-7493
7420
-8308
-3131
1894
2813
-3750
-9303
8709
-4223
127
-6330
-3643
-2664
1918
-5166
1505
7900
4351
-3563
6180
2151
-6470
7135
-1645
5234
7226
-6456
-4011
-9870
-6428
326
-5334
-6325
3322
-8041
6423
249
2508
5184
-1958
8807
1246
-7081
-2115
-8726
-9673
7471
-5148
-8011
3221
-3316
218
-9773
-183
-2533
-561
5808
6495
-474
6591
1913
-4478
-6466
-6292
1984
-9625
4875
-8134
9784
-5583
5092
-8701
-6955
5068
8566
4477
268
-2115
5884
-7256
6834
-5550
-590
-1460
-8675
8118
5604
-165
3017
9475
-2451
606
5923
-2402
6670
4136
8673
-3770
-35
-173
-8594
-8155
-6903
-8344
2961
6090
-5288
6340
7857
-930
7737
-3474
-854
6323
9972
-6882
-1909
4385
-2233
-1378
-9576
9873
3161
-1040
7249
-5208
1811
621
-5866
-3045
3720
3593
4126
-7663
-3009
-7663
9646
-3158
-7832
9359
4171
8086
-2642
-6667
-6631
-1995
-1696
5925
-8346
1094
-9220
-2596
7307
-9111
9147
-7279
-5783
1286
-3286
9572
-1031
4400
-4579
-6446
4248
6360
2738
-8853
-8557
1546
8352
-62
-8267
8464
-9514
-2329
-160
8896
7954
-5410
-6835
-4949
1745
7689
2596
5246
-4999
364
8853
-1734
-182
-4580
-6115
-9767
-5926
6151
5574
6100
5713
-3033
5853
-8111
122
-9059
-6358
-6341
6842
6600
2909
-9586
6455
3011
1883
1091
5051
-7633
8738
-9511
3698
-3802
-9019
-3766
2833
2004
3956
8127
1657
-6241
-6824
-1024
-6149
2282
4579
5957
1962
9132
-2105
-2588
590
-5710
-9931
-2956
6543
-8131
-7759
-821
6862
-9498
4942
6646
4431
9163
1552
-7201
3305
4986
7843
8590
5350
-1832
7322
512
-8086
-3865
-2595
2180
-2145
-5638
-5043
5664
-2803
-6979
8555
4957
-8
-2835
1960
-7094
-7402
-7876
-6160
-7537
-6060
-2171
-1529
5627
9855
8757
2492
8118
3078
5696
9264
-3181
2177
-3291
-1309
953
-6828
4230
-95
-2599
3998
-804
8147
-7964
-9674
9658
-5264
-3105
9092
3392
4603
-2106
4549
5439
2703
-5227
-3447
-2580
-9424
-612
-7086
-1627
-798
2506
-9096
-4459
-2201
5601
-315
8299
7855
5582
7677
-1355
3930
9589
-4017
-9999
9768
2382
-7035
4209
572
-1048
-8738
-6545
828
-1604
-2445
88
9150
-4931
-5158
-7001
-2237
-6230
8133
-5951
3617
-8903
1553
-820
-6757
415
3357
2523
-9711
-3378
-2392
673
-2878
-3797
-5887
2498
3224
2968
513
7485
-5637
-7314
-9445
-1780
-8297
3778
9856
-5788
-1427
2282
3094
-2711
586
7812
4746
2010
-6575
-781
-8392
7128
9930
7641
-7488
1704
1611
-283
-7894
-5472
-3379
-2633
-2117
-3034
-3876
-1492
9540
6476
-3757
-4980
2335
-1501
4346
-5697
1787
-4174
-7028
5464
3832
3574
-6983
4160
9331
5714
-7505
8304
-8094
-6491
4771
2809
-2075
7856
-9199
-6663
-5455
5677
2179
809
-3267
2030
-9846
-4223
-8714
9968
-6168
-140
-1506
-2883
-7332
9082
4909
-7384
-9347
9302
9108
9422
1796
2297
-3184
-3224
-7431
-2334
3393
-9714
2820
-2361
-6768
5988
7477
-2307
-183
7221
5233
-6375
-9371
-3894
-9494
3014
6558
-7522
-8539
4504
9628
-7519
4386
-6730
1979
7678
7502
5792
8925
-5673
4696
-8892
-4941
9449
-722
5802
-1109
9321
4352
-4368
4684
-9854
1179
6901
9982
1358
-4342
4369
1804
-2723
948
4516
4355
-5930
7421
4071
1088
6729
-631
-9055
4188
1794
2541
863
2462
-6351
-6029
5860
-976
-9447
-3876
1069
9061
-3623
9494
6035
-8197
-7599
-751
-1158
5884
-3176
186
3675
9293
3530
-5420
-7000
5481
-5855
-8564
-3380
948
-5307
4162
-3905
6246
-9005
-4982
318
-2158
4583
5350
-312
8855
-2609
8787
7625
1711
-8313
-1003
8825
-1682
1861
3074
9523
-3727
-3861
-7215
-6342
9587
8212
7339
-1760
-977
-2887
-1710
6586
1743
-6882
-7823
-2823
7842
916
4918
-5721
5099
-1021
-8760
3366
1763
-902
9346
-5104
-4833
-5127
-1078
-2397
-8689
5561
-4135
8996
-4977
-117
9736
-4382
-4176
9256
983
-2874
-115
-5154
-8908
-5869
-4917
688
8051
5126
-4220
7497
-4833
6304
4007
9537
1940
8351
3830
4891
7950
6308
7367
6678
4575
-8946
-1823
-9988
-1487
-321
-7811
8452
9729
3341
4625
8010
3877
4989
2346
1997
-7974
-4498
3318
3019
-9923
2638
-1995
-8633
-6234
-7519
-9488
6804
-9839
-6439
2634
6446
-8885
5842
2500
-2467
7023
2530
3270
-6464
-108
-9710
7250
3205
-1282
3475
-3059
6633
-7663
5076
2966
-1534
-4429
-7457
-4155
8715
1506
-2297
-6115
-1528
1943
-3561
4640
-6269
-6540
2709
2579
-2130
6844
-7999
212
3218
-4071
9800
-9868
8181
410
5861
8626
-4174
-5943
7814
6144
-2046
-9867
7019
-9108
-4684
6501
1885
-762
2558
9491
8033
-8147
-548
-1927
8261
-1494
-9789
9525
-355
-6634
1382
-4221
-2435
-7066
-114
884
-338
-8701
9969
6003
-2273
4140
-6868
-1272
-5322
-5114
8791
3762
-9370
3635
-246
4598
-3772
8794
4906
-1610
7728
-4143
7812
-1578
4902
-2942
495
-3801
-2669
9805
9042
-5874
-5126
-6728
2655
-6331
4506
739
-7690
-8111
6882
555
582
922
-403
6484
935
7789
3217
-516
-2077
-1326
7918
-3740
-6399
-9323
3398
-7506
3679
3977
3536
-25
-2813
3758
-4218
-5429
4314
2480
-8836
-9182
9788
3343
-6992
-6455
3373
6352
1178
-2521
9923
272
5372
-3066
7290
6586
5214
-8564
-3003
-2574
-9465
-4214
-1557
-6249
-1106
-1842
-7781
2110
-2738
4479
8156
-6239
5380
7470
-6217
6705
6017
7083
-9607
5402
4745
2200
-3198
-8910
1443
9798
8512
1120
134
-4858
-4878
-3561
2004
9420
-7347
-9213
-2401
8422
6011
-2532
-6833
-6182
2815
4140
8699
6926
2567
3157
9260
-1217
-9670
3471
2686
-8240
1901
7891
-2607
250
-2213
-7046
-9698
-7915
7940
-2724
-8628
-2453
-4074
-6998
-7010
1770
4258
-6295
-837
-4972
-1706
-4391
8364
-527
-807
6041
-1322
6388
-3862
2875
-8838
2838
2537
-8768
-621
-8030
-5975
-1613
5356
5294
7597
-8096
-4800
-6866
-6728
-9589
-3342
-6804
-1172
-4225
4925
-4088
8840
808
2166
-231
-175
-2896
-7857
1572
-8706
1336
-9706
-8991
8504
3386
-5787
167
-8341
-6526
6373
-7560
4111
-6691
2896
-8195
-5513
1818
9290
-6457
1935
-6044
8280
-4412
8320
-9892
-1081
3958
244
-4863
-7201
-4667
-8108
2397
-6306
-5872
-2648
2315
5895
-5539
8490
-3178
232
6327
-3593
-2923
6150
-4499
-5094
-5750
780
7953
-3108
-8966
-3091
-3888
-1463
4144
-5972
-6584
-6842
7368
8681
9236
-2750
-985
6017
2553
-2466
3148
1500
7230
6078
-3002
3389
-5841
-331
-2207
5446
2957
-4974
3510
2232
5212
-2239
-2078
-4228
-7613
-3028
7212
3680
7775
3701
-4327
-5849
8044
-9300
1382
2442
6247
7435
-209
-5851
279
-5587
-8657
-3460
139
-9161
-4325
-4816
471
296
-3354
-2158
7178
8639
3851
7219
3861
-3978
-1765
-8956
3636
3189
-4070
-8167
6293
3371
8971
1974
1905
8792
3654
-3043
-3808
-561
-3454
2133
-1341
-1217
408
4010
1745
-4811
-8327
-6181
-4033
5078
9836
-3370
-1568
-2220
-5088
289
5504
-8603
9332
558
7116
957
3990
6085
9906
-3603
4868
-7596
-1149
8341
-2541
-5246
-6986
-9380
-4207
-839
7550
-4646
-4217
-5462
727
5656
-6913
-3101
-9891
-6521
9935
9015
9250
-5062
22
-4475
-5968
-7998
2812
6239
-2937
-2901
-8775
2017
-7436
6873
-8666
6949
-9348
9668
-1251
3206
5317
7243
7553
-2521
-5247
-2565
6051
3826
6633
-893
-488
-9797
-6140
-3598
-5996
148
-9361
6031
-9752
6978
8851
8354
6371
710
43
-9785
-6046
8548
-3567
3790
-3451
3951
-5123
-1526
-4407
2580
-917
-2334
7780
155
1849
-4814
9208
-9039
-8007
-6561
8465
-3164
5740
-3844
-30
-5040
-3400
9995
-2088
5245
-6589
-8877
-5533
-4685
8055
143
5997
6695
5926
4026
6821
-1982
2548
-7689
518
-8328
-7883
3666
9806
-7619
-5640
-5807
2753
-2939
2243
5514
-6121
-8703
-8400
-1700
4467
8319
8655
-7886
7788
5942
-7522
2781
7106
7978
934
-6212
-6766
7685
-1860
-7553
9284
7688
3380
4722
-5841
9910
-8054
3428
6531
5416
-9505
-5766
3337
8000
9984
-6547
1077
5679
5730
-5998
1332
-5087
6830
-2684
-3068
8090
-2414
5236
-9504
-65
-2843
-671
8143
2588
-2840
-796
-4465
-5975
-1390
-6413
-5682
-8415
-9477
-6179
-84
448
-3923
1783
-6942
8465
962
-1513
476
8282
-4115
-7425
7052
588
-1798
1574
-9612
3172
9532
-4512
-5576
-7909
-5173
130
-1724
7047
-3520
-446
-9898
-2748
-8618
-9397
8233
-403
9538
1043
-2975
5592
-9406
-2512
-5026
9191
-5834
-9022
-1365
2857
-6110
-1730
2275
5271
-5539
-3317
7387
1975
9893
-1092
9968
-2859
5223
-4713
912
9869
195
-6638
-8937
1642
6399
2606
3701
-7583
-9056
4119
-7502
5060
-6045
-6048
-2753
2854
7626
-2930
-4218
-7929
3512
993
-2303
1638
-3168
-5724
-2821
-5995
8089
-4890
4170
5517
-9950
-1344
4239
8757
-7478
6308
-9411
-3890
-8748
8092
3921
76
-8410
3015
9522
-3234
9558
2594
-3568
8910
6540
1
-2617
-6149
-8901
6265
4291
-399
314
-7350
5214
-916
8855
-5273
-5779
4642
-6990
-572
3515
-2868
-2189
4223
274
-9446
928
5473
-3758
-2497
6224
-4675
7161
-6978
4973
3602
-5236
-1638
7000
4497
-4295
-4086
-7472
5160
64
8525
-4781
9281
8233
1737
4371
1519
-314
8870
2024
1590
7301
-7271
4168
5707
-6561
993
433
-4662
976
-374
-5117
-86
6952
8347
4501
-716
8331
3636
-2744
-2777
9219
9750
-3273
-652
1882
-7873
-876
-4674
7933
-6929
1258
-8448
-6099
3201
-5307
6383
8788
6646
1752
-1171
-9813
-978
-4527
7875
-8699
-1077
-3740
-8143
-7777
3268
8758
-1268
-4768
-6402
-3780
9334
7697
-7371
-3912
-7465
-9535
-4783
-5619
1501
8887
-4363
-5763
-6630
-8184
-9098
-2832
-5460
9569
-8595
-178
6647
5315
1466
1112
-9468
9354
196
5309
-7074
2861
7979
9376
-8090
4109
-1134
1712
-1091
-750
8031
1786
-4921
-3570
5232
-9641
8121
-7033
-2421
-7320
3952
6775
-3409
9425
8839
-1701
-7614
28
-1501
-9741
5448
8165
5180
-5081
9526
-8853
9504
5503
-4916
-1996
-2600
-4363
220
1672
8783
1878
5206
-5530
6929
-8221
4807
8097
-9510
454
1755
-2608
3948
-9184
7211
2238
-839
7543
-9777
371
3727
-4292
-5587
183
5725
-1217
-6922
-1986
8581
3087
-1123
-9631
5294
445
9267
-6215
-4493
-4061
2529
5801
-3547
8924
-3741
2442
-8526
-2998
968
1984
8242
-1899
-463
7648
-7541
2371
802
5597
-3078
-171
1373
-8142
-6610
-4359
-6218
-3462
7157
-1848
2293
9238
-7475
9223
-9950
-1729
-8143
-4883
-1621
2415
-2249
8843
4367
3499
-5211
-372
1204
4246
9983
-2286
-9037
2859
-2258
-7134
-9497
-5457
9744
-8609
2481
2083
-8224
-7463
-9763
-7255
-5049
5338
-336
-7779
7677
8300
-1864
-9345
2846
5890
-6956
-407
-5339
8643
4969
2548
4289
6289
-8322
-4288
-2834
-9676
-1914
-37
1837
-1283
1338
-1702
-6604
-2361
-8794
-1880
-3063
-9554
2492
-156
-4473
6131
-9998
7896
-2130
150
-699
-9033
-5370
-3856
7263
-1505
8052
-4535
-8427
-1079
-7332
1324
4510
-7019
2021
6890
-1173
3889
2873
-4629
-3272
8492
-5104
-1422
8593
-5580
5195
8505
5075
-2633
4201
-9159
9714
8530
-5275
6130
3642
-6577
-1247
6173
-7413
6891
-1230
-1686
6873
-3912
3664
2289
-5512
-8626
-7327
-7356
2856
-3195
-6176
6665
3356
-9569
-4388
378
-4995
7472
-6857
7539
8807
6662
-7127
-9866
6811
-9327
-6116
-4508
-7515
2203
-8690
-7139
1864
-3002
9981
-7147
-4721
7735
7477
-5801
5455
5316
-9768
8818
6388
678
9015
4219
9733
-9349
8844
-219
6720
-4996
-7651
-9444
-6556
-219
1459
-9331
1820
8286
-9795
-765
1085
3947
-5606
-6303
-4257
-7576
-5836
8049
-1775
-8118
-9918
-3336
-4118
-5659
3040
-8930
3173
4845
5656
5873
994
7825
3751
6697
5397
6633
6119
2431
-1522
-3232
2692
1739
7006
-7329
8071
-7454
-2535
-8671
-6247
4185
4021
-1515
1197
-6688
2595
-1878
8778
-4481
2897
-1625
-2436
-351
-254
2570
5086
-9910
-3087
-9650
-5535
-1451
5474
-5446
-9495
-3352
-1004
479
-2669
-4577
6295
3233
1105
9581
-2040
-7073
-6674
-4174
-9885
700
286
-1102
2895
6249
7918
-7915
8100
-7623
-2413
-3878
-6729
3844
3661
-6940
1826
3549
-3345
1786
4486
7923
6022
8158
-9142
-1807
-6146
1115
8540
6956
5216
2416
-8507
4978
-8372
4049
292
9771
7926
9668
-9052
2153
2014
7693
6878
-3060
-5886
2374
7467
8586
7602
4826
5506
1491
-454
7253
-4319
8802
-2387
-4678
8943
-6809
-1272
-6053
9946
1221
-5781
8824
4861
4856
4985
7167
1844
2230
2107
-2702
7631
4842
40
-5780
9494
-5581
-8948
-1560
-6618
3835
1013
-7651
-2803
4622
1489
-3183
-3217
301
-6640
2973
451
888
8920
3588
-1879
3891
275
-3748
-4880
2624
556
-6683
2293
-3631
-3749
6735
9341
4189
-1503
5625
-9795
-682
-5577
-4001
5349
1216
8005
-4174
204
-1806
3694
-7893
1545
-8498
-5587
-1455
-9758
7697
-2669
-4584
-5668
465
-5134
-8873
9765
-7670
-7176
3007
-4752
5190
6300
-1148
-1676
6271
-7029
5521
1861
5997
-9568
8023
-6834
4611
3497
-5250
1244
2249
6284
-8418
-6983
5414
2067
5437
-843
2791
-3512
5636
-541
9395
419
3960
-8421
-6984
6955
-130
-8005
7297
-2339
-539
2317
-1690
-3703
-7089
4409
-3286
-320
-9425
-2397
6390
-2919
-2272
8565
2761
-417
-8123
9280
5694
7699
-6566
8497
4708
7664
338
5309
-354
465
7091
-8491
-6233
-9507
-7009
-3949
6734
1301
9738
5537
7886
5642
517
-2758
-965
7507
-3468
1686
7702
-6467
9112
1547
-7167
-2895
-4911
78
3072
-2797
-6565
7837
3797
223
9933
773
-7317
-5582
6278
-6862
-2485
2037
-4988
-3881
-9025
-2082
5989
-7916
1279
-1442
-8646
-1771
-5811
-9146
1250
-3549
3815
8278
-1916
7500
9823
1111
3524
3562
-9882
-252
-4952
-877
8351
3024
2773
-1179
8674
4450
-2923
-3954
-3415
-6876
9596
-7029
8909
-6904
-840
6932
672
9974
-9748
-5354
-3579
-243
1136
8324
6908
9120
-9209
-1958
-5114
-327
-631
5871
-8863
-4690
-4670
-1220
-3803
9462
3889
566
1181
-2298
8604
-8927
-9129
4626
-4551
-6261
5543
-2782
-8706
5825
6455
7527
6688
-2147
-9468
-2262
-394
-7374
-7377
4805
2179
6875
-2414
1050
-4582
8039
-1827
-5340
6303
6263
-2109
5042
3490
-9614
-220
5598
5716
-5479
-804
8322
-8791
-9446
3635
5214
-6761
-9627
1480
2366
-1103
5534
4535
8750
-9555
-7132
-2564
2753
-762
1334
-7284
-8060
-1674
-7945
4955
851
7782
-8833
-8248
2476
-1186
1426
4989
4695
1227
5472
-5755
7229
1570
-6333
9948
-4456
1108
-8286
-7585
-5693
-7233
-1963
3449
-9171
-8668
-4142
-7165
-8508
-3287
3977
5730
9521
4602
-5366
-2300
92
-742
602
8582
-936
-8499
2675
-8641
4437
-5749
-7312
-928
1476
-7340
9934
1032
-5817
-5570
6065
-1064
-2332
-9579
54
-7159
4103
-5881
2932
9834
-1864
-1240
-4729
2452
-7246
-4643
-1584
-2641
-3980
2877
8863
2895
2971
-5781
3523
69
-8023
4596
-2752
-8208
-2807
-9974
-6410
-7199
3740
9144
3974
3335
4664
-7750
6309
1103
-7783
-7693
-8319
2398
3999
-2252
4375
-9131
3554
371
2374
-6917
-5170
-905
-4900
-7821
-8653
8797
939
-9456
2604
9525
-4596
5829
-1686
-8792
-5069
-2953
-6281
6976
-2681
-2654
-6517
4768
6646
674
-3943
-560
280
820
8503
3885
4391
8069
9125
-3460
4472
1408
9541
-8887
8909
-4814
5968
4599
-2524
-7172
-7634
1395
6575
-4942
-5424
4038
-2829
8208
-7615
9267
9416
-3135
8233
-3904
-5537
8816
-8089
-4610
-2695
9400
-6515
-4976
-2478
4619
-8920
-16
4591
-1172
3780
5483
4747
3087
-2714
6033
-972
-7998
8320
-2797
-6152
-8045
-4400
-6557
-7899
-2069
-8444
-7480
8469
-7838
-781
-147
-883
6602
-5685
-2716
8536
-4774
2107
9372
-9884
-8066
-6238
-4418
4193
-1551
2871
2170
8587
-5249
-3742
-4116
-4138
-5924
2701
1396
3730
685
-5781
8445
-9856
9521
3882
-2217
1500
-2813
-1379
-9015
-9102
-2745
-9283
-8615
1323
-4587
-9204
-4237
9842
9543
2596
6902
-5864
-3113
4962
1098
5291
6264
3493
6582
8064
-3112
-4864
-2636
8765
2588
4401
-1511
-9692
6661
9927
1129
-909
-6558
2837
2776
-9488
-4930
5587
9051
-8659
5319
-8949
-5555
6058
-503
6364
-391
3285
395
3224
-2699
-6891
4710
-8249
-1554
-8949
3648
-5706
4240
-6090
-4158
1006
-6967
9421
-7484
9845
3040
3761
-2757
9962
5863
-2675
3261
-5320
4306
8674
4131
-6648
686
1810
3055
-8199
3677
-1345
-8824
-6166
8767
3565
-5471
-1542
9995
-8564
7504
2231
8605
-8307
-8416
-1058
4854
-2585
3950
-2845
5960
-3991
-2181
-2108
1860
2401
-8139
5339
-1594
-1308
8566
4967
2185
9637
6275
8501
-9918
-428
-5087
-3853
76
8261
5819
7542
7073
-9271
-4876
7424
-5877
839
-4323
-41
-54
6660
-5753
-3396
4164
-9331
-4950
7410
-5911
4242
7159
-8196
-8997
-8819
-9132
-6481
-9289
6844
1107
-27
-4612
2590
-9350
-3553
6023
7563
-6554
2115
-5454
-1614
-3951
465
-2514
7928
7982
1228
6547
-3058
-5944
-9852
-8958
6354
-9076
4505
-694
-1920
8822
-6903
467
2688
-8711
-5604
2637
-8776
-5519
-150
-227
-8477
8784
-1235
6237
4997
8609
4100
2155
-6742
-2253
3686
-8871
-6212
4933
246
-4584
1741
-8123
1636
-9175
3874
8299
-3281
-3866
-8958
-5173
-3159
-544
5311
2546
8978
5862
4678
-5142
2920
8360
2063
1181
7779
9320
-4888
5107
-2899
7186
-243
3765
2400
-2797
-6926
933
-4280
4038
-5238
898
3985
7461
-9656
5553
-8326
-5123
-3069
-1865
5900
-790
-6730
7067
1071
-4260
1614
5968
-9085
-8317
-2984
-5546
2594
1294
-4793
-7514
-2277
2702
-9403
2855
8679
-8251
-2403
-3700
-8289
7901
7434
-6603
-5266
7342
6822
-3653
-1931
8615
3161
-6285
4694
2802
8624
6151
2669
-6995
-1285
-1476
-2803
854
2058
-4136
-8258
-7872
-6399
-4107
8584
-4577
-4741
-1199
116
-6276
1132
-5219
5135
4654
5577
1646
5179
4360
-640
732
3901
1616
-5587
1991
-7830
5192
-2048
952
-6339
7731
-486
623
-5936
-3925
986
-3000
-9379
8746
-1322
498
6292
293
5638
2424
-5778
489
-9737
-2918
915
-1713
-6433
8491
8533
1277
4671
-5775
2793
3271
-8497
6946
-6400
-6506
-4440
3784
7320
3368
871
4498
7561
-9210
-176
27
-4989
-7375
4791
9598
3912
-7533
1696
2124
3733
-9675
3609
6080
9372
6910
8217
25
2310
3322
-5189
7693
-5552
4910
3403
-8238
-2919
-7879
-9296
-5104
-3682
3153
8445
-724
-3417
-1803
8763
-8576
-924
-6563
-3227
-5179
4675
7292
-923
9853
-4834
5167
1012
-4333
-8025
4445
302
1845
-5453
-8843
-3880
-6333
-6003
-8635
9994
2101
5710
-8298
-2999
5418
3066
-9320
1547
-2954
6957
812
-4263
-9192
-8336
605
-9076
1446
-5356
-7773
3123
7562
2620
-6353
8038
-9906
-6086
-1716
-158
2412
-2362
745
5146
-5259
7892
-8142
-5119
-8932
4665
6290
781
-6253
-6913
4288
6842
-8199
-7055
7332
-509
6192
-9236
-8965
-3111
8669
-5463
-7523
-3117
-8269
-338
7840
4652
-9696
7120
-1032
2473
-9433
-6219
7663
-7323
-1341
-3017
-9690
-1023
5386
608
6539
-3376
574
-1522
5314
-3669
-4070
-157
8251
9140
5162
-7705
-1528
4624
-7488
459
-9056
7726
3528
2723
-1528
2906
80
-7721
-3025
3144
3566
-3885
6589
-10
-2628
-3811
-2983
6538
3887
1439
-6626
1607
-7047
-4220
-6481
-9386
7344
-8703
4331
-12
4596
5688
-523
-8427
-6137
8856
-2879
4075
-5420
8657
8029
8193
5745
-9603
2081
8700
6154
-9268
-9642
-8205
3529
-9503
-8297
-5127
-7573
5140
8307
9910
3481
4672
-176
-9271
-5923
3535
7403
-4384
-7306
3038
-3747
-6271
-9780
-5164
717
2745
-7044
-5377
-1465
-2535
-550
7008
-6713
-7382
6700
1012
-2690
-8481
3236
-8080
-1869
2451
-331
-9095
-5920
-3296
9442
5193
-362
3815
-6775
-9894
-7749
8667
-832
659
-1413
7346
-2227
-8370
2403
-4623
-5228
-1249
658
8711
-2399
8680
4293
-8335
-4608
-2992
-9733
9541
-7976
-5544
6844
-9613
-7608
-5696
1172
-9956
-7294
2312
2205
-6417
-783
9712
9895
-8907
-1145
-6325
-5060
-9548
8531
5981
3018
-2305
247
4454
9549
-3877
-8486
-4582
1914
-7752
4270
-8207
-3537
7748
4822
-9339
-6693
4361
-9593
5734
8695
-1610
6415
8713
4415
-5785
1663
1115
7491
-1002
6663
-4944
-2442
8166
-2319
-3432
-5440
-6327
-7730
8834
9696
3065
7576
5907
7826
1596
8538
2420
3503
-4491
-7812
5764
-2664
-8814
160
-1860
-1091
-2011
8567
-7219
-8220
5468
8249
1884
-6599
-2388
-5285
8633
-423
-7953
-8268
5538
-6857
-3792
-2231
-2489
2585
-5816
-5281
8057
-3346
8096
-4465
5002
273
-3704
-1966
8467
-8128
1400
-4409
-4480
1082
9014
-963
-4368
2121
-6376
-4302
-4265
5993
5018
1398
-3112
-6375
-6989
4795
-8186
6589
1866
-8898
-9466
6938
-7009
6420
-3599
-5802
9624
-9432
2494
-5175
5375
-9172
-4205
-6681
-3178
-2086
7116
-295
-1819
-2969
-555
6783
4232
1523
-4873
9526
-4498
-3394
4593
6698
3991
584
-3029
-1852
-2060
-8594
174
-5433
8007
-8703
-1553
-8068
4578
-5000
4663
-2419
-6433
3103
-3749
6882
5748
9309
-5241
3812
-6126
2052
6857
6212
-5171
4787
-7519
4921
8132
5005
3386
-2458
-4726
-5672
9364
-5384
-4909
-1877
4934
7118
8747
-1615
-7850
9012
1261
-709
-7816
3285
8431
9003
2905
2640
5387
1995
-3795
4758
-7710
-6520
-1411
-2914
2942
312
-2388
4443
-9725
-2340
2434
4953
8598
6294
-4755
-5930
9560
98
-1909
5170
-718
-8375
-4833
6306
-9557
-9103
4442
-8933
7970
4920
5382
-1057
2155
1077
-5991
940
2502
3502
7053
9201
-8421
2357
2552
3463
236
945
-2634
-4401
1062
6945
9941
-6195
9979
-5885
6145
2798
3287
8781
-4459
-8556
-4264
9477
-8892
2844
8074
5856
-1268
6183
9747
-3472
-9595
-9084
5374
6952
318
-1735
3957
-1546
-644
-7732
8296
4278
1771
1826
8755
-8464
9003
2836
4953
903
992
-2977
7174
-655
1902
-6981
6447
-4743
1815
-1807
-8669
-364
-3641
-9655
1080
2472
7702
-3812
5571
-6199
-6382
6587
-59
-562
-4848
-7928
-265
-760
-3806
-4646
5674
824
-468
-3919
6164
-9672
-9950
2352
7053
-2029
-9788
9802
7853
-9557
-5160
-3225
9000
-8017
3417
8626
6715
4247
3050
-2809
8374
4704
3999
2653
-4402
3364
-9534
-3786
6819
8293
9378
-7108
9550
-1510
8251
1532
-5440
1102
-6229
7003
-2757
1858
-9931
-6339
-9391
5765
-5935
-1323
-4853
6107
-4822
6189
7376
-8252
8947
-6582
2577
-2399
5307
-7018
9568
7507
7183
-2911
7820
-8364
8924
-4352
1690
1634
4076
5467
2328
6737
-1307
-2422
3416
-5480
8799
3709
8188
9300
-7490
3152
8092
-100
-661
867
4913
-8721
-8477
-8382
6439
5629
-6727
6209
3105
-2974
3042
-6860
-8233
7521
5449
4683
6489
-4551
6611
12
9397
4729
-2108
-2352
1810
3861
2398
-6368
-5212
-4893
-3179
-5398
-2509
-4543
-5055
4978
3905
-7501
7718
-3425
7183
8373
2009
-4306
-7198
-5584
677
-1343
-4861
-2909
6518
9726
-2507
-4754
5676
-8478
371
2574
-9756
-8487
-33
-8021
9226
3954
1248
4158
3830
-936
3237
6370
9183
-1668
5479
3069
1211
3847
9626
-1076
4848
2198
9810
-8061
-7705
-5623
-1188
-1999
9092
-956
-1154
-2433
3398
-4934
-5071
-7318
-6687
5607
6968
-4668
7786
4830
9469
3218
4091
9539
8523
-7700
60
5002
-170
-7758
-2489
3549
-942
-6021
1486
6054
-9346
8145
-5245
-5956
-3084
3305
-2210
-4800
-8701
-4019
-4035
1550
-5020
7603
9538
-3474
-9871
-4664
2858
-6383
-4194
5203
-3947
-8167
-2689
7691
-1716
-6707
901
-6222
-4620
-1326
3372
8426
-1282
-1659
6427
6837
-7900
8267
1505
-8287
6788
9867
-1599
-2848
-6028
2287
5699
-5377
-1352
-6240
3631
-9904
1822
-5228
9289
5332
5820
-9456
8700
758
2686
-5190
-1032
-3386
-4862
638
8705
-1587
794
9362
-6448
-4187
421
9079
2248
8993
9247
3443
813
3112
5597
-9880
-4173
6131
2942
-4926
-4819
3830
-1281
6910
-2251
8908
8603
4833
8965
-3944
7684
8307
-9057
4879
-4966
2126
4181
7289
7620
-7854
8014
-3540
1443
578
-430
7441
-3426
-1834
-222
-6353
-2696
-8034
5124
-2733
-6252
9320
-5329
-6646
8624
3188
-54
6033
-6802
-2356
-7591
3928
8765
3773
3105
9547
838
8830
-3856
-9017
1331
1124
-590
-3509
-4830
2861
84
-8358
1460
3204
-3700
7254
-5459
-5240
-659
-2944
-1417
3249
6781
7006
2035
3832
-5534
-2881
-9217
1577
-6544
4658
-6302
-8655
7477
4501
2146
2160
-452
-429
-2921
7748
9108
6022
5954
-895
-1858
-4065
-1563
-9637
-447
-5203
-8372
-8802
5296
-7011
5090
1742
2364
2441
-7575
2851
7640
5445
-8598
7843
1848
7602
-5715
4338
-4379
-276
-4794
-8899
8836
3495
2129
497
1386
8612
8879
9047
-4108
-4780
-3210
5390
-4542
-2833
-6198
4974
-7718
6233
-9650
-3740
2987
-8609
1233
1727
-5444
-2835
-3015
-2433
600
-3213
-1873
3839
5962
8275
-3597
-368
-9330
-4161
7044
-3659
-5590
-8307
2370
-3862
-8488
9825
-4565
-5544
-9530
-1373
2344
564
9310
-8987
5904
6063
5036
6225
4299
868
5982
9110
-9578
6537
-8751
222
-5592
-4811
4748
9901
-3428
-8273
-3721
-1677
8334
-9478
2912
1482
1962
3467
-7777
392
-4024
3280
6639
1163
2716
3724
1914
-3743
-4465
-2683
-572
-4425
-4403
-4904
2679
4730
3249
63
-4655
9053
8402
9695
2880
-270
-6054
3805
-9457
-5735
-8010
-6951
-2274
-7515
-3799
6011
8447
-5771
-7299
4580
-3071
1065
-154
5889
-4720
9375
5814
539
-8708
8092
-3716
5099
3420
2141
-1337
2598
3143
8442
-6673
-9053
743
-8788
4403
-193
7530
-4398
1586
7558
-2839
4536
2720
6139
908
4107
-8432
-9372
-6164
952
-907
-5602
-1285
4515
2098
9140
4804
-7785
9226
435
-5490
1613
8184
5141
-357
-7014
-5340
9278
-6136
-5684
1121
-9334
-4560
-7111
-5669
-1905
-5368
-2724
-757
-2844
-8113
8293
-5448
7152
7450
-3439
-2634
-5884
-629
4559
-6367
9490
6508
2717
9039
-4952
7824
-2490
-2899
-9169
-5819
-5716
7348
-8926
566
7854
8428
-5389
-8749
9958
4277
-4039
9327
-3949
-6257
9793
-2419
4979
2892
5398
8333
-8948
3033
3249
-2710
1223
7444
-2716
-7059
-3434
6354
-2140
-9633
-941
-4710
7045
6708
-1517
9408
-9555
3992
-8842
-703
753
-2722
-424
-5345
-227
5329
635
1134
-4725
-5283
-4805
4169
3855
3739
-1349
-3346
1877
-9910
6250
2765
-949
8526
-710
9849
-1078
6651
2091
-3535
1488
920
1646
-4471
-5827
3309
-912
5193
-417
7938
-742
-1105
6086
8959
9471
-8835
-6086
-1517
-5075
-4494
-1254
-4259
-2010
4144
-1530
-3555
5170
5502
-2676
144
1061
7271
4444
7494
-7445
628
-4286
-3222
-372
-4601
7088
209
4137
-8838
-4363
-7083
4821
-1921
-5088
-707
-2450
-5239
5015
-7352
-2197
-4020
-8350
3732
9955
-8250
9455
1733
550
-1080
5491
479
5716
2789
-4207
-7355
-141
8907
-2063
-6248
4478
-8207
1943
2872
4636
2495
1468
8506
-6392
-1771
4683
6762
-3702
391
5968
1195
284
7395
-5538
-3790
-7144
-8661
4336
4968
-6868
-759
-1475
7807
-8275
4771
6178
-8918
716
5236
2977
4880
-5839
7086
-5321
-7672
-8022
7468
-3451
6942
8614
4827
-9354
9593
1908
3614
-853
-1091
-1469
8534
4209
7480
-1371
2089
-8995
-3743
-2850
9440
-895
9137
-2699
6988
2950
-9441
-2980
579
5778
-2229
6049
3218
9873
-9692
-5112
5003
4212
-3019
8711
1244
3629
-3227
-5444
1723
1526
-230
7603
5794
5593
-5556
-3123
-5348
-604
-7615
-4976
5562
2298
5268
2302
-4217
-2832
490
7157
-2076
2059
5835
7579
6889
-287
-189
1331
7056
-1747
1576
-1310
-5311
-8086
-2085
-6717
3245
1935
-3196
-5243
260
9602
-8754
2371
4551
6490
3729
2706
6663
7200
-3087
1346
-1309
6920
4216
3434
-4217
-5774
1310
-1029
3971
-7768
-1976
5352
-7184
-2225
-9120
-1658
-2815
-6325
-7306
5720
-6962
-9079
4064
-675
1494
5356
3460
-837
6212
-7818
773
7336
-6475
754
-8393
-3108
2817
-1737
-1644
4646
1798
-7890
7
6676
9523
-4762
-5154
-8688
-8594
1036
-6046
-6316
-4881
-2362
-2029
1188
-4369
2346
-6561
290
5155
9683
1389
-1865
4766
-1425
739
-9904
520
9332
7374
-6618
-9628
924
125
2858
686
-3028
-9383
5060
7043
-3691
-6264
4313
8670
9272
-3081
271
8565
5445
6073
263
1083
-5071
7831
-3086
7205
-6459
-9885
291
-9464
-4205
3194
4040
4170
3865
-9856
-7012
3388
-7422
971
2386
-5671
7547
-2929
-3538
5417
-8694
5871
3577
634
4897
5725
-6489
7159
-8395
-6696
-6602
8493
-3600
8924
382
-4410
-8695
-751
3950
-1586
-5537
-1377
3026
-4385
-9731
-783
-1639
-5163
6153
-7029
6524
-151
7698
896
-5058
-461
-4277
5376
-3937
-1736
6638
-1767
-1366
3618
-376
-296
-3562
5356
-7224
5969
-1118
1390
1950
-5677
4055
4430
6612
6747
4877
1078
-3443
-4749
6978
9626
4205
2886
212
9560
1271
-8347
-2261
-6560
-2447
-9846
-8024
-6820
-6196
-391
3543
-5992
6267
1871
2204
7571
-5833
-8427
-9660
5229
-7581
-2317
4368
2167
-8902
9131
-6095
1135
6210
-2488
-9291
1648
1456
138
389
9815
2020
6840
-270
5299
-8938
-2764
-3985
2376
166
4332
8648
6813
3704
-6305
-9103
4823
-7541
-1745
9809
4588
-6107
-9252
4262
-6584
7724
3374
-3578
-9633
-9877
512
-5365
1897
5194
-6717
599
-6928
1557
3063
6896
9257
9797
-428
3346
2341
-725
5186
4042
-8793
6489
-3441
7916
-4094
-5350
-5939
2998
-5145
3975
-1663
-2349
6114
-2207
3693
2855
-6189
-5140
-7979
-5487
-2165
9715
-5885
1695
-7289
3902
5871
-8933
847
7191
-3198
9619
4266
-1502
-3322
4272
-1456
7428
-7227
5560
9772
-8959
8129
8062
-898
4222
3694
2059
-5648
2680
1051
9937
5359
4896
-3448
9934
-9280
1232
7491
5771
1469
3942
177
5549
4980
9096
-391
5260
3367
9221
-6850
-7761
-4279
758
-4415
-6272
-5375
-1127
-6195
-3473
7132
-5957
8967
-5506
-3664
1934
8063
4384
5593
4841
3836
-7213
-589
4780
-7981
-7617
5014
-9333
3160
7496
-8703
4599
-3372
-9477
9657
-277
8011
2423
-3576
3495
-6869
-7194
824
4080
-3736
-1869
7516
-4728
244
-3294
-3894
-6453
9881
6119
-7312
-827
5022
801
-7727
-541
-7688
1190
-8971
-8465
4169
-7645
5244
-6636
-3355
2836
7131
-9999
7522
-693
7546
5354
-5285
9522
4289
-6043
-5312
-8731
8272
305
-4793
3960
4028
7887
-9980
-1517
-4429
-7919
3415
-6842
-6007
-9853
4904
8285
6967
-4033
-3578
3084
-5944
9128
1160
6611
-8237
-5422
-4452
5642
6093
7681
7753
-403
-875
2381
-8676
4176
8023
6488
-7118
9465
5735
9048
-6279
-6557
-7650
6271
-351
-5715
3008
8677
-3929
5845
-4874
-5768
9251
2393
-8259
-8452
-7268
-9742
-5400
6926
5466
-5299
1963
-3196
4058
5327
5888
4775
9080
-4798
7423
-6063
3197
-8673
3413
3369
-243
8646
-804
-6846
2722
7265
-8326
-8774
2861
2794
586
-1044
-9630
4533
-1932
3499
-424
-218
6620
-5816
-7627
1182
-8332
8747
4861
-1198
-3397
-4131
2762
3447
6138
-3266
3947
-5391
-6981
7567
-2189
7509
-3770
6634
1583
-4395
8441
-5555
1264
-2590
-8466
-3288
-23
9522
7623
-669
-1348
-3972
-7352
1917
-786
3506
-7295
3018
3124
-8226
-3954
8026
-5325
2368
-6245
-9198
1529
5448
6137
5195
7434
-8136
-4884
-7322
4438
-2289
2314
-2156
8481
-1291
-691
-3289
6062
2623
-3605
-535
3302
-2917
-3196
-169
6020
7863
7454
-2694
-232
5863
4029
-4153
-115
5703
-3047
-6276
8929
190
7219
-4714
1797
-7372
-2515
-4484
-9497
8555
492
9795
7874
-261
1653
-7965
7311
8411
1880
4611
-5552
-7170
-203
-1585
7159
1449
-182
325
-4995
-375
271
8813
2033
-7523
4938
-9808
3844
-8897
-7306
3720
-41
-196
-6920
7722
-4893
-6840
-7591
7758
-1533
-4661
-5889
6430
8322
-3097
-7395
3152
-3120
455
-3434
8911
-891
4892
-2533
6203
6288
-7569
-9397
-2523
4666
-1360
8639
3034
5863
5476
1062
-2863
-3993
8066
3255
-4142
6375
-7791
223
-2623
3729
138
7824
-5623
-8489
141
-9473
-3510
-7906
-2883
-8415
-3436
4064
-2377
-8046
7314
-2503
3588
8434
-9854
9398
3985
2084
-7765
1690
-7985
-4834
-8579
6994
-646
7705
-3209
-9022
2253
-6623
-2772
9403
-155
-79
2049
-5922
-8358
-6008
1235
-6236
-1718
-9394
8344
8098
7316
6443
1593
-181
-6021
-644
-8582
6481
-6007
-6015
-1470
-7329
-7749
399
6156
2592
1242
3953
-7670
3470
-9268
2090
1952
8327
3086
4355
1542
-1057
8287
8468
-7737
-9066
-390
-5557
-5445
6224
4318
-8653
7441
8537
-6658
5601
-2974
1654
1937
1867
4254
3326
6983
-6563
1958
-7373
-2986
-7708
5005
-7914
7645
-5299
-5970
-9524
2328
9873
2845
490
2426
-7078
5663
-2949
-6794
-2924
4066
-4893
-8301
-1237
6741
-6059
-6732
8883
-1792
-7174
-3384
4504
-743
-5782
-1747
1523
-7627
738
7362
7112
-1120
5349
-6182
-7742
5835
-9599
-6512
-3796
-602
-4995
1381
-3643
7042
8121
7825
61
6078
8758
-8872
9294
-1982
-9005
-4204
-4100
824
-1164
1277
-3377
-3311
-422
-1964
9448
4070
-6358
4738
2569
-716
-9448
-3055
2277
5819
1872
3793
-459
-1038
655
-5826
8033
-1338
8002
341
-4859
-5587
9924
8602
957
9827
6853
-654
-6472
7741
-5207
-1237
3421
7856
-2338
-4455
9397
-4641
4003
1827
-2537
-2292
-9961
1863
2327
5938
-5540
-1102
-265
4448
-4821
-1375
-3954
861
-5130
-2537
4443
-4541
-9634
4486
2962
5027
-5941
-2612
-5998
3660
7077
6995
4081
3321
8037
4375
-8505
-6304
-4692
5888
5839
1190
-2065
261
5200
-9967
-665
2598
3613
2507
-8467
-9795
-336
-4180
1181
-8971
-9374
4603
471
3101
-1545
-1645
-7234
9955
-909
-1606
1761
-997
4292
-1106
-7862
6302
871
-9152
-8586
6751
-6977
-9473
2537
-6083
5586
-9472
7283
555
4210
-4163
4243
2581
-8598
9959
-3721
-548
-3748
3476
-8435
2514
-2549
-2284
-4129
7341
-2105
8780
9803
3207
-5182
-7292
-8263
-7295
2409
116
-728
-3121
-3457
7529
2246
5169
8938
4506
2250
-6996
7785
-6278
4514
-2341
8164
-8083
-1930
6535
7240
6868
8216
1238
8888
9216
-7002
473
-7181
1269
-8540
-1049
6116
253
8967
-2555
-8835
-687
-9604
9557
-8538
8588
-6329
-1819
5408
-7245
2873
8010
-77
-9131
5641
-8477
-6554
4034
-9739
-1728
2289
-5052
3040
-8388
-6220
9027
-2693
243
3209
-6469
-7060
-9046
9376
3903
-9760
2118
3224
-9030
-3148
-8409
-4819
7008
-5227
2893
8534
8166
2911
-6657
-3615
-281
-1484
500
887
-1040
-8600
-8616
-3720
-4666
5185
-4452
-3278
-1069
-3359
9131
-1447
-618
4380
-1737
-1852
-5817
8633
-658
-1803
1284
4944
4557
4083
1291
-2260
502
-7234
4116
-8180
-2976
-1344
-976
3957
7645
-7323
-5696
-3479
-3105
-2868
1175
-3501
2405
9572
-8019
-623
3222
-262
3841
2323
9384
2674
-1955
1378
8914
166
-1650
6266
2155
-3277
-3834
-8963
916
396
5322
2687
5395
-743
801
-6612
6584
5037
6011
7997
9641
3497
-7862
7613
8708
-5527
-9147
5348
2559
4296
-4891
8587
202
-4728
8515
5834
6266
-8864
-2491
-817
-2865
9104
-6774
612
-2053
6364
3091
-4853
-3324
1611
4514
-9630
-8374
-229
-8636
-4607
6247
-8863
-8685
2632
-1543
2592
9196
4599
-9065
-314
1306
6676
9690
9994
8483
7483
4061
6257
-8510
-6296
1226
-4659
3275
-5534
-8065
-8476
5244
-5475
-460
-7342
3197
6240
-389
-3229
3268
-6053
1677
705
9976
-6517
4244
-9434
979
-3847
-8825
704
-3022
6992
7879
-4806
-7908
-2062
9668
-5448
7180
-5790
-7265
6819
-3077
8254
6823
-8141
5644
-2963
-9151
-604
-9203
8817
-5449
-2212
-7579
-7681
-6669
6707
-3388
-4694
6618
-787
-6138
-8938
-3091
7129
-190
-8023
519
8204
7762
-2438
988
4093
8838
6073
-1060
-4201
3596
-8861
6593
6724
7224
-1848
9726
6621
8112
-2959
9200
2936
9380
4685
9033
2429
7228
6675
9010
-575
3101
-8276
-427
2641
7828
-5069
8885
-5960
5076
7986
-9050
-5046
-131
8421
-7714
9753
245
-1783
-3460
-8680
-87
-7989
5947
5032
144
-1300
-1930
6019
3360
1803
6734
-6844
9095
9408
9319
7054
-5704
7005
2432
-3866
-9423
3087
-4930
1977
8116
-7624
-1523
3157
-2199
-8246
7583
-7529
5160
-8615
-4537
9650
-4255
6156
2406
3189
6910
-8287
9986
-968
8320
-4454
88
1360
-3092
-6217
6516
7237
7961
495
-6602
3114
-5020
5450
-5193
99
-7939
-1995
2119
5633
-9894
-753
8322
-2367
-2779
5094
-24
1155
-862
-1266
-163
1821
-9101
7889
8988
5719
-6198
-2886
-2252
9558
-757
7662
-7416
5920
723
-426
7537
9702
-2953
-4380
9456
4391
-8274
-5050
-5844
9835
6998
8123
7986
-1901
-5552
-5105
3362
4228
-2678
-8414
-8248
-1638
134
6808
1435
2329
122
7376
-3926
-897
-4020
3093
-1744
3953
211
-4703
4453
-2796
-5388
5106
-2573
6635
-7277
178
-734
-609
1745
6895
-3883
4867
-3458
-5075
7440
-4050
3521
-4094
427
-8519
-837
-2334
-3790
3343
-1648
896
6991
-547
2456
-1901
620
6596
-4104
-2347
2453
7541
-9022
451
-8341
5750
6976
-3403
-7681
8048
-6211
-8041
-3382
-2117
-3083
6278
-9283
2598
8611
7972
2420
-4132
-2278
8841
4711
-1434
4210
2001
5425
9328
1892
-115
-4816
2828
-9229
-1643
-8102
2316
9572
7413
-7097
-4957
-9207
-9057
-5411
5862
1584
5329
-5824
-9064
-5952
-5772
-7039
2536
-7923
-3185
4774
-1651
-9592
7169
1402
8634
-653
-7017
5560
456
4477
4376
-5906
-4413
8606
-1341
5375
-5672
-3679
5925
-2503
765
363
-2104
-4381
8584
-7257
-8493
3107
8814
3180
419
8889
749
-6745
-3953
1993
-7183
718
-4471
6151
-6580
3712
-8462
-8454
1932
2933
9198
1568
6418
-4088
-7521
-8437
-8370
417
-6620
7065
-4842
-6929
-2969
8062
-2212
1272
8852
2896
-1423
5958
5596
5332
5096
-6377
38
4326
6255
9775
944
-6039
-3698
8208
-5043
-7544
-4277
-2633
-1635
-1913
-7415
7079
3438
2432
-1130
1523
2424
8627
5718
6311
9422
2172
2034
-7230
-6238
-1316
-3530
8062
6599
-5755
416
2790
-874
-6562
-3102
4652
-851
6263
1466
9033
-3309
-961
-4102
349
-9306
-2774
-5391
8383
-9791
-1587
-2248
-225
6777
-9219
588
6824
-3692
-3218
-6914
-3861
2806
-9085
2267
7965
4248
-8072
-372
7874
-3405
5561
-6337
5149
-3277
-4173
-2090
875
-6434
-3777
5169
-4362
-2772
9950
-1984
382
-9872
7782
-9802
6466
1241
6189
9511
-5579
2866
-1424
8088
-9147
5908
922
-9702
-7881
-2857
-84
4317
-227
8803
9486
-8355
-1367
2
-7587
1595
-306
-9922
-9681
-3275
-536
-6292
-6817
9014
9082
-7941
5225
5080
3889
5167
1400
3440
-3579
4609
119
-5369
4065
-9300
3739
-5451
-1858
9921
-4942
-1704
-6948
8970
-3134
-6576
-6081
9994
8700
2531
3903
7001
6304
4710
-8230
-2511
-1962
2343
5251
4846
-6953
3198
9292
-5067
5657
-172
634
8360
-9549
3743
6919
-2381
-2728
-476
3746
524
-6343
-209
-9855
-8250
-9307
-7149
1551
-851
-8075
7555
-2479
-9069
6336
3451
-4317
8002
-8191
-4017
9299
-1603
7884
-5178
3085
-1493
-4758
-9975
7411
9187
-6644
8282
109
2712
-1916
-8040
-5518
-8504
6514
757
-6254
4532
-7556
735
-707
9163
-1116
2753
6124
1614
-1435
-4755
8831
-4346
-8859
-9894
-8314
914
3774
-9140
5478
-2113
5962
5396
8944
1751
5054
-3235
3752
-9720
7075
-1220
493
4830
5401
6789
3498
5834
4354
-2110
2410
3441
1637
-1825
3843
8696
284
8937
-8244
2224
2947
1246
2675
-254
-3935
6575
-415
6233
-8041
-7017
-3816
-3296
2975
908
-9173
2747
-3114
1262
-2872
584
-1672
3151
-9055
8980
7056
-4533
383
-2336
9802
-331
-1894
3907
-8993
-9252
-3081
-1097
5825
-1376
-9122
-7711
-6682
9961
-1091
4112
1490
-178
8301
599
9606
-7310
2805
2327
-1546
1723
806
4593
-8314
-1444
-2651
8861
-6105
-3059
7300
6929
2540
-9673
7910
3092
842
-2893
8089
-2617
-5799
4344
6935
7170
-8145
-6189
-8950
7906
7343
-8475
7960
7267
-3286
-6527
1284
836
-9440
-5064
-2070
-9868
-8908
-9293
-5886
-2812
-1830
5687
2007
-2946
9388
1368
-7551
-4131
-9844
9440
-7102
-1745
8464
9247
3086
-1986
6976
-6037
-716
9247
-458
-2692
3485
1652
-2112
2996
-8154
2467
-6908
-3552
-9863
9039
-9535
-5120
-5166
9385
-7542
-8738
-3435
-8730
2459
-6773
5620
2871
1374
1489
4296
-360
1664
-427
7993
-9831
-2799
-7904
-1387
9821
-4893
3825
7731
-1437
-9392
-299
6576
679
3644
-7430
-3664
3198
5709
-1254
-8591
-7857
2067
3514
6065
-1925
1010
-8467
-4803
316
-1959
3686
9026
4122
-7941
-9501
4211
3263
-6880
3689
-8285
-5208
-8565
-789
-4671
-9648
5722
1597
-1266
-3014
-218
-1247
382
-3673
9754
-2566
-518
5885
-3213
850
8204
4051
4821
-7761
2104
-7808
8304
-344
5161
-757
2715
-4368
4451
-2396
5206
4582
-6544
-6065
-3596
681
4781
8652
-1909
6270
-2047
-5581
1128
2859
-3555
2798
-112
-5443
8066
-996
-4556
396
5523
7981
9029
-5254
4455
-9440
-9837
-4098
-4459
9327
-8934
4503
3997
-7859
-2826
-1273
3214
-9689
5828
-160
-2806
-3475
-135
6417
2629
-8027
6376
-1322
-4654
3442
-1966
3256
-1509
-7391
-7261
1599
5539
-8924
1240
-5860
3168
1177
-9486
5914
-8559
-8797
-7106
1200
375
7062
-7142
-1934
-3567
4123
9315
920
6073
-4158
1041
-4222
-9408
-4366
-1095
-9085
9636
-1207
-5759
-3244
-1152
-2406
-9912
2307
-2241
7141
-4628
-851
-3168
-2338
5356
-6289
403
-6751
7327
9220
7071
-6207
-9476
7358
2850
8169
9117
9103
-564
-1980
307
1395
-7143
-9925
2526
8415
2855
-5689
7901
567
1310
4418
7983
-889
-7575
-5447
-8693
9856
4186
6073
-5735
6283
-4478
-1343
3591
5845
-6264
-961
-8513
-2880
9585
994
-7233
3315
123
9912
2207
7520
2686
2356
7836
-8370
-9510
-4637
9907
5753
8790
-3797
7710
-3091
9437
5967
9822
503
-3653
4016
-1776
-1644
5632
6263
5542
7227
4562
-5770
-769
-5195
9485
-3666
-1827
-4273
6430
3419
-6954
165
9081
-4303
-193
-4577
1637
-8024
3772
-3593
3765
-1787
479
7179
-2058
2837
-6820
-972
1852
-9640
2105
6033
5766
7834
-6856
308
-4737
-6539
-7712
4581
8252
-2920
-2812
8310
9489
9714
-4539
