10170
-2870
-4781
-2228
2660
1363
-6446
8927
-6280
-3000
6463
3890
-3102
-9186
876
-2020
3499
6732
-7438
-1301
9650
7468
-9164
2834
3685
-9162
705
9728
9949
-887
4063
-7650
2883
6055
3106
5234
2155
-2033
4629
-2131
-1551
4779
7287
-6254
8250
9577
-8955
-9976
3425
2256
8404
1723
3898
-8739
-2116
6241
-7001
9673
-1137
7304
-2135
-6576
-4177
6116
-3262
5163
4041
5000
7860
9882
-5904
-8470
4447
-1386
2953
5912
-7385
-2840
-4259
1696
-7651
-7231
-1544
8736
4629
4534
-3543
7352
2644
-9643
9171
-6139
6215
-1930
4238
-1164
682
-9730
6515
6368
-4226
7389
-2231
274
-7808
-5230
2201
-2751
-6269
-5937
3949
1837
4869
-5865
1068
-5382
-4189
4242
-6152
-8789
1017
-6176
2989
-7971
-406
6620
5729
-8030
-3317
-6923
4704
7673
190
-2701
-2781
8535
6968
-6227
7699
-1752
9025
6414
1626
3484
-5575
8128
7088
-5010
2853
5811
2818
1684
789
-8402
-3480
-6400
5141
-5936
4541
-3024
-3415
7410
-1063
4392
-6182
-3867
-530
-8619
4644
3614
2689
-2632
4016
3331
-3487
-4431
-3309
3773
5167
6633
783
-1006
8845
5664
-1536
123
-4078
3014
-9641
-6779
3075
6414
-7238
9314
5414
6435
4403
-9735
9473
-8530
-7466
2664
217
5704
9400
-6734
9322
3735
2355
34
-494
4086
-1439
-3566
-4736
2891
4774
-8419
-2786
-6126
-5311
3472
-5400
8544
-9036
-7649
5419
3093
-7498
-1989
-3623
5138
-5466
9146
-765
-885
-5117
-3739
-4318
823
-8125
-6128
-1298
-9618
8639
9566
-6361
7093
-7537
2068
3667
2483
-88
1664
-729
-5739
-138
4437
1225
-4143
-4609
5398
3252
2492
8388
1029
-6957
4004
-7883
7909
-2862
-2931
7189
8526
-3611
-1256
4996
3222
8535
7716
3371
522
6615
4205
6730
-1195
3210
-7961
-5612
1348
5536
2018
-7281
-4331
-714
3712
6906
-4521
4504
-603
3016
-1324
623
-994
-7655
570
989
3922
2936
2724
-1969
148
3563
-9929
9331
1794
-8014
3583
6954
6301
-1177
-7618
4738
2854
9572
-4250
-8893
2984
-2468
-2240
-9145
-871
-2686
4470
2210
-7266
-5100
-4363
1171
9313
-7379
9498
3912
1082
-2362
9296
8525
-2486
-5558
-6534
-4001
3684
-4118
7090
8681
-7014
-4353
7464
688
-613
2767
905
-9560
-598
7631
-5042
-7941
384
5168
-5414
-5243
-8459
4996
-1174
-5385
-5211
2097
-773
-7652
8505
291
-2287
7787
6431
-6075
7961
-8462
5969
1522
-3604
-8243
1384
3212
-9812
7844
4191
7430
9157
5855
-1635
-6300
-3566
8782
5983
-1699
2961
5324
-9001
-962
-2749
-6786
1077
-232
1254
-5991
773
-5667
-3641
2260
-8746
-480
3082
-3004
7240
-6650
-1318
7992
6877
-5734
-3528
3928
8667
5882
-6896
1952
-6461
-7683
-4242
-5043
1892
1937
-4021
3388
-947
-8784
6690
9666
-2349
-927
-4886
-1624
3463
-1077
-3351
7914
3477
5742
-6356
-459
-9562
-5041
-972
-7667
2994
-171
-1529
-2364
-6873
-8128
3017
-5930
945
3411
6231
2186
2284
-1551
-1266
2237
6443
1947
-8157
-8206
1317
-8018
5464
2550
-2484
-8904
8977
647
-8208
-1178
3580
-7473
3220
8136
4692
9376
-8215
-3343
810
-2787
-8960
-1223
8498
4776
-5802
-7790
-3380
819
-6035
9354
-2288
-1551
8576
9046
5998
-4268
1734
1530
-3242
-9850
-833
-7181
-3474
1679
-3779
5540
5441
-7738
830
2556
621
7990
3961
-8942
-6393
-373
-8265
1512
6661
5236
-8760
-9126
-7054
-5854
-9762
9953
-8602
1103
-7991
-6314
2828
-1130
7620
-7454
464
-4882
-1973
5752
-6168
3467
7871
-7246
-8028
-7862
7350
2338
-980
-242
-6261
1517
418
4186
533
8237
4936
4910
2475
-5539
1447
-754
1507
-2913
5097
4291
-2998
8029
2652
-1300
-4183
2048
9638
9580
8633
2795
3902
-3446
6050
-5159
8644
-3835
-6577
5660
8368
3708
9457
-3266
-5272
-2988
7722
3683
-6398
3401
8731
-9781
3469
-7660
2459
2955
-1649
8506
-7935
1714
-4850
-5444
9512
-5469
-9048
-1499
-8848
-6523
8365
5867
5702
-286
-5108
-9895
-5087
-3564
-6236
-7436
2413
-3954
-8793
-2190
6812
6873
2316
-8005
-8344
9217
5728
2306
-6685
727
-8149
-6888
-3945
3455
1086
-8027
-1390
2493
5519
7167
-9542
1653
-5901
-7456
-8674
2486
-8943
3115
1955
7963
-1748
8450
-116
4541
-9508
488
-3426
-2147
6447
6470
4458
9247
-9855
1518
613
1174
-5327
4220
-4847
9253
3952
9445
-319
9027
-4683
-4183
-8784
-2769
-6283
7954
5808
1745
7907
-238
-2736
6248
-7981
3918
8556
2942
-9715
-2444
9176
-2658
7312
9960
-8379
-5578
4850
9721
-7466
-9439
-3457
3801
-9051
-7457
-5122
7584
4108
4427
-2714
-7997
2509
-6311
6158
-5742
-8042
9371
3740
5734
7902
-9720
-864
8373
-1058
-1860
6170
-2667
4866
3403
1291
2486
5299
-2274
6112
-9836
6703
-7203
-7649
1667
1536
-3939
7517
-6667
6903
7576
-6015
-4182
-2860
-3716
8503
-8674
7943
-2036
7636
-4570
8737
-456
-2573
-959
-5298
-7217
9974
-9004
1677
8269
-8809
-1387
539
3814
1068
1396
-7377
-3643
5817
303
-9341
8203
6133
-7203
1362
5130
7467
5378
9107
-2341
-2505
-4557
-4836
-8611
8383
9587
-5799
3204
-7644
9470
-5724
3873
5116
-962
-9772
3891
2437
-3460
3410
-3910
-7072
-7572
1887
4783
-2174
-8783
-600
-4476
-4534
-103
-6053
-3526
5187
5883
9501
-8340
-192
7783
1729
-7185
6087
-1714
5166
-2335
4691
-4415
6935
-5079
-547
845
7356
9683
7701
912
-2095
5300
9962
1746
5298
8953
-9430
-2932
1837
-3589
-249
-9081
4263
-435
-1289
-5605
-9384
-4595
6630
-485
-4199
4735
-1701
-9872
-2730
9187
-7165
2533
5625
40
-912
-1153
-7647
-17
6138
-8666
-2046
-9059
-2782
6757
519
2585
-1272
-647
-245
7512
-9675
3827
7512
-5203
8697
6614
-4134
2931
-6792
-7780
-6188
668
4220
-8292
-8195
-3090
6083
-4150
8270
-7426
5773
8848
1598
7143
-6491
-7095
-9647
5700
3499
7503
-5817
-2516
4315
5359
7043
5524
4896
-3604
-7001
7277
-5077
-5134
-2735
-6344
-1231
897
-5169
-118
-9683
1663
-3226
1884
6655
5688
-6441
-722
-2639
-9612
7387
6249
2468
-656
-2698
-1719
-1769
-2010
181
-7636
8468
493
-9915
-1901
-7116
1744
-6812
7614
-5558
5592
3807
-4419
-8326
-889
7284
-7972
-2849
6918
4655
-1739
4640
9581
9588
-2605
6833
-8014
-940
-8391
5286
-2134
-5079
-5369
743
-7120
5362
8990
4567
-2890
-4813
7871
-39
1143
6882
7256
-6132
5454
-4564
2551
6347
8781
2540
-6405
-724
-2707
-7489
-3530
8830
-6855
-181
4397
9097
-3735
6320
-9481
-2997
2784
907
-295
5229
861
8945
-5742
8862
4694
-7710
1628
-8634
1829
3608
-6989
1238
-3700
-3206
-8880
-2666
7275
3041
-2509
-5791
921
1751
-7368
8579
125
3536
2005
6346
1107
6714
9275
4490
-7423
-9806
8751
-977
-1118
7851
7202
-7428
5969
6242
-8073
-3281
3981
-2280
-7446
-9710
8186
9379
-5697
-8343
4282
7328
-9062
-5180
-1634
-297
5683
-4396
-7606
-5090
-7841
98
-8024
-9150
-3168
1225
9147
-3581
2906
9709
9131
-3368
5069
419
876
7574
-2451
-9046
1360
-540
1904
-8021
-750
-8304
-7161
4849
-7378
-2512
-2499
-8908
1093
9763
-8278
7102
8278
4166
7270
8187
-1805
-8767
-7852
5150
-4309
-6297
3950
5259
-2038
1278
2173
-3273
9250
5220
730
-8424
-5217
-8067
6094
-9825
5234
-7573
1284
7973
1441
1670
-3920
-8058
-6559
6145
-8275
6716
8397
6296
8619
-752
-6736
-7743
-9968
-1490
-6484
-3497
750
-749
9289
907
-3482
-6745
-1514
-7438
-9116
4883
1528
-3258
2909
9023
-3060
-6449
-1667
-6068
3777
7997
-5669
182
7763
3331
9342
4074
8514
-3129
5358
-6535
9380
3651
-5906
5982
-6249
-3772
-8320
-6095
-1277
-5598
7006
293
1247
1711
-8909
-3336
5803
-6054
4702
5083
93
-7066
-5627
-408
-1995
1990
-3756
-9127
8289
8128
9282
3354
1291
-1983
-8709
-5866
-6173
-8726
4842
5250
-33
1097
5138
-4719
5116
-1906
2973
-3504
9426
-2930
-5813
-2419
-9233
-556
9780
7720
-9927
-2040
-8056
8460
-9713
-2917
-1739
4414
1647
9199
646
-4289
-5431
-9515
-2586
8202
8934
-8206
9449
6047
-8549
-5500
2876
7649
1198
-6451
3816
-977
3818
9202
2564
-8717
-3180
3228
4468
3644
-2886
-1573
-3632
-2583
-3980
5553
-8270
-9168
961
2543
8654
-3873
-5964
-5604
-9978
-9293
5361
-6104
-3966
6790
7798
2753
-1286
-3562
-6710
3256
5868
3569
-6479
8116
-6383
-9456
3189
784
451
-7800
-6831
-7216
-8190
-3099
1211
-7116
8520
-6866
-3961
5719
1194
-2850
-2459
-4132
-3092
172
-1084
-6048
5559
-8528
1520
-6664
9348
593
2435
-9614
-1828
8468
-1480
7033
386
-850
3396
3574
-9898
-3754
-3795
6381
-9435
-6823
-6345
1984
-1722
8139
6076
-315
-3139
1472
-8305
-3966
-5795
1124
-5012
6321
7392
4288
7078
4600
-1296
548
-8816
-1654
9819
5988
5416
132
1728
7535
7888
3198
2239
8894
-3303
-3965
2189
4678
1555
6202
-2299
-7616
-3547
134
-3040
6952
9553
-340
-3998
9325
-3110
6205
-6737
5948
6897
5948
9295
-9161
4617
1762
-18
-7245
6292
-2459
-1353
-1890
-392
-6167
-4228
-3722
-6621
5945
-3954
4279
-7855
-7631
5147
5180
-2476
-5892
4666
-1207
6762
8849
-1753
-8899
4360
-3498
1889
-8371
-5701
3676
3528
6595
-9382
4277
-6848
-3134
4943
-8562
6121
992
-2816
6404
-5330
-8162
2708
3097
8751
-705
-7840
-6934
-3891
-5182
-7371
-9890
-5910
6006
8562
974
7007
-2797
-1892
-549
-1818
1581
-442
977
8552
-7360
4929
-4392
8157
4655
-7001
-5147
3191
7748
1754
4513
6786
-6276
-7358
-5122
8483
-8956
-5701
-9946
-7895
-1352
-6760
8162
5036
6881
6490
361
-1
-9255
-1559
5063
-7920
-9870
3036
5721
-6284
6697
-1635
-7163
2256
-2225
-3775
3626
-9996
-5663
-8362
8116
2192
4030
4038
6552
2440
-4598
7216
-9310
-7513
-5997
-6938
8437
-9105
923
4698
-3848
187
1132
-3922
8605
6408
3397
8759
6937
4573
-682
8192
-6916
8494
5970
9691
9627
-6333
-700
-326
3428
-4639
-9806
-4194
6488
2293
-7399
-7531
-6185
8436
1243
-3815
1743
-9377
901
-2091
-2559
8310
4553
5964
-6238
-6776
-2210
-3657
6955
3992
-5923
-3777
-8403
3274
4147
7913
4778
8292
-7132
4488
4433
-6496
2529
2989
-8115
-2849
2030
2967
1361
-585
3648
261
-6446
-3473
-9366
-5667
-4033
-7123
-1162
5557
-7211
3069
2860
902
9133
-5808
3107
-5406
5561
-4946
-729
-3551
-7228
6610
1035
8483
-2367
-6648
-2058
2833
-7208
-6843
-3736
-8336
807
3945
678
4174
1913
3485
-5535
5516
8511
2360
-5721
8142
-4396
365
-6747
-4438
-7678
4360
8383
6720
2829
-567
-8402
-9242
333
1814
4899
5530
7592
-7355
704
9537
-4511
8149
-1669
-5130
-2776
-4024
-8459
3453
2806
-4005
8727
3465
-7796
-9535
9037
-3737
-1388
6978
-1865
-7879
4780
2629
-963
6825
-3886
-1077
3024
9815
6590
-8850
6223
-5850
548
7788
6997
-1951
-3350
-9779
-1718
4221
-6142
3116
5107
7729
1314
7515
747
2624
1197
7548
3223
-9900
4604
-268
-2163
5597
-8813
3826
-2848
-8340
-9325
7847
-8113
2121
-1410
-6150
-2452
780
7693
6452
4318
7315
-6135
-4994
8572
-167
5370
9079
-8878
4245
-8788
-2017
4029
-9039
8455
-7952
7275
3547
5827
1335
1915
1624
-6677
2842
-7313
-9469
-7188
-991
3545
2174
5227
4033
934
4822
-6700
-304
-4465
8938
9801
-3235
9931
-9422
-512
-1616
-2138
7418
8377
-6470
-5838
7452
-3470
-3382
-4364
4339
1268
8811
1653
7183
-7415
-6616
5354
-1336
-711
-2285
4563
8976
635
716
-8814
-7123
-2011
124
-2534
6875
-1248
-7680
-8958
2370
8631
-2099
-4707
-738
2814
-3666
-9460
2423
-9158
1342
-8332
-8287
-5115
8934
3636
-279
8246
6797
-5225
-3578
-4883
-4277
3132
7570
-4753
3915
4551
7990
8611
-4476
521
3135
540
-7994
7012
-4142
-5575
-9930
4385
-3250
7305
-8628
-5406
1215
9333
4318
8727
3777
1460
4662
4293
-2223
-3242
3064
5404
5232
8152
255
1272
-1328
-1258
-6696
2514
-4786
-6498
-1227
616
-1817
-6629
-2488
-3977
6066
-3501
3040
-3212
5963
336
1431
-594
-2257
5232
-9059
-2839
-4763
5480
-1921
-5977
-3768
-1466
5323
5875
3410
-3786
-3343
-5941
2609
7597
2695
-2381
-632
2283
-7152
-9907
9355
-4619
3325
8503
5316
7496
1011
-3076
6426
9567
2254
2330
5886
-3923
-7854
6206
1368
1347
1997
-9085
-4029
5338
6206
-5856
3806
5118
-1402
3283
4303
-3114
4342
-694
-3504
7466
-3773
-7121
2828
-6052
4310
-9886
-2084
1215
-1034
7931
8686
7164
6014
-6148
5393
2208
9138
-852
6108
4810
1301
7849
4595
5462
3511
-9828
-1755
8160
9422
-6925
6643
-8758
-7012
-6020
-6700
-1543
-999
-4798
5099
9168
4633
8399
-5396
7526
-1521
-5734
5717
-3489
558
4119
-7967
-1108
4385
5202
6398
-7022
-9452
-7055
4138
3497
3106
8123
822
7691
-3126
-8064
4532
6695
-63
2920
-9341
5735
-4728
-9265
4373
-2244
1361
9242
-7229
-1143
-5785
-7114
-1806
-4874
-6235
-1393
-9811
-2457
-9131
3055
25
6983
-4203
482
1934
-6244
-9084
-9219
-1776
2719
-5122
8407
-2998
4800
-3806
7453
-5781
7493
1787
9149
-367
5386
2464
-8253
4274
1221
8605
-6003
7662
2537
4758
-78
6473
-3573
9913
-3916
-3351
-5075
-4711
3284
2990
-7699
-8791
-3397
-902
-7523
9422
-5698
-5679
6785
-4607
4309
-4222
5461
6391
-9519
-4356
-6497
4696
-2067
7000
-8705
-7697
6336
936
-6102
294
-2820
3941
6303
8599
5475
6668
2153
-2819
6615
6643
-6945
-698
-7021
-7382
-9864
6252
-7205
-444
2222
-4102
2592
-5792
4842
3012
-2443
-7742
9679
-2073
-7161
9750
5222
-676
8814
-6065
7498
-7657
2271
-5119
-2563
5306
-5417
-8495
3239
7565
-4676
-5983
-836
3115
684
-8459
-5890
5290
8277
8829
6130
-1694
-7448
-509
5448
-8355
5509
-7798
-9846
-6986
1415
3185
-4716
8399
7868
5888
-3310
7469
-7493
-8443
-7940
-305
4750
9609
725
656
-3792
-484
8484
5121
-6119
2612
6010
6800
-6458
-4953
-4850
8224
-5102
-1883
7544
-5107
6166
-5631
-1034
4495
9691
557
-3813
-8775
2004
1361
5411
-4218
1239
3346
-3840
-5808
3778
-9526
-3435
3491
6722
5380
-7605
3998
9388
-5045
3680
7557
2705
-2376
9398
-2961
-3703
587
1997
5126
-8282
-9521
-15
4661
4564
628
4832
3731
1115
-3651
-5258
9695
-8771
-7071
-27
-9045
1475
9646
2940
956
-3363
-1161
8990
-9483
287
-1184
-7178
3795
-1214
-5707
4096
-2292
-4547
-8845
681
-9925
9098
-4538
-9362
3327
360
-8247
-4421
6504
6376
-8887
5758
5677
9790
-2403
-6655
-9365
-4027
8104
-762
-1267
685
4037
-6727
4961
-2730
-1519
5038
1367
6761
1844
-7027
7002
-6367
5964
3597
-1518
-290
9611
5615
-2844
-7895
7690
-761
8451
-1139
-6030
-9992
-4617
-2720
3537
6351
-3436
-2185
4950
-9286
-389
1920
3370
-5072
2545
4926
-8197
-217
-7875
-8808
-8344
7120
-4281
5574
-1727
-7463
1377
-9808
-8742
867
5406
8892
3899
2226
-1880
3367
7964
-2116
759
4101
2542
-1004
4943
-6699
-8046
4886
8508
-7942
-1383
7683
-5727
7922
-5740
452
-8136
-4307
7419
4734
6682
-5189
3352
-4932
9993
-7471
-5480
907
-8734
-6478
7385
6777
7556
6078
-5847
-7686
-747
2237
-2627
9437
-5424
5823
6463
-7661
8376
8895
-5093
9863
275
6167
-9950
-4591
-9246
-263
9574
-237
877
-5529
7479
-2212
8404
963
1412
-5001
5759
-1023
-1986
744
-2595
-1193
7822
2125
1018
6198
-1626
-1786
-3583
8741
4563
988
-8434
7075
-1034
4077
-4220
-3437
-5257
4466
-6438
869
-2191
-4078
-9484
4070
4538
9916
4594
2073
-2236
-1753
6024
-8276
2277
6739
5007
6891
-9793
1418
-283
7499
-3075
-3605
1843
-4240
9226
4527
3856
-1267
-3329
6907
-271
-6116
-215
-3501
-3122
2129
-2610
9246
2735
2692
2829
6334
-1926
6157
5222
3249
1068
955
-7459
6642
4450
2496
5313
-8013
4182
-8434
-9732
5828
7653
-6171
-4179
-1892
-1975
7746
5410
-1190
-7416
-2561
6541
-3342
5212
-8867
-9376
-8679
2329
-3616
-8583
1351
-2959
4196
5928
1113
-3922
-1757
779
-1036
-4006
-2847
6058
-9929
2023
194
2549
4021
3114
-6445
5918
-6628
-8875
-2574
1568
7277
4025
5233
-5824
-1753
4143
1598
-2143
-7910
2140
8156
-8158
-216
7565
-2852
4050
6147
-368
8377
-3586
-5284
-9520
-6801
-8371
-4948
-459
-6924
5132
9647
5318
2127
-1856
4166
-3922
9299
-2092
-2918
5490
8984
-1578
9218
8004
-7202
-6794
-7519
-1068
4551
-3842
-8410
-2649
-2714
5157
-6095
4146
-6592
-6074
2235
919
344
-5042
2084
-1743
-6873
1879
4542
9446
7614
-4712
9755
1608
9040
7745
-1619
-7474
4848
-6875
2082
-9926
-2872
-6686
-4232
-7722
5386
-7175
-4426
7191
3494
6655
-7525
-4325
-9988
1522
4821
-2501
-5228
5522
-7731
-2382
-4323
2630
8656
1016
5002
-4491
-367
-7722
1741
6313
-4646
8798
9056
4927
-9902
-7010
-4640
1099
-9128
2043
4748
-7958
6127
-1799
169
3167
7865
-184
-1798
-5025
5926
2972
6321
6755
-3979
1209
-5922
-1340
-5651
9982
6161
-159
2209
3396
-4644
-6113
-2854
-8965
5235
-2066
-7691
2171
-6902
-9609
9397
-2178
-6054
-3820
2933
6944
-6128
7606
2988
-4087
-8341
3103
-9322
6769
-113
995
4705
1339
9332
1574
8094
382
-9113
-2998
-2041
7624
7079
-4505
-9328
6931
7226
531
9192
912
5699
6536
-1986
-3073
-3279
3268
5015
3124
9557
-8426
-718
5066
4349
-8137
-7434
6000
2452
-85
-5364
-4833
436
8359
-9843
462
4128
-9186
-8699
2721
8922
2815
-9520
7153
4217
1422
-3647
-7090
-9623
-1608
-6983
5559
-4360
6520
7860
8014
-257
4373
-7116
-4583
3148
5453
-4852
-342
4897
-1549
-9855
-3161
4137
-6872
2385
-9661
-1363
-7584
9927
-5480
281
-6806
4719
-3457
-3530
304
-4210
-667
7419
9631
-3743
5812
-2852
-5402
-2829
9030
7173
9213
-1119
2559
-7023
9672
8937
-2656
4871
-2529
-5978
8418
-3576
-5083
-5448
-1030
3592
-3066
-848
-8676
-763
-2078
-4897
9304
-6251
575
8445
-3214
-4874
6139
4811
7739
3350
1225
-2584
9993
-1541
-4814
966
3335
-2314
-8768
2087
-8186
1587
-615
-3480
9659
-4864
4731
-3293
6596
-7386
-9974
-726
-6057
1408
8864
-1385
-5958
-2426
-6598
9975
7342
1399
-1321
9624
-1110
2629
-8652
-5833
1474
4849
-5745
1574
7475
5626
-7287
-3067
-5854
-5085
6896
-5748
5365
234
-4949
4050
5713
3034
-5098
4783
-1665
2898
1291
-7741
7743
-2927
8873
-6503
-3676
-1043
3984
2755
-7699
-9006
7032
-2757
-3897
3273
7917
-5314
74
-4349
-9219
2108
-357
-743
4104
-4190
-7035
-3574
3063
-1763
-7242
2076
6227
5010
6415
-514
707
-4537
8051
7501
-6862
-7328
6962
-1658
-8
4233
1563
4528
1476
-4617
-1148
-7528
-3251
-1861
6891
1393
8207
-7910
-9375
-1328
346
-9222
8685
-1713
-901
9302
-4277
-890
-9238
6192
-9054
1111
4897
-6109
-3328
1037
5905
5722
-6742
3327
-1419
3110
2547
-9118
-562
5315
8536
-8869
2086
-3566
5836
-994
8843
-5378
-828
8327
4756
-3017
6759
-303
-6159
9059
-6072
8206
7492
5689
-7913
-3250
-9848
4336
203
-1619
-7704
-9816
8736
-6913
3088
-9425
-6928
3170
8318
4335
-7938
-8248
-9550
7035
7250
5642
-2203
1038
9158
8788
-9487
-1672
2726
8953
514
5971
8291
-9841
9909
8662
2383
900
7355
-8869
7917
4433
-514
8011
1518
-8412
5182
-8387
-7984
-3001
-9282
-3440
4511
-6763
-2130
-5492
-8496
9431
6764
-9840
795
7082
-728
-6979
2636
8574
2655
3360
-2219
1695
8126
1881
-9349
2224
-5950
1460
-6201
3372
9469
-7138
-296
695
-2133
-289
-8717
-36
4247
4723
-6045
-998
2501
-9207
4660
9452
7841
8262
366
3298
2887
-5924
2836
-1951
-5037
386
-6158
3102
-8515
-5376
-2191
7518
-8705
3849
-8216
-3992
9639
8113
-3824
-2010
9340
3613
2638
-8964
-3418
2320
445
-6299
6625
7984
-4398
-9414
-1396
2548
-984
4466
8740
-9098
9034
8915
5524
-3153
-7390
-9176
2579
-3203
3804
3637
7605
-2116
8188
6248
-4233
4014
4727
4793
4136
-4015
-6165
-5580
-5890
-9552
-2178
7036
8894
-4828
-8599
-6494
-9551
2100
-6408
4535
-5208
2027
-1321
6931
9783
4003
8470
5986
4065
-5247
-9989
8863
-6742
-3660
2607
5742
-2054
-6209
8419
593
-1676
-772
8192
9979
-4232
3233
-2461
4032
-2438
3366
1722
-1210
5271
9016
4952
7927
8512
9513
7314
-6205
5776
462
-3653
7389
602
9753
1399
5660
5471
-4586
7272
-9293
-6319
-9674
2081
5478
-7578
-6651
-1078
-1681
-7298
-4858
-5707
4282
-3843
5227
-4411
241
-9069
3420
7435
-4377
-4923
-5805
2987
-2440
-7820
-1173
-5430
3021
5487
5247
4894
-3839
-9758
8678
5675
-1839
-7049
9589
-1182
-2847
-8562
2078
7882
7685
1742
-9854
766
1124
-2159
-3369
7000
2995
8223
-1930
463
-7736
1950
-5857
5295
-5371
-8663
2556
-7220
5362
2022
-6907
6286
-3315
-6093
-6235
4162
-7594
-6484
2544
-2334
7164
-9251
-8254
-7067
-4220
8806
5386
3701
-652
6135
84
9895
-4312
1513
9704
-1371
-8682
7098
-7507
5289
7093
1112
-4162
290
-3915
3029
1858
-2403
-3938
4587
4865
-8197
7337
-5926
-8762
-109
-5576
-774
9553
-2249
4241
7595
4048
4648
-8586
-5597
-9740
-3239
-3116
3276
-6983
-4459
-2739
6109
-5674
9917
-2348
-7427
-4111
-5313
-7956
8009
-8042
6035
-3700
6091
-5021
8509
9972
-5419
9178
-6101
-4831
-4642
4714
9058
9968
-3920
-5136
-2750
9381
-2155
-4746
-5814
9654
773
6576
-4617
-3793
-1047
7562
4550
6945
-7732
6746
4839
888
-1564
3617
-5835
-3600
-3725
3033
9955
-4936
-1286
8824
6044
3807
821
5326
-6359
-6716
-9525
-8669
-3388
-6925
-4370
-4598
1069
-1937
-9323
-6960
3876
-216
1957
2592
2413
-450
4632
-7138
1278
1840
-9081
-415
-3150
-4645
-6186
882
9845
7327
873
115
-4490
-5320
7560
-3859
6732
1016
-1551
2191
-828
-124
9521
-2809
-4782
9378
-7820
9118
110
5277
7398
9410
9465
-995
3242
-7676
7837
-530
2595
-9668
2783
-7092
-8881
-9706
6839
-9661
-6135
4704
-8686
-317
2599
7534
-4514
5418
-8135
3536
-6466
3398
10
8599
1935
-9419
3901
-1203
8054
-2516
1948
4799
-6316
8265
-1822
-1446
1400
-7401
3739
8956
-3216
680
3010
-7019
-8944
332
3325
1697
5985
-9881
-4160
-8036
-509
-6530
-148
-839
-3889
1732
-2149
8608
-2165
2476
9616
3174
3405
-4742
-4964
1898
-8769
8379
-5518
-7649
6808
4732
3145
-9199
-4117
5172
-1864
3506
9604
-813
-9327
7505
-1178
-8935
9409
7887
-2347
-5838
2624
-7659
3852
-7193
9139
-2064
-8148
-8610
-1754
-2236
7195
-9650
-1462
-6367
-3957
-7894
2764
-5022
-5403
9843
-4231
3290
-812
-9850
4180
6956
-5712
-6140
10
-2373
4447
-926
7286
-1812
438
2184
1916
-4793
-4072
6628
-4768
-5101
3871
9314
7324
518
-3042
-8965
-8104
4152
-6455
7033
-3351
-3838
757
-1600
-1851
-4879
-8936
9253
5154
4986
-8124
8364
3897
5869
-8190
-9376
2057
-8136
-7469
8708
32
-5414
578
1071
6466
8424
-7956
4344
6933
4141
7307
-9993
7881
182
5481
8414
-9332
2313
3990
-435
4478
944
-1050
8799
5165
3408
-8644
8316
-2191
-2812
-7999
4727
1432
3743
-1287
-8718
-7974
8089
-7683
9703
1934
1522
8665
-4355
-5183
5545
-3820
-9994
-1455
8681
-6091
1570
-7290
-1760
-2617
-8097
-7186
-2931
9825
-5378
-7242
-7457
7982
-3427
5110
4558
-4589
6256
-4373
9019
-6208
5829
7130
-8788
-965
1720
-4036
1923
2245
-3512
-5126
3359
6829
9133
4321
-3503
2657
-898
-9067
-4266
-5387
6560
3184
-4845
4834
-3624
-8025
-1232
5313
5276
6848
3001
2305
1398
963
-8315
648
6545
9544
-2223
-9622
7259
-9392
-7816
-731
1176
-4829
-2594
-5403
-4516
1230
7455
-8692
9709
9672
-9135
-6926
-5564
8880
-6739
996
5217
-225
-8432
9721
-2632
-2515
3467
9175
3420
-8860
5465
7405
-131
5456
4201
2404
9853
-2447
-6501
8731
6583
905
-7890
-7892
-7537
2660
4021
2536
1517
5470
-2137
-5039
8937
2890
-326
4969
-2399
-32
-5789
-4259
-3939
-6845
7136
-6103
8137
-2733
8605
119
-940
1502
-5512
5459
-3400
4548
-2155
5727
4689
-3913
6586
1348
-4370
-6949
1061
-5811
5755
-6607
-6858
8366
4972
-968
-8958
9307
6477
8028
-1624
4419
-9596
-19
-2229
-6848
-6093
-89
-4291
6473
2970
2809
-8151
1426
812
2857
906
1065
-7536
-721
-4170
759
647
-354
560
-772
7830
4345
-5609
-8969
-1564
6433
5445
1324
-2147
6428
2868
-6760
-3092
9792
-4022
-1892
-8800
-304
-6399
-2549
-316
9277
-7027
7183
-4002
2813
4106
-5404
-8392
-6700
-7241
1519
-110
3808
-9630
-8356
5517
6854
5214
782
6178
-4176
-1807
-3388
9274
8551
8707
-4255
3384
755
2065
-5325
-2615
7347
-4613
-2637
-6452
2935
2512
6330
-3043
2841
1232
-7781
9152
-965
-7530
-3767
7480
-2354
-5652
8613
-260
4665
7833
595
-1964
-5067
1565
-6882
7620
232
-4007
-5213
-7663
7887
-5433
3557
8845
-3842
4848
-1730
1196
-8958
7360
-6791
-1205
4772
-532
-9760
14
4566
-2580
-3206
-1807
-6595
-7863
191
-622
5623
-7790
-6630
3569
5168
4839
9572
-1957
2974
2494
908
9218
-5212
6986
1283
-3296
-1941
1233
774
-9180
1450
2476
-5335
-6423
7512
8435
380
8988
-7805
-1986
-6045
-9762
-4997
3681
-49
-3296
2233
-7942
5050
6730
649
-8756
-1772
-1941
-2427
-2373
-4365
5960
1720
8953
8596
9261
-5979
7587
5314
3626
-2664
-7875
-8053
-9970
-531
6222
-8580
2023
-6774
4947
-5249
-1067
-4623
-2231
5961
1974
1972
-992
-5968
3692
-3460
-5522
6963
-7845
5871
-5839
-2881
3653
-4527
9028
-7874
-6201
-2425
-3260
-722
-7507
-3349
-6422
7234
-4039
-8819
-6988
-3008
-5702
3339
5550
-2344
-6769
-2298
8050
-1572
494
-5558
-5597
-5184
-2045
9936
3534
3018
4799
-6192
-1054
-8323
3811
-8441
-4467
-4829
-2980
-2279
-7369
-9965
-1871
6071
-4034
4432
-2937
-2012
-1289
-1955
-5568
2942
7919
8511
2375
-2132
-7611
-2361
8047
1372
9437
-5967
-4073
-2532
4697
6831
-2690
-2445
-8432
-1597
3995
-8254
-987
4974
-835
8937
7088
-9529
-9949
9303
9990
-8535
-2097
-4368
-2720
-2851
-4902
-5993
955
2957
4306
-4482
-1923
-9331
-2909
1775
7075
8335
5007
6130
-3768
-3872
6951
-2906
7530
-9574
4685
7296
-1814
873
-4769
9863
3100
-7059
3695
134
-2260
1711
-9191
1955
8767
-5959
-7167
6364
4156
967
6723
-6177
-1158
-7671
-9973
-7901
-7106
-7429
2596
9118
6690
4225
-9053
-6690
-7244
-5567
-9123
2075
556
3439
-2136
7379
-4928
-3538
-9837
8676
-8935
2380
4219
6524
5696
-6856
-507
-7290
-333
7414
2444
-6415
823
2086
3124
3754
4222
1339
484
5845
-5526
231
-5005
-751
8462
4717
6024
-9116
8770
-6759
4195
3491
-6971
-8676
1706
5129
-2746
-5352
130
3083
-3504
4648
-9222
-7253
-8889
504
-3480
2696
-4925
-7827
6058
8676
9853
-3989
-8155
-2236
3502
1272
2176
-2079
-5123
-7160
-3325
354
-1487
-7030
-9693
3798
-6915
1290
5319
9207
9755
3494
-3953
-4193
-7183
6902
2610
-4581
-22
-982
-4284
5829
-2176
-8982
3673
9058
-3630
-459
-28
-4412
-4960
9814
4770
-6258
8192
6788
7212
-1388
1743
-5087
9845
5353
6200
-5224
4271
-3773
1664
-9047
-8096
3135
-8183
-1618
-411
8078
2764
-6471
7092
7797
-3595
-8469
5903
1454
5920
5601
2579
5088
-9358
-2831
8798
920
9662
1358
8082
5419
5242
-8846
-7370
-8413
3462
-8454
9
8410
-9697
-2634
9910
-8190
6240
2399
7057
8676
-6987
375
-5667
7452
7495
4155
2565
-3285
-3852
4283
9117
-5873
5083
-2240
4651
6995
-1430
-1408
9022
-7060
2464
2204
-1408
-4160
-9614
-3197
8647
6236
-9038
-7752
-4696
3287
-7755
7318
-756
7047
6610
-9731
-1203
882
1054
-4859
-1577
1909
-5472
-6219
-3579
7196
-7983
7797
-423
-258
2386
1923
-3800
8798
-3242
6360
8855
8376
-1695
-8469
1436
-3090
9145
-3906
-6963
-1798
17
-5701
-2085
-9999
-2228
-9628
5696
4394
3031
-8524
-5558
3690
249
3520
6292
9915
4402
9799
-7548
-2366
-8607
-9720
-7023
361
6074
-1135
-9496
-9305
-599
-7906
1221
6027
3399
-7418
-4172
8837
-6977
-3328
-2111
-2616
159
5368
1964
-4266
8306
-8449
-8549
2303
1490
5394
654
6474
1605
-765
5280
-8879
1928
137
-1093
7755
9915
-5036
-9844
4104
6556
2404
4268
1959
5153
-387
8304
-9891
-8689
5115
-3488
-139
-2181
-7369
-5012
-2195
-6742
-660
6186
-4914
9669
8315
-1024
-9058
-5720
9611
9047
-2466
-8893
9620
1875
-8066
4654
936
-2584
-9541
3256
5002
7142
-6362
-1278
3748
4792
-7171
-9147
5020
-4147
6764
-8597
9861
3140
1053
5769
8605
-5555
-3717
4895
9622
-1043
4840
-8203
6695
-6
2101
1888
-9823
9022
-8891
1306
-7164
5951
-2350
-1344
-1858
-8911
613
7794
9575
7559
7878
-7897
-9891
840
-9192
-7743
2864
-2995
-4745
-6267
-8189
-221
1558
672
488
6741
-3683
9742
-5844
4536
-3150
-7974
5445
-9667
8291
1675
-2041
6620
-6509
-1655
-3201
3696
7059
-5652
6837
8724
-5850
-3845
-9552
5448
-7929
-5418
2405
4565
7086
2092
2951
-5012
-3805
-4280
812
-3778
27
-9666
1235
9955
-324
-7865
9043
-6022
-5391
-7188
2746
8163
6624
-6451
-9858
-1531
-2486
69
-5818
-8037
-4168
7101
-3610
-3856
2596
-2587
-5741
5640
744
2140
8409
898
4067
9238
-3053
9408
-489
399
5057
6125
-7926
-6999
-4861
6170
1468
1057
5904
4181
2866
-8562
-572
5192
4356
7112
-6244
1909
-8224
-5777
-8533
719
-3885
8185
-486
8296
7415
-4664
3868
-3365
-1990
-3315
-7553
8736
8522
-7585
4230
3097
-3173
3784
2024
-23
1408
5216
-9327
7530
-6456
6924
-3524
-5028
-4701
2470
-8341
1113
1680
-2917
-8966
-1191
8840
4046
4149
-476
8829
-7832
-6232
7820
7981
3441
6896
8382
3932
-1657
-3330
3237
1755
6904
7295
-664
7473
7870
-2123
-6189
-5545
-1869
8153
-1181
8544
2620
8187
8122
2572
-4059
-8837
-9520
-5207
7039
-9965
229
-6646
-5852
-9723
7897
6076
8813
107
9232
-3565
-4932
9935
-8111
-8575
3984
9177
8664
-3712
9034
-3824
-8628
-7995
-4777
-7302
6296
-7795
4138
-414
-9060
-9180
-7413
-4736
-7937
7081
5806
-617
6369
-7728
-7302
7506
-7863
533
6103
-8203
4476
-3113
4071
-5739
8695
-645
-9950
-458
4873
-3787
384
-1197
1428
6906
8133
-1583
9212
5051
1292
2797
4774
7959
8566
-6473
213
-2222
-2419
-9486
-6142
-6347
5263
8060
3191
7988
-3798
8637
-2813
6446
7018
9088
-4505
8649
-6788
-4578
-8623
1192
9314
6955
-6048
5339
-937
-1210
8080
-5673
-7994
-2345
-8263
5102
8114
3810
2858
228
-2700
-472
-2670
-3060
5740
-9832
3924
-7837
9571
-1415
-7544
-7661
-7488
-660
3195
-9945
4016
2990
-2687
-4899
4464
-4363
-8529
-4928
6881
-894
9122
7762
-3015
-2065
4944
-482
8754
-9820
-6389
-1274
-4901
9121
9093
-7324
864
1533
-802
-457
2000
8478
882
-757
3571
8414
3979
-7585
-7962
6177
3735
5775
20
-696
4440
-5020
4348
4711
3498
-2039
3947
-5538
-3770
4959
9141
1215
3436
5849
-1478
-8643
-1503
-5476
-2047
-5929
9888
2999
-2871
-8300
3906
8671
7832
-7971
-6273
-164
-6981
-8216
7321
3867
8050
490
-789
4714
8788
-3230
-6204
-7360
1429
-7753
872
-2500
-998
-444
3435
-3132
8505
2929
2326
-9215
-6222
1270
-5203
7514
-9937
8295
-167
9897
-5115
-9882
-1965
-555
5178
8963
8641
8857
7446
-900
-7807
-2442
-1736
-5522
-3459
2602
-2305
5232
9675
8114
5198
2717
-5098
-8117
7792
-7392
4493
6259
-4489
7911
-2345
-2828
-2216
4617
9440
2937
6507
-6907
-1054
1099
1176
3499
2639
-9991
-4377
-3746
3010
-5727
7328
-9285
2662
7860
-7447
-5560
-5173
-1287
1214
171
-3050
5351
-1491
590
5176
-2358
-5845
9794
-1959
5643
8478
-3794
4064
3866
-1362
-2714
-7699
-7674
5566
-939
2677
-2376
-2930
-2605
1979
3436
961
-921
-9292
9794
6130
2138
-7663
6824
-5664
6181
5409
-7289
-5881
5732
-5556
-592
-9887
-769
-7355
7216
-4925
-4206
9240
3345
1633
-1455
3534
-1067
-5811
1066
4781
-7311
4002
7789
-2666
3140
1127
-6072
-8429
-7679
1333
1249
3104
-8525
4913
-9895
4773
3160
-9548
8291
897
6383
2760
2759
1093
-4806
-3436
7897
-1986
-5200
752
517
-1156
-527
-7436
-8448
-7059
7974
9543
8996
-1567
4540
4444
1106
9986
-1016
7251
-6226
-2056
1682
-877
-5768
9259
3053
-4770
-6360
-4541
-5108
6897
-3760
-1334
-5468
9096
-6199
5292
-5894
8930
-7645
9558
7505
8361
6065
-6082
-8654
525
9247
2518
6980
-4932
-1227
1348
1008
-7140
9231
3203
8189
-3894
-1756
5422
-7206
-2923
4380
6642
-3837
602
8327
6181
5082
-1463
6618
1888
7639
-2382
-1879
6510
1485
5321
-3721
-8344
3072
-52
-7191
-7670
4804
-8137
-3096
2840
-5033
-5537
4317
1769
3258
9614
1637
-5894
1542
3208
6460
-5851
7424
3971
9518
-2059
7783
-4231
-6515
-1502
1982
6951
-2385
8073
-2933
-7766
8625
-6886
4895
-1865
-5590
394
3066
3771
9655
-4470
578
163
-6775
531
9260
9544
-8633
7102
-3023
-3983
4382
9193
-418
-4178
2919
-3711
4075
-5549
4245
-3913
-9021
-8914
-2536
5077
-5859
-7395
-1259
-4643
1780
6240
-2777
-2834
-5765
-1589
357
-1528
5656
2245
-171
-9712
5354
3733
5420
-8146
-7426
-7598
1638
480
3050
-2175
1264
6638
-4918
-5738
166
9419
4773
-8098
-3698
-9052
557
-9678
1033
-3263
-4376
262
-7595
-9953
2565
-4281
-5858
-618
9249
-6653
9917
8992
3289
-4628
-9544
9494
3315
6184
5494
-9477
-7695
5230
-4532
-3093
-5017
1293
6838
7114
2046
-1869
5546
2253
1390
2344
4288
-3329
6224
-6175
5226
-348
7445
9500
-5198
-5561
9523
809
8471
-554
-5146
-4124
2871
5634
-9740
-2392
-4636
-9578
-4012
960
8368
5098
1477
-2447
-6084
250
-4185
6554
947
-5626
-4657
816
-4418
-7194
-2290
-8725
-6312
-3088
-1974
2645
2209
-7629
-4583
2648
-9955
140
6555
-3815
-10000
6004
4925
-8883
9452
8921
-9902
-9351
5464
2808
1368
8099
9743
-6765
3609
6654
6473
5832
-7751
-1799
3056
-9803
800
654
7083
5457
-8122
-9315
5515
4252
8486
-1249
-4475
-7985
-9429
-3208
-5778
-1209
-1787
8703
-5012
2145
4053
-9459
-8725
3167
9355
8045
6986
-5353
-2790
-4408
-6548
5703
2005
-4212
2529
3126
243
-9970
9606
1034
2747
4861
615
6354
8946
8724
-3189
8195
-2367
-1436
1833
4038
870
4682
3611
7580
3535
567
-5408
4509
5020
462
9321
-3094
596
6661
2640
-789
-740
289
7187
-1035
-8254
6806
3897
1210
-2597
3953
794
-2121
7310
7107
-961
-7955
534
4588
3691
3783
-8648
4865
-9592
1225
3938
6038
-732
-3079
5041
-4426
-2800
-3650
4146
-8697
-8201
2733
7689
-141
-9783
-5300
-2293
-6222
844
-6870
1450
-674
8248
4540
-3678
6214
8599
-3123
-2109
-6433
8112
-8400
4261
-2689
-118
-3721
9388
7044
9359
8212
848
2328
4640
-8092
-8780
-5011
-1861
-4203
9229
-7398
7828
-1893
-8323
-5061
-1538
-1439
6909
-9199
-5686
-7638
-6514
4300
2803
3801
-1511
3007
6450
6707
-1030
-7044
-5426
8010
-6095
-9883
8314
-687
5169
-7052
7893
7845
5634
-1625
5238
-5112
-538
6097
-8692
-5233
893
1267
2849
-963
1263
1350
2831
-9288
-2127
3768
-4949
-1975
-6479
9437
2362
-5467
-5763
3336
3882
9148
7398
1348
121
-9544
1119
-3255
3264
8451
-289
6429
-8519
-936
-6093
-7726
2247
-424
6763
5980
-3320
479
568
1774
-2082
-5652
-7682
4197
8778
-2685
-4676
8012
-4229
-1733
7112
-1636
1484
-5837
9528
8263
2219
5665
-2846
9605
4746
4147
5099
9436
2935
8583
7035
4851
7694
-6493
-4842
-6828
-7183
-599
-3730
-8493
8724
3733
3881
-3379
-5547
-2803
2628
-3675
-3326
-5088
1322
-7411
-7393
4253
-796
8591
-4457
-930
7905
6671
7090
-241
3841
499
-1175
-1086
-1999
-4496
4645
7876
-5898
3699
-6461
-4997
1668
6971
1484
-6847
-8586
-9729
3684
5731
-5236
-9792
5602
6333
4049
551
-2197
6917
4222
-7345
-4288
149
8594
4174
-5497
6996
-4109
8646
7038
-459
-3879
-3455
3190
-9573
1975
3671
271
-4169
9744
-7427
7132
-4524
1543
5441
-9774
2108
5178
7184
-127
-8249
9603
-5935
4042
9576
2717
6029
7858
-9756
-3693
8138
-9043
7916
7483
4842
806
-1282
-2608
-2719
6130
-365
-7411
1867
8727
5507
4587
-9825
-6498
-9280
394
6479
-8229
-4603
-7547
569
2685
-86
-1584
-1479
5825
3078
-6511
-4863
4865
-73
7367
-4282
7763
6149
-2384
-5631
9703
9035
7118
4208
8765
-3104
4120
3636
-8357
-808
-3204
-4631
9994
-3226
-4982
1599
5279
-3552
1166
-1544
4550
3621
5850
6438
-1098
5222
1941
2158
-2727
-6138
3783
5124
-2966
2450
8499
-2585
-831
2495
-7570
-9966
6041
-6647
9300
4153
-9228
1267
-6809
6783
9250
2341
-1255
-9572
4944
2872
-2320
-9056
-2040
8810
-2540
7874
8684
-7804
-1635
1684
-1583
-3139
-6350
906
-7846
-9174
-2671
-3997
5298
-1930
536
-5419
-6168
4937
-4815
7126
8594
-5529
-1066
-4624
-1098
-9585
2603
-4563
6888
-2034
5950
2617
-8575
7077
9716
968
8363
-9897
-8768
4853
8933
4567
761
-4436
-6546
1562
2261
-8080
-2416
5055
8923
3983
9059
-9106
-4871
9943
-7040
-5472
-1864
7427
9144
-2353
8688
-9643
-8969
7465
-2200
-959
-6220
-6041
5755
8320
-3241
-2649
9797
1768
1976
129
3867
-3004
4424
-7888
-644
-7585
-6522
-7104
6644
-8850
-601
-7691
6356
-6739
8838
-44
9872
6311
4597
-7815
-4705
-6299
3158
-3795
-8495
352
-561
-1803
-4486
2497
-9734
4126
9480
9560
7433
-4115
-8529
1555
504
-7060
-5522
1028
-4500
-9199
9033
1882
-1590
-2369
-756
6717
2111
-3063
6702
-8238
7084
-5628
-6000
2
-6779
4434
9531
-7779
2641
4459
-8218
-3715
9300
-5558
4652
-5142
-9416
9963
9088
-7442
1381
-6998
5090
-3492
-7023
-1683
8606
-3534
-8360
-4890
3102
3760
-6967
7256
2183
2446
-5014
-8642
-1577
603
8662
-9799
4214
-5341
4869
-3735
5398
-5617
6100
3525
-2161
2932
-8923
1867
-6926
6165
-5216
-3093
-4024
4731
-1761
-6087
3164
-1622
-1938
9586
7670
-4859
4671
4896
2489
4898
-4343
7546
6693
344
3738
-7481
9869
-5495
9829
-7480
-4301
568
828
-6961
-6432
6665
-1346
8202
8514
-9772
-8885
8014
-7874
-8397
-778
4374
-2742
9442
-9260
-1195
6090
-6170
17
5055
4602
-3272
-4647
1501
-6994
1630
8929
5336
4261
-898
-963
-8851
-2444
-5382
8041
1380
4462
-8871
571
8172
6317
5204
-941
-3490
5424
7438
-7698
1265
2391
-3830
7024
1452
6074
1076
-3635
-1732
8209
4833
-9937
-900
-3613
9595
7342
-3391
293
2519
958
-7410
5226
192
1964
4021
6653
7054
-4966
-7712
4260
-6613
8888
-1506
-7243
-449
-7479
-5536
-7030
3504
7526
9715
7531
1901
1287
-3519
7338
5259
-9397
-8466
-5775
-8615
-8604
8639
-8132
8545
27
7035
4978
493
-7783
-3086
2140
-2007
-4923
7400
-1092
5398
-9085
-6706
2665
-2097
9822
6806
2984
-4379
9661
-290
2118
5233
-4412
-6928
9532
-9997
-3524
2996
8969
8954
7609
-3130
-718
-5707
9594
-8054
6943
1033
5540
-5277
-2904
666
9640
5167
946
-3493
678
-1572
-5944
603
-5970
-7514
-6081
1119
6091
-8303
975
-2409
-2417
-4215
8756
7155
-9742
988
3800
2799
225
-5349
-5214
-9302
8490
1980
-2158
5683
1005
-2728
-1922
-9051
4836
5617
8862
-8071
-1171
-3414
6984
3458
9708
2504
-8182
2235
-5221
6918
769
3477
-9755
3807
38
-4409
2647
-658
-971
1729
1045
-2402
8145
7933
-6354
4727
4292
-8802
-7361
2914
-3185
7842
-2144
9794
2792
1434
-9364
-6213
29
-7333
6404
-2688
538
5890
5744
2934
7486
9629
-5657
7570
-7347
6279
1503
-3008
616
2456
1198
-6955
-3258
-3942
-4249
-6787
797
-4528
4044
6733
-1286
-8223
-4937
-3350
-397
3803
9929
-8804
-4432
-960
-1304
-203
-1410
6372
783
-3957
9089
-5843
-3587
8264
6418
283
-9450
-2136
8376
698
2773
9665
7800
7037
8960
-6905
2072
-1196
3025
3065
968
-8406
-4382
-6514
202
4172
9136
7582
-9528
-5766
-7753
-9515
-9810
3362
8265
-6503
-4849
4991
9544
2994
-5135
-4913
9836
-7097
4986
683
-5880
6278
963
-7577
9640
1895
4024
5333
-7901
-8946
-7563
5717
-6454
6903
9493
4894
-9371
7883
-4749
-6536
6386
-9159
-3477
8921
-6129
-8031
-5731
-5221
6202
-46
9
9185
-16
5723
-6347
-6714
2451
5511
3804
1157
-7930
3781
285
-4600
6523
-7850
-6486
9499
2580
1946
4911
9820
6621
-5477
-6658
3245
8953
-9771
-5310
7036
3234
-3529
-3828
1396
1175
-8159
-3580
-6693
723
-1366
-2646
2002
2414
2228
9567
-431
-6316
-2186
4964
-2174
445
4088
1502
1204
-1241
-7911
-8959
481
-4089
70
-542
8874
7793
-6613
-4944
4025
9876
-1597
-9237
-7127
490
-3595
-3867
5532
-2809
-1714
-7520
6826
4407
-30
-1023
2332
257
-3169
-7484
-9382
-3461
9103
3980
5913
-4029
5404
5023
4298
-7248
3886
-8096
8630
9260
1728
-3352
6914
9956
-4149
8405
-1792
-9989
-7941
6954
8090
-1786
-7228
1667
-6836
125
9825
-2325
-6062
-9986
-3297
7851
-4617
5848
-4770
-3529
6567
451
-29
4322
-3553
4494
-9818
-9555
3668
-7118
-4285
490
1052
1279
2394
3453
6806
-9601
-1698
4697
8338
-4593
-3923
5125
8654
-8184
8086
3762
7933
383
3795
8644
2090
-6504
-4415
-9444
-3971
-2025
4288
-5380
-6540
7586
-2702
6182
-9407
6705
6934
-5903
6072
-8090
-5454
490
-1282
2603
-465
-2130
2021
6781
1856
-6186
-8579
-8427
-7018
1240
7401
-5150
1633
531
7884
8832
9434
1938
-4770
6888
-2051
-5356
-8646
-9180
1552
-8275
8415
-1158
3817
8275
-7746
-6969
-2118
8268
5534
-4709
-4051
-8918
5182
2864
3920
5886
1798
4724
-5558
-4606
6073
-4684
-1852
9335
-153
-7339
-4788
-4450
-367
-832
7575
7589
-8217
8345
-843
-1081
-7712
5660
293
1508
3629
-7606
-1376
3247
191
7688
7313
-8760
7935
5747
5987
8285
9195
8690
-690
6654
5092
7400
6126
5969
3670
2299
8547
9368
-899
9439
1983
-8375
-4056
1737
7018
-4064
-3563
-1119
-8224
1163
9029
-1115
-5269
-6493
2090
6115
-9909
1195
-4212
-5952
-816
1322
8571
5321
-7080
-2728
-5950
3616
3499
-9512
2875
3995
6767
292
-788
-6118
-7554
-4600
9637
-7756
8251
1333
-95
7093
-2479
5865
1922
-3430
6845
-361
44
5186
-5846
4878
-7859
-6383
-8761
4612
7328
-1773
3927
-2646
-5142
3408
4588
7505
-2254
-9101
4632
5880
3333
-1557
-9777
-5708
-5923
1952
-194
2907
-4445
3408
-9300
-704
4862
-4736
8024
4498
1244
4687
7742
-2905
-5049
-2192
-1413
8670
-930
8021
5755
-6252
-9454
6051
2481
-4294
8645
6306
-2156
-5371
3520
2005
4836
-6550
4548
8170
8432
3787
-3648
620
1472
1418
-6615
-1233
-1633
-5415
-4745
1866
7860
-1484
-1568
8418
3107
-5615
8476
5609
9959
-990
-1676
4418
-4501
-1590
-2653
-2174
-8467
-6723
-948
684
8563
-5651
1452
-4270
2679
964
-4921
8493
-5531
8122
9118
-1404
-9385
-5898
-2617
-5833
-7164
7204
4854
4206
7203
9566
-8531
2741
6431
-7062
8089
3558
8060
-7322
-6037
984
-9578
-2493
5075
-4875
3821
-1242
-2670
3932
-2105
-3388
1078
-9408
2671
1828
-4439
-9291
-2941
-9129
646
9381
-2164
9461
7130
7271
5462
-9595
-7536
-7866
8488
7639
8850
1422
3810
-5990
-7892
6932
5709
-3898
-797
8495
9611
325
-8033
1727
708
-8619
400
9841
7834
297
9337
-8379
-7077
8936
7829
5887
9971
-7558
9377
-5182
4948
-605
-7961
1136
-1371
738
9074
-5996
8472
6840
-3521
5605
-6003
-9088
9234
6641
902
-901
-6833
-5957
6752
-2138
-8396
6217
7205
-5953
4066
-8950
-3403
1081
4133
-5575
-7670
6705
1516
5017
-7276
-2615
-4987
9526
-9570
5729
-8270
544
5156
5229
-5371
-7210
-119
-7259
-464
8592
-3865
-6758
-9522
-948
-3618
-8110
-1343
655
-9326
-7028
2094
-9266
-7362
9861
-3126
7688
-4178
6385
6860
1099
2033
8702
-6417
-1335
7451
-2177
-5520
4896
7430
6953
1000
-8887
-3197
6110
2639
-8103
-1220
2844
-4149
-5390
-3349
656
-9137
8929
-6300
-723
1164
9990
2661
9536
-8037
-5214
-6354
4827
-1162
-7809
-6623
-8967
5293
-2324
1203
5694
-4639
405
6630
5610
-4039
-3913
-9161
-6005
9445
-3952
-2523
-1320
7997
2709
8239
-1859
8628
6920
-4756
-1451
3515
-3833
2059
4957
-8222
-6580
2056
-2217
1209
8204
6584
9585
7071
3670
397
-4240
4079
-5642
6793
-7702
-1560
-1834
-9958
-2852
-5283
511
7718
9028
1961
-9391
1492
2745
4049
7864
-4676
-1883
2216
7606
623
-519
-9992
-3729
-105
5455
-2792
-3748
-6940
-8686
-9522
7168
-8835
7716
8079
-8900
2389
-2718
-5171
-3662
6361
-8233
4035
-3601
-1277
5462
-6850
5919
-6438
-7613
4273
2543
-1533
-7099
6809
3339
3036
-406
-7834
2172
3569
6470
4636
9171
-4476
-8944
1947
-6285
4568
-3985
-810
5720
4256
-2807
4716
6870
-3283
1307
8385
-3176
8865
3886
8950
1892
5501
487
-9933
5979
-4536
3703
-7414
-8436
7763
-600
-4262
-3508
-3314
3616
-6759
-8830
8879
2417
3988
-4156
-7960
-2600
4458
6227
4139
9786
9157
-7956
1960
4966
-4974
-7385
-1996
-6734
5296
-1247
5094
-2502
6269
7521
-3368
-315
2145
1895
9257
-9457
-1736
-7490
-980
6350
-9574
-8001
7620
-1917
-3663
-8386
-7025
7802
724
-6366
1635
7643
9695
-8391
-4725
8363
-83
-490
3291
-7031
-1554
4552
5153
-1201
5073
7684
-3909
2743
8494
-6021
-622
-1684
5365
4859
-5369
-7831
-1306
-3453
-5178
1658
8
-5599
3989
-4834
5031
3923
-9547
6858
-4616
-5592
699
-9490
-2242
1208
-8022
5430
1971
5810
2266
-1518
-6761
6579
-6932
-5577
-9058
-1662
7030
-7602
5158
3866
8758
-7410
-1793
2411
1191
4930
-6876
-9267
1826
9505
-999
-7689
-9124
4538
-6682
-6742
-6000
-338
5720
4255
4876
8488
-5677
6234
8001
8319
5152
-2205
4882
-7749
-9308
9290
-3843
-8997
1973
-3119
-9021
6660
1867
-2399
3677
9715
-8756
-7610
-4759
7216
5301
-7713
7833
1620
-9436
-5542
8269
5480
2399
-1474
4346
5178
-4843
1014
-2360
-857
1311
7710
6506
984
-9999
2780
-6973
-35
-5194
4072
4132
-7227
-9583
3595
6506
-791
-9971
8090
6520
848
-9107
1765
-6399
-9965
5956
9954
-9134
3787
-5268
1613
5585
1798
-7000
-401
2105
6857
-6445
6004
1005
-3218
2836
-5872
2007
4431
2573
2073
7784
7459
4004
7635
1119
3198
-429
5472
4657
-7887
1022
2329
-1192
-8041
-2729
-506
6538
-2076
-3998
-4466
-6646
-9402
8477
7040
4505
5141
-5301
2707
-6493
-2456
928
-5842
-3665
-6978
6759
8805
-9757
8391
3435
-892
-849
-7323
-625
9167
-5994
4149
3263
779
-151
7593
5626
3459
3473
951
2461
189
208
9520
5743
4086
-2218
8346
7190
-6290
-3571
-1501
5688
-8479
-6699
-1810
-7001
276
9203
-6976
-3295
3440
-534
-1677
-8889
-6011
-1616
-5113
-2638
-5736
9827
5594
-5375
2352
7185
3649
-4105
-6273
5850
-7537
4985
-3388
-9324
-2746
5606
-7027
6598
169
-3278
5694
-6587
-6828
-750
9492
4839
4032
8667
2143
3871
7058
-8078
2807
5148
-2346
3238
2579
-84
9629
-5710
8246
9604
-7455
4111
-5593
-1579
6509
6741
-7561
5130
8413
9327
6916
-4894
4154
-9489
2208
-5373
4290
6502
-5028
-3383
5337
8367
-4915
-8953
7838
8213
6892
1340
5648
-5124
-1706
-5847
-2593
-2339
-4118
6155
-1389
2528
7785
-5224
1048
-886
-3469
6170
9511
-3222
541
6708
-9672
-9304
2370
4569
-7466
-2116
-3320
8800
9666
5175
8042
-1840
-3808
-1926
6324
2891
-7176
-8680
417
8816
-4283
8505
-3657
9311
-9931
4800
-9396
1102
-4135
-8459
8525
-4825
6158
-7196
-540
2919
7810
5745
1967
6619
-4898
-8481
3581
5434
-9638
4384
2738
3279
-8733
-3620
-9369
9088
-2604
6113
8131
-8360
3205
-9857
-6143
8694
-7516
3534
-6652
4566
2795
-7409
-484
-2100
-4399
3611
-7306
9925
-5423
-3100
5684
5906
5308
5443
6210
-5354
-926
4067
-2025
1372
5144
5968
-683
7525
-8532
3360
-7176
-5343
2587
3984
7991
-8931
121
6137
-353
5763
-2193
2339
5418
5238
5846
5586
-3635
8811
8360
1676
-7612
8268
-3253
-8608
9687
2713
9765
2116
8575
-1267
873
-6042
-9449
3319
135
4675
-9680
9384
-2885
-4056
920
7
3329
-6075
-4030
5141
-674
6213
-6460
-9073
4524
-6537
50
9950
4623
-6190
8982
4687
-6674
-4577
-8161
-8077
9008
6270
-5673
-5534
-4129
6914
7288
-4572
2055
-4470
-9260
-8606
-7739
-4086
5442
-9607
-1213
7293
-5588
7836
3516
3861
2141
160
-1544
-555
3615
6727
-6760
-4587
9419
1159
-9715
-8127
-6426
5438
-5674
5945
5479
1175
3829
-5616
6545
6368
2085
-412
-3964
-4053
409
2611
-6550
-2533
-3350
-3391
4578
8598
-3319
-3335
-7508
4676
-1280
-2990
682
8159
6329
8655
-7024
-5177
5224
-6052
9605
3074
-3187
5943
-3837
915
-4722
5802
-9053
-2525
6670
-3458
-5641
3901
4899
6389
1977
-3112
-1773
3191
8930
7512
-6549
2367
4549
-6535
8865
-1761
-7223
-4998
-7949
-8143
-6052
1175
-4745
1913
9107
-1809
-917
4417
-4375
-5671
5365
2004
-7894
1277
-5475
55
9718
8583
565
-518
1130
4669
-3369
3137
-8402
-9260
3995
-6992
-8094
-8931
-1083
-7993
-7998
-5948
-4778
-2755
6990
-7162
-4756
-8852
4959
-3050
766
-3999
-1034
-2613
9003
6993
-3596
2126
268
3435
-6714
9445
-3207
4211
-8222
-5933
7648
-5290
6404
269
3197
9053
-3858
-834
-4041
4368
-3296
-679
756
-2912
9148
891
-4464
2937
8665
-2657
-6390
-86
-8273
7845
-8471
6880
5110
5477
9624
3133
1531
-1576
4369
-892
8921
17
7303
3058
-9660
-8912
3359
2574
-6524
-6185
7289
-8185
-4840
-4451
3177
6980
9658
356
-2818
1312
-4316
2887
-7165
-7715
-2931
-1263
7490
4089
-6290
3534
-3043
3299
-2192
4844
2835
-1957
5820
5502
-5599
3714
-959
-2388
-3189
6801
2819
-3248
-1997
3783
3064
-7850
-2910
-5034
2121
9389
1708
922
1563
7112
-9554
-2342
-6514
3201
4236
4543
-1962
102
7409
885
6620
-8453
-1957
7183
-5244
-2892
6404
6005
-1319
-9300
6053
9046
-2168
2943
8036
9019
1680
-3316
6801
1808
9240
-8057
3192
6966
6048
-4137
6770
7618
3512
-1009
2971
274
8454
3551
-63
7050
2781
-3206
7379
7459
3105
4447
-6489
5865
3313
3018
9666
-2431
-1188
9979
-2323
-726
-658
1196
8477
-8201
-4954
4161
-1101
-7358
8055
1790
1128
9501
9020
8908
6238
3789
-3161
-8705
1133
-833
7410
2417
5281
7697
5199
1987
-9291
78
-7778
-9421
-1666
7694
7115
4544
2693
-4848
3596
-7370
-6931
3153
7379
6260
-1352
-8417
-6136
-5496
6657
-4191
-4508
-4471
-749
-3710
-6751
4637
-9663
3118
9188
7971
157
9193
-5335
-7011
-1610
-2231
3382
5092
-4085
4047
-1183
-1597
361
6964
9935
-4464
7767
-1812
-4892
6971
4105
9106
5697
-9875
-1514
-3503
-4806
-686
508
9791
2579
-9637
-821
-5692
-361
-9801
5716
1364
-3971
-452
7974
-8011
-2626
8446
7911
-9634
-356
7494
-4118
-1906
1000
2995
-9654
6267
-417
1295
6363
-7492
75
2453
9464
1032
8844
5282
4162
5843
-7896
8693
-2250
9464
337
1417
-3010
8038
-7092
-2047
8196
2491
-2967
5977
-2815
5567
-1108
4723
-1433
2779
-611
9972
-5161
3990
8799
1095
1978
5835
-9925
-3920
-9970
5303
-3158
-7335
4237
-3916
9256
-5268
9218
-8135
-7249
-1893
-8829
3665
-2851
1826
-3235
-9342
-1489
-8158
-4174
-9686
-7522
6966
6909
9269
9559
1509
-5662
-706
3133
5603
3528
-7665
-986
-2046
2562
-7390
4995
-4828
6906
-9204
8935
80
8391
2872
-3729
5216
-7303
-2522
-3438
2097
447
1151
-2079
-9302
9824
-5691
4219
6832
6447
-7699
-1556
7604
-9523
-2443
5357
6303
-6889
-2814
9952
5421
9684
-1289
2591
-9621
-7513
9830
6510
1725
3842
-8066
6537
7272
5351
3833
9335
-381
-1819
6425
848
9961
-9700
-4731
7967
-2910
9790
-52
9784
-2840
603
-9941
5151
9748
6752
-6389
-3852
6915
5950
4479
-1842
5480
-4109
-5243
2926
4172
-1784
-6284
6788
9762
7378
5170
677
2143
-2533
5258
-13
-8350
-6290
106
-862
-5235
-1384
-3652
-8020
-2759
-7891
-9495
5709
-8717
4858
-1267
-5769
-3596
5085
-3782
3404
4942
-6854
7402
4372
-7566
-3126
-6012
-1597
-2123
-9357
6162
705
-8565
-1306
3059
1614
8376
-4408
-591
7398
4671
9861
2121
2489
-1826
-1293
-1052
-2296
561
-6276
8945
-5025
8399
-490
1375
-3663
-2962
-4592
3411
3242
-5028
5630
9330
4564
-3635
4276
3778
7466
-9394
-3774
-8183
6214
3536
1786
-1963
-7058
6758
-7762
5664
-4881
-37
9895
1854
5682
4770
-118
-817
4966
-5362
9185
-3060
-4641
-7842
-6013
-3197
-7932
-8546
-7660
3679
-5591
5292
7342
-8291
7713
8534
-3431
-6947
-2892
2708
-1614
-5381
3616
9431
6186
-6399
1613
1253
5763
485
8759
2797
4224
-1234
-3860
8843
6169
-1072
4251
-3926
-8769
6967
9085
-1215
1960
-7900
6221
4641
9216
2504
4002
-7953
-3106
-2677
-5047
-389
8239
1644
-6031
-5928
-3075
3002
-9519
4841
-9277
-7700
4833
-8722
-839
5407
-3800
-3805
291
-7655
7098
2194
-4981
3346
-387
-1617
217
6251
1626
-4295
6223
-2641
-7584
-9222
8621
-8927
8224
-323
5931
-3076
7725
-2364
-4797
-9631
4476
-4501
206
122
5804
-1447
9097
-8364
-9486
1835
-8968
-3240
3736
5354
9418
8618
5065
8601
-6821
8403
-5085
-9661
-4958
9363
-8992
8385
-8367
-4929
8223
2016
3851
6426
6264
6539
-5615
2857
-3758
-3314
-6338
8101
-8725
-1617
6408
-4616
-4276
-1350
-1827
-34
-8844
9927
8873
-2257
-1019
-7407
-5225
7304
6006
1826
8983
7171
-9041
-2694
-1991
-6504
-4499
-9043
3373
-4529
9501
-6060
333
1237
-8205
9581
-868
8845
9835
-5187
805
844
-5040
-7650
2768
1680
-3970
-4750
-5031
-8368
826
1003
4839
-4151
3628
-34
8342
-8586
2369
-5749
8146
-1214
-4411
-9241
-8651
6133
-9467
-1488
1352
4964
-8005
-9767
-5139
3499
9110
5670
5950
-6932
2735
-9759
6492
5817
-9542
433
9006
7533
6665
-1704
-656
-6218
4531
1530
-6542
-2869
5754
-526
6786
-6880
-7259
-9429
-3968
202
1917
2301
-8567
-9898
8504
-1577
377
-734
-4713
946
-8366
-9462
-7456
6283
-6390
-7413
-8599
1095
-9113
5287
5925
2351
2845
397
4044
1999
2595
-5354
-5235
9926
-3310
4962
-4076
6547
-799
-1954
-6333
-1703
-2405
2035
-8212
-3839
798
8494
-8321
-4881
-9634
571
-4573
3925
-4444
-9317
1356
8501
-7077
4114
3719
1113
1918
2120
4427
-7248
-3628
645
5421
534
-8987
-4179
-2854
-3992
-3446
220
-9311
-5534
2808
-8053
-3661
-3712
9641
8383
6506
-1811
-3603
-410
-8331
-4367
3493
4329
6806
-1497
-5466
-5715
2626
-4381
6520
6351
6477
1569
-5313
898
3904
-6274
-9751
-933
-2393
4052
-3696
1809
6856
-6584
-8120
1765
-9492
-2141
2635
474
7163
3879
-60
4646
-1013
-7118
7138
-6773
-3004
4509
1784
1331
1111
9025
4728
8388
1090
-3098
9122
7678
151
4882
-5542
-334
-9840
9659
6292
8420
-9919
-745
502
-4261
8911
1085
9461
1802
-1407
2224
4820
-4724
-9360
3735
-7838
3403
2904
8830
5896
9892
-1203
1821
9736
-1289
-7286
5192
2982
2612
6159
4176
6239
4356
-1923
-9782
-2064
6102
-58
9145
3607
-199
26
7152
9384
-6953
6276
-9285
5565
5036
-9352
-2020
5949
943
-2787
4382
6463
-8840
859
-9205
7549
-4543
-7018
-29
-6400
-6883
8441
-4139
7106
23
-9285
-8050
-2215
-7614
-8661
-4215
-4572
-1053
6804
-8802
7157
9147
-3862
-3175
1049
5193
-4033
-9477
-1254
2988
-9373
9504
-4446
729
1620
-2379
-7935
-6801
-5718
7839
9751
777
9996
6075
-6079
-9604
4263
8856
-3261
-7393
5820
-1433
2273
-1734
5129
-5923
-8938
-9833
3697
6696
6262
-2059
866
2874
3558
-7355
8400
4337
-4812
6311
6457
3620
4911
1061
5767
-6353
-1560
6531
-3599
8197
-4217
4970
55
-7766
1323
5283
5647
-3397
-2656
-8460
6722
1572
745
-9668
7080
-9208
8249
1654
-1183
-4968
2613
3546
-8684
-5552
4430
-2234
4853
-1441
2288
-9989
5778
7019
-8365
-3
-4468
5553
7249
-3106
7551
7038
188
-2520
-6298
1691
2225
3957
-5154
-5278
-1502
-1298
-4983
-6266
945
9373
-9211
-4970
1111
4884
-8356
-6164
-2717
-8829
-6233
9803
504
-4559
-9457
-7888
-7882
6102
9619
-1789
-543
-6587
-2318
4565
-9541
3902
-1292
-1117
-9385
8242
-3856
8509
8950
-4120
1750
3198
-1925
3834
389
3314
-2431
1419
2134
-8949
6095
6208
667
-1192
-4629
4796
-35
-1906
-6127
5425
-5629
7215
-8072
2961
-9212
2240
-201
81
2703
6577
-3587
5380
-8356
-547
-4068
-7611
151
-1197
1171
-1165
1338
-7382
7164
-2889
-2847
-4482
1663
-9584
-2138
669
8892
5685
-6771
-68
9240
4883
-1935
3733
1589
-9399
-899
5074
259
-3507
5576
-9336
9306
2012
-792
292
2480
-420
8116
-4255
-3516
-7651
7733
-3459
954
6464
-3875
6596
2085
6422
7056
5197
712
-6250
532
-6146
5659
3780
-4394
-1508
-6810
68
-7198
-6196
-1693
-659
2121
-8306
7033
-6557
-2946
1629
1193
-2230
3619
6537
9566
-7016
-1962
-9438
-1459
-3897
-8179
1642
1343
3707
-559
-7113
3657
-9508
-5590
1345
-1836
-6135
-8446
-9393
5676
-5518
6316
-8124
4525
5702
1830
-89
8306
-5823
-8411
-6277
-7146
5647
-8123
9073
-9636
1912
-7153
168
9401
7313
4877
-8397
-5012
-9947
4246
7653
-6880
6753
-9048
5027
-5645
7342
-6858
7129
8998
5090
5587
-415
4498
-9122
468
9068
2527
2237
-5271
2548
-6496
5863
2407
6863
-1151
471
8034
-8981
-1003
-8397
-4577
9844
8400
-1282
-3473
-910
-4387
6325
8507
9007
9576
-1176
9618
-9071
5267
889
5425
-1664
-1158
6892
9759
9819
2275
407
-4885
1147
-2456
9203
-2302
-2929
-4925
9983
7020
-1495
-9905
-8659
-5522
-5745
-8293
-8184
1721
9543
-2962
-6554
-5568
2430
2689
8530
-9320
-5419
-1800
3023
9763
-7961
2361
-1279
239
-5237
-4182
5407
-3124
-4988
-5497
-1989
6366
-760
-8120
4555
-4142
-5837
-9506
-790
4032
-3416
-8857
-804
1357
-9412
7370
-7446
-1559
-2766
4167
6201
-8316
8231
9795
9577
-4598
5827
695
4049
-8157
-8083
2951
6932
-4782
6665
2488
6781
4368
-3738
3159
7947
5270
6037
4509
1367
8114
-1298
1598
4840
806
3070
6659
3733
982
7189
-693
-9980
4130
7610
-5577
6309
4346
3926
5503
-1667
8842
3967
4290
-5396
-9473
-7714
-9860
9952
-457
2308
5031
3689
5650
4644
-4740
7942
-4000
950
3360
-3339
7595
-1640
-4484
-4412
-5410
-9118
4063
1396
7492
-3142
6077
2836
171
-3900
2690
-867
-1589
7105
1078
9721
-3221
-3872
-6367
-2455
8300
-1113
-7577
1682
-7611
-8956
-4196
9252
-296
-4710
-8117
9655
211
-9500
1603
5098
4086
-1761
8082
-1815
5741
9372
2206
-1109
-1767
-631
-2083
-6770
8326
-4045
8514
-4812
7328
924
7666
4083
5369
-826
-9433
2691
8354
-5931
1829
81
-7459
-8787
5996
-4199
-7753
-6402
-6599
2306
-2685
-7753
-4868
7725
8549
5034
6564
-2566
-7035
5381
4570
4622
-8519
164
8505
-6493
-1578
-5030
-690
-8049
1167
-9800
-2948
-3236
-7047
4368
-3716
1777
3761
-3182
734
-286
3896
492
-1299
5614
-5264
8258
4098
3578
-6522
-3732
-3778
6576
45
-2901
-9307
-9668
-2367
9440
2980
8952
-5803
-4822
-452
6545
6061
9336
1742
5177
5732
9321
-9286
95
1776
-1607
7395
1087
6472
-3003
-5327
401
-8090
-2599
-3996
8728
2122
-9768
9705
-5543
-505
-6790
6406
-1589
-2019
2195
-8262
-9576
-5021
5421
4470
8446
-8940
-3084
-1206
5202
-7632
7755
-3596
8947
-8385
4570
-7682
-6117
6851
-2259
-9025
8342
-9200
-8222
-2819
8663
-9389
-1134
-7637
-8027
-5298
2632
-5561
-9242
8706
-3121
5351
4058
8799
-1159
-7376
-7413
-78
6845
8151
5549
-482
-5349
3864
4815
-3149
6779
-699
-877
5749
-2254
-1245
4659
1817
-7030
4225
-6344
2876
2327
1792
8757
-6375
2969
-8950
-8125
-6700
8081
-4296
4258
189
-2963
8295
4071
-8684
587
-2369
-3835
8919
-7335
3900
9002
9346
3493
-1605
-2772
9080
-8976
5984
-1856
-6289
8178
-6697
4304
-9924
-9610
8183
-3519
-5702
5824
-273
7735
6671
-604
5380
3809
-3444
5898
-6769
-1486
653
-3983
-5893
-9661
-7717
854
-6131
3331
8677
-1319
-7414
-6433
-9381
-2693
931
-4745
-6888
4233
3950
1733
-8852
-9255
8182
3729
-5210
7877
5920
7532
1276
-6225
-6268
3974
1498
6916
-1062
8693
-4904
-7248
75
-4113
-3946
-9325
126
-2982
409
662
5264
-3957
-5984
2817
7810
-7449
-6175
5147
-7189
9321
8065
-3087
-9031
-7354
9411
9253
2162
-2320
9045
3510
-8769
-6140
-7887
5151
9010
2540
-4245
-6804
1218
5186
3311
4590
-6855
1730
-1343
-7934
-9378
-4147
2559
-8618
-9245
6887
-6038
7701
-6834
-2580
955
2008
8667
2660
-9473
7953
-2241
4436
7314
-3430
7615
-9445
8915
-1319
4084
-4416
-4403
1453
6365
8484
7327
-5930
-5452
-1552
1582
-1226
7576
-1753
-1502
3913
-4330
-213
9314
9989
-9487
-7464
-9909
3313
-1891
1331
5121
4306
-1727
-4732
6656
8601
-8946
5701
-4602
-302
6187
-8806
-1385
6622
3025
3693
-1381
-6487
6482
559
-5277
-4876
-2767
-6191
8666
791
4409
-7237
-7921
8034
9429
7825
3780
7176
9154
4716
8973
6217
-8185
-3087
-2459
-9122
-6100
9939
-9510
-9418
2943
-9502
6550
-5536
606
-3582
-6643
-3986
9646
-4529
837
-1110
2321
-9601
-1223
5594
6809
1489
1314
-7865
-3970
-1050
-5624
-5246
-5929
-515
5404
8154
5816
9048
4854
-8599
9174
-6552
-6678
-9827
-5451
-3860
-7966
4211
-6078
-5688
-8870
-8443
3360
-234
-5990
-7887
-5063
3339
-8966
-3875
6467
-9592
-3303
-7730
-518
-7198
-3830
6571
3323
9934
-1714
-1082
-9116
-8178
-4663
-5527
3028
-1904
-804
-6177
-8903
1713
-8493
9257
7738
3395
9002
-1792
4023
654
-4574
-3517
-6450
2878
4469
9723
808
3853
1254
-1375
-242
-4533
6214
2765
8333
2457
-2887
8823
-8067
7030
9296
-7241
4277
6210
-3218
7012
-3720
9760
-3415
5144
-3678
1078
3674
-8894
7830
8189
-3317
-528
-8123
-5364
4846
-9834
-1657
-7626
8194
6341
802
3282
4281
-7327
-5443
-2511
4258
4396
286
-1351
-1468
1965
-5478
-1956
2466
-6544
-8497
4629
7008
7895
-7833
-1946
6455
-6500
4559
-3874
-1474
1700
1907
5224
-5182
6220
-2840
887
-6097
1613
3026
-4647
-731
4012
8200
3131
3886
7650
4484
-9297
-3132
-1760
-4586
4628
-595
6754
-4426
-797
2911
-3763
-511
4960
-3791
7471
6921
-8659
4631
-6346
-4204
5298
3142
3411
-5048
5297
-3968
3232
-1463
171
-3359
-4063
7792
7392
1323
2010
6158
-2528
5226
7619
1083
-3509
4526
3855
-1307
-8160
-4518
5675
-5203
4000
-6206
2897
-653
-2804
-8196
-6826
-5755
5223
6943
9648
-6708
2918
-808
1160
-8671
5206
8453
5583
6086
3471
3254
1987
2704
-7783
7869
-3362
415
-2480
8285
424
-9319
7783
-9648
5419
6804
-9377
-1369
-3052
-2122
1378
3286
3123
3961
6643
-7264
-1128
-8160
-7451
-9030
9555
8070
6419
1620
-747
3815
-9136
-4830
-3398
9496
1820
5606
2857
7836
-74
-8727
-1450
6660
-3679
3535
-4217
-7869
9474
3122
-6182
8865
4587
213
9473
1755
4225
9610
-7224
9963
