12650
6200
-9606
-1123
8727
-9670
9798
-763
6715
2517
7617
2144
-5392
1278
-1587
-3290
1452
-3415
-7189
4090
-3865
-2684
9968
6663
-9320
-9192
-3643
6189
4615
-4390
1905
5493
-5769
-9368
717
6304
-8951
4600
4349
8288
576
417
1343
-758
6626
4118
5636
-9041
5589
-2953
196
7938
-1989
1363
-1886
9472
5250
8275
9890
8946
-3487
2836
4704
-3607
9208
7610
-1095
-3684
-829
1425
7135
-119
-5272
9820
5818
1310
4739
5601
5372
2728
3313
5715
3048
-4392
9585
8163
-6549
-3318
-8431
-2841
-9014
-3424
7788
-6889
5970
3481
-6165
-4554
1681
-5723
-1520
3008
-1481
-1229
-8498
7487
-8425
1832
-470
2155
6747
2122
-4996
6914
-2948
8651
-9173
4694
7095
-8731
-5831
6285
-6005
-6057
-6389
3045
6254
-2767
1978
-4016
-743
-9565
-2466
-2947
-31
7949
7022
2196
-7518
-8925
-225
7942
8634
-3691
-2459
-6577
-5805
442
-9749
2432
3574
-8884
-5305
7587
-759
1176
7996
8693
714
-9061
-4399
9453
-5835
1440
-4339
2111
-6731
7430
-1595
-812
3104
402
-7375
3141
5137
4108
7412
-6472
-6199
8081
7773
-1349
-1695
-7927
-9271
2517
4432
3862
-7578
-7970
-8968
1854
6468
-8685
7685
968
-5186
1742
9045
9561
5323
-1049
-1768
-4633
8250
-7361
6034
-4462
-3789
9577
4950
-942
9241
-8193
-1310
-8931
-5709
-6960
-4405
9610
-1720
-8744
2730
7989
7265
-9212
623
2410
-5164
7636
8467
-391
5045
-6160
-1745
2380
6975
960
7172
9970
-3827
-1300
2062
8039
8175
9710
-2283
-5932
-4673
2401
-335
3203
4523
7203
-6905
5081
2484
-8935
-4119
7777
6369
-8643
6021
-2572
248
-1611
718
2772
-5855
-3833
9947
-6159
-8388
457
-9364
8044
281
8889
-7701
-8564
-3349
-4885
2791
4247
7510
7508
-3328
7499
2590
-9622
-9702
-7965
309
-6472
-3337
-4420
-9350
6849
8193
675
3050
2724
-2799
6306
1547
-1189
8704
1638
8091
8853
2176
560
-5231
1090
-4281
5495
-2364
-8615
5111
-5547
786
-4727
6518
-4562
7266
-830
-9404
4884
717
7953
6989
2870
-2345
-3929
-3068
4392
-6459
6888
1697
8798
8357
9652
-6917
5597
3567
3735
244
1711
-3636
-9072
-309
9318
9675
-3020
2414
5920
6184
-3292
-7954
-7706
-9369
3607
7021
-8390
-7048
1142
3962
-3589
8334
-822
4239
8177
8004
569
675
-4851
-6881
-5216
5605
838
-3044
-7078
-1515
1793
1423
-8584
-9439
-5992
-9012
5315
3101
1617
-1434
4801
-8313
7414
-2660
-9043
8259
-6952
-2806
-9990
-1074
737
-2966
3313
8921
-5644
8826
-6329
-3332
9509
5879
-6544
6699
-5973
-4282
-5744
-2088
4842
172
1792
1514
914
99
4862
7284
270
3873
182
-4028
-6736
-5088
6659
-2412
-3658
-9425
4069
-3866
-6347
1982
3727
-4577
-4371
561
-1345
4909
2459
3584
4671
-4380
-8455
-8445
1225
-5805
6898
8185
-548
8129
-2227
-9559
2802
-6817
-7716
8873
512
4881
-2905
-9317
-8475
8813
-1152
4109
3075
4464
3454
960
9265
3334
6335
-2709
4890
-4436
-1784
-1208
2855
5489
3559
5293
9972
-4857
-8347
555
-6024
-8886
907
8856
-6651
6568
-3348
-3861
6013
9003
5030
2303
-1466
-4203
1123
-6731
3161
-5313
1574
5120
-1520
-1665
6343
208
-9129
-3720
-919
1816
9878
-995
698
4481
-8540
643
-4383
-6932
-8833
-2557
141
1952
2389
6761
-9720
-2325
-2006
5685
-7311
-5882
7139
-1332
-8308
-9851
-3282
5477
672
-2136
2320
-8875
7163
7845
1287
578
6716
8929
1858
-814
4683
3742
-5720
-6344
2461
-59
-3736
3762
-2810
-6335
-5121
9625
839
8158
3274
-7542
9544
-4014
-4370
-8776
6748
5494
-5498
-8040
-7714
-3506
-2017
-4416
2069
-5752
1944
4705
4493
-8283
4171
-6337
-1741
-1121
9431
3072
-8618
2955
4226
1021
-873
1845
-2438
-3668
-1857
280
4791
-9818
-2132
-7942
-9926
6526
8548
2697
1031
2821
-5481
2897
-5979
-7618
8700
1269
9469
1322
506
6066
-8681
-8572
596
5903
-2770
5405
-9618
-7318
-4129
2758
2744
7648
3007
-9615
5903
-865
-2007
-9254
-9981
8706
-1747
-3420
268
-5245
616
4446
-7795
-9716
3308
-3975
-5708
-4541
-683
-8141
-224
-1982
7347
-5293
4301
2962
-1556
-1965
-3905
-7599
2685
9144
-5522
93
-3522
2963
1964
-4794
-6473
-149
8399
-8842
-2162
5237
7404
9006
229
-3500
-571
7385
1444
369
-4607
2018
7426
-9183
-9557
3417
6318
6625
4228
-8016
3004
5088
503
-7737
8630
-9282
6071
-4633
-4571
-1674
8335
-3533
366
344
9462
-3679
-3440
-412
-2055
4563
-3336
-2559
5004
-7101
9221
8787
853
-3048
785
7582
9662
-847
-3400
-4563
-9450
-8080
2464
-7782
7196
3567
761
-7288
-312
2780
8648
728
31
2078
-4919
-1838
-7016
-8772
-487
-5560
8024
-2345
-8979
4139
8875
-346
-6385
-3972
-7878
1299
-5317
-2147
-7757
5244
-4930
5422
1441
9394
8925
1769
2647
8816
6105
-5864
1677
9788
7038
-2210
-2981
3050
-7862
4119
6252
-4357
-2461
8824
-1204
5449
-8967
6203
1278
-4297
-5672
7678
-4755
8097
7829
8192
6740
-2982
-9452
8323
409
5499
-8668
-9770
5475
-8800
-7674
-702
-4290
5910
-9807
9111
-8274
8039
-5788
-8144
-7869
-7703
-724
-5389
7725
8249
509
-2486
8202
-8950
6528
3884
-9875
3468
-431
-2900
-2957
-3776
-6123
-8466
-7350
3870
3007
4569
-1447
-1855
-9021
214
6800
-7613
-9171
8561
1607
738
-4758
-6841
2977
-7970
5958
8826
6209
-7414
1280
-149
851
-6409
48
9189
9611
3997
8127
-3494
-4630
-3469
6472
-7092
2463
-127
-8327
4263
9174
2581
-7780
-2378
9250
251
4009
-7904
-828
3646
-1089
-5702
3151
-8240
2708
-7342
-7678
6158
9615
5767
6211
-1535
1859
1316
-1363
-4987
-6337
3176
8401
-2572
-7325
6505
1705
4485
-2972
-4785
5147
-7169
9803
-660
-3087
3754
8007
7497
2157
1135
-9852
4775
9881
-1165
1310
4243
9593
-415
3863
-1679
9224
9440
-1838
-9147
9378
9610
7952
6086
5293
6818
-4593
2754
2793
-2115
3727
-1783
2490
8723
-1828
9083
2668
8950
1048
-5504
-2357
8850
5511
-9667
548
-2329
-556
6227
-4284
4235
5474
-2404
-3544
7516
2447
-5342
7575
390
3225
-8370
1156
849
-1886
-3514
-1024
1171
-2812
7802
-4325
-6986
4539
8552
-729
1484
5267
-8560
-1545
4233
-1359
4808
-1812
-8013
-3775
4486
5906
9823
-9968
8474
-3845
2145
1347
-8669
-5052
-9342
5681
-8420
-6930
6998
2524
-9756
-9753
-4016
2410
3535
9479
3410
1489
-2014
3481
-2699
-7506
-7774
4117
-6499
-3288
8106
4207
6928
-8249
6576
4566
-3686
2503
-6964
534
5357
5731
-9328
-5733
-3360
-2292
-682
545
3186
7968
-1465
-1467
5159
-6713
-9219
7657
7535
7385
7802
9580
5349
2753
-4528
-4190
-3407
5504
7509
-3286
-1490
-4592
-8528
1590
-3639
8076
-8904
-9740
4929
-512
-4747
-1301
3014
1555
5203
-2662
-2363
5351
7478
-4332
-5059
-3500
-5530
7416
-2282
-1587
2917
-5358
-8828
7659
-4010
-6924
-6095
89
2297
9499
2507
-8413
6406
1568
4105
-2330
-1594
-1451
-6060
-9169
-6424
-8606
-9845
1194
4846
5880
9628
-9112
4495
-7560
-361
-5519
7325
-7212
-6657
-104
177
1213
-4389
7642
-5654
-3920
6591
1341
-1917
6567
-1464
1227
-647
3381
3142
4734
-3660
7381
1027
-1946
3820
6226
2311
-9537
3782
9738
753
6243
5299
-9533
1443
-531
7557
4694
-9758
4609
468
6560
6693
7919
4519
3765
-2781
7858
9850
-4583
-7481
-1439
-8732
7969
-3839
7956
-5891
7100
5859
9627
7386
4606
-314
-3355
-6752
-1607
6597
-4050
6256
-9560
-5325
-8633
7239
6018
8068
-5680
6737
9349
2570
6893
-2854
4882
-5608
-4753
8294
5583
9409
-8565
-4679
-2862
4947
3744
5267
7952
7540
-1211
9668
-9269
-1161
-5863
8487
-1804
-2079
-9769
6894
-1088
-4381
-1949
-9986
-5951
8607
-7861
5775
5334
3007
5627
5997
3156
8376
-4496
-6153
8683
6210
-5956
-9771
3483
-4010
4623
-5953
-5895
-7854
2722
-273
9484
6711
-9397
1653
-8281
2027
-5282
6709
4334
8828
6031
-5589
7725
3369
-6766
7084
-1179
-5287
6153
2144
-2066
1396
7371
-4066
6361
-7795
5769
6351
-3382
6512
-30
1609
2494
1589
-6769
-6679
-6925
-3686
-3475
-2117
-7296
-5495
6052
4943
-9812
-6895
8404
3812
-11
-1218
-6420
-1290
-3850
6112
6729
-6348
-9137
-6678
8437
-2105
7977
7932
-8757
-9869
-5305
7703
-2181
-6981
-1282
2441
-7532
4270
5556
-8454
-1417
7342
-396
2556
-1612
33
-9128
-907
455
8037
6275
-7500
6415
-1814
-361
-9758
-4354
-8624
2868
7864
5574
-3380
-2818
9575
486
1651
9175
4834
9956
3531
-3750
3099
7381
2216
7042
-9306
7173
-7912
1948
1953
-8925
4065
-1879
-5725
-7062
9775
3064
-116
2738
-3601
-6170
-4384
-6892
-5604
780
-1136
2398
-9890
491
3471
612
9712
2153
-7774
1786
-4170
1914
2890
658
-1761
-6731
-1562
-681
-4841
-6210
-7839
5385
-1657
5876
409
-3883
-7991
2273
-8411
7316
7390
-3471
1885
-9982
-2800
-7598
8064
-6971
2311
694
-9895
9702
-9337
-769
1198
-2558
-9057
-294
3423
4370
7464
-6529
-4241
8123
-9602
-3847
-2894
-8051
-9373
-6048
-1133
9313
-1009
5722
-2788
-5316
1133
-8755
4659
-977
9181
-21
7109
-1200
-9956
-3722
8882
6254
-3072
-3463
-1619
-3575
5714
-642
6441
7403
-4977
4361
3852
375
9721
-7527
-5264
688
-2811
7650
-1366
7959
-1219
7002
-165
8719
-7168
4600
-6679
8750
-9118
3005
5851
-7410
-78
2178
-6653
9369
-6491
9087
254
7391
-2620
8639
-2072
4945
-3951
-1052
-1686
-8864
-8656
3330
5936
8809
-9032
-872
-149
2718
3414
-3777
-2592
-1619
-1459
73
3452
3676
-8801
-7214
-6185
-802
-4576
-3552
9514
-8425
6263
-6423
1030
-3684
6566
9356
-591
-4452
-8080
8989
-1266
2070
3616
-7930
7256
5558
-7827
7927
-8225
3361
-4105
2751
-1255
9676
7947
1368
-395
-7563
-7893
-9268
-712
7103
9738
-1680
183
-4232
-9941
8066
9802
-8685
-6346
4391
3006
-8147
8298
-1267
2844
-7760
3652
-1401
-9731
-4674
8720
-2913
-4552
9746
-2436
4949
-3100
-6113
7183
-1574
-8294
5644
5128
7606
-5481
1533
-9427
-1145
864
-1457
-4608
-6449
-6978
7997
3555
-5550
-5336
5618
-3512
-6950
6811
1671
1912
-9473
4185
-1846
-6929
-8801
-4902
7929
-5731
-8811
6111
-2023
-1855
-8886
-5091
-6914
2856
6206
1422
-9092
-8891
-2664
8953
-780
-4228
-4740
-4251
-6180
5068
-9674
7386
6726
4815
-4637
5921
-4266
1907
-5957
-6320
2042
7949
5272
4059
-1014
-263
2903
-1150
-8143
9726
9288
-8300
3454
-9194
-3222
2875
4310
5223
8309
9537
-2940
7534
-40
3411
5842
3944
-1870
1759
-39
-5491
-1575
6191
7972
275
9162
-5004
-7985
6679
7304
-2044
-5394
8722
3527
1058
4933
-5456
5259
2639
-5253
-3870
470
3195
6751
8391
-7761
6717
-8439
-5510
-8701
-5220
-4174
2936
9523
-7493
7129
-7565
253
-5842
7539
3736
4354
-5884
4932
-5479
-6759
-8844
-8870
1696
2588
3816
-4187
6127
-5571
-9255
4025
-309
8168
-5756
4512
-4256
-5681
-9591
-6391
-2849
-707
1966
-5073
647
2282
-3547
8491
6832
-3240
-3699
2507
5454
3334
9292
5706
1361
1483
4199
-6631
-9193
-9472
7341
-4196
-3706
9046
-3884
-4444
6179
4892
-2957
-6867
1050
-1119
2380
7802
-7035
9706
-5770
-4080
1621
9357
6727
7375
-144
9706
-6373
7178
-4588
5907
-9645
3322
1757
2934
5055
1399
1912
2785
-30
-9498
4897
9960
-4936
-3286
-7593
-7744
-2259
7130
1147
4296
-8810
8777
3690
-9678
249
1903
7504
1791
-2553
2260
9879
-9541
-1727
-5396
3387
4551
-853
2516
-7964
3701
-852
-1404
-4606
-9836
-1959
5805
98
8437
4737
-9782
1424
4675
8555
7538
2068
-3887
-5483
-7976
2603
-942
-9397
4492
-1175
-752
1223
3025
-2396
1563
9558
3263
3869
9248
4028
1493
-17
-8086
-9771
2239
-2738
6335
-3928
8256
3563
2212
6926
-8211
-9633
-4156
-1676
-9601
-1850
-5193
-9332
5088
822
-3599
5882
-2657
-4029
6048
-7514
-2474
-6176
-9665
6327
1315
-5461
-9346
-4830
4318
9601
5320
5258
-2849
6755
-3590
93
6400
-416
9862
7431
4666
8346
6399
-6366
-3146
7549
8779
-1642
-336
1732
5580
5062
-4998
-3983
6878
-7606
-5957
-2805
-453
-5275
7028
5078
8299
-6246
-1570
-3765
-7510
-9881
4222
646
1615
7339
5026
2252
8928
8472
-3208
-3943
6135
-7718
1026
2634
1352
-9325
-8114
2569
5664
-7745
-5026
4685
437
1402
-2358
9292
8866
-1913
-1716
9575
1229
5180
-3725
-2804
-1973
5967
7131
2339
5196
5055
-880
-2243
-6466
-5843
9369
-254
-5142
-92
-4478
-4056
9802
5554
-5251
3838
511
6573
8564
-7788
-2484
4645
-6940
-325
8540
-3515
7104
1830
-3648
-6733
3964
-4703
8097
-6346
3951
-4188
-2399
9333
910
-8956
-7026
-356
812
-7184
6179
-4630
-4232
3549
5549
8290
4919
-5242
9047
-6714
-5827
3289
2623
-7862
1196
1294
9125
-9277
-138
-6318
9124
-6517
3939
-6043
8036
-8482
-6732
-1231
50
-7876
-6193
2164
-7533
-5129
5501
-887
5146
3550
-6161
2497
-3377
-1531
3032
-9078
-391
-9780
4486
2487
-7185
-7745
-4265
-9479
5703
-7357
-9284
-5780
5432
-2665
4250
-6759
-6782
9795
-5684
-592
3177
-1765
-4993
-7102
4666
2385
-5790
967
5189
1497
-6335
-719
-8217
6051
-461
-8476
-4503
-1652
-3572
8758
-2495
-487
-1742
-3541
5232
8713
-3130
6949
6853
154
3967
4105
-6950
-8938
-3605
-3665
-8987
-6015
5006
5778
-1890
-3281
-7246
8309
9107
-2143
765
9671
-5340
3992
4632
8612
-7260
9704
-4407
8131
6074
2826
1485
-9096
-1951
7624
-9296
-6506
2779
-1572
-645
-7433
-4971
-7347
-9307
9503
-9322
2663
2017
8428
4094
4476
-9801
7204
-1456
-718
-8025
6362
-2940
2589
9929
-4502
-4283
6629
6804
5940
-6373
-1117
9411
1599
-5457
-3994
-6846
-465
-3507
5072
-5646
-8351
-2108
9695
-4853
2252
-6771
-3534
8537
-1484
5459
4851
1260
8128
-618
8096
4995
362
7034
8554
-3021
8857
5135
-1698
7500
2334
3565
-540
8811
-8122
-9787
6120
3765
-8693
-2082
-671
2424
-3189
5261
6263
-3816
-227
1315
-3146
3470
-483
-480
-6331
-2673
-1065
7741
-9121
552
3104
1638
-9474
-8107
-997
8521
8096
-7068
8687
-9251
-8828
3043
2260
-7740
7062
-948
-6019
7761
7600
-3254
-2847
4893
7343
3357
-2580
-475
-3190
-6111
-1735
1079
2035
-1728
6155
1875
9208
2438
7280
7957
-1311
-4198
-7004
251
-2326
-3061
8696
2874
4047
-5083
9326
-1103
-4918
2961
5952
-5703
-7987
-7527
-3654
6092
-5839
-1974
8923
9991
7464
1655
114
730
-1878
8888
9277
-7098
573
7249
-8049
7752
3934
7550
-8062
4237
8095
-9322
9524
1545
5462
9643
7434
-8352
8665
5056
-581
9273
-3550
-1994
4079
3520
-3609
-5703
2779
-8057
6077
536
4457
7292
7637
-6581
-7212
-6645
6554
9900
6226
8675
-7732
-3605
-7135
-8374
-6738
-6384
1791
6734
6444
-1998
-216
6225
5523
-1784
4728
3812
4823
-8328
-7936
1533
-6508
1171
9332
-3689
8643
-5383
-2129
8337
8439
4842
1094
-9170
-8892
-99
4730
-8882
-3032
3955
-3544
8533
-1058
9159
7973
-4547
-5847
8214
5624
9452
-2158
-6386
6157
-6022
4983
-8799
6108
396
-4473
-5204
-8738
-7004
1052
2046
1092
5980
-5699
8117
8638
-1881
-578
-9272
-8195
1522
7689
9308
-1777
1780
533
1623
-7384
9805
8609
4157
-114
-5275
286
1842
4351
5351
6057
-8022
767
6472
-6842
6132
-5056
-8597
7928
-8333
-6262
616
9080
-2259
-1923
6273
9981
8506
7590
8054
5549
-6995
2987
1042
6340
-3646
9003
-5076
-818
3355
-4222
5820
-7159
7493
-323
-4198
1159
-1343
4822
4968
-7048
770
-5704
6364
1128
777
-1662
9131
1631
3661
-1398
-2363
2888
1076
-9930
-6663
8539
-8559
9716
-8156
7954
7601
8955
4863
-6967
-6910
7648
-8260
7070
-4639
-7397
8376
-7319
4973
3353
4884
-6435
1779
-2384
6256
1448
-6674
-5257
-1866
5394
1739
9469
6681
5445
-1751
4621
8476
2470
6638
1335
-4406
-1086
-7886
96
195
5136
-1636
-1756
-2897
8801
4086
-1076
-7968
8061
566
421
852
-9084
-3716
-2254
-5880
8242
-5285
1335
-6467
-506
-1712
8263
2193
-1272
3589
7031
1578
-1752
-6908
183
-7211
-2154
2387
-7641
-9945
-2573
-493
-9042
2827
3023
-424
9896
7546
-8348
-2971
-5258
6952
-383
6141
9885
-1238
-9746
4546
-1424
-5533
-1222
5199
-1234
1675
2532
-3717
3267
6462
-6880
204
8552
-6965
694
9136
-1822
-4668
3708
-9819
5984
7081
1114
9149
-3655
1457
-5680
-8556
-35
9661
9241
-326
3502
5254
-1542
-6
-4633
-9057
4552
-1908
6202
2568
-8396
-4599
-953
-4938
-3461
7596
7696
-5713
-1820
-1691
7475
-5389
-6246
-4107
3370
4539
1044
710
9115
-5123
-3551
5582
6165
9464
3715
-1027
711
9893
-8236
5394
-5945
-6881
9676
5111
-4266
-7952
-640
-9548
-6849
-6581
-3752
3692
4564
2877
-2304
-972
-3930
-5450
-6232
-75
-1307
-7054
5218
8405
-3281
7040
2202
1603
-2037
8408
-9929
-6628
5576
4972
5897
-6853
2501
-7855
-3724
3938
-641
-608
1676
-9494
-7977
2783
-5990
2306
6711
123
-2869
4674
2111
6082
-3647
7778
-1061
-7304
-1901
-4122
-3743
2557
5428
7567
-2870
-8892
8304
-9892
4792
3767
-3186
9001
1859
6621
-5191
-3366
-9827
-7252
6513
-3006
4799
3310
-3686
-8586
-2880
4878
7210
8741
-156
570
-1709
7931
-1532
2768
-4720
8157
-3118
-3718
-4316
7029
-1108
-2652
-7700
2957
8338
-9721
7278
-5550
1382
4502
3392
-2028
1697
268
-952
6079
-4409
7873
3565
2420
-3455
7397
-4902
-3489
-542
767
-839
-4707
7165
-1178
-217
4610
4398
-1570
7437
2164
4792
2501
5316
5035
7143
4358
-5985
-9886
3851
-4391
3905
-8968
-3078
5840
-9483
3805
-6407
711
5852
6910
7207
-6366
-7937
7793
9808
9240
-1477
-8080
-9353
-1722
5546
9450
4247
4719
5774
-3585
5403
-7327
8557
2481
3447
-3766
-6004
-8289
7281
4372
-6992
-3783
-9205
8450
4003
7062
-6716
-9677
126
-697
-2767
4117
9959
7370
-6871
9709
7415
-1618
-8218
5261
-2521
-4331
4600
-1768
5280
6163
7067
-4036
-4695
-6657
-9524
-9330
4015
8382
4383
-5923
1791
2360
4359
8975
6240
3536
1909
-1605
1027
6131
-1387
5763
-6547
-4663
9677
7025
2979
-2172
125
5641
-5863
2525
-1665
4220
871
3578
-4181
-9721
-3478
6442
7258
4263
2725
8132
-1697
7492
3006
-1215
1006
2222
6980
2167
3036
-7564
894
8559
-7135
-6429
-8828
9347
-226
-9646
632
-9590
-3635
9430
1093
8420
6922
-6273
-1880
-6551
-388
-7697
-8139
-4579
5024
6391
-3035
-4197
-2261
-8189
-7577
-1790
-3996
-9829
5803
2035
1443
3162
7207
-1194
-8650
7436
-6640
-3032
2989
-2933
1609
6122
-5725
-2175
1928
7663
3164
1909
-2504
-7980
7774
6804
6025
-6591
8175
8664
9266
5594
-4020
1938
-2025
-3622
5050
-1943
6921
-8912
9193
6974
-6835
1457
6257
8044
-4637
282
-4619
5719
6606
5331
-5045
-2074
-7497
8465
5421
-7402
4406
-3950
4516
8772
9142
-886
1790
-4727
1727
-556
3368
-1669
-3336
6999
-3078
-767
932
3725
7509
5523
-4020
7647
1683
5524
-9577
-97
2115
7968
8090
-7191
-6108
-8040
-212
3135
-1736
-3077
-6780
-6654
-1356
5855
2116
-9145
2276
-1928
-4741
-7967
-9578
-3868
-7312
-4200
-5534
-5067
-7585
5246
-9829
-9583
-8491
2953
6691
207
6898
3433
1742
658
-9990
4492
-6884
2423
-2411
-5925
2717
-9774
1585
-247
155
-1722
-2692
3287
-4309
-5092
7409
-8320
9318
-95
9879
3509
2697
3697
-4909
-4945
1313
-7967
1568
-1302
-9868
-7227
2937
-1953
730
1362
-1961
-5114
9856
6390
-7882
-659
-9419
-309
-6958
-7780
3693
-5470
-7396
1398
6220
9845
8375
8511
5993
3745
-6680
-1553
-7846
-7873
8209
4453
2016
3510
2450
6501
3609
-3763
-6553
-3154
4303
-1287
-1015
-4322
453
-5915
500
-1911
218
8511
4174
1067
7715
9405
-8433
5428
-2217
-6446
-9676
-4792
-86
-3254
-7591
5841
-5505
-7013
6887
-2001
-5302
604
5863
-1990
-9863
-8128
-4635
-112
-1125
8528
-1530
6259
-1275
-3850
-1572
-474
-720
-3966
2208
8267
5528
-1463
5431
7759
-299
5317
-5454
-1018
-6025
6558
-7218
-7748
6958
-8904
6011
8050
-6305
-6915
5450
-8422
-2333
7476
701
5043
8500
-116
2279
2640
-7175
-5717
-6373
5881
-5953
-3530
-8924
-7104
-4338
-1209
92
2896
7632
-4091
-3543
5791
121
-4271
8894
-8682
3832
5432
-7869
8788
-9982
-8803
-5751
4390
9064
930
8201
-318
7781
-8075
2053
7421
61
-144
9236
1302
3176
-3739
-9333
-2815
4087
2244
-2621
-8364
4712
-2312
1736
8119
-6305
4687
9661
-2945
8750
311
-3397
660
-9645
-1883
63
4633
2525
-9772
-2297
-637
2554
7126
3612
-3942
2923
-9787
5841
9074
7007
4072
-1046
9857
-8945
-5089
-5426
7636
-9793
6917
-6057
7093
7103
9370
-8420
3458
-5052
-3778
5163
-8056
6985
-5929
-913
-1978
5080
185
5754
991
7841
3675
-4439
2405
8589
2681
-1557
3180
8488
6929
5869
9328
-7383
-5767
4537
1396
-7590
-9315
-3967
-8613
-3573
7637
-9798
6292
-4068
-6187
7270
-2980
-1137
565
152
8715
-4742
4822
-2624
-328
-3521
-9764
2198
7374
8617
-6391
4339
8340
437
4537
-8022
-753
2249
3383
-7573
-5490
-3935
2329
1943
665
6024
-2638
725
9374
-1135
-9180
-6556
-1650
-9357
7618
1717
3670
5375
-9767
-3768
-4566
-5104
3583
5160
8089
-9041
-90
-9978
6951
-1545
-5472
-9278
-8595
-1084
-779
-1678
4283
955
8789
-6539
-8859
10
-1626
-8234
7368
3025
8631
-3296
-432
4308
-753
145
-695
3291
6306
-3445
-5785
-5963
-6434
-9444
6333
-9236
483
-4152
1378
1095
7538
4209
-963
-6160
-5709
-2819
7854
-8092
-4475
-8194
8840
-2577
1744
7710
-1351
8887
6187
5120
-1918
3974
8694
6230
-5211
137
2628
7156
-8052
-3200
5974
6915
-22
9021
5591
-6974
9635
6732
286
-2285
-600
2596
-4477
-9760
-5485
7693
2927
9811
-2541
2373
8633
6778
6664
-5721
6017
-8977
-2330
-2363
2871
-1645
-1832
-9378
-9336
5482
-7803
-5334
-1734
6156
-4347
5979
8602
5293
-2630
-1429
-4423
2970
-2494
2243
-7529
-3547
-9069
-8595
-9656
9577
-4088
-773
3927
-1327
-9954
1190
5983
-3301
2275
8542
3793
949
-4913
-1516
-2009
-5920
6863
1825
-2615
1037
-6709
5813
5772
5198
-9849
-3010
-3158
9858
6604
-8197
3748
8587
-3989
2389
-7220
5621
1273
5462
9035
-5009
6179
-9414
-653
-4861
-134
-1553
420
4287
8735
-9520
-6876
-4959
7163
6232
-3495
2292
-4359
4730
8857
-8227
6281
-9208
-1408
7926
-8246
-8395
8504
2927
2222
543
-2403
-9463
-594
-7515
3055
2182
-4529
-7601
3705
-7925
-307
-7586
9708
6606
-9571
6116
-1086
-5965
-3639
-5118
4733
6146
3396
1859
871
-2832
-1543
5074
1216
-5312
7489
227
-81
6601
-1952
-4845
8732
-4274
174
-545
3176
8174
6086
-819
-4499
-2594
-832
-2364
-5368
9018
-7794
-7373
4744
7133
-9698
-7084
-3687
5951
-6957
-2002
8388
-4071
-128
8689
8815
6861
9596
-2718
1190
6372
8676
3074
-5016
-6798
-157
5475
3590
-776
-826
7612
1802
2741
-9317
-6814
1146
-733
-9406
6489
659
2454
-410
2994
-9793
8349
8712
8342
-3984
-4688
5036
5573
8121
-2049
-3414
5316
-5659
-188
-9447
-7320
-9091
9163
5972
-8857
-7669
-5043
4421
-6303
-6331
8972
8368
-7554
-1226
4291
4646
1064
-8237
-1804
9169
-908
1332
-7952
-9661
5725
-4677
2823
-9021
-4723
8125
8311
-8055
663
2874
-6139
9230
-3864
-4935
-4380
5119
-3919
9505
7086
-1969
-3184
-283
-8997
1032
3747
-1278
-587
-4169
-9425
7785
9393
1380
6634
797
3060
-3803
7732
-9153
2035
9570
-2471
-9881
-8861
-9812
-6400
1708
-3586
-8248
2931
-5764
-2899
-2549
1670
3317
-684
9210
8226
3928
-4868
4902
-7363
2833
-9163
-2380
2106
-8835
66
4600
5581
7560
-7066
4455
4852
-9781
3250
5984
4158
4788
-4143
-1628
7125
6123
-1673
-7147
527
-9220
428
7212
-1844
-9826
8588
9762
-5750
4013
-4085
-4978
9252
3437
-6381
-1302
7032
7004
6216
-4216
-6584
7300
-3004
-1653
4043
8607
-4192
4839
-2772
-6043
7782
7859
4433
-8030
3895
5743
5133
-6914
8387
4126
-5643
8568
-9335
7900
9053
7302
-8293
2031
-6745
-4390
2250
4231
9259
-4962
-8892
8763
-6023
8992
-4561
7156
9000
4880
9
-2411
6557
138
-4747
-1776
-3991
9992
49
1216
-2250
2282
5311
-1446
-1629
8332
-5114
7576
-7630
-8315
-7688
3811
3355
1224
7828
-5536
-6036
-397
-8329
7967
8123
-295
3341
7808
-288
8981
-1636
-1901
9331
-3124
2862
-4516
-2309
4497
8450
-8188
4008
483
-3088
-1438
5632
-150
-4972
8348
171
4470
-7825
4136
-8013
537
9859
-8286
6507
-3222
4642
35
803
5675
-2699
-275
5591
-8794
-6144
8427
-5139
5424
2128
4671
1094
3053
8159
-6956
3863
-7264
-9240
-7739
-7222
379
3138
8287
-8421
-975
-7155
5364
9529
3198
-4087
-7102
-9375
-3216
-2960
7785
-2472
1490
5699
-9396
-8703
-122
-8533
4572
4018
-9756
2805
8897
9389
-6886
-2361
8100
-2868
9919
-5541
1180
-8621
-4537
-5066
-2299
9597
8086
7749
9308
-1115
-9905
-3485
3712
8003
3925
-7730
-7679
5816
-760
5970
-7813
-6192
-9617
2076
-7903
-7133
5772
9266
4233
9943
-2392
-1337
-2126
4853
9304
-8632
-2836
9987
1682
-4062
7783
-8012
6612
5616
9082
5696
-9035
7177
-7266
-9558
-5088
8734
-4483
-7543
-5257
522
-1845
-9345
-4617
-128
-5794
2642
-4355
4569
4184
-9547
2560
-5628
4117
9383
-810
-6936
-771
-3936
5434
-5905
-6526
7447
-3646
9006
2581
1453
3569
-5416
8753
-5623
-4389
8140
7600
4717
-5866
281
4227
-4512
9783
-2024
-6589
-4283
3022
-8786
-5484
840
-1044
7395
2489
6381
-3188
8448
5139
-4693
-1410
-139
4614
-9817
-6285
6533
-9669
-1718
-2392
7083
8603
-7666
-2053
1870
7093
-6249
-1355
4048
39
7106
8793
-1378
-4420
-388
4532
-9262
-1209
-9742
2405
-2988
-9754
-5859
-3459
5862
2332
-8383
3667
-9919
-6916
-8325
-657
9953
1770
-8256
640
5706
9504
-221
5856
-8130
4665
-7317
2115
1004
-1987
4705
4739
-3187
-2771
-236
-6425
-418
2189
-1039
-6814
4519
5160
-7819
1212
419
9252
-5963
3079
-2370
4488
3060
-3680
355
-9639
-7701
3667
1852
5403
-4926
-571
-2756
6869
-8715
-6174
2206
-5201
9323
8062
7250
3227
-2182
-3792
2459
-861
6376
-61
-5157
-1182
9050
-5006
3517
-5380
-4227
8504
5489
-8913
4475
3042
3935
1261
3033
-4458
-8954
524
1449
6894
-8888
-2742
4073
-1335
6572
7656
2461
-9516
-3927
1580
3045
-7956
2267
-5297
1850
5205
3258
82
-8712
-4263
-9201
-7405
-4010
-737
-8759
9474
-2964
3582
-8219
2367
7879
-8480
-683
2329
-2041
-4332
-168
5301
4753
3855
8205
773
-320
-5816
3868
4735
4785
6810
5354
3528
7646
-8022
-4675
709
-5647
742
7249
9492
-1458
-8658
5985
-8755
2549
9682
7553
6735
-513
-5111
374
-9024
4687
-9797
-8317
2318
-4637
-7070
-6931
5687
8786
-3913
-2945
-6150
8153
3092
8540
-1311
6556
5347
5271
-6759
4561
-3798
1992
3773
-2441
6879
-7286
-8365
-7780
4401
-2678
-3891
1903
8782
3858
-7121
9740
-5252
1679
1379
-3089
-5681
-3071
-2276
-9745
6013
4258
7901
8099
-4666
6466
-3297
-6155
6287
-6943
8257
-8032
-8801
-6682
7342
-4678
608
6874
-4198
6298
-7229
7625
-1114
-1724
-7195
6269
-3110
4578
-2491
6648
2860
-4173
-9740
8555
5219
1559
7136
-309
-4839
-4514
-5817
7503
3828
5230
-5092
5292
152
2904
-8861
-3409
2087
1609
-8043
-527
-3809
-5246
-5690
390
-7070
1026
-3845
-782
8226
-4906
-1455
5907
-3760
9802
8190
-2322
-5818
7828
-8760
-1883
911
832
-2522
6521
-326
-1784
-7861
6712
-1747
-4729
-8944
5628
-5611
-6853
9653
209
8469
1917
7070
4619
297
-9100
-9024
-250
-618
-1727
-1928
4725
-4675
-9008
-2334
-6758
-1418
-3024
-7801
-9263
1629
-8562
2857
-5122
86
992
7928
-9146
7925
5022
2556
-2857
-2267
-7341
-1911
4360
7666
-2488
-8951
-7478
3414
6851
7121
-8173
6488
8293
8828
9826
3142
9784
2381
1907
-2394
4540
-5873
3829
-9350
3403
-1025
7434
9685
-3565
4446
-9761
8962
8116
1598
394
-6668
-3965
-4958
-5074
850
5244
-71
-9140
-2346
-4563
-553
-7006
-9651
-6166
-6257
-267
-3961
-5133
-1861
-4136
-8511
1909
6284
-6098
-2399
2766
-2694
-7565
-4472
-851
-2165
-8632
1286
817
4258
-1168
-4802
-7056
-9359
1679
2754
-8859
-2941
-619
-1565
-6616
-8751
-9035
1682
-7635
8697
1774
-882
7125
1550
-4574
-7642
9197
5030
-6410
-1781
-5220
-7838
-8603
-8924
8639
590
9432
-9243
8696
-4541
-8952
6907
-1237
-7618
-3466
1486
87
9601
-3704
3078
5558
-6188
6153
7421
4309
6151
6223
-1648
9277
4628
118
-4422
-543
2886
-3530
5032
3460
-602
2106
8200
-1442
7262
-8522
-8892
7966
487
-7337
-2929
-4315
-8122
-4115
9709
-290
-8611
-6478
9730
1046
-5484
-6355
-840
-9913
1497
5411
8
2395
-7625
-5356
6337
6825
8258
-1681
-7658
-3252
-7220
1420
-5101
-5996
-6417
-4775
2862
1005
5476
-2523
-1920
-1411
9792
2829
-3791
-2356
7933
4962
2674
-2176
4617
-1859
3673
1812
1251
658
-6783
-3984
-661
9623
-7374
801
-8940
2343
-7503
-7251
550
-5035
4177
9937
5697
1255
-4908
2927
-2616
2958
-7830
8110
-7402
7439
-1424
9584
4644
5031
-7238
-3657
-9324
-6169
7578
7355
9134
2294
5276
-254
-1120
-4970
-3040
-3716
8393
9515
-7650
3172
767
-1606
7884
-7254
4834
5698
9291
-3290
5467
8726
-984
-9426
-5442
-2427
-9346
-6437
-9753
3919
-2185
-7006
4730
4003
-2199
-6129
7515
-9153
9642
-3806
7141
-5617
-891
6857
-3891
4076
6201
-5144
1040
-9499
-3017
-3529
-6802
5862
-4534
7688
-7513
-7580
-4410
2882
-4134
-7962
-9806
91
-9355
39
-3495
-2296
-3800
1382
8496
-4963
-2609
3290
6661
9912
-3415
3023
-5233
-6551
6089
-5569
1535
4126
5217
-8257
-9555
-9738
5715
4385
-6823
7606
7570
5760
8172
5322
3340
-2730
3597
6678
2406
-4440
-4164
-7555
7785
-9189
-4381
364
-4386
8354
-1799
-6840
-4378
-1689
-5808
-119
305
8987
2777
150
-7816
-8479
3582
-671
-6634
-9320
-8231
-6719
2951
5366
5034
-3379
-4795
6791
-3743
-2313
3374
-6054
-9556
4497
1090
2341
-5258
-5873
-6873
7494
3865
9764
-8083
8844
6512
5819
-6731
1121
-9948
6811
-2876
7451
-5393
4560
2289
-7218
768
-4107
-1262
8695
5383
5139
4011
8443
-9998
1356
-4775
7530
-6155
9328
3143
-1705
8076
-2890
-4021
-4147
-8457
-8018
-9854
-4902
9994
-3486
-9237
-3129
9333
9520
3702
9742
-9
9712
4656
-2411
2279
8455
-7056
-169
-4680
-2521
277
-8402
-4020
-6387
1063
4689
-5778
779
-584
6646
2033
3343
-1153
1202
-292
8751
177
6060
-1410
-1005
1185
5657
-8361
9115
1244
5200
28
-1258
7545
-4839
-2422
2781
-220
-7468
2078
8760
7543
6446
-8773
7944
-5923
-1198
6560
-924
-3722
-2126
825
1179
3009
5455
5316
6854
3528
-5742
807
-4566
9515
5959
-761
2188
-9479
-4655
-6004
-7799
5175
-1370
-9423
-6722
1192
8308
-3195
-6312
-1057
-733
-3941
2145
7046
-7684
-4322
-5136
-6373
6442
-1588
-3220
1720
-138
-3812
225
3350
-8574
2518
1063
-4436
-261
-1225
-8140
-5142
-9790
-6471
1203
7720
-333
2928
7773
7167
-9901
-9805
6813
1040
671
-2244
-5696
-4468
1790
-6975
1466
-5083
9260
9202
288
-1278
-9093
-4672
-2162
-1422
-3861
-3768
-2076
-9028
-4254
4820
-2319
-6316
-3541
-5380
-54
-2642
7813
-1575
7089
-2271
-6763
-3321
4788
-2413
5330
-6258
4131
7084
-6095
-5238
2750
2229
3458
4988
-2258
5488
6859
-7258
4695
9552
-7257
2442
1742
-4888
8497
4747
-4054
6441
-9147
-8048
-1290
-2033
-1195
3385
-308
8800
-9878
5416
6719
477
3107
4846
1141
4955
-109
6462
8096
-8507
-6892
6829
-4514
947
-4108
9484
-7552
4573
3536
-157
2477
9768
6310
2195
-8596
4562
2231
2006
7720
7213
-2254
-7671
-4177
2016
-7609
-7127
-9492
-2432
-4089
-3271
-6439
6913
7254
3490
7916
8002
-6958
2703
1729
-8340
4533
1787
9809
6941
-6047
8424
-9094
-8565
1364
2444
9817
-1526
9729
4567
1939
1723
-508
-8059
4116
8330
-2743
2649
-2735
4631
-6301
8739
4065
-1308
-6649
-4649
-3923
-2017
-9687
9863
3799
6589
3705
-4431
-1337
4
8246
2014
-834
8425
6124
-289
-7301
-1022
-9100
-378
4497
3123
-6574
-3668
-1602
-7135
-274
2729
-8142
3200
7717
7122
6657
-1531
6985
-9237
4920
7385
-6507
5315
475
-946
-5061
-3553
9932
-1137
3949
-22
2623
6303
284
-836
-8516
-8353
-1417
4860
2596
-7434
-8019
8911
4234
2728
2501
-2067
1254
-666
-2982
2576
-6114
4971
-4393
4454
3246
-1851
6677
-4870
-3326
6707
6361
-8166
5841
9166
-2625
9726
-2643
7529
-171
-1139
1437
-5764
-7381
2057
7327
-6714
-2023
-3683
-1148
-4459
-1215
-6416
-856
-4574
-5982
2471
9027
7886
-9264
3955
-9685
5719
-5656
-5698
3580
-3031
-9428
-8897
2899
2213
-7480
6821
-4220
777
-3843
-3478
-5936
-5103
9196
-5452
-7811
-939
9043
-1022
-2311
9625
1818
-238
-8538
5123
-4859
-2960
6137
-630
-5198
-7923
-8294
4605
-8523
9807
-6389
-5163
-5103
-479
5458
78
6909
-2709
-9842
7353
2590
3220
-1310
5978
-5349
-6198
-9598
-2850
8960
-5591
-9867
-701
2564
-326
-3063
1455
2196
4877
-4451
-4824
5995
-9895
3268
-913
-4966
-8593
5891
792
8118
-2680
-9838
-4038
95
2596
8135
3196
1454
-9455
-6708
-3913
727
5517
7012
-1552
5085
-1947
2165
2507
3128
6714
6251
4393
1284
8528
-4821
-5296
1304
9205
4872
6411
4100
2198
7751
8821
3659
5954
-788
4222
-1897
-1298
4779
-6085
8075
9638
-6684
-3769
3891
-1217
-6432
2212
-9970
-638
-6705
3391
5761
1483
-7686
286
-7580
-136
5427
-9413
-8490
4482
-179
-6128
4370
-3459
-7718
-662
-2358
8017
-1454
-2439
-8701
-9504
2458
8426
440
-5740
7574
9709
4535
1245
-7627
6595
358
-8585
-7204
9655
1211
-8947
5159
-7317
2948
-4894
-4192
-9216
-6811
-2132
-8355
1480
-569
4950
7909
6275
-4646
-4455
-5722
4285
6956
5039
-529
-7190
-6833
-9058
9149
2725
5068
-1247
7080
9670
6993
-679
9043
-2929
5862
4784
2464
-5348
-5267
-3462
-8601
4947
6177
9497
-4461
8405
8296
-8600
-1637
-4473
-9597
6563
1407
6441
-2936
9566
9231
-5672
3346
9397
-7608
776
9495
-3295
3562
-4139
-9799
5754
6734
-6201
8063
-4277
-7374
-5850
2612
9908
-4885
-2889
8963
-3271
-6777
-7781
352
-1348
-8879
3435
8792
-4239
8052
-5794
7728
539
6146
-8341
-3510
4029
-5389
-9931
-6991
8999
9074
-7429
8806
4684
-6622
337
-7982
5594
-5292
5572
-5108
8922
-2953
-1403
926
9409
-9386
-8492
4361
8431
-2099
-2643
-8489
4328
6980
-5076
7708
6316
-5798
-1192
8006
1981
8649
605
-5770
5761
3148
-6624
-7788
-2507
1708
-679
1628
-9297
858
-3842
2173
5404
-490
-8567
-8514
-7170
1126
-8938
9426
7589
3365
9675
-7035
5009
-4798
5575
-9035
6685
8399
-8270
5867
-7152
-5236
-7732
-6286
3439
765
8400
6180
5383
-5182
70
-990
-4749
-5460
2523
6337
-403
8763
-4510
249
-2659
5698
6202
5730
2172
8231
-6874
5246
9290
-9603
2783
-5510
4936
-3543
-8100
-1574
7577
9497
5655
2714
5238
9598
-9989
-3842
8283
-7942
9072
-2877
7632
5157
9746
2279
-3693
436
-9432
8280
7654
3630
-5553
7273
-7634
-4633
8905
-4539
-7125
7012
4102
-4489
542
-4342
9903
373
8256
-1403
1087
-4577
8512
2410
-8412
9199
-3283
1839
-4627
-7198
-9237
3837
-3279
-412
6606
-6261
-1579
8759
2186
3194
-376
1974
-5094
9310
-814
7395
-8758
6622
503
2354
8618
5239
1446
6716
7915
9887
-822
7807
-8028
-1966
3694
9376
-2809
9585
-7338
5736
-1383
-8200
-3508
-6864
8890
-4984
978
-1568
2672
3245
5046
-1637
-1081
6525
3607
-8102
-4781
954
-7406
-9401
1039
5821
-902
-3939
-1077
4569
-6196
5919
5233
5898
-6404
-8557
-1243
-5704
-2544
-2415
9985
-3658
-9212
503
5495
-8994
1816
2281
8713
-2301
-6879
-7433
-8555
-8005
-5333
-1116
-377
3054
-2157
3135
5780
4923
-6063
8853
-7280
8306
-5340
4034
477
9920
-878
-7979
-6032
6574
-9105
-6781
-6126
-4268
7594
7827
9203
-6187
-5476
-1581
2707
-1325
-1702
-1379
-450
-8231
6921
5956
1984
5289
9429
5064
6146
-5663
-8819
6990
-6153
-2327
-4812
-8659
-8259
-1335
-4010
-2288
5957
-962
4343
-2592
-7020
-6627
6489
7094
-9531
6661
-2870
-4922
4129
-3070
58
-2136
-8753
6451
-4065
-4214
-6004
-4078
-7262
-3724
-4003
4880
5268
7154
4836
-7245
779
7771
2900
-8330
-9551
-5988
-7339
6191
-2883
-7137
7798
141
-8372
-9444
-565
-1957
-8832
2401
-2270
-4446
3710
6697
5450
-7696
116
7754
5721
-3531
-3613
-9196
6975
-5789
-7976
9914
1233
-3523
-6099
-7730
6094
3417
7812
1799
-2889
-6140
4559
949
4737
8138
-2200
2135
5459
7562
-1603
-8989
450
179
6953
3564
-8492
-9751
-7358
-3768
-8437
5479
-1024
-3109
1937
-2662
7311
7548
8214
-2147
-5962
-2732
4967
2639
-3951
-6517
-4707
2809
4667
-4217
214
5533
-8284
7182
-6496
8499
5416
-4334
6051
3911
8082
-7540
1813
-490
7332
-6528
2700
-7967
-5591
-3299
511
-6141
1198
203
991
-5029
1920
-8167
4167
2159
266
2500
5333
-1916
-7265
-3336
6536
3631
4294
4095
6789
-7588
5104
4184
-9814
-3707
8486
-2122
-5100
1279
-7141
2299
5437
549
-3187
-2513
8478
20
9041
-8818
-81
5388
-6811
6561
-3392
-84
-6001
755
-6895
-8390
-6501
7976
615
-1362
-8544
-8942
6129
-7157
-3457
1033
-581
5894
-2832
5130
3622
9235
-6436
-4709
7639
9597
9802
-7314
-4566
2653
8004
-7491
5284
-6458
868
9452
-1444
3735
7915
6264
4994
-9010
770
7830
7272
5515
5508
2741
-8054
-3742
7568
-732
7380
-5716
-3072
4096
969
-6602
4058
-1230
1929
-9523
-7474
-7649
-7870
3664
-2488
-7782
-755
-76
-4862
-4900
-8562
6127
1849
1591
4778
963
3132
-1673
-4045
-8960
7335
1893
-1345
-1817
6433
-2871
2082
3120
2717
-132
6878
-8708
-4887
-1974
7358
-937
2680
8318
6389
7549
4338
-9958
3976
-1923
6574
2799
-3664
749
-3944
-509
-862
7656
3637
448
5901
-3003
-242
544
-310
6595
-5442
-6899
4238
-142
-4927
6906
7676
-3763
-129
-7962
-9461
9622
-9709
-106
-2760
-2176
7192
7736
584
4289
-7617
5625
-6557
-8418
-8627
375
3183
-3636
-3005
-5579
5579
-9645
-8099
-8976
4636
8963
3413
8728
8900
-485
3432
-1599
-5731
9982
-4110
4437
640
2889
1791
9352
-6949
-2658
4467
3919
-3765
-1330
-633
3614
-5103
1955
362
93
-3331
9933
-3155
2617
-5986
4082
817
-3041
8328
3451
4999
-896
303
9084
-5301
-771
-7397
3028
9512
-7291
-4235
-2646
7434
842
-3912
-2973
-248
-8301
132
2956
6362
-9808
7860
4324
-1554
-6124
-5073
-6436
-3389
8257
-9835
2102
5665
-1288
-5919
-7818
3289
7869
-3656
-3321
-9382
97
-4822
184
-1522
-3731
4993
7769
-6331
-2313
1761
-3544
-5351
8380
8714
-962
1606
-872
-7239
5487
9745
2176
5791
9398
-2242
6390
-5961
-4012
-4135
-2833
8047
-498
-1688
3670
-9002
7724
6085
604
-7710
-2453
5432
802
-633
-3159
-3242
504
3604
-9368
2792
-7668
5417
-8595
7813
8652
1910
-2718
425
3986
-2360
7127
-8448
9199
3844
-4136
-7395
6287
-8870
8690
-8854
-4485
2881
6797
-8976
1899
-2126
523
1504
-9748
-6374
-3266
751
-4776
5560
-2095
5454
-1975
8784
-3598
4095
3138
-6703
7498
-6494
-1012
-8021
8785
-438
-4013
2225
-5861
-5916
-9912
8515
8442
-5949
8491
-8707
-5781
-819
-6763
-5380
8339
-1924
-654
8893
-4256
8336
5880
4912
6644
-2117
-1779
-8791
5635
-5804
-5780
-9224
1136
-3597
4039
3626
6095
-9171
2561
3278
-8794
4502
2526
9503
5572
3729
-1376
1883
-9316
-9071
571
-5168
759
-2834
565
-5250
-3850
2564
6326
-1697
-9679
6231
9311
-7940
-6441
-9395
875
-7777
8731
2617
-7284
-8543
6372
-6454
-2019
6935
-8135
523
-7641
-5773
6558
7510
5798
-5312
-7920
9081
-6226
392
4732
-805
-1687
-4967
1539
2714
3931
-4297
-2835
4703
-7250
-1877
8007
-6892
812
-7611
1393
-9251
-6960
2014
6984
2626
-8603
-1245
-9675
-868
-7934
-5054
-1420
-7027
8872
2312
8864
2492
9666
-6601
8481
-280
-7635
8135
-9593
6337
6702
-1454
-5877
8318
-4553
-2783
-755
-8387
-8634
-8510
8193
313
7883
-820
-919
-4408
8899
4617
6126
4583
3264
3649
1322
5949
-8451
2077
9038
1902
-4390
7144
448
-9874
-6936
8894
3237
5873
7367
4258
2545
1312
2400
-27
4131
1216
9874
5837
5163
-5004
7276
-925
-1370
-3176
-9682
-8280
391
-2884
8002
-4363
-6548
-2914
5401
-9040
8807
-3087
-4500
-860
6730
-831
-265
2938
-7211
-8340
-6029
-9021
7933
6427
1254
-1117
-1328
-2888
1906
2254
-2824
2076
-132
-8582
-96
2913
-4691
-2654
-7242
-5037
3675
7243
-869
5950
4236
1462
8186
-3585
-8873
2479
4960
1992
-626
4156
-1022
-5696
-5713
8788
-1153
-9227
2552
-7761
4795
6040
-3227
-7567
412
-2490
4659
-4909
3585
-5928
7810
-6951
5417
8594
-4785
3331
9150
4620
-3433
2022
7811
-2693
-1712
3772
6809
9461
-5956
-5937
9714
4450
2041
5994
1325
146
-7450
7575
-5076
7546
7280
-9958
8252
-663
-7125
7391
4421
7602
3400
-2022
122
4406
6429
-148
3982
8814
-3379
2384
-8720
4823
9517
-4272
6400
5034
-8417
7715
1524
-2357
9813
9500
122
4673
-4236
-945
777
740
-8020
1400
-1404
-4544
-940
5630
3395
8541
8940
512
-4740
9365
3524
1501
-8580
-7527
3391
5359
8452
424
9161
4174
-3694
-1444
2689
-2166
6688
-1053
-6538
-3121
6957
-4505
-3942
5531
-225
5825
-3907
-3472
-3403
-1205
4276
-3293
-7672
-2818
-1981
-8308
-7875
7623
-4536
-9708
-7028
6049
-1219
8292
2731
2339
-9786
6337
-3752
2254
-7891
-2706
2662
8532
-8010
-6022
4981
171
8734
6824
6544
3606
-3513
-1645
8820
-5891
-2839
649
5910
-9977
-558
-2444
-4695
-7350
5460
-151
-3678
1554
-3994
4177
-2785
8444
4100
9023
-1121
-1646
3663
2208
9900
-7436
-376
-6908
-8677
-4658
-9281
-2104
-6780
-6718
-1593
-8142
-4469
-6854
2351
9289
-6166
8881
-4872
-7780
8362
-4777
-2860
-1524
-818
-451
-7681
-2690
1883
2538
-6199
573
-4567
4965
-3052
6532
-9689
-1942
5768
-9635
3555
-5496
871
-2751
-2859
3507
3659
7534
-2277
8934
9850
4084
-4583
-5821
-2153
2520
5490
-456
-2999
7167
7986
-2374
-3490
-6814
-4515
7801
-7775
2831
-3505
-4720
6248
-9598
-8819
2413
2017
-6470
-5832
-2162
-6371
-2714
1369
194
7276
-8931
-5505
63
-8320
3995
9367
6806
8167
-236
-967
540
5154
8722
2108
1866
1547
-4296
-2819
8766
-8860
-543
-6591
-8359
-6659
-5167
-1560
-7392
2272
1045
-5420
-8518
-3855
7630
-1953
-1800
-8617
230
-1105
6476
-3040
5286
-637
1043
-2658
-5522
-7229
847
6882
-9636
6236
9661
257
-4219
-753
-7315
-5029
-8137
8258
-6437
9733
1851
-507
-5282
5742
221
7035
2194
7714
-164
-8251
-7143
-2487
6257
-5504
-9423
5967
1679
4261
2419
8510
1707
-2147
-5654
-422
8828
2629
-720
1468
9880
977
602
6618
6724
1521
4102
-5897
-5409
-6101
527
-7794
-8570
6319
2975
893
2779
-7516
-8832
2428
5015
6848
-5471
-2093
8360
9476
5623
-3750
6961
-724
-2324
-2682
2158
-5961
-3132
-8153
8594
3771
5145
-1436
7103
-4834
7633
5167
-8948
-3457
-6035
-7947
-3556
-8338
8750
3246
-245
-6689
3475
-7748
1962
1856
-1803
3656
5924
-2817
-6282
-9634
8099
6567
3093
-2388
-8603
8848
5299
-5053
2133
526
1214
-4324
6515
5435
2775
4348
-4792
7306
2594
-5306
-2820
-5825
4557
9242
-5595
9121
4860
3365
-378
624
2273
-5493
5024
-3844
7429
-6003
-2851
1710
4329
7787
3911
9763
-7109
5355
5205
-2282
8822
-6699
-1805
1295
-8268
5148
-5134
-8169
-3045
-1892
7802
-5093
569
-8623
-1888
5714
4423
-8201
2029
5039
1215
6860
7538
-5162
3960
-7342
-7409
1740
958
-8217
-1922
490
8206
-937
8215
-1613
8790
-3422
-6387
-6695
7893
8955
4154
9582
-5694
-3152
-9526
-2494
8190
-3417
-2219
-9237
1025
4221
9745
389
6537
3588
-1255
-2918
4053
-3911
-9242
688
-4004
-1763
8565
-8624
-9802
-4691
7347
-8477
1753
-258
740
-6869
-1380
648
-4062
-7545
1047
-8178
9012
3671
8368
2825
-2149
6798
5998
-9326
5424
6327
-3277
-4923
7504
-9169
-6256
-1401
7423
-1135
-2268
-2953
2064
6983
6536
-6602
-9315
3247
-6733
7009
-8202
5660
9678
3680
2588
691
-9414
6166
7772
9841
-6316
3437
2553
5935
8809
-7178
1730
-3008
-6347
5431
-2120
811
8913
-4675
9160
-4860
-7298
3068
8087
5264
1402
-6137
4826
308
3939
1487
-9910
4919
-7647
3999
7056
4603
1949
-7162
-5490
-6813
-6531
331
-2587
6982
-6904
3083
2922
5964
-7919
7413
-2272
-4667
-3
6647
-6629
-8694
-2942
-9133
8608
-5942
-4987
9702
7222
9273
-6298
4752
1920
-9701
-5321
3867
-9656
-4142
-3219
3060
-2657
-4746
7481
-9123
1419
-4867
9834
-2306
8121
-3868
-8079
-3814
5940
-3047
9172
-9229
-4906
-3269
2967
-7970
-7248
-5949
6312
-5597
7886
2253
8003
-2105
-8871
-9567
-9999
3456
-9566
3979
-3116
4032
-3292
8844
2104
7569
-2540
-96
-8382
-1290
9837
1694
-4922
-1831
-4626
5066
4383
4105
8498
-5358
-9476
-4459
-953
2387
-6977
1768
2116
-7772
-7479
-5399
1014
1576
-3623
-31
-9260
2349
-7270
1210
-9931
4707
-6688
-7610
-8719
4846
1790
3473
-7754
-690
2333
-3064
-9656
7441
-8500
-8667
-2213
-7981
2117
770
4692
5654
2802
4308
6907
-7803
3813
7274
-2213
7533
429
-6592
-8249
9354
-8629
7906
4376
4859
-2943
958
-3736
-692
9582
4191
-9595
-5164
-9097
4756
-769
1298
4266
8739
7470
-6502
8777
8507
-7694
7950
-1319
-4006
6245
-6992
1261
6573
-9664
605
-4197
-3961
-8122
931
-988
8618
2432
4986
5180
-8060
9408
-2872
-9945
-1019
2338
-7137
8809
5762
-7682
-1930
-9573
-812
4920
-6754
-8720
8078
-4237
-3984
3974
8661
8011
-8490
-1294
-9599
-4891
8669
4108
4141
4755
-8592
-9733
6395
7574
-1026
6457
-8406
6519
3134
4709
301
-4264
-7832
-4093
-3288
7727
-4259
-1646
2558
8789
-6799
-8404
-3312
2232
3455
3966
4269
4197
4170
-6581
-5863
7165
-633
7716
4488
290
-6155
8978
7575
32
-6007
4087
4661
-5866
-1854
1006
6564
1401
1193
-5036
-1426
-1919
6691
-6096
-1448
-8885
-5500
1887
-2582
-847
-5335
4798
-1824
3130
-2401
2481
-1093
-4712
3581
9325
-9233
3788
-9389
-8997
-8448
-6127
-632
1419
-751
-3989
-8389
1692
-9647
5990
4912
-5393
8563
5554
3169
-3897
-3586
6211
8718
14
-6377
-891
-87
-6590
6017
3225
-870
-6771
2003
4238
-7780
-2688
-9168
-7826
7807
-3755
764
1890
1945
-3084
-3216
-8873
-3046
763
325
-9749
-7947
3175
9644
9571
3362
-7397
-2616
-7291
-5784
7429
7088
4197
-5792
-2267
-1694
4875
-7814
5411
5013
8905
-7660
-6160
-6660
7179
5413
6766
7482
-7437
-3606
-1323
3673
1585
-9228
-4772
-9732
-3553
6542
-5882
-8741
4165
-7820
356
-8499
-1921
3990
7122
356
-465
9347
2061
9748
-2729
1427
-2370
8835
-8214
8692
-6047
-8957
-7367
5231
-6171
-7353
-5018
-3738
3011
4482
-3077
-59
-7497
-7753
-1051
-4491
1765
2039
5892
-5751
-8729
-9373
5402
-3506
-8672
-1709
2739
-8870
-3817
-4122
-2122
3190
5699
3661
2166
-4435
7252
2597
-3241
2576
5023
-3128
-7817
-9503
-5325
491
-3847
-4154
730
-6826
-4266
828
9901
-848
73
-8121
-7046
1270
6600
5435
-9494
-59
-864
-1636
6578
-3138
-2560
5863
9307
-7516
6608
687
-5459
-1861
4057
7699
-440
7700
-5400
-2863
9924
-5446
-8947
2902
-5353
3900
4205
5413
-2357
-8370
66
-6641
-6644
9092
4258
4874
-1888
-5937
-511
-8571
-5330
-9210
-9584
-7698
-898
2901
5839
1726
-9571
-9652
-5125
5147
6601
7892
-2744
-7378
1202
2703
-1532
4204
-3316
2936
-5060
3445
8251
-3754
-6795
-78
4068
9345
-915
3763
-1390
9013
-8426
-7298
7551
-4215
7174
724
2669
8329
-9891
-9536
6329
6491
6409
-3024
-137
9093
-2487
3083
-4649
5897
9982
6429
8425
-6934
8500
7908
3949
-7863
8214
-6079
5730
-8455
5760
-8005
-1746
-8626
964
-8110
6625
-8064
-930
4032
3913
-3856
-4507
-197
5503
1938
6886
-9550
-3745
-1525
2315
5830
8533
5897
8844
8503
-222
5632
-2845
-7141
-8379
-5160
101
-8584
-2565
9726
-4284
-2578
-2488
1008
-7406
1384
686
6782
-7382
-3997
-7679
7827
8709
8399
5647
-6097
5373
-6386
8911
-1303
-4634
-2856
9070
276
-6733
7942
4607
5175
2672
5988
-4549
4142
6286
-7212
5025
-1697
8511
6171
-2296
-9352
9857
4718
-127
4256
-2487
-8185
3537
6920
2864
-7681
-5342
7154
-4967
4599
-5875
794
4462
3568
-2441
2714
-5457
2954
-1199
-4920
6945
3843
5662
-3633
6742
1971
-7022
-8000
-1556
641
-1608
-460
554
6467
2426
-5779
5126
-8483
-4658
6584
-7016
7067
7806
574
962
-4560
9774
5379
-2285
-8923
1176
-8862
6146
6754
-8154
4799
5012
4108
3956
-9126
-5363
-3042
3753
-4716
456
-6398
-3122
-2718
-3917
-8336
-1985
6407
9168
5804
-7094
-2420
2945
5109
585
3218
3616
3460
-7582
-7318
-9044
-8401
8874
-4176
-3397
-1327
-7938
9447
-4905
-4134
8737
7349
8117
-8564
-8813
-8540
-8548
-8600
-1781
-5360
8374
3152
-3700
-1330
5920
-8795
6084
-1815
5813
-6489
-3224
9461
-4764
-9663
3397
6985
5228
4291
-6537
-9615
6474
-6762
8637
8143
-1125
9670
-7042
-14
713
-7652
7969
4185
-590
-5215
-3939
5676
-265
1397
2880
-118
-3670
8758
-8931
-5402
-8414
-693
9386
-7076
7761
2111
-8010
5161
6255
9250
-9780
-7639
4342
5713
1714
-5127
1495
6183
8161
1388
-2949
4568
-7798
9384
9529
-6290
2112
6376
-8565
-2213
-9768
-1599
-1389
7370
9798
-1008
9485
-3145
5075
-6598
441
-379
5553
159
-2275
6830
911
-312
-8590
-2259
7682
8632
-4496
-562
-7069
1086
8604
4162
383
9905
-5601
9840
-1422
1047
-5024
2563
-5313
3271
7531
-2772
-9499
-1423
236
4088
1548
65
-6063
-6222
-1663
-8363
-4303
-7310
-8208
-4128
-2729
-2633
3162
-3800
467
-8718
-72
4381
-4043
621
-9337
6487
-2274
-6225
-2584
919
8525
4848
5685
1464
9033
-584
-5457
9157
3123
1933
-4427
6212
-3343
1140
7282
8897
8226
-195
-2985
-2152
-8161
7731
221
1890
2245
-6617
600
1696
-7233
3901
3975
-1502
1343
5464
-3975
4388
4163
-4976
5227
-649
-1324
-6982
-7465
9580
-4741
1540
-8491
804
-9700
-3936
-5295
8419
-4455
3383
-8641
9560
-5835
378
9455
4849
-3509
-7455
286
7046
7325
1572
-6505
-7636
-541
2733
-7541
4959
-4672
-3146
3130
8060
9809
5491
-3832
3773
-3561
-8066
-8829
5711
3892
-7303
-9218
8178
-216
8624
-8099
-2982
-3228
1281
-624
-148
4971
-5711
-2295
-6782
-9164
-9239
-2559
7997
7296
8903
-3245
-3109
5902
-1767
523
-243
2757
904
-48
1364
294
9291
-5475
-7429
-6254
8562
-4707
9094
-7791
-6510
-2873
6704
1714
2422
-9465
3943
-6375
-8357
-2759
9189
9483
-925
-1631
3662
5873
-314
4931
-8124
-3505
3223
-6378
-534
-7553
-9698
-7462
8186
-1383
7323
3739
885
8844
1627
-4785
-4911
7588
7738
-7749
-2628
1
-7271
3434
-4876
-5921
5965
-9075
4167
-2071
2569
4321
-2875
-6697
4120
-5982
-7799
-2065
-7671
4242
-959
3994
-2240
-3334
-5879
1578
-6256
-2575
4248
-6751
-6215
9040
4030
-2207
4708
-9867
-8711
-7364
-7328
-9888
3714
1413
-272
-7753
7574
-1551
-5812
808
-8520
7959
150
3916
9447
8915
7642
5341
8499
-2353
-5556
6004
-1018
2909
2014
7515
-4277
1402
7038
8173
7880
-7668
8389
4096
2154
-6543
-3085
-4642
624
180
-5866
-4264
8307
6594
-8829
7693
3375
610
-1209
1772
-9821
-5640
7972
-9240
4603
7776
9006
-9047
4747
-3579
-6257
-5711
4589
8135
2669
8424
4677
7862
8353
-8233
-6610
5062
-7388
-7113
9864
-2544
-193
821
8199
2951
3738
7563
-3717
5135
-3427
-818
-3510
-2191
855
-6421
-56
1984
3711
-8883
-9221
7991
-9655
860
-438
4370
6428
-399
4312
121
1103
-6852
-3519
6864
-1686
8317
8554
-8561
8483
5541
-5766
8977
1330
8744
4880
-3645
6728
8250
-4688
1835
-1508
5438
-9320
4087
1526
-808
-7132
-8362
-8489
-8983
6458
-6113
-5028
8138
-2769
4120
3419
-6714
6742
-885
1135
4795
-4711
1638
-7431
-8745
-3857
-3782
3253
-3508
-1946
-6917
2396
9393
9109
6649
-2095
197
6246
7405
-7426
5938
-3671
-6276
3205
-7205
1642
2096
7930
2698
-143
-7087
5121
114
-4653
-3855
-5420
2450
-3940
-1751
-2858
-8865
6806
4816
7191
-541
-6
8272
-4781
3213
9975
-6495
-4068
1253
2126
9124
-9197
-610
1103
-4818
-7926
9631
8271
1648
-982
-3892
-9159
-1031
-5802
-3134
8491
401
-4282
-9181
402
4279
1279
8244
-6102
8117
-3842
-396
1287
-5985
-2097
-3991
5371
-9666
-7668
-1892
-9723
366
-4171
-4926
9808
-6221
7768
4236
-7685
5203
1935
-650
3370
7029
-333
-254
6958
7530
5686
8981
8369
3450
562
3683
7221
7177
7448
4078
-2912
6249
5138
-2619
6869
5545
-2253
-7646
6080
4217
858
-9602
2838
-604
-3692
-1270
2835
-662
-1804
-2124
2457
-5363
8168
6699
-8289
-560
6840
9703
1468
-867
-1181
8973
9736
-7590
6360
-3022
-9286
-6238
-7561
8531
-2247
-9280
4003
6877
7661
787
-4104
-8443
-8657
-2930
-2796
1080
-3792
304
668
1285
1766
9994
-9228
-5683
3237
-1447
-5041
837
-5512
-438
-2928
-1004
-8311
9638
-6076
8425
2581
2223
-7761
-3155
152
7883
111
-2739
6780
6902
4385
-6351
1888
4825
4453
597
-6335
-6976
-5708
-2066
-2727
-2518
8054
5832
-8839
5588
7841
-9803
-9183
7646
-1636
-2313
1269
8433
4080
7955
2711
5059
-6782
-7950
-4157
977
9190
-9641
-8911
-8209
2968
-6999
9127
7394
-4096
-5897
6115
-5567
-4854
8870
3754
6717
-3854
-4420
-8626
7293
959
-2064
1110
-1855
-1610
-1534
9063
-9228
8683
-776
-7922
-8631
-6598
-4753
-9622
5334
7222
8839
5664
9281
497
-6628
-3071
9919
-6535
-4675
5770
9641
4931
-3450
1178
-2431
6879
-3323
-2185
-635
8178
5247
5327
-553
-895
-4719
7058
-3400
-721
8349
5249
8252
9730
4500
-281
-219
-8569
-172
-9671
5307
7598
711
5453
-9456
-753
-4615
5147
-3145
7326
-9996
-2710
-5326
-6741
8630
5903
-9365
-9518
1304
8685
-1303
-1000
1246
-6287
8444
7936
-3231
-9965
9974
7889
-9817
1475
7261
-6572
-7772
-3116
-7110
2553
-9444
-8498
7629
2989
-1874
9699
1867
4226
3821
7442
8467
2130
2232
-9037
-6282
4576
-1935
7597
9338
-3892
-5041
-2738
4172
-2749
-9298
-5135
-743
-2452
7421
6079
-8396
6721
-2898
-4065
682
8440
3897
777
-6843
-734
3916
-7380
-789
4138
-321
8240
-2805
2088
-76
-5947
-6655
-2295
9432
-1449
7546
-382
-4768
-8583
6281
-4823
-6798
9977
-2791
7941
-6810
-1381
-1254
3024
2908
1583
6176
4648
139
-9387
642
2762
-1919
-8844
-8718
-5935
9905
-9751
-7954
-2952
4091
7753
-8730
-788
-7205
6629
-3268
-1137
9915
-8268
4778
-7924
-1548
2912
-5617
-528
2321
-5948
4307
-7820
-7931
5869
-820
-9686
5517
3782
8132
7135
9715
-9881
3245
-7760
-5773
4732
-5235
5301
-9638
-898
4180
2697
5185
-4419
-4330
-6237
413
-9841
-2441
8373
2265
-395
6263
-7032
-7623
-2607
2672
7602
-8519
5905
2114
3219
-5662
-5625
9794
4845
4807
-1931
-6792
7541
-5738
-9638
-626
-8884
7171
-8648
-4435
-6825
-4338
-2893
5016
-3332
6715
6389
-83
5483
-7422
3880
-9308
9882
-3863
4897
-7647
-6860
-8961
-6421
-2054
8584
-5655
-1667
-6808
379
3535
-6474
-9151
-9879
5884
7837
-8453
1389
8831
-6467
-6081
-5232
5448
9816
8717
1281
-9553
5912
-8885
8258
-2805
-3468
-5326
4559
4280
4842
-2131
3212
4896
1788
3720
-1981
-1584
-9567
-6249
-8917
-4008
2329
-7386
1295
-1826
2860
-2042
-201
-2305
-4111
-3274
-2289
-5803
5858
-9801
-1386
1505
428
-5522
4039
4044
-3532
-3538
-1702
-9835
3739
-6743
-4209
-8951
1146
-5693
8270
-3497
-9190
-1947
1171
-4878
7117
-2256
-9144
-117
-1962
1552
-5991
-7686
6629
2122
3960
-4062
7264
5528
-9700
-4635
3554
-6305
3610
-3901
-8085
5394
-6846
-1243
-1811
8232
9386
8957
5347
-6920
-165
-6753
2109
6116
-5741
7357
5541
9378
9143
-5776
-5166
1876
-1467
3414
-2416
-3598
8162
-7114
8732
-7941
889
170
6320
2126
9805
8691
-9918
168
7842
-2354
-2931
6026
6588
2215
-5554
1359
3923
6075
3280
5977
4505
3699
8829
5256
-3616
5296
3206
-408
-2109
2279
-7483
-5838
5377
4421
-3330
5979
-6297
418
-8352
9914
-8321
-8190
2631
-1927
-7990
6302
2302
-5206
-686
-383
3462
4281
3405
-924
5677
-3061
3166
-9341
-7275
-927
-3467
-3109
-7532
7605
-8737
-5367
-4266
5226
-6226
-8903
3626
-7133
-8676
9819
7343
-3017
-793
1365
-6772
255
-8382
-394
-2756
-1773
5499
4020
-2448
-1960
-6486
-6052
2146
-7727
2308
9025
-4599
-2320
-7855
6384
-4465
-6671
-3606
-2006
6251
1335
5052
6082
-9707
-9280
-1534
814
8978
1724
3307
-812
4787
-4560
6252
6816
-8211
5709
-4069
-1830
-6088
4182
2698
6558
-8309
-9437
6451
7398
-3895
2701
-599
-7833
-4446
2198
-584
7950
-8678
1673
-9358
-716
9572
870
6538
-9165
-8541
3946
-2533
-3757
9711
2571
424
-2036
-940
-6440
-7954
-484
-3745
-7980
9514
2129
9757
-4360
-7442
-4438
6685
-7496
-4934
5009
3831
-1574
7188
-6541
6766
3741
-9409
-8296
-8180
-310
-5708
9293
-9273
9684
2682
1279
9968
-6963
-8784
7739
-3661
629
2994
4769
7747
-8941
-4987
3561
7771
9077
4603
9497
-4085
-6062
7661
394
-94
7443
-3691
-7866
7283
-2465
-9041
-2307
6011
7594
-2464
-6437
3474
-9041
4727
9774
-2937
-4968
35
762
2260
-4621
2523
-5996
-5848
-2100
-3201
-5938
4450
-6078
-7380
-9279
-6858
824
-1463
7067
-7839
4728
1272
3587
4417
-6904
-9702
-6906
1588
1773
9441
4578
6873
9932
4960
5075
-7792
5496
903
9634
-9045
-7081
-5468
7961
-2281
-7297
-6463
-3300
7385
8009
-6525
8858
-1338
-43
-5860
9799
-4228
1113
8151
7607
5190
5150
-5052
7226
-3107
7997
4374
-3843
440
3289
4262
-9243
-4663
7054
7525
3710
3742
3821
4611
-9382
-1924
6278
3606
-8077
-9866
8658
-4559
6502
-848
3981
-8200
-8098
3842
8745
3425
2757
-2695
-7782
1404
8996
-1484
5424
2102
7036
-1642
-6568
503
-2108
-8610
-5516
-5334
-9313
-3801
8389
-5838
-7505
-4148
9021
-3187
-5062
-7417
8917
3487
6466
8245
-3472
-8259
6999
9759
-9135
1102
-3119
-7872
5530
3659
-2294
-8183
545
-8553
-2152
9808
1177
-8067
4036
7092
4245
-7496
7850
-7229
-3336
1648
5980
5026
4249
4670
-8157
-9067
-7652
-2415
800
6983
9008
3257
-4742
-11
-7727
9332
8002
2700
-3303
-2752
6920
-3155
7323
-2549
-3814
-2861
-6068
9029
1092
1262
-3613
4772
7023
2565
-5874
-2681
-2008
725
-5379
-8215
-8798
6858
1088
-4282
7853
3411
-6354
-8533
-4509
-9102
6871
6938
-891
-3602
6434
-5029
8718
-1659
3382
-6848
6128
-1242
-3745
1847
-3659
-4879
694
-2350
-5699
6669
-6784
-9753
2586
9883
-7140
-1416
17
9667
-631
5676
-9952
7314
-5691
7723
-7988
1527
-3612
-5668
7119
2926
-9058
-8007
-7512
393
614
-4283
3973
-5224
5352
2701
-5960
6828
2894
-5585
-8660
3476
3902
1308
-8672
6849
-4714
3268
6116
8370
-9427
6765
2035
-1101
7425
3469
-1398
7770
3182
3840
3134
-6669
4170
-8965
-506
4066
7583
6753
-7540
8272
4809
-2006
-5688
-2989
2023
-1786
3177
1706
-4901
4497
1847
1837
5508
6545
6094
-4615
9500
-8625
-2103
-3592
-5274
9034
3762
-7276
-3639
-6081
-355
940
-8156
289
2003
4177
-2839
-5877
-6250
-5554
-702
6824
-3213
-5611
-1485
-5326
-3009
6547
-1423
-7258
8934
-7973
-4106
-4501
-7568
3364
-3166
8352
-2547
3391
4800
6081
-599
1001
7812
6792
-1994
1921
6352
-5481
8137
-7181
277
6954
7248
-7172
96
-6326
-9962
7265
1178
-6154
3445
-766
4815
-2861
-77
2421
2008
-5436
-9192
-108
-1470
4247
7225
-8123
9865
7887
6124
-7126
3451
942
-8451
2572
4593
-2509
6236
-7647
-6825
5434
7819
-2406
-5294
-7765
-3194
-7472
4709
5066
-3473
-4473
2726
-9309
1534
2232
-9934
1014
-2423
-7408
5884
107
-2673
5565
-809
-9742
1627
4479
-730
-4789
7727
3766
-3210
-8725
-9396
-5809
-3638
-4860
1964
-3493
-3965
1623
4728
2864
5945
-1232
7120
9842
-4711
6577
-3298
-9744
-8747
-743
8737
4023
1773
-5793
-850
-847
2266
-1577
574
4151
6783
1893
9790
-419
8582
7700
4606
2416
26
-7604
6234
9119
-6681
-7465
3721
4077
1910
-2059
-169
-5746
-1640
6097
1006
2053
8069
2824
-465
5765
-990
-7688
-5258
-1178
343
6223
-4455
-1037
-5579
7070
2544
2257
-6786
3081
-7743
5900
-8131
-4028
6473
-7579
6155
5993
897
-3345
6237
633
-7777
-1693
8890
-3502
7523
7560
1737
3962
4323
-764
-4138
4574
-3011
6881
5745
6484
1650
3494
-600
2300
8497
1691
-415
-1246
8425
2987
-7111
7252
6687
6353
8475
-2053
3597
-1296
7157
8481
1356
6356
6174
-554
-4210
-2779
5054
-5851
293
-2491
-5787
-9468
1237
3368
-1198
-4209
-9276
2036
6119
-4038
-3054
9703
8479
7859
-2664
1930
8562
9288
-9502
60
8115
-8353
4466
7355
8290
-7790
-278
3052
4433
1190
7338
1231
-3585
-4717
4078
5855
-6937
5270
6866
3129
1171
6049
5567
5192
-9252
7869
-9906
9056
-225
417
-3524
601
8124
-5731
-3194
4211
5529
-9741
-3434
1681
7146
-6994
-3319
-3533
2472
4722
9234
-7740
9535
3895
-7637
-9469
-8743
-93
758
7489
247
-6597
-7668
5141
8719
6558
-4839
-5756
-92
751
-3888
-1126
-1647
4801
171
-8971
3113
185
-5333
-1695
-9336
3619
-6986
3965
4778
-9435
513
2233
5074
7893
-3303
-1045
-5162
6674
-6454
-5327
9192
-7059
9931
6882
8054
2934
2599
-1465
4419
-9750
-7238
5396
-1771
727
2973
-8691
4010
-2923
-6650
-296
-1463
-9159
-3939
-7761
-7174
-6670
1159
-8610
-3597
230
5888
-8678
-3926
6528
2796
-5791
4063
-6016
-4190
-8512
565
6872
2481
5685
-4315
-9069
-6466
2372
6826
-84
-6169
-2043
-3452
2796
-8101
6477
-1328
-1786
-7666
-2869
7083
-4044
3089
5258
-4428
-5253
7642
8384
-9880
4377
-1282
-5759
-9299
-4778
6512
-8062
1948
841
-8746
-3380
9377
4004
-7594
-6962
8833
-9728
-3821
-6163
-6680
1437
-2790
-64
-5027
556
9237
-1418
1410
1383
-963
4068
-304
3782
-6067
-7543
-5955
-6012
-8217
7808
-9424
-9102
3304
7869
-3211
-4059
9931
7100
9043
2299
-4819
-1055
-7984
-2288
6896
8781
3485
3717
-5028
158
-4776
4192
-8977
-2253
-381
-9673
-2123
-6955
-9871
2431
-7139
537
-8558
-169
-2965
-5300
4543
946
4133
-6308
-6963
-3389
-8099
-652
-8225
7554
9359
-2817
6225
9967
-1665
7941
4505
7055
1050
7739
3808
-1662
9342
-4799
6071
-3528
-124
-2507
-4254
9549
-7424
-7033
-5902
3872
9651
3020
4232
356
-8365
-2359
1939
-1861
-2191
1120
-939
-9140
-9295
8155
1489
-1033
-6751
-1089
8878
-6201
3384
-2243
-1596
-2200
1994
-9302
-446
2322
-1811
5049
-6193
-3195
2833
7950
3044
7585
1011
-3523
-8570
957
2665
5746
-8915
-9214
1447
-3143
-5694
4490
-4819
-7980
-9461
-5991
-2072
3824
9034
-7229
-8708
3018
4562
-4439
-7242
-4092
7050
-2415
1260
6480
-7998
5851
2941
2840
4922
9965
5397
-8538
8858
-5994
7255
5219
-3987
5540
-6810
2978
-237
5850
-6031
-2286
-514
-4847
2547
245
-9803
-7256
-3148
5282
-7803
6191
646
5032
-2516
-5675
3029
-1482
669
-3894
-9469
-2499
6620
-639
-1854
-1404
-135
2903
-8380
-8443
-3569
-6364
-3274
1638
7023
2219
-6304
4834
3359
4061
1246
1013
5634
-7450
-1504
7129
-3240
5813
3894
142
2046
-952
-1173
3316
5617
-9102
9955
4403
-2800
-6575
9347
-980
3892
-4820
6266
8948
-2223
-123
-9867
-7592
3066
8464
-9181
4159
3616
-693
-7739
9575
-6569
-6105
4081
-2204
4896
5065
5594
3666
2147
-3853
2216
1112
-1483
9729
1541
-5763
5219
-4217
-7034
6598
3849
-4927
-7182
5478
-2123
1965
-3116
8641
9671
6490
-592
-3240
6516
7847
-1462
1966
-361
8627
-83
-3181
4231
3079
649
-8953
-9830
-8967
-5428
-1592
-8215
4103
6539
2689
-8612
1985
-9661
6964
969
-7645
6438
3462
6658
-7360
-1364
1452
6393
-9029
8947
-2751
-2574
-9573
-5407
7144
5624
9541
7241
-3531
9419
2192
305
5431
6037
-1667
6707
-2921
1030
7164
-9193
-4625
-2005
2190
3755
1318
7167
3250
-4957
6020
-6400
-6743
2166
1874
4697
1746
-2762
3299
-2510
-3951
-2969
-5987
-1815
-9655
-2161
-8522
-5128
-4424
7925
3885
-6810
1741
9928
6479
1925
8974
7793
-7318
6843
-911
-2163
-8629
1114
-937
1970
496
-7137
5481
5915
-6333
659
5029
9377
-2083
-3557
-9886
4910
494
1707
-3612
7512
6008
-8091
7515
8655
1031
-7982
-9102
-7543
-1911
3726
-5858
9766
244
-1935
-6761
-8879
-3770
5280
5290
-4534
5112
3184
-3769
-82
3437
776
8823
5162
9711
1275
-7288
-6244
-7100
7940
5719
4132
-4852
3655
3189
6360
3573
9951
8297
-1737
-2007
2865
4243
-7946
-5198
-3341
7482
812
-4576
5671
-2467
9275
-2841
-3202
6695
5252
-1922
7335
-861
-7897
-8342
2768
-5093
-6001
9681
-8296
643
-92
8109
-7867
-1013
285
419
5692
-9158
-9487
3802
8381
-5512
1832
-880
-7697
-1945
294
-8443
-9677
858
130
4325
1136
-7825
3710
-5073
-9895
4849
8393
-4176
-5281
848
-7283
-9419
-7656
-5030
-1201
9320
-2384
-6014
7351
2612
740
-1658
-8332
2540
-4606
5344
-4971
-4932
1367
-9089
-908
9149
-4636
1988
-132
-5679
6514
9146
-7367
4993
-6118
4797
7776
-5257
-8685
-870
-4156
-7517
-190
-8747
4087
-9285
-697
-5657
4903
-3134
-3635
8413
-1838
5956
-6276
2839
-4146
5082
650
9220
4882
-8877
3892
-1103
-9003
3766
-2635
7216
5705
4
-4766
2246
8081
1641
3072
-5577
-8386
-3518
-6106
-205
-3069
5002
2477
1656
9329
5037
-874
2670
4660
-2006
6742
-4763
-2254
9677
-3341
1048
-6971
-7545
-7953
-5917
-1382
6841
7380
-9782
-4070
-6002
3249
273
7602
183
9531
9987
-7930
-8386
-8035
7704
-8089
3595
-3626
-4809
-5590
1949
3056
8853
-3216
-1177
6516
-258
-765
-944
2259
-5121
7814
-4607
-6168
-9023
-4884
2490
3578
1781
-6602
-4820
5171
-6899
9635
-2665
9983
4145
9965
5074
-4896
4296
-5731
9544
6129
2569
-6598
9230
-8549
-2557
-3129
9335
-7754
-7185
-8661
-1708
-5191
9030
629
152
2508
-4425
6911
-19
2405
8648
4960
-378
-495
635
-433
8930
-875
2798
6756
-7581
-5796
-5126
-8681
7815
1852
3989
7776
-9398
-1518
-2845
6391
-8627
-8703
-7066
4370
-4749
-4617
-5572
8558
804
-3908
-1561
-2497
8197
-2188
5271
2126
-6346
-8225
-5688
-8396
9143
7766
5360
607
6149
-5250
-2129
-9411
7442
8807
8906
6184
-9788
-5797
-8441
-6880
9604
-3998
-8717
-1704
-3493
-9993
6672
1245
-1074
5104
3498
9681
6539
-1346
5750
-5363
779
-7779
6900
642
-7175
-7101
5841
9327
5801
-2534
1162
-8417
-1968
-7811
6994
1432
6695
3297
7649
-680
3143
3089
-8520
-4305
2573
-188
5292
-3287
2818
-930
6640
-9784
-8980
-6198
-5299
-5836
-8547
-969
-4349
8602
4487
-4139
5686
-8112
-9706
-608
-2268
-6374
9981
-6612
8955
-2247
-8659
-8103
-2569
2693
1861
-830
291
-4832
5462
6356
-6652
-3148
7008
-6285
-9068
8339
9430
-4655
8871
-8650
-752
6255
-1472
2102
-3087
-688
-2378
-1530
-3053
-6939
416
-2040
7780
6086
1221
-1323
8539
-3207
-6757
-3873
-6421
3013
-3926
1619
-33
-917
-4196
9676
-8018
9871
7320
-145
1996
2619
-7010
-338
4024
3528
-4147
-9586
-1562
-7511
-9960
-2248
-977
-369
5381
-491
-3654
9052
9161
781
-476
-7303
-6800
5346
1260
5906
6743
-2284
-2603
-9178
-1764
9297
-1393
6252
-9858
-3529
-2866
702
-1131
4287
-1506
-804
-7581
-2625
1059
-7045
8343
-8756
4469
9416
-7067
-6061
-5528
6285
9995
-4156
5333
1137
732
-617
-7999
2931
4743
-4512
-512
2551
4553
659
1225
-36
1246
4754
-610
-5197
-3287
-2066
7122
-1118
1061
-2201
-6444
-8721
332
-8263
3289
5720
7324
6797
-5627
2765
1768
-7625
3824
-6294
6378
3114
-8632
-5109
-7129
1021
-6284
-8652
7162
4809
-3285
-3795
-4580
-3704
-2003
8062
-5836
-7246
-6504
-3619
-2026
-1445
-8988
8311
-9721
9520
-488
-8911
7743
3044
-476
-9629
-6692
6596
8194
9307
6284
2698
3378
-2268
361
-1068
1972
-2976
-3716
5085
9314
1886
6258
-1477
4040
444
-9054
8379
-8603
-9244
1694
-4699
6964
-8012
-8383
-9130
4163
-7723
-3501
-3773
-9704
636
1171
7513
9620
312
-4214
-5934
-2667
-6938
-4285
2282
5771
-1857
-1531
4232
-4762
2643
7049
-1161
7664
1403
9564
7240
2458
4315
7910
3935
-1118
-1033
-584
-4901
5743
-6804
51
6754
7556
-7318
3453
3532
-5908
-1837
-1280
8033
-4109
9210
2098
-8731
6596
-6666
-6984
-8291
8471
-2564
-1090
-895
-2478
6591
-2018
-5550
8726
8283
2164
2772
7011
7684
-2837
5000
-3189
6449
2474
-2555
-1140
-1411
5220
3055
-8379
1579
-1185
4525
-8250
-3504
-3250
7134
-6089
3857
4452
-1224
2828
-5993
500
-3261
7596
9513
-2148
5302
5806
1034
3007
-346
3719
-4972
8554
-8774
5212
-5903
1450
-4333
1025
5460
-8260
4706
4151
4698
5286
5056
2750
7746
-2306
-8478
8649
-1775
5955
2157
9137
-5345
9820
-3138
5717
4021
-4054
1477
-3723
-938
-374
5839
2366
3454
-9974
4382
1713
619
-6568
7554
-6558
-570
-2681
-2340
7496
9262
-7344
-701
-1461
-6684
-2765
-9194
3924
-358
4332
2230
7012
3977
-4000
-7219
-8104
-7383
9991
-1775
-2662
-5692
-2872
-8931
546
198
-3995
6705
-9167
6478
-514
-6585
-9982
4417
8035
3001
-2163
-9620
9246
627
9235
679
6951
2344
1464
-1269
5568
8384
-6152
-9473
-3826
-212
6911
-6531
-9847
1089
-7450
-9161
9980
-6159
-4167
-5722
-2281
2490
6862
-9680
-5992
-28
5648
-8047
-1919
-1813
4808
-3254
9848
883
1986
-4248
-7003
9486
-5210
980
6839
6080
683
-3232
-5064
-5377
1986
-4744
-9739
-4039
-1799
-8392
-7530
-4915
7278
-5501
-2770
-1059
3076
-6681
-9818
129
6480
-2093
-2137
3373
-2641
6232
5556
3212
1351
-3661
3221
-9223
-1040
-3823
7865
2652
3501
8027
4283
-9528
8579
5105
9265
-5781
6081
5891
-3735
5356
-3082
-729
-2884
-7447
-1469
-9230
4078
6183
5627
-9732
542
7365
-769
-2708
-1612
2465
580
-4279
-3183
-8048
-6682
29
-9199
-3488
-3751
3715
7228
-5989
3795
-8523
1112
-5062
-8095
7288
82
6326
-9230
2588
7809
-2276
-3451
-5785
-2416
662
1219
-7676
-5271
-6798
-9521
-7277
-3091
6520
4052
4934
434
928
-3951
2662
-3417
-6799
1168
4549
-3581
8277
-2474
9521
3874
-6251
4116
2878
3785
-1904
-7388
5712
91
-1782
6861
-8532
1432
8318
6304
-6047
-6786
-1267
4943
1352
5206
-9601
-4319
-9044
3539
-1958
6650
3289
-7810
-1794
6120
1442
-3459
408
-6322
-7334
7043
7962
-8624
-8373
2166
4646
-9771
-5762
8300
-1670
-9179
2014
-5662
312
7611
-1473
7673
-3095
5377
8709
-2309
-2263
4945
-8064
-4728
-7681
5972
-9448
6203
9335
-7
7534
5995
-6476
-1927
5880
5353
-115
1153
7602
7631
-3191
9845
4315
-2062
-5491
-7951
-4005
1742
-334
4222
2687
-1810
931
1418
-9325
-1856
-8121
1926
9285
9927
-8132
1893
8681
-7844
5142
-4169
20
-8751
-5556
-346
-2510
-7886
6921
1789
-2963
2772
195
5561
2553
-9454
7570
9992
7835
1316
-3117
3702
-7438
-4852
3584
-6635
7062
1092
-1193
789
8317
-8460
6684
2552
7157
5162
-3180
-389
-1361
8518
-410
7859
-6893
5363
-8904
6227
-6131
6426
-7032
2542
525
-6840
6941
-8911
-412
850
195
3800
2826
-2967
2484
5024
1844
6582
6551
-2425
8586
1508
-5239
561
8867
-9823
3843
9708
-14
-6629
-2442
4360
36
-5322
1648
8681
-8737
-7232
8661
-1812
5290
1796
-6676
-907
-2448
-669
-736
-2205
1464
1891
-7924
-8316
-1238
5852
546
4413
-389
-9491
531
-4566
-5681
7048
8990
-4079
-9277
-9237
-3955
5717
-3853
-616
-3615
5822
5955
4884
7594
-1268
-2618
6071
-3010
-4549
392
-6985
3600
-6344
-6377
9968
-6958
-5199
51
-3800
-1325
9191
-6388
-9611
5837
2772
-8594
7052
9897
246
-4502
8761
9491
2604
7121
-1626
-7155
9128
-4066
6106
-1274
5328
-8010
531
-3943
4012
-7890
1668
-4140
4730
2918
-3393
-4294
9643
-8811
9135
1190
3606
2908
7562
-5677
6568
6577
6762
30
-1516
-9925
3915
3775
-1437
1622
8132
-9747
9207
1942
3122
-3554
8904
6884
5223
6884
7806
-1122
7853
-5140
2399
9718
-4379
4499
-2779
2590
3450
-194
1047
4948
-2022
5115
-2876
-5140
-1278
-2337
1548
2688
-6143
7259
6196
6054
9938
-6432
4472
672
4371
-6997
5673
-5220
-440
-348
5604
2715
366
-7698
9592
-2471
808
-9463
-6361
-7142
-4896
-6597
2924
4565
-8067
-6898
-3085
-7042
337
-2359
1753
5998
-2293
2245
3767
7095
-5577
689
-3053
-1182
-5213
8001
9603
2002
-8719
-5786
-7777
9648
-5891
-8592
-3556
9301
3438
3998
7755
288
-4910
7286
8751
6246
-5833
9631
6694
5620
-3887
421
9687
1681
-2949
8828
-9286
-2039
-1008
-6843
8591
286
1822
-6370
7754
-9912
-3024
2833
3934
-4861
-6453
1595
-3303
-2566
7929
-9283
793
7134
-100
6354
-7001
2371
9797
-6248
-8890
2083
9425
1871
5075
4392
5535
7337
7556
1357
3269
-214
495
3050
7498
-1267
7339
5860
-3517
4147
4502
-2912
3814
300
-8589
9796
7966
-5108
-7224
-6600
14
-5867
7482
-2756
-1905
-6175
-9697
6394
-7099
9794
6799
9898
6855
-9146
-6828
9536
4064
-1804
7823
2817
-5958
898
6028
-7969
6397
-5699
5604
7306
-8770
-2295
-271
2948
2456
-8109
7915
9756
-7051
-6020
501
-9792
3305
-3840
-6083
-2948
-83
9908
1707
1468
-2547
-1485
9653
-2183
6521
2804
-8321
4773
-8647
-4030
2703
8670
2323
-7847
9878
-5076
-3737
-9464
927
-6793
-6006
2844
3590
-7889
7318
-3340
-8740
5868
-7079
-8181
-3155
-5157
-6399
-686
7061
-8727
-4450
7458
505
7137
-6262
5179
769
-9022
2976
-1488
-6745
-2640
8982
9032
-250
-969
8951
4012
-9171
8482
7459
-3866
1073
-2948
-5781
8941
-7737
6861
-7449
1672
1888
-3080
62
-9271
-6394
-2019
3806
9432
9919
8343
87
-3799
7346
2467
9383
-9654
5834
-5165
-6861
6179
4277
548
-6692
4277
-3999
-6021
-8420
-5922
2563
4191
8783
-944
-8659
4959
3922
-8715
-5628
-10000
9647
-4827
-4048
-7585
9537
5837
6235
3102
-5749
-77
-857
-6199
509
847
-4327
-1960
-472
-8597
1970
9537
3508
-6648
-9774
-8130
-4038
2554
-205
-556
734
7630
-4187
-2062
7761
9900
-9692
8516
3665
4313
-6369
-5974
5807
1866
9453
5965
-1747
4944
-5326
-3634
4190
8032
-4577
-842
3054
-9681
-973
278
6591
7256
-9492
-8429
-4705
9001
-9821
-2172
-6255
727
6050
-4746
838
4951
3386
4747
8993
-3537
-2365
-8349
-1120
-477
-5790
2071
-9574
-328
8553
8229
-6230
-3185
5999
2979
-5233
2808
5799
2670
-2314
-1148
8310
2178
-792
-7873
2704
-7997
7621
4645
9979
7583
-6943
8314
-9215
6831
-4736
6970
2961
4244
-8492
-3076
7353
-192
5540
-4546
-7115
-1694
1236
-5460
3177
1780
6818
-6294
6304
-5447
-8923
-7795
2551
6706
-5068
9512
-6298
5889
-8587
3566
-8122
1234
-6449
1287
-9576
-6861
-4679
-3913
-2028
-1945
9013
-6006
1419
2770
-7342
-2816
2240
-76
8268
8203
1649
7613
2618
-2
1827
-8872
-4383
-2662
-4089
8390
4765
-2732
5797
7764
-9828
3297
-1146
9956
-7974
5761
3270
7183
3003
6614
1118
-9938
-4147
1554
-1162
-47
9871
-8910
136
6998
-1358
852
-3995
-8968
334
8666
-9196
3369
-1687
-7170
9501
7563
2192
4869
-7118
-1613
-7687
-1242
2773
6444
2356
-8872
-1024
6289
-8079
-8875
1647
-3283
8511
926
-5458
3683
-356
4965
-5621
9941
6235
-6219
6080
2685
-4922
9319
6438
3007
4397
7992
1264
3399
-866
-4396
-8498
-591
-8752
-6924
5491
-9440
-1842
7113
2991
2897
-232
-4942
2807
7608
-8754
-7997
-9216
-5535
2079
1416
3504
6634
6353
-5388
1995
7096
-999
-1167
-8634
5191
9286
-2986
266
631
212
1545
153
2367
-7391
-2903
-8916
-9107
7511
6907
-5942
4203
6652
8682
7179
-6024
-2216
-65
-3991
6647
-8269
6883
8707
5679
-16
-1773
-2626
7727
-1917
-8434
1447
-802
-8952
-5388
1881
-4865
-3650
-4788
-5023
5681
6206
9043
-2356
3099
-3282
7889
6336
-1026
-38
-3643
-4803
-8588
9294
8220
-435
-8964
-889
7785
-7431
4372
6883
5884
6554
-9455
942
-2979
3423
6
2033
-1750
-8739
-2447
-1236
7558
8306
-9718
8657
-9630
-8251
-7826
-750
3524
9226
3121
-4926
7742
3213
-841
-500
9412
-2869
-5291
6039
306
-4875
-8624
-649
1561
7687
-5986
-5540
4172
-1846
-6230
6279
-665
3094
-9189
6239
3485
8638
5921
5606
6560
6057
-6394
-5284
-6551
-9647
1033
-9069
8938
-2271
7186
7904
3161
6058
-777
4654
-5019
1107
-4144
-9914
-1899
-1344
5068
6301
5913
6509
1145
-424
6149
3251
-1926
-3617
2652
-3584
6765
4995
1536
5448
456
-9106
5526
1167
-9572
-7158
-3963
8164
5833
-3117
-3945
2898
8098
352
-9703
4346
9306
7714
-758
-1805
8681
-1791
-3973
-4196
-6994
1665
-1333
5004
2738
3387
8714
6441
2318
-9517
4481
-6439
-1662
2830
7590
1836
-2402
-4261
827
4792
6764
-6555
-387
-5763
-3008
6075
-5350
-9436
-6086
3892
-2164
-3404
6464
2151
9676
7924
-9146
-1537
-778
-1039
-3842
-6373
-5624
3466
6493
-739
2547
-7288
-1496
5733
3304
3356
-8461
-4114
-6103
3741
-467
-2326
8156
4920
1414
4902
6218
-8515
-4829
-330
9362
-2838
-4138
8512
-4488
3995
-228
5181
-6067
-3334
5890
-627
-6156
5203
4355
7114
8801
-8206
8257
-3204
-4494
2545
-7753
4222
-9517
3163
5271
4144
370
6207
1547
-1876
-4083
7603
1475
-6830
-9237
7114
3374
7724
-3586
3217
1366
7398
-4874
4732
-1571
-3360
5198
-9877
-9267
7520
-8993
-6543
-5620
-6450
975
6812
-9542
7973
1918
9271
9847
9271
2257
435
-9974
5095
7378
261
640
5037
-5407
-1301
9585
9670
-9989
4429
-6167
-4745
-167
2084
9630
-3098
-4872
6970
3525
354
5845
-3276
-2244
276
-3601
-3807
-5291
4981
-5047
2758
-9395
-5254
-7325
-3737
3087
-6817
2926
9609
-9099
-3715
