11080
3521
-8908
-4866
-6337
7777
1528
-3650
-6566
-8875
-6394
-1104
-3389
-3841
-3771
3037
5624
1615
-513
-9055
-8972
2831
1085
2078
-3556
-2394
-9752
1379
-9144
2892
89
-7512
-2877
-550
1956
3984
1493
4510
-6392
8132
-924
-6721
2149
-2503
6530
-5259
-9958
-7005
-280
9829
4023
-7981
-5152
6294
-4102
-5666
-1132
7956
5346
2848
-5142
7923
-2579
-1366
2487
6007
-8916
679
7579
-838
-7272
2655
-1577
7499
-3759
-8799
-5520
5832
4094
-9519
-1420
5117
8624
-5835
-9384
3703
1128
-2449
6644
-414
-3402
6503
8170
9776
-7425
-833
4982
8574
2178
8651
9683
-5778
-4609
3804
-1167
-9264
-1068
-6945
5619
7807
7932
-9662
8426
-4809
-726
4554
2051
5434
-5655
-5036
821
781
4324
8040
9412
3669
22
-4326
-9217
2235
-1281
69
6923
1307
4532
-6480
7467
8778
-5618
1042
-3990
-8924
-3072
-8597
-8144
-2378
8813
-3980
7678
393
1086
-4699
-8049
-8171
4162
-638
-1795
-6496
-8048
-7367
-1144
-960
-8353
2435
-5816
-3047
-342
-936
4285
-5916
-480
-2507
1169
50
4260
-8078
2184
7373
-2696
-5797
4468
-2760
-7790
-4758
4506
-6635
4305
-9131
-1300
-591
3919
1222
-2451
-883
6959
1158
3238
4992
2428
6424
-8272
-8956
5137
1952
5734
2297
-10000
-4066
-4484
-1054
1481
4352
2138
3886
5987
512
-6698
6313
1188
-4360
6276
-2218
-906
7218
5430
-3454
-5437
1436
-1762
6075
7613
3817
1177
-1328
-4469
-4924
-4434
3087
-9329
-9105
-9028
4838
-1319
-6919
9053
6132
-4578
340
-7382
-1349
-2590
1107
-4434
8993
-4782
1050
7171
8144
-8273
6316
-6990
-4553
-8023
-2197
-9492
-3765
-138
3929
-4566
-6054
-9189
-7908
7789
-7730
7129
7592
6795
-986
1201
4862
767
2001
2201
3555
-1977
6097
-4375
2811
-5045
2132
2312
3885
8387
9857
288
5013
9199
-6276
2427
-8772
-3081
1142
-9805
2715
7353
2654
9143
-6862
-3529
-9473
-5359
1228
-4942
-6238
7698
-9294
-2065
-3169
8828
4082
2364
8608
749
2782
6608
4810
2211
4174
-6532
7923
-4618
-5184
-4611
-8229
-9324
6237
-5396
7017
4646
-549
5492
5325
2635
144
2161
9116
-9392
1333
-2586
2729
-8220
2115
-2281
-1931
-9397
-4824
-1443
7060
6348
6874
1679
5410
7519
-4185
5736
668
-6140
555
-6813
423
8073
5062
7223
380
6181
-8854
5094
8490
-4155
8241
2775
8294
8101
7826
8252
-8626
-4964
-9202
8493
-1473
-5293
7324
2853
-6898
9543
8456
-1269
5240
3513
-2986
7528
4294
-9691
-9627
4100
-5622
8772
8066
396
9780
9035
-4814
-63
-4736
-9067
-4573
-2655
6980
-2474
-2962
-1728
-3170
-1886
4739
-2105
-3076
4591
-8715
-6906
1089
-6153
2766
-6549
-1977
-397
8536
2953
187
-793
-7418
-2502
5815
-9534
-8998
6838
-8380
2155
-1920
-5073
419
7506
7317
3950
9881
2548
-9795
-7805
1598
-9179
-6423
7369
-5914
4232
-867
6589
-4090
-8931
9406
-986
-4058
-4472
2001
-6394
-5331
9029
1246
4354
-5867
6025
5627
-6079
-8706
9838
-5212
4385
7963
-2674
34
4916
6811
-5230
4169
9687
3907
-4322
-807
8439
6822
7929
8012
8020
6049
9514
8545
7511
-8571
2692
2148
5201
5041
-4291
-6328
3866
7838
-2161
-7761
300
3804
-4398
-1491
-314
-6675
-5372
-8204
3591
8874
796
-4932
3120
-9558
-9022
1824
-8900
-1126
-9227
-8370
-6217
-5512
3089
-2076
6339
4856
7111
-5102
5460
-9850
8802
7128
-9055
8651
-1780
2287
3339
-9349
-1626
9026
3344
8010
-9846
6531
-3390
-7335
-2032
8085
3104
1565
9856
2452
-2557
-2047
-5079
9654
3077
-2216
6371
-2836
113
-2476
-2225
4151
-2331
7059
4420
-1563
6117
5419
824
3495
8583
-5467
-6571
-6076
8441
9128
7621
-8664
3356
6324
1194
7356
4220
-6318
-2050
-2650
-978
-9092
2300
9898
2894
4798
-6670
-6091
-1455
-3024
-8319
8412
3865
7373
-6936
-9843
5875
-286
-8667
8278
492
9200
-6824
-4329
6359
-6174
4132
2619
5598
-5168
4379
7568
8608
6495
-9570
2686
6783
-4481
8043
744
7112
-9145
9942
-5285
4318
-8957
-2226
-1384
87
-6646
-8559
-1704
-6867
4259
8990
-9047
8561
1085
9769
4238
-9575
8677
-1424
-8963
1363
-9452
-578
5023
5412
1222
2146
22
-5099
9060
-4219
5782
6648
282
-2448
6573
8545
-7338
-7509
3125
-6001
-2937
5130
-122
9851
-952
-8690
2231
1769
-806
2264
5867
-8669
7768
3235
-9568
-7092
-7645
-4562
2273
-348
-9537
-7923
5957
291
-6295
3830
2113
1456
-3797
66
-1551
-6153
8223
9983
-5027
6849
6016
-5602
-3646
2104
3191
-1043
116
-6670
-7918
-8140
-6
-1354
-6769
3263
999
4369
7920
-6026
8075
-2862
8082
-2319
7998
8553
2587
1261
-7315
745
4379
-9098
-7023
9941
8565
9085
-6828
-9596
-7462
1398
-2337
-2109
7345
8587
-1704
-8660
-5285
-9608
3308
6392
7584
-7813
8043
-9147
873
849
9881
7848
3915
2151
7496
9075
-7994
-6437
-4905
-9334
-9316
-5348
-2941
2467
-6484
902
-2321
-3923
1834
-3753
-5872
-410
-6359
705
9778
6770
-380
7975
3994
-1151
-8900
-9408
5209
-1542
-264
-7233
9528
5022
-6663
5240
-2004
5429
-7986
-7329
6197
-9407
2834
-3638
7512
4493
515
-2652
-7306
6444
-2880
5054
5152
3332
-5042
-1063
-7129
-2542
7166
-7247
-602
7039
-193
-2715
4473
5291
4916
-8080
-9453
-1119
147
-2281
1688
9286
-6530
-2660
8406
-8517
-738
8201
7504
-4314
-157
263
-5576
-5220
7116
4899
-6765
2638
4442
-4459
997
-2333
-6985
-5878
9338
2281
-9150
3830
9241
6276
-7238
5255
-8821
7126
-2561
4018
-1819
-346
-7072
-5920
-872
1391
8831
4965
-8276
-4018
-9469
-7742
2993
-849
2030
-4186
-2004
8287
-8074
9859
-7993
-1902
-2922
-1279
1180
3913
-435
-8086
-6390
7856
7960
-4661
2553
-6191
-2091
-8239
8176
3986
9553
-4993
2869
-13
8937
-9024
552
7507
4401
7783
-1519
-7763
3896
6937
-395
6124
-6615
5269
3485
-2098
477
-9415
-9631
8697
2865
-9081
-682
-3539
3492
-3016
3529
-6355
6630
6879
7676
-8252
-3146
4165
-434
5548
-7057
579
295
-1695
3982
-7715
2864
3497
-1992
-1471
-8960
-3900
9944
5115
3611
-3685
300
-1401
-1695
-7034
-3446
7456
-4956
3830
9873
-1262
2947
2346
-9479
-5655
-4977
-8440
-6043
1349
9560
2118
2740
-1177
9588
5704
-6555
7705
5857
858
6351
2829
-694
5962
-3717
-4086
-646
-9695
-2263
6982
-502
-1116
-9240
-2446
-5380
3261
7912
-294
-8168
-729
8973
-3683
-7762
3390
5250
9307
-7496
1081
-462
-4834
-3070
1879
6675
-4299
8565
-9082
-4199
4490
8840
-3766
-5399
638
8403
124
-4913
-5557
2113
6681
-8177
4226
-8378
-1356
5577
-4935
-777
-4209
9819
-6606
-1119
6901
-3167
-1529
1762
-308
-9607
1319
-4649
-2508
-8386
9069
-4223
-6350
-8209
780
-1842
4145
2122
5728
-8894
-7748
9277
4127
5745
-3921
-19
-4762
-9058
7063
1942
7810
-8312
8638
-2582
6295
-3895
-3068
7411
-781
1402
7687
3887
-5025
5199
-8048
5764
561
-2704
3453
-9975
5686
8359
6410
6585
6713
908
4734
1806
1568
-2005
2936
-1273
4494
8365
306
5108
-9909
5180
-8205
-6320
-6991
9910
-8294
617
7702
2974
-6614
-8245
-337
-6914
-8013
-9559
-4298
-5453
-7716
4011
8426
-903
-5739
-7488
-8992
-5387
5749
-448
-1413
-8165
1113
-5927
-8058
3371
-5034
7111
-3246
-8950
-5748
-9039
-5035
214
-512
-1111
-5842
-9836
-2485
4885
3790
-2772
-4756
-8463
-7977
6735
7811
-1753
596
223
5776
8167
-8420
4883
3607
5204
1552
-5950
6825
-5233
7919
285
6917
-7079
7282
7265
224
1389
-1327
1295
-7316
-7823
469
-4945
-3212
7232
8809
3431
9590
-116
9359
-5871
-9669
1332
4569
8021
6899
-2157
-5493
4398
4954
-6928
3649
-7724
4245
-9089
-9235
-3062
2887
-4340
-545
2936
-1786
-4457
2504
-7
1769
-2933
6798
567
5897
-1521
7028
6569
-815
-9178
4465
4569
-3723
-6845
-385
-1252
-1827
-1849
4097
-279
-3164
-1404
-2348
9749
-3122
-4165
8313
-4285
-1071
1771
-7079
-650
-8416
1135
-2706
-6260
544
-6279
618
-5861
4235
7690
-2157
9873
-1514
-69
-4584
-1668
-9174
-4962
6277
-5265
-976
95
-4676
1270
626
3283
-3087
7880
-1728
-5070
9038
1593
484
-5627
4584
-9701
-5743
4575
-8209
-577
-2160
-3105
-1200
5144
-7670
-8580
62
6167
8673
3072
6469
-8039
-8140
3306
-6504
4171
-2430
-4236
681
-3896
-2499
-966
-995
2691
8164
535
-4269
7359
-7314
-1869
-1508
9319
4705
676
-1782
-6840
-3570
1552
2476
-6653
5721
3330
-5096
2395
-2103
6140
146
7640
-4530
-2660
-8662
-3259
5732
1028
2487
-9002
4811
2492
-8949
-6942
-8244
-4398
9878
-3634
107
2765
-1504
1607
5909
-881
172
-5746
-9584
-9287
6347
2410
-1010
-4609
6361
-8144
7785
4537
-2429
-4797
-5657
9103
3096
-7520
7763
556
618
8348
-4953
-1442
-6309
76
608
-2012
-6605
-2966
909
7304
1932
-355
-4200
7170
2599
-1843
-3503
2089
2351
1180
-4840
981
-8732
-5963
4188
6610
-1745
4136
-4352
3083
8294
-7618
3169
8753
1944
-8260
-9488
-4221
-7662
-1493
-9072
-8269
-2246
-3064
-3614
-5608
8711
-7928
5927
5838
9043
4725
-9405
-531
-5015
-2035
-5620
8109
-9179
7634
498
-5501
-2771
3143
-4245
-4264
7830
-8729
-2419
3245
-5654
1510
-1644
-5575
1685
-6483
-4720
-8975
-6447
9286
-4605
-2756
-6243
6973
-2256
9288
-1076
9049
-7798
6208
9645
-8068
1462
2718
-3414
7433
-9779
-6025
9405
-8605
-3547
9887
1398
-2639
9442
4896
-5537
7530
-2336
-4502
-7075
-7948
2711
-8491
-9418
-1486
8093
5485
-4861
-5777
3655
8109
-5425
9785
-1906
-6654
-6183
-9799
33
-5522
-7011
2098
6427
-242
5582
7894
4943
-8830
-4078
-9263
4970
9417
8255
-108
4961
-5800
-3665
5696
-3670
-6111
5583
-8573
7502
5472
-6936
-2691
-779
-3326
-7527
5748
486
8110
4420
-7044
-9714
651
-8552
8842
-2476
3838
-6697
7684
4360
-9478
9809
-8775
7236
-9337
8811
-6727
6757
-8098
6660
406
-4364
-6120
-1462
5284
-5174
-967
-9322
6964
8710
-7756
-6023
-9617
-7916
595
4065
-4929
2028
-57
-3683
3819
5433
-6175
2119
-973
1080
-2703
-9683
956
6626
-2324
603
-6593
9483
4708
6202
4718
6879
6019
-4225
-5343
-2343
-9502
4227
-1108
7658
2744
8198
1969
6813
-5211
-1899
7971
-4938
7947
1421
180
-8334
-2005
7810
-2919
-6000
6061
-4461
-5327
-3628
2439
3871
-3522
3387
6437
-5909
-4824
-2918
-6573
-6084
5282
-8495
-6383
5937
-6801
4098
787
1325
-6015
891
9336
7450
-9420
5945
-4063
-5417
-5359
-5215
-4004
4326
6057
3058
-6641
-9885
2471
-9244
-4408
771
-3644
-4014
2069
-9317
-6715
3668
-3664
-4070
7893
2717
-6133
-5339
2574
7981
-4768
-5757
294
166
-350
-5849
-6439
-4103
8496
8744
9985
-7986
-6447
-1324
-7577
3986
4531
9475
3004
-412
2487
3870
-4426
9299
-261
4550
-8582
8719
7906
-7562
-1001
-5903
8468
-7320
-8565
2704
-184
-8681
-9372
4653
8701
9650
4379
5613
-4620
-5461
994
5200
-1777
5116
-9089
986
309
-7798
3852
-351
-3790
-1407
-8787
-8567
7457
-6989
-4732
2943
5481
-6721
6859
-25
-2497
8981
9454
-3630
6348
-2095
-5421
1562
509
-2308
4313
8487
9567
-7909
1027
-9294
-7499
-8258
-9978
189
4989
-7184
2374
-6800
-8329
-2976
-1768
8379
-8999
4549
9100
-1066
4683
-8061
-978
-8547
-3112
9381
3299
5474
-8033
9605
8787
-5014
-1067
-7604
7882
3580
-7386
9420
-1575
-3102
-5700
-969
-3188
-3577
7635
-4283
-7166
-4958
-8001
-1071
-9444
2892
1397
-6032
4635
9987
-9314
3807
-3074
1233
-5375
-5042
-2512
1069
-5351
7836
-7153
-3219
7148
-8070
8996
-494
-7382
-4381
-1267
-407
3933
9617
-6642
-179
5842
2435
3208
7458
-7698
3376
4759
-6836
-7084
-9346
-5726
-3549
-4439
8636
4908
775
-2891
6265
6638
-8401
5771
1352
4113
-489
3414
3103
1315
415
5880
-6499
4634
2413
2701
3627
8157
-7993
9559
-4510
802
4286
7108
-767
-3075
-2643
-3178
3406
-5172
8305
-5087
4948
2092
-4093
-2207
-75
9143
-7886
-3928
-3724
5108
-1336
-9083
2756
8289
-2638
-1433
-7511
-80
-3674
-7147
6655
571
-7225
-725
7590
-1164
9616
9520
-9013
-3859
-4498
752
-5869
8777
-9210
4730
596
-4029
8609
-1698
-9853
-5392
-408
7549
1423
529
-9944
-1614
4678
-5675
-2965
-5328
-5958
2994
1023
3713
-5486
2818
-8029
-2161
-9729
6792
-5788
7605
-7321
-2791
2911
4827
-2248
3257
1283
7536
-8610
-4559
-1641
-7737
1986
-951
2785
-5105
-7982
-7647
1113
-1159
-1839
9586
-6484
-6212
-6511
9030
-4052
6539
8479
-746
-8777
-1049
7329
-7378
3740
-7464
-246
283
9867
-9855
-6068
-4032
302
2092
838
-297
1350
2928
6432
3377
-644
133
5522
8574
7463
-8908
4450
-6509
1119
-9323
2868
-7443
-4533
-2408
6155
-4255
-5917
5228
-4457
9518
-9606
1054
-6555
8992
8244
8742
6762
2600
2128
9359
-3171
8315
5985
-2014
1847
2634
-4217
2227
-7087
-3627
7524
8261
6723
8833
-2895
7635
8184
-1137
-3475
5349
8029
4256
-4133
-4860
2321
-463
309
2539
-4903
-6063
3950
5490
-1284
-2681
-5442
-105
1804
2620
3393
-5846
-7799
-1842
-5616
-3683
2645
2904
-3676
5968
676
1454
-9692
-2103
7817
-4129
-9956
-5554
8692
-9100
8173
993
-4923
-2648
9005
7724
-3140
3390
-9595
5621
-7456
-9078
2720
-9231
-9408
3668
3561
104
-727
-5013
-2799
1760
4541
-481
9200
855
8734
-6127
-2255
5753
3239
1519
-1191
-3789
5635
-1191
925
2591
-4705
3576
-1255
-7808
-3113
8861
-6673
2752
-2946
7846
6896
-8707
-3090
4456
3603
1901
-4895
1361
-1464
6197
8516
4171
-2176
2747
-4154
-1364
546
-4320
4425
-3714
-1971
-9742
-1923
-9977
-5761
8616
-2394
5411
5109
9111
-1266
-1602
7926
9088
6349
-9348
9784
9712
-9689
2091
4118
-4307
-4459
-4263
-3046
710
5510
1898
-4749
-2667
8988
3968
4029
4388
2359
-403
-9947
-4668
1035
-3406
-9921
9331
1406
4534
-8528
9637
-2923
-8764
1479
3289
-6187
-6449
-2849
-8425
-2368
-2095
7817
7967
6693
6785
-3716
1711
5198
-1009
-3336
1197
6696
-8615
5983
-4699
-3667
3009
3449
-9097
1323
5622
7338
-7335
4459
-6627
-6430
-6328
-517
189
6256
6628
-5546
1561
5189
8549
-419
209
8931
-1978
-6286
-1945
9989
-1899
-6778
-4505
-5504
-2641
5011
3553
4317
7926
3511
2194
5856
5872
6352
568
6274
-885
-1619
-5692
4468
5669
-2538
7024
4208
7590
9949
313
-936
7177
7301
-9013
-9222
-8488
-9955
3881
-3246
-557
-3855
-9447
-8215
9426
-8842
4623
-1786
-4302
-3211
468
387
-7865
-4579
-2148
7736
-7656
-1509
4866
3743
8300
-726
3450
6766
4768
-5150
-9935
-4615
1385
-9986
-3645
-6954
-5344
3252
-8089
8443
-4136
-2479
8447
7153
-3563
6163
-8145
-7611
1743
8691
-8454
-2738
2038
-5590
-8300
2786
8825
-4382
-3668
-5340
-648
-2455
-8433
8006
1175
6339
8310
-5888
-4473
643
6590
-5288
5102
-6167
6480
9107
-6185
-9961
-7982
-3238
2049
9480
-752
-8777
9749
-3703
9299
-2851
-8719
9259
2627
5274
7414
314
-2133
-6714
1639
-3526
1611
-3452
589
8588
2412
-6349
-3471
-4095
-5103
-9546
5990
9490
-5187
260
2255
-8263
29
2161
9783
3657
7845
6632
1252
-6848
-9915
-723
247
2457
-4894
-466
-3950
-2153
3746
-4071
-2343
2255
-114
-2589
-3819
9271
-2670
5657
-4742
696
-1418
2296
-2175
-4222
-5759
-2033
7304
-6924
9864
-4168
-9520
8099
5841
3160
-5548
-432
-1465
6834
4496
-6381
-764
4963
7004
6661
-7049
1934
-3949
-3280
-2823
3847
7454
-1291
-9941
-1237
-625
-3032
1588
-9815
5415
-4890
9173
-2870
-8888
2014
-455
1380
-7641
-832
-8774
-5448
8772
4895
6076
-2049
-291
1873
1473
-4846
7216
-908
-2841
-2827
-3501
-3965
1122
-1142
2503
-2469
4345
4292
-6137
-3570
-1246
-3121
2018
-4667
5275
4058
-2359
-349
-5003
9208
-9230
-6118
1804
6048
8055
8247
8100
3840
9505
-9856
4151
4537
2170
6376
7303
-8762
5009
-3283
-4921
-892
-4102
6455
9280
-2194
-4772
-7610
-5226
-5228
-8146
1801
-8466
-2202
3273
-7055
-7251
-5029
-5395
-9483
-1354
-1479
-7737
-5442
4978
-8168
9043
1070
-4379
6974
415
4796
-9826
-8437
4263
6453
8549
-4561
-928
-4473
-7200
426
8805
1331
-4914
86
-4491
2768
-6746
9672
2144
9743
-2877
1163
-5803
-5885
6104
911
2385
8050
-4138
-6446
-5121
8525
9805
2479
9143
-1203
1433
-6007
7081
-1224
-3136
4258
-8343
7708
-2240
-5083
6463
5687
1917
-4211
7526
2693
-6671
8862
-6900
1839
-581
3880
-4209
-9076
-1734
-4944
-9408
4229
7958
-6275
-7275
6388
3000
7086
-3684
-8483
-2633
8690
-7323
-4386
-3875
-7712
-2356
3489
-2679
-3058
-425
-8993
-9507
5975
-4295
6470
-8176
8005
5135
-5510
3635
5414
-8213
-4771
7857
5075
-501
3752
9409
9629
-3624
-192
-6814
5627
-6708
9764
-2729
9230
1873
5071
-6641
1960
-7886
43
-498
5866
35
-6373
-8303
-4140
-139
-2217
9313
-2002
320
6905
-7033
-7095
8764
-4733
9531
-3835
-7985
-8340
7503
-634
9939
9362
5365
1496
-9122
-3516
-8601
7591
943
5638
8852
9574
-7588
-3170
-4797
-9707
9361
7891
2786
6246
-9805
-8159
2078
-9370
323
-165
4804
-8660
7873
-1668
-3419
-9819
-5596
2398
8273
-9083
-6041
8892
9755
8166
-6498
-415
-6459
4920
-6226
6635
-9237
9989
-4769
-8916
7199
-6925
-292
4175
-3837
-6886
8453
7420
3247
6966
-1587
-7697
-6551
1928
-8417
4178
1928
-5364
-625
7375
9452
-8472
-7855
-5377
668
8401
-7632
5227
9758
4112
1947
5380
-5522
1099
4829
-8062
-1906
-392
-7992
3308
-7494
4788
5984
-3875
-6973
5064
-3927
2675
5302
7260
-6850
-6977
9538
3128
-8052
-8771
-7942
7552
5231
-7222
2000
6295
5604
4030
-4863
75
2521
-9459
8458
930
-105
-8671
-6309
-4529
-9844
7130
-2767
-2724
2101
-4822
3568
8686
-4614
-6988
-9610
5248
-5070
9501
-6004
-5765
-9014
2618
-1395
-1108
9002
3484
7216
-5144
8604
-8753
3321
6858
-5446
-2355
-4205
-7266
6068
-3752
-6862
3230
6946
-8345
-7086
1300
-254
-6631
593
6306
3064
-2407
7455
-2264
-6221
-3118
-720
-528
-9066
115
9505
6968
4528
-263
5639
1486
2289
7771
-2742
7909
4927
9099
2243
-9755
5324
3064
2299
-2871
-5763
3812
-1358
3862
-4020
-2590
7165
-6388
-3614
-1833
-591
-1801
-188
-7491
8612
-7866
-6279
-536
-6484
-2367
5155
-6450
-9188
-2479
2099
5678
-1716
7293
-1773
-6330
-5420
8991
-7540
3581
-8560
8454
218
-8944
1394
6701
1383
-6130
-8609
-5401
4228
-341
557
-8589
-4012
4906
3011
-4009
7457
-8090
9949
7385
9552
-9368
9243
-7217
-2412
-1106
-1739
-6733
1286
7526
5225
8147
9773
118
3283
-5793
-8910
5888
-2930
1594
9474
1742
6380
1980
5568
1802
-2399
-6695
-2441
-9826
7621
-6658
-4497
5155
-5252
8471
-4119
2949
-3113
1820
7369
6311
-4993
-7139
8343
2249
7754
9200
-5134
-3401
6225
4813
3218
-2338
-9573
-7549
620
-7622
-4370
4410
2836
3387
-7648
-4161
178
74
2828
-7696
-4790
4728
-3195
6048
-6920
-9678
-7132
4470
6263
-2113
-8571
-5372
788
-4653
-5006
9952
-1753
2787
-2311
8034
-9251
-4044
9325
9675
9894
-9633
-1588
152
-2531
681
3733
-9464
9223
-5614
-6430
-1364
-3268
3028
4041
6823
-1734
3622
2718
6066
2976
-7015
5479
-2907
-1058
-3838
7997
4877
9086
2924
-9874
5112
8355
-271
4763
-3463
7012
5586
411
-9549
-8461
-9844
4033
9666
4672
4977
-4601
3511
-1615
3181
4041
-1180
6873
-5728
6992
382
9871
-8531
-8821
2046
8740
-3157
6192
1462
-458
8867
2838
-4049
-845
-5374
7312
-1798
7655
5263
-9953
-7277
4030
-366
-8805
-2125
6094
-8010
9938
3990
2875
676
-7622
9036
-4197
2835
-6364
5312
-9919
-7047
-4719
9672
2606
9458
-9085
9230
-1815
8377
-9931
2389
-523
-233
-4445
8399
-7956
-5199
5918
2150
-4992
-7404
-4063
6069
-7253
3078
-4102
2008
-609
2296
985
4133
-9405
-8580
-2969
8764
-5437
3919
-8931
-8873
-9851
1756
2404
-2591
-9220
3969
-3582
3226
2277
4166
3913
-9748
-4091
7280
1257
7011
-8097
3857
-8862
-3461
239
3762
6509
3544
-2578
-9597
4205
-6311
-3812
-6919
-5684
6970
-4056
-8436
-7609
9333
-1220
2585
-9881
9997
-294
8112
-9228
1092
5368
5372
8650
-1179
-6269
-3352
8879
-5418
1274
82
2929
-321
-1184
9973
-9732
3636
6204
-9951
-9435
6155
-1372
-4981
-4115
-6421
-5317
-2937
6540
6638
-3921
9906
-6567
991
-6135
-3621
-267
2241
-5167
5839
-9789
-8807
-5095
-1755
-4935
-3238
-8235
9834
-4701
-8651
-4403
6901
7819
3356
4218
6138
8041
-3395
-9101
9935
-871
-7814
2232
-9319
-3930
224
-8582
-6928
-1317
-7274
8464
-3130
-769
8842
1979
6010
-6521
-9247
3717
4398
-696
9563
8853
-7309
-7646
-4673
9601
9256
-9229
7883
7703
9879
-5637
-8962
3087
-5900
-1694
-6505
2108
-1381
9470
4943
-2610
-6665
-4495
2241
9529
-5843
-9038
6052
-3071
-4150
-7548
7981
4292
6757
-6654
9297
3842
9331
1269
-4924
-9607
6473
-9973
-9409
5034
2051
-8911
-441
-5610
-663
5276
7819
259
6084
1731
1071
-7773
2330
162
3175
7101
3403
-8437
-875
5558
7004
87
355
-6239
-8830
-8537
7423
-499
-2172
-1364
391
-145
7148
2189
-8551
5769
-5171
3255
9238
9688
8960
8611
9034
2475
-6415
-3899
-1415
5244
6537
8430
1974
368
4007
8356
-2859
1126
7951
-3861
-9658
-9119
-5575
-1621
-246
-8865
-7943
7870
6270
-8705
-5839
1105
8302
-5999
2549
-8218
-9173
445
6461
-9928
6194
-2742
-9200
8057
6678
-7993
-5120
-1418
6168
5853
9956
-8539
4453
-8430
7960
-2276
9916
2070
7590
3342
1639
6239
9330
-3856
4645
-7748
-4968
-8881
7832
7076
-7299
402
3036
1217
-3488
3623
-2031
5297
3128
5323
-3806
1728
8114
6777
8703
3789
-7664
382
832
-2715
-589
-7694
9072
2637
-8973
-6359
-3238
5232
8541
2989
-6535
-8741
9523
-9402
-2028
-7504
3884
5589
5289
-1768
8455
-5800
2826
-6286
-2201
-5936
-4698
-8409
-1804
7209
4115
9231
-3030
-2464
6775
9532
2276
6912
-6170
3607
7476
1356
-7188
-7939
131
-3185
-9742
3682
-1639
-2041
-1995
9544
3688
-7655
1758
-1287
-9918
-4136
-5310
-8186
-6213
8269
-6096
-9343
-9865
5375
-6449
-1138
5195
8853
137
1826
3162
-1167
48
-5671
487
9441
-589
2774
3025
-5187
1738
3765
-8556
5181
-6562
8237
-9087
6139
1602
6520
6353
-8543
4466
-8564
4200
-4419
-1639
-6512
-3631
-5455
7904
-8178
-501
676
4869
1899
2048
1694
-9507
-4599
4197
8717
174
-3364
-471
6412
-9127
-2279
9824
-478
3209
6180
3132
-4990
-4783
-1433
1479
3349
-1455
-1112
8876
2788
2648
-825
-2117
-5235
-921
3366
1392
-228
2890
-7995
-6431
3100
6636
-1272
-2102
-1458
-1661
-4150
-4083
-1730
-7023
-9515
-8318
-4231
3260
-8206
-3117
7256
-2744
7522
3756
-6222
-7619
8653
-247
-8826
2666
-7891
-450
-3050
6551
-2762
-4891
4717
581
-4000
-6338
-9640
-5358
-5852
-9764
-9353
-2596
4244
-4459
-2962
7321
-634
7433
-1204
-4085
3366
-9613
-1637
2297
-1333
-3822
1169
-5299
5506
-4916
-3333
1884
-3069
-2375
6341
-783
2930
-3014
-7211
-2913
-905
-428
-9174
9753
7841
3919
-6415
8575
5835
-7653
-2799
-876
-2937
-1217
4701
6164
-4395
-7863
5929
2393
-2654
5014
-941
2892
-9785
482
-6913
1705
-4419
-5723
-2885
3335
6434
5788
-6334
-9787
-5674
-1844
-934
705
-6522
8007
-6067
-2032
-7374
7112
-3420
-817
3981
-3832
-702
5164
-7857
-8042
3902
754
3249
2865
-5459
-1009
-6469
-1826
-3935
-9448
9489
5819
4761
6444
7038
-5353
7596
7832
-7494
3792
8687
3847
9852
3463
-508
-3348
7851
-260
5301
-9882
3528
-9094
1094
5141
7378
9636
2819
-3118
1126
-1540
2241
5065
9167
-5557
7261
-2032
-9345
-1179
-5085
-8592
-9419
-6122
453
9734
-7736
7214
7438
2468
-5990
-3055
-9988
-8511
9248
-1767
9566
-1712
-1301
-1744
6852
-2600
-4439
-2940
1886
2885
-8743
-4047
-4793
-296
4004
5584
7718
2189
6153
-6290
-2451
2273
-6853
-9749
3976
-5549
6563
3687
-2499
-8988
-1884
5067
-8379
7276
3659
7196
8223
9854
-575
9858
6233
-3231
4819
5429
6667
1426
7115
4045
-6737
-1453
-9361
-8021
4432
7305
-6671
5919
-1403
-900
6112
-678
-8953
8401
6560
5504
1042
105
-3262
-4220
-5174
1807
3625
-3482
2771
5549
7156
-1614
-2901
6155
4477
-2299
3482
-9982
9782
4313
8485
-412
9765
1316
-3680
-4271
8374
-2375
-7376
-4994
-4497
-8485
6799
-5909
-9802
-355
-9900
-8820
2511
-74
6768
-9105
6405
-3560
7050
5884
6332
2053
7038
-8806
6482
380
4753
4237
8372
438
5656
5134
-4368
-7817
-4653
-5221
-3460
-5725
-1994
-8316
-7548
-8301
-5178
5911
4102
2957
-8601
2186
8068
8987
-6663
8210
676
-7106
6264
6223
991
2614
5869
5209
-5781
1794
-1577
6378
2539
8120
2300
-6785
6698
-1263
-479
-1927
-360
-654
-377
-5231
-4511
5400
-1629
-6710
-1976
8966
-1028
6189
5429
-6002
-5014
-6052
5554
7519
1294
3552
5100
4794
5080
-9020
9297
-2025
9121
-6845
-7946
-2865
-883
-6554
9735
-4298
6139
2532
-7593
3354
-4969
-4559
2744
-1947
8466
4931
5664
8609
3584
3217
-170
-4229
-5850
-9552
7883
-3950
-1981
5694
3640
-6734
5472
9595
-366
-6012
-3751
4352
-1257
4278
6661
2607
2409
-2084
-5096
-5367
-3041
1236
-8950
1998
-5862
2771
6342
2905
6216
-3935
-4878
5522
-52
-5290
-4195
-9321
4920
-4130
1434
2183
4583
-1224
-4497
-7591
8663
1381
-8898
-639
5654
9388
-6909
-2789
9270
-5466
-5690
-8635
1261
-7740
9374
-2157
-4300
1498
5856
6612
-4900
-6079
-1841
-2942
-9269
4367
-8731
3707
509
-1554
2670
-2469
-1914
-3291
-5029
-7073
4342
2519
8269
5797
-3448
-9993
-1206
-1826
9617
4906
-3786
7650
-3627
6307
9710
-8021
8405
4474
2251
-3922
475
-6772
-3887
-8801
-996
-1710
-7200
8462
-6043
-7168
-4483
7841
-6537
1625
1502
-8924
-1619
7173
-2300
564
7899
-9967
9990
-5977
5750
-5834
-9625
7328
-2987
5740
-3844
6272
-4432
-3153
5621
-7705
5844
-6245
-5438
9231
6918
-2068
9477
1425
7100
1356
1634
2964
5379
3083
9398
3098
-8736
-264
-6348
-3324
-6180
6042
47
2820
-1200
-8564
7901
3344
7364
-5371
2549
-2172
7650
3660
-3614
1125
-3231
-35
-1643
14
6497
-6251
222
-7221
5035
-8982
8624
-8998
1956
-6965
2572
-9479
-1759
1821
-1546
-6849
3803
5318
-1464
9610
6410
8164
1199
1101
5464
7624
-8724
7704
-8078
-7483
2594
-3683
-4354
-7922
-4141
-1366
2759
8234
7770
618
-8032
9120
-6149
2293
-1652
8561
-6854
-9272
-3969
-6747
8904
-2724
9277
3467
5429
8909
-6590
-6448
2351
1056
-8518
838
1849
-1521
9721
-1839
-8789
-6252
5776
-1448
66
-7393
6882
2480
-3878
1859
1181
9704
7207
-5298
-7568
7553
-4848
4868
3388
-5981
-9654
-2168
2263
1242
-9928
6286
278
976
6164
5133
2149
4547
-9529
9160
-9231
-8928
-1772
8326
1644
1622
-9813
355
5580
4991
4273
-3608
7262
1633
5101
5408
-9238
3175
4466
6091
-5802
-5360
8294
3770
746
548
7970
5189
9872
-6000
-5319
-4291
7477
2173
-8494
676
-4299
-7848
6108
4700
-9684
6791
-8268
2815
-2757
5086
-7366
-1162
8759
-5971
-4985
119
739
7833
4496
-4153
-2330
6975
25
-9258
-1441
-1590
-5839
1298
6984
8568
-2702
730
2255
1853
-3064
6378
-2370
7420
-8584
4242
6750
-2992
-175
5038
4328
-6533
9960
-8024
7541
289
-7395
6764
7025
5051
-4051
3793
2046
-111
-4100
-580
-1873
5640
4237
6752
7238
-7042
-4079
3063
278
-8796
-4950
-4094
4534
-6229
4147
-9691
-6037
-320
4122
-9293
-2142
-9207
4066
-7669
-6999
-9366
8816
-1635
-6299
-6632
-8591
7491
7233
-7553
-2771
-4035
3112
-5362
-2865
-9489
-9026
4727
6486
-6618
-3439
-4463
3942
1459
-3591
-1459
-8332
9826
-4656
-920
2389
2808
9908
5808
-1418
7974
4970
7800
4870
2984
-6176
-6467
7282
1282
-5071
-9314
242
-7638
-6714
6455
8945
-9908
-1336
6661
6694
2957
9873
2063
2904
-4699
2098
8658
2978
5605
-9039
-7578
9395
-8667
-1323
-9286
-9821
2854
69
3006
9947
3434
-3271
-7312
3768
-4860
-1250
5142
4923
6063
9086
8015
-1418
5646
-6058
-325
-9933
6779
9310
-5160
42
-7884
-4871
8665
-672
-5326
6230
2907
-3495
4782
2626
8378
5952
-7407
2380
3215
9825
8678
6716
6242
9380
7656
4130
4313
-9712
-5990
7539
9883
-3146
4019
-4501
9095
-325
8123
-907
-3914
1255
9245
7007
1406
1543
3248
-8575
5153
8964
-8543
-2598
-2467
7556
3966
7952
8226
-8111
7114
-6696
-2418
-6060
6442
2155
1047
-6894
7347
-8647
7315
-7272
-910
8057
6797
1022
6600
5281
9023
8100
-9305
-8835
-9552
7253
4782
-5005
-3701
-661
8528
691
4872
-7252
548
3628
-1540
499
-9367
9999
1874
-6480
-7072
5274
-6965
-5535
6193
1945
-4617
1312
4744
5304
-2515
13
-1324
9287
-1801
6501
5339
-4381
-4380
-6329
8132
465
6860
-952
4091
4924
-5977
-2307
8330
-8682
-3806
-5211
-535
-2126
8598
5061
133
-3732
6423
-1529
-4329
-5872
5786
-7504
3246
-400
9658
8460
4223
-2379
8501
8220
4903
-2373
-2402
4722
7133
9475
1495
-1719
1654
-5558
2318
4048
-8342
902
7513
-2106
4766
-8262
-3530
6445
-1748
-6831
-6019
5298
-5465
-7510
4613
-7105
-5589
-6814
-9371
7319
-997
5164
5761
-846
6043
7735
3686
-998
-5438
-1197
2288
-8048
-4109
3535
3920
-951
7888
-7777
-9047
-4857
7270
3710
-1672
1766
7513
9771
-8023
-2186
-927
-3949
3816
-1107
-7934
-5037
7798
43
261
-37
-2272
7225
-2873
5367
-8985
1093
-5892
-9263
-9185
-6933
980
-1250
-1454
9845
-1811
-6499
-4260
-6055
-1976
5222
335
2762
-8679
-5183
-371
5565
-1903
460
7676
-8085
-2019
3260
8217
4319
-2859
8817
-1881
-5131
-5564
-496
683
6566
7254
-6828
-8842
7970
384
3269
4387
9092
8727
4821
-7085
5832
2325
-8207
-8992
-1026
2784
-8520
-9170
912
-1417
-7233
445
1582
-6652
-9926
6365
4248
-7240
9622
-8651
9596
-2502
-1464
1352
-6169
8115
9064
-786
-3693
5952
3204
-7865
-6747
-1656
4533
6057
5531
9482
2751
7324
1057
6469
-7976
8767
7170
-9709
-2810
2043
5082
8408
1561
8307
-162
3810
5576
963
-1834
8055
829
-4221
7977
-8613
-6601
-5014
-8619
2211
4298
9019
6177
1373
-4632
-5470
-4991
2212
-8560
526
-9039
-5864
3012
5504
8031
8984
-2931
-1267
-5711
-78
141
5549
781
1871
-5400
7686
1017
-1613
4364
-1098
-629
5575
1527
-5501
-8110
-5786
1448
7364
-1680
9575
9076
-8168
-6714
4627
-8226
-2417
-9720
-8080
4438
-1896
-926
7454
325
7317
-8541
3897
-4470
-7343
2124
-2692
-1335
2903
-9428
-5117
8157
-6995
1635
3677
8597
9948
5454
6909
-8246
7069
-4446
2732
-4158
4361
3414
5610
-9646
5125
-2200
4825
3486
7341
-5961
-7823
3369
9704
-2165
-642
6567
5619
-6346
-3531
-9652
-3985
2501
9453
-1471
-6075
-8127
-7288
-5174
4586
1651
-4789
-1738
-9888
-4894
-7269
1563
9959
-4933
7175
5660
-732
-1351
-1162
-4964
9669
-494
1104
7232
272
3950
3245
5421
-9371
-4626
-3481
42
-3220
-9525
-3746
-5518
-9245
-6922
128
-8608
4977
7546
-4585
-1122
6620
3834
7223
-5864
7383
4530
8430
-1724
3810
5599
2514
-8070
8246
2893
9167
-7215
-2518
1341
-2665
384
-1644
6028
2497
9072
2823
-9311
4837
934
4181
8871
4822
-198
6440
-7071
4937
6911
-4823
8892
4751
-5906
6609
4784
-6781
-2832
-7800
1650
7131
4200
1779
-7506
-1960
-3893
5784
-7037
-8596
-5899
-6442
2381
7830
-7428
-6528
-2481
5067
2464
-8911
-6737
-6935
-1176
9041
5430
4410
2633
8554
4250
-3378
-3613
4126
9604
4278
-6995
3332
7083
-1590
-9798
-3872
877
7741
2712
-2276
-3785
-8282
2008
4731
-2813
1671
-5082
-8851
5616
-7180
-8295
1427
-63
-1752
-9159
1785
-309
7015
4892
5915
5313
-409
4411
-2769
-6557
-8211
461
-4621
5037
-1593
3359
7243
6078
9644
-1022
7468
-9263
-8643
2779
5072
-5495
-8031
-2676
4680
84
2563
-9134
-7700
-2206
9070
-1946
-2440
5982
5501
-3416
8881
965
1702
5397
-9994
4561
-7055
3460
1117
-5050
8593
2770
8619
1205
-5002
-8702
-468
-7980
-2839
-7686
2677
-614
-2330
8704
4879
-9602
4466
8116
7789
-1092
9986
1898
6906
-844
-2133
-3146
4568
9629
-146
-2976
1439
-1015
438
-4590
-7375
-5446
2053
5526
-8257
-8784
260
-7394
815
-1636
3098
5677
-6737
-6281
-3133
2933
9984
-794
-7951
1272
-8200
5645
-2334
4139
2392
248
-5547
-5460
6994
-7713
-9462
8549
6553
2980
3311
-6344
-7134
9758
6383
-5168
-1570
-5940
-6355
-9522
-349
7179
3136
-6231
3932
1620
8113
3933
-9684
-9431
-1351
2989
-976
4640
-3377
8414
-6144
-3590
5775
-1225
4602
-7860
-3477
-9263
-9553
4992
-8046
8295
-9170
-6599
-1164
717
-5367
-9628
420
-6373
4819
-9829
2369
-4831
-2519
-9282
6354
-2477
3590
-8729
8001
8018
4548
-5247
-8886
9170
505
3736
6273
8991
8275
6545
-6301
3761
-9015
-4719
8202
8133
2479
1223
-1025
-8308
9830
-5089
839
1814
-8817
9735
5033
-4484
-8437
-83
3768
-9860
9940
8114
9542
252
-8455
-7859
3084
7908
5500
-1948
6492
7617
5042
-8881
-4457
-7936
-4674
72
-2083
6161
2601
4429
7029
-699
7810
-4684
4175
1715
-3282
-6684
4742
6233
8642
5341
-1756
-6299
-2454
-2465
-1998
6846
-3646
1218
-8066
5185
2542
5582
1572
-278
-7098
-7784
-8780
-2009
-6931
-7603
-2944
7259
9604
5121
8955
4221
9998
-2031
1783
-4416
-4819
5427
-3984
-9684
-9527
-8223
-3337
-7928
-7508
-1138
-5197
-8054
-8626
9016
735
-6945
-133
862
1736
-595
3749
-7492
-2698
1049
-7
-3766
-7429
5659
-8489
8947
5354
-6646
8482
5355
-1244
7817
-9736
4244
-4355
-9107
3586
-7757
3901
1002
-8721
-6589
6034
7728
-3726
3743
-3162
8124
-4260
-6987
-7580
-2706
-1299
802
1846
-6340
5907
6524
5034
-4499
-3641
-1675
-5995
3878
6752
6317
8487
-807
-5608
5966
3278
-9260
-473
8689
2407
-1033
-8205
7081
3632
2733
-1389
-5036
-7604
5938
-274
-1559
-4169
4158
-8271
3935
-214
5956
1690
6576
6615
8531
-4723
3469
2690
-6518
3183
6822
7286
-7667
-1927
6667
-9231
-7063
4380
8869
-5936
-4572
4420
-7727
-9796
3077
5241
-9464
-1943
-7015
-4610
3400
5222
9053
5101
-3427
1926
-5628
9516
9225
2988
-2950
4314
8738
6580
3659
-7660
-6394
-6915
-8321
-3928
773
2980
2897
7858
8021
1303
-8056
-9603
2816
309
-8838
-7172
-866
9790
1130
-6046
-1171
-9057
6396
7078
-3119
-9397
6179
7511
8370
8397
-8235
-5900
4867
-8169
-4
-3595
4535
6256
9328
-7502
9281
-1814
2505
-4229
5949
9695
3802
-4383
-1274
9930
-682
-2548
-7350
5397
3726
-5600
893
-7698
-3676
-3274
6321
-8841
3332
6547
-9764
-8605
-5029
-5768
-3979
6307
-974
-3752
2037
9265
263
3528
-2400
-7078
804
5614
-2174
8125
8196
-4065
528
-1702
-6071
8825
-474
-9454
-1748
-2160
-676
1944
2614
7170
-1867
-1750
-2887
-2733
-6816
6559
7120
-1888
-4714
-8994
-6285
8596
-6411
-8550
-107
9172
6668
4392
-9289
-9489
-5067
-1833
-8626
9799
9165
1458
1976
-3843
346
-3371
-359
3181
9622
-9592
1419
-9349
-7578
-1318
-6261
6583
9547
-8682
-3551
8408
9825
-5576
-9999
-7198
-9022
6422
2499
-3928
5331
-7063
9267
9542
-9108
5300
-8062
6959
8245
755
6252
5916
-9271
4968
8719
2868
1377
2877
-1790
-48
8937
3566
7437
8955
5236
-4870
-5652
4670
-3613
6882
-6584
237
5999
-5308
6983
-6444
235
-8638
1106
-8558
-5317
2462
-2309
-1910
-6843
-4380
8973
199
2029
2821
9249
3575
1107
-1507
-6296
7380
1184
-7784
-2399
2786
-7376
8809
7717
-3346
3285
-1583
-6073
3173
-6696
2095
1891
-2303
-807
4460
-4424
-8500
-2774
-9991
-4087
7746
-7581
1760
-485
4298
-6376
-2459
4226
-3620
1677
6071
-4302
-9826
-1128
-8776
3394
9732
-8305
7598
52
-796
3850
-7828
8524
-6698
-6676
-7779
-5333
1614
9879
3619
-2651
735
6662
2365
-4416
1846
-298
-4200
7729
7971
-8598
6546
4135
-1049
9925
-9332
-2309
511
-121
-7453
-1332
6877
-8631
-9224
-3528
3994
-4040
6361
4298
6044
1765
6139
-3688
-9054
3224
-2234
5934
9717
776
-9427
-3528
9566
4909
-9026
2465
1358
7849
-4947
7784
7386
-260
-9574
-5742
7066
-9419
-3890
6519
714
559
-3815
3785
-8495
9707
-4659
-8555
8983
50
-2427
-7183
-1347
6865
7836
1733
-5966
6368
-4421
3256
7039
-8530
8478
5616
4140
799
7108
-9221
229
-8697
-5877
-2243
1076
788
5881
4854
-2933
3877
-1868
-8038
9517
1379
-2896
-7782
-3527
-8768
618
2054
6004
6865
211
-3691
-734
-3858
-4625
3631
9174
2121
-6595
-823
-579
2909
7408
1465
5355
4645
-8687
5883
-870
8237
8396
9198
5223
5640
903
-7085
-7765
4072
6552
-9107
-2841
-2016
7852
6615
-3330
9269
-7891
-4753
5386
-2460
1609
8942
4912
-4024
-733
4704
491
-1640
4837
698
933
7113
3614
-2262
8211
7541
-7113
5541
-2699
-77
7035
-3378
5708
-5051
7842
3062
-2854
-4781
-4490
4359
204
701
5256
9635
-9399
808
9249
172
4279
9887
7766
301
-8557
-6731
325
-3295
-9578
-7821
4412
-8303
5615
5715
-9036
8131
-3105
-1288
2647
-6943
-7727
-1516
-7554
2680
-4398
-38
5761
-7397
-1991
8031
1540
5322
-4521
-2809
-9331
-6583
-8600
-9166
1353
-5239
-2235
-1796
-1161
-6630
9598
1473
90
-308
1102
8429
701
4979
2696
6704
9139
-9356
7481
658
9413
5488
-496
8462
-5636
1245
11
-6401
-2165
4143
-6672
5910
-9835
-8345
-5118
-4766
-7561
-4712
6441
-3480
9103
-6160
8576
-5780
-1499
5739
-2252
6923
1884
-6321
-9248
-7001
7482
9203
-7789
-3037
9563
6627
-944
3892
6312
7903
6148
-6661
1339
4299
1951
-5171
9356
-8910
-7611
-5395
7054
-6434
-2151
-9756
-6396
8735
2071
7764
5383
-1778
-2901
-5285
-3194
5713
3901
491
3350
3073
-6776
4861
-2917
2360
-7376
526
-1041
-3338
-3851
2681
-7731
-3399
4013
-2145
-6789
8798
-9839
-5537
-4873
8190
9362
6892
-82
-3780
6066
-3591
-9151
9575
8289
6374
-7114
-2951
-4571
7165
-5320
-6245
-4457
-4152
-8969
8415
-8228
-7383
6752
3559
-2311
-5166
5679
4090
-4624
8241
-8583
9701
-93
-6820
-1869
5438
-7614
7669
-4770
783
5964
-363
-9700
1895
-8658
806
6743
3115
3884
-1551
7730
9009
8650
8903
-5302
873
-4780
7049
4398
8602
-9813
6184
-6234
638
-5387
-6353
-9129
8881
7422
-9298
6403
-6618
5836
8019
-6241
-5987
8004
-6646
2506
3217
-1828
8989
207
7021
-2418
-4188
-7453
-5634
-8775
-2321
3943
-563
5551
-930
4858
3915
-7695
-2045
-8407
3037
-8175
4274
5791
5181
-4355
-4057
4450
1737
-6150
-4927
6143
5465
7356
9076
-6084
-95
-2051
5410
-4730
2583
-3098
-1111
852
-1222
-8563
-4309
2262
5044
4456
1478
-8746
-9683
1157
-280
139
2093
-4258
-3126
5535
2415
3260
-4261
-9448
-4527
9808
8097
-4388
2218
-3462
9561
2952
-8627
6548
5862
3591
-7926
9208
7363
-9101
-2119
-8375
5803
4279
-7418
-7849
-3590
8531
585
7527
-8233
-6234
-9792
408
-6325
9400
-5701
-7345
-7347
5809
2021
-8881
8567
-1505
-9771
-4696
224
9009
-7428
-9770
-1162
-9421
-5897
-9692
7185
6407
-8512
-2863
-916
-3935
7792
-9665
-8351
-1200
8493
-7205
-7291
-7500
-1687
-9497
-5365
-206
9879
4582
5529
-3848
5710
-8240
5323
1023
4402
5349
8815
639
-8187
3005
6748
-7685
1900
7237
-6807
-8950
4915
-7827
5186
59
2770
2388
8532
676
-8888
6408
1990
4735
2592
9561
-6512
8834
5307
3216
-7397
-7399
1880
5029
4337
8879
-8781
-4717
2901
3373
-8162
-9269
-1248
-4180
-6628
-9882
1716
-686
-9101
-4088
7600
6005
-6787
4264
-373
-851
4691
-4096
1917
-1764
-8739
-2740
-3820
9148
4780
6578
1768
-5115
8414
-9869
2720
-958
-2711
-9417
1810
-9312
1872
-9904
7436
-4364
-574
-448
-7113
-3860
-1707
7259
-907
1726
-1319
9562
-8040
86
258
6825
8617
698
1491
8999
-4950
-4001
6193
596
-174
3400
5515
-2654
-5283
-7482
-211
6702
-1938
-5945
8582
-9755
8007
1395
2089
4003
7766
8297
4650
-8827
1041
5825
3905
-1115
-6071
-6020
2397
8109
-5467
-1820
3812
-6484
9376
7872
6604
-805
-5707
7491
-4694
-2231
5898
-6807
-3469
-7842
5078
1547
3279
5474
-5627
8024
10000
-1260
5841
-2359
-6146
-2242
6461
650
-5114
6714
-426
-1270
5330
-3376
9636
-6288
2244
3037
-4434
2351
7336
254
-5524
9146
3249
-2991
-4736
-257
1196
5832
-4116
9568
1495
5943
1303
2976
-9500
9398
6240
-5298
-6519
2911
-7485
-7062
-7648
-5426
4496
-5881
621
5012
-7506
3267
-9186
1790
-2984
-532
-6282
-1146
-2878
3171
-3062
6927
-2763
-5669
918
8281
-2101
-5394
4979
3821
1071
2830
-5461
4898
-3577
-1596
-3895
3274
-8611
1237
-2183
4634
-7407
-9252
2201
1004
9719
8954
3272
7223
-8229
2295
505
-8505
1365
2967
1446
-4884
-1732
-7098
-4142
-221
-7781
-5281
-6039
7329
9476
-2221
842
9815
-120
-2166
-6491
8120
-6523
-96
6814
-5725
-6250
7006
-5273
2026
4634
-2032
2020
2409
-8761
-4874
1191
-3682
-3968
6100
-166
9799
1356
1662
-9016
1865
7805
-8070
-797
-2365
9039
9248
-9396
-9517
-6535
2836
568
-484
-305
4654
2668
-2134
5666
1680
-6773
-7408
111
4220
8589
5920
2902
-24
9075
9056
8644
8058
6354
-2571
-8449
2854
-2045
3233
6767
255
-8825
2125
4043
-9389
8750
-8324
-6086
1444
-1253
-5149
7567
4893
5849
8561
6922
-9469
6485
-5962
-696
9657
-6729
1273
-5684
8555
6160
-606
3740
-7148
9929
-5520
-1274
4496
-4452
-6093
9091
-8005
-2361
9082
1525
-4282
334
1360
-7650
3013
9068
-3416
-8519
6351
2637
-4486
-7400
9286
-8457
142
7160
-2934
-6132
-5756
-8324
-9130
8908
-4640
-7321
6212
-4666
3709
2206
-3964
-5265
9501
2975
2203
-3918
6328
-1064
9299
-2742
957
-3237
-264
4456
-4490
1023
-7702
-4875
-5972
-4406
3432
7222
9814
-2787
5539
-7182
4017
-2246
-3749
-6979
-8102
-5914
-8856
-8096
-1675
3904
1347
-8538
-5285
-3759
-1548
-4890
3009
-3910
-9510
7047
4285
4441
5
3055
7420
1375
-2380
-9469
-6325
7739
-998
7206
9084
2834
-159
6296
-9090
4730
7381
-3000
-7742
7459
7859
3332
4933
5001
-7683
-1395
672
9224
9747
4950
-1175
5549
551
-7747
5942
3566
-8620
3679
2295
-7381
-6597
480
5918
9058
6744
6357
8588
1936
4760
-2105
432
-4798
5958
579
2484
-964
4681
3495
-7567
3061
-2986
-7969
3613
-5110
9851
6572
-6461
-9170
4436
-4033
9781
-4688
8349
-2511
8327
3464
-9147
-3437
-5049
8001
7793
-662
9402
9117
-6289
6944
-7592
-690
-9254
552
1472
-3655
-6313
-3852
-5398
-2417
5366
-8241
-5894
6060
3886
-841
-9397
-5291
-8509
-3376
-1502
-8005
-4050
-4321
-5252
-9389
-5225
5640
2928
-768
4670
2760
-5574
-3538
-7391
-5746
5313
-3222
623
3913
-9813
8712
-9479
-4756
1828
-8061
-3741
4480
-8662
9860
-3040
-6207
-3273
-5671
3421
1073
5114
5340
-6328
-732
-9033
5348
9814
8510
-1171
-9882
-89
-855
8951
4545
7611
5420
-2197
519
7992
2873
-7058
810
7717
6555
-9187
5871
8876
586
1962
2275
9425
-5132
5930
-624
2282
-8320
-9563
4634
-3589
8156
3835
9054
-3580
1163
-4794
825
-2565
-5239
420
4447
8331
-3811
-94
3088
-1766
3544
3905
-7361
7362
2866
-9604
1240
1113
4754
-6001
1207
9938
-4297
-1158
3126
4815
1133
3255
5755
6801
-200
-2213
-3480
-1466
-4449
-7669
8730
8896
8670
-542
8777
1454
6307
9052
-2817
-2606
8611
-1998
-8574
6453
-9018
-896
-3958
1194
-6608
4073
1325
1357
-5761
-1354
9006
-2536
7886
-3580
9520
6447
246
1098
-7043
-3809
-9805
9227
-8679
-3614
867
1067
-165
-2615
-3565
9044
-7666
-3518
-5467
5403
3687
-2597
-9515
-7257
2380
-7437
5530
-7229
-6445
3522
-9449
-7177
-6029
-4197
1824
-3304
8282
5017
-5251
-4566
-5449
3768
-7220
6121
-7048
-5738
6633
-8892
-2574
3133
2809
6911
3441
-6063
8418
-3595
9175
6167
-8313
2684
-3716
-3208
1887
202
-6768
-3343
-1392
-2011
9389
9278
-8307
-4019
7370
196
8258
8071
252
-9496
6432
-9119
3631
3902
-5029
2065
5165
9406
8177
153
-136
7051
-6005
-2528
2412
-2888
-4215
1234
-5963
-4638
-5090
-2825
-9514
8655
-4106
4899
-4224
699
399
5490
265
2699
2832
-1797
7547
-3738
-2277
-496
-8915
-1144
-9323
-5693
7874
407
-3319
2800
9042
9103
-671
-9848
-7023
7340
3534
-3168
-8247
516
-4849
1190
7571
-1749
6950
7208
4321
6687
-9996
-8929
-3421
9907
-6921
-1503
-4184
5052
2882
-7946
-629
4519
-1222
1602
-5991
8694
-319
-679
2425
-6580
9676
4706
-802
-717
-9554
9918
9006
8547
4818
-6551
1910
-6990
-5213
-7859
6355
-4084
8935
-8756
-2028
-6686
9758
-8271
1993
-5882
8838
1479
1266
3603
8977
4119
6882
-1540
-656
7709
7130
2648
-6312
-6871
3589
-3994
5421
7650
-1774
8288
-9272
1394
-3214
4139
-9234
-9055
-7826
-5836
1207
-7041
-1820
2676
-1845
-1027
3677
5147
6466
8919
5382
-4953
1835
-3578
6993
-6095
8058
-8786
-239
3239
7463
9132
-7501
6188
5030
-8166
-3646
-2596
-8513
4448
856
7179
-8751
-1825
-8555
-1956
9849
-6182
-1473
4133
7357
1997
-9346
3919
-731
6835
5092
425
1980
-5808
4014
7166
-9762
-9583
3081
-9050
-211
9210
-5267
-9172
-415
-1683
-2039
9589
8786
-7006
421
6264
6353
-9228
8463
2408
5240
-4797
-6399
2910
2071
-6767
-699
5544
6741
-8360
-6368
3379
5420
9360
7382
-4765
-7565
8356
-1667
-8553
6669
-8857
4487
-1057
-6654
-7721
5898
1855
-6166
3255
299
7955
1064
-5117
-4603
-3000
7104
-9031
8891
7485
8992
-7640
2907
4932
2446
-9470
9125
-8991
9581
-262
-9274
127
-1117
2770
-3544
-4933
-5617
-8167
-1473
3580
-2980
-6190
-8943
-4357
-7587
-9248
-9807
1870
6095
-9487
-7220
7114
-5729
9265
354
-2327
-3794
2276
2936
2180
3306
-958
8672
-5767
321
-4963
-2738
-6336
-9902
7812
4931
-8605
-4505
-858
-3915
1193
8716
6173
-7993
1421
-4467
1877
-9666
9560
-917
-5029
-6555
3150
8316
-8773
-5240
-5956
2345
-7968
3179
-5039
6486
-5441
3861
3052
6615
1542
9421
-7714
-8695
3697
4386
-7169
6379
660
5157
-5389
-4809
9855
-8048
5377
9571
9868
-5067
2344
-9793
-2185
-1272
-8283
9352
870
9956
-9770
5564
-8282
1058
-7211
-7222
-9836
-4654
-8289
-3806
1292
3197
-2671
4199
4464
3093
-1693
-2877
-5987
-7005
-6377
3421
-7690
471
545
1005
-851
8053
-420
7090
-9555
-8488
-2988
-9793
7525
-5493
-1606
2583
2930
2944
-1132
3092
6119
9268
8183
-2470
3122
-2504
5959
6006
-8391
3355
8965
2528
4297
1932
7345
9711
-5855
6425
4155
-174
-7193
-493
-164
9246
1768
4891
-5294
-6515
8310
6039
620
2251
-9247
-7633
-3334
5734
-811
9920
1863
-2419
9166
-111
4246
4923
18
-2037
-6384
9514
-8568
3297
-5133
3099
-8283
-5754
-9203
6669
-652
4106
3493
-5478
3832
-6617
-5616
-9863
-9770
6293
-903
-5724
-8845
5455
5269
7389
25
-6820
-1100
4532
7796
-7293
784
745
3482
8155
7337
-2186
5917
5593
4045
8372
2474
3735
4563
4250
-2585
-9497
7313
-5039
7802
-7793
-5995
-9405
-5492
234
-7785
4981
-6867
-270
2342
7318
2790
-7307
-1517
-2669
908
8988
-3159
-2445
-974
2051
3699
-1962
-2167
5784
7229
-383
9756
-1029
-192
4365
8663
-54
8228
-7319
3852
6319
4815
1173
1726
6802
-2418
-8675
-4933
7789
-336
-8334
5291
-8646
-9557
-4656
7797
-3860
-3151
3620
-7671
1348
4870
-5893
5795
-6641
-3618
-6223
-3851
9700
9412
1145
6235
-2944
-5537
-3838
-8573
-5963
-1865
-402
4598
8401
-883
-569
6035
-2874
6913
-6823
5117
-273
-6364
8027
-2872
3832
3188
911
-8240
-4421
6098
-167
6791
-2332
-4273
-8673
5730
-6900
4561
-4738
-5035
-4791
373
8859
-9812
5033
5092
8288
7046
-6390
9671
-5006
-366
1750
-7323
-6172
349
962
1788
-3445
-9872
9659
-5246
-6883
1197
5107
8546
-9073
8358
-9848
-1064
2105
-1254
-719
1495
-8927
785
141
9324
-8826
6017
-25
-9720
437
5110
-6733
-9596
9746
-23
4525
4501
-3698
-5411
-4954
8913
2371
-4735
8332
-3490
6736
-2621
8413
-7519
-1614
-6697
1170
3887
9637
30
7365
3856
-4844
-8836
-6467
1125
-8651
6544
3278
-1695
-1917
-2829
4583
1279
-5346
1546
5236
1421
6439
-8295
-3219
1957
7667
-2844
-1145
8555
2103
-1878
2584
-2148
-1596
7716
3138
1896
5860
6134
-6593
-8180
-3556
8125
-1457
-3252
5179
3975
-9619
-2035
6620
6066
-9284
8501
3257
2661
5910
1716
-5373
-2401
8323
-9297
9874
-4755
3116
-1216
6401
-1330
3303
-416
-3234
-6356
8818
-7888
-6781
8881
3672
5411
1954
-9062
3695
9949
1345
5976
857
-5433
-4798
6043
6317
1914
-5214
-9241
-2557
2534
3679
-8381
-4804
-1567
-8394
3952
-8584
6238
4522
-9618
-777
-8612
9506
-1239
-6235
-1756
8456
-5310
-6903
-859
-9979
4123
-323
2260
-7066
-87
9058
22
-9082
-3924
7530
3801
-5658
-4340
-2221
3727
3538
-2295
-926
448
9911
9767
1944
-7457
4709
-419
-2897
-9064
4849
-5642
-5047
-4617
-5859
-1944
-3613
-4505
-350
-8208
3547
5131
4685
-2507
4650
-5011
5629
2740
4464
2150
-4804
-7584
-5295
-6115
-2439
8819
-4084
2756
-6347
-3962
-6047
2240
2219
-4868
4940
-927
-8166
2802
5529
-7353
6621
-8348
-4372
7539
8978
5429
5021
-9746
7251
-6774
-7902
-6374
2181
-4371
3255
-8743
-9977
4513
-5456
-4890
-7127
2160
-5615
6699
-3017
2588
1161
7090
9248
-9198
-991
3715
4031
-9768
-4484
4688
9121
-3568
-5061
6110
-3050
-373
4139
5321
926
5574
-786
1946
6763
1330
-2266
2767
7241
1495
8001
9630
-1828
-9212
410
-4852
2611
-3328
-4992
7716
3475
184
4234
5024
3655
-8673
5106
350
-5040
5528
9357
2849
7778
6940
-8660
-7779
-5872
2649
4818
1004
-518
-9153
6576
112
-6458
-1698
2222
8525
-9307
5760
6465
-299
-4136
8381
-9197
-6079
9626
-727
-2198
-2034
-8576
-1270
666
2798
-7468
2432
5028
-9288
-5761
263
1228
-1265
-5416
8500
2581
3911
-2842
3596
-5815
-2923
-9684
-3970
-5532
8718
5780
-5621
-3161
-5960
-8988
8921
4151
6558
-5684
-6264
-2058
3969
-9358
8353
9813
-7477
-5555
6747
7565
5678
-4900
210
-52
4894
-1748
1741
-7474
1006
3235
-1774
-3255
2360
283
3825
-6741
6747
-2606
-9660
-9245
9425
-2032
9222
-6464
4915
6092
6435
-2017
-9135
2222
-3517
5999
-9214
5088
5502
2950
-3711
-4838
4654
-2471
8305
4349
2921
1682
-5765
-7710
-3353
-616
6026
-6375
-8580
1680
-3042
-5892
-7017
5608
7043
-2531
-3645
2168
4936
-4935
6636
-6816
-5754
-9241
-977
-3687
-2711
7334
5611
-7500
-2850
9241
-2050
-8449
-6833
614
4560
1130
-7100
7901
3588
839
4778
-9239
-6465
8329
6414
-6357
-8018
-2355
6760
-7683
6060
6680
-8251
-4295
-5204
-1797
-7424
2868
2495
4549
-1436
-6188
-2114
374
9500
-9320
-9028
-2600
-3551
1721
8797
-3296
8384
7942
832
3880
-6241
2806
8660
-4055
-9472
-8325
1734
9050
2167
8043
-1957
-6580
5346
-1422
-706
-5761
-7439
7230
9297
-8283
-9084
1001
-3729
-8787
-1564
4308
7534
4226
1458
158
5608
-4208
-9819
2575
5225
-6111
9777
-7868
4779
-3529
5198
-5326
4467
-7287
1058
3622
4777
7944
9602
6758
-3600
6740
-6758
5892
3365
-5980
-7360
-6588
8290
8475
-2292
-3122
2527
-6955
-6679
-2454
8948
-4335
9704
2706
5414
3531
8556
-6750
-3810
7358
3936
9012
-2831
9667
1923
4863
-3518
-2141
4025
2485
-1025
8308
5787
-4070
-6789
9705
3584
1856
-4127
4418
-7945
-8211
4586
3375
-2572
2759
-4504
-3647
-8508
-9823
-1949
3423
5909
-2548
-8859
-5227
6316
-5511
137
3351
-2685
-3257
-2850
4722
-6457
-8271
-2357
6023
1118
-8118
-4372
-6734
-8423
-149
-9213
-8416
-4094
-5161
4473
7391
-3477
4940
4435
5205
810
1422
7150
6998
5846
-5580
-952
-1736
-2944
8121
-463
-7846
-2789
-4586
7118
-7764
8737
-7129
2012
-8356
-2112
3391
2727
6233
4740
2032
-5663
-5985
6668
6204
6022
-9142
-8679
-6798
-3474
9814
2187
4868
4711
5406
5900
-1082
7152
-1432
2752
-5182
9920
-1449
-14
9675
-647
-6683
-9469
9397
-2884
7917
470
-7778
-7542
-7616
-2840
6077
2475
-2649
7261
-2916
-8781
-9433
-8840
1699
-3695
-6446
-1268
6338
-3148
-5830
-932
6447
-4591
9180
6517
1037
-3529
-820
-4481
7385
6090
-9817
-2944
3645
-8622
-9935
8950
-3893
-2281
6064
8380
1964
5930
4421
2939
-1696
1747
-9017
4768
15
8029
5330
-9407
6171
2558
-5659
1398
-6207
8769
9411
-8085
-618
9893
9109
-402
808
6443
3517
5379
-6709
2109
9476
-3481
2563
-5873
7101
-4801
-5307
-7855
7405
1402
9719
7673
-5231
-1792
1908
7104
7959
1515
8562
4723
1483
-8000
-9485
-8926
4774
5271
-3237
-7866
-4736
2279
5762
-1372
-4179
4154
5672
9435
3628
-8625
5400
-2194
-6055
-4847
7637
-2890
-3334
2022
-1623
3199
-3107
197
7976
-6036
-2902
-6764
7427
876
-5589
6803
4563
-845
6912
-661
8578
278
3344
4832
5365
-9862
-1721
4962
-7255
3499
3735
3337
4283
-4829
-7332
9492
915
4144
5702
3880
4245
8767
7237
-9977
-8149
-7505
-2228
6706
-263
3657
-4343
701
7106
-4845
3938
-1372
805
-941
3340
8344
-3515
-4477
-8354
-4500
302
-6362
8383
2083
-3593
195
-2717
6505
513
568
7184
-3772
-488
6998
5704
-6649
2041
951
1661
-3694
-3841
3992
-5605
-9044
-8932
-7162
-7939
207
-2512
6679
-8346
7909
2002
7084
5171
-3240
-3467
925
1324
-7225
9273
1507
4626
-4914
-2459
-2511
-501
-9918
-6779
-9694
1486
-8146
7267
-682
-1677
-7752
9573
-1022
6260
-3624
-7738
6490
8543
1069
-2828
447
7760
5138
-4735
-534
-4875
-2823
-5031
-8194
90
9008
-7966
6835
-5013
2863
-5190
9029
8903
7924
5881
-7379
-7440
3912
4840
-3544
31
5036
9510
-1434
6062
475
-873
-6135
-6599
-401
-367
-1331
8730
6721
-5148
5529
6586
-5567
-5410
8373
6237
6860
-6162
-2958
-9408
2424
-37
-7227
-7038
-8593
7385
6295
5392
-7190
8645
5930
-4484
-4882
-8324
1014
5247
-3615
-56
9471
-4134
-9714
-1535
-5583
8817
-8935
-9699
-753
8053
590
-3955
-6472
2407
9889
-7037
7962
2465
-9596
2456
-304
-42
-7784
3966
8605
5865
-3795
-6369
4684
-8110
-6605
4805
5821
-3282
4811
-8648
-461
2018
-851
6119
56
-3193
-4776
-9558
-8483
2559
6590
-6906
8258
9209
-9202
8378
-136
7197
-8962
6854
-735
-1069
4847
-9219
-3155
-7849
9082
948
3308
8093
-9517
9537
-5891
1057
-1435
7054
6243
7085
7441
-5616
-6592
7119
-9597
-1821
417
-1667
7928
9175
2088
8083
3512
7001
-5150
-8393
239
4220
1312
-3598
7035
3806
1695
-9822
2162
-773
-1406
6627
-1406
3828
3680
8632
-7698
-1022
142
8943
-745
-8940
516
-3483
8871
2818
3131
4541
2162
2897
-6002
6888
-2623
4967
-1714
-4196
-1090
5576
-1158
7284
361
2691
8495
8075
-3895
2584
-2501
1267
-9517
618
4304
-8393
46
2517
-7736
4598
-7438
8343
-3064
-82
-971
-5375
-4223
6737
-1104
9094
-2889
-7542
-3261
2554
8848
-1069
-5890
5417
-4876
4160
4403
8528
-4875
-6680
1496
-324
457
9720
3123
1061
8053
-8867
8056
2802
-6103
8454
2080
-9207
-4440
3339
-2435
-5473
-9526
3069
116
-9183
-4662
1943
-8725
846
2239
270
2862
4116
-3234
-5569
6927
-1033
8609
9120
-2437
-6032
7753
-4493
2714
-8149
908
-2501
-2351
2092
6345
-170
-2553
9356
-2419
-6609
1129
2484
-3539
-1142
-1429
2758
7431
8675
-5096
-5323
8245
3174
620
-6386
-4078
9671
8613
224
5548
-7886
-1910
8801
-3343
-271
2074
4315
-13
5597
7300
6027
3087
9898
-800
-2507
-4617
-2407
-1672
-4531
3367
-8966
1170
-1127
-3262
-2153
6936
154
-1925
-8253
-8452
-4864
-7681
9313
-4330
4770
-7688
-8437
-8700
7947
-2475
-286
4599
9859
4334
8037
6792
-4371
-8381
-7979
-1963
7117
5663
-4400
7631
-9044
3997
6196
-3219
2528
-37
8569
5948
430
-5441
180
2029
-9631
-9200
-2333
7108
-2904
-5576
-1749
-7693
8852
8339
586
8433
6516
6909
-9895
-6392
-5778
3428
-2019
-9881
-6862
5689
-6504
2932
6003
-3532
-3357
-9558
1329
8540
-878
9142
-4508
-3098
-6794
-2743
1700
3693
5270
-1247
694
-4437
1010
-7665
50
4317
-3211
-4341
1440
1260
-8065
9442
9540
3182
-4988
5841
-7924
6955
-1853
8547
-3099
8902
-9229
5848
2641
-491
478
4818
-9670
587
1209
4499
-1858
-1587
3997
-537
2675
-306
-7662
-5644
-77
-9195
-6329
-8517
7819
-6356
-315
7455
9493
-7672
-9595
-9196
9355
-1652
-4351
8177
5850
8971
9386
-1845
-4951
5711
1390
-1307
9626
4894
-8703
93
-2277
3805
-9314
6313
-5849
-9821
-1034
5876
-9469
8920
-3429
-2996
-3957
-3504
-1354
2155
5218
-520
-6786
-1652
8533
5308
204
-2056
2210
-4647
5680
-2194
2280
7381
6366
5346
1680
-9061
3545
8919
6027
-1569
7673
-9447
2265
1208
9730
6379
4161
3134
-3088
-9675
6566
216
8340
5440
-9995
-4749
9507
8325
4558
8228
507
8764
763
-1590
-5000
9023
-5124
-9761
-1801
-1565
2157
8620
3437
-4566
-1710
884
5152
218
9989
-9854
4902
-2981
9375
4835
-2512
5410
9208
-6097
8386
9340
465
9470
-7492
5098
-6166
991
2944
-8444
-9825
-9920
7598
1613
-3958
-4385
3249
-9648
-9839
3943
-5022
6910
-9379
6319
-5749
7679
7547
6879
-9386
-1989
5693
-9127
-6843
-1674
8201
-7762
-12
932
6851
-1835
-8513
9540
-8612
-1188
-8540
-1187
-3128
-2427
4658
1913
7238
-1572
-3904
4751
496
1261
2502
-937
-8762
6556
-2735
1318
-9355
-7989
2580
-3450
2770
2934
-9437
3508
-4545
5475
3008
2826
2217
4875
4326
8993
2227
6852
-9504
4502
905
5850
-3973
7973
-880
61
-9772
-2560
-4992
8916
-5174
4191
-3015
5228
8510
-1498
1143
-2909
6213
-6745
5496
2062
91
-5988
2216
8597
-8324
8112
-2213
5660
-2143
-9727
-1930
5
3341
103
3229
6287
3586
3693
-9119
2350
-1270
5427
5653
-8211
7635
7498
-6825
1221
1026
-2538
190
-8936
-5371
8038
-3341
5303
-2955
8646
5886
9370
6745
4528
6180
6849
-4865
-9768
-7220
-9483
7087
163
5576
3932
-7305
-2887
8366
-4222
626
-573
6995
-5444
6913
7715
9073
2968
6006
-707
3643
5850
2548
2009
-2219
-5198
4100
9130
5649
1724
-7681
-3135
5181
996
2892
-616
7462
7004
2988
-2436
8689
-8345
-5275
7324
-20
-8686
-2990
-9128
8568
8591
7410
5511
834
-723
-4573
-1597
7130
-2892
4803
4550
8823
-372
-9304
-1960
-3047
5358
-4451
2838
-5701
-5860
824
-7205
-7818
-3752
3886
-444
-2342
-4907
3486
-1603
-2148
-4555
-5291
7013
8436
7556
9134
-7380
-3768
-3835
3923
-6273
9761
-8726
-1430
-1004
-2189
-3501
6489
-5881
-2818
-5271
5568
6964
-6680
5320
3205
1060
-7388
-1332
368
3824
-1263
5785
3392
6186
-8061
5969
8893
8851
-7610
-2996
-6500
-5134
-6573
-996
8272
-8421
-34
-9263
7276
3284
4671
9579
-2572
-9932
1264
4295
-5277
-4779
358
-6596
4798
5052
-4617
5962
2589
-3336
-2715
9576
4624
-9617
-1283
1382
1007
-4595
-1911
766
-877
6672
6857
-6178
-2443
4676
198
-4309
-898
6958
-71
-2890
-8336
-5414
-589
5384
9482
-5339
-7112
-4406
-6708
-9185
4342
-1595
-9046
6701
281
5923
8203
5039
-9039
9392
-2132
5347
-5887
9481
-4456
9749
6124
3647
-2589
2326
3608
-884
7525
2514
5729
-5896
-6893
6032
-4819
-5225
7182
6177
7652
3281
9660
9524
6154
9289
3636
-5025
-9996
339
6820
-6129
7389
-2415
3286
6145
8786
594
-1101
-1919
8025
-3163
-7910
-2811
5361
-9574
-3587
-2480
3710
-9774
-4827
4864
-9554
-3564
4665
3497
-58
-6346
-1140
-8688
-5740
9875
-8037
4314
2004
5291
-8958
9281
-3354
9985
-6323
8467
-8501
-8734
8412
5970
-1624
-7609
9174
5868
3193
5177
-707
-9659
-2421
-6063
5524
6239
-4072
-4580
4478
9960
8765
-9228
4069
6256
6205
-572
3869
-9950
1866
-7009
2540
8571
4524
-4563
2243
-1337
-3424
8074
-6739
-5942
-5406
-3355
-7027
-2362
8834
2401
-6881
-7279
4254
2297
-397
1018
-6291
8770
-3290
-7343
-9536
-7050
-4730
-916
-3862
-6610
-1496
708
5796
-9493
5220
-6566
-1829
-1733
8155
6647
6014
1203
-800
-1294
-4836
3014
-9986
2572
-4760
1721
4989
2849
2138
-4720
1771
-5674
-1524
4430
7002
4661
8077
-1155
-3637
6893
4394
1860
-6163
5309
-9580
-6828
-9799
-4006
-1800
-6904
-3922
240
-9544
4896
8348
4718
1323
-1324
-1897
-5788
-2997
6159
-3634
7909
8205
6470
-6839
-8754
-5242
217
6607
-5619
6506
4863
8003
4207
-3347
4864
1138
-3388
-7078
-1363
340
-8168
-7450
-7835
7142
-8444
5170
5378
7711
-4340
-1196
-7761
-1768
8397
9213
419
-4203
4357
9098
4357
8982
7191
3970
7820
-3846
-241
9132
9002
5055
6609
2273
7815
-3747
-2840
-7916
-302
-2520
-7025
-4458
-8224
-3294
-9880
-3498
-1757
9309
6244
3752
778
8032
-3512
4993
265
-7352
3634
8779
6328
-9955
2164
-9519
8642
9565
-737
9485
2820
8275
8017
-4190
-8785
-9883
4447
-2605
181
-6423
-1380
-8102
6369
-1556
-8722
-5123
4439
3381
-6850
-8775
-2951
-3063
4360
-8314
-6527
-2341
-2709
5694
-6389
-4741
-2217
-8717
-3401
-8239
-9858
1804
6205
7009
-9116
-4992
-7441
-1125
2666
-8154
3506
7205
-9046
9413
4457
7606
-4186
-8384
-679
6842
2880
8401
1447
-9374
3945
-7423
-4242
-650
9651
2195
3685
8494
3358
3969
-339
-8479
1476
-4655
3762
-1590
-4217
-3327
-2457
-501
-1526
-1491
3961
-8577
-764
-3377
2031
-6299
1090
2604
3679
3675
5947
5151
6978
5206
8974
-3631
-7554
-489
-8305
9397
3184
9079
-7886
8288
-5905
669
-9859
-5836
3577
-8806
2593
-3783
-1010
-63
2247
-1325
-427
-4665
-7299
2863
-1873
1872
-3451
1742
-8037
-6040
4371
-3247
-3091
-8886
-4687
9387
8454
1786
9796
-6079
5255
-3280
3244
-8277
7532
3298
1023
9517
7548
-410
3601
2954
3455
-2689
-5216
6443
-7501
5211
-5847
-2589
7474
-6097
-1965
8786
7379
-309
198
8802
7085
6747
-5654
2706
-747
-7061
1947
4603
-1398
174
-4650
-4343
6720
1673
-2395
6250
4000
6987
-9521
4576
3573
-6301
-3798
2140
-6375
8106
-3170
-6202
-3323
6921
9635
6516
9138
8217
-4029
661
7601
-4947
-7824
-1567
-5186
1828
-6417
-8237
-9611
-4891
4243
8853
3832
-835
5036
5278
-514
-2462
-4004
-3560
4691
2843
-9244
5229
-7308
-892
7642
-7549
-531
5704
8819
5564
6719
2109
-6952
982
-5405
4159
-3377
-837
-4384
-9763
-4788
9135
-9399
6366
2981
6568
5591
4608
4285
-396
2284
1526
7855
-7516
6605
3330
-9725
5460
-1112
-6459
-2947
-3935
-1346
-7911
-8414
6469
-5276
-7673
-5963
-6546
-892
8063
-6246
644
5537
5607
-8624
2949
-7520
6007
-9576
9859
5624
377
6568
7937
-7335
-1841
-7401
2471
9950
6956
-9925
-3860
1470
9628
-7641
9332
5495
-280
6654
3445
-7332
8570
-4823
-8206
2893
5786
-2285
1302
1098
7137
-2246
4797
8926
-5989
4996
-162
-6317
-1745
7295
8732
-2236
-4955
-7722
-473
-8458
-6378
1445
-621
8985
-4666
7204
2869
-9661
6225
-7951
-6322
721
5508
-7455
-3393
7815
3413
5091
-7612
9030
-2435
4707
-8481
-4163
-5882
-1491
6409
-4097
2185
8675
6533
5767
-8499
5294
-2886
4475
9704
-2124
-8660
4
6734
2179
3249
1478
2080
4462
-4520
7531
3837
3328
4923
-4193
5773
2853
2647
-8685
137
-9823
-4871
-2406
6476
590
-4078
6244
-2350
-2702
8537
5942
207
-4181
2153
-3028
9087
2931
-9699
6109
608
8755
-5417
8930
-4491
2471
2643
-4447
-5602
-1512
5205
-7213
8825
-1829
-8858
-6400
1989
-2156
-5215
-1811
2059
4325
6474
-620
-3164
4044
1157
936
6135
3703
5299
9950
8337
-4657
-3545
1990
879
9793
-5174
7295
-3336
-2267
-2005
9315
8112
-2004
3495
-6600
2885
1134
9639
1331
8731
3495
-6435
5629
-4433
-4042
-2999
3560
-5797
5902
4088
7997
3116
600
-5168
-9923
-6174
3250
1178
6927
2036
6182
-9844
-9017
8206
7750
-110
5976
-3737
2471
-6060
3273
-4624
-4382
-3594
7242
8711
2929
-3139
-4348
3595
-8465
887
-7719
5656
2456
-3196
-7141
7208
7777
7483
369
-1806
-2968
-4422
-9658
-685
7810
4405
-3783
-2544
-4904
4668
6578
3324
-4266
1550
-7110
8540
-4501
5666
8841
-367
-1014
1054
-1261
2048
4872
-6801
1034
9946
1689
2928
4700
-2437
2312
-7965
202
-793
-2576
7274
-2379
3410
618
3484
-9757
-3152
2693
6398
-4104
-2954
5510
8785
2500
6968
7711
3129
-3351
8007
-3735
-9030
8747
-2439
-1956
-5998
1016
-7966
6502
-9633
-3804
7226
1791
3624
5929
9013
-5129
-7687
252
7171
-4602
5942
-9549
7831
-633
-393
6399
3730
-8596
-6084
-4984
-7646
-4334
-2925
-7915
-925
2650
-9226
7898
-5492
6885
-9938
-493
8712
1285
-4598
-991
286
2414
-2141
-3920
9139
-1896
8648
9503
5872
-378
-7928
-8454
-8709
1143
5424
9010
5439
8083
-1859
-5310
9088
-2149
-6883
731
1800
-822
9615
7395
-5148
1197
-5139
-8663
7622
472
-849
3859
5132
-3381
-2078
-7964
3057
-6855
5443
3546
-7371
4588
-3756
6809
1328
-2452
7762
-8615
-1512
8774
-847
7778
1282
-9717
3484
2201
7364
-9545
1021
-2773
1327
-9723
9365
813
-9335
-3327
6875
7441
-1462
-1851
5537
-6550
-3154
-533
-8809
-266
1656
3293
3319
-7006
-7340
2774
-9672
-4803
-328
-1492
7864
935
6566
2406
3422
-1898
9104
-5254
-987
-9295
6435
-2644
-4115
-1937
-1762
5178
-8142
5205
6260
5370
9331
9054
5644
-996
-9037
-907
482
-8645
-1595
9319
5653
-3861
-9232
-8570
-411
8823
3817
-4317
7004
1648
-816
7098
-4939
2813
-8033
7687
4500
7369
-6928
-3028
-3112
-2808
6933
5335
-1312
-8979
1571
-358
-396
1314
-1522
5868
-6345
8363
-8373
-9738
-1610
4579
-7850
5053
-2
-3100
694
8169
532
-1585
-9743
-5983
-2811
3868
2901
4898
8323
8629
-9051
7545
1840
4998
-474
-5349
-9555
-6876
-5213
6325
-7626
-3603
-6438
5751
9263
3398
9627
9921
6606
-4042
-6566
-3689
-4525
-3986
898
8709
-4529
1742
-3119
-1753
-5453
748
3473
-1894
7333
-132
-2110
-7219
818
426
-2512
-8656
-8477
6465
-2090
-7073
-8376
3410
4563
-5456
3418
-2742
140
-9952
7211
8555
9606
8102
3923
6519
1889
6196
6252
-5150
-240
-5129
-9631
5469
-3457
5319
3990
4295
2960
1259
-7712
-4800
3483
9054
398
-6707
-6562
5077
7553
307
8016
7965
-3598
-237
-8198
7886
-750
8177
7821
5804
-6589
10
3466
65
-8993
-6730
3491
4655
3594
3542
9834
6497
-1800
6690
-6266
6818
-1558
-1129
-2769
-9124
-3767
-8593
-7578
3899
7838
-9566
1458
653
7995
7512
9764
7147
8893
-8457
-8910
-8496
3588
7429
3983
7007
6856
9628
-9497
-9647
-5747
5505
5016
-2432
8966
3057
862
2605
-812
546
-6920
-7998
-2802
-7625
-6590
1272
-8955
-6726
2352
847
-9788
1630
9459
8705
-5843
-1637
9736
-8364
2576
8298
1465
-4814
1992
-5316
983
4058
-2864
7373
-2913
-4034
-1744
-7406
-9876
-1969
2370
4330
-532
-6039
7040
-2288
-4146
7032
2985
-4832
1295
447
2958
-8871
9371
2221
2526
-4860
1633
-5264
648
9302
-7662
-2356
4814
-5832
-8834
4298
1661
-354
-9547
-8614
-9828
-3433
-8312
3608
8309
9115
-9108
9283
-7049
-4680
5895
7339
-643
5019
8596
-2943
-6905
-5269
-5034
-6013
1110
-1929
9014
8790
3242
-7584
2771
-9541
9824
4691
1792
-385
-2173
-881
2896
8159
-8554
-5790
2969
5213
-2212
-7057
-1323
-8875
-2925
-8537
-8802
-9287
-1894
9731
5051
-1037
-2765
-7264
-1941
-9540
-850
8594
6184
-405
7129
-1946
-9791
9065
-2225
7342
-4777
-5276
-7788
-4091
203
-8616
-654
-1748
-8918
3978
-6845
-2379
5159
3284
5796
4564
-6542
-8211
3272
-5066
-1135
3046
-1928
3495
2677
-5520
-6725
4550
4400
-6496
-594
3067
6036
-7060
-6592
6761
5316
7355
9161
6342
4953
3297
-7482
-6964
-1315
5838
8763
3555
-3966
-1882
-2516
371
8168
1207
8631
-9835
-1772
-2623
-2480
-2002
-2589
3907
-3683
8202
6524
5084
-8631
5429
7668
6125
-2431
2253
-895
-8034
-8495
2158
2308
4863
9899
-4157
4097
-5772
3535
-7302
-5074
-5153
6129
-6317
-5491
-7846
9976
2875
8077
7889
-7237
-8671
3692
-8758
-2377
7022
6920
287
7850
-334
-9463
2669
-1190
-4536
9953
4065
4901
-3403
-8440
7731
9471
-7591
-9336
1971
7890
24
1470
242
-7757
-1485
7371
-1754
8549
-3718
8753
-9086
-5354
8796
9919
-5725
-3729
5142
2840
3079
8231
4019
-8652
4140
-948
-9943
-5093
6975
4784
-4472
-901
4808
1508
5373
-4772
-980
1870
4184
