12170
-4964
-1805
546
-6623
7439
2123
5227
4507
-4918
3761
-9065
1300
-9382
-8343
-1468
-4863
-307
-1336
7994
-7754
2428
-78
-9973
-1597
-787
-9161
-7963
3948
-5655
-1758
4279
-9821
-5463
2019
5238
3726
1538
-6984
-1423
-2009
-9018
3802
2897
-865
8169
-8072
2443
9318
8314
2172
9266
-3064
3153
-1923
9269
-2387
567
6545
-7283
-4675
2765
3745
6445
-6158
-1351
6765
-8054
4176
-1617
-7152
1586
-3654
7772
-1249
-7418
4034
-2976
-4424
-738
7411
6253
7360
645
1287
2764
-9514
1770
-9138
2182
-1364
-5884
7846
4606
671
2680
-3899
7417
4747
-8887
-5951
-687
2375
-2794
-6400
8182
-9096
7588
-7400
4934
-4664
-7132
6964
-8672
-2729
2326
-1491
2034
8622
2565
7693
-7240
6989
-6099
-9905
3329
-5075
-336
-4521
-6337
6639
-1455
2124
6747
-8346
8536
6962
-4958
-3620
7579
-7433
-1613
1827
266
3588
7701
-6435
5030
-7849
-5389
-4864
-7293
2713
-7362
-771
-7065
2946
3999
-606
7717
-112
3932
6387
-6166
425
8618
5626
9351
-8967
-4613
5646
1861
7643
2968
738
-497
184
8702
2213
-4641
1463
2796
7941
-4450
-2554
-7834
6441
7728
-5208
-7598
-5798
-2479
-4592
6669
-6558
-7716
4370
-6485
4230
1106
-6047
7014
-9161
9283
-9570
-4447
-8881
6142
5055
-7640
5234
4569
411
-2122
-2172
6267
9590
-2027
-4441
2184
5243
760
-3852
558
-1960
-1210
940
-5664
-4507
9491
-3272
-1528
-8253
2430
2039
2504
-6691
-9654
5582
-1082
-531
-2547
2966
-2201
5036
6040
-2450
6787
8351
-4358
3184
7364
-8305
8435
9483
-2514
6349
-833
2219
960
4313
3533
5080
-3899
515
-8139
-3549
-1535
-8905
1157
8179
-6704
7770
-5430
2391
-9364
6921
7294
6603
9862
-1766
5622
9869
-3467
-1978
539
1082
-7319
6505
-8671
9727
-3856
-374
6438
-9
1519
-5393
1524
1881
-8994
4116
-3782
7313
-9721
6150
-8567
8591
-3782
-7426
2197
-6561
-5546
-3560
7412
-3234
4530
1020
-2323
4320
-1383
5937
8492
321
5009
6552
5448
5133
7775
-6972
51
-1009
-2629
-5199
-705
9139
-1808
2299
3469
-8838
9536
-5543
247
-5181
-606
3965
9124
-6101
18
9360
3565
-3382
9599
7606
6073
-2698
-357
-3917
-4742
-5961
3650
4519
-7605
-1041
-8421
-5022
-4793
-4330
-4182
5475
5746
-6421
5848
7939
-8396
-8035
564
2950
-7651
-2288
-9888
-6458
-5478
-520
3020
9800
7384
7615
1024
1574
-1090
-1712
9171
-3345
-4060
6092
-477
6616
-399
4370
9485
-6049
-6653
-4787
6746
-1888
-6475
7099
5838
-1659
5703
3284
-3388
5886
2718
-5730
-9047
4663
8519
497
3979
-9041
9615
-2895
4126
8850
-2483
7945
-9276
-2713
-4819
225
5499
-2853
6037
-6457
9605
-5751
-2954
9108
2460
-7321
9327
-6370
5207
-1888
1788
-9535
3060
6911
9346
-3921
7041
1131
5749
4082
-8767
1226
-6743
276
-8125
-6562
-7579
-6200
1411
-3793
5891
-100
7539
6253
-5668
-3321
-1916
-5642
1942
144
-1875
-8047
-5497
-5919
-3125
2674
1043
-2591
9262
3734
8316
1574
950
7544
7854
371
370
-5539
8991
3320
-603
-7010
5378
-4
5010
-3382
-8774
-6501
593
3451
7415
-6450
4575
-2077
-1
1994
-3387
6452
3718
-7197
-6782
2829
6979
-2026
-9897
-3869
-8631
8122
-6866
3624
-4361
9521
7606
4517
-7554
4791
7108
-68
-5918
8057
-8094
-1560
-3708
-2402
-4044
-2499
1137
8213
2748
-5619
-6380
-7093
4294
1769
4907
-1490
9487
-2095
8781
-4530
786
78
127
5127
-2873
-2024
-4218
6074
-1756
6932
-7250
4388
-2162
-2726
6105
-6838
1902
-9241
-3261
7352
9301
-6675
2498
-1381
5369
-4884
-3802
-944
311
3587
-8879
-8947
783
2903
-6898
707
5715
8103
2405
6198
-3509
-6763
-3711
-9830
-3092
8746
5348
-7517
-7482
-4968
3105
-563
-8044
3236
3928
-7005
860
3459
-8286
-9614
-4353
-7645
-8776
-3547
5994
3577
-8226
1260
-1965
446
5256
1004
2080
-5179
4058
-9555
5216
3787
4467
-870
-8399
-8504
-2895
-2103
-3420
-5529
-6715
-5394
3062
3362
-5977
-5043
-6180
-8502
6604
-6331
6765
7772
2159
4115
7317
5573
-7050
3254
3791
3048
-8361
362
6866
-9963
-9193
-857
6093
-4171
3868
9527
9964
-5232
3425
-3842
-4225
9061
-3712
1095
8514
2207
2194
-2332
3776
4453
-6876
-1205
-8789
-5861
-5186
5601
-5712
-9749
9038
-3891
1449
-1603
-8675
7714
8961
7935
-3007
-6358
2655
4833
-9008
2557
-2497
-7491
-4253
1539
7434
-8303
1677
-3091
-1207
-9453
1128
-8806
-4773
-2617
5685
2039
9901
933
-5831
-7361
7390
4165
7874
-5440
4460
-9543
2205
-6577
7639
9558
-2509
8570
8452
-2823
9196
7316
7071
-7906
-2795
5938
-3188
5613
-9718
6439
-1415
1488
512
-2054
8132
-9937
-5987
-673
-1222
4955
-4705
-6355
-9025
3835
2823
-4082
5362
-3226
-5841
-1018
6893
2683
8901
9316
6182
5975
-4011
7318
3288
-1615
7793
1330
-4758
359
-1336
-8030
7834
7850
3728
7383
2044
502
3700
-9444
-9855
3102
-1831
-2786
7244
-2740
3254
6253
-203
2954
712
4037
-4602
8743
-4211
-1010
-88
8972
2707
-3017
3829
6533
1856
-1420
5535
-1357
-3156
762
2043
-7613
-4155
9009
-3047
52
7312
8491
1711
-959
174
1213
6019
-8826
-6384
-5841
-9629
-1667
-5214
8459
5117
1751
-2321
584
-254
-5137
4853
-8978
3578
-8062
4463
3422
-799
1464
2832
-3822
8073
-9538
-1377
-8986
-7048
-1978
3441
-8506
-2689
-2665
-7378
-6445
6105
6802
489
5512
1758
1616
-9030
5061
7727
-2776
-3469
9331
1711
9092
292
9416
-2974
669
-8972
-2620
2856
8176
-2941
7396
3038
-7664
-4003
-34
5857
-4565
8137
-9391
1306
1897
-8329
-7255
2078
-7455
1263
-3374
-5142
5515
1688
-8444
128
-7471
-283
6650
-1742
5552
4854
-2877
1232
-2509
-1280
6504
-2807
-9097
-2834
-8617
959
-9777
-3119
9907
524
-4892
3225
30
4697
-8083
162
7734
-4983
1408
5187
3738
-6542
-2740
9229
3032
8956
794
2002
4316
-487
-9995
3585
6329
-7145
3258
1567
-5262
-6987
-6300
1190
-9231
-5611
-8925
-8247
-9642
7808
1942
-6683
-2884
-1864
-8528
-6672
-7596
8296
636
9729
-7205
-626
-6522
8167
-6191
5484
-8797
-7550
6637
9312
9778
2681
-2537
9768
-781
8850
4210
-2616
9104
-8603
7821
3442
-3382
-1133
2410
-279
3746
8676
-8467
-3262
6625
7127
-4203
2162
-5250
-1314
720
322
8132
7251
3252
-2843
-4896
8628
-4047
-292
-6633
517
1887
-6628
-4327
-3108
6438
-1249
1223
2096
-5205
-9610
-4437
2784
-3964
2223
4666
-9864
-8768
8858
2344
2478
-8844
5191
6832
-5708
-2153
-157
5703
-3874
4707
-5568
-4468
4882
-7935
-470
-8318
-6352
7518
-1176
-2251
1949
8643
9281
268
3708
3011
-4629
3558
8225
9762
-576
2428
2094
3538
-2033
-3925
-8365
5368
1732
2363
8088
1021
1200
-5768
3209
5905
-3304
920
6404
-7047
8492
3826
-7212
-4323
-3879
-3547
-9598
4904
2431
-5780
-8552
-667
8484
1452
-2720
-1675
-5519
8385
-7420
5199
-6318
-2634
-2079
-1467
-2877
-2778
3550
-1094
-4563
6180
-8836
2501
-2939
4496
7836
3621
-9275
3681
3952
5713
-5417
-4670
3727
4842
-5839
8431
9979
3337
2449
3711
-5768
-9266
-2458
4108
-2462
-4346
8377
-9292
-2155
7117
1478
7871
-4684
-3822
5954
-1846
-6108
8034
-9994
-4840
-7099
4300
5652
6157
5506
6576
5899
-5920
-6498
7325
7449
7613
4092
5160
9897
7192
403
2145
4350
-5681
-6518
4143
8832
1986
2894
-7794
5937
3692
5912
3203
5808
-6579
-6716
-4358
2707
-2751
-6068
7014
-9853
2018
3212
-5385
9904
-3360
5891
9708
-6195
5061
-8842
-6503
361
-6205
-2549
751
32
5324
9578
3416
-1460
-3581
739
2511
5267
-2647
-1070
206
892
5631
1292
226
-6078
-3426
-9410
6939
7194
4309
-4189
-4523
4072
6058
-6506
8296
-794
-540
-111
7618
-1514
-5396
-1346
-2599
6078
333
2825
7542
6746
-3052
883
6077
469
-6171
-767
-6262
-3538
1321
-4800
4697
2593
3547
7003
3902
-5492
-3225
7506
3841
1128
-1586
-1695
5720
-1469
-9249
6986
-9045
-999
-5518
7727
-3996
-4536
-3854
-2055
-2179
-7873
9022
-1754
-4107
-472
-8339
-1068
-9180
4712
-3503
2909
6992
7863
-9479
4423
-6493
9777
-9940
8260
5738
-9584
5674
6459
-3473
-4216
-7790
-1644
3915
-931
-9580
-1324
6664
9736
-1679
-448
2305
-9239
-3671
-1758
4502
1696
6491
-7107
3635
-734
-9511
-9862
-5866
4505
372
-3200
-8119
-2158
2099
7831
2003
-439
-5617
-3390
7701
3800
-9281
2807
-7053
7998
-861
-13
3681
-5251
-5830
-7026
3175
-2883
662
-6877
7851
-9570
-9688
9432
2060
-8775
7864
1301
-270
-1539
-1853
9626
9641
-2788
6352
-2021
6698
-3678
-2362
-4305
-9024
-1758
-997
-9833
826
5439
1723
-5136
345
-2824
-4600
-9322
5001
-4525
-9280
-8210
8074
-7161
-275
-3671
-867
3754
9556
-2172
-9162
5249
9413
9385
4892
-5146
-5600
9713
9644
-1442
8709
7505
-3920
-4903
-9068
5836
-3207
4707
6456
-8103
-9549
436
-8046
-2600
-1370
-8723
-1192
-3715
-3886
8368
-7023
-3168
-5107
7174
2277
5761
9657
163
3398
7188
1910
1701
-8054
-2202
2155
-9621
-434
8734
-3677
2781
-9313
9923
-1135
-3975
6330
2940
3872
248
-5558
6924
-2174
3515
-6789
-8191
-4741
3632
-3501
9842
9594
-9496
-2963
8922
4538
2809
2163
5600
7279
6159
-9499
772
1914
-6681
6062
4042
3785
9052
5965
-9923
2503
7802
-1530
6097
6338
-7404
-2537
-4243
-9329
4429
7501
-5294
5834
4991
-2618
-4676
-8084
-9740
8676
-9698
-6373
-7293
3400
3487
-8427
8570
2899
4545
-4622
-2464
-6436
8739
-1386
5175
3934
-1836
-1826
-5443
7514
7458
5358
-7140
3854
5345
8724
7953
-3448
-9012
-4313
-4226
4597
9462
-741
6905
995
-9875
-7899
4678
2687
3690
-9843
4199
2124
-5525
-2654
1871
3216
-3097
-5330
-8230
8313
202
2471
-1332
5143
-8389
9472
-6478
3170
-2783
-8658
1907
821
-6080
-3054
4733
-8103
-127
6529
-8189
-8990
2465
6360
-3784
4860
7494
7845
4975
5350
651
-3893
4128
2844
7960
-2285
-8978
-8890
7887
8937
-8647
2789
7549
-8888
-7849
-673
-1503
-512
-1872
3417
6199
9777
4085
-8685
-3181
821
-7873
5201
2120
3384
1984
-4277
-4115
678
-5346
7461
-1150
-7070
-475
1391
-815
298
-2137
-9745
-9295
-2003
-6979
-9328
-3886
5612
4955
8739
7976
8439
1773
4409
3042
5686
-5133
-5061
9491
-9830
-610
-8351
7983
3346
6927
7866
1775
913
-8667
3243
4648
-5530
-4609
8411
-9969
6576
765
-8611
606
-2828
-4657
8544
6109
1213
3035
9782
2084
9850
-5803
8919
-2125
7777
1928
1348
-8876
7482
3686
5591
-5275
-4401
-2307
-3679
8679
4097
6535
2913
-4284
-6597
-5530
-8516
-9494
-6666
9380
-2258
-8760
-2698
6020
8630
-9454
1990
6933
3497
8427
4742
-9769
-8013
-7189
-3502
504
-7272
9867
-8783
6213
5352
6761
-4398
-8258
-1829
7147
9923
-2004
3932
189
-7293
7850
-829
1678
6160
-1544
-6701
9728
-6849
-9642
-224
9026
-63
9901
-4541
2642
2314
-2005
-7035
-7342
215
-8697
-5264
3647
3141
-5488
6844
7097
6572
802
7744
1180
-2818
-3196
30
-63
4476
8129
1372
-4552
-7450
-7233
3280
82
-3383
7905
-2738
-5786
-1409
-7876
6867
-5482
-3503
-5568
2751
4579
-6359
-8131
-7725
-3802
-7929
-6628
7518
6093
-5885
-7920
-6278
1089
917
8587
-8606
1201
-931
-7334
2345
-994
-7550
2872
8243
-4374
-8531
3961
-5969
3595
9366
1972
5351
4882
6360
-6925
4542
-1042
-686
-5441
-4702
1731
9622
5627
-718
9110
9880
6175
-2236
-8597
-6590
-5184
-6512
9368
-9998
1251
-3460
-8982
-5334
5323
-4887
-4802
-6233
-1594
-3390
5151
-5352
2791
8079
-5994
3802
-4252
-8785
8760
3520
-7078
4697
-3899
7708
-307
6030
-7116
468
-5994
-9925
-6798
-9782
-4660
9237
266
-4681
4005
-584
-1615
-470
-6640
-2557
-5175
7888
-3576
-7468
7339
6600
-9239
-5164
6294
5780
-8879
2330
-8819
-2921
-3020
-5673
-3488
9922
-180
-9186
160
-5705
7366
-4487
4601
2700
-7151
5625
7733
-6621
7678
-6697
-6227
2736
-6873
3379
-2446
-1509
-9789
2573
-2495
-565
608
-968
-4530
7802
6550
7006
-8624
206
-9418
-7367
5135
-4538
-131
-5414
-754
-6678
4374
-4323
-2457
-7144
-1341
8644
-7936
1598
4961
5126
-5556
7847
-1678
-520
-8035
-3992
7187
9535
-853
-8660
7849
6954
2587
4007
4663
7783
2383
-595
-3627
-3806
3917
9695
9772
-3483
2427
-5937
-3137
7821
8436
325
9307
3197
1572
-4911
-5095
4946
8410
-4255
-9038
-9954
-1973
64
-1809
8218
4192
-7466
6186
2438
-1790
4692
658
-1756
4898
-3573
1664
1880
4606
-1626
-66
602
5923
2461
9547
8980
1151
1667
3976
7027
-7274
-38
-8043
263
-8568
4575
9758
-4914
3887
6252
1717
4451
4640
-1442
-299
-675
3524
-5691
-1868
6313
-5504
8364
-1248
8162
-4515
7661
-8815
6460
6806
1418
-4265
838
-1008
-1745
7574
-5277
-7592
-6273
-975
-5145
-8221
-8138
3433
-9106
678
2168
4717
-2555
-4466
-6294
-5339
4977
8534
861
-8998
-9293
8160
7632
-4790
7924
-6034
3109
-1375
-1733
-1086
-159
-2367
-6351
-9725
1648
1652
-4097
9246
-2514
-389
-5510
7260
-103
-5910
-897
6532
-2454
1602
5335
-2
-4150
-6589
-6704
-6832
3349
-8440
-5721
-7680
-4452
-6989
-4611
-2663
1650
3291
-9327
9209
-8013
-837
5375
450
3774
6582
1728
1467
-8337
9483
-9584
3620
-6424
-9543
3013
-9607
1466
-1350
-605
7502
5043
8285
-164
-1575
-2477
-7009
-6394
4059
-3997
-1249
-5221
-3612
4623
-8133
-730
7539
-3209
4036
965
-7415
-8252
-4533
-3410
-4536
-3024
873
4377
3559
-4432
6685
2830
4489
-6654
-9857
-5340
-790
7766
2910
5897
4503
9762
174
-6757
-9317
-36
3417
613
-8234
-460
3559
1133
1483
5024
-8361
8540
-9431
9390
-8109
431
-982
3088
-6639
-7774
-90
5858
1534
760
4396
4365
2449
1958
-1552
5344
-2472
-9789
-1468
1615
-4963
-1646
-6789
631
-2571
-3823
7208
-5599
7875
-4960
-2522
-7324
-1765
-4859
-1175
-7653
2883
-5315
8596
5389
-1565
-1655
489
2938
9286
-1242
-3944
-7975
6750
4735
1261
3365
-8743
-6099
-7646
1183
3012
-9430
8295
4284
-144
5210
-2389
-9672
-2645
-73
5221
3753
-469
-3484
2765
-2480
-2078
3128
9105
4173
8182
3570
1135
3951
797
716
-7050
-5951
-968
-6208
6243
6047
5430
527
6953
4171
7862
-3079
5096
-4902
-3179
5508
7944
-2322
4403
-8476
3638
-3005
-803
-6706
-6664
-7262
-7871
-8380
9178
5160
-2035
-7236
-1152
-4235
-9971
-4057
3742
676
-890
3935
5597
6236
4471
8741
7274
299
1354
2663
-5305
1647
-7065
-4356
7948
-3642
5367
8997
1593
-3161
-2731
1526
1355
4761
5040
2264
-8931
-1472
-1496
6256
2404
3043
-2085
87
-7644
9882
-659
8393
1494
-7262
2764
-3746
2421
6355
8126
-891
-4047
-7282
-4645
-9367
-1391
8574
315
4020
6887
7931
-1260
6962
538
-6717
3423
-5527
3493
9443
-2140
-7183
2155
3800
2653
-1683
-9834
-2714
2575
-367
-5796
7080
9558
8684
-5207
-1684
-9425
5285
-5038
-75
9439
4778
911
-7293
-3137
-9044
748
-7869
-9799
6211
8577
5633
-6829
2216
6816
-9286
6620
8441
4742
9234
8653
6494
-4005
-8154
-1164
-7486
-10
-608
5506
-1105
1780
3062
8063
5080
-5150
9960
5695
-2480
-2838
6679
1219
182
9844
1782
5047
-2774
-4113
-2777
7293
9675
-9805
4489
-3107
2759
-7539
403
5900
6540
-3821
-6174
-2983
-6617
-1777
3713
-3958
7128
5473
6857
-487
2467
2222
-7809
5684
-9479
3436
4329
7270
-4304
1837
-8264
-306
-3878
7314
5954
-5068
-963
2189
1231
7751
3503
-1433
412
-6967
-8500
7302
-4136
-1066
2167
2511
8590
-8723
-493
5213
-5827
-6052
-4684
5495
9067
-4355
8451
7155
8977
5114
4481
6147
-6131
-4326
7156
-5891
-7872
8704
-184
-6667
-2246
-1179
2274
1350
6268
-8854
2161
-5210
-5184
-6343
5798
-9175
-310
-7386
-6095
-1394
-6229
3980
6287
5959
-3099
-6093
-2839
3096
-9525
-246
-3743
6861
8718
959
-5986
5873
3524
3989
6669
-3729
-5458
563
-5812
-4203
-8128
-4002
8652
-4484
4627
5807
-1176
6347
-9104
6554
3912
2326
-5095
2801
3601
7343
-1537
-3561
-6822
-680
5509
8646
6059
-1537
8570
-9426
7498
-8219
-9260
1228
-4625
5599
2270
8604
-6026
6985
1970
3365
6984
211
-2475
7316
1781
-7046
-3902
7313
-4573
-7022
-9084
7442
-5414
-7609
-1214
1175
-8704
1243
9633
-432
5911
-8124
-5493
-70
-1070
6847
-6006
-3614
-5484
7339
1538
5701
3612
-2967
-5834
509
9795
9228
4350
1678
-8901
6454
-4695
2483
676
-8736
7116
1709
4720
-7747
1933
-1624
-1813
9224
2031
6033
-7151
9642
5205
-6908
-8998
-5797
3805
-476
-1351
131
-6134
-8484
3194
-4342
-4544
2850
4054
-1444
-2896
-7274
-9986
738
-1112
837
-3043
-7948
-2212
-3820
-5074
-3419
2079
1668
193
193
-3793
-3128
8178
6405
-7109
1784
-3330
1129
-9058
377
4617
-1946
7093
1744
-359
2150
4291
6183
7745
8963
4455
-3798
8969
684
4893
-8678
4404
-9174
9843
-8424
3788
-3108
-5028
-4569
3202
-7211
-7580
-8986
-1488
-5304
-8070
-4929
2510
2062
7366
4189
4186
-2031
-8611
5149
-5487
-2576
7619
-8900
-2691
-8414
-8322
9772
-6457
1475
8391
-7890
8274
4630
6197
-8348
6752
-2220
-3166
-6279
5381
5879
8530
9658
3877
-2118
-5850
3827
8119
-5127
-2948
-8252
5344
-3148
2576
-9163
-4768
1636
3792
356
-8363
764
-4320
-4323
-8891
-681
4381
-9493
-8633
-5781
3656
4041
1126
7347
-4168
-4089
9887
3336
-9751
5258
7975
-7573
9673
-7353
-3842
9348
-9844
6547
-9970
1634
7175
-7367
-2746
443
3637
7244
7738
417
8775
8307
7160
-2607
-3744
1120
-7141
9896
-3885
-4979
-8398
-577
1396
-8520
-3931
-1673
-8592
830
8658
-9419
9470
-915
-2974
-9170
1323
-1003
-1875
9246
3483
868
2803
-3056
9514
9252
9794
-4633
3084
7076
8255
6789
-3598
6406
-3609
-6577
-3447
2264
4182
-9470
4325
5274
-4972
-5414
7966
5296
7938
-6070
9372
2188
-7156
8510
9657
-5352
5380
5787
2472
1325
-6724
-2808
-3812
4730
249
3555
4434
-2728
6567
7688
-2094
-1596
-1519
-9709
-2419
-3767
2176
-7096
8921
-3809
-7483
2519
-2441
-3058
-9612
6952
-6682
-6039
-2601
-3371
9010
5138
24
-2365
-7577
-440
3910
-7656
1889
-9116
-5881
-3018
-5396
8138
7515
8557
-2590
-6633
-3636
-9010
-916
-9300
6937
-9898
-6354
5388
8527
-5607
8370
690
8452
-2773
922
-1723
-1055
7747
-6862
5565
6678
-2796
-8826
-8855
-7579
2731
6747
3787
579
4365
-9610
-7292
6035
3079
6907
-727
1363
7203
4801
-770
7261
-1782
-3342
6427
-1612
9126
1751
-3717
1817
6472
-4260
1308
1013
2907
7308
5736
-6645
6836
2019
9368
6735
4713
-4127
-7927
-7747
4717
9813
2831
-5726
-9659
8893
-4134
-6587
-8954
-6967
7871
-1139
-2158
2135
-7846
110
5667
-3484
4843
8176
-3919
7763
7581
3555
8149
-9731
-4368
1304
898
3570
4244
2452
-9419
8234
5313
6859
-9444
7175
-5831
-2685
1889
5101
-1320
-8091
-4320
709
-5737
-5841
-5338
5648
-5959
3096
-4032
-4931
5367
-5287
4746
8061
-6559
-776
1215
-7559
-5124
-3621
-4544
-2451
3143
7979
2593
1424
-7247
-859
3888
6938
-868
536
8513
9693
-4322
-1103
3510
-8218
4823
-9920
7577
8587
-5309
4779
5470
78
-2381
-907
-1531
-976
-1753
2418
7241
-7777
4755
-6320
8908
-2483
-9919
-2890
1528
1110
399
4040
-176
9587
3429
9654
-2864
3733
-7323
7255
1787
6800
7194
-9178
-4126
4817
9065
-7127
-1417
8351
-704
-4641
-1319
-6029
2817
7339
4005
-3972
-6716
-3162
8276
1564
-4785
8224
687
-4425
-226
987
-5840
-731
-8716
-5471
-8244
-2620
-8080
-8975
-9779
-1469
-5829
8967
4238
-3212
4660
6618
-6197
9765
677
8679
5746
6305
5346
9226
8666
2016
498
8519
4259
7117
3030
9395
8064
3240
-84
-8787
-7493
-9574
3326
-2589
-8518
1750
-6586
-9311
-7532
-3916
5760
-3675
-2285
3871
-4758
8756
6726
3267
7904
6102
-1152
-5647
1588
2447
-7725
6897
3612
1186
-228
9951
2592
-743
-4662
4064
6134
-729
-311
9055
3676
-2034
-3770
-8421
951
-9947
119
-131
7743
9647
423
-6672
-9351
6483
-9174
1576
3621
-5471
291
-6545
-8160
-7050
9472
-6822
-7874
-3687
-1116
5653
1965
-8436
3344
5445
2272
8930
679
-6552
2500
5526
-3180
-6293
-1387
-7580
-7490
-9731
-7860
-757
5345
753
7345
8893
-1338
-1501
-6267
4064
3247
8639
5618
9244
6106
3216
5162
1257
472
4671
7498
-7622
-8049
2733
-9163
3622
-8590
8171
6692
-9112
3127
-4020
-899
3165
-5476
-8393
1715
9972
-6934
-9237
6101
-2958
-946
-5882
711
2836
-940
-9850
-6241
3675
7574
1851
1667
8458
-3640
-911
1607
-6615
569
9287
2679
-5809
-6330
5469
9106
1822
5534
-4806
3136
-7552
-9627
-1014
398
-1883
8279
3224
2122
-1776
-206
-3705
-846
-395
-5634
-7729
-1196
9222
5022
8965
-362
3606
-3547
145
1334
109
-2082
-981
-7045
5522
2994
1663
5918
5171
-5018
6488
6750
8987
2780
-3446
-9038
2637
1829
9759
6744
-8070
7289
-3527
-7196
-9638
4737
4496
-6521
5401
9846
-1899
-1710
-8127
-3363
3750
5431
2816
4409
-6075
2523
-6208
-614
2535
484
-1949
6624
534
-4245
7601
5731
-2327
-4160
9480
7092
-2671
-1676
2721
-4943
-2012
-5804
-9289
-9209
8047
4605
5009
-8890
9871
8107
-1827
6014
2611
-7604
8648
-2688
-2969
-4188
2644
-3701
2928
-8858
6840
-2438
9365
2216
-7669
3814
6604
-4139
4601
-7908
-5257
-5509
1321
-4151
-3848
5017
-153
-8123
2087
-405
-9744
-9225
1778
4836
-9448
7173
6139
-724
-3336
196
2176
392
-1637
5056
-445
-1110
416
-3732
-6962
-7051
-1024
343
7026
9850
1727
-3885
-1672
1926
-7006
5629
-385
9126
-1326
5104
-6561
3028
9730
2539
-4598
-9894
5484
-3696
-505
-8137
-3828
2654
5098
-7216
9138
-5042
5285
1065
-5363
-7263
816
9365
6759
4226
-7577
-5805
5542
-3371
-6513
-6047
8612
6505
3891
7549
-9297
3677
-206
8676
-1125
1120
7095
-5160
2789
-7869
-612
-2554
-9705
2408
7197
3393
4270
3816
-4600
-7591
-9786
9467
5640
-2552
714
-2755
-9220
8491
1611
7439
2335
-5064
-819
-5693
3744
4343
-678
7622
-9484
-4582
-3664
8724
5703
-7048
-6218
-2793
3085
-7352
6891
-2583
7279
-189
4054
3781
2581
2510
1232
-9811
2210
5523
-5064
2554
-5881
2271
-7977
9638
-1277
8938
-4637
3864
-4594
1992
5543
-7477
797
-4334
9080
-4298
-4018
8895
-5340
-471
5768
-2008
5596
8139
7379
-8451
-5813
-5526
-5174
8047
8349
-4056
9946
-3398
3348
-5245
8255
6738
-1412
8532
4336
1279
-7091
-498
638
-597
1669
-557
1996
6381
-7304
-3659
7973
-6887
-4429
3855
-8153
2574
451
9550
-9529
2024
2161
3292
3174
-2778
-3443
2235
-6718
3714
2522
-2091
-7044
3579
-1414
896
6030
-4036
-5221
8405
-7892
-8075
8275
7337
7297
7293
-5691
-5395
6351
-1501
4107
3300
1908
-9070
2902
8518
7652
5785
9266
-9629
9889
9437
4163
1604
9715
-2572
7343
-2888
3529
7893
660
2264
-1265
7223
3870
-9787
-8558
5016
-889
336
6788
-4970
-2328
1330
-8018
-7956
1610
-8699
-8125
-7672
-6816
-7125
1293
735
71
-4776
-379
-3608
3682
-3943
-3739
1236
-9119
-9033
-8603
1810
6800
-475
-4440
8905
9808
8
-2824
-3
6186
788
-2944
-183
506
-9463
-4066
7177
-9616
9342
2760
-2465
8278
6341
-9282
5284
3315
-2442
8660
5416
8973
-6200
-7107
-5780
-387
-9188
-5099
-2211
-7849
269
-8756
-5242
-1334
7322
-1560
-2065
6014
-1948
-950
4868
-5490
3349
-2394
-1715
-7546
9252
2975
-9644
-5666
-8508
4557
9499
6986
3794
3064
-6774
-6185
3263
9794
-4862
5210
4162
9091
-6369
4925
1517
185
3286
-6588
-8133
5207
-8301
-976
-8797
-2361
-7208
9008
2856
-5658
-9086
3426
82
5453
-9943
825
1954
1543
-7528
-5509
-6366
273
5012
1361
5013
7610
7133
-5214
2986
-1641
-2347
-8499
4351
6825
-6474
-4226
1147
-7430
-1255
4649
6105
2104
-7860
5111
-5500
6668
-2864
6381
-7043
-8511
6603
3162
-8786
92
-3656
-1226
-8527
408
5301
5003
3143
5771
4917
3772
-8006
3105
-7796
-4669
6737
-4169
-7466
-1341
-6143
187
2354
4482
7093
7197
-1994
1141
-3138
-2168
4048
-8952
5976
1093
2351
-177
9738
-6176
5663
2261
-4214
3003
6229
3027
-4651
687
3906
8087
8517
-2809
-8604
5013
-1996
8224
403
-3231
-9163
8484
8359
-3561
-5423
-3652
8848
-7749
8638
-866
9050
667
5549
-5296
817
2439
2420
-8842
-4814
6949
-4488
-4869
-9559
8507
-5730
-3220
-7911
-6064
-654
-7893
-4085
6227
-7364
3855
-3431
-8920
-1058
5713
7230
4487
5031
4747
-6844
322
-1081
-7327
1690
253
-1069
-7810
1364
-4356
-2650
-4992
-9476
-3885
7419
-638
-6839
-3637
2027
177
-2050
-5453
-5050
-4825
7823
-6335
3622
-5912
9233
-4097
9418
-3719
-538
-5973
-5024
9073
-4168
-8160
2500
-9099
2861
-2255
-6032
-7111
-6685
-8552
-6573
9301
-8435
1222
-2576
-3357
-5866
-498
8624
1645
3650
-837
9900
-1553
-6399
-4124
-334
1336
-7698
-5774
9531
9379
4687
8608
1962
3395
1265
1839
314
-3284
-9016
3194
6473
8247
2632
115
-3454
-198
-4531
-3450
-8731
7170
3214
-4759
3668
-5053
-1666
2708
-5216
2937
-1783
-4699
-1158
-7834
-8263
8856
3592
4721
-2659
8704
-6242
2238
-9259
-8597
1732
8466
6057
-3825
893
-2349
-1783
3560
4108
9900
7617
-831
-2415
-8783
9173
-4986
3366
2438
-7306
-579
-4408
-6091
993
-7897
8910
525
5430
7468
1059
-9548
-1969
1877
-5311
4888
2625
1203
-3730
1160
-2564
-3793
8540
-158
-1176
3365
934
-5456
5249
6362
-6299
-5439
-4883
3390
6055
1715
7284
-4402
-9995
4354
-6845
-4774
2254
409
1613
1686
-4079
3304
-1784
-9696
-3111
9193
6917
-7309
6429
4459
3500
8080
-9912
5307
-6680
1948
531
-4518
-9807
-7455
-5106
5548
6682
-5327
0
-64
-7436
3207
-7122
7345
482
7240
-4530
-263
-9630
-9841
2629
-233
-5709
9792
4782
-8864
6671
-4570
-5296
9729
-1388
5646
8314
-2160
-540
4950
-9596
499
-4357
626
5185
-5808
8587
9475
-7634
3090
-2046
-5311
8675
2866
5812
-3035
-9869
2192
913
-236
423
2433
3280
-3075
3875
-9135
-529
1701
8183
-2016
-6832
-9038
-6049
-1211
-7448
-6352
-2084
342
1073
-5202
-2066
-9688
-4475
1184
2687
1442
-3058
9937
3967
-8122
-1231
-176
-5390
-2671
3241
-4950
-7427
3929
-4080
-9086
-9871
1295
1994
7262
-3621
-3607
-9844
327
-4889
-3268
3583
7117
4657
9655
3864
1030
4918
1587
-9523
-2526
-8201
-6865
-3063
3852
7736
-4577
-2228
234
-3133
-1919
1631
-858
-8406
3057
-3194
3802
-378
110
-5485
2767
5213
-445
6001
-8703
5935
1037
2270
1161
-6988
3430
-4221
8343
419
8925
1067
5054
9386
8129
-5404
615
-7648
4429
2237
8833
-4114
2052
-5722
-2998
-6118
8619
-3023
934
-3927
-6286
-4198
2902
9493
445
9635
4701
-578
-7136
7498
8343
5897
3446
2822
-7414
-5917
-3425
5299
3389
3657
-7441
9309
1819
-9896
3901
7814
5644
813
-7178
-4084
323
2520
-5342
9665
2349
2923
-4933
6997
6335
-4591
2167
-9213
8618
-9970
-529
-1571
-1338
-9795
-3759
-9391
-8607
3455
7320
3335
8615
-7613
-5586
-9156
-9536
5552
-6746
-8632
8177
-2010
-616
-9058
-3330
-7171
6745
-9093
46
1809
6511
-352
4365
-505
5142
-7712
5728
7127
-5800
576
-6624
5082
-1595
3006
-5521
-135
2230
-7553
-9086
-7844
-8115
1998
-710
8371
7080
-8409
-7451
-9117
-6045
-5351
-5190
-6521
-2795
5654
-3728
-2579
1883
1828
2156
1677
8494
-5043
-5279
-2523
5134
-5178
-6876
6372
-5912
1490
-804
2793
6121
-800
-4010
4703
-2849
-7191
-4217
6547
-3
4522
34
6221
-5730
5328
-8786
9379
8092
-3929
-5454
9995
-7949
5047
8504
4321
1882
495
-3648
-2257
-5706
-9121
5101
4492
-6610
7810
-8238
6937
-7272
1771
-1103
7640
-1369
562
4202
-4244
881
4049
5498
6159
2966
2520
-7444
5552
9643
-6200
-3456
7899
4969
4050
-2589
-1681
-2556
-495
-426
-7832
2941
5589
6303
5215
-1104
5635
-5527
5395
6827
7996
-4130
-3758
4673
-2416
5029
7179
1051
4471
5604
-1472
-7275
6608
1468
295
5236
-7256
3483
9094
-6682
-5138
-4277
6680
6378
-8412
-7581
8467
-9663
-6896
7239
1024
-4718
9540
5712
-7518
9501
2602
-8058
2247
4085
4177
1315
6662
-7055
-4209
-1081
9083
8665
9565
-4314
8655
2122
-145
5120
-113
9922
105
-962
4717
-9055
-9753
-8552
-3956
8275
-698
-6277
1316
-165
-3932
3917
-9398
-8424
-2240
-3304
3130
-3117
-1973
-949
-7858
-456
-5317
4746
-8039
7135
-9490
3843
2479
-7851
-3850
-2579
6563
-8269
-5854
4968
-6739
-6540
6626
954
6985
-4970
4171
8149
9749
-3340
-4443
7691
-6705
-7295
-7784
4211
2817
-8387
-1884
6538
-7713
6629
5214
8835
6887
2205
5125
-9111
5292
-498
9260
4850
2935
-4807
1857
5000
-80
-4757
5349
-1302
-7864
6425
4734
5919
2649
3507
-8425
-9548
-1715
-3199
-819
-7456
9943
-8230
5636
-2993
9814
7333
-5643
-5574
1690
8376
-7280
1981
-9561
-4452
-4192
-5478
1438
9535
4881
-6550
-5723
1351
9364
3616
6057
4813
-3557
-6295
6136
-683
-6640
-6179
1520
7316
-917
-6694
-1863
-4067
-6219
-8604
-7577
5705
-975
-4660
-2561
-6101
1449
9277
2243
-3352
-3894
-8382
7234
8133
-3671
4911
-2735
-5235
9600
481
-3088
-944
6213
4061
2148
-9661
-6956
1038
-3498
-4943
-1969
7270
4667
5840
-8195
6317
1196
-5988
-9209
7410
8130
-192
8153
-5240
-2133
5078
5235
-145
-4316
9702
2935
-2403
1345
-3202
-9679
-3281
-4936
-4858
-2112
-3474
-1627
8779
7094
-3832
-3217
7523
8047
7551
1893
-2273
4278
1759
-8719
-9160
7149
8310
-8150
6005
3975
-377
876
-9535
2922
-4711
-2725
3249
2327
9705
4524
-7439
-6954
-4973
2479
141
-2532
6603
8968
9752
3609
-5402
-7188
8085
7448
-909
9638
5216
-7909
-3059
-9707
6781
1164
-2673
-8398
2943
886
3077
9018
8763
3053
1987
-9994
2798
-8730
-5790
1971
7525
-920
3733
4189
-7570
4899
5146
-9905
-4712
9642
4595
-4126
5445
558
2458
-900
-3549
-3239
5345
-7526
-2139
-7464
-5893
-9595
7153
848
8923
9874
-7496
-1861
-5497
-7126
-7995
9350
-654
-5445
7826
-2572
9233
-2635
2455
5761
-7465
3740
-7189
8203
9795
9252
207
-721
-3224
963
8332
9118
-7280
-3956
-8737
1060
-3889
1479
4412
-8620
-5086
4099
-4483
9588
7440
-8378
-1422
1431
4256
-1936
7189
-7681
3842
2839
-8107
9321
-3906
1898
-7683
8306
3443
3858
-8077
-670
3404
8167
4916
-7946
693
-2652
-7893
-4866
1612
2321
3815
9684
2148
3652
6071
-2804
5709
-8050
6027
2234
3242
3911
-8027
-6870
-3488
1983
-9888
-8693
8788
-1375
1846
4498
2506
-2326
-6184
-8224
2351
-6627
7880
9248
838
7800
352
-5648
7861
-493
6989
6356
7290
3794
9471
9759
-7829
-3286
-9390
4833
-140
-8646
-9038
2704
-9643
6004
-6984
-1184
6002
-3432
1511
-6362
6882
-9782
6197
-4057
2838
8614
5964
-730
9204
487
2233
9025
3008
1768
3278
-8796
8115
-4019
-9751
2568
4620
43
-6411
3272
3758
-1833
4294
-8746
5853
-1105
5563
-2391
-5302
-6315
1230
4593
-1386
7538
-4695
1464
3999
4817
6880
2245
2295
969
3973
-3392
-3473
-6170
-7019
-8016
-9957
8195
3123
-7104
-6311
-5532
-859
1573
4407
8122
1003
-3285
2803
5478
-5760
-6400
9104
99
-7077
-8529
3928
9250
-5371
2215
-195
-9068
1379
8949
7276
-7754
9395
-2049
-6586
2826
-2088
870
7416
-4494
6507
-7552
1093
-2620
-5537
3102
-8793
-6341
-6150
-8892
8580
-8033
2358
7069
-9971
-39
2544
2663
4872
7253
-8366
-8174
-6430
-4
-1025
-906
-9129
8758
5385
-96
-6946
6774
-4041
7349
-1028
9985
-9905
2079
4832
-283
5228
-3320
1449
-1724
-3180
-1774
5064
3092
-1419
-5374
-2524
-6819
1887
-7385
-6021
-8691
-1259
3879
-9250
3497
3820
-1816
-5640
573
-5361
-1886
-9837
7272
-6587
7423
1189
9108
-1949
1213
5331
7294
7048
1109
-2675
2195
-1587
4593
-6067
5865
8853
-1974
-2895
3366
-2260
2004
7773
9282
-1786
9128
1589
-1557
-9064
1672
2330
5233
-3473
4772
-2544
9589
5823
-9722
-2375
-2558
8525
8193
-6285
-6928
-9498
551
-2341
-5504
6300
6695
-5952
2038
-3169
-208
3931
5653
3045
-1968
5672
1026
-2669
-7381
2352
6706
9554
4727
978
1164
-623
6499
3961
8462
-9073
-5830
-4328
-481
6875
7018
-2235
1589
4484
9432
-3217
6167
2738
6451
4402
7225
-9316
-2595
-2903
592
1566
-5054
3250
-6711
6162
-909
-487
9491
-4448
-1548
-5362
8512
7500
2764
4720
-2579
-8929
-7789
1756
-9925
168
1103
447
4837
-4204
5276
-2340
-1380
-210
8841
-2622
2599
-4479
-1810
5453
-2744
-7870
-6795
-390
-5212
-9319
1353
8587
-3143
-9975
-8232
-1464
-6089
-2194
-1122
-7175
-4665
-8630
4503
-5628
-910
-1534
2669
-6072
7838
2505
-4758
-7693
-2506
-6919
1015
4463
2508
5785
7181
-4591
7476
5081
155
-4719
6535
9090
9015
-4337
-8100
2092
8284
-5283
-6845
-9090
-5994
-1118
-1639
4233
-5468
9845
6328
3031
-9659
-1855
9548
-6110
2580
3495
9266
445
3527
1500
1866
-8786
6049
-4621
-8429
8586
8197
-7587
-8303
2359
9390
-2046
813
-4884
610
-2675
-2013
9795
-6770
7179
4399
9408
4592
9609
-1562
1919
2856
5271
-8264
2917
-5712
4339
8680
-1844
-8794
435
9795
3512
8347
2885
8383
-499
5560
-2916
9131
1936
2980
-9762
-6868
-9672
9557
5292
-2790
-2389
-3357
-7538
-5897
-9357
-6320
5171
6714
5437
-2050
-5782
-210
-6986
8655
-5668
4384
-1748
-6702
-6718
-5489
-5934
-6370
368
-4641
1698
-1141
-7644
465
3617
-5085
-6734
-8177
3931
-2319
1968
6048
8366
5241
-7832
-2142
-2664
-9066
6169
8213
-5023
9380
-4629
6157
602
-1041
4259
-4340
-8864
-8742
-3973
-5402
-209
-3427
-4262
5235
-301
-6662
7284
3318
7279
-9129
4015
2848
-5106
-3541
-2874
1650
-2518
-1607
-6586
3453
-9892
1064
-7852
2059
-3990
-8458
5651
3143
-2179
6677
-2231
7354
3103
-6873
-6423
1267
7940
-2133
1084
-9639
6007
9232
3546
7645
153
1588
4303
4718
-8096
-8309
4923
531
5023
5934
6488
-1189
-6603
-6191
2206
-2205
346
-9681
4038
7713
7608
960
8809
4558
8462
-5917
-424
-2118
4348
1556
9744
-3141
-373
5037
1381
7928
7383
7738
2049
346
-3702
-7390
-6091
8615
5348
-8895
4946
-7198
-7598
6263
8944
-9926
-2185
-3391
5778
6438
-3338
-4928
-2796
-716
-4522
7749
2045
-6237
-5521
1009
4114
-2149
6266
3556
6730
-8413
2985
3558
-713
8385
-2956
1720
-2348
-463
839
-4719
-8548
-2646
-7396
3560
3336
-8780
7613
2613
69
-6374
-8846
-4625
-4037
2375
470
7505
7818
7406
-8153
1674
-9333
-1059
-6428
-1781
5490
5788
6368
3412
-1929
8872
-3388
-4697
4599
-1151
-4090
-2515
545
-2687
5074
8380
-7804
579
2045
-3440
-6325
3386
-9709
9971
3572
5747
-778
-2566
7844
4882
-4293
-3175
8569
-2957
1540
-1056
940
-4346
9203
-3601
6160
5773
-1049
3419
1375
-3433
3890
-7270
-8481
6708
1383
8997
6655
9347
5336
-3522
2004
-6184
-4175
6760
-3033
-1181
1335
-135
9469
-78
-6714
3933
-4318
4194
1075
-3585
-1959
4565
7120
2482
-3911
-3350
1692
-9503
-4408
-6645
2653
-5843
-4617
2536
2304
4094
-5647
4170
-5800
-8818
6573
-7243
-4369
8168
-5970
6825
3813
6205
7601
-3733
6383
1030
8871
-4070
2331
-411
-2549
827
-2851
-3692
-7810
5881
-8676
6225
530
3146
-4982
8667
-8174
-1514
7523
-1632
-973
-6691
-4725
-6595
3357
4720
-9021
-3513
1214
-8497
-3849
-4480
8393
-9955
4340
3993
-9845
1170
-2402
136
-8122
-2305
2113
1614
2772
4723
-9621
1415
5349
6363
4206
-1919
1597
5187
7210
-3325
-8553
-3618
9427
14
-2593
-4252
9437
-9991
-5643
-4922
745
3525
-9535
9977
9898
2539
3515
-1818
2068
1003
3303
2805
-6056
-4235
8828
-2854
2802
4592
6792
-4880
7984
-1455
-7223
-6884
-5728
1220
-5150
-2712
-8295
2240
-5900
-522
7697
-6248
9602
-2860
3258
-748
-5228
-1661
-42
7973
8610
-3636
895
-251
-2176
4892
-7318
-611
9624
-4275
1045
-256
8041
-8318
1834
2867
9911
-9263
7856
-4712
8706
2913
396
4334
5087
-8187
2898
-815
-293
1304
177
-6221
4305
-3779
-7539
935
-4898
810
-2500
9705
-4214
1251
-305
1525
4637
6038
-9662
-969
3254
9488
-975
9088
-6202
-8100
-3400
-4462
6983
-5165
-7526
-4535
4900
9774
7438
-5042
-8403
-2912
-3556
9818
2477
-4366
-8501
-7320
6274
210
7649
2006
-5510
7667
-728
6031
-688
8554
-6991
3754
3389
-3992
-404
2873
23
3458
6690
8710
-9927
6713
-504
6521
4059
7332
8109
-8974
9203
-9949
-2309
-3856
-8820
1304
8721
-2916
1406
-6702
5763
-1977
884
4400
-1827
2666
-5495
991
2335
9201
3692
-232
-9939
-3393
-894
1512
3225
-4273
421
-2189
-1668
3825
2223
2218
-7874
-768
1566
-3989
-4056
6840
-9219
-2357
-4974
2582
5265
8305
-206
-2680
8141
8515
5449
8995
-5663
-5080
3007
-2613
-6833
4598
4087
5240
-2152
-7671
1477
5995
9145
5970
-7488
479
9019
-9898
-4229
-740
-7218
-6472
9214
3829
3542
9080
-9624
-2369
1514
2365
5503
7739
-6616
-8623
8970
-2232
1088
-6373
9732
4914
5928
4971
-3177
2813
7100
-331
9503
7672
-5664
-1470
450
-2792
-8174
3999
-8456
9588
328
373
-2890
4570
-7444
3986
1996
-6969
-2616
4786
-9738
4449
-2161
-7334
-4506
8503
-2000
5637
-9719
4142
9274
-1112
-7601
9348
-7308
-8527
8890
9482
5529
-8483
5270
6626
-1129
474
6522
4449
-7518
7766
-3114
-9950
-1862
617
7284
9004
-2889
-6415
-8513
6405
1000
8275
-8062
2595
564
3162
7731
-9590
-7750
-8542
-2064
2460
1263
-8921
-1549
1247
-4038
-4138
-1687
-2264
-8966
-4613
-4467
-5189
-6975
-5615
2872
6612
3885
7279
-2199
-6793
-7473
-117
-469
-1379
-48
-7388
-827
-7728
-2873
-7231
-5602
-9210
-2221
-4075
3292
-5731
3652
7933
4926
-8565
8004
-7626
857
-2565
2988
3185
-6449
-1763
-1714
-287
-6750
-4098
-6586
9606
-8130
-7277
4925
-3152
-5389
-3952
-7102
3434
4320
8315
572
-4841
-3611
-2465
7119
2142
9080
-7191
-7430
-5027
6209
-8806
-1440
-7764
8450
1884
7233
5389
-7948
-3195
-8483
4919
-5576
-9119
4168
-4439
7030
-278
-8200
-4375
-3609
-1775
-867
828
975
4797
585
2579
6110
7625
-9319
-4704
3584
8862
7749
-1238
965
-8970
7001
8617
5907
736
-4634
8134
-2288
-9485
-920
-6744
-8327
-5815
8117
6683
5701
-5399
3101
-1978
2187
-5233
-6377
4719
-3993
-8533
4822
9071
848
-1207
-1330
-9277
-6715
-4131
-8756
-8122
8307
-812
5928
3803
-504
-7942
-2751
-2824
-2602
-3073
2048
8878
-356
3776
9521
3053
-899
-1959
-9016
-7090
6854
9017
-674
5019
5896
-5783
268
-4622
-7954
-1466
-632
1569
-1443
-8798
-6313
7169
-70
-3706
-2900
8536
-7540
1299
3488
4781
4007
9058
7740
9597
-9698
-6787
7102
2306
467
-4765
5680
3153
-830
-2437
6538
9525
-3445
-8748
2044
-6714
-2845
72
216
-1510
7180
-4517
3816
5994
1970
4026
-5063
9244
-8456
3007
-7998
-2804
-1439
-9883
-3489
-1126
7325
1632
8483
-8550
45
4520
8439
4361
-5608
7397
-1848
-2618
582
9444
4582
-9738
8866
6882
1047
8298
122
-7249
-7831
4994
-4832
-4049
-5629
7356
3288
1551
-1087
-3398
-1494
4043
-3754
6965
1785
5221
6368
-4991
-6050
-4018
9170
-5147
6954
4739
6841
4779
4297
-9184
7050
-232
-7196
9117
9734
-3996
-3362
-4159
4218
3295
6287
-7225
9067
-9114
6215
4500
2114
-6175
1713
361
-5392
-6838
-7664
-5048
-159
-3588
6191
-7883
-4220
-2107
6405
-9220
820
-1152
7770
-2528
4544
3512
-2022
5679
-633
693
7436
7978
-427
4277
8987
6253
-7399
-9754
-1019
-7632
-3327
-3417
4656
1668
7971
8093
-4443
1341
-7014
9578
-3626
5006
9423
-2392
-3420
-4279
7050
4569
-5389
-8195
-5331
2760
8399
-9509
-404
-3293
4651
-132
-7844
-1772
9830
-4808
4992
427
4628
9429
519
7556
210
6484
8666
-8923
5281
7291
-3542
635
-9438
-6731
-5592
-6958
-6128
9006
6607
6456
7792
-810
8354
-4402
8547
9140
-4954
-6474
-6050
-3126
8434
-8572
-3361
8312
-7540
3204
9701
-7625
2860
8851
-7231
5481
-2195
9146
9235
-8320
-8005
845
9403
-689
-3583
5872
8273
-7691
3591
8463
2007
4782
8888
2166
-5922
8456
6166
-5525
-1114
9530
4301
7099
7420
-213
7221
-4021
3246
4751
9293
9322
-5848
-3407
-9972
4581
-1160
-9923
-4435
-177
-1257
379
2877
3765
9249
-4715
7867
170
1718
-925
5100
1702
-8371
-9264
8896
6530
2924
-5553
1478
8884
8029
3450
-7271
7056
-7394
5161
7094
2766
-8183
-531
3260
-7379
2649
-2491
3132
-4127
8993
-5818
-7473
-8015
-7069
3684
4243
8449
-244
-8374
2230
-2047
3441
751
-9530
2644
-2518
3688
-5915
-962
4151
-3200
9028
711
-7892
9753
-6238
5751
-3108
145
-5306
6838
-4666
-9343
-2917
4650
-85
-4757
2269
4442
-8265
-766
-8235
-5765
1330
-393
-757
5732
2963
6037
7800
-1451
-8199
7636
3723
-3122
-1955
6237
-3933
-6365
-8144
-5863
-9537
-2438
-9451
3262
-8397
-6986
-6591
2219
-9804
9656
-248
1434
-4833
9718
-7813
9480
-1685
9536
-7563
-7694
-758
3451
-743
-1629
5976
-4477
-1344
-948
2819
5832
3473
-7964
132
2424
-7416
-977
-6233
8034
-7100
365
-4965
801
7225
3008
3549
-9138
8130
7754
3433
6171
-8864
7870
8317
-1704
5776
1500
1771
-7114
-4973
9579
8885
6295
2303
1892
-7826
3883
3681
8318
-235
-970
9160
-2774
5963
-2815
2149
-2114
-4883
4760
-2124
-5786
-9319
179
7041
8216
7697
-6452
-8059
3580
-8418
5409
-9303
5780
5035
-8256
3375
6284
-8658
-4580
-5870
8369
2603
1876
-2604
-7156
-575
-892
9786
2487
9107
1985
-4071
6433
4025
406
5101
6211
-869
-9102
2886
2849
-2835
-1437
8909
9671
-8745
-4613
-3700
-6744
-8355
8132
7676
-795
3013
9440
-290
-98
-9487
-7391
7360
-1752
946
2532
-2036
9644
7601
-8843
4630
9429
-650
8822
7194
5789
8223
9427
85
-8953
1624
2402
-1391
-9483
-1466
6406
798
-7171
-5540
-9007
-5604
-8390
-378
7372
-6418
8975
-4552
-9152
8008
5187
3367
-9509
5253
1547
1452
6729
-9963
3770
1435
-2903
7193
2287
5785
2471
2310
9707
9523
641
-2312
710
-5119
9183
8085
-8979
-2030
2656
-1438
7051
4608
-3791
6660
-1376
9242
-5552
-3343
2963
4999
-5833
-7877
6394
7745
-7961
-4943
2162
1242
-7914
1330
-3292
5234
-8881
6887
5797
-507
-2311
1692
1119
-4048
-9757
7283
9743
-5735
904
-6418
8496
-2172
2932
-407
-117
-8526
-1527
5025
-6501
-4246
6697
1325
-6034
-1370
-438
1149
6505
-3343
8903
-4251
4903
9722
-3208
6986
5658
-8666
4360
-2987
-2032
-2442
349
4666
9742
-1660
-4273
-4372
6947
-31
-248
2883
569
-4287
3891
7925
-1704
1010
-9219
9129
-3273
-5179
-7011
8673
-8781
-6254
5471
5049
5724
-4656
-6383
-6689
3333
8216
5393
9557
-3043
9910
-132
-5619
3313
2193
-7844
1173
3022
-7592
-8214
-505
4550
7313
-5160
3704
6443
8390
-8793
2754
3694
-3313
2956
1005
-6446
472
8759
8043
-6452
-7032
7640
-198
564
-60
6416
-2285
-7192
-2370
-5238
-4397
-2130
482
-4402
-7795
1673
3740
835
1039
-5742
-1973
7815
7303
2941
3628
-1277
761
-8309
8811
8600
-1850
9793
8130
8025
4876
9207
-2618
-1437
7654
3671
3688
-9395
-1442
8537
1138
-3174
-4264
4704
4633
-7231
5529
-9976
4688
5070
-9145
9560
1873
-7045
-6576
6903
9709
-4952
-8952
2894
-9069
9664
-3576
3935
1035
3039
9301
-6468
-6181
9238
-5772
-2774
-6797
-498
-3117
557
-7041
5906
-3658
4452
-1287
2958
-5976
-6090
-8817
-8827
7486
605
6351
4638
7532
4635
-4722
-167
6380
9341
-632
3921
-2478
-4247
5634
1511
2230
-9635
7304
4169
7736
-2190
-820
84
-5461
4373
5793
5198
7788
-9329
-1466
-4131
-7978
-9445
1556
-5568
3871
2419
6152
7346
5570
5338
2629
2118
8391
2079
586
-7199
1934
-4029
6659
-3149
-7523
6388
-9710
-6323
-3412
-7791
4830
-6046
-3460
1209
7298
3158
404
-4828
-2024
2235
-503
1011
6381
-9610
-6403
-692
-3957
-5852
-8029
-8201
5676
-9299
9392
-1767
7699
6172
-3457
1661
2681
-8144
3830
-2743
7835
2978
3902
5019
-777
3011
-4256
-775
9603
-5170
-306
8156
3033
227
-2107
103
659
1961
-5010
-3575
-4293
8728
-9992
1050
6393
-8381
707
132
-5860
5238
-701
-9210
-6924
8921
7739
1688
2659
-2069
2201
-2028
9869
-1113
6886
9088
347
7736
4683
-5474
-2345
-103
2290
2250
-8139
917
-6422
-1290
3903
2448
9241
995
5259
9361
-679
312
-9741
-4351
4441
4025
-5132
9305
6595
2470
8866
-8666
4446
8217
7291
5314
4973
-1226
5821
1935
6374
4194
3733
-9889
5304
-8460
5278
-9152
-4265
-9298
-9566
1685
9351
-826
4132
-1097
818
1328
9169
-4731
8036
-603
7310
-7256
-5223
563
6288
5616
9974
4221
-2279
-8177
5611
3335
5983
635
-8040
-7783
-3916
-2447
-3134
2265
-198
-6593
-2843
743
5570
4630
1815
-7205
3620
-5373
6391
-5226
1965
-2832
6882
-6074
-8960
5714
-5824
-7277
-2750
7627
6399
4046
1092
-2932
-3266
-2330
1526
2455
-4508
-6670
9599
-1321
9936
110
8933
8944
8463
5560
4082
-3832
8292
7138
-9972
2007
-6951
-3415
9538
-7224
3517
3369
-2206
5122
-6140
2583
-7290
-8010
930
2102
-3554
-6218
-452
3829
-9283
-2655
7069
-8643
529
-8123
-3110
-706
3764
3991
-7919
2067
-3444
-7693
-818
3546
6911
4476
1094
-5700
6367
-3229
-1328
371
9795
-4056
3237
-5120
2696
2384
-5952
7318
-3834
8884
4750
-9972
-5571
8217
-4111
-5748
7384
2489
644
3887
1203
2891
1169
-9263
5272
-3761
347
1392
2281
1306
6939
-7322
5989
3399
-8558
1139
4516
8997
8953
-8355
5976
-8179
3176
6217
8231
-4234
5825
5203
1565
5308
-4547
2308
-9772
-4067
-9880
-7422
-6274
-5064
-9007
3657
-2633
8792
2718
-2617
3703
-5020
1087
-1336
-4394
-6906
-6224
104
-3516
2862
7095
-4438
-4006
3311
-3762
-9697
4603
1246
-1756
-9190
1677
1736
-7696
1173
-275
-9109
-6240
2493
2424
9624
8618
6161
9349
8185
9685
-1681
8699
330
-7299
-8796
4119
-8320
-4720
-5901
-3279
-9971
-6101
-132
-9393
1127
-8624
7482
7732
8866
-8227
3335
2416
-7337
-2394
-5679
6314
-7042
1420
3459
2026
-6952
-9024
5475
-6959
1258
2763
-9750
7191
-5168
3233
-7864
8757
-9987
464
-6932
-3669
1048
5183
-8219
9882
5380
-5196
6268
-731
9101
764
2381
3700
-2590
2001
6161
-9401
-5653
3394
1023
-2269
-9698
-8203
5759
-2048
4035
-3974
431
-7647
7847
-693
-3381
-1208
-1299
2348
4130
-6391
-1871
-5593
-4696
-4578
9023
-1589
9120
-397
3497
-5568
7162
-3477
8898
-5419
-8208
-2012
2752
-5747
-9396
6940
-7920
6792
-379
-8360
2326
1372
321
-2544
-148
-6245
8198
7734
9715
-4752
-8305
-8357
-7299
-7642
-39
1380
5488
-7034
-3945
-9091
4789
-8094
-9326
9655
-4567
-9885
3394
843
9538
5076
5771
997
-5222
5228
-9628
-4095
3412
6631
203
-342
4736
-659
-2236
-424
-4946
-4191
2314
9233
-9495
7471
8589
1956
2830
2681
7014
-7108
-5598
6354
-9774
4332
9394
-7917
7546
5050
-7879
6253
3279
1063
3723
-1699
4341
8681
4148
8074
-8127
2679
8891
-5058
-239
9803
9700
280
8486
-3202
9691
-2708
2059
7000
8627
6340
3110
8175
-445
624
-5255
-2769
-4015
7582
-2511
3730
7502
2140
-417
-9141
-2474
-1224
4875
7573
2692
-3170
8364
-6981
-5614
6644
-5060
-7210
-9540
7235
-7227
9001
8839
4489
154
-8905
-5096
8099
2131
7357
9
2312
3992
-8564
-2031
-4556
5411
-5507
-2829
2589
-743
-7170
-7460
-6006
-940
-8140
-3967
-3968
8832
-2736
-8517
-3324
-8465
8836
-164
-2626
702
-7573
1349
7475
305
9682
-9015
5023
2356
-118
-347
9529
-2060
-4833
-286
-1474
4437
-802
-4779
-4418
5393
7753
4691
-4138
-9466
4779
-3911
-4766
1747
463
-2350
-8129
-4716
6342
-4196
5001
8675
73
-4687
2237
7625
-3616
-2436
-5859
584
2812
9650
-481
-3292
-9187
972
2620
7181
-2087
1973
840
-939
-3680
6649
-9076
3262
-1552
1306
-8412
1422
-6206
1416
-4601
1791
4845
7442
-9366
6330
6244
1551
-2352
8107
-3333
-824
1418
-5291
-9779
2979
-3688
-8042
-3737
-9496
-1428
-9152
5145
-5507
5965
8242
-7125
3402
216
7735
831
-8188
264
7800
4674
-1375
2354
8555
-9570
8524
9747
-1355
-8693
-5841
-7397
7394
4254
-2252
-1979
6792
8300
-9973
4157
1593
-5022
-5901
-6946
-9770
5031
-1083
-9598
-7036
-9890
-7468
-4265
7963
6478
-7105
3030
5522
1836
-1276
9407
-8414
9853
-1321
-5890
-6206
6595
-9618
-2945
9734
-9774
-3881
-1291
-9243
5525
-8936
1054
-3245
-1313
3339
-1439
3766
5690
-9690
6487
-6389
4181
7210
-8801
-1140
8591
-2681
2628
-3772
8566
-9187
-4310
5328
-8530
-6374
-8461
-335
6153
-7739
-4146
-8019
7135
4222
-3983
-8691
-6402
-5609
-6061
-876
802
4581
3302
8022
7856
9081
26
6432
6778
-3431
9567
7085
8989
-1683
-6059
-616
2517
8886
-3177
1116
-684
1945
4960
8286
-1680
-7332
9885
4518
165
8095
184
-6643
-4138
-864
-7341
1678
5993
4880
-2502
8171
-1021
-735
-6617
-8369
-9052
6227
-1130
-1504
-2956
476
1761
7730
1492
4553
-6551
-284
-2020
6733
4873
46
1327
-9420
9772
5283
8147
1803
-2488
3747
5703
5154
-7711
1012
-499
9224
-4696
-9334
835
1690
7993
-7780
-2397
9551
2798
-5481
-659
150
-7346
-5919
-7916
6739
4726
4185
-3936
-6764
-6938
1974
-4084
-4106
-6867
7661
-2477
-4384
-8522
352
5818
-4151
9673
-7693
-1599
-5086
5919
6682
8277
8902
-1058
-1539
425
-9668
9668
1404
-7407
-2016
-6076
-3764
-7711
786
-8694
3292
2917
2067
-247
-3569
-1584
-3457
8420
-9157
8210
-6552
-1071
6857
-4052
-1679
6736
3514
2368
6177
2118
3593
6699
-8657
-1461
1695
-5624
-3613
2259
2222
8067
-6229
4825
4345
679
-441
963
1684
9111
8930
7249
1425
7225
2217
-3328
-5062
4301
7527
-6558
-3304
-1230
-2160
-8625
-2017
2041
-389
5358
3583
4419
6638
3478
-5189
-4346
8367
6960
-984
-8188
1429
580
-2448
5326
6013
9368
4273
-9222
-631
6942
3369
-6662
2779
-9741
-317
-9291
-9162
3533
698
5426
-8910
-8579
-6422
72
2431
-8796
-3889
3748
-9089
-7937
-2844
-3063
9539
7730
-3590
-8375
2798
-3281
-6943
277
-7361
-3497
269
-6438
7585
-4424
-3699
-848
9295
1936
-4081
-8640
-3220
7616
-4415
-4009
6074
5640
3561
-5541
4468
-3272
4789
-6884
7353
-5957
-8081
-1694
5279
9969
483
7160
-329
6709
-1870
-820
-336
-8723
7066
-4201
-7647
1374
2457
-5269
-7086
5484
-7830
-1710
-7588
-5076
3534
8097
5498
1042
-2274
3939
-2670
-5136
-8148
438
6826
-1993
3843
-4337
2743
-8493
2523
-8088
7329
3490
-5668
-2996
6299
-6939
-7934
1700
3810
1792
-7698
-8575
-3632
-3904
9519
-8929
2558
-7658
4201
1806
-3700
5636
-5139
-5926
-3157
-2422
8272
9483
6684
-737
6715
9390
-9516
1152
-7276
-9883
-6844
5263
-9002
-1985
368
6676
5643
4334
1247
5643
-4267
-9938
-4081
6266
4924
-6322
-270
974
8559
-4436
-4585
4839
9148
904
-7511
-477
-1536
5581
7889
2584
-2166
1680
-6699
-5648
-94
8342
-2490
-5975
9653
4832
-5592
-7964
4824
4460
-8118
1521
9880
65
3345
-6087
6298
3470
-1825
-2966
8746
-1094
9076
6947
9802
-8078
2731
-153
-6500
229
-8053
9554
-6486
7639
9756
3591
-8155
408
-4088
-3913
5349
2452
4041
-2568
7864
9615
-63
5195
3081
-6575
4547
240
-4295
5920
-8497
-6942
-2307
3509
-9553
-4360
-9701
5282
-4301
3038
1747
7785
8710
7036
7770
8451
-3097
4847
9959
-7892
3453
-2619
-1541
-6133
5494
3465
-8694
3084
9607
-2449
-5400
7067
1048
-3147
2190
7221
-6962
-9724
-3243
-2615
-2842
-9766
2646
4208
-5212
-6179
-5461
-3750
6132
-5161
-9394
3262
6386
6419
-3221
4806
-5562
5254
6025
-681
-7843
665
-707
3604
-3807
137
-8453
1626
2501
4356
-7489
1338
-6927
9524
9587
5991
-976
-6889
-828
-6802
-4047
-9290
-339
8704
-2413
-361
-7519
-4558
1385
-8967
-2097
-9820
8632
4217
-4183
3732
-8276
3830
-4038
-7174
-912
7558
7632
6050
-1926
-7750
-662
-3932
-644
-7738
6975
5684
-5002
-9239
-2644
-2873
-1459
-5007
7615
7759
-8396
-2422
4270
3408
7786
8070
1983
-9442
4885
-1891
-3201
-5848
6738
1860
5152
-4322
-2784
9520
2000
5635
62
4025
6933
-8003
-1604
-9862
5355
-209
652
6789
-2076
-8120
6308
4229
718
-6095
-6550
-6122
-2634
-10000
9814
3576
-5739
-6309
-1106
8060
87
6737
-742
-2896
2760
-2458
2369
-9053
-7371
8584
3922
6611
8081
-81
-5541
-319
2920
5067
6145
2485
22
4699
3229
-1636
2257
9784
-4372
4736
5746
-9682
7182
9737
7516
-9250
1120
8255
-2608
2168
-3980
5562
-6040
-7836
7215
-2759
2795
9465
4695
7373
9073
-1166
6544
6154
7
7978
-7014
7623
-7927
-9146
2123
-1786
5085
-7174
6014
-3445
8780
-1479
-6677
-4677
1100
2530
-9810
2613
8750
7069
9637
-5639
-6260
8735
-6016
-1490
-2359
-4735
980
-6301
1895
5400
-5707
5237
-81
-6137
-1052
-4857
-6246
-8914
4379
-6681
-2698
7871
8067
1730
-8447
3555
-9770
-4892
-57
-932
6474
-1691
1813
-5758
-469
-2304
-7230
8689
4943
7664
2832
8467
-9500
-4817
4278
8856
-6424
3237
2894
-7525
-7014
-3159
2285
6734
9086
7175
5184
4137
-1953
5032
-4459
-3495
8859
7480
1550
-6589
-8552
-4132
-1518
-5119
-2629
-626
589
-8960
-5773
-5788
-8387
5049
-3523
2924
-5944
7984
-2558
9678
8710
-2081
929
-2004
-977
-6154
-8563
-5392
-6057
8147
5454
4826
7295
-4363
3770
-2504
-1947
1105
5902
8942
-7404
5435
7947
4235
8536
3991
6817
-8767
3851
2669
-2273
5798
-554
-3174
4039
-8658
-7894
1457
-5902
-6265
-1887
-5912
9445
9175
2986
-5623
-7465
9483
-1740
-5225
-3898
-954
-1232
7608
925
932
9970
-1213
7813
168
-9349
7513
-3070
-4408
6523
-3466
-1654
-8497
-1655
7827
1912
-895
455
2805
8370
-7151
6915
7472
8827
9754
-3241
-9165
2057
-6752
-2841
3079
-4223
7098
-6417
-9281
9264
-4106
-1919
-5670
-9019
-2449
861
7810
2621
7778
-2665
-2040
7479
-1345
-987
8332
-8552
-9654
-5104
-7082
3808
4405
1817
3791
-7081
-8788
-3571
-17
-2811
-1831
-132
-8662
4372
9566
-538
-2388
-8628
-2316
-3445
-1486
2257
3042
-7893
-5385
537
-5982
5268
-932
-2273
2645
-4237
-1206
7152
-4740
-4214
5331
-6453
7496
-204
-9787
-8790
607
7085
-7001
1036
6022
-3240
4618
-7683
7568
6266
2769
-2528
4743
-7228
-1591
-8126
-4331
6725
-2886
-772
6661
-4079
-7410
-3054
-9421
-515
-3930
-6304
-682
1534
-2614
-1283
-6227
5189
-6069
-4298
-9161
-4634
264
585
3933
-9961
-1382
3971
9091
7254
7349
8375
6689
-7629
410
2477
1138
-1114
-2973
-9399
3216
6119
-5707
-7983
-8410
4320
-9835
-113
-2191
9497
6208
-5198
6263
-7876
-9818
1682
-6367
-6749
-1084
-3631
1864
6405
-6886
-4402
8169
9984
-3893
-2419
-1570
8934
6935
-856
640
288
-4467
-4094
-8670
7061
3541
-2117
4919
6587
7440
-1234
-5784
-8321
-7689
-1920
-7966
-8718
2709
-9445
-8806
-7984
-9250
-6501
-1622
8565
-8077
-8479
6472
3934
-2952
-5638
-5208
3969
-9158
-635
-4749
8432
-1030
-43
-8746
-6200
-8777
4453
7103
449
4811
282
9061
7172
-2289
-9408
-4723
-6725
2420
8538
6577
-2502
2783
-9216
3841
-4363
1430
-9605
9068
614
-6491
-8261
-2837
-9008
3814
-6506
-9340
-4837
-350
5466
751
-4088
399
-619
-5579
3138
-240
-5585
-6970
7316
8160
2936
-6555
-4626
-11
1003
8047
5517
1516
4531
-2299
-4740
9850
-7559
5324
-4208
2174
-4477
-2081
5641
-5748
-7789
-4124
-8097
2221
-255
8563
1583
1209
2527
-8315
-857
9751
-6068
-8672
6569
1258
9346
-9190
-6165
4412
6644
-2808
9265
54
-2803
-3109
7123
-6481
8415
-5883
5289
7259
6372
8370
-8678
-3202
-6384
-1675
7998
7522
-3133
-250
5855
-8669
6054
-223
-2050
4657
-4618
4634
-6977
-8439
6815
-6797
-8442
6952
9498
-1728
4441
-4389
-9459
-9995
6912
9414
-9276
2372
-4184
-1742
-1250
4494
2102
2586
4245
3109
2156
-4937
-5336
8644
6269
9408
-6033
5095
7751
-8202
623
-1620
7998
-2811
9560
6098
8922
7987
2430
-4466
4655
-5652
-108
9577
4931
-69
-3294
5331
-3832
-5002
8029
-7392
-9853
312
9543
3335
559
7280
8968
-8835
2758
1440
7301
-3042
8017
-3218
-9081
9387
6748
-1850
109
3452
3818
5944
7722
-1916
8304
-6282
-9877
-6204
5547
6426
-7574
7730
1169
-1161
-2419
5256
3965
1092
-2351
-9959
1978
-9329
-262
436
-7308
-7788
6250
3957
1837
1311
53
-4622
8547
3669
-102
5486
3732
-4061
-3493
8888
-7076
-3765
-1079
-585
4501
-7035
7218
-498
-5022
3567
-3808
-5558
201
-7264
1167
1661
-7607
4206
6483
-469
-7570
2014
-5694
3989
-373
-948
389
-9538
-5699
4535
-4067
759
4827
-8456
-1005
4918
-3389
7428
-2169
-1001
3458
-5408
6489
-6517
2680
7441
-2893
-6963
5389
-4747
-9870
8513
-9346
1733
-5254
6436
4973
-9939
4937
7874
-4592
1004
-2780
4617
-723
-6613
-7252
5192
1730
-4654
-5036
8571
2605
9021
-1052
2791
-7041
4305
-1686
1404
9011
-3550
8878
-5381
-6282
-9070
-7881
1640
-7070
-6632
7262
9021
-2951
4471
1770
-9702
-7803
9692
-5794
-7015
8428
-9926
-474
3009
321
4278
-9849
3467
-3776
-5646
882
-7752
9332
1685
-9738
-6065
-6589
2423
3330
-3258
5214
-4887
-6818
8998
-3357
5360
5633
-4129
7508
-5710
-5560
3695
1217
4921
6425
-3857
-416
376
4904
7846
8339
9780
-3335
5440
-2349
-6018
-1505
1932
-5042
-8889
-1191
6151
7
7646
-9142
-6045
2282
-96
6035
-5353
2739
5600
8236
390
-1069
3397
-6065
631
-6927
1426
-7211
3752
-1815
-3152
-6022
-4175
2905
5527
-1609
-1947
8601
7074
1188
2313
-4619
-8012
-5818
-3955
-7601
2454
5530
-8483
-4573
-6635
-7437
9785
-1275
5567
3697
-7729
7696
-6826
-1550
7973
1112
-1172
-5066
5340
267
-7015
3653
-4240
-1611
-9994
5753
3944
3945
4938
2053
9204
-3606
9953
-6111
-1056
9808
8308
-2761
8705
-9751
-3905
-7789
2691
-470
8815
6152
-109
4193
-3743
-235
9062
-5162
4392
5196
3259
1696
-1937
-2275
-9496
-2799
-1063
-4740
-3313
5923
-4857
2946
1755
5283
-1492
7136
8138
-1623
-2427
-3020
-8917
-6383
-204
1975
-9480
-2041
-4703
-6679
2127
-4287
-2428
5252
-4395
-6192
-8331
-9518
-2196
9655
4533
5556
7356
4551
-9087
-6509
-4475
310
1996
-4483
-9964
5274
-5239
7296
-2829
9361
-4105
5155
4305
9689
-3679
-949
-8647
341
-7879
328
-2910
5271
9458
-4036
8590
566
-6170
-8614
-9266
-5381
7325
7260
-2875
4252
-3407
-6560
5386
9969
8248
1535
6203
-9059
-6368
3732
9895
3000
4249
-9368
-3758
1199
4368
-1754
8690
536
-5718
1069
9846
5028
829
4155
8173
-9879
-614
-1345
7037
-4991
-3391
-7668
-3035
400
-6825
8761
-2744
3294
5988
-6573
-236
4575
-2149
-8378
-9492
7588
8304
7521
-4231
-2841
2198
9027
1146
6445
-1760
4508
-3941
-8870
-6845
-154
2837
-5672
-2413
-6874
-5389
5636
8690
-1839
3751
-7008
-6934
-1381
-3139
859
-3322
-9952
8027
3841
-7266
-2562
-1939
-7836
1271
-3328
-2300
-7991
259
-6796
-4993
3144
3882
9236
-5365
-858
4979
-1389
-1208
5215
-729
-4906
7176
-9684
-1255
-9617
6388
-7609
-9037
-608
8432
1673
-6227
-6161
3835
6292
3080
-2150
-9814
-5370
4958
2178
-6345
-1597
-7604
-5617
976
7430
8213
6967
-9018
1867
4295
-8840
-3023
9377
-3409
-528
-4864
-7535
-652
-3080
-5735
5440
-9732
2251
-2116
9791
2873
-3138
6212
-1194
6564
-4412
-2066
-6985
1160
-7856
3950
-9837
-5326
3948
9002
8701
-392
9545
6004
-5860
-4143
9785
-7542
6281
7950
9518
7185
-3084
-4507
7696
1145
2867
9343
-7244
-2328
-383
-1162
-4053
-2926
6142
7149
-3025
3011
6788
3268
587
-6567
6282
7966
511
9724
-5756
7980
4761
2249
6141
2149
1833
-2041
-7099
-4794
-3335
-5441
-4604
-9641
-5039
-7049
4520
5459
-5148
4003
4429
-1722
-4912
-5527
-3349
-7448
-8510
-3444
9404
-3969
-9310
-363
-4379
-2849
-3053
-293
8038
-3076
2062
-4183
-1544
8786
-442
-9161
-2793
-1408
-4942
-5636
2764
9104
9879
-6149
6846
-189
-9831
-2599
6184
7486
-4076
5348
32
4588
1691
-9627
-7410
-804
8586
7712
-1002
-4165
-745
-9223
9406
-9293
2228
7272
161
-755
4287
-6703
6234
-9917
-6949
3660
-9731
2827
-7530
505
-3144
1070
7354
-9146
2123
-5867
-3583
7830
-9731
9905
-2959
9052
-3126
-8369
5108
-1162
4427
-6343
-1861
4557
9655
-1106
3955
2123
-6683
2656
1828
-5637
3460
4428
-4256
-8859
-4845
4924
-7836
-7142
9316
-4769
-6744
5677
-8523
-7408
983
-2472
-7131
8464
8803
5446
8351
-9542
7914
-5429
4763
9609
-8982
-672
9751
2714
-9547
6840
9313
3681
3463
-7682
-9679
9080
-8099
3498
843
4179
2496
-3991
874
-6702
-9713
4295
165
7713
3316
-1787
-7503
9602
3580
-2666
5568
5278
-7123
-8274
4245
-2557
5082
7537
6807
-9340
5932
-992
-439
-2583
6005
-8916
-7662
4825
5861
-7782
7384
879
-3348
1397
-8561
3029
-5685
4685
-2687
-8841
-918
-3042
9575
4433
8955
2342
4396
-6494
-1493
-3981
-557
5663
-2987
-5657
7301
-7523
-5527
-3421
2906
9221
1632
5865
6463
-6831
-2069
-1652
1475
-5492
-2284
-5281
-3182
-2505
4148
9530
7991
-4497
-8570
-1530
-3148
-1843
-1623
-9956
9370
-871
-6301
-424
2599
6920
5256
1841
-9756
7677
-3739
-6590
-8804
1796
-5311
6060
3754
-8793
1318
-3895
-1937
9954
-7300
1980
-9063
-5806
6415
5939
3255
3903
-7655
-2420
-2685
-8868
5712
-3179
3574
9848
-6699
5368
-9275
-2795
7215
9245
7286
1229
-1356
5798
-7875
-3423
-6268
-9468
8472
6363
1680
8178
-5308
9446
-2300
2113
3088
-3
-3357
5833
-62
-8275
454
6032
-1764
5459
-9623
9129
-5318
-6803
-7688
-9526
-8645
9469
-87
-6433
1287
-5425
9486
3722
-8573
6015
2156
-1059
8514
1121
-3200
2995
2668
-3628
439
87
-3244
-7501
2574
-4150
7147
-7803
9123
18
-4260
-4003
5569
8560
-980
7032
-1211
279
-8017
2241
2010
-6681
-4561
8718
4901
-7670
-6715
-6857
-2160
-9339
-3178
-17
8608
8617
-1237
-8896
8899
-863
-2154
-9013
3457
-3484
-6198
9282
-1646
4961
-9658
-9560
-4890
-6629
360
6634
9261
-8372
-1571
-8978
-9645
-8422
-6537
-3172
-574
-2761
3482
7850
9258
-9797
-7562
-6593
-993
1736
-1407
8746
-353
-9491
-4892
-983
-6482
131
-5722
3683
-3014
-6012
-5644
1494
8409
4837
9737
7064
7962
5473
9057
4658
1079
4560
-2731
172
-149
-9817
1917
-189
-1607
-9160
9395
-4623
-7670
9193
-9340
-7277
1648
1618
-6985
9389
-4298
-4183
9099
-1219
-4277
-2275
-7971
-4728
369
3204
-3277
6416
4696
9413
-1697
4059
3056
-6283
5730
7977
-4155
2897
7934
-5453
4486
-211
4253
-3514
8948
312
-3655
9177
-9705
2079
6315
-465
-1693
-6229
2133
6846
-8211
141
116
-9194
1424
-339
1195
-6593
3059
3617
-969
-6941
-6402
7400
3540
7526
4962
1679
-1015
-6995
7262
-3410
-9094
6299
-1861
6161
-3916
1352
-4417
5573
9682
-3824
-8452
5535
-4257
-399
2297
4003
-5162
849
-1191
5302
-3737
6082
1160
1730
-9203
4443
-3004
-9634
3567
-6659
3085
3996
-9781
1480
1200
6277
9839
-7146
2110
4497
-5338
-927
-8883
6310
8019
5077
203
-9083
9324
522
-2139
4850
6756
4626
-938
-6206
-5088
-9800
9112
-6141
5495
-9318
3555
-9694
6280
9993
1448
3476
-907
337
5106
-2469
-8558
-7223
-1362
2853
-3998
6988
-6440
-1236
4565
5246
3060
-867
6282
6098
6221
4564
-8826
9023
-3553
3677
-5734
3152
-7724
-5932
-1063
-5410
-1040
4784
318
-9102
-4183
8143
-7487
-1013
1879
8792
-928
-6010
-6755
6508
-9690
182
1657
6211
6951
7295
4250
2722
7546
1426
3319
-3093
-7842
-7865
1935
-7919
-1050
-5996
-7175
4180
9616
3326
-5587
197
-7688
-9955
-371
2541
-994
6120
-8067
-466
3351
3425
3345
-2187
-9597
333
6982
4334
-8294
6332
-831
8032
184
-4272
6977
1401
-6343
7048
5926
-8751
6097
-5872
-2946
9918
9472
-1995
-5064
2472
-3629
-1355
7557
3909
-2294
528
-9460
3231
9800
8528
-6242
-1488
-549
-1298
-13
-7843
2600
9116
-7013
1643
-3712
-8095
-9349
-578
379
6747
1487
-4909
-1186
-5206
4852
-4999
-5643
-4396
14
-9990
-7325
-8326
-8709
8949
8290
463
-2138
-4982
-5737
-6342
8985
85
-6898
740
-4145
7373
-5839
-6776
1944
3193
-4227
4183
7414
-6792
-2519
8512
-9940
-2518
-5048
5250
5568
-9973
1552
3398
6983
9038
1244
-7205
-323
-3753
-8101
-6875
4748
-9316
8048
-8456
-8386
6255
-2794
-3809
9983
5731
5430
-4672
8745
8434
3652
5413
-1065
-7347
-6713
8453
-6820
8289
-2264
918
3505
8833
8519
9080
4836
1236
-7310
4973
-8820
8017
-3840
6948
-6618
8864
-5627
3855
4358
6337
1808
1649
-4185
-6427
-5635
1114
-7621
9569
-4903
5184
4775
1934
1387
6191
-3196
-3159
-339
3707
-889
-5590
-5616
6757
1233
-3970
-4527
-7397
3107
8813
3061
4894
7603
-8572
3047
8678
4254
7217
-6790
-9108
6551
-5798
-615
7413
9789
8663
-5896
-8822
-4855
1464
7201
4681
-9676
-3831
8096
-3688
-3887
-6722
-8311
-2918
-3254
9185
-8278
7067
-3821
3911
9526
-5315
6122
-829
-7468
2055
-7587
-4694
5306
-5310
-5824
6551
-5285
6040
9576
-3326
8366
-2841
8159
4582
8570
-1304
246
-5118
-6420
-4179
-9718
-8286
-1056
5202
-3522
-6412
-803
-5107
3803
8414
3920
-2964
-9808
-9273
9390
5227
-2880
-739
-31
-1329
-3265
2909
9033
-838
8275
-4658
-6391
9408
-8396
-6306
-1882
2585
6290
2355
-4497
7892
-8842
-9937
35
3557
-574
3974
-5031
-9515
8274
2282
-6102
-9265
8439
8986
9706
8319
8627
3298
-2425
9612
-9767
6286
-2089
7713
8839
-7713
-504
-2412
1108
-9338
4039
-5367
-4554
-7542
9235
4792
7752
-6017
735
4822
9775
-8841
4749
-7540
4337
6339
-2349
5904
-6960
2075
5535
1442
-4850
3662
5756
-3136
6523
-4913
-4164
-7186
-6149
6454
3431
6647
-950
-8347
-2575
-6031
-5997
4323
308
8867
-9427
8328
-7406
-2393
938
1670
-4485
3805
-7420
8092
6313
-3071
-7038
6189
-616
1820
-8081
6092
-8769
5413
-9429
-1244
-6780
-4133
116
-8432
-402
-9266
-282
-4863
-4392
7116
-6668
-7958
-106
3283
-6901
1219
-2398
2465
4748
9330
3897
-8130
-3041
-6352
6808
-10
7593
-8727
-9652
-1575
5693
-4174
-5464
-6914
5644
-9331
-3738
2377
-8833
1313
-5417
1021
18
-1240
-9165
3023
-4613
6632
5858
5164
-1569
-3242
3599
-3571
6996
742
5751
-2344
-6475
6420
-5770
663
-6022
-7008
1373
-3625
-6276
-6900
4166
-3330
-7245
-8643
-9666
6077
42
-6680
-3588
9766
6885
-7483
-9873
-9490
7131
8391
1010
-3315
-1906
-1730
-9837
-3344
5693
3431
6023
9282
2843
4168
-9461
-8462
-4326
-5576
-9408
6142
-8924
-3612
726
-2005
-4650
5130
6328
9481
1528
5849
-5411
291
-9035
-6037
-3753
5678
-6818
-8281
9563
-8918
-3567
-124
-2625
6509
981
985
-7133
-5269
-7667
-6733
8584
1807
-1878
4193
4938
5910
-8294
3400
4600
-7893
-3947
-6624
-7381
451
-4291
7249
1152
5311
-416
-1928
-9400
5458
-963
2610
-2833
8590
9492
375
1844
8672
-7705
2760
-5840
-72
2362
7661
-976
8638
-9402
4604
2123
8396
-4846
-259
1857
-8121
8688
2690
-6912
5371
8787
3366
615
6928
-6543
7940
5712
88
-4159
3118
5217
9647
-1206
-444
-1922
8382
-6855
-7362
4755
-5365
8428
1216
-5210
-9981
5263
1223
4497
7281
-5035
-3652
3347
-652
1413
3615
-4942
-1198
8962
-7087
4991
1487
9163
-393
4572
8725
-8148
4613
-6075
4210
-2751
9538
-2644
909
-929
2696
-248
-3566
8663
6599
-4910
6234
-6828
-9112
-7793
-3966
4161
2556
-807
2190
6871
-4262
-9634
1506
-7490
-7652
7705
-539
-7192
-2506
5796
1143
-8343
-1648
-4231
272
8269
2790
8272
8940
1936
-805
-7585
527
-42
-9731
4692
-9536
2455
-6523
-4800
-6931
-7088
9543
2594
-8240
1659
-7875
-8107
7789
-4985
5965
9856
958
7965
5022
4913
-1411
-4512
-2543
-5028
-626
-5349
-8728
6382
4793
32
-9449
-7232
7983
-5909
-3960
-5244
8303
-3818
-4455
3726
2741
2139
-3065
-1641
220
-1663
-5615
5254
2479
-5945
-2496
3326
-9625
3337
8017
-6417
9961
-2051
-7754
5585
4164
3740
992
-5085
828
-5440
9777
7880
-3357
3985
-5254
-5992
5930
-849
-3510
-5481
9564
-7912
1507
5925
4553
8608
5980
374
2160
-7096
-1964
1391
-4041
9518
-3822
4816
-4172
8946
-7889
3729
-8222
243
-8533
9219
8186
-5712
-711
-2650
-4913
-9177
-2948
1967
-1455
890
-5303
4111
466
-5831
5555
-4669
-9140
-2534
-8057
870
-8403
-7873
5432
-9205
-1058
4531
-1153
3371
1186
9420
4035
-1267
1711
-8264
-5627
-9030
-5141
-9080
3635
6203
-3678
8378
-3737
4467
-6787
-1299
7346
-1803
-9933
-8728
-346
-2938
7198
73
6017
691
1522
2296
-6874
6371
2484
4738
-5617
-5460
-276
4999
6494
-7722
3889
6643
796
6626
-885
-8128
1599
6037
-3058
3277
4973
1884
9964
-4654
7514
6795
-2001
-860
7143
-6898
-957
-6358
-8226
-7718
137
-8430
-8211
-7948
8905
-9641
8679
-1065
9530
-9139
-3988
9700
-3443
2266
9475
-2149
5807
-9252
3399
9942
-4256
-1216
3538
-6292
810
7812
-9882
5072
9170
-9715
4838
2331
-8386
1032
-8701
-873
1269
-8000
-6679
9128
2266
-2042
2886
7703
710
3182
6578
4371
-1511
-162
-2112
799
2841
-9143
7658
-6982
-5230
-1136
8786
5741
-5093
-1429
-8868
1146
-2376
4716
-937
-1001
8270
1354
-9642
3849
2365
-3082
4475
-3865
-8514
5942
9264
6778
8343
-8254
-3664
-9556
3629
-2095
2633
9707
4445
518
-2610
-548
-569
8980
-3388
-1271
761
-864
8070
-1911
1029
3556
1737
1815
4911
-6407
-1368
-1083
-662
-8946
-2938
-2875
3118
-3331
3147
5212
-5631
2262
-7257
6056
-7426
634
9646
-2119
6095
4105
4517
-7189
1655
-7693
-1299
-7884
5441
-3038
255
8506
-7161
9253
2463
-6538
-7705
-827
7717
9783
-1419
-3860
8587
-2143
4773
-3799
-6848
-3422
-5001
-8070
6132
-4320
-1457
5131
-611
7108
-8877
-1220
-2009
-1572
5968
-4436
-2328
-9906
4415
7304
-9801
-7231
9709
-9381
-5761
1919
-9666
-5775
5471
-9455
-1313
-128
6191
7014
1326
-7399
8456
-3941
1702
-5465
-9548
-7603
5056
5825
-9445
9875
5887
-5453
9385
-4832
-8967
8858
-8956
2793
6077
-8693
5412
8086
6391
1520
-2302
9488
-3949
9163
-2510
-3580
8859
-5407
-7490
4452
619
-7459
4404
-9287
-4325
-7624
2822
8274
4994
572
5973
-7261
3159
-3250
-8050
-1721
8124
-389
4132
-9490
7222
-9814
8646
-4736
-9558
-505
8778
2118
7807
-7041
-6567
-5198
5071
7160
4453
-5787
2338
-9672
-6895
-9451
7357
7289
-4258
-1207
7324
9793
-1225
1170
-6739
2063
2625
4670
9343
9193
-7064
4700
8124
351
4431
3506
-9972
8510
-4323
643
-2931
7343
9740
2461
-1793
2215
-9024
5875
2709
197
-8430
-9433
-4491
-2717
3538
-8355
-6161
2113
971
-7805
-946
-2102
7261
-4750
555
369
-7189
5229
-7136
-3047
7113
6157
8580
-2641
-3041
3349
3118
-5547
3325
2689
4920
9481
-2201
4199
-4843
-3485
-3305
3035
1740
-1382
-9842
4415
-6041
3951
5949
1503
-7977
1
514
6139
6092
-3452
-7712
-6781
-7129
-5275
3917
4904
-1554
-1862
7199
4899
-3510
4449
-9727
-9149
7754
7433
8644
8029
9349
-2835
-4615
5255
-1331
-3321
7656
-5918
4329
-2078
-6532
-9841
-690
297
-9064
4143
-581
6187
-1367
9025
9207
3489
-5946
-9119
3292
3781
2191
8203
-7975
-1709
1456
9638
-9753
-8046
-200
5690
-6316
-9554
-8333
-8163
4277
-3901
-6079
7114
-1073
4890
-6236
-1564
6092
-8840
5163
7889
-3779
-9386
-4674
2531
4669
-8822
-4509
7272
-6910
4110
8852
-1393
-1239
4559
9469
-667
1958
1877
388
7222
7638
7923
178
-9477
-7888
-6395
-3123
2537
2081
5397
6323
-6915
1250
626
7280
-9666
-1703
-7313
-4035
-2444
-1090
7105
3629
-3855
3103
8320
1266
-6391
-3058
543
-7443
9320
-6243
5065
-5245
-6337
-9930
366
-4074
6903
-4496
962
1379
2676
9848
-5675
6071
-6292
-6796
-931
-8896
-9621
9736
-1769
7679
7002
-5181
1388
9
-3685
-9044
1135
-1956
4644
8655
-6538
2779
-8084
7047
-9682
190
655
-363
-826
-2890
-2026
5074
-6434
-6895
-116
-9570
-4215
-1835
6168
-8642
-3921
932
-890
3584
3794
-4273
-1533
-3762
9810
4311
379
2743
-6636
-858
-1064
6755
-6897
-801
-841
-4694
8224
-9126
4744
8560
-9719
3550
5195
-2449
2489
1694
-9218
-4671
-2118
-1231
559
5852
3140
1873
-2015
-7836
4015
-9886
-5562
-1238
-1716
-95
8099
-1367
1040
6394
3408
5725
4595
3597
-3073
-8643
9494
5280
-2649
9404
-5484
5895
-8187
7588
-6959
202
3809
3086
7312
8619
-2589
6391
-7618
-5932
9212
6822
-4860
-6809
-3600
2043
-6468
8265
9187
6017
7358
3666
8956
-6005
5897
2489
-3242
2440
5349
-2974
-6636
-8274
2005
-8163
-8857
6505
9092
5203
-2055
-2129
7803
-9570
2599
9027
5780
-1132
-9390
1654
-2106
3617
-1047
2288
5828
4289
-4810
-3286
5686
6379
7579
-103
-9676
-9458
5757
728
-6829
-1622
-3767
3051
-8411
-271
3941
-4115
-5889
3518
5055
4059
-2912
-8094
4930
-3568
1853
8235
-9256
-6253
1939
4985
2858
-1129
-5064
-2035
918
-8731
-2032
9562
9326
-8984
-1200
-6055
8838
8292
7746
6858
-7195
1022
4933
-5984
7198
-2333
-4046
2083
4858
6767
5929
-6032
-468
-293
-2461
5994
5945
-2708
-8641
-9979
546
895
-2263
1167
784
-1109
-5861
-1543
-1474
-7817
839
915
-4868
-9027
6675
6615
4548
9308
5442
5294
-8617
-9252
-9181
5845
734
-5574
-6517
4789
8546
3586
3911
4504
472
-4370
-7779
-515
-8390
-6877
-9349
-2830
1037
2219
2074
9785
-4769
1478
6478
459
-5121
4070
3705
-6773
1508
-3151
1781
-4641
-8794
2005
-2163
5634
3998
-1882
-9650
3138
-2148
3371
7363
-2775
6323
6984
-2220
5516
306
2855
3716
-6075
-7862
8492
751
-4062
5358
-9262
2465
2878
6073
6915
-2179
-9964
-6572
-5031
-7449
-3372
3049
3308
-8352
-8263
-5997
-5516
2295
9221
5428
-2433
6467
-242
-9020
-8164
-3654
-4876
9289
3163
-3688
-4038
-1944
2464
3620
-3035
-9947
1325
1414
-1354
8675
-3257
-84
9846
3707
890
7316
7971
7106
8621
-3114
-2648
6124
610
3991
-8493
8387
-377
2052
-5007
-3322
7108
-5886
25
-2801
-3343
7965
9894
-4984
5028
-2716
5358
7239
-3289
-4668
7710
6970
-7148
3913
-5856
-1543
4214
-9865
7902
4374
-7315
2756
-2546
970
2674
5073
-9585
-5397
-8701
-7672
-8689
4730
-4374
-1208
-7688
7141
-1847
-5792
-3649
-9319
1417
8492
6949
-5949
-691
-644
7066
8205
-2298
6012
1015
-5124
-1245
-5019
3873
1462
-6898
-1945
-8817
9670
9239
-8757
-9265
5903
-3159
-5806
-5082
7606
4886
217
-5632
7328
5581
8889
-580
-8995
9161
-3730
955
-8522
-1331
-9055
-3129
6339
-908
6264
-5464
-8509
-9663
-6894
-9369
1449
-5279
709
-1761
-8018
-8569
-6050
6604
-8695
188
-4449
2165
3177
8053
-9923
5632
9432
730
6701
-7726
7970
-8286
9955
4969
-7447
-3334
9109
4614
7146
-5726
-6846
6368
-290
8919
2752
9647
6624
-9270
8208
-3803
