11580
-1653
4928
2564
-444
-8462
8458
-1768
8757
6077
-542
3358
5887
-7081
1795
6497
7313
8128
-8802
6109
-2166
-852
-5211
-2362
-185
2247
4663
-2690
4821
-4220
-1414
-96
-9134
-4770
1282
4907
-3180
3954
5572
6865
9163
9936
6445
-7499
9892
-1770
5366
-7105
6361
-219
-2374
-2603
-1507
-3622
3130
-8433
-9586
9562
-1065
-1733
-7289
-8958
2422
-6182
6165
6940
6897
-6412
3886
-3889
9879
-6226
2607
-1741
9424
-8607
8942
-8601
5848
-9139
1755
-5956
-1901
8121
-4434
3015
9568
-8913
538
-7090
-2915
7914
-5451
-7272
3948
4792
-9135
-315
-4194
-7459
-8349
6938
-7968
1720
-3052
3438
1331
-6747
3392
-8781
437
8355
9499
5380
-2412
9936
3273
175
-3580
-9909
932
8641
-8957
4859
-7953
7374
4490
2885
313
691
223
-8043
8915
-9204
7013
-7513
5990
6376
7616
8971
-1516
265
-6676
4178
-4877
-8709
6984
-5630
5373
6990
9816
2893
-1774
-371
7717
-2738
7718
-3554
9919
-8379
4309
8531
-1488
-8854
3369
4826
-8315
-816
5450
6285
-66
6595
-9866
-2259
-7262
-7122
1904
-1875
7747
-218
2141
-2084
2816
-3853
-6021
315
-593
-7406
6647
-4768
-9756
9722
8988
-1309
7036
313
1508
-1838
4292
7176
2106
-8403
-4874
2604
-3929
2071
3741
-7059
-8046
-5132
-8721
-466
-5805
-3486
2496
3887
-9995
9351
-6881
5878
9119
7630
-8020
7570
-7824
-3966
-8223
-7072
7119
-2498
-437
7095
145
-6192
-533
-8000
-7269
-7714
8574
-8542
2233
-9916
5300
-203
-6191
4207
9977
-6950
-8534
6163
5888
9079
-4271
-1887
-2236
6531
3894
6575
-7834
9652
35
-6606
-5266
-8208
8098
1856
-1344
-7042
6435
5057
9514
-662
-5371
6414
-4225
6374
-3661
335
3099
-2975
-609
-1132
6204
1970
8700
-3503
-1895
6186
1408
-4959
7225
-3662
-2677
9221
-640
1179
3291
-5268
9746
8092
282
-6715
8511
-7263
1229
8021
6181
-1519
9708
-2111
-6985
3673
5822
-8151
4560
-7425
-91
1754
-432
-8253
-9381
-7340
-4894
6387
9268
-5234
-599
4378
-9379
-2743
8141
2248
7270
1656
1211
-8044
3880
-7818
3481
-5928
1600
-8259
-5964
-2125
4399
7998
3058
-3264
-3026
9811
1290
7229
-6233
4024
3259
-4490
-8800
-7581
6193
-51
3687
7689
-6913
8309
6667
21
-4603
-9581
9912
9001
-4680
9006
-3147
5517
4916
-278
1045
3721
9749
1933
4
-9444
-1040
1488
-4408
-1519
-8272
4003
1864
-6569
-8931
3905
3061
3318
5608
-6223
-6545
7449
411
-4014
-8540
8803
-725
8053
2050
-705
9704
873
-2400
-7803
3087
6961
4678
-7278
865
-9882
-7980
1051
5096
6577
-3483
-9221
4833
-9902
3974
-3082
-4786
2455
9288
3952
-2627
-4096
-4954
3011
790
63
-2789
4941
5500
777
3583
4092
-2470
1172
-8480
4076
-6764
270
-6355
4945
-8535
-5808
6473
9209
5734
-4484
1435
-8987
9784
2323
9572
7131
5335
-2031
-2795
-7965
5085
-5010
3112
2356
-414
6510
6382
1844
9866
9029
6969
-6114
-6580
-5685
459
761
5325
-3213
-8045
-172
-8256
6233
-1001
622
-9329
2894
-2091
-7650
9580
-6318
-42
482
-2956
7810
8585
-7815
-7460
9021
-1439
6057
-3478
-3165
8184
2226
-6928
9554
-1849
-9519
-2692
9008
-5536
547
-6408
-7485
2909
-3884
-7588
8541
-9890
8137
-8154
6123
-9777
931
-8453
-9832
-3747
-5677
-6265
-1241
7492
3109
5624
-2269
1918
6128
-4472
9656
1391
2335
9543
7111
-3093
4019
3568
-4053
9333
-9121
2771
762
7766
-8021
5439
-6145
1331
-4734
110
6534
-761
9897
-5281
3889
-2021
-4140
-5890
-5216
-5910
1426
-1116
99
7861
4799
2111
-7145
-6194
-9159
-5932
1686
7035
6724
6954
-7392
6596
1017
9622
-6273
-1397
-8796
-4208
-7645
8681
-3173
-575
-5894
8578
-9933
-3493
-7168
-4652
-8219
1889
8742
-4064
3162
1272
-4524
8352
6532
7002
-1714
-1856
-337
4959
1082
6152
2007
-1641
2683
4247
7379
8068
6476
712
-2222
2372
4192
4660
-7221
3414
415
-4170
-9705
-9283
1519
-5992
-8063
5596
-8637
-745
9795
-7771
-1864
-5508
3571
-7523
201
7577
4262
5546
-4912
1085
-4384
3
-8807
2068
6095
9933
5162
3518
-1797
6127
-3926
-580
2739
-3367
-4195
5556
-9573
7742
4926
7033
9632
259
-5871
-3359
-7496
324
4582
-3339
6321
9222
-3945
4087
-2505
-27
3234
-9143
-908
-6405
-8393
8018
-8850
5670
4745
-706
9349
-4949
8861
86
174
-7870
207
7426
-7212
7398
-4328
-3700
8618
-3503
-8347
7159
4445
4081
8774
-8368
-5317
4474
-2575
-1352
5407
9113
2049
-8588
1638
4582
-8426
2319
2285
-2482
-526
9488
-5914
-3018
647
1694
-9874
6858
-7684
9925
1785
7502
-4287
-3586
9989
5923
-9738
-3733
-6339
1995
9593
2163
-3984
3163
549
8569
-2614
7884
-6856
1169
-3801
21
7031
5998
7254
2653
8198
-5158
7138
395
9950
4531
-58
141
-1003
8747
7658
-7614
-925
1346
8305
-9295
5160
-3202
9277
-1474
1216
2359
4002
7236
8922
9313
3763
6881
7612
2980
-2039
8425
9592
5877
4741
-6192
-2145
5530
8220
8135
-1218
-8320
-1962
-5919
-9712
-9504
-552
-4500
-6208
-4237
3180
-6192
-8339
989
2572
6867
98
-1860
3307
-6494
6637
6698
-4020
5986
-4117
-6603
2732
5470
2775
-8090
-9349
7104
1185
7776
782
-2573
-6709
-5043
-1341
4827
7229
1721
9332
-107
-4112
8436
-9167
-8048
-2592
4779
158
-6216
-8574
719
9537
96
4719
-6674
5460
2551
3278
6159
6467
9822
4752
5783
-7157
-7827
6468
-8033
-5327
-9294
7648
3151
-7863
8122
1352
108
-1106
-3218
-5322
-5379
-9725
-4281
-6539
-7122
-7635
-7340
-2784
-6914
-1121
4
-3350
-5819
4297
-3954
7022
-7436
2325
-9834
-2027
-5264
-6338
-1112
1032
-1689
-9498
2589
9169
-5035
-430
1777
-126
7418
3512
-4716
266
9075
-1309
-920
-6442
2199
-6132
4189
-9397
-7702
-6561
-8919
-7302
2979
6931
6644
-7221
-4119
9060
-5676
-3964
-3016
-6464
1684
9505
9682
-5590
5446
-3447
-834
-121
-7542
-3618
-14
8789
-3130
619
8845
-5124
9134
8255
-1342
1448
-8241
5655
854
-8352
4390
-3312
-6185
-5553
3036
-7832
2058
-3648
-3896
-5881
-9388
7939
-1539
-5942
5875
2510
1416
6958
4149
-3876
4680
9555
3776
5729
-2296
3234
6093
3301
1816
2507
3443
-1375
-5118
-5421
9291
523
-9786
-2851
-9618
3381
-5039
-2401
5017
8796
-3695
1995
4907
-4175
-9316
-3997
-5039
4580
2576
-5225
3670
8283
-6325
3419
-4098
-5124
-1896
7960
-2802
-513
8661
3264
-5039
-2544
-7268
-1176
8571
293
-7212
-7573
1441
-4156
300
4837
-3131
4229
9330
9101
1694
7808
-3267
4335
-7278
8735
-22
473
-6215
-3223
-8998
3840
1178
1284
9521
-6089
-8365
8848
-1246
2742
-9533
8549
-1972
300
3034
-924
8269
-5565
-1452
-8388
7805
5198
-5861
3072
-6500
8517
7862
2358
8776
7328
6921
7307
5209
1498
2764
6359
-6006
1111
-5227
-9032
-8877
-9220
6781
4933
490
7369
-9277
-6885
-3843
8653
2336
-3702
-8620
1771
2327
1195
8874
-5562
-1444
6726
-6466
-9834
-1507
4711
-268
-2589
-1097
9135
4032
-2371
-601
3301
-605
498
-1736
8609
4649
763
-8475
-7421
-9210
-2257
-9875
-7665
4830
-9794
-8904
9595
-592
1821
3627
5582
-1249
-6976
7150
6985
1498
8097
3156
3243
-4406
2841
6820
6825
-8717
-2361
9461
-54
-3079
8486
4349
2655
-6443
2354
808
-4267
-7983
1825
6011
-2189
3796
1409
5366
-595
1363
-8725
5668
2432
-3650
-3865
9268
-8829
9573
868
-3536
-1907
9779
7446
6858
4015
-200
1420
6181
-4931
8378
-5260
4752
-9232
-4827
-4540
560
3629
-7412
-4036
-5913
2183
4053
-9739
9469
-4548
-4188
1412
-4975
-7316
3215
4652
3541
6181
5383
7760
8120
3845
-625
8888
5222
-8191
-5249
4926
-1766
-6750
2468
7253
5222
1977
-2666
-4518
7595
-4669
-6667
6976
876
1081
-1992
5722
-5841
-8027
-3055
-5292
8720
-8407
-7018
8075
-7482
-3793
-4123
575
-7909
1915
5841
-1992
-1950
-3398
-4828
3819
-8125
-439
3192
-6652
-1136
9247
-8602
-6971
-4955
5938
6637
-6034
-8610
-3829
6361
9420
-5582
-6135
633
-4585
430
4773
1298
-5404
5178
6604
-3162
7350
715
-1110
-4221
-2324
-9884
4602
-3028
-5733
5140
5557
-3200
4372
4535
-7315
-3911
3108
7963
3509
5043
-8392
8109
1879
-5707
4492
8578
-3038
2979
827
-1208
-9128
-3256
-6191
5649
-1046
-8115
-7999
4950
-1506
-7554
2211
-2360
1344
-2286
2403
-8977
-2109
-4953
-7653
-1341
1054
6635
6058
726
-3627
-731
963
173
7980
-6709
-4208
5602
-4952
-7477
1946
-1865
-7692
-6004
1876
41
4154
8190
-5330
1558
-292
6034
-6590
5266
-7326
829
1002
-8517
7115
6022
-2063
-713
5673
-6803
-1312
3712
-9763
-4553
-9542
-2681
8476
9764
4968
-8762
-5140
8566
-4692
5345
-9126
2643
1479
280
8071
4176
-5733
-3876
-5759
1805
5033
8100
3591
5305
8824
-1352
6080
-2513
8737
-8868
-5464
-310
-4655
7694
822
8412
-7379
6083
830
1080
-9637
1657
2228
7342
7791
-8619
7410
-3602
-6665
-1323
1613
-9137
-7949
-2971
-5062
8201
5769
6628
-4566
-3457
7830
-8552
4119
-6326
6155
-6858
781
8236
1846
5894
6825
-4108
659
-1683
7140
-7413
3155
5084
9597
3957
8236
1606
-5163
4332
-6387
6498
-2185
-5486
6439
-3769
-9425
-8957
2463
-7697
-9003
-8408
-9037
9328
-7605
-2494
-6156
-3846
-2711
-68
6964
-6549
-5193
-62
8696
-3490
-8116
8597
-8040
6306
-5207
2969
5993
848
-6330
-1096
-3934
-7472
-7970
7081
725
4615
-1242
-2019
-2277
-1769
4322
4626
-9451
-2144
8587
-785
-869
8384
-1786
9710
-9113
-9601
7894
-1513
-3874
-1306
9715
-8767
86
6332
-534
9091
9795
-8999
7841
-3173
-2502
-8187
102
5131
-4981
1892
-9694
-9828
-7802
8085
-4382
978
121
-6934
-7046
-3400
-7317
-7264
-3101
-4663
-4897
2312
8090
-7401
13
-3044
-7297
5329
629
887
-5910
-2901
-4356
1563
-9878
4591
6356
8335
7453
5478
-4000
-7520
-6691
2708
4226
-6933
4696
7667
-7630
7654
-3311
5781
-2564
5989
-6863
-8100
426
-1415
-5193
6853
-3854
250
-455
1637
-7752
-3232
692
5779
-9386
9962
-2356
9499
396
-6608
-9253
384
-5141
-8801
5078
3729
-10000
2885
3715
3979
2757
183
2423
-1940
-4164
2764
970
-9902
9756
2742
6902
7216
-3232
3863
10000
-5319
-7341
975
2676
2205
8027
2334
-2601
5995
4726
2219
8074
-5076
1043
-9941
7064
-8439
-9168
-2060
-1037
-7610
2879
-1311
2666
-2557
-1899
-1786
-8367
-7624
5227
9604
8529
8925
2365
2644
3894
941
-6998
5947
8461
560
4280
8769
-8689
-9731
-151
1447
7966
6168
2056
623
-6342
6950
-6771
-3884
-8660
-2480
-2590
-3171
-5661
-9197
-5742
-7738
1284
-8501
-3911
6877
4580
9837
771
-5887
-1862
-3552
-3536
-6781
-4660
-2101
5362
-6276
-9315
-1351
4390
5595
222
-523
-900
-5368
7290
5577
-3601
7043
-1890
9227
-566
-2516
608
2293
5139
-609
-9940
-1534
1190
9575
7643
-9418
2995
8998
-5007
6569
-2360
-3732
-3062
-688
4478
5960
4774
-9494
112
9310
2829
3651
-7278
-5817
-9049
-1336
1477
-8310
-1699
-1505
-8892
-1971
-6675
-7186
-8093
-1139
8436
-7437
-1787
-8725
7153
-9293
-4789
-449
2860
3117
6811
-7483
-6590
9074
2750
215
6834
9086
-5408
-3338
-3204
1745
4726
-6968
-7996
9651
4583
7876
-9919
-8000
5064
6783
6753
3149
-4325
-3562
-1240
-8679
-4719
-1940
9656
9542
-9475
-4736
-8460
-1594
-2595
4439
9795
586
-6303
-3699
-622
5571
-3443
2477
8529
-6603
-251
6723
-9800
-3907
2756
-3689
6982
-750
-1758
-4755
-9768
-7919
-2771
-1541
-2115
5919
-9869
9923
1353
3868
-8373
-7094
-2730
3344
1902
-5190
-6192
-8097
-230
716
-5007
4459
-2737
-9183
-835
-8241
6763
-5186
9282
-9136
-5297
5303
8344
2045
-9407
-3000
8601
5360
9592
-6421
1755
-8632
-1446
990
-7043
-9750
7047
1894
-5223
5143
742
2213
-9211
-1779
-6237
-5806
-6896
107
9035
6235
5162
1484
-3942
-8741
5492
-9649
-8174
-6495
2203
-1008
-7967
-5644
1274
-5798
2907
-8942
7951
-2843
2304
1714
-5359
-2856
1764
-8101
-1345
5178
-2625
9604
-3373
6034
9301
-4620
-4191
-5937
6668
8138
-7391
6111
-1837
-9685
6204
-2970
-1476
-4326
9756
-7664
3684
970
6764
3931
6179
-7708
9722
4214
351
-9881
-9009
-7912
-9722
-6863
-8276
9468
-4943
2274
1369
7242
7789
-2357
-7568
8854
-6983
2640
-7183
7946
-8886
7953
2482
-2945
-7158
-1641
7225
-9045
7403
7475
41
3622
8952
-2023
-6978
694
-2629
9344
7352
-4464
1407
-2325
-1744
40
7090
5350
9496
5879
-3598
-8693
-9954
7287
9751
-7703
3176
6841
6240
8748
7301
8259
-2403
1070
-4862
540
-2785
2787
7732
6257
-6836
-3515
-2959
-9823
-6409
-7286
8555
3855
-918
736
6166
-6577
2520
-482
4897
-2801
-6596
5726
6629
4676
-3291
-8175
-1102
3258
8308
9387
7220
183
6395
-6865
-5866
9552
5074
-8449
9333
-7100
5991
-525
8211
-4301
-7932
7480
6276
-2448
1043
-110
2748
4813
-8953
4447
1024
-8240
1267
-565
-352
-6800
-550
-5653
5906
-5869
-1621
7331
-2537
-399
9137
-8465
8260
5689
9824
-566
9689
645
-271
4080
-5364
-7527
-7351
1199
-3100
4853
-4164
-5823
-697
5679
-4708
-5212
7170
-9636
-2327
1633
-4609
-8668
5955
8178
-3162
-2115
-5224
1474
-5628
-4353
-3480
-6570
231
-855
-2138
-6271
89
3951
-8144
9022
5070
-7248
7144
3712
-6932
-2375
7706
3425
-7037
-3351
663
-419
-901
2735
-4283
4844
8620
1928
-4649
2135
698
-6295
-9881
239
-470
-3075
-5774
-5218
5850
958
9409
6731
1953
3842
7505
6990
5985
-7118
8114
9101
2188
9229
8871
-4554
3847
8481
-2446
4832
1935
1935
7994
-4344
5173
5972
5693
5562
-353
-5847
8286
-159
-9707
7537
-3907
8834
3925
4929
-8188
1316
3993
-2706
9062
1608
-7562
-1226
-357
-5550
-2994
6540
7196
797
9362
-8872
7675
-6123
-4087
-2117
5310
8214
872
-433
-4344
9224
6217
-5587
-4801
-8570
-3008
-4156
5125
3019
3113
-3427
9486
-1469
1927
-287
-9554
-3400
-9748
1397
-763
-9829
4016
4
8418
-7125
1455
9523
-6533
-5504
-6883
-2446
1151
7076
5278
-1250
4475
-7391
-1559
-2473
3584
9425
-6649
7606
1791
-2451
9427
7530
-3550
6450
-7934
-4179
2734
-3175
-4072
-1749
-4073
8121
4243
-87
-1695
4596
-6249
-395
-2165
151
-4812
-5924
-5223
4141
6871
5296
-594
-174
3510
-4781
2671
4920
-7462
-8845
-4753
7581
-5928
-8523
-679
-4105
4013
-4251
-4168
1249
-5306
72
8681
8854
7282
9804
-1552
9183
-6676
-6010
538
9868
7496
8304
-3477
-6586
-3332
3908
-6777
-6147
6152
996
9856
-6992
-8242
-48
4211
-9647
589
5043
9283
6335
-5033
-310
3525
3787
8204
9605
1485
7673
-9675
6451
-4896
4623
-3980
-9426
-3119
-8403
1648
-2022
-9588
-7016
5629
-7100
-9734
-6458
-6979
6306
7610
6843
7250
5844
8598
2514
-8073
-99
9542
5479
-1160
3063
6663
2139
-1837
2119
8697
7614
7907
-703
4794
-432
2962
2946
9844
3983
4886
-9386
-6460
5234
1007
-7147
-1359
3051
2901
-7667
6354
-8661
-543
-4187
-616
3361
4531
9605
-461
6376
-866
4185
-9251
6670
3539
-8885
2421
-9520
-8967
-6717
-9668
-1426
-1602
770
-5031
8691
-8077
877
-3259
1873
8341
9676
3050
857
8047
-3661
-145
-4368
3793
185
-6654
-4685
-6558
-415
-750
-2095
-6322
8365
-2446
-2508
5551
9043
-4455
-9043
4346
1139
9126
-9793
7569
97
-9823
8549
8174
5964
-9647
-1522
1814
2418
-2726
-4
-8510
-2509
-7285
-1198
9502
3358
-8579
8077
1668
3446
-9643
7813
-7055
-6910
4956
-8471
9590
238
-580
-1411
-8924
-355
5434
-4412
5499
5056
-1759
-7268
-7528
9904
3948
-7033
127
3678
7872
-9771
-4828
-2989
-9594
516
9104
6079
-300
6368
-7421
-1348
8749
-2316
-9103
7806
-544
2921
7517
4606
8966
-4497
-2222
4271
-9275
7898
-6603
8404
6717
-8077
-5404
-2042
-1293
7500
-146
-1321
-3554
-9435
8701
-8005
3739
-6751
-4336
6390
1872
1844
-8991
3051
1113
-2636
6907
-8412
-2306
-4701
-3607
9067
4431
8406
8231
-3163
6489
-6615
-4702
-1188
-1346
-4430
-8022
-2568
3035
6192
2639
9900
5844
5264
-5161
-7101
-8404
6634
4436
6245
-777
4029
-9445
5227
4938
162
-4697
2887
-2843
5168
1323
6249
4015
1533
1105
-6460
-3389
-6658
5085
-5084
-8480
-5418
5999
-7960
-1566
6942
7738
2429
-5095
-3618
9522
7044
4451
-4724
-3355
4553
8820
-1074
2754
-3773
-1980
4704
2645
-8833
-5745
4368
-4355
-4758
8625
8226
9989
151
-6180
-5114
415
-34
-648
3629
6775
9754
8827
-4692
8484
-2978
9880
-3212
-1688
-9067
-2420
-6148
-5498
-4420
-5776
-1631
-5317
8517
-6616
2596
3827
-2629
-9425
9248
-4127
-2013
-1864
4321
-1291
7949
-6741
-4543
7770
-503
3154
-924
-8461
8606
-9875
-7956
-3732
-9439
1852
-4297
3580
3794
4978
798
-8389
8845
6514
-8928
-9534
532
8412
8067
-2929
8336
-1922
-9314
9421
5265
-2754
-2577
6338
-873
8347
9132
9242
-3506
-3072
-581
-3604
1334
6159
7300
3474
-3322
5312
6889
-9166
-9502
9560
3933
-568
9452
7279
8378
8744
8645
9450
8761
2253
64
8936
-821
1725
1603
7134
-6408
7
-4872
5460
-1080
8
-231
3307
-768
-4621
253
-6507
51
1860
7110
-5050
-2862
-688
-4730
-8166
7147
-5322
810
2204
7199
1507
-5075
-5281
-8291
-6151
4063
-3843
6069
6379
-9164
8152
-8587
-4891
-3521
9879
5157
6030
-430
-4586
-9235
-9307
5107
-3695
6381
-5762
2898
-4223
-6573
-8164
9334
-4091
9303
8906
-3247
4113
-2245
3684
5275
5454
3722
7693
212
4254
5604
-5134
-6389
-2353
-3307
-9596
5106
3029
-4472
-6054
3935
-5120
-8771
-5704
-4248
9397
3108
9855
-591
9596
-2292
-853
3345
6103
-3778
-5880
-1315
-1201
-5786
6844
-3990
330
2468
817
-3008
9359
8059
2121
4767
3264
-9550
-9754
-4076
-9085
-671
-487
6242
7324
-7566
-3470
9231
8279
-9321
3645
-5467
848
-7917
-3499
8640
5777
5289
6227
-4353
-1366
4711
-3348
-8007
9545
-1281
-2493
9487
7014
-1187
2172
-6110
-6125
-59
5909
-3103
-6096
-9747
3416
-1546
-2886
-3778
5819
5094
-6998
3431
-2160
-8978
8020
3772
6380
8770
2191
971
-8492
-4974
-6506
2523
7876
-824
5192
-4955
9401
7733
-2322
-1689
-7237
-470
-1013
-2853
-4993
5103
4605
1579
761
-3081
3404
-6891
8211
3071
-3477
-5201
5764
-8855
-7211
9451
-1010
-7052
-4593
2705
7836
7517
-5979
-8323
8178
-2264
-6861
1411
-1448
2376
9833
-2573
-3176
-9537
4732
-1191
1381
-5185
-658
-8748
418
-6533
7816
3882
-3812
-1344
9135
8306
3261
3274
2035
2521
-1596
-819
6523
-42
-4050
4627
-8253
-1262
-7715
-5754
-4543
5636
-7531
6057
-7473
-2290
-7321
8529
5265
-2411
-5145
9599
-743
5234
-4876
9044
-8304
-6079
-8480
-6073
-7961
-3055
-839
-6212
-5662
-9778
-4526
9219
2695
-3644
-3859
1340
8511
-1524
364
1064
341
6246
4553
4620
-4744
-3558
-9008
-1938
-1218
3850
9203
-7596
-594
-933
5649
8402
6251
2604
-3221
-1801
5682
3985
-7900
6669
2633
4975
-1433
3566
5897
9213
6466
-7562
2454
-6179
7419
-5294
5630
-7180
3378
-1589
2660
-5845
6011
-3356
6148
-7999
-9312
8574
3402
6875
-4162
8655
6734
-7958
-8677
-1248
-3108
3961
-8132
-6218
-1055
-5266
2170
-5920
6179
8297
-9525
-2081
-2951
8538
847
-1566
9540
-1465
5440
6554
5740
8194
-8634
-9188
-725
9882
-2270
-8872
804
-8268
-6160
-3356
-6316
320
-9683
-7360
9142
-3721
-2663
6613
5135
-2045
-6479
8789
6816
4318
-7480
-2143
-9988
146
-7175
1595
9310
2907
-7892
-1284
-7376
1334
1894
6808
-6392
-7384
8859
-6010
-135
783
3082
1222
5812
-8880
2717
-9021
8323
2231
1599
3322
-8458
349
-7736
4453
1638
-5100
5891
-4339
4474
9967
-8873
-9953
5180
8472
2996
-3706
-423
3122
-4077
6939
-4634
1909
4038
-1406
1609
-2176
-5483
-425
9454
-8486
-8300
-4949
-7061
-7859
-1234
-9292
8556
7655
6252
5360
-1988
-3813
7356
-935
361
-5662
747
4816
6183
-6177
-8578
-1752
1063
4918
1321
5352
5990
1183
9800
-1517
-8367
1996
-3284
-7107
2540
-2266
-5583
-330
-8869
-3227
4381
5535
5573
-1709
-5093
-3920
-1412
172
7835
-3440
7047
5190
-3890
7132
7171
-7910
-2343
6011
5108
4809
-1982
4379
-7875
2939
-9528
-3787
-2472
5847
9787
4582
-4541
1621
-3368
9520
8228
4652
-7819
-2379
2928
-7094
-4623
4417
-4641
2150
4611
3094
-735
7914
-4018
2486
-4783
3101
5497
-237
980
-6722
-6370
-2624
-9189
729
7953
580
-2270
5434
6759
5637
7027
1114
7263
-840
5737
-8961
9801
7126
-6911
1197
-3837
1056
3452
-7411
5758
1575
6244
7833
4820
-919
5163
-69
-7288
9757
-367
-1535
9951
-9278
8934
1725
8841
5553
499
9063
4771
850
-5000
-3632
-8121
9141
726
-2841
8653
2292
-7305
9096
6725
3977
-1136
-37
7972
-1514
-9994
-7514
4592
-6090
1212
-5579
-3832
-2287
-2525
2930
-6252
-4366
-7749
-8863
-1590
8259
4756
1702
5265
7591
-558
-3716
-2654
-1577
9252
-9264
7488
-6176
8922
7109
4470
4735
-3130
4690
6096
9877
-8698
5349
541
-2166
-4312
4356
4626
6190
3754
4823
-8430
6909
6415
9929
4038
6457
-4965
1414
-1282
-5164
-7964
5195
-5012
2392
-7342
-1087
8039
5157
-7099
-6720
-9518
7957
9636
-7478
-4194
-8772
577
7701
5598
-5883
-104
3706
-9768
-746
9687
-5401
-279
4087
1769
2854
-4889
-2357
-4519
-4538
9312
-9197
8328
-5446
-7818
-9028
2344
-2741
4894
-1727
6725
-6823
6734
-6659
-4267
-7317
-2015
-5077
-1871
3458
-2609
-9936
-1446
9248
9054
6606
-4960
-4896
-6261
3176
619
4127
-1842
9558
-3619
814
649
9452
-7620
-8548
-1229
2434
-3703
2457
-9405
6369
8981
4772
5548
8836
9725
2975
4856
376
-9427
1264
-9518
9240
-1668
-9237
923
248
6475
-681
4099
-785
2269
2507
9321
-7747
1706
-1242
2120
-4552
-3714
764
-5831
-2613
-2563
7598
-5215
-9818
-6879
-697
-5387
-7334
-9778
-1375
2463
-3649
-3909
-4791
-3320
1595
-338
-1115
-3956
4616
-9227
-6239
5032
-6063
-7783
6286
928
357
4971
4499
-6296
9168
3036
-6045
9110
583
9126
1596
9687
9795
4017
-4349
-1661
-9957
5401
-9842
6642
6631
9680
-7924
-1192
-9524
-2576
-6479
-6330
-7825
-2685
4499
8343
-2886
2544
-7284
-6449
1668
-5383
-7909
-9046
-9567
9792
3485
-5311
1728
-5077
4051
-7276
-8089
-1525
2057
-8374
-3574
3027
9142
5344
4351
7778
-5332
1515
285
1695
8444
-4857
-4453
5596
7903
6512
3306
-9929
7701
2279
-4793
2597
9787
6695
526
-7913
-983
-9249
-4667
-5050
3712
-4758
-7263
1618
-8955
9231
-8019
-3483
2980
-1474
-4275
6292
908
-8613
2881
481
6522
-833
-8238
9154
9898
-6961
-8290
41
-9816
400
7799
-7681
-1757
797
-168
5006
-9886
-767
-8578
8317
-2255
-8980
2705
-6075
4287
2286
-1536
8956
5450
-6065
-6984
4121
1710
-644
3083
6248
-9752
-6411
4857
9616
2469
-8768
2035
-7343
2293
3363
594
8443
8697
3499
6600
-4808
546
-6447
-5551
-9088
-5298
-9237
-3360
4030
-1416
3875
-4999
-8157
-8267
-1339
9106
6998
-2149
2201
-2899
-2129
-7560
-6676
-8660
6598
8565
-3053
5456
-7431
2710
9478
-6092
8592
-7966
6488
7009
-788
-2167
5188
-6033
-1831
9492
3695
1408
7555
-8563
-295
8612
8508
7883
-6334
4071
2933
2704
4423
6780
-1543
4850
-7314
-8276
-8178
1455
7049
5410
2531
7038
3391
-3305
7543
5205
4974
-8263
-3823
-9588
-4284
-855
-2641
-1548
8497
-1428
2125
-1258
-8530
9784
5269
2100
6379
-1360
2576
-1812
-6051
-1599
3082
3169
-9795
-1230
4134
-9474
8945
6135
4525
-5677
-8669
7814
-8093
7785
-9251
7774
-4119
-6569
7626
-7291
5823
7418
954
9766
-7177
-4260
7046
2137
579
-8341
3098
-848
-2525
-1007
-278
-2063
-2960
-9454
-8377
-3531
4617
711
4831
7628
4051
-7262
-5925
-2418
1950
-8358
5596
6864
-8139
-9147
-1833
-6721
4229
-6011
-323
-8217
-5207
1820
-1171
-4615
5714
6652
-4692
-4091
-6972
403
-9406
-8283
2516
-9811
-7187
-1953
-2270
-1329
6059
-1220
3436
2253
-8649
6054
3065
-3246
-3141
6973
2928
-1692
-5377
3998
4883
3588
6366
6258
1879
7871
-7318
6941
-2111
4873
8815
-2053
554
-9914
-1319
-6426
1888
-9603
793
4150
3208
5232
9198
1224
-9427
-2630
-6715
5134
5481
-9741
1361
2891
-3898
1939
-3728
-8062
5040
6703
-7722
7170
-443
4672
-5839
-9360
-3284
7493
-5843
7308
9845
2340
-9552
-8463
7730
-9887
-2876
2493
8659
-8213
-1901
7333
-5730
6227
-6840
4607
4260
-5887
-3913
2477
-8008
-5740
-9637
5969
-4485
3449
-5797
8357
7376
-3584
-4387
-118
-8123
-8856
-4876
1123
-9529
161
-6472
-6148
-9275
-8021
3584
739
-781
-1886
1946
1708
-3544
5691
3132
1865
-825
3020
-796
-4495
-3277
7672
-5960
-6658
-8335
-4201
8031
-6510
7834
-5369
-5326
7986
9023
-4630
-203
-7269
0
6034
-4811
-9479
5928
-2512
-467
-8554
3334
-1596
-9986
1483
2685
9945
-4234
-7861
5922
6477
-8440
-803
4745
4840
281
-3570
4388
-9839
8217
-9684
-8842
7786
3508
5420
-898
-4898
9368
-4897
-9781
2305
3054
4680
-9214
4171
-5245
-9215
6643
9232
-1400
968
-728
5283
2448
6371
1227
4209
-3944
2118
-8506
4844
4914
-9646
-6624
1417
-6663
620
-4724
7180
4792
-4863
9029
219
-7750
3555
3140
-505
-7727
9417
-9459
9531
-3422
-8858
3794
-1583
-37
6639
9733
-9513
-5342
-568
4443
9810
-5853
-1346
-8082
-2429
-5009
-5987
-7693
-2960
-1146
1454
4930
619
-5505
-7768
5238
587
-7142
-3407
-2150
9639
-7552
-1238
378
9189
-5024
-926
1386
-9759
-3214
122
6733
238
2530
8446
9631
-4809
8559
7708
-1884
-6829
-6776
8649
-3374
2694
-5354
6372
-1546
2771
1061
5503
-8116
-3519
592
3663
6185
-5413
-706
-6327
8534
5168
1875
886
-9643
7874
67
1617
7715
9783
8930
4334
-2945
-7328
3381
-9426
-8436
-4789
8782
7519
-347
489
-4703
1409
-8519
-3921
942
-798
3367
-2178
5439
-9968
-31
9119
8507
6015
-145
-8576
4939
4496
-1846
3327
-202
-349
7258
9423
9300
-6237
-5656
4586
5659
351
9996
1425
3332
5326
-6543
-8896
-2325
-6410
5521
-8914
-8924
-4188
3125
-6233
-9785
-4289
7209
7899
-2529
9385
6982
7937
3078
-3151
9295
-9553
-4956
7194
7303
7343
-8232
-6467
-3877
5887
9148
-8686
2732
4099
-9286
7277
-4987
6663
5359
-8447
-2285
5128
8951
608
-9151
1043
-3544
-8025
-5869
9061
2596
8335
6278
2082
1321
5007
-3269
2635
-9290
2327
-9049
-3599
7649
4308
-1518
-3784
-3326
2815
7362
-8510
-2630
-7682
5472
-1114
-2600
-8582
2688
690
9046
-2580
-3599
9509
-3404
-523
9856
6910
-9777
7963
6336
-3801
-2410
-4536
-5628
-6242
3438
5629
3433
-8550
4909
-1043
9831
7785
-9714
6146
7123
6235
-1238
-5232
9887
-3859
6637
-7713
-4253
9412
-6700
5532
996
-7660
2541
-3286
9628
-1511
-4301
-3514
-5857
9266
3773
9083
7614
5786
5767
9166
-2198
-5844
497
7003
5
-6658
7858
-5934
-3102
-1901
-1704
247
9115
-8728
-8421
1970
-8704
-8807
-4461
7699
-7961
-2304
7647
8568
-4826
2004
3631
5847
8919
4027
-7522
1594
-2058
-2200
-5138
-6914
-8424
-2263
2405
-1830
6121
-8911
1230
5705
-6601
-4512
8274
-9234
3346
-3658
4110
-6582
808
4222
6078
-3021
8000
9643
7027
1128
1799
-7366
6750
-2754
-7002
-4332
2740
1780
-9777
4527
-5224
-204
-7436
-5760
-9138
-6771
6990
2970
-5525
-1471
9634
6303
-399
5881
1488
4061
-6237
-1644
-795
-6492
-2028
5269
4978
-4054
-9351
4756
-8255
7720
7790
9384
6148
-6201
-5066
5608
7035
-8886
-5740
-5661
8037
9392
-14
-1649
-6787
9671
3899
-8565
-9340
2647
4794
-7365
4965
-1053
-5155
9126
-1101
-4690
6922
-5097
-369
7635
2048
-8528
5210
768
9838
7647
-3127
-3768
3493
2236
-7439
9802
3931
-6980
947
4945
8394
5610
4396
-3765
-7411
3587
-4826
-565
-7735
8428
-9629
-6362
-8760
7246
6680
1213
-1906
4787
-4096
4960
-8740
4749
-9595
-8457
487
6763
-2363
-3891
-1054
-6754
-4995
-4242
-2167
-2541
2587
-8366
-600
-1936
-3603
-2131
-3077
8777
5040
-1125
-5837
-7648
-9345
5464
3862
2136
-4031
6646
5211
-7573
5942
7619
3734
4681
6692
-5093
-9126
1178
961
3094
2836
-3830
6248
7568
6729
-5273
-6897
4252
7246
-7952
4545
7253
-6005
-1926
-3176
8088
-1532
4452
7758
2538
-4669
-5207
-333
-6254
-3199
-8192
3589
-4377
3217
-1133
7592
2497
5482
-5732
-343
-2593
-6025
-3656
5741
-5162
-8564
-543
-2638
5053
1199
5385
6181
-2736
-3020
-5603
3798
8174
6940
5727
-2770
1370
-9388
3745
-4015
-8842
-3342
4977
-4887
4858
-1441
4928
-1918
897
1141
-2251
4710
5479
-2602
7614
5044
-8068
9424
6542
-7168
-7048
-5312
8802
-9686
-4159
3027
2538
6192
28
-4164
-7039
2672
-1676
6351
-5488
-4484
1491
4233
-9028
9316
-9420
2693
-7596
6162
189
-9459
7500
638
-4022
7050
-9019
-2186
-2777
3875
-2095
8880
3006
-3417
-583
7937
1324
7886
8598
-4311
-3657
-7679
-1467
-988
-7533
-8032
5033
-6261
4466
6581
4894
6541
-8325
-5968
7815
8705
7574
7977
-1603
-1484
-8105
-18
-8832
-7747
-8097
-9225
3291
8184
7493
6378
-5788
1169
-9820
-7477
-1566
4503
-5797
9064
5791
-3107
3451
7861
-2814
8812
-9459
8797
7972
-9694
-6156
8242
-9399
-8598
-6528
-6917
8710
7119
308
-7069
-4525
-6580
9047
-3518
-2007
913
3232
-4566
5317
9109
-7044
-2556
-5849
-129
-7505
-3009
-8662
7323
9491
-1460
5479
-7326
6711
9529
-3302
-3750
-3560
-7511
1437
-1717
4180
7768
-3038
-4476
-5668
-2664
4651
-6607
-4306
3384
2792
1358
3053
5179
3078
9203
-3528
7651
6355
-4792
1301
5616
-8505
-4146
-2452
7457
7168
4404
7854
1949
3912
1528
-9918
5884
-1575
9486
1391
-5882
6151
-7014
-3185
8288
-6192
184
-874
-2850
-6676
-8172
-154
-1228
6781
7121
-3879
4497
1430
8789
8224
3739
9827
5416
-9460
-2224
3505
-380
5357
-1424
7
7703
-9323
2011
-3167
4594
-2234
-4188
-9485
-1337
-5412
8763
-4354
4912
-2984
-3422
8568
-7090
-8835
-3980
-8205
-887
5147
-989
-3817
-328
3692
-5247
9508
-6259
1095
-3666
-2201
-4842
4979
9218
9707
-7455
9576
-3641
1830
-2772
-8000
1138
-8323
-30
8377
-5698
-4119
-5523
2031
8471
-3425
-1617
5563
6481
6902
-6397
-5937
-6641
-4096
6057
6596
-9886
-8968
3777
4191
6788
2962
4354
2555
-2771
6582
-7076
-5306
1123
5425
-2748
7479
-9624
7410
7155
1706
3219
7290
6852
-3331
8289
8571
4677
-6864
-4655
8489
8595
8071
-4996
-6049
5302
6411
2471
5501
3948
5955
7979
7915
-1779
8458
-7817
9824
-2297
-5175
-7104
-7186
-3896
-7092
6919
-1124
7819
6337
-4016
4074
7072
4195
-2987
4078
-9036
-7315
-6014
-2084
6915
9110
-9980
-8791
6805
120
-9425
1668
-5547
8801
5650
-9585
2549
-4606
5433
6622
-3335
7847
583
9181
6053
-9078
4951
-5483
-5100
937
6141
-49
5509
8454
4733
-197
-9150
4308
-7874
6051
7886
7038
-768
-1040
972
-5651
-9856
672
-5038
-2039
-4710
4954
-952
5736
-9560
-9562
7218
-5686
-35
8008
-8022
8495
-7494
-4305
1621
-1390
6299
-7483
-4755
-3934
-440
-1396
704
-2974
8875
6204
-5383
7571
1594
5177
3477
-9830
-6597
-829
959
-2102
-2335
7716
-4070
-2461
-385
8135
-7570
7288
5808
-1766
-488
-3666
6974
-6582
8505
-5509
-1906
-3505
-6366
8708
-1969
-4047
7568
1192
-6793
-276
-9343
9065
-7450
4148
-5357
-190
2515
9542
-7573
6605
7908
5899
-5222
-8478
-9049
8010
9735
-9746
-2905
8068
9101
1723
9737
8587
3021
-3996
-9068
211
244
-1698
4102
472
6895
8434
8078
-3013
2994
-7839
-1952
-4716
4568
9485
-5776
-8399
-600
-7044
-307
-60
96
9760
-8654
3333
-3469
5245
-708
8018
1004
1127
2640
2563
-9654
2133
-1684
3191
-9635
-5779
-9141
5488
-3145
2720
4167
-670
-1164
-8205
-9992
-6326
-7260
7198
380
6214
6315
9817
-5471
9212
-7819
8974
-5975
5523
6328
-7606
-2469
-6053
668
-5136
8019
6324
2936
-4842
-3057
2381
3754
-4345
-8285
4617
-2182
6544
-9743
764
-8885
2084
-983
3050
3701
-3486
-7240
-4626
3283
-1071
-7925
7456
-7624
-4635
4137
9130
-9533
3899
972
-1376
4916
5
-1424
1912
-1543
-4399
-8970
3479
2148
-8212
-3428
4265
2552
2579
7523
-1341
-167
2839
-6654
-5029
-8228
5808
3476
-9673
1193
5972
204
5703
2265
-7669
-782
9887
-4645
5625
7504
9620
-7578
460
9177
-17
-1007
3329
-2912
-6133
1920
1042
-4910
5264
4467
-7454
4213
4768
4717
6629
7492
-975
1985
2982
4919
-4276
9465
1840
8755
-2343
-5051
3088
-1939
8086
-717
9043
-4220
-6698
9724
9233
-757
-7696
8947
6793
-9746
3973
-7582
-3972
-6311
-18
9701
-203
-981
-2605
-3538
-2040
-528
-7361
2828
5639
3402
3811
-2775
-9880
5875
-6224
-8564
-1404
-5288
-5378
-1701
-3757
-8866
2383
-2083
8804
8409
5350
-3140
-7033
5529
-5913
6616
4136
-2602
-8223
6693
-6564
-9151
9578
4904
-3245
-6643
5826
68
3342
2886
5296
2082
3326
-5065
-9271
-6386
-9152
3094
1498
1661
-8317
9849
-5327
1357
1320
-3151
2981
6124
-5336
6042
-6704
7184
-2013
5472
6108
8264
4543
-5802
-6092
4868
8755
4734
-1688
-695
8743
6611
-2741
-826
-2875
-588
1236
-84
-5264
8296
4496
-7790
-7507
3967
-2088
8015
6774
-3441
3751
-1874
-4520
7392
-6972
6684
-3072
3427
-4246
9620
-4130
-3941
411
-9502
-7900
1543
5082
-5039
-5257
-388
-8644
9941
8013
8963
-7037
3220
-8928
-3649
-655
6023
-3703
8307
7194
-3320
-7818
4558
549
6834
-8906
9220
8279
4697
-4033
-7079
-2400
1891
3636
-6579
-5715
-7459
-6979
7065
-7080
-7631
9228
7243
-6096
5943
-4116
2795
651
6454
-7139
5664
2598
1303
-914
4569
9812
-4504
-2657
-2655
-9318
-7568
7715
-2989
9308
3080
-5508
-6006
7340
-9599
-8959
1760
-6612
-7968
1494
-8521
-558
-7391
9134
-6995
-4301
4929
-9175
-9334
5483
1604
-1667
5287
-3658
7499
8455
2923
-6143
-4144
989
9907
7027
9195
5489
-4962
-3617
-8860
5790
900
-8838
-9284
-4563
6590
1626
8524
-5651
-3615
2330
7899
3752
-1236
6349
4002
9970
4596
-9476
-8639
-3654
-9844
9164
-5370
1043
6079
-4494
4501
-3480
3724
-3183
3617
9744
4912
-8785
8347
-9082
-9851
9000
-5496
6999
3793
6
-4377
7590
-5914
2165
-3194
5229
7945
-9072
-2599
-3880
-6803
-808
3268
-6133
-7602
8449
-7032
4607
6097
9500
9174
7410
6560
7670
4000
-7145
-6297
3473
-6601
-5866
-6323
4102
-6595
-1238
-6868
9647
-25
-7533
-1813
1989
-6255
9326
-8933
-3240
-2217
9378
3094
-2715
-7696
3070
-9803
8875
-4069
2524
-2079
-9293
7652
-4123
-9635
6914
7559
7419
-1361
-2953
3225
4774
-6125
-2297
-3467
158
-4092
-5943
-1692
503
8337
8761
-2137
-8001
266
934
-2250
-7608
-3990
-922
-9711
-700
-629
-5182
8318
-8115
-111
-4719
-4117
2232
5332
8151
3584
-6914
6624
-7010
3649
7503
5208
2065
6410
-8241
-2237
3486
5610
9009
-7179
1924
2971
2922
-5114
1082
4994
4112
-5061
8067
-431
-425
7046
-1983
-2092
3676
-2927
1430
-1190
9789
-3574
6747
-295
-5297
3180
5199
9364
7588
8513
140
-8539
-642
-7728
-8316
7837
-3253
6880
-2277
-5457
4181
-3411
-1087
-2679
716
9160
3859
-703
-1606
4429
6659
-2337
7257
3308
2845
4116
-3272
-193
2784
-5032
6598
3410
-6485
-2240
9926
8228
4634
633
4749
-3772
3122
-2796
933
1711
-9310
8512
-1170
-9717
7200
6684
8896
-8497
-9875
6066
3548
-46
-538
7045
1965
5077
4078
8355
5143
230
-4410
9308
-1397
7097
1024
-4573
1271
645
2772
642
7059
4388
-952
-7804
-5742
8911
-9808
7060
3167
2659
1948
-1499
-3412
5955
-3910
8702
2932
-6226
-2350
2399
-5149
-9164
1546
-7824
9909
1196
9881
-9294
-257
4135
-5729
4603
5733
9029
5202
-4573
-2170
5934
5263
-6760
5727
-6189
-4197
-6614
5054
-9316
6300
-2828
4841
8581
-9372
-2168
919
-2514
-625
7161
-5770
6150
2080
-7355
2202
2047
7959
-8428
-5756
2128
-2315
6343
4078
-7956
5365
8589
-6439
-4091
508
-205
-8540
550
-888
1381
-5603
5490
-3039
3831
8589
4974
499
-186
5741
-2886
760
4752
-4845
-9710
-5235
6862
5479
-4538
-5209
1731
-7255
3379
-7397
-5308
-3610
6402
6563
-7812
-507
-1576
-422
-4092
6039
2273
-4982
-494
-6240
-3585
-3982
8338
-3334
5136
-2194
6784
-6482
-2441
6566
-5989
3403
2743
-8958
-4615
7401
-6821
9938
-6745
-9881
5849
-9628
8944
8145
-9187
5688
-5569
1884
476
4983
7887
-7328
2936
3058
-8535
-1280
-6305
9678
-1379
5725
-268
-1612
2525
8847
9269
-4535
8558
-7711
9948
-6010
-4439
-4926
-5186
-7564
31
8523
9741
-7752
2100
-8937
-1907
-6711
6762
6530
3715
-7572
-5789
-7142
-1328
2581
-8998
5411
9835
-6517
-2901
-7722
4491
3705
5202
555
-2683
8343
2736
2279
-9752
-8511
-9063
-8817
-3404
8479
1531
9015
98
6377
-8802
5222
6501
2362
-8437
-5781
-544
1627
5739
7401
-3065
8176
7713
-3139
5761
439
-1226
-7928
6389
3707
-8930
-5894
5844
-6504
-8781
6123
1186
8025
2540
-78
1391
-3195
4230
-4663
4930
3977
2891
3538
1785
-1669
-9342
-6246
925
-9439
5935
-6703
4588
416
3717
1377
4794
4953
5598
-6703
-154
-724
9830
9250
-9871
-3138
9477
9992
-5630
5734
-7378
-1184
-452
-5235
-5087
2185
7178
1172
9002
-8669
1358
6675
-4432
-1881
9516
-2344
929
2849
-4590
6732
2067
3888
-4094
8509
3129
-9396
9159
6042
4199
6627
9877
6252
-5839
14
-4305
3251
-4859
7642
312
-5857
6002
-8722
2176
8722
6647
7828
-4954
1173
-2532
7785
-9851
-6974
-4344
-1034
1849
-6484
3072
-8794
2786
7565
9084
6941
395
-3644
-4340
-5903
-7574
1425
77
1845
6452
-3656
7881
1577
-4324
-351
6372
-9994
-9389
7819
146
7216
-8162
5123
5851
8192
2577
4666
-3563
1758
1341
-5990
-1643
-5294
-2706
-6640
-5568
3123
-194
-5774
1253
1935
5283
6397
1797
-9985
3454
5339
9986
-5370
4230
-9701
5959
8805
-5528
7855
8793
7925
4694
7202
-5002
3452
-121
-791
-6611
9984
-7696
9993
2206
4508
-5389
7567
-821
3989
1888
1761
9257
6434
-9093
4082
8449
2263
8823
-9963
-5424
-3197
-9551
-4266
581
8805
-2396
-4340
-264
-61
3248
-516
1142
2120
-5123
-9450
7624
-6418
-2101
5111
6368
5652
9762
1950
-5638
-2260
2263
-7835
4819
7072
2453
9063
-2589
-2581
-4821
8386
8591
-1015
-8489
-5845
7454
-1771
-6027
-1893
-8887
6118
-3698
2378
6974
-2069
-3187
-4134
-9922
-2680
-7147
5111
2248
1626
-712
2283
2525
2867
-7438
-6282
3249
-6544
8897
1825
-8098
-3799
-5570
2215
5230
769
-1613
-6984
6930
7548
6781
4921
-1112
-3798
-1971
-9631
329
-1512
-2687
9521
9943
-2567
-6811
4441
-609
2628
2380
-3254
-7324
-3345
4319
9808
6000
3611
-2799
-262
4688
4036
-6287
-1800
3114
8379
-7452
8898
3031
-8267
-5582
4064
681
-6781
9280
1169
6972
-3438
2577
2864
7380
6380
5612
2355
2707
4864
-5985
7953
-4889
4673
6349
4712
5896
-2599
-4428
6781
7069
137
-1065
7679
-5357
-1924
3451
-4002
-4553
-9296
-112
-8812
-970
7069
-7230
6123
2370
2637
1585
-5240
-6917
4883
156
6477
3276
-9632
3293
6625
-1839
761
-7328
-2540
-2552
-9745
-7470
6773
-5152
-9348
-4017
8619
6814
-3609
-1130
8231
-4367
-1099
-78
5646
-3108
8281
-149
2770
3955
-7441
-9169
-6270
-2611
3367
-530
8077
663
3983
6232
-9093
-5439
6664
5597
3615
8142
-9494
-5159
-9464
-7050
7687
-5973
-23
5068
-5162
4630
8161
-1785
3009
5401
-1560
-4765
7485
-7053
4195
1950
5368
-6658
3325
-9384
-8345
-508
-2454
8464
-2315
-4473
9546
-7361
7395
9010
4547
-9942
-7121
3842
-7402
4877
-9515
1670
-4759
7252
-8058
4757
4552
1134
-687
-907
-9326
8572
72
1374
2158
-1269
4648
-9363
7850
-343
4314
1042
-396
4993
-4445
354
-7406
-921
-973
6398
2717
-788
-8549
-9913
1958
522
-3229
2725
7743
5324
-5866
-9463
-2130
2183
-3952
-3261
-638
7189
1757
8543
-5577
-5296
-2424
-1673
-8235
-398
7384
-179
-3493
-6299
2701
-3411
-1252
145
-2717
3109
-2266
4541
-9504
-5042
5144
-6657
-1402
-8388
-3261
4958
-3415
-1581
2026
1986
479
-9182
-7042
-5085
-3655
-9898
8338
7583
5313
4676
-2653
-49
-2214
8938
-7782
4765
343
1103
-1585
2675
8575
-3485
2522
9304
6343
1238
-7389
-8843
789
293
-4312
9927
2600
-1855
-2108
-4060
7687
115
3691
4213
-487
-614
-6063
-9123
-3203
-4365
-107
8617
5348
756
-6668
-648
-5007
8293
4411
-8981
-425
-2250
8500
2816
-6104
4960
-9958
-2279
-9219
-1963
-4916
9601
-1986
-3476
4450
7151
-7367
-1481
8557
8165
-4715
-9878
-7210
8782
2020
5636
-3587
3435
-9513
-9103
6377
1994
-9417
8183
-4833
9897
-1827
-8313
-6459
-8634
1251
-858
-6953
3399
-6368
-4679
-2457
1083
3389
5061
-7456
-5300
6455
4571
-1797
4248
9775
-9216
-1934
1038
-6145
836
-6386
-1265
4029
-4237
-8887
-9214
-995
6873
9377
-8709
2404
9590
-7672
-1290
5094
-1568
5599
-5211
6988
8904
-8220
4567
2567
-5186
-4723
9199
3173
5261
7290
3003
-341
8234
12
7044
1499
-1871
8205
5114
-6079
2504
-7930
3364
-4969
8136
-5584
7149
7772
2391
-7388
3881
-8322
7357
8271
-1325
-8586
-8653
-6735
5307
2590
-3320
-1295
9042
7500
-5484
5309
4146
-6601
-149
8364
-7041
5540
8782
5479
9550
6067
-4953
5535
-4449
-3414
-1915
-9540
-7309
-4407
6150
-1501
-6902
-5374
494
1087
441
-1904
2949
1133
-5802
-7277
1384
-8062
2679
2896
4139
7937
-4518
3423
7628
-9307
8461
9850
-7824
-5553
73
-325
4963
-8499
-3702
2799
83
-5577
-8860
6272
-2618
-5912
-3792
3686
-4818
9107
3085
-7481
-7001
3346
-3216
1334
-9148
-8008
-5558
-6653
-7174
7714
2314
1294
3689
-7564
6836
-8865
-1338
-9251
-7376
3274
-1177
203
-9563
7887
5592
-1464
-6420
931
963
-1677
6039
-1006
6326
-5079
3255
5840
8808
6742
4248
-1925
5573
-3165
-3318
-2997
9881
2611
8950
-5304
3677
-64
-2992
2192
-7281
2476
-4083
-4430
7700
3526
-8321
-2051
3601
8429
6598
5277
-6760
185
6077
-4211
7894
674
9128
-2742
-8932
8258
-9145
-8607
250
5780
-7754
-3259
9029
5763
7340
-2885
-9825
9426
-5489
-3784
-5411
-6370
2187
-5271
-3770
-4789
3777
6384
4848
-2469
6454
-6595
6104
-2275
605
-9814
9386
4996
3155
-8689
-6840
-6841
-3352
-3747
5195
1681
-6517
-1627
-9590
-3967
-4831
447
-781
-3931
9990
79
-1576
-4656
-7071
-9361
-7514
-4998
7528
-2718
-8142
-7539
5305
6552
-3428
-9271
-8805
-1403
4581
-8521
-7490
-5718
-4911
-9896
6361
8768
5239
-6881
-410
-3663
-7835
5830
-8183
4280
5021
4323
1152
542
3897
-579
-2517
-4463
748
3285
5756
9363
-4043
7167
493
-4104
-4859
3444
1772
6822
4335
9198
4459
8099
-1288
-976
5933
-6726
4492
3062
4931
-7176
2504
8168
-5612
1474
-5507
-3158
-3718
-8829
5671
9301
-992
-1714
-2403
-2683
-5183
2425
7097
359
-5159
7219
-4592
-680
2448
-9486
-7620
7753
-9680
845
-2676
-4321
-4226
7839
-3853
-9730
-3394
8805
5629
4719
3392
5739
-3372
-4161
-9453
-2408
-382
-2071
-7836
9939
2443
5571
-3853
2433
-2466
1519
8275
-2514
-4381
-9679
8609
-4245
175
7412
972
-8479
9900
9935
-9835
8533
-3098
5399
-2202
5453
-15
-6154
-8356
8592
-8690
-3599
379
-6605
-2742
-3467
-6017
-5473
1823
3052
-3782
3805
-6322
-5793
9708
-3275
-5756
-3898
-5391
4946
363
-4821
-9864
-505
3084
9706
-9793
-4923
-9137
-7750
-4184
8714
-9894
-1683
-7697
-6280
-8464
4101
-5551
-5363
-4864
9959
8410
8342
9261
7420
-737
-7781
-2826
7539
3768
9739
8326
525
8227
-7721
-1351
-2004
-1676
-9808
1427
-6296
9790
-4258
1574
-3791
-2971
-4166
8136
-7156
489
-421
-6444
-9172
-1762
7774
3246
-2280
-7836
5045
-3978
-2506
8850
9329
-126
5380
-3533
9765
-4569
-6983
-1544
44
-5760
-2891
6025
-1211
-4845
742
6674
4663
-2066
-2359
-7983
833
-162
8929
2682
-1367
-6424
-7171
9458
2375
8341
3244
-7540
8905
-8773
-8546
3491
5415
-1479
-9704
-8644
-6142
9664
9897
1022
5395
-4502
-8742
-5612
4719
-5300
5228
7133
1045
-1568
6960
5067
8148
1039
-8309
-7346
1401
4460
-4292
4688
8312
-9636
178
-8932
1307
-8316
-4086
-1191
1474
-949
-5489
8692
1451
-5814
5335
-3157
8006
7714
-649
-5566
-8121
-3447
-72
9923
-7473
-4717
-146
3311
3864
-5345
-2135
-839
6500
9373
8357
5078
4085
6886
4299
-1310
-8142
1022
-4437
-478
6822
-6883
-8210
-1656
-8942
2005
-2596
-7622
7178
-6674
-7769
-8087
1851
-3326
-5151
2375
-7174
-3034
2995
-4347
-7906
-8399
-5407
8529
693
-918
9530
3103
2887
1387
-6191
-7380
3505
-7540
-1035
-3696
-2739
1233
2084
-2275
9334
-3847
317
-1758
9980
282
7475
-7521
-1057
-1636
7443
-2
-949
-7861
5619
-3108
6737
-6735
-666
6696
-7525
-3928
-6295
-9868
-4837
-7958
3081
7792
-2498
8460
-1902
-6071
-346
5389
3667
-5307
411
6667
7014
7190
-363
-296
1050
-46
-6074
-5381
3094
-6010
8109
7767
-7815
-6966
-6929
6838
-323
7520
2950
4222
-2780
-2304
4376
3874
9395
-494
-2281
-6197
2984
5316
8127
-5420
3389
3514
7651
-6004
-8229
3668
-2206
-2739
7153
-128
-1310
5588
3145
-8748
-7647
-5195
7723
-4516
-167
-4215
6629
-9426
6365
-745
5494
681
8725
7593
-333
1868
6360
8103
-8385
-7907
-4653
5292
1953
-6042
9546
9809
7604
3867
8186
3673
-1393
-448
8286
9156
8720
-7546
7941
-5230
-9254
-4924
687
2644
-4312
-3818
-9347
5877
3304
7774
-9275
5384
2167
3996
2245
1788
3297
2631
3373
3466
-7628
-5813
-4563
675
-946
-813
18
7476
4896
9786
7150
9480
1640
-2735
1605
-5900
3062
-1376
3290
-6457
2829
-2976
9570
7360
-1544
-1832
-9609
255
-6326
-2593
-2868
5037
6417
-849
-6581
-1115
8269
-3355
1524
4939
8385
-8393
-9215
-3512
-1990
7913
1803
-832
6568
-4506
-3943
-6069
-3763
-5824
-4017
8189
-3184
-9469
2078
-2531
-388
202
4235
8750
1700
-379
-67
-8622
1207
7459
-3686
4469
-7280
6469
7496
-1874
-3509
2757
6854
-2359
-305
6942
-9825
-9396
5124
2604
-5917
9837
3927
3951
-6172
9286
-8736
-4661
341
-4661
6548
-8884
192
4446
-5194
9862
-5457
-4190
7015
2921
9458
4820
5773
-5483
2940
-4596
4524
8063
-5274
-2210
-819
6455
-2679
7638
-9453
1500
-9109
-7260
2934
106
320
1895
1004
-747
9621
378
1759
-9517
-7129
9265
2616
-2600
-1092
-9312
8218
-2310
-4530
-9433
-9790
-2368
1176
9410
5616
3383
-7995
3371
-994
4872
7564
251
502
7526
-9722
2322
-3075
2801
-1694
-8783
-7527
2506
3240
7228
-3736
4956
-4269
4684
-9593
-3956
7007
-9373
-2221
-1145
270
-9801
586
2590
3566
-6608
8424
9141
916
7013
-2164
4325
9000
625
-2330
-8905
-5087
-6195
6344
4333
3130
4192
7026
-2613
-1894
-6105
-3601
1979
-1229
9424
5377
7167
-4834
7997
-8928
-48
-7372
-1988
-7885
5483
4872
5399
7271
3245
8850
8336
171
5722
8877
-7946
2794
3505
-8620
2875
1556
6886
3545
-5679
-6049
-1585
518
-3969
8817
-8678
-4911
-1693
-8613
8773
5944
3019
-2823
2767
1759
-544
309
2007
5090
-5724
6402
9607
-3456
-6299
-76
8301
7506
9450
551
-3630
-4093
1342
-6947
-7021
4804
9319
1115
-6513
3512
9516
1837
2254
8820
764
5360
-9054
-9061
7798
-5786
5882
1818
-7703
-2414
723
-8350
-6765
-1822
-1028
-72
4012
-5751
-6782
4263
2524
-7135
-7623
5809
3982
-758
1718
-6123
9453
7048
-7337
3738
-5835
2828
4385
7715
3922
2248
4962
9845
-248
-889
4018
-3299
5942
6188
-8759
-7814
2060
6691
6125
2029
9608
3490
-8703
5363
-1376
-3727
-3015
-7533
-6357
9055
792
1836
-4396
9962
4553
2066
-5716
4392
-5196
2036
-3496
-1098
-4321
-3260
7479
-3864
-5536
9249
-1977
9602
3988
3763
8649
-7501
-7103
651
-4490
-2374
-5060
-6725
-8408
9220
-7170
-3862
939
2162
-1631
9898
1598
-6450
-7756
-6303
-4227
-8280
-5766
6344
-7771
-3741
2655
-6318
-4973
8187
3820
2185
6354
-618
17
-1734
-2184
8057
-962
9023
-6171
-4841
-8762
8918
-2137
3893
7805
-6933
7745
-9276
-1590
5413
-6612
-7779
-5345
3624
8405
-7395
953
5058
2096
-6563
5501
-4797
-1309
545
-1647
3020
2910
2785
-4727
5154
-1007
-5738
8969
818
5720
6465
7487
-4333
-3918
-3973
-3874
-5881
3978
-944
8615
6878
1920
-2391
-3070
-9789
3619
650
7465
-8854
2298
6203
-2897
-7252
8209
-9473
5753
-7218
5554
-8722
3501
-3623
-3162
8747
6
376
3725
5644
8883
-8032
-7406
682
7221
-4911
-2964
-7295
958
-5288
8952
-8600
3410
4484
-2786
-846
-1012
-5343
5542
836
-1295
6004
-110
6636
9762
8831
-6302
2491
-5671
-412
7746
2547
3416
-3771
8579
-6029
-1743
-401
-5076
-69
7544
1112
2691
-74
1661
-5196
9553
353
8031
-809
7505
-5644
-2130
-6748
-1347
2599
2431
1938
199
7598
-5002
7724
-9983
4686
-148
-1293
5327
-3721
-4471
9939
-6920
6224
-647
6870
6632
-1853
814
5118
-9771
7927
9287
7850
4579
7879
6339
1768
122
-9570
4572
4954
3428
772
-8714
1232
-9587
-1664
-5187
5538
-4234
-4979
-4256
-4849
2177
8597
1611
7032
-6079
-1315
-5441
-9279
-6671
6718
-9517
-6690
1959
5298
-9001
2366
1067
3059
3542
-652
-5596
-8544
4543
-9055
348
-1542
3756
9425
8671
5853
-3074
4848
5878
-1549
-5982
-5450
-6268
7110
2892
9917
-292
-4622
8624
4900
-698
-2700
6180
3933
-7122
-6654
9837
2597
8579
-8917
-2772
4276
-8428
4555
5617
4863
-357
229
9432
2024
8155
1538
-2175
7667
7231
801
9951
-5496
7942
-4163
6705
2678
6417
-3414
-409
4935
7940
1823
5842
-2769
3684
-5133
-1823
-9168
-1361
6832
4381
-976
-3129
2571
8841
-8787
4537
6275
-9176
9673
-8826
-9359
2089
2577
8976
5536
6300
-214
1598
-2668
-3176
3989
-2957
3741
4908
1505
-8671
8193
8347
9759
-1559
3469
-1136
-3619
5070
394
-147
-2219
-3084
5171
-5151
1839
-2766
3951
-6551
9716
1542
4836
-8906
-9443
-8817
9274
4163
7044
-7212
5430
3113
-5889
3298
6877
-2248
2697
8952
-6911
-7213
2085
-9779
1980
-1912
-6764
9182
421
7973
-256
-9315
3797
-3139
-468
7738
-6441
-7071
-9412
9746
-914
-5304
9911
-9477
9051
5698
336
9523
-6345
660
-7073
-2075
-2478
3299
-9555
-1973
8333
520
7395
3108
9049
-2547
4109
-1856
7705
7094
-5507
382
559
8013
-8674
-2231
-3890
-6487
-7932
-3084
-8878
-5694
-7704
-5515
-6870
8406
9931
-3870
2064
422
8472
-2840
981
-2925
2536
-2588
9764
121
-5016
-5568
-7006
3890
751
-3642
-8393
8530
980
2650
-8936
5559
-5306
-8989
2672
6894
-7781
-4556
4585
-7077
-6493
-4043
9088
-8030
362
-3606
-3036
5214
-23
-8069
-7826
4105
7168
-1849
1817
3722
4800
5325
-1737
-9300
-8223
-5967
7993
-3485
-9755
-3778
2334
-8612
9526
8520
-7672
549
-3107
3371
-3882
-6036
-7600
-9305
-2058
9883
1927
3233
6075
-4122
4790
6578
8673
1785
-7944
-9764
-1377
-2196
955
-4498
7913
-3229
-895
-6948
-584
-8385
519
8324
8390
2664
6455
10
-3893
3274
-4060
4236
7875
-2913
355
1170
-3505
-8659
7513
7882
-2186
-3267
-3559
4642
1778
-5894
-8043
-5766
-2326
-6201
-9507
-7475
-5847
9014
6234
-718
2339
-5087
5493
-5809
-2843
-9480
453
9612
-5852
4094
3750
3042
8806
8992
7355
-9555
6032
-4991
-9915
9837
-5672
-160
-1433
-376
-6195
-1568
-3758
1708
-5933
7512
2652
-2871
4120
4378
-1773
-6673
-5953
8915
3424
-4717
5822
7156
7430
9694
-7465
8847
-4075
29
-6536
5624
5045
735
2997
-8595
-3004
-7755
-5190
3078
1625
-3119
8976
469
-4235
3535
-7429
-6092
5493
5655
-6447
8689
3008
1053
-2391
-4887
5601
-3223
9230
9132
-5264
3972
8322
221
-3507
-610
-840
-8004
9429
3209
2053
1329
8255
-1779
-368
-5432
284
-2599
301
2711
2650
9245
8117
-6699
2339
-3818
991
-9328
-5955
-3125
-1260
4799
-5131
-2833
4329
5415
8181
-1724
-1373
4856
878
5992
8627
-4131
-6878
8058
8427
-7740
-3270
123
-4387
1950
-898
1021
-6219
-620
1820
-1442
6978
-8687
-1702
-2647
1516
6894
9388
-7546
-3270
-3604
1048
-8074
-604
-2551
105
1699
-7669
847
2486
-7509
9291
9168
-3390
2407
7231
-5255
2920
5240
-3629
-6426
-9320
-8062
-9282
8815
5092
-281
-7227
-3449
3767
1648
-2297
3389
-3710
6930
6243
4256
-5264
4985
7459
-7791
-4159
-6400
5004
3369
5714
1498
19
-8794
-5390
-7507
9757
-4069
-284
8826
-9357
6820
-6678
4325
-3561
3572
-4060
951
2050
5164
8845
7655
-9142
-3386
-9470
-3640
-6591
-2728
-9192
-8231
8180
7580
-5461
8305
-4293
4587
4204
-3067
-5039
1123
521
-2880
-1468
6127
-2918
-1859
8591
-8666
-1241
5330
-934
9754
-7852
-3870
-1825
-7405
-2923
4444
4719
-7339
-9296
-8208
-6174
5997
-87
4994
-3404
1738
1568
9138
-5973
6143
-834
-8985
2357
522
2933
3287
-5307
-159
7961
4222
-2122
-4999
461
-4391
2173
3250
5726
-93
-4213
3741
2737
4207
2231
-3113
-1465
1010
8498
-9406
-8561
-1095
-5477
7059
-626
6844
5493
4160
-3348
-7244
1264
-5120
8113
-2481
1131
9595
-4304
-9944
7400
-8108
-1265
-3630
-1183
1642
2436
9487
4921
4738
-2516
-3592
-6781
2868
-686
5046
7099
-8450
-3482
2676
769
-443
7491
-3954
-6046
-2098
9204
-489
-9007
6505
5809
2018
-5777
6261
-7869
-1987
5518
-3869
-9134
9428
2216
9646
-8135
2624
7951
8527
-9985
1727
-5050
6335
-7656
6933
2665
5019
-7591
3595
4594
-1944
2684
-2143
-8928
-8574
-881
5647
-4746
-8772
-4724
7730
6143
-2425
469
7507
-2709
-8309
-8636
-3382
3866
-3618
-3966
-7889
4884
-8922
-3488
8453
7909
-6599
6861
6909
5277
6550
-9383
-1459
-4255
-9217
760
-3354
-614
4084
2664
83
-5798
-7935
-3722
-2409
6396
-7125
-102
3633
-8843
4911
7503
8432
9626
-2390
10
633
5077
-3187
7365
-8592
3765
6514
-7337
7615
2290
9861
7658
-2203
7038
304
7399
1685
-4124
3273
8812
-3838
-9956
-8789
-2582
-5570
-3024
8213
9911
6131
4570
-1542
-7756
5398
355
-7253
-1547
-2220
9120
-5375
-5991
-2669
2640
9609
-5214
2168
6092
2887
9798
2508
2602
-6004
-1735
-380
-1870
-3117
7766
-3695
-9359
-2689
-5681
683
2977
-1006
-2357
-5883
-9654
-3512
-3008
8532
-9896
-3292
-7996
-3974
-6961
-8347
350
-6468
-1594
5091
7186
-9847
-9435
1967
-7672
9987
-8096
-1623
9866
-1250
-6904
6815
2464
-5834
-9529
-8629
1965
-46
-8007
-7881
6255
-2301
-9394
1377
-2940
8476
1712
1899
-632
8900
371
7033
-7299
-9590
4553
-72
-6426
2831
-3103
-9085
2094
5782
-1764
-2245
6093
-6807
9117
-7375
-6772
-4282
2060
6056
2527
200
-8675
-3238
767
-1494
-3897
5568
-9215
3829
3
-2188
-9720
5151
-6317
7029
7354
1630
-7220
5445
-6272
2143
2000
3875
3381
-9590
36
-286
-9979
4850
3121
3617
-3046
2271
-5921
2736
-3456
5225
7645
9503
9871
-2239
6087
-4497
-682
-1553
5675
3803
-2327
-7461
-9248
-9191
6729
7492
-2477
-12
6309
8559
8619
9600
7888
-3267
-1036
470
7412
1757
1941
-452
-1531
-393
-3534
-2738
-2151
4906
-4386
7786
-4849
254
4367
-1061
1586
-1727
-6890
5202
3020
678
-1620
-3592
6374
7688
98
3497
-2339
-2210
-8320
-4801
540
3316
7048
7492
5154
-7459
1289
185
8196
4064
2724
-5781
2556
-5613
-1149
8179
-9456
-7521
4695
2043
-885
5722
3018
-5493
-9770
-5996
1524
3554
-2823
-137
456
3632
-6302
5702
-3850
-2652
-841
-8286
2619
6153
6439
4533
-5576
1185
-5177
8117
2184
8285
9768
-1890
5287
780
1615
-8102
-8306
4802
-7772
-2630
7046
-6296
-6668
3186
2790
-3375
3142
4145
7993
-4303
3921
-8335
9965
-5639
-3469
4325
4447
-4802
-5694
784
-9527
-7441
2051
-9792
4957
3579
-3470
8491
-3674
-8396
6873
-1736
7090
-536
-8498
7178
-4700
-7924
-7841
-2018
5863
-6168
727
-509
-7577
2154
9855
3477
-6318
5282
4206
9762
1074
6516
-8792
3368
-3352
-8231
-5738
-1103
5296
4385
4893
2879
-1369
-4522
2693
444
1610
8007
9376
3847
4974
-111
-9243
-4065
-8523
-698
7558
1958
-9327
5435
-134
-1393
-4541
8483
-2673
-2697
-8437
-2930
-5354
-3084
-8451
-8232
-4739
7271
-4100
6854
6344
8575
-9227
5377
-2807
1911
-2793
-3382
1999
-9964
1210
-1472
-1133
575
-4702
-3247
-2067
1038
-597
-6841
-4236
2248
-876
2802
-5853
-9353
-6706
-8653
-6318
-7806
-1058
7637
-586
1183
6987
-4107
-5323
7104
-4130
7266
-731
1184
2276
-7812
-3818
-7825
911
-2947
-3923
538
53
-1913
4934
3065
-3106
8820
5435
-1225
-8710
7167
8237
-5382
-1849
-3648
4779
-4413
5708
5526
4092
-7567
2367
9825
-1893
5884
6081
-6476
5102
3875
-8802
7765
-3948
-8657
8164
6550
-5948
668
-7477
7149
3530
-8309
6772
-9987
2197
-370
-9635
9717
-3221
8317
-9864
-8364
-5070
503
-6118
4722
8051
5771
-2883
7892
8984
7855
8875
-7662
-2313
2546
-3838
-3019
-8907
6507
6955
-2667
-4373
-1967
-1967
-7545
1365
-2032
-3643
2599
-7187
7196
-6365
-406
524
-6164
-2448
-9542
2312
4903
3504
-8886
5120
-3361
4828
8708
-6347
-2348
-9130
9415
-7241
2906
8583
5708
8798
1659
-1182
5786
3359
-7654
4535
5939
9188
-6735
1127
1934
-9829
2325
-7303
7767
2137
-2697
5381
9050
-3120
-3428
8273
-4428
-1376
6145
-4925
-8342
-1638
1551
8020
-2293
-926
-7769
-5596
-8332
-3503
3118
-6082
-7316
-5373
-3179
8117
-8890
-3910
966
2643
-7096
-9069
-8314
-2533
-9019
-7379
1499
9814
-1602
1256
-933
-1404
5227
4683
2174
8784
-4145
-7127
-4198
5626
-7434
-6835
3197
8076
4688
5793
-8798
8224
-1535
-1594
-8150
-5641
1006
4783
9072
1201
8028
9559
-1476
1942
-934
8659
4732
5620
-3323
1339
-175
122
8120
7745
6682
9959
5264
6553
-2284
-1106
1322
-8714
-6453
2982
-63
3699
-6957
6105
-969
3391
5401
2014
6370
6196
5028
6290
-1833
-397
-6208
-3743
7361
2861
-8034
1744
-4257
-4021
8995
7836
9276
11
-7112
7905
-7136
-9830
5841
-2732
-7765
-2322
1975
-4458
-354
-2113
5142
3933
-8145
-827
-3017
-5253
5622
6010
2630
5630
9712
-4196
3841
6267
-5939
9141
4750
8849
-6633
8106
-7128
9538
1148
4760
-8183
-7940
-6701
2628
5342
-2089
4439
-1332
7686
-3063
-9160
-5118
5785
-8839
5246
130
-9986
-8101
607
-8057
-2018
4560
9312
7018
723
-9297
6705
-4471
1511
5597
44
4433
8392
-8334
702
-1671
-6206
3271
-4734
-8958
-7447
6155
2411
9416
3058
-8975
9183
8982
1992
-3244
-6064
7864
-7232
5952
-9408
5139
5379
-5756
8379
-8402
-4207
-2707
5430
-825
6330
-4871
4616
-6360
7233
3365
8411
1082
-907
-2254
6331
6832
-3491
-1696
4036
6031
-5292
8075
5395
-5092
-4127
-7408
4105
-1063
-8462
4622
9833
-9268
953
7063
2157
-5565
-6687
5035
-2045
6218
912
6202
841
-5693
-7030
-7562
7873
-6976
-3264
4021
3255
-2016
5771
-9404
6254
-8323
764
-5148
-2974
3041
4158
-4231
4019
-9066
6978
-5717
1169
-7903
4824
-9712
-7113
-4968
-6471
1024
-2451
3121
761
6903
-9598
-8885
7640
9646
3093
1142
-6300
1555
703
2352
-6821
-2411
1160
-1433
-5203
-251
9380
9258
-3744
4727
4960
-2277
-2318
1865
2148
-735
-2817
-1179
-6189
9006
-1007
7006
751
2128
2950
4914
-8949
1013
-327
1339
2815
9092
2861
5867
-6368
-4270
6116
4516
-6600
-4557
3656
5971
-8967
-7986
-6426
-698
-9367
-1495
-3277
-6512
-4667
-2157
-255
-5056
2767
569
7679
4624
-2642
2087
5532
5783
7090
7046
1276
2308
3731
-315
6180
1013
-7214
-1213
4269
-5576
2380
2995
-9088
-3386
1730
-7301
-4709
-5382
1993
7921
7392
2047
-7079
-8738
-7179
9108
-9862
148
2233
-7251
3724
7018
-7872
42
-2308
-1259
5927
1906
4887
7939
1968
-9752
-957
-6044
-2043
-4724
-6212
1314
-940
-7019
-2505
4949
-4003
-5322
1370
-5608
-8337
-6766
-7432
-7981
-4151
-2932
-7351
-8937
-4577
9543
-9777
-5615
9237
4384
3429
-289
-4370
-2340
4507
-4711
-9345
-5969
3839
8008
7415
-6071
3
-5481
6222
1054
5968
2401
5612
-3980
4974
3370
9531
6787
2820
3329
8051
-5444
1484
3184
-983
6886
-6914
8996
8114
-3350
1183
-2524
8985
-9544
4715
2926
-5424
2003
3970
6789
-3788
6821
1648
-8796
-3919
-5298
-5130
6216
-4546
9528
-132
-6089
56
2281
-6858
-5915
5906
-7385
-8118
5883
-9585
226
-1308
-2887
4687
-2161
7715
2075
9
9586
-8243
-2731
-6075
-9712
-8258
9802
-1798
7309
-1486
-8933
-2437
-1287
2710
-855
-1065
6236
6297
9883
6913
-8634
2323
-4523
-2147
2233
-2815
9286
5841
-9867
-7679
651
-9133
-7189
2196
-8211
7097
-5013
-3849
2387
-9213
9621
-2694
-4530
-6469
-5361
3034
5992
-157
-8217
5806
-2417
-589
-8006
-1507
-3923
-5749
446
-530
-348
-1269
-7799
-3734
1990
3106
-7519
7931
6934
2215
6668
3868
2386
-6039
-3338
-5502
2267
5432
-9773
3363
3985
-8348
-8718
-4616
5703
-1008
1483
-2146
-8090
-9143
-4130
241
1069
2762
5837
6454
-3970
-9524
6000
9456
-1256
4502
1814
1689
8297
-2510
-1764
3233
5803
2830
6661
528
1945
-9979
-1920
-2307
6681
1500
4152
-7983
5416
1508
-9549
-9935
23
7472
-7997
-5356
-9333
2817
-829
-6870
2308
5152
-8282
-1196
4258
1903
-851
6920
9654
-3642
1639
-9776
-5027
-1993
9294
624
5691
-8592
3778
-6636
5838
-3463
3338
2366
4878
-310
5663
-8086
-5052
3599
4836
6075
9247
-5610
5079
2889
-3690
2949
-7630
-3599
7973
8064
3193
4420
9844
7277
-2764
-7397
7249
-3591
-6540
2347
-5395
-6365
-8284
-7567
6579
5220
4004
-3214
1703
-1676
861
-844
2485
1863
-5978
7880
2600
-5521
6195
3119
-648
-6563
1156
517
6165
1054
-8802
6139
2966
-924
-9213
1288
156
-3876
-9398
3130
-4487
7778
227
1867
-3006
9292
-5672
-880
-6138
-6208
2013
-8517
-2112
614
-3419
-908
-3771
-2459
-467
6779
3214
1882
4724
8770
5321
1780
607
9038
7137
-9452
-9311
1083
4791
3061
505
-1021
2724
1339
-3828
-2570
-9100
-5006
8744
-3740
-3207
2647
6222
4151
-8093
3849
6239
7458
8529
2867
7962
-6762
520
-8921
-1297
-4751
-8957
-7109
7911
3217
9162
-913
107
-6124
-3157
8906
324
-8464
4900
-4231
-1817
726
1227
-589
9716
2794
-3575
-8156
1631
7354
-807
-7170
-8847
8259
-3251
-3320
-7153
-983
7514
-3893
3936
546
-5726
4202
-1742
1192
4446
9522
4518
-1256
8313
286
-6830
-895
6714
-4545
-2880
-3658
7641
2479
-9827
3924
-9535
-3446
-659
-643
2484
9324
-2816
-1535
5101
6833
8418
9749
-3712
2600
2215
-7796
8169
-1901
-1786
-2983
4059
-7525
9710
-3786
-7317
7478
-8654
-3861
368
3327
2579
-1607
-4815
7550
-1996
2024
167
8308
-2871
5565
9970
194
-5383
-4338
-5502
5518
5225
-4380
1161
1706
7556
2485
-7600
8926
9775
-5190
3999
8045
-7933
3067
-9810
6451
-3519
6128
7125
-7627
-5725
6360
-1004
-1949
-6790
-5412
5172
3266
-6528
-9059
-1396
-7263
-191
3947
8583
-6117
-8504
-7920
8411
9089
7873
-229
5992
9433
2626
-3183
1256
-5481
-4973
6376
-7502
2991
-251
-9088
262
6684
-9926
-1235
3142
6051
2597
9760
-894
9841
-5660
-5342
9442
-5873
-5689
-3035
7192
5411
-468
3995
-4662
6991
8797
-2203
-904
201
3531
5780
452
-6706
1230
-1970
-3249
4287
-7160
-3253
3197
7813
3216
5077
3008
-3899
5655
-5565
3487
-3190
2727
891
9443
6537
-4822
6711
4485
-8892
5218
-9122
1014
9476
-9144
-2143
5336
-7501
3894
-9070
-9136
820
-7053
-5887
8756
2145
-3972
6078
-450
-3449
7302
-2830
-1743
-4399
4073
5933
-8522
-4375
-9934
-2402
1463
-7103
6742
-4221
4835
-9144
-8006
-5608
-6566
-7564
-3135
6193
-8862
3534
-767
-9028
-1546
-1722
-854
-2915
5697
-5865
-4307
-5028
-4423
4304
8429
6412
6137
2282
-6290
-9741
2174
4684
5126
-3574
-5674
-6303
-3160
814
-3474
-2471
6604
-6475
8358
894
-6974
310
-4818
-6230
-4248
-416
-1688
-2617
-304
9888
7159
-1465
4187
2225
-2888
1944
3877
-5179
1715
6173
-5513
8073
9216
-4679
353
2887
-7532
119
814
-6730
-527
-2142
-6806
8573
4850
1401
854
-6175
-1473
-2749
3103
4479
2346
-5275
-5797
-5048
3707
7492
3447
-5280
5182
1281
9740
-22
-7221
2219
6831
-5608
-2367
2358
6870
-1489
4985
-6509
-5148
1542
-9828
8601
3980
9478
9375
1093
-9366
-6875
2164
8995
-3575
7435
8202
-3509
-5050
4335
-7577
3585
-4833
-6656
1687
-8928
-8404
36
844
5096
4285
2208
-4436
-6435
-8196
-4938
3471
-3630
-1128
4144
6457
6959
-9759
-2227
-8886
3336
4009
1186
6285
-4418
-9165
-3733
2169
-9370
-166
-4494
-1579
-150
-4126
3506
2738
6549
2290
-4625
-6167
-7797
-6087
7291
9977
4722
-6701
3727
-5635
5712
994
-4569
-5802
-5551
-6064
-4760
5533
7988
8862
9586
-2319
2103
-4655
8159
3436
6943
-2197
1491
-177
6913
-3425
1509
7754
-2600
9305
-6495
-5463
774
6054
4154
-2227
8281
4461
-5143
1186
-1466
-6653
6840
-2312
4988
6137
9865
-3595
-9434
-1408
1786
-5711
6776
-7933
2870
230
-8252
864
-1129
-4416
1165
2438
2184
-181
-7711
-5211
-2136
-3743
-2171
-3000
-2290
990
1621
-2718
-6546
-2970
-8182
7057
1471
-2376
-4443
6046
447
-4514
3519
5558
-7243
875
-9769
8485
2611
-9285
9947
3096
8863
2336
8122
9726
3557
7463
2688
4269
-2664
-3795
-456
5901
2215
4457
1990
-4121
2680
5578
-9987
4967
6867
-5059
5145
-6965
7528
-7713
-8722
-7145
199
-2862
-6486
9648
1436
1536
1496
-6726
-8119
9663
-2154
303
8820
-1702
9034
-6525
565
6513
-7198
3258
-1672
6049
-962
3124
-8438
-2172
-7455
6964
2756
-21
-7463
-6080
-1133
8506
-5190
1218
2188
-8671
1030
-1810
-5082
-3483
-4216
-3975
8775
-9872
-5054
-4287
9701
-8544
-9596
-2953
-2949
7576
-1906
4571
2650
-9977
5012
-4697
-8838
9237
2752
-5003
-8391
2288
-6217
8683
3596
-3746
4705
-6902
-6776
3174
-4932
2108
7778
-2996
-1050
-5364
6173
9942
6407
8668
-3177
7547
1570
-29
8248
297
-7272
-4359
2842
-551
959
-5968
-7812
-1953
-6808
8290
8654
-1004
9792
5772
2675
1847
1975
1988
-7429
5406
-5569
-8880
-458
984
3773
-9204
554
-9602
1358
-8003
-552
3381
-9247
9441
-4043
3650
9502
114
7172
5948
2143
5828
2072
4178
1242
611
1065
-4178
-6769
7854
9518
-4033
634
-3404
-1822
6469
3067
-3289
-8792
-1547
-1341
2937
-6770
-2626
-3424
-822
28
2409
8357
-3031
1610
1267
887
7509
-6102
7968
7437
-5372
8754
-4141
-9997
-4413
4564
-4913
737
5447
6354
8314
-8905
-6600
6230
-7973
-4008
7785
5157
-8489
5692
-3593
-7618
9165
-1933
-2188
-6854
598
-789
4116
6543
-9846
2366
-4342
3333
-6841
-4919
9116
-8258
1665
9848
2973
8176
4386
-7507
6055
-6549
-6533
5290
2751
-1598
3514
4951
-9471
-301
-8992
6051
-1860
2025
4266
1343
2467
-4357
-2277
-2607
9533
6820
-5228
-8488
2522
-8307
-7963
7491
6672
1360
913
-3989
-4569
-2595
2952
-8663
3429
-3012
7668
1825
-1633
3141
-1713
8513
-3488
4070
85
8624
8405
-6787
4028
-4144
2132
-4546
-9524
6430
-6978
-4992
-966
8943
5874
1034
3188
7681
-141
-4238
9176
7310
-9751
7899
2209
-6740
-4560
2699
-2335
9901
-423
427
-2686
-8211
-4608
4271
-24
-4350
-3699
-5508
-8825
-3609
-3776
9949
163
9860
-6593
-8813
-5635
-6029
-7357
9026
6628
-8424
-264
-3664
-273
-1447
-6218
9858
2118
-8017
32
2663
-9794
9688
-160
2699
3698
-2626
709
386
-1037
-8946
3984
-7274
-3881
3133
-8703
-918
3619
-2893
566
-8323
-1089
2129
9530
2564
-5126
7196
-9647
8659
-8757
8755
-1494
8489
251
3249
-9783
-3924
-4311
-6036
-1283
4136
-9614
7130
8931
233
-4608
3901
-2128
-9682
1356
651
9508
348
-7998
486
893
9695
8375
9998
3868
5424
9167
5412
-2966
8271
8903
6508
4662
-9919
-5440
-3675
160
7280
4496
8275
-4194
-2678
-3930
6007
-6248
2840
-4287
-5147
4197
-8167
2880
-9229
8590
-6539
1087
-9031
-1681
2440
1491
-8050
8992
1864
-3284
-5416
4892
-8534
1569
8282
-5910
-51
-6715
6579
1472
-182
-9410
-5899
6674
-4581
7999
6347
3319
732
-4368
4592
-2733
8235
5669
7500
7225
-6174
-6169
2157
7450
9961
9364
7953
5778
153
-2545
2822
348
8581
2148
-1590
4692
-4792
-1877
-6029
-9194
-7318
9663
-5198
-4725
-1499
8878
-2150
3205
2742
-3727
9801
5609
-278
6418
-9725
-7958
2903
1954
406
-8135
7375
-8073
3824
8236
-8318
-1620
5647
-9044
-9953
9863
4161
-8088
-8119
6280
5177
307
7798
-4250
-9615
-8202
6058
4926
121
-1231
1408
4988
-4869
2842
-8642
9827
2186
-5037
689
-7684
-6834
-298
4018
-7757
-3283
7523
-8022
-3217
6004
4294
2795
-4441
6130
-7057
-800
-1891
-9697
-7124
8986
-8856
3212
-7937
-1895
4616
-8951
-4962
-2419
-8773
4467
5216
5419
4329
-5561
-209
-6684
6390
1952
6405
-9674
8534
-471
6236
5717
2965
6711
6566
-968
3452
9878
-3839
8845
2321
2488
-16
6374
-4023
-9815
9678
-9065
5754
-2547
5197
-5317
-8783
8813
-963
-50
8051
54
5763
3537
-7079
-801
-1607
-3670
-3905
-6679
-3223
2244
-8487
6656
-5552
2730
-9492
-7998
7466
2181
-6985
-5403
1010
80
-6406
8253
-8294
6652
-8538
-9750
-9195
2499
320
-3501
7559
-6626
6953
-2104
5924
5025
6781
8187
-7049
7570
1768
2918
43
9574
9021
-9597
-9951
-1994
2642
9548
6914
9347
5258
-8813
-6886
9039
4488
-8680
-3255
-122
-5935
-6361
3723
-2881
-6100
-5898
-8589
5661
6144
-6336
-4506
-826
-5307
7418
-2624
2591
7211
7812
7289
-1378
3336
3377
-5186
9976
-8978
7591
-6468
5320
-4274
-6765
-9341
6986
3231
-590
-3736
-2753
2659
-602
-3676
1689
6971
5564
-3661
-7303
-1101
-1885
-1831
983
3985
-5390
-6851
-6608
1349
-7506
-2125
-4763
-6786
2076
-8627
-337
-1163
-5708
5911
-3649
2659
-7730
2712
-5427
-9261
3806
-1822
7893
8307
6932
5241
-4108
-5492
-6298
1002
4860
8038
-4531
5339
-4653
-6225
7291
478
6479
-5337
-8557
-366
7213
-2099
2779
4703
8986
-3932
6361
-7413
-8628
-1996
-8153
-4952
6427
-7127
-6057
-4124
7142
-7908
7975
-6410
-1470
7544
8710
-865
-5100
-5190
-9703
4578
8548
-627
-5683
-6872
-217
-8681
2653
2995
-4379
-7745
-1032
-9726
-8717
-9614
5377
-7124
-9571
-1513
-6654
-1241
3647
7253
-6350
6514
-6515
-8888
-995
1026
-9720
7586
-2119
3465
6419
8216
-5234
-7895
8456
5019
4733
-7574
-4143
-7909
4970
-2120
-5155
6284
977
1376
4498
-6343
657
9075
383
-492
789
-6895
-6721
-8730
8308
2706
6990
-8442
-920
4507
-7405
-6325
2423
-1756
923
-7085
9837
-7262
3501
5956
-4715
-6667
3506
-1710
-5839
-9964
8104
6162
7565
-8615
-7016
6798
3940
717
-698
3883
-2646
1612
8991
-1363
-6365
-6926
1290
8746
-3707
1403
-4157
-9814
6257
-1249
-8352
4492
-6267
2672
7177
-3477
9436
-4105
-3763
-1200
-2214
-5958
6487
-4083
-7239
-2002
-1800
8978
1888
-7737
2559
2636
4650
-6845
-8489
-2167
8256
5735
7027
3252
9247
576
-5589
-5428
-3882
3884
-5759
6040
6828
-4765
4397
-1691
-2345
-624
1480
2462
-3181
-1313
7443
-8849
-6081
-1608
7545
-8512
-7805
7636
-9487
-3151
6352
-184
3330
-6498
8174
-8080
3600
-2217
-8075
9752
-8709
1744
4499
-7543
4368
6010
-221
-2138
4573
3571
1258
-1295
1643
-5497
7015
-3469
4387
-3731
420
2831
7137
-2370
-7935
-4024
-1236
-3886
1196
-8830
1094
7037
-2184
9732
-152
-4693
943
6637
-5959
-9194
