12320
-2342
7440
-6417
8548
-3783
-9578
6861
-6568
-6744
-7985
2859
685
-9794
7652
1965
-5637
7811
6456
-4076
-6223
9474
4657
-8227
4925
205
4877
-7893
-2303
-472
-7365
4916
-2048
-5632
-8505
-7382
-8803
-7448
2998
-9867
-2752
-6770
2850
-8051
9578
3038
-2706
1303
-4505
2567
-8411
3363
5988
4799
7091
6315
-7628
-5116
9185
-3105
-3496
9618
2940
-4407
-2698
-1597
-2052
-3009
3211
-8518
-3088
1859
-5726
7828
-431
-2757
6828
-3962
8135
5361
6444
1554
-8852
31
9150
7007
-7365
-6530
9527
-8213
-9426
-1172
-7241
4498
7340
-7182
-2756
-7191
4979
-765
6664
4959
4211
-5362
3790
-3622
969
9356
4308
2128
6012
9004
-9632
680
8517
-3105
-743
-7458
2845
-2950
1916
6358
598
-6035
3950
3431
1487
-2437
-1843
-3364
-668
1653
-4085
7739
5190
-4527
-622
8073
6275
-1029
-1602
3162
9502
5333
-3863
5359
1439
-8547
-527
4534
-3651
3888
-4888
-7809
5027
-2865
9927
-4116
-6473
-2066
-5557
8718
-160
3162
-9884
1553
-3255
3638
9781
-1701
-2321
-1662
5957
1888
-6548
-9622
856
2478
7863
-174
-2495
-6424
-3165
9536
-3663
-6892
-8674
3976
-9194
461
6846
6520
981
-2010
1061
-6869
-9878
607
6236
7012
3676
3544
4131
-1411
-1040
688
-9999
-799
-1357
3711
-5950
1858
8773
-1442
126
-5390
1561
7127
-5543
-2052
-1517
1083
8241
6557
9763
-1149
-5799
8506
-9026
-6474
-4829
-4126
-774
-8041
-5292
-4453
-776
3154
9264
4766
8666
6547
-1399
-4150
8755
-1206
1289
6651
-7021
-1680
4914
-8257
-1320
-4764
6223
9024
1239
-2261
3796
-1423
2953
-9080
-7315
-9506
9946
2547
5034
-5833
7420
-9432
-4572
-4271
8284
9204
-7578
9587
-5624
-4791
1495
-550
-8706
-5986
-498
-8518
7900
-1111
1316
3151
-6690
-355
1913
1304
3980
2276
-7192
4599
652
2376
-320
804
6709
4789
494
-40
-995
428
-1687
-4837
2794
-3586
2541
6687
-7236
-1376
4252
5522
-6963
6418
-5407
8317
-8278
2995
1381
-1661
7831
8424
3939
7677
-5253
-6619
1579
-5068
-7911
2211
-9762
-650
925
9953
3842
1058
174
2187
-7713
2153
502
-9963
-7292
7366
9500
-2547
-4892
9837
-3423
-6346
-4767
5089
1177
-2407
-6527
-2417
5881
5799
8063
-6899
-5550
-2508
-8492
7491
7354
-4826
-4826
8928
7605
8462
-7063
3518
-7328
7684
9214
-8212
7590
8885
186
-2639
-1890
2786
-9183
8361
5560
-214
6156
1084
-6107
6832
-9038
8719
6548
3761
278
-6942
-385
7848
-4567
-5591
-5908
7048
6091
1318
1718
-4934
-9736
3729
7844
-5932
-2444
-9803
2831
-9256
7151
-2447
-4809
-6863
-812
1895
-7953
948
-8943
9909
637
3266
-6367
-2243
8990
-2209
-7339
2508
2953
-4295
-7349
-7745
7042
-5014
9636
-421
5948
6038
-173
-3209
3125
5407
-7718
2037
9867
2898
7886
-7241
-8400
-4814
-2442
-4943
8739
-7514
-8406
-7627
-9617
6453
-3108
-962
-4998
7859
-9134
5330
6088
3184
-6203
1404
-2976
6206
7924
7565
-5262
4079
1865
2543
6068
679
9770
-6785
-9913
-4502
1944
3220
7150
20
6962
-3710
1273
-7786
5121
-5867
-5529
-3806
-6113
-4561
-2817
8326
-6635
8170
2226
-9497
8905
660
-337
5697
-3813
-1247
-5618
5388
9836
-485
-5413
-1350
6500
5609
-1500
5506
7768
5778
-8904
-4243
-8622
-6311
-8690
-8584
-4513
-5593
-410
-4069
8866
9559
7614
22
3936
-3826
-237
-56
-2690
5670
-1465
4288
-6053
-9473
-3033
2084
329
-8685
-2228
-6167
-5056
8703
-475
6337
914
5351
-8805
4882
1576
-8514
-5284
9086
-6807
-3947
-2087
3034
-9606
-2457
5846
6940
489
893
6460
-1426
1543
-8139
7448
-5910
-2322
4531
6601
3754
286
7596
-6961
1714
4151
-843
-1015
9617
-7528
-8138
1302
4570
-2070
5414
8407
3564
1072
6833
653
-505
-6202
-1528
-2537
-9578
2048
109
6227
-4681
4841
4541
8950
8369
6027
-2508
-8631
-4915
8131
-9830
-959
-2629
3008
-1902
4880
-8390
-5033
-9363
3054
7957
-3414
490
8826
3002
3163
4520
87
-7880
321
-8102
532
6365
-8762
9282
3907
-3753
6274
-3417
8140
5094
-784
-2962
-543
-7375
-5111
5097
-3243
-1466
4708
3042
5744
5820
1100
1620
-3200
-7045
1129
2765
1063
480
7339
-8571
4960
9279
6732
7904
-6876
-8052
-2355
8412
-6284
-2359
-5037
-8661
-1016
-4402
-6994
-8227
-3110
-4173
1747
6209
5403
1287
2799
353
2555
9399
5931
7605
-6461
-2537
9487
-8882
2121
-9802
9759
-6768
7924
-6327
6133
-8500
765
9977
-6878
-3668
-9428
3438
3640
7808
7989
3566
-7365
390
9472
-4383
5917
41
-563
-2892
4908
-5969
-9931
-3105
-6404
-3174
-6005
3848
901
-1567
8613
-4553
-8358
4398
-7695
6602
2736
8988
5598
-8437
-7522
-9826
-9107
-1730
2901
-1953
1843
4455
-2222
7595
182
-3727
-4813
7181
1630
6000
-6828
3231
-5183
-942
5711
1853
5967
4896
1095
3488
-4642
-4900
679
-4468
-5152
-1441
-5799
-2720
-5847
9735
6801
7367
8327
1294
-9823
-3369
-3804
5083
-9402
6588
3923
-9700
-5673
8207
-6004
-2230
-673
-6315
-7412
-6226
6837
-426
1538
4167
-2559
-8972
1122
8601
-5448
3883
-8937
5142
-3810
7984
5928
9456
-9464
-2706
2171
8520
6210
6814
2260
-9950
1680
-4872
-1205
-56
-4186
-5377
8753
-7333
5960
-3150
3806
-2376
8944
-1440
2811
-9603
-5303
3517
6895
-1597
-7183
7580
-7453
-8808
995
-3478
1487
-9157
70
-4193
9909
9882
2410
561
1455
-2978
1623
-3367
7101
-501
6402
-4602
4799
-7356
7290
-5032
-438
-8633
-412
-5302
-5769
9784
-9065
6361
559
-4757
-244
-760
-3657
2829
3182
-6549
-8031
-3705
1432
1788
-7420
-3797
5205
1019
-6703
4155
-591
-3348
-5696
-8123
-3924
2684
2839
-3242
-2235
4201
-7088
-7161
4265
-7349
2211
-4257
1813
452
264
-4048
-9904
-6550
6724
-8277
-1397
2854
8579
-6107
-661
-9149
-6181
-3410
-8146
-6003
6693
-7703
8684
7508
9116
-8436
-8893
2257
5214
5275
5411
-3849
997
8186
7576
5705
-8400
-8558
-8009
-9160
-9217
-9107
558
1476
-2802
5111
-653
2513
2858
-1904
2793
-4584
-149
5454
-1711
3840
5056
-9784
-4080
-342
4621
1535
6495
-6000
-4866
-4759
-8584
1868
6175
-602
-5975
4488
-7928
6781
9960
9231
3074
-4358
-3395
-6227
-9118
-6513
5081
-4126
-7472
-4140
3570
6517
4010
611
-4065
936
-6902
1094
7720
3955
-6724
1443
-1891
-4058
5546
-8359
2777
-4139
-9582
-5957
-3928
-8343
-856
7924
8837
-6489
-2556
8552
10000
7225
802
8921
-1393
-1137
2809
9978
-7117
-6681
6104
4491
-2050
-411
-7987
7367
-3
-4220
-8139
1081
-7463
7850
7009
-2018
2710
-5670
3068
7935
4177
-7223
6754
-4166
-2658
1223
8704
-5441
3016
-488
-6781
8280
-6904
8786
-888
-2320
-5680
-3414
6901
-5816
-260
-5134
-1191
6434
3920
1831
-9812
-7105
-3502
-2921
7534
3661
-2186
-9868
-5528
8265
-8815
5573
-2365
722
-6012
-5725
-8907
-6737
6415
-7869
2824
2161
2148
-671
-4640
-1489
5973
4970
-3745
-3132
5986
-9385
-1796
3998
6150
-5729
2218
5552
-5824
2199
7448
1875
-5854
4012
-1481
-1170
-8845
1862
-3550
-4731
-1948
-4919
1814
8229
1396
-9360
-9251
-2668
-1784
5769
2502
-3218
-9132
-6143
4875
-5477
-4944
-1962
-8829
1283
-8004
775
7974
-9192
-1092
1320
178
-3921
-4321
-6204
7556
-1883
-9213
-9504
-894
-1083
3781
-536
-2145
-8802
-2197
9073
-8703
-2446
-9449
-77
4403
3716
2369
-1018
-5062
-1232
8632
-2838
4732
-9231
-2149
7599
-8243
3617
6966
-829
-2821
-723
7104
-8110
-9346
4030
-4621
6614
2931
-1037
9531
2331
-4426
-2081
-9484
-5785
6303
-7547
4814
6652
2044
5608
-4290
4825
-7378
1981
5087
-4778
4378
1283
-5377
1082
7428
-1860
3087
-7607
4566
6165
9387
5513
3820
-3458
1252
-1476
9250
-2338
-8171
-5889
1170
5548
-8744
9307
5714
-2229
1438
-1716
-8268
7597
4221
3445
3320
95
-7863
-591
893
1077
-7339
4508
3733
6047
-4654
8935
-6962
-9777
8372
-7783
6840
1781
2996
-2151
-3490
6884
-3799
6927
1368
-2132
-9942
-8680
384
-9685
2051
-7420
-9640
-7085
-7966
663
2397
-4133
-5504
-7032
6861
-5797
1434
-8476
-7027
-416
2765
6192
4367
640
7603
4368
-444
4637
4989
6496
6162
-1056
-455
-2289
-1987
4372
-7829
9353
-630
8397
6516
206
2203
-1410
9526
360
8859
977
-1736
5764
-9828
-6432
6354
-5003
9497
-9014
441
-3028
-4866
-9544
2455
-6122
8662
587
-8140
-3725
6593
-9371
-4177
-1110
-7971
5342
5074
-813
341
1807
-1887
-15
-3587
-7321
6416
9510
-9183
7084
7672
-9885
-7797
7819
3901
-631
-9661
-6841
-9507
-6298
5905
-2549
3709
8076
3570
-1891
1112
2559
7965
7550
7825
8002
1996
1231
-2644
8482
5118
6147
5316
-5842
-9
-3559
2770
1163
8585
1213
5334
2880
4637
-2444
-9045
-6921
-5097
-6138
-8272
-4954
9314
7757
-3941
2722
-7844
-5555
-1965
1384
-4831
-4960
8936
4921
5644
-824
9006
-2511
6818
-2151
-9566
-4708
3376
3471
-9487
438
-3942
-1361
9447
-8555
-3530
5058
-4255
2417
573
-8766
-4588
-3647
3713
2995
-6200
-5848
5491
-2716
-5457
-7765
-2759
-4060
-9358
-1731
-3264
-6939
-5874
7743
-8522
9359
-9448
5787
-9440
4977
-9715
-6796
-1989
-5592
2032
-5384
2162
-8980
-9014
8008
3486
7664
567
681
2086
7941
-9985
-1812
8504
9560
-4224
7823
6275
7078
-6300
-8563
-384
-9800
-4015
969
-6491
438
6568
7460
4700
-3390
6707
-560
9712
-8671
-407
9477
-7870
-3549
-4995
-3648
-8161
4424
-2349
-9678
-7502
-291
-9253
-1248
-5813
-8096
-1944
3944
-2003
3549
1012
633
-2687
6095
-9072
743
-9753
4321
952
-6038
-1695
-797
-4928
-9911
-4684
-8205
2935
-8995
5662
3043
473
6484
-4397
-2407
-4328
-8243
8761
-901
-806
482
3597
-7827
1533
-9418
1381
-108
-3159
-6971
2817
-4933
-2502
1418
8980
1937
-3442
-5270
7707
2736
1728
9857
7978
-4132
-4989
9071
-9754
5232
9244
2969
-3091
-8578
5019
-1269
8794
-5256
-2175
8306
-2369
-9544
-7386
596
-894
9192
4845
-7489
-4638
2175
801
298
-5015
-6603
-7330
-9581
-7943
-7345
-5523
-7249
9052
-9334
223
868
-3647
-6925
2204
-8060
4729
-7812
-908
-1625
2174
-1281
6148
4423
-6878
-746
3302
9524
-531
-5373
-6674
-6124
-1973
-7677
-5816
1965
-1664
-496
-9
-2502
7177
-3086
-7674
2132
8333
8327
-6520
7759
-4830
4829
-7712
9330
-3433
-3907
-7301
-670
-6187
-1417
7636
-1460
-4061
7360
-3206
-4661
5424
-6322
4920
-8313
-3061
2909
5418
661
-7798
-4370
9956
3375
-7636
8424
4683
7670
4767
-2236
-1266
-4506
5558
7635
-4561
-9335
-7945
3901
689
8013
8621
-3797
-3538
-1531
5218
-4629
7570
-1332
-443
-3351
9090
-9575
8738
-6752
-9991
-2071
-7955
2518
-9861
-2
-3350
6151
1462
2297
-4715
3112
-909
5949
5049
7772
-3562
-6117
-2532
5297
9483
-234
3597
-915
5184
-8858
-4203
-7650
1519
-1661
3176
7311
4239
2190
3331
1070
6446
6184
4913
3214
-6604
-7632
9038
1366
2216
-3647
4637
9804
9696
9291
-7755
9320
9610
5545
-6368
1660
-9742
1155
6233
-6826
3465
7418
3615
3938
7468
8696
567
138
2623
7608
2035
-4284
547
9153
-7578
4647
6508
-8005
-8257
8347
-4807
-2258
50
6377
-7261
-9178
2503
3681
-517
6898
-2474
2725
-8971
-7575
-1931
-7846
8290
6761
8193
1698
-8362
-6412
411
-8844
8281
-9925
2147
-3660
2107
6748
3627
-2772
7404
-9754
7744
7932
6595
-165
-5426
-494
1622
-2385
-9279
-6524
841
6024
235
-390
-2826
-2991
6249
5826
-3805
-8186
9089
2881
7388
-9837
-1436
-3119
4605
-8022
2042
-8002
-2866
565
-3485
3731
420
2761
-8866
1170
-1056
-1452
-2401
3365
-7358
3439
1661
3706
8433
-5728
2053
-7362
-238
-1268
5629
-8015
3856
-1078
-4394
4762
2894
-3612
4497
8633
8509
-5
4113
-9115
-2829
8751
7235
6815
-6834
-6921
3998
-773
-1378
9909
-2944
8246
-8977
-3509
4850
-9939
-8409
1095
2842
-7415
149
2329
-1455
4711
-4234
-3618
-9092
-9345
7914
-2863
-942
5483
6678
174
-9312
4172
-2881
900
-7281
-3817
490
7228
3211
369
-4618
-6038
-5015
9972
6542
1986
665
-4339
-2273
-3765
8341
-8088
3614
-3107
-8413
9232
706
-3271
2097
-7263
3753
-85
7977
-4750
9729
-4598
247
9605
-2305
5878
9128
-9737
8122
3893
586
-6317
759
-122
-5466
3527
7441
9845
7456
-1288
-5440
-4803
6727
-4973
6908
896
-9953
2589
2882
2199
-6999
-9247
8324
1715
9713
6932
4722
286
-6038
9936
-3387
9912
-3163
-5752
-1609
-8974
-4471
4150
-9567
219
4469
-1499
4126
-1292
-4216
-1518
8771
1082
-8916
-8347
-8156
-7345
-5504
5099
-6404
3397
4849
-6940
-2742
-89
8617
960
4190
5114
-1077
-2956
-1291
8304
-685
1115
7963
4624
180
7583
-6598
5568
8706
8400
6216
6750
1973
-3324
812
8426
5358
1410
-9891
-5284
4769
-3217
7880
486
-6398
9646
6209
-7141
-1885
9475
-9002
-8835
-7318
9980
-9818
2771
7910
7552
-5563
-1314
1175
8532
-7596
-1685
2492
-4574
8281
5168
-1683
-557
-6399
-1684
-6702
2044
5383
-3933
-3175
-6077
-6523
726
2700
-8345
-3477
8244
-7589
5037
-1408
5018
-7718
-6444
5748
5576
7549
2893
1707
7228
-571
-9658
-9801
3346
8486
-4897
-7322
4571
-4509
9545
-7813
-5843
-7643
4360
5592
-8270
-6196
8731
3369
9423
-979
-2188
-8038
6545
5681
-5147
-2011
-1740
-7661
-8891
-6899
-9465
-8059
9333
2181
5166
2806
8474
7508
6943
-4533
1943
-2128
-6878
6329
-9096
-4506
8780
6626
6998
8162
9816
5392
-852
1427
-1616
-6027
-3408
6035
-912
9147
-833
-1985
-735
266
-9073
2925
9329
8298
-2649
8647
9626
1478
5062
-7021
-4763
528
2722
2773
3090
3679
-7729
-2938
-3278
4
8885
1731
7079
3592
-3492
8922
9173
4005
-9355
-6013
-5151
-4510
2653
-2480
7491
-8623
6843
-7481
9755
9987
7863
-5438
-2456
-736
7294
3941
-4338
4867
153
-9419
1918
-3819
644
-4108
7514
548
2521
8726
-3809
149
6740
-2254
3134
7778
500
9525
-1751
5451
-657
9235
-6602
5685
-8192
-5057
-1398
1697
-198
-5063
-6828
-5759
9017
-7513
7469
-4728
-3021
7995
2351
-230
-3998
-242
1682
-8933
5032
7684
7735
9882
659
1794
9165
9798
4395
-515
6652
5745
4405
-2734
-4364
-3758
-9790
3085
5576
-4378
198
-2509
371
-319
-1162
8770
-243
6830
7669
6608
995
-9106
4136
-973
1560
-7982
-6113
-7860
5171
6316
516
1661
8051
-5660
9902
-5174
5138
-8698
-1027
-3372
-3339
-1789
9460
-4782
1933
504
-1688
9691
2873
8566
7259
2435
-220
8197
-2517
8535
301
5089
4018
-6851
6432
2713
5296
-6501
5769
-7306
7488
5368
2677
-3988
7874
5151
5439
-7827
1700
-7550
-9687
5005
7049
1575
-3476
-9650
3029
-2284
-8960
7666
-4129
-1097
552
-9338
-9565
-7773
3183
-1340
5977
-6956
-988
1107
-8361
-4787
-8972
-1682
-2630
346
2621
-5800
-5318
-2834
5386
-255
4881
1103
3386
-8454
7466
9984
-469
9964
4048
-5326
-8127
-7635
7236
-9445
6227
-8080
9612
-9318
-8150
5567
3289
-6196
-3601
9459
2127
5510
6219
8326
8635
-1122
-2846
1059
706
2322
-2314
7901
-8833
7119
1867
-6257
-537
-4094
-4140
-6576
-6492
-7107
2281
9022
1870
-8160
3322
-8601
-1176
-3573
-884
4679
2101
3566
2015
8236
8577
3394
-4870
7783
3257
-7954
1231
1090
-3757
4101
6892
-7007
6049
-5374
692
-2553
7904
-3904
9952
-7496
4009
-3513
145
-2762
5195
-8855
-3162
4895
-6841
-8300
-2486
1175
5225
9813
-7944
959
4712
-5114
8192
6429
2521
-7761
-2473
-469
-808
-6148
-5951
-622
-8633
492
1971
5184
585
2757
2514
-8136
-3518
-3462
7495
-4325
7579
-8283
4586
6504
2194
4442
8646
8396
-4945
5705
-8095
5513
-5512
6748
-1857
-3734
9584
-6238
1961
-927
-9761
-8235
9009
1645
2558
3735
-201
-6239
-9306
-6023
-4480
8914
-2325
-1463
-8265
-5275
7397
288
190
-6684
-5959
-604
847
-9264
-8765
-7218
-8751
5786
-9315
7797
-4751
832
7804
1310
3475
-8121
-9374
-2903
763
-6544
3221
6941
-5457
-8016
8764
-5140
1014
714
-1705
-6786
-9962
3650
4849
7391
2083
1560
4344
9820
-9411
6314
-3633
4679
4842
-9690
9709
-9017
-6888
-2662
-8431
4252
-3975
-2733
-7564
575
-7728
1746
-6094
-6005
-6040
524
6645
4973
7345
-4317
-9986
-7396
660
9033
-3203
-6468
-3519
4887
3832
-60
-3565
4719
-9229
-7286
7818
9245
6900
-3985
3991
5459
2504
7042
-96
-397
3522
7375
-2717
-9406
-5228
7143
6436
-6491
8161
-5543
3648
2687
6432
9298
7107
-194
2038
-6800
-3732
-9608
2914
-9573
-9268
5957
4060
9981
1569
3413
-8439
-1772
-9588
-2879
-8765
-5161
7260
-3064
6003
-6065
-2294
4595
-7401
-3235
1562
-5600
-2624
3944
2164
134
3456
-7425
5381
-4123
-3049
-7852
102
-962
-3752
9117
-6425
1558
680
-2269
7429
9548
-4754
1237
3000
-2312
-5672
-7946
-1972
1537
-7274
1527
4958
-6381
2215
-6750
-1800
-5936
7368
-7367
299
7492
5043
2175
-3314
2862
8700
-9721
6081
-8927
6044
-3956
-847
1562
1880
7801
-3453
-830
6227
4108
-7124
4493
-2458
-159
8662
-4776
5846
-5841
-7337
-9576
3617
7462
-1930
-2571
-3130
-3187
9002
537
4087
-4716
5444
261
-39
-261
-9730
-9390
8785
2397
-6356
9781
9417
6743
-3302
7895
4812
2887
756
615
-6211
-5186
-1888
-4579
-6523
1680
2551
2684
-2858
1227
-9207
8704
-6885
6535
6329
-6085
2950
-6602
8599
7918
394
-4711
1098
-8831
4023
504
2315
-769
2955
5222
8956
-2015
14
210
-6658
-4851
2299
7372
8746
8801
-8001
-2050
4871
-8121
-7846
2006
3446
-1626
3973
7352
2014
-6141
-6418
-4022
2396
3799
5623
-1010
-2283
-8077
2812
5116
-8914
4198
-9788
1043
4881
1157
7045
5422
-8906
2482
3496
-4563
-9490
9331
-4133
4875
8610
-9843
-5440
4780
-4114
-1421
-5755
-2507
-8236
-1014
9856
5410
-8252
-8398
-3512
-5600
8838
-5079
-5822
-5323
4868
9991
-4574
-8738
-1659
9777
-1458
7875
2459
-3807
6674
-7088
-5396
1549
6825
-4060
3184
-1021
2383
-4825
7611
7284
-4121
-6487
-8793
-9299
-5630
-9231
5022
6552
-3350
-9793
3585
-2549
6424
7681
-5945
5386
-202
-5699
-8516
5221
-4421
-3762
-8675
9519
4235
-5093
-8974
4389
9643
-2350
-4144
-3032
-6748
-2831
-2050
-7457
-1525
-9244
6656
420
9209
7878
9434
6724
-7412
-7516
9113
8156
-5380
1075
8673
-2182
5290
9148
-3676
-9352
2175
-7718
7454
2526
-5053
536
9508
872
8210
-753
-3714
234
-4378
3201
-9594
-9043
5328
-2697
-3397
-9081
8263
-5137
-8433
7167
9204
-2406
5245
-3756
1676
-6924
3900
-2197
8606
-8927
9655
-6774
145
8079
-956
4570
-2127
4133
6048
780
6175
-6943
3283
1737
-2319
123
6892
-4278
-2692
-9647
-4789
-8079
-8269
3412
677
-103
-777
-966
5973
6288
722
-5738
7455
5017
-5914
-1808
-832
2901
2024
7991
2060
1743
-5006
-3671
-7908
9402
-4471
5074
-2491
-9896
1342
-1649
6873
2934
4469
5895
5173
-7125
-1718
1469
4330
-6058
3474
-3860
-8915
-3609
-4358
4805
-8486
182
-2224
-8473
-6401
-7765
1119
2950
-7921
2216
-4160
696
-7347
3943
2382
-7432
-2013
-2264
-1099
6756
9220
7736
-5147
7993
-9425
3269
7266
-2271
-1352
2064
9688
-432
-1054
-6240
8158
4735
3820
-7715
-2725
5313
-937
-9157
-6092
-8325
4983
-6775
4348
-9753
5772
-2678
-5051
6577
-4842
-8680
-2898
8358
4407
2718
-8662
4522
-8430
-729
-5552
1106
777
6538
-9131
-1352
3430
2105
1074
-4158
8484
8762
5960
-6173
-8561
3855
-9564
-6025
7027
7318
5043
6686
-3946
1599
4640
-9906
6762
333
-1474
1567
-5610
-3460
3820
7327
4441
9730
356
3862
-4672
1423
2322
3074
-573
2185
-38
-5731
-1003
790
-6975
-6811
-297
3073
-1095
-2459
3654
2792
-563
-1742
-2231
-7368
-4216
6450
-1847
1085
-2506
-9681
-1476
-8244
1929
6344
-8114
299
8485
3802
6903
-6181
1613
9472
6010
-3544
-2355
5864
-4400
6648
-2367
2797
-9386
1600
-9706
-7906
-8307
7594
-7660
-5772
6345
9958
-8819
-9067
-9491
5026
-8580
-6891
7354
-477
5804
-2430
-5745
-1585
6089
-3633
-3091
4130
-3112
-6525
484
-1595
-1073
9528
-7774
7606
-543
3361
-5743
9347
-7161
9821
1675
1681
4387
4202
3257
-6750
6839
-1439
7348
3574
7849
-759
-5948
-4121
-6257
-6380
-2544
7771
8969
1811
2010
9670
-8498
9275
-6358
105
-2457
-3718
898
-1939
-3312
2845
1099
3965
-2743
53
-4589
292
-7646
877
-7956
4725
6792
5211
1911
-4912
-8535
4282
6070
-4063
-6605
5322
7347
9905
-1954
-4456
-9622
6206
4769
-533
5926
-8351
8651
-8143
4904
7865
-2200
2318
-1511
-4911
-4126
-1553
2700
7840
4095
-2844
4367
-2981
-4099
-5778
7358
7028
1038
7426
4035
249
-9098
-6907
-2029
-4504
-9029
-2790
5283
7303
-716
-5050
-9639
6381
-6216
8751
-1381
-5207
-367
-9051
-944
954
8061
2585
8391
-3331
4478
9881
-9213
-4461
-3229
-5377
1044
-526
9037
200
8172
9916
9125
116
9726
1683
8354
1742
7222
2253
-1590
3553
1851
-9996
-4338
6045
-9047
-5117
2671
-7226
4196
-6553
7322
2548
9886
1781
1003
1687
-1423
8534
-1816
-3451
6146
5650
9004
-9801
-8376
-3295
-1811
-4019
9657
-7637
-2824
-6814
4007
-6137
9021
1867
-6869
-5105
-9560
6526
-7036
-5868
19
1233
7341
3409
-2019
9087
7688
3430
4207
-3761
6199
9795
-5835
8993
1467
-8384
5396
-3310
2040
-7278
-459
1108
-5501
-3724
-3793
4013
7742
-5630
-3020
9127
7692
8584
-4806
-6453
-3411
9572
-1668
9908
-2118
-6815
-1237
-8335
2382
-8826
-850
3128
-3693
2402
6883
791
-56
-5527
5050
7840
9813
3875
-1753
10000
7754
8634
-5207
7889
-6929
-8123
-4082
-566
-6783
-3151
9773
-9133
5361
4527
8816
-2031
5509
9268
6904
-5195
-2956
4261
-7285
514
9343
-4258
-538
-4477
-1990
2736
5782
4318
2517
-9964
7186
5879
458
6190
3195
-1371
4674
3822
536
-8997
-2880
-3625
4868
3688
2845
2622
6385
8949
8949
-2249
142
6026
-2241
5663
4098
-7956
1147
-8738
5201
-4851
-8434
1642
5851
285
2071
-7568
9474
1300
2299
7125
-5217
-2518
5382
1281
7895
339
-2985
-4798
-418
-5469
2206
9305
7228
-6469
1061
-8536
2072
-282
-8526
-6900
1115
8887
-1521
-2220
3313
-7188
-9595
6575
7573
-5109
7873
-1742
-6710
3374
9587
-2881
4917
6396
9054
2225
5139
5832
3047
-236
6856
-6797
8887
-8202
7940
9707
-3254
9382
-7520
6848
-3653
4715
8353
3197
-668
3543
8881
5700
6012
298
2618
6553
-7319
-235
-3882
7781
-3875
8115
8417
9438
-8997
5839
7592
9055
-3775
-5219
-2745
-3502
8697
-3792
1430
-4139
-2073
2698
3675
-9444
-1204
7022
-2736
3749
4076
3967
7437
-1633
653
4994
-1684
6370
4284
-4737
-7251
-5047
-7514
-8866
-4978
-8377
-7086
-69
5311
-5192
7784
-4202
9580
2202
6587
-8745
-5582
-2437
1425
-6707
-4785
-4448
3178
-6829
750
9618
7539
-7243
7786
3871
-5092
-7191
-5614
-6487
1003
-3376
-1919
-1303
-718
9682
-6214
-228
-7006
974
-9872
-285
8790
-9327
5500
-6512
4184
-8216
5477
8754
4623
6450
8419
8860
6978
2761
8562
-2496
-8202
2958
3856
-527
-1377
8507
7512
-6983
3090
8853
-5624
-9263
-416
-4389
3103
-3182
-5992
3896
-5367
1262
8083
-1530
6036
-5761
7866
603
4166
4377
-3514
5584
3230
-1552
4404
-7725
4722
6047
-7585
-6090
-7398
-8463
-8582
1880
424
4603
-579
-8685
5678
-6816
-6039
8353
-4821
-1999
-7168
160
1945
2197
-7586
6826
359
-9025
8765
-7433
1039
-6152
-960
-7302
654
5573
7965
1668
-2534
-3860
-2690
-5734
3510
871
-7808
-3928
-2009
-2357
-7195
-6492
7471
5243
4857
1510
4214
-8916
1261
-7191
6772
-7899
-2961
-1228
-9814
4183
-3768
527
-6015
-9060
-2366
-1456
-81
-7960
9314
-676
2842
3879
-8511
-8469
-8083
-2766
963
-7888
7766
-6651
5028
3249
-4504
7622
-6678
-6158
-1651
7520
-9588
-8208
7666
-8734
-6574
1218
4141
9729
9453
-3638
-4725
7550
1121
-6067
9871
643
2660
6272
8463
-7565
9292
648
6070
560
9828
4708
-2166
3757
7713
386
9220
8406
7942
733
-2928
-9214
-5080
8191
7885
-8523
1069
-5329
3963
2809
-3264
2889
4898
-1331
-9449
-9444
-6298
-419
2653
-1738
-529
7486
-3011
-3950
4790
-9897
-2230
-5944
6301
141
780
6229
2518
-4908
-962
-3970
-2306
-6988
-6132
8626
845
9050
-9198
9625
7583
7849
991
-8792
-9247
-1468
-561
9284
4509
-6865
-8838
-6877
-7337
4392
-7066
4310
8817
292
4819
-8300
7418
-7896
-1782
4255
678
-1489
3325
9063
899
7693
-7769
9488
-5590
-2937
-9670
-7945
1885
879
9203
9277
8397
-6675
412
5435
9100
8333
1744
-8031
152
3303
-80
4327
-9358
-9512
7377
822
7743
-3158
-6696
2036
8407
-9670
5254
-6617
-6017
1669
-9830
7805
5585
-6749
7683
5475
-370
4324
2537
-3410
4043
-4545
4433
-1479
-8688
-9084
-1262
494
-2165
7313
305
3347
3088
-273
-6944
8573
2733
6669
97
1381
-155
-8322
-8324
1583
1797
1510
6345
9305
-1405
-2135
-981
-8605
8031
2676
5606
5129
3342
-3631
-5641
104
5565
1933
2279
-2028
2067
-7144
5898
-2811
1308
-2735
-7281
-6797
-5885
-1639
3585
-8127
-7586
-1954
8698
8860
-6814
3849
-1452
942
701
7291
711
-9538
1558
-2376
-9615
3378
2392
7032
-9518
3954
7553
-155
-7213
-7703
-5617
-842
2787
3327
-863
-1957
2037
-7190
1008
-245
-8710
8155
-694
4814
9236
2556
6511
-1521
7208
5577
9217
9806
-2156
2408
-6716
970
-3751
-5169
-324
-4603
-52
-4827
9641
4617
-716
-7448
5094
9525
-8454
4654
8427
5351
4395
-2625
6952
-7726
-739
4428
-9496
1673
-4437
7454
1091
-418
7122
5817
5057
-5256
3079
3620
8383
-277
-9323
2075
-6414
9666
-6803
8409
-8222
1645
3695
-7301
-4695
-2350
8210
5341
2158
-2695
7771
-3290
-6313
5816
9267
5620
-3401
8267
111
-8308
-3802
6719
-5509
-3918
9428
6544
6546
-1539
1650
-4287
-625
-4948
446
-6460
-9231
-8211
3184
3313
-5513
7513
4178
3378
5845
5728
4685
4022
5004
-1575
-9722
-2381
-1345
-94
-6900
8394
1663
-8870
4478
-1258
-4202
5767
5205
-1754
-7545
-2892
1772
-6957
-8762
-599
-6312
-695
9353
-3660
3479
-6686
-8787
-3176
-3256
-7343
-3372
6759
4430
-7902
5052
7077
9483
-5637
6651
7867
-2988
5012
-6829
6340
8191
4483
-9827
8204
-7345
-2934
-5443
-5406
-5082
619
-8678
3071
-6905
-4893
-1255
-6167
1235
2821
329
-3023
-3529
1750
-6158
4585
-672
6837
-5547
655
-2309
-2007
-7431
-5394
-9276
-7069
-7497
6637
-1355
-326
-7926
-6500
-6405
-952
4092
-2018
-2858
9393
-2482
2787
4769
4326
6002
4283
2940
-6199
-6896
-9787
-1018
-6995
9019
9677
4871
-2141
1240
6751
-6605
-9657
-5618
-420
-8274
242
-8045
7630
-6455
6421
8940
3045
6679
-6361
-2958
-3763
-5675
6639
-827
4664
4092
-2206
-5585
-1686
-9875
-2363
-2881
-2040
714
4903
-6588
9377
-6760
-1333
-1826
4917
6354
1592
9939
-4518
-2722
6078
4539
-6775
-7829
-2928
5586
-7758
-426
7807
-6446
4636
-5027
-5546
5509
565
-3474
-1863
-9085
1378
-1351
-5605
3967
-8210
-326
-8620
7502
-3282
1689
3354
6738
-7143
7976
868
8323
3912
259
-2482
6489
9963
4217
-260
4100
189
-2788
-7769
-7133
-978
-5794
5022
1231
-5312
5547
-7285
-6579
513
-8968
9694
-7243
4136
-1757
-9849
-137
-9371
5604
9054
-1873
3372
4681
6569
-6006
5182
-1757
-2059
-9776
-5475
-984
-2729
3420
-6097
3596
4196
-8661
-2899
-2348
7854
-9536
-8924
-7393
486
7926
1341
2399
1259
1268
-8155
-7477
983
-8710
-8301
-1181
6955
-7464
-7387
6336
-5032
-7794
-8313
7035
-6542
-9138
-8293
-3489
4611
-1548
5524
1857
-6923
-7003
-3705
4259
2726
-254
-6035
-5805
9575
-4381
5289
-261
-4068
-992
3655
-8241
756
-1728
-3594
5583
8871
-166
9892
-9832
-4047
-3473
-983
-343
8346
-7590
-2080
394
390
2614
-4044
-6496
-382
4073
-1407
-6483
-5291
-4849
-6625
7597
-9137
3200
2466
8105
4460
9434
-204
-4625
5880
-733
-4631
7124
811
-1528
-7110
-7103
2020
-5401
234
340
4075
-8005
-3992
4290
-6686
248
-1079
-7625
660
-6522
-2095
-9748
-9611
354
-1073
9082
-3613
-4889
1562
-34
-1187
-4426
-8573
-8130
3988
3863
-8426
-2606
307
-9618
4381
-5814
5064
-8520
-5955
7893
-4529
3248
-2855
-6736
816
9333
-178
-1050
-6931
4550
6224
2277
2577
7325
1564
-5120
-1384
-5580
6387
-3914
-9339
4905
-8420
4948
-5100
-1566
-4015
-6889
-4257
2117
-960
7253
4242
348
-4297
-6674
-2516
2846
-6875
-3597
1747
-6187
2214
4855
1625
-8625
8689
-8471
8055
1932
1348
3678
-837
-5384
6855
-3599
-491
3723
-9560
2416
-3492
3828
1051
6190
7538
-1997
-2820
8486
-7507
-8268
722
-8274
-1565
-6089
-1621
-8120
-7535
-7419
-1815
-9888
-9352
-8652
201
9371
377
2285
-1422
-4422
5398
-2982
6642
-6942
8519
-5728
4330
-9634
-5341
1626
-6481
3126
-1307
-7870
8893
8558
-6474
1929
-3976
1522
2086
2179
-6832
2295
-9535
-2074
-1517
6328
-5461
2270
9915
2485
4946
-1834
-2071
-1020
3601
9162
372
-9686
-6015
-4423
6376
-8714
5630
-2391
5802
7075
-935
8998
8451
971
-7226
9224
6920
-2231
7232
-4366
3903
1886
-5281
6604
-3366
-9557
1493
-5331
-9508
-779
5305
-3973
4671
9252
7863
-8033
1634
7939
-3629
-9847
-8547
443
-1791
-3204
8351
-289
1939
3419
-5678
-1468
3573
-8353
-8585
4650
2050
9405
4875
-106
-9880
-3616
4138
-3379
-555
-6093
-7900
-5132
-2163
-5198
-6432
6017
8979
-3283
4499
-9380
-4929
-8920
2565
9839
1475
-9862
6022
4532
7765
7029
3627
-4679
8273
-7115
-957
817
-3396
3434
-1198
-6958
3529
-6687
1222
-231
5971
4081
8799
5666
-8296
-1772
-3590
-2207
4666
-9074
6707
-9410
-9446
9547
-6228
-5059
7828
8337
8349
9147
-1362
6652
7887
3430
-6170
574
2528
9924
8257
-1359
6199
353
4907
2308
-2359
-3679
-6412
-5066
-2358
2968
-5211
2523
9706
-6559
9501
5876
-8599
2570
487
-4662
-4428
-3094
8241
-3665
684
-6064
7023
-996
6657
-9953
5263
-8364
6706
-5154
1756
3704
5191
-9781
-7155
3580
-7863
1256
2076
-4649
-2921
3077
-7651
2128
-2591
-1151
-7439
-1859
5269
-7336
6959
-6226
-6360
46
-5946
-2852
-36
-1059
7596
427
-1984
-5288
920
-8128
-6203
5824
-7927
-2785
-4808
2428
-3107
7518
6273
-6917
-5906
-8690
5663
5911
-7416
-6245
-5054
8024
-6600
1698
-5216
7715
1493
-7651
4166
4600
8641
5839
2122
1907
-6628
-8790
-2633
1137
254
-4317
7976
946
4815
-8330
162
-1285
6413
5974
8274
9999
8432
838
-3123
-7468
-2810
-5821
1426
7441
-7603
-828
-6658
4318
7271
-8585
2025
8520
-7967
-3787
-6410
-4298
-7365
5893
801
-9146
9459
-9746
307
5723
2424
1543
4723
4048
-5930
-1313
5824
5316
387
-5485
5018
-1911
-3480
-6698
3344
-8210
7105
-7010
-2472
1888
2309
-4762
2188
9836
-3293
6271
884
-2938
7847
8600
6159
9622
2983
2992
-4115
-5117
2700
9602
-1286
-6780
-882
3294
-6272
-9694
-5018
-3439
2142
-7404
2196
2043
8013
6649
9599
3688
-2075
7315
280
3702
946
9365
1080
3608
-253
1565
2221
9833
7046
7334
-4794
-3997
-6296
-2999
1972
-8961
4661
6779
-9714
6055
-5830
2303
-7562
-7498
-25
-4852
-513
-5812
8350
9658
3534
-952
7090
1810
-6319
-6316
-1877
-3755
2843
6186
-2208
9482
7551
-4302
1008
-9488
525
-280
8201
-763
-4651
-7148
-563
-5593
-1704
9012
3723
-1417
2529
3063
3570
-552
9756
-3849
-6075
7491
8509
-5858
3944
-123
1516
-3388
-796
7012
1388
1097
9195
6763
4929
2480
-4604
8078
-2709
7337
5474
-452
2521
-3653
-5684
-4355
-2189
5239
-8983
2410
-2323
-7350
-6331
2519
-8996
656
6870
219
5986
3695
1290
-1324
-3408
-8672
5407
-3543
577
-7460
6838
6575
262
-1080
5432
-469
-9305
-9164
-9205
-4246
-7152
3210
403
-3951
-9966
4656
3156
4587
-650
-7041
114
3459
3484
7718
-2594
877
614
-6468
-8320
-9914
7119
9012
8617
-7991
-6631
-1759
-5081
-4147
-2551
6874
-9788
-9829
7306
486
-5567
8832
-4214
8932
-4585
5008
2435
-8034
9765
3147
7378
-5360
-4268
1574
-4899
6412
1756
-8207
-9705
-1270
8015
-9813
-6309
-626
3940
7004
-5862
-5051
6320
-9701
136
1406
5614
9991
4061
6091
5724
-2538
-4232
90
-5337
-9113
7924
891
-6635
4365
-5017
9446
-674
9015
6999
-7630
8008
-7686
-7875
6306
-1160
9391
-1948
-500
2610
-9125
1226
186
7749
8957
6323
5021
-8963
-1675
-1423
6339
3901
-1170
-3017
-6826
1499
-8845
8285
7799
-9364
9109
7079
-9693
-3040
586
-6317
7748
5426
6830
-2145
23
-1948
133
5614
4634
-3862
-4446
7154
8576
-9794
-3666
2728
2678
8846
-9369
-626
-6459
4327
-5511
-8712
-299
-3814
-8785
1070
9488
4523
-5552
-4258
-8441
-2436
3943
8077
-8938
-3234
-1222
7996
3925
-2269
4495
5683
-8780
-8215
-9932
-3386
579
-636
1804
-2004
-4444
1782
-1813
-9573
6825
4167
8252
-6792
-7189
9089
-1719
405
-8807
-2702
2763
-498
-8381
-5233
8693
-5038
-9876
9073
-2551
-8591
9854
-6710
-300
9605
7061
4283
9928
4582
3726
-430
2453
5770
4439
-8273
-7567
4258
-4864
1038
7030
-7105
-728
9796
3502
1430
2128
4288
-9652
7050
3221
4783
4681
-5291
2584
-2915
5156
5195
-4449
-4982
-109
4096
2131
8041
2581
-2899
2886
-2028
-2779
8451
-7345
-1103
7833
-9621
-5730
-3505
4415
5021
-6469
-5613
1551
3584
6547
7074
8144
-3067
-4775
-8710
8600
-936
-4067
8565
2706
-8857
-8733
2963
1083
8257
2798
1093
-9896
4192
-2198
-1373
-3324
-2186
3869
-1269
-6174
-1978
-1870
6031
6508
3649
5479
6948
7762
9463
3419
131
-8203
-4551
-3871
782
575
3245
8478
-3980
2580
-4400
7692
9977
-6787
-525
2467
-9296
3355
-1777
958
543
-1084
6108
-1566
6691
-7084
-130
3668
-2780
7960
-5775
-3300
8577
6922
7222
-8243
3705
-4101
7885
9122
-1906
-206
-8286
1972
-131
6890
3175
-684
1956
-5252
-8144
-5934
-1737
-8077
2728
-4148
-9313
-2286
7528
-6015
-1339
8076
-6499
8770
-683
4420
5957
3743
-1279
-7064
1293
-6104
9454
4270
-9753
3303
-503
7501
-7106
-5603
1949
-6874
-5420
1812
-402
448
-4732
-4975
8482
-5852
6321
-3646
-8323
-6309
4348
-1611
-7828
-6593
-7925
-146
-3169
5605
-6058
-3807
-7074
-1295
9986
5528
1533
-7950
-1169
-7703
9909
8392
-2998
1800
-30
-9492
-2409
-5698
-2176
-1599
-8678
-2262
371
6049
-3262
1145
6106
-2286
-8423
-7918
1944
1399
8035
-8974
6690
1234
-1780
-1788
4673
-5830
9312
2381
1248
-7999
-689
-4127
6679
-433
5743
-3955
1337
-4135
-370
5690
745
-5491
9352
-7865
2008
2679
-9686
7818
3875
8926
-1667
6700
6920
-2728
-4084
5972
691
-8206
-3361
-8050
3356
4618
-9860
-6648
7897
7625
6176
-3034
-7047
-7742
7514
7121
5463
-7819
-9812
-8877
6621
8796
175
5
-6683
-501
-3454
-9636
-9039
-5961
337
528
-7672
5803
8370
-5209
-5883
1254
5437
-6152
-5807
4990
9265
6094
-9273
9895
2009
-7402
9917
-6888
7572
8234
-2875
-5578
6041
147
5992
7399
-8170
9627
-7267
870
-7192
-1327
1786
-694
-8148
-4971
-82
-2233
1138
4767
2486
-3018
9571
5685
6030
-4159
-4360
683
-3276
-8475
3795
-9393
7717
5810
-4598
-6179
3176
1365
1008
-1921
4476
9267
2322
-6966
1295
5174
-5251
-4716
8230
-8124
-5366
-1285
-4274
-8741
-8495
-6908
-266
4577
3036
-349
-115
3966
-925
1266
-1539
3968
7351
-4956
-4737
2868
-1306
8762
-6969
-2231
-4590
2184
1272
9147
-1526
-3764
6787
-8142
-6722
-626
7873
-1888
8823
-2133
-4787
4194
-9101
-4710
-6463
3125
7049
-4550
5994
586
7705
4910
2359
-2663
1211
3112
-6976
5823
7701
7134
-197
-5022
7312
3091
-8753
-8489
-9
-6169
-8109
2480
-8305
2280
6592
349
9630
7673
-617
-4609
-5542
3193
-1658
1486
-3791
-1408
-6567
34
4183
9398
9336
8344
-4040
150
-9941
3625
8680
-6741
1718
3633
9132
8385
-8407
-7699
4029
-8422
-4496
-8630
-6937
-3799
-2462
-4763
3646
-200
-9557
-904
-2067
-2853
9126
3088
-9691
4826
8455
-7286
-9782
333
370
-5169
-5175
2549
-1806
-2588
2190
-6415
-6907
3736
-7047
578
4237
7121
947
2347
-5961
-9603
5979
-456
5718
4901
-5912
-5523
-3560
4439
9409
3753
479
-7858
2126
-1352
9826
2362
7239
1461
-8700
-2983
-6118
7341
-4916
8292
8096
7426
-4466
5765
2507
-2587
3306
1140
-2960
-7645
-1967
6810
5680
9671
7641
4653
-2707
-9069
-3210
-2450
-3116
-4564
8395
3560
1449
2532
-1664
-2369
-4031
-9606
-6283
3375
9990
-6245
-4460
2633
-3035
8144
3750
1848
-2572
5578
1679
-5492
4150
7757
-2694
3722
7235
9785
4143
-2057
2860
2245
9627
-8944
-7580
-2989
2631
1270
3501
1419
6479
5835
-6789
3381
-8875
-9256
6297
7728
8102
-2038
-5528
-4297
2136
-6025
7817
-5907
-5292
-4566
9969
-8386
471
4516
-3920
-474
-8451
-5880
-1867
232
-7795
6172
-1683
7343
3871
-4408
-808
-4147
-2114
-2998
-1045
-6183
-9021
-8593
-1764
-858
9684
8746
4813
4089
8279
9898
-1174
7105
5306
2577
2455
-9181
2467
-4027
2705
-3930
-3653
7016
5540
7228
4049
6640
-283
-2669
2526
-1650
-8226
2333
-4542
3608
4350
5326
8826
-4398
7444
6170
8193
5256
4364
-2928
-1021
6133
-9121
2083
-256
-79
4429
-4469
-4376
4350
9144
4172
-4782
3250
-9127
-4774
3082
2113
-6211
5482
-9964
-9852
-1841
-2786
8968
-9282
-3149
1515
6978
6079
8306
-8497
-231
7356
-406
-1659
2270
-5344
-7992
-9609
-7503
1152
-1296
8820
1848
9702
4729
-2806
3698
9580
-4244
-8066
-4905
-1885
-8706
6924
2030
-9956
-1744
-8325
8773
-6889
2281
-3235
-2521
-8580
-7906
2418
-2621
-5177
7677
-9275
2011
-5061
7544
438
-7904
451
9824
6745
-1577
2980
1982
-7832
2621
5672
246
-8697
-3158
-6519
-8106
-218
5458
-8958
-9078
-395
-2469
866
-5365
-7705
-8702
6365
-3577
3430
349
-8026
-3224
4550
-7266
-5071
-8614
-8163
2747
-8820
-5528
-2734
3529
7884
1264
4274
715
-732
-884
-9080
-4694
-7582
-8723
-6473
-1730
1020
6189
-1372
9939
6011
-5131
-666
-7921
9722
-1027
6181
6506
-605
7530
4566
-7179
3690
-6746
-5209
9135
886
1545
-9384
-171
-3614
8307
-533
7381
-4587
-876
6735
3710
964
-5264
-6689
-765
3985
6985
3643
-2125
6457
-8613
-7291
9482
1218
7601
-8592
8378
2010
9302
7922
-8010
8660
-5380
-1196
5283
-2651
-6071
9903
9636
6500
7613
2157
8079
1333
3221
5423
-697
8477
949
-2032
4576
7360
3130
-6983
-1682
8917
4407
-7244
-1369
6741
6585
-2973
-6716
-7908
2777
3322
-8588
-3935
-8892
-6671
8590
1568
-6792
2252
-1957
-5066
-3588
6869
1103
3354
894
-3695
-4026
1898
3372
6358
-6450
-5655
-6454
3548
-5298
2728
-5428
7230
-6334
6014
-3792
6697
6597
-7900
512
-1238
-9322
-2432
2125
6920
8367
9338
-5091
-9658
-2419
1426
6868
6811
-3396
529
-5760
5801
1248
2694
9160
706
3022
-6462
9638
-5243
409
-8362
-2249
-3463
7759
-9200
993
-1824
5159
-9377
1522
-3041
-9486
-5924
-362
8216
2432
-1592
4074
-689
4322
-6842
-578
-2638
6379
-2993
-2259
-550
1792
-3238
786
7310
-1883
-4738
-8214
7239
-3413
-511
-9763
-2210
2747
-2782
-22
5192
9413
7700
-3894
-7615
6178
5637
8627
-529
-4928
4391
-28
-4033
-8245
5944
-4394
6489
-2309
-2711
-6513
2058
4338
3159
8463
4686
-2526
-1466
-7390
93
-9160
-9232
3306
-8486
-1117
7281
6195
158
-9371
-4733
-990
4306
-8826
3992
-1501
-1637
-2784
1579
1534
-957
-2621
-1710
9807
1969
9349
8465
-6361
-3203
2577
8505
-6405
-9594
-5262
-2763
5140
-7471
3075
1073
4684
-4564
-14
3990
-6108
-2375
-7008
8429
8091
8368
419
8937
-7454
-1546
7346
805
-419
-729
8388
-2883
4532
5729
-7382
6794
-6060
5478
-740
-7573
-4312
7663
1295
9914
1073
753
8247
2324
-10
4137
-1407
-1851
-6781
2590
1305
5570
-8006
-5618
2389
1235
798
-7717
-8785
4825
1150
3896
-545
-8467
2467
2634
6755
-6881
3940
5390
-7012
8478
5838
-8699
-9522
-5583
-9958
-5052
-9543
2822
-5451
4950
9134
6213
-49
-8103
8106
-8910
-3474
6003
-3220
-6861
-5889
-5587
-2992
8862
9055
-7424
7025
3985
2613
3882
-1224
8078
-5321
-688
-8951
-8723
1310
-6811
9433
-127
-38
-2033
-5002
238
3180
-3889
-1731
8600
2642
-5952
1988
-8998
8985
9676
-9422
-6019
-8899
54
-6530
2566
2554
988
6510
-8025
2890
6795
2462
3218
7080
1267
-2528
-2165
7818
7619
438
-4822
-5413
883
5140
8948
-5476
6185
9158
-934
6809
-8044
-5251
-7882
-4338
-9256
-7304
9318
-9280
-6630
-7159
9318
8252
346
7829
7644
8140
4791
-4844
6586
6144
-7159
-356
-5509
8112
-8916
8390
-4131
1429
4189
-4909
-8255
-9482
-6873
3071
5478
-4135
8706
7020
-5508
-8937
-5447
8749
-162
1825
6081
5000
-5405
-1433
3689
5753
-7176
-8959
3016
962
-9674
8646
-2333
3905
7076
-6081
6095
-5140
6282
-5973
-4017
5695
-8731
4931
-5017
178
-8811
-6869
2883
7971
-5749
2183
-1840
-7793
-6265
-4239
-1265
-1395
-2481
5205
1587
-2230
-3458
-1542
-9433
-5870
1549
3002
-9493
2701
-9392
-8998
-4643
3570
2796
7629
6559
1190
-7594
8858
1329
1553
-9013
-3322
-277
8532
-2596
-262
8982
-4306
293
-2222
-3869
3943
-5870
-3790
3571
7476
2989
802
-2321
3344
-5200
-487
6129
2796
8499
-6964
4277
-9389
8655
-8734
9489
9846
-5961
-1041
2964
-5825
9892
-4928
2286
-9726
-4184
5065
-685
2143
-1744
-1362
1157
-1221
4974
5164
-5170
7365
-4176
-8866
-8940
-640
-7117
6149
-6703
2995
1921
543
-3303
-2071
9548
-4303
-128
3930
-2527
142
-268
7903
-8319
522
3718
-9533
-4603
2366
5897
-387
-5678
-610
-5301
-4907
-8433
7219
-5595
1636
8631
4280
2571
-9391
9169
-5486
-1009
-7034
-3363
2908
-9948
5178
-7406
-3267
8653
-5268
-176
9177
2997
-9510
-9571
-4958
719
4561
3953
6434
1323
765
-7443
2217
7482
7958
7552
3800
761
5947
6489
1477
199
7790
93
3720
8185
6874
-6481
908
9593
5784
8114
-4533
8762
4637
-7223
-5045
-8306
4919
-1548
-6765
-8247
-5252
-4353
9597
6863
2964
-1512
-4125
4840
-9359
-6471
-687
5918
6481
-5837
3052
3339
4662
-5478
-7034
7895
-3757
-2150
5165
6633
1366
6368
5073
8382
-1748
6555
5030
-3003
-9523
5502
4100
-4472
1150
-2521
-8420
-8116
5722
7749
3250
-2002
-7348
-1425
8260
6689
-984
4294
3706
-4785
-7184
-3927
2221
-8078
-9704
-5311
-9691
-6804
4186
164
-8941
-7759
9577
5409
2513
-5251
7486
-9691
-1128
-6255
2901
-9938
3654
7106
-3528
-4667
-4318
3960
1833
1651
7497
4053
-8355
-6900
500
-1643
8904
-3685
-1787
-9719
331
2644
2358
5908
-6780
8889
-2314
-2931
-3715
-1845
-1349
52
1585
-2222
-9394
8673
3214
183
1016
785
6384
-6699
9269
7880
8710
-3339
3575
-3978
-3918
-2539
1652
121
-5891
-5436
1999
-4985
-9258
7062
-5523
-6410
-7110
5380
-233
-3880
7719
5468
5709
-2323
7927
-9731
404
-416
979
-3999
-1154
4545
5627
-4132
-1208
9460
-16
-3333
-6457
-8385
3219
7138
3262
-7731
-6570
8916
5458
4208
-9481
2103
5469
-7583
1189
-5576
-152
3131
-4478
-4688
-1656
2587
9427
6876
4261
-8209
4660
-6858
-7445
8082
-1088
-4943
-3559
2350
-3575
3192
-2747
6605
-497
210
5944
1853
5712
4781
-5867
-9059
-1806
8864
-3667
4835
-659
-7779
9917
-2098
9069
-9948
6658
-4744
9599
-9359
-2825
469
-8205
5420
6594
-5488
5775
3392
3419
-5994
-1349
8694
-7390
-5765
2756
5720
8981
8840
9026
-3639
-6425
4136
-5847
9751
-515
-4119
1625
-1792
-5016
-3470
3779
4280
5151
-7325
5949
1969
5324
-9052
-862
-2263
425
507
3335
1002
4364
-3729
-5861
8715
9045
1537
-5369
-2962
-2327
-4398
9136
-2573
9612
-9511
7139
9091
1270
-2668
-6477
-8064
-8401
6149
-9170
7599
-258
4660
4707
8993
-4140
-5227
9344
-7295
3493
-7615
156
-5817
-7214
-5405
1549
-8672
7419
3446
-9496
-2188
684
8818
7177
-9532
-8356
-9057
-8259
-3668
5025
-5261
886
6831
-6265
-1496
6425
8369
2087
8756
7961
-245
-5280
4230
-4813
-5630
-272
-7988
-2628
339
-2133
-6603
6496
-8631
-9279
-998
7363
3214
-1589
6724
756
4252
3213
-4535
-7266
4374
4147
-8975
3667
-6617
-2443
-5870
-7239
-1183
2370
6785
-972
-8133
-9194
-371
1823
2218
610
-9420
165
-1121
8854
-9291
807
-900
-7979
-1052
625
446
3389
-1427
9035
-306
6648
-2990
8072
-614
4059
-8891
-596
-5073
1470
8635
133
6096
735
4501
9474
7327
-7257
8117
2633
-7067
-7361
-2736
-2967
-3433
-7766
-1564
1195
-9829
-3146
-6282
-3793
-626
-7885
3961
2795
-5847
-689
6303
8199
-5644
-885
165
1893
-9683
8583
8845
2189
-1005
-8047
3014
-6643
3600
-936
7446
-6968
-6148
4613
-992
-7946
8269
780
-2877
-1693
-4843
7112
-6518
-4422
-7923
3905
-1030
-5220
8127
3240
5732
3961
361
-2252
9678
2205
9340
-5046
-2885
-5566
6428
-2936
-1184
3642
2
4433
3029
-1534
-3473
-3125
8481
1656
-9590
-5437
-5036
-5806
5027
6206
7727
1293
2920
1682
5940
-5383
7993
-2884
-8006
8913
-3032
8438
-5879
4154
-9410
7598
312
-7105
659
5355
2274
6868
427
3708
424
1406
1737
4040
8683
9065
-4436
-8636
-8699
8355
-3687
-3957
-108
4555
9367
-9219
1402
6989
-600
-5948
-2963
-6785
3516
5711
-6692
3709
1645
-2574
-519
8437
-57
9315
-8574
-4915
-6920
-9486
3392
-3055
8041
-3919
2128
2457
2371
-8851
-1953
-8858
-2299
-5209
-6069
-8885
6543
1177
177
261
8396
-3680
443
-9024
4782
-3866
-3243
-4121
-5638
-53
-4357
281
5348
9135
-6598
2728
9659
9607
-4536
-4790
6220
-7510
9584
2189
4916
5153
2129
-9559
-5324
-685
9978
-2986
5411
-4576
-6599
4580
-3716
8066
1637
-9475
-5550
6191
-6668
-6570
-2822
-9865
-2062
-2698
2857
444
4390
-9686
-9768
4318
6129
-61
5938
7749
-8081
82
-5531
-2973
8425
6647
513
-8037
6144
-4021
9799
8800
-2621
-8431
8121
1948
-429
1146
5916
-1775
874
-6322
6649
-8345
6595
2845
7629
8223
-5301
9220
1382
-8749
-1266
-4292
-312
-2141
-7320
5132
8351
2171
9477
7911
-653
5698
4886
4782
3080
4998
-7701
3621
-6722
-170
-5575
3352
5658
1336
-4625
4497
5133
-7650
4414
4531
6500
-6313
4214
-1725
-334
7601
-378
9057
-1012
6542
4968
-1253
7266
-9891
5524
913
6360
-535
6951
217
-542
-5500
-1364
7723
6645
-9463
9837
-8825
2545
7610
-9555
-4083
-6593
19
-2813
5233
2957
9290
3092
-522
-559
-9634
4451
-3943
-4588
-3148
1045
-1423
-2235
1022
8846
-6913
1997
9955
-8546
218
5867
-7041
-9691
-4753
6038
-9142
3771
-927
-3721
-646
5176
6107
-2623
-3576
-2365
-1496
7042
-3847
-2868
-9553
4778
-1706
4597
-8863
-2325
-2901
1553
-1169
4680
5593
-8078
8723
1751
-8798
5966
-1167
2749
-9208
-2925
-4332
9098
8965
8098
1642
-9530
-4917
8772
-6063
8051
-7526
-562
2002
8372
558
-3797
5472
-5485
-4565
-9377
8259
2043
8169
-9704
-2344
8377
4070
9680
-259
-5774
-8783
8677
7138
5226
-2105
143
-856
1629
-8548
7234
7573
4189
-1976
3065
-9364
-6216
-2249
-5346
-8731
-2829
1462
5216
-8082
9358
8019
2886
-8787
9240
-308
-9655
-8435
-9655
-1683
-6599
-409
-8736
7496
8672
-9696
-4637
-5196
3491
-8785
3936
-7415
-7074
2945
-2891
-5049
1088
5899
8795
-2785
-2129
-9155
5278
-5572
8011
5753
-539
6162
4978
-911
7639
-9958
-423
-5676
-9739
-2749
3096
-9268
6509
6267
6622
9002
3943
1115
-8604
-3858
378
-9298
5987
-9031
1973
-7214
8953
6371
-7028
52
-4555
-6658
-401
8722
-9540
-3238
4884
-4474
-9089
9724
-6563
3465
-8755
-4315
-3543
-1725
-7050
4455
-2870
568
-752
-2279
-1629
-603
-7532
5727
-1289
6164
-5478
2994
-5647
-9060
3392
-9028
-3826
-1770
-5469
9022
-8901
-4094
213
2892
-8752
-6295
-6207
-6160
4062
-1608
7104
-2228
8245
8405
8221
-6691
-6598
-4506
4016
649
6876
-9990
-7864
4387
1457
-3430
4864
-7492
2310
-4479
4038
1228
-1247
-1538
-5710
-9486
-1320
1375
9302
8195
2356
2643
-3919
-4664
-940
1816
-9990
-7731
4845
-9426
7729
-2507
5285
-2853
8942
5460
5895
-1766
-8854
6050
6677
-9258
-7176
-8308
-5272
-995
-5566
-3221
2881
9617
-1260
3070
8650
2740
-3038
-2872
-8098
8985
8846
4836
6805
-8544
9435
8954
-1563
-3228
7297
-7643
3858
-9958
-1037
1614
-8761
-7407
1184
-9861
6084
7029
7486
-4408
-6687
-248
3143
4857
-9903
7476
3554
-7618
3084
-1817
-8973
-3730
6148
6123
3052
3008
5523
-5188
4631
-421
-5259
-3763
2470
629
-6210
-2071
3265
-3954
-9189
1148
-5381
-2460
-7845
-1320
3741
-7247
-9176
700
-6565
2432
-7111
-8231
2502
5240
-7770
-3553
5178
-9469
9765
1478
-7305
515
-4572
-2796
-2054
1446
3385
3865
2347
3496
-528
-6773
-4243
3129
-3861
-7196
9338
-1728
8452
-3849
-1113
-7779
-9143
-6938
-2276
-9684
-532
-2860
7053
-5984
-7259
4114
-7206
-643
-890
6058
6859
9259
1329
-4864
-8380
-2726
-930
7204
-748
-6576
909
4949
7371
8506
6649
8856
-2760
-6295
-1469
8796
6767
7145
-9540
1562
-6861
-3238
-3171
-7747
-2047
-8817
2646
-491
499
3098
-9812
7254
4081
6445
-6957
9452
-7492
-8907
-7010
4086
6251
-579
327
5266
9470
-3473
4943
-7228
-6576
9789
1810
2332
1177
4228
-5754
-369
2485
262
-6443
6732
427
-8707
4738
-8151
7879
5982
-7038
4120
-2136
-9482
1554
-4818
-3707
8229
6662
4037
8624
4839
167
8393
-7483
-7533
-7419
-3881
-658
-5575
4305
-9142
1368
-7063
-7437
9987
5941
-1457
-4273
322
816
8153
-8986
-8073
-4432
-6935
7473
-8947
8698
-1808
5461
7202
5523
8712
1209
-775
6741
-8149
88
-8242
3451
8883
-9281
-5770
-3891
3531
5632
9759
-3754
7577
7154
-6742
-1505
3680
-6035
-6329
-2977
-567
467
4297
-2369
3043
8118
-9612
5482
8027
5609
-2747
1677
-9162
-6203
-5810
-9496
-4571
2360
6163
-6831
-7075
8867
-2046
3692
8751
2518
-6980
7731
-9890
-6497
886
803
-5390
5286
-3998
8481
-9446
-5731
-4067
-34
-8498
4207
-1608
5636
7197
-8277
-8085
1329
7467
-2514
-308
-6470
201
-5792
-4348
-799
-3171
3794
-2523
-4921
-2670
8123
354
5535
8419
-6303
946
2717
9693
7099
-592
378
3876
5214
3879
-8424
2664
7884
-7746
-2288
6352
2163
3261
5080
-6456
8458
3682
4612
-7176
-8415
3131
6811
-384
-2102
-1643
6203
-9463
-2023
465
-6457
-1199
-5840
-6969
6486
-8573
-7041
-3962
6291
5580
9178
5798
-5980
-1750
-8698
-5699
4574
-4673
-3849
1933
7652
-1773
-8140
9673
-4515
-4767
-4778
-3710
1005
-1621
1755
-8446
-7716
-8744
-705
-9674
4052
-5727
-7260
5380
6605
7913
-6953
428
8097
-2398
1008
-9931
-470
-7395
1588
5582
-9116
-2836
-5178
-8247
3957
4322
242
-6812
-9883
8884
8847
-5920
-2140
8634
926
-1534
-1714
1443
7142
-9839
5199
84
3543
-196
9655
6881
-615
411
2603
8779
-8407
-5384
-8124
792
4140
-4636
-8346
3400
-3712
2754
713
-525
-8216
498
1429
1023
3621
8443
-7220
-1671
97
-5040
7851
9678
6631
-7590
3846
-9163
-2210
-8905
7512
-2767
2572
6167
3301
9456
9425
7298
5593
-6609
-7762
976
4793
8189
5238
9742
9437
-5043
4004
4197
1131
-4224
-7366
1724
-2975
-1159
-4944
9760
-1883
-9252
8118
1317
-3853
7015
1672
-2979
6373
3897
-1642
-8130
8103
2832
-4953
-8324
5153
-530
-3957
-2138
-5808
5803
-7973
-8008
7880
-7241
849
8047
9727
2103
-1173
5945
-1241
6061
-7756
5978
7828
2229
-6334
6410
-2565
-7713
7544
-9760
-1066
-7645
-7135
1722
2843
-1840
2743
-7223
6353
1129
5408
7028
-9749
8627
-8000
1880
-4045
-9966
4959
-5258
6121
-3903
-6115
-694
-3946
6487
-8450
4420
9788
-4301
-5430
-4535
7999
7330
-769
-9390
7147
1619
-83
5399
-7324
2032
1358
-2741
1384
6177
-5127
-2473
2831
-4878
5368
-6702
-1174
8041
293
-9539
-4258
-1469
6706
4966
-3571
-5640
-7487
9504
-168
-7934
5580
-9157
-6670
1098
-4506
-604
-2630
-6814
-1570
-1069
-9956
6536
-9719
9869
9102
1195
6001
-4319
-165
-4885
5243
-7573
-3224
-7679
-5819
6794
-5845
3392
535
5995
-4763
-2918
-686
1691
-6243
-8428
-9361
4125
-7783
5223
-8560
-6800
7838
-5841
8372
-5477
-4611
566
2221
1352
-8828
7198
386
-5307
8895
2126
4431
7239
3718
-7255
5519
-6309
8651
-1346
-2649
8808
9708
-980
650
4455
-6399
-983
2062
1522
4234
-671
873
7736
1181
-1621
-432
4876
2865
6048
-2884
-5413
4235
4781
8782
9398
-519
-8360
-4950
-590
-9482
7091
1059
-3840
4967
3953
8009
9815
7109
8066
1357
280
-4321
5454
8628
6759
9680
-4229
-262
-7652
5121
3007
2079
-5166
-6182
1683
-7177
-1069
8362
-1442
-687
-8154
6078
-3641
5623
2156
-9242
7167
-2293
248
-6980
-1814
470
6729
1920
8607
-7658
-2917
3747
9493
7690
-7056
-1813
7363
6377
-1902
-4071
-7202
5349
-4330
-995
7586
-3198
-5838
9889
-7782
4563
-8555
8712
-2363
-3583
8636
3832
5398
-3951
-6832
2911
-1212
-7538
8946
-9574
9772
8154
-5739
-9446
-8963
6685
5117
4541
4990
-6765
3563
894
-8157
5638
-9079
6211
6147
8844
7311
8348
4316
-5623
4856
-4435
-6054
3087
5474
5691
-8006
-903
-8024
858
-7533
4377
-8695
6755
-6774
-7034
904
6724
-9455
-4769
7129
5555
3170
-4711
-47
-6549
-1608
5124
-4169
8955
8073
7193
-8780
9224
-1353
1089
-3293
318
-2631
9006
5283
969
-5309
3213
-8565
-3686
4647
6194
-5849
150
1337
-6343
-9097
4651
-4514
-4482
7249
-8864
1368
2442
-771
-5771
-2842
-4016
-7994
6423
-485
-8353
7832
-2371
955
-5731
-9270
-3470
532
811
-2598
3166
-8041
-7661
-9173
-3907
4399
5606
-8531
2805
-4902
1556
7381
-786
-4731
-2788
717
-6209
-978
3197
375
2360
-8434
-8141
2829
-6830
3911
4434
-8170
5656
-2495
1927
4953
4868
-5466
6584
-1504
-8895
4759
6093
3749
-7699
-7368
-753
8017
-2324
-2049
6619
-864
-6460
-5942
5363
-8187
-3769
6396
7769
1180
-421
5945
2205
-6323
-2626
-608
6563
8003
5907
632
4369
-2791
1622
-5496
6457
-8189
-9488
-7240
-774
6620
-5806
-774
7290
4906
5267
8585
-4791
1332
-1281
4726
56
3
-3153
8316
-378
4266
-1692
4449
-5456
-420
8888
1256
7374
-4724
8913
-1199
5189
-4466
4739
-910
823
-3801
-6950
3729
-4169
-8522
894
-2452
-9816
-2319
3963
-4508
-5009
-1500
3075
7939
3947
-7082
4760
-199
-6742
609
82
-2507
-5637
832
-6604
8827
-7944
5970
6886
7559
7093
-1971
-3409
-3849
-2092
-8938
9331
5574
8275
2875
6830
-6702
2644
-1711
-1976
-6013
-8512
-7766
-6650
-3233
8436
-8479
9806
-2110
-1919
-9085
-7320
-4463
3579
8868
3206
-3040
-9697
3409
-9768
-6370
530
-8523
-9680
-3856
8247
-728
-5908
-4810
1186
-6185
-432
-8953
1682
-9235
-6489
-3276
7830
4983
-9547
8156
-1696
-4609
408
-4486
2600
1308
-6026
7130
4829
-8967
4663
-7648
4963
-1694
-8465
4072
7494
1764
-4660
2268
-7957
4140
-1216
886
1405
6426
3134
3242
1065
1064
3038
-1148
-7339
-7187
9842
706
4010
6189
1761
-660
-1320
5284
-5181
-4098
-51
8426
8027
-4441
-6318
2910
-8464
3675
-1620
-5200
6672
-8309
-9723
3226
-3027
-4661
-4852
5465
689
6955
-8338
3243
-8528
-6228
2486
-3306
-7570
-3996
4334
6735
-5901
-4900
-5279
-4366
-601
-1702
8260
7867
-5829
-4632
2735
-3366
7577
-3560
-2142
3459
2135
3544
6781
234
328
4400
5580
4616
-9066
9516
-5818
-7560
924
9345
-4324
-1380
-9028
-4400
-2130
454
-3253
1710
8115
1512
7337
9817
-135
-7751
-2792
-5706
8352
3789
-1760
-6204
9386
-8180
2217
1752
-5316
9832
5668
-4341
-3836
598
4247
-4867
6232
-539
-3540
-6293
8451
-7995
-8515
-3634
-4244
-1228
-5563
-8781
9850
-9678
-4644
-4443
3068
7217
-9545
-6110
-6384
6549
-2022
-3792
-4877
2914
-2286
-2229
-5050
265
9137
1900
8242
5516
9776
-769
7203
758
-768
6760
7410
-4027
833
6076
8022
-3950
2802
-3622
4012
-4806
-530
9280
-6163
213
7770
-8837
6680
-1816
-6385
-3976
-8171
-1290
-3177
8592
9279
-7629
-1702
857
146
-2398
2780
-3779
6743
-2019
-8690
-5317
-5743
7177
-912
-4451
4201
6936
-2714
-1578
7127
-6849
6150
-9239
6839
-2276
1593
-9562
-3112
5682
-4168
-9652
-9417
-3819
4377
-5965
6251
4610
3402
-41
9991
7501
-3798
7768
1219
-908
1611
-1120
8739
-5256
2374
5757
1185
-3242
9502
-3707
6077
-5709
-5709
9894
7826
9774
2611
-8589
-9102
-9465
4696
7689
-446
-7020
9940
4645
5676
2211
8654
-445
-1539
-241
5286
6350
-1111
-9735
7781
7575
-3948
-7394
1987
1491
9438
-3796
7918
8355
8396
-942
-8251
1746
6337
6892
5992
2527
4938
-3586
6213
1928
-9371
3737
5317
-3741
8897
-5780
-8176
8869
-6006
-6847
-2235
4799
-480
-1243
-4022
-6624
4554
-9135
8161
-6564
-6301
-8967
4293
5009
3655
4143
-1015
-9104
173
-1679
4109
-207
-9697
-5509
5487
-5126
-5900
6878
-4732
1163
9597
-5975
4306
2646
-7651
9657
1375
-7371
-1982
-7390
-7183
-7772
-8717
-8602
-2838
7961
-4517
-1880
-7615
9204
2948
-8252
-7493
3858
6143
-131
7053
8753
9008
2121
2489
-8960
9031
-1736
-795
2096
-8368
-3154
-809
-5316
-388
4801
6280
-2341
8860
-1623
730
9554
2518
-428
7563
-2339
3039
9590
-1001
3716
-5368
-4372
8355
9551
5663
2239
5025
-6376
58
-1781
7956
-1724
8562
-5315
-87
-2517
-7593
-102
-9425
-5984
1294
214
-5040
-1943
9493
-6048
-834
-7802
8727
9306
-6609
2579
3911
-938
1289
5125
9046
9493
-3429
350
2152
-8292
-152
-4747
9635
-3857
-8996
7085
-7642
6725
5555
-3331
-5472
9539
-4668
9172
-3108
2672
5465
1780
3639
-8140
-8252
1974
3697
9102
1516
-179
9579
-3327
-8341
-9369
8268
-406
7780
-7220
-4714
1362
676
-9229
-7905
-8119
2603
2364
-7023
-5053
3035
-31
-8834
-697
9028
353
5227
6173
-2592
6007
-3248
4225
-81
5398
6248
3763
-610
5759
-4996
-8893
-8110
-2264
389
7945
4392
3868
-8843
-6849
-6877
3926
-124
-5468
-9740
-5561
-4741
-3454
-1083
6425
9714
3231
8663
-4810
-4548
-2872
-189
7451
6529
-9915
7333
-4387
-8562
3075
3025
1573
8
1147
3556
-4941
-1025
2954
7695
349
7056
-3219
-8514
-5432
6271
3424
1917
-1381
-3328
5478
9489
-9308
-6502
94
4745
6492
7463
-7612
-7047
-6394
779
-7539
-75
-4821
-8403
6470
-5769
-133
-782
-1803
4378
8778
8513
8989
7452
7243
3586
8678
4978
4495
6417
3724
1656
-8708
-2772
8133
2272
-2941
8684
-5517
5332
2785
-8091
3442
-7702
8835
-3921
-7219
-5504
-1528
962
4045
-8779
9056
-5700
-5204
-6547
-7258
2946
4796
310
202
6210
-6421
-4927
9034
-3606
-1757
-7438
2264
150
3796
-146
-2501
6607
-4230
3514
1773
1211
-4886
-5167
3870
3887
-102
-4846
8110
-3452
-6268
21
263
-7718
3203
2010
-7227
5079
-4944
-9230
-5669
6757
7533
-8660
521
4177
7077
3796
-9338
-1859
-2677
-8488
2314
-3315
-4956
8619
-7754
-9666
5011
7491
4024
9753
2608
1713
8273
8890
-2308
1726
-5485
-9323
-181
-5222
-6668
9044
-9157
1390
1855
7102
-3328
7922
-6603
-7518
6942
4392
-6481
6402
-5627
-3370
-4021
405
2262
-9127
9314
-6911
-4776
-6660
-2935
8283
-7508
1375
-8656
-9252
-3856
-8184
-3352
5977
-8395
2170
3210
-3487
-323
-1036
-9907
-1288
3376
-9640
1440
-9303
7790
7573
7159
3695
-2093
-765
3138
6402
-3576
-8567
-3638
2182
9711
4207
-3412
-2389
6263
-1380
-1201
6613
-970
-6083
-3453
-5822
-9460
8366
5309
8096
-1447
4255
-8571
-931
8145
6744
4074
-3119
2089
703
-8712
9078
-1004
6593
7212
7261
-2066
2203
4775
7569
4111
2179
4789
-5640
-6948
4665
-217
3497
-4884
3466
3146
-6361
-5340
752
-5013
7875
2297
2972
7282
5500
6107
-4946
6637
-6984
-4250
-1123
-15
3545
-768
5673
7874
-8417
-2443
-7603
2633
282
-8785
568
-4150
1175
-3540
-2892
5984
2121
-6981
6273
7272
7514
4167
6022
8286
-2673
3641
-2345
8094
-5493
1231
5353
-4441
-6479
3241
8822
9088
-8569
6116
-4956
-8201
-8684
-254
3385
6939
-2688
8071
-3181
-5494
3590
-2433
1194
1766
-9341
-1530
-2909
-9491
969
2177
-136
-7501
5685
9728
-9658
2681
-4825
3489
2705
833
1934
-9891
-2986
-6997
4664
-8448
616
-6248
-4921
-4914
-2961
-4766
-5205
-4259
-5815
-6022
-3306
-2611
-336
4795
7585
2815
-6171
1534
-5019
3208
8755
3722
9535
-9606
1015
1310
-4902
-8256
4996
2653
-2959
5240
4606
1923
-3942
5039
-9444
5798
1473
-2983
-9390
-2181
1737
699
239
-1574
-6890
-6938
-9190
-5959
2112
-7120
-9690
-2180
-9796
3952
1119
7861
-6749
5698
5975
4942
-4725
-8948
5092
-5820
4780
4673
-7084
-950
6443
7856
7677
6638
6490
-4571
8692
-8722
8379
-2476
6885
-801
-1537
6159
9743
-3254
9980
1060
-4390
-6710
-5580
-9170
-6305
5990
402
-1609
-5308
-7255
3610
3007
1175
885
8560
5298
2409
-7481
-251
1166
-2920
-6408
-1428
-4453
8891
-3867
1000
-4600
8987
-4721
44
-6552
846
9949
-9740
-2095
33
6460
-1219
620
8568
-9579
9355
4493
-7882
4109
9478
-4103
9325
-4193
6175
-6612
-887
-1230
-1018
-5559
-5132
-1282
-2341
9497
-2803
-2803
7927
9557
-400
-2388
5047
6126
-4918
2988
-3682
630
-8215
-8996
4062
-1585
-8039
6412
-7080
3903
3639
-8538
-3126
-5989
-9634
1039
6410
-8437
7265
6797
8418
3675
-4791
7849
9788
-6875
-4781
-4110
-7088
5682
3563
-4930
-4696
8475
-8230
-5398
-6589
-3929
-8339
1460
5126
3016
2876
-7763
-5965
2586
-2135
9359
-326
3661
-1658
-281
-9828
-1098
-5843
8305
8064
7064
-8480
-9436
9404
-7661
-5063
7164
4857
-1924
-9011
-2246
8176
-4299
-8956
8070
-3017
4720
-1490
-3788
1500
5531
8827
7064
6248
-72
-4145
-9373
7558
-2922
5073
-8986
7713
-657
-8756
-4597
6785
-5665
5837
124
315
7465
-4414
114
933
-3378
7622
-4434
-7101
-1297
-6030
-6057
5706
-2143
5825
2536
7898
6842
6455
1243
-770
7397
9496
-4058
6050
8041
-3020
-2260
3418
-917
-767
1850
-2808
6284
4124
7486
4003
-6250
-2966
2866
7696
2470
-8155
-3458
5302
4376
-6091
9510
-9016
329
-7185
8804
-5240
-5722
5977
3941
5512
-9751
-7192
-6860
7870
-5606
-6409
2625
101
8439
6373
-7746
8090
9236
9621
1460
-4432
8443
4104
2413
70
-6121
9071
-5490
8745
-9677
-5877
1930
2217
2827
2362
-367
-9412
-5107
-4648
-2484
-1761
-2550
5990
-4755
-4374
265
47
-63
-6496
-9104
3733
-6981
-6568
276
-2530
-5139
9846
5245
-5971
3597
-1622
1512
6735
1393
-1117
-1254
-3132
7137
-2231
3826
-2172
-4908
5395
-9767
633
8759
-7718
8716
2399
9236
-9389
-632
-6017
-78
8999
1767
9607
-5492
3188
-1861
-6652
-670
2654
8461
7756
2012
8196
6016
-3249
1708
4049
3272
4832
7232
3996
-1424
9554
-1340
-3912
4763
3940
2348
2323
8075
7479
6134
-270
-781
9145
7023
3605
-8073
-5775
264
885
9459
4555
-2410
-9878
4020
5464
-2515
2644
-6255
-3691
-5213
2474
9595
8044
-8377
106
-9515
-9248
4891
9197
322
-9183
-4614
-6550
-4235
-7810
-7395
3525
4237
-2720
2679
8103
-8074
-8623
6152
-1577
-1284
-9742
3412
5738
2970
-7288
-2475
-9046
540
-6685
6840
5010
3543
-8123
5556
-2862
8939
-4070
-5908
8228
977
-8592
6471
-2931
8385
-3077
-8614
5376
-9239
-3630
7140
3370
7976
-2532
1839
5432
1634
5786
8679
-1155
-2830
-9411
458
8389
-1998
3359
-1334
7132
-5951
-7304
-1808
749
9777
-9223
220
-282
1021
-4237
2112
-984
-5974
-2971
-9969
-4735
-3782
2221
-9988
2448
-7527
5542
6114
-8232
-8956
6270
9670
-5277
-9883
7597
-7095
1669
910
-7507
-1102
6686
8906
869
1398
98
2354
6181
-3961
5026
-3052
-5314
-4397
6702
7534
7128
-2540
9006
-1335
-5554
-359
3057
6843
-4486
-5061
730
-7533
327
-2261
8002
2666
-9772
-7258
5508
6391
6310
9590
-1276
-8462
-5117
-1141
-3794
2640
5044
-2014
4637
-6216
-7937
5709
-6971
-2009
-5692
673
1608
-2355
812
-1540
-7363
2329
-8367
5212
537
-7555
-4863
723
2568
-9463
9327
-3010
-2092
8291
9267
5918
5135
1005
4164
838
7715
207
4897
248
4762
-9813
2151
3758
8759
994
-6592
-2803
4099
6460
-8601
-5998
-1841
244
9224
5088
8429
-8665
402
5293
644
-176
240
-2332
-435
-5230
7370
-5224
6189
372
-8927
-6264
9610
4256
1318
-9550
-532
4415
-8422
5613
-3250
-4852
6969
-6281
-183
2633
-5997
3526
-1097
-6272
-6842
-6257
-1821
1341
-5991
2287
-6840
4709
-8630
2972
-1967
-828
-8515
-6
-5574
-9987
-1285
-8845
2102
-7151
1675
-4545
405
4324
-9784
-2622
7752
-5745
-9994
2017
20
4285
-3103
5870
4253
847
-5843
-1965
830
4968
7532
-1686
5325
-688
-492
3432
8722
1044
8153
5118
2032
-2728
4723
-7902
-6104
-8242
8662
5929
339
1677
6103
7857
2991
1424
4044
193
8651
5826
-511
-2745
683
-9530
-3426
-4739
1362
8671
9349
-4500
-3878
6738
-7714
8757
1505
-7039
-6082
-2921
-6744
-6482
2428
-9064
8604
5905
-7212
1292
-1917
-1623
-5706
-7843
-1275
-9216
-2523
6021
8293
-8227
-9847
5004
-5437
3279
-2200
-820
-8738
-5611
-2790
-694
8054
5708
-8456
9663
-2899
-9595
1750
-2803
-5302
3791
42
6137
1613
-3989
2345
-646
1678
-95
9656
3303
7015
-1482
-5382
-8678
7322
7124
4206
7456
-5205
-5056
7038
-8616
-6291
-5114
-9204
4278
-9331
-2774
7697
21
4779
-9174
609
5900
1807
6136
-7544
-4125
2283
-3876
9160
8739
-7737
504
-982
-6694
-7245
-5685
-6749
-4134
-3124
9680
6483
7320
8739
4844
-8283
-5554
-4586
6266
2773
-2691
1889
-5977
-7439
-5729
3687
-5339
8696
3886
-7535
8273
1006
-1747
932
7284
-611
9307
4277
869
9768
-487
710
3364
4453
7802
-9356
-710
8006
-2612
4981
3791
-5467
585
-3816
-8735
-1490
396
-6934
9431
-6598
-3377
-8690
-8949
-2503
9138
9513
-4236
7556
5746
9540
-7169
7454
-4062
5390
1102
-7327
-7505
9322
8684
-3235
5415
5054
-6539
7361
5628
5257
5464
3377
-3931
-6136
4464
7419
9566
3136
630
9082
6540
-3407
6274
-8443
-4334
3451
2017
-6394
-4178
-4093
-6798
-7266
4152
-4863
-2476
-11
8553
-2120
-9765
3120
-7733
2028
1553
-8761
8136
-3225
2249
6269
904
-9936
-79
-6646
5518
9421
945
-2412
-9453
9857
7910
-549
6195
3908
-4490
8664
-2526
-7022
2935
-7315
6867
4699
-8898
4219
1647
-6368
7377
4245
-9282
475
-5183
-2350
-5721
-7767
-1972
5523
-4420
-5400
-6914
7746
-4411
-968
-2635
2897
-2887
-7284
9389
5951
1780
-4586
-4715
4778
3983
7403
-2280
-6126
-9078
4870
5221
-8129
7589
8574
761
5142
7225
3660
-845
-3436
-5145
6677
2079
4559
5221
9882
3851
9897
5708
-8662
-2873
3731
-4589
4537
6891
849
-8574
-7482
-6556
6134
1188
2639
-8392
-673
8170
5711
8203
-6669
8514
946
1569
-5768
-2989
9854
9112
-5723
4332
-3144
8579
2915
6239
-8367
6295
3025
-5183
8717
-957
7074
-8037
741
-8614
8568
-1703
4412
1676
3780
5626
6878
-6052
6251
1596
-6031
5547
609
5028
-4430
-9705
-4223
-8279
903
-5866
688
-3240
-2678
-1448
2559
8185
7379
6160
-8399
5543
-1745
-502
-4323
8925
-6841
-609
-3015
-3443
6459
-9544
2616
7874
4146
4445
-7012
1918
-4840
-7863
-6641
-7237
-8303
-4716
-5549
6211
1040
-9183
-131
2576
6561
9695
3570
-2386
2564
-4281
3343
-9937
7002
-4100
-7158
-4218
7067
5836
-1310
-4132
-6948
-8586
-6074
1972
-6139
2751
-6832
-1011
8644
-4201
4923
5118
-2205
1212
-9877
-6534
-7045
-6035
3483
6373
9164
2544
-4322
-7307
3792
-1525
3825
1409
9560
-1752
9656
-9356
9091
5462
-8239
-8815
9121
6604
-3118
-3323
9171
1191
4903
8379
3472
4356
5387
4106
-297
6450
-2382
-8623
-6629
-9805
-4685
1155
4805
-379
7811
-7822
-7662
-2555
-3358
-9219
1078
1698
-6695
9434
3893
-7094
-4684
2724
-6556
6892
-7253
-6406
5718
-7284
-5710
-1938
3412
4681
4362
-8021
9955
1993
-7674
-4594
6788
-9729
2467
4572
5534
-6802
591
-1378
-1694
7544
-3517
2564
9826
3313
-4053
4918
-3978
2507
-5420
-4898
-3270
6820
-2334
-648
6819
-8356
-5553
-6242
-8638
-9262
6220
3921
7855
3469
4936
751
8178
-5353
8013
7606
-5758
-4716
8055
4095
-5614
6013
6683
25
9524
6023
-7324
3514
972
3516
-1836
-3949
-6860
2841
3974
7395
9558
-6712
-540
-3931
-6728
-7535
9291
-2316
-763
-6762
-1844
913
8207
9201
3744
-6900
-5720
-6308
-3883
-6858
3285
-2256
5181
9879
7849
2824
5577
-7605
-6091
-3367
6157
-2934
7987
8684
4418
-3855
6877
-9319
1284
6947
8614
4627
7899
7719
-931
-3923
-8960
-6159
-650
-6222
3525
5784
-3772
-7958
-9017
4162
-7215
-9074
-301
7183
-4849
-330
-7935
-4662
8515
-2673
220
-7302
-3494
4558
9951
-3627
2972
-6738
-7523
-7036
9659
6508
-84
5344
-7977
2767
-5993
1532
-2122
2207
5337
8231
-7947
-7000
7049
-8677
6975
2991
9557
661
-7508
-7668
-9095
-7370
-7156
-6281
9039
3407
6615
7324
9529
-705
1402
-3198
3820
-1384
-8094
-2737
-4841
1326
-9437
6816
-1835
4465
-8411
-8030
-3466
5031
-3489
6454
-3277
-3938
-6863
4962
-9364
6402
6150
7696
896
7736
4118
4467
-625
4963
8516
-3522
-1752
-3574
-609
-1625
-3034
-4303
-7477
-5082
9748
-6965
-5382
-1532
7165
2027
2542
123
-5421
7581
781
-5767
818
-5167
-4894
61
4051
-656
-3394
5904
9912
3571
-8320
-8923
-6702
2461
-4586
-3057
-4422
5507
-8015
-176
-110
4818
-7156
1027
1723
3411
-7648
-1477
8998
3533
4023
751
-1087
-730
7617
1231
5792
8235
-7270
-1104
-4745
5900
6656
5627
-3692
-993
6809
9043
-4439
-759
-4231
-7840
-5210
-8344
297
1079
-5827
9518
-9617
-2992
-3675
-2491
-7164
-8944
2385
-424
1961
-7596
-9014
-6293
-253
586
1283
3531
-5285
-2533
-4148
1831
-1424
7256
7606
-7762
6337
-3713
-5192
-2877
-8995
-221
-4559
7791
9450
-7563
6039
-2754
-4306
2047
-6669
8608
-4533
-5511
-3335
-351
-2492
6861
-4833
-5790
7975
9322
-9031
-4515
721
4556
4663
-667
1276
-2933
955
8357
-2425
3972
6884
-9579
2449
4249
6179
8250
6465
6772
-1321
-9934
4785
8979
7888
-6420
8700
-4334
3970
-592
-7001
-5674
-8558
-580
-3627
-1741
1378
7109
-8377
5236
-316
-8307
3886
-2050
-4452
-3653
-7288
-6988
-1270
3745
3462
1010
-7897
1812
5036
-5065
-9992
8883
-4738
9188
-7610
-9245
5967
-6801
-3437
-8740
3247
1073
-7710
-1805
-4376
-4776
-7341
-4475
-5214
1998
4270
6931
3875
862
-4211
-9191
-3955
4561
-1905
8571
8216
-4541
-189
2236
7360
-2434
-8358
-8484
4919
-4822
-8013
-9902
-3375
-184
-9711
1428
6735
-5130
4832
2066
7290
5338
-9679
-5016
4195
9409
3600
-8028
-5571
-5457
8258
-1371
1394
-9006
-834
-1563
2842
-9949
-4805
-5851
9952
8984
-2073
-1704
-6180
2147
7515
-7452
5035
1670
-403
9992
3375
2776
-3779
3165
8703
-1722
3191
5486
-3946
-722
8021
-1108
3724
-2435
3061
4897
2473
-3463
-7837
6173
3302
-1642
-6038
-484
1106
8608
7643
-7495
4900
-395
4688
-4619
-7966
5459
-6952
1753
-3679
-453
-7220
284
9641
-4662
8995
9414
-6988
-7190
6390
5576
-2465
6634
-943
-5210
-5368
191
3731
9014
4974
4929
-6334
2970
3980
-3174
1865
-8348
6961
1822
-2628
6965
8852
9454
-4810
1283
1618
834
663
6537
5315
-1322
9393
-8080
9459
9230
-2567
-4393
3859
-2502
-8963
7518
428
-8396
2244
9348
-8704
-3662
2872
-801
-2795
7116
-6872
-4633
-926
-8309
4768
7837
-9651
-5430
6982
-6842
4306
8874
-3919
545
-9860
-1209
-904
1488
2272
-9197
8575
4370
-1862
-6130
3408
-3384
-9799
3867
-8005
4856
-2496
3485
9659
5778
8386
-2273
8008
-2816
5108
6662
2424
-7923
-381
544
-2640
-2699
-2627
-7230
7747
-8367
-8998
1739
-7064
3327
2419
3441
-4037
-381
-1125
8030
1376
-3262
-3304
-8534
-42
1181
-6619
1649
-2434
-2231
-899
-134
-3480
2405
-3615
-9693
6874
-6625
353
-4669
6948
-2674
7307
-1283
-7205
-2101
1398
-7512
-4272
3114
-3292
7309
6266
-3199
4516
-4102
-9166
-5342
9048
9845
-6074
-9970
7058
694
-5000
1618
5578
-7536
-6910
1260
555
-3182
-4586
2805
3108
-5752
2298
-6644
-2922
-1750
-27
-2541
-2336
1580
-8913
4701
-3968
-1616
-9517
9363
4409
-9791
-5360
4359
-7396
-5828
-4689
-9288
-1480
8608
6184
6472
9961
7865
-7637
-4197
6464
5390
8626
4924
6656
4902
6994
5971
-7405
-5294
-8122
-5964
8798
-6321
4057
-8562
9966
4860
3023
-6705
-2100
-6114
-7672
8573
6477
2299
3635
-928
5422
-1152
9998
-7297
-4658
903
-4114
1936
2323
-6613
-4082
6026
2317
7280
-6354
-1252
-882
1700
-5653
4391
5673
4240
3475
-4439
7500
-2270
-1907
3270
3386
-2196
767
9370
8416
2513
-7067
5561
4166
7201
-5542
-8005
5791
-5919
-8312
5242
8663
-1881
-3132
1805
5098
7371
5321
9044
6853
5215
-9910
285
9121
-6010
9951
-8188
5752
-9057
1961
8288
4939
1529
-1142
5492
7539
-4094
2426
-7334
2801
1152
-2254
6023
-3352
-673
8587
2891
-6330
-2732
-2384
8013
-950
-3964
6414
-9924
-1156
8632
-3764
-8079
-3180
7963
-6514
-5338
1252
-2307
-9545
7019
-1599
6630
3294
4353
-5778
8139
-674
-3036
4960
2364
7638
-8432
8540
8123
5324
5853
9944
-5605
-9705
-5845
-6072
-6924
-2095
-4055
-9089
7629
9035
-5271
1891
5326
4744
4088
1056
3678
-5143
1979
367
8822
6751
6315
-340
481
1684
4860
-9712
581
8039
-2117
2676
4460
8028
-2347
696
758
-266
-9031
9227
-5273
2321
3833
5330
247
-1292
9659
-4333
3143
-9108
1076
-7179
-5920
2173
-8720
6281
-511
-6318
-9497
-866
1048
779
-6263
1940
7162
-1363
7396
7069
-3341
8275
-193
8737
874
6076
3224
4216
-886
4182
8284
2125
2756
5954
4950
-4533
-1854
9395
8543
-9781
-7076
7889
1683
2529
9639
3515
918
4022
-9615
3098
4101
-4859
3303
-8004
4610
-6648
-4669
8119
4726
6840
-8212
6837
7042
7770
-1515
-7290
-3414
-4901
-3991
-6117
9472
9879
-2132
4907
6673
5004
3633
-3405
-9907
7986
-5289
6557
8816
-5164
-6486
6437
5529
-3272
9397
183
1506
-8005
-3121
3626
4254
-2020
-274
9203
2171
5838
6645
622
-7828
-5315
-2143
8017
155
-3753
8977
5736
5223
-5328
8086
-123
6129
3324
8785
7517
3140
9615
5964
-7196
-3374
3143
-7094
-3427
1427
2459
4474
9563
7710
-8980
6356
7665
-7989
703
6687
5199
-1503
-2314
651
6384
8213
-2257
7666
1672
2189
9726
3500
-3969
758
7766
-7524
3028
-2012
-1569
-2331
6738
2318
-7612
7017
-3945
-194
5248
5582
1711
-926
8091
-4096
921
1169
4933
-972
9727
8770
-4550
8328
-2013
7298
6931
5396
-3909
-5474
6353
-1143
-9503
-3818
6842
631
5031
-5093
3536
3749
-7138
-6559
-3211
9657
-8617
-4737
-5054
1051
-8775
1721
-6852
-109
1981
-4572
1917
-7912
-9168
-6025
3732
-3249
-4978
5028
-292
-822
-9495
-9480
-6977
-377
-8073
-1914
4105
2176
5442
1632
8212
5775
6930
2269
-5454
110
3670
-8512
-7247
-2679
5877
7626
-2871
1878
-7200
-5128
-8853
-9679
-7290
9713
3282
-551
5057
-5163
-4616
3995
-7909
-768
6808
7344
-3601
-9508
813
-7479
-9231
8511
-3411
-388
9692
-9306
-9136
-5548
-2144
-8935
-2130
-1947
3582
5989
5912
1526
6993
-3595
-8512
9232
-893
1623
-4250
-9258
1619
7485
-4754
3305
-7372
-5910
5153
6114
1924
-5107
-6467
1290
-5995
-1743
-2955
-396
-7450
5530
6208
3971
8432
9557
-1485
9207
-7494
-5551
-7541
-3859
-2464
1485
237
-797
-5175
3389
-9489
-505
-5423
4331
786
6043
6708
8617
-7058
-4350
-8107
5609
-6921
7434
-4904
-6938
-9623
198
-9212
5843
4442
-6420
-9175
1967
5232
-2260
5332
5253
7088
-5385
-2074
-1886
3976
8826
-5402
-3072
1859
3224
-516
6188
-3941
6249
2808
-6142
7614
4985
2207
-944
9885
-2472
-3777
-2751
-8914
-527
-1922
4031
8681
3806
-9252
6521
6142
-9232
-1715
5872
7555
-1880
-1376
-402
-9541
-3190
-5871
8000
-9621
-1091
-4848
-3607
-5484
-9209
-2396
-8390
-8990
9537
6964
-6584
-7096
1283
-377
5490
