16100
9335
-1107
-3225
-7026
-2345
4225
3555
7765
6883
-8757
8295
-8023
-9170
7696
8319
6834
8258
-9992
1923
-4902
4745
-8636
4022
6651
-4152
4955
-2113
-6454
6031
5080
-65
9311
-9630
-2133
-2967
-9891
-1203
-3218
8823
8268
5559
8471
1865
-9813
1819
5980
-1114
-8731
-7495
6720
3062
7929
-4001
2591
262
-9866
9532
3221
6819
-7773
2807
9562
275
8149
4256
-2658
-1572
-4394
-1914
4478
9855
-9806
3519
-7579
-1257
1245
-2109
-7559
4612
5426
-4046
6764
7433
-281
794
-9956
2486
-8634
5565
1106
-4576
8917
4205
3598
-4463
-596
-3548
-8033
-6215
-9179
-2168
4538
-179
6710
-7954
3201
9921
-626
-3779
4266
7765
-9017
-3449
5806
-7591
-2445
-2424
9340
-7115
8372
3492
-2009
539
9811
-1387
5146
9081
-3163
335
8889
-2772
6086
-8313
-1148
9335
-1423
6112
-946
-7263
-8204
7583
1746
6359
4551
1527
1010
-6361
-7159
3469
-2854
-1378
-730
-5410
-1148
4484
7263
2594
-8224
6649
2182
1235
-7410
3287
-7958
4909
6847
-4408
8531
-9541
3227
4932
4084
-404
-9260
1197
6176
7179
-8036
5148
-1325
8618
4117
8698
7368
-1305
236
-4922
-3890
9566
-414
8
3332
5175
1702
6186
1216
-760
3441
9307
-657
-901
5428
7332
-8546
6623
-556
-8628
-9402
-221
1168
-4895
-7074
9221
1775
1704
1131
2248
98
9118
-5774
5776
-1696
-2447
-6183
8306
6087
-7688
-3797
567
3629
-1251
-514
9286
-7825
-4019
-6804
-3449
9654
-5146
4892
2279
4835
9456
7593
2426
1578
9128
4242
-6083
1513
-7402
7627
-6222
-1971
-6892
13
-7885
3920
-4867
1643
-8673
5704
3028
7402
-5041
-1920
-9010
-8054
-867
-3267
-5421
3855
-6501
-5058
-2406
5225
-7965
4707
7894
4242
3083
6195
-1799
5484
1526
8009
2296
883
-6255
-3824
-6852
-8427
-9489
-7186
5527
2235
-4423
-8649
-7128
-2160
5102
303
-845
-2680
-8335
1016
-4003
-2164
8380
4996
-4055
1503
-6296
8635
-7311
-9653
8916
3373
-4527
6685
-7360
-7234
2633
4577
-6633
7120
3221
-2497
-8643
-6061
-45
5226
-3462
-2781
7524
-1082
4411
-5963
-3595
4306
-1374
9128
-607
-7023
-4169
-5975
2492
-9158
9757
-5920
-2429
-1764
4590
8629
7960
6101
4514
-3846
-9569
-891
-8818
7520
9813
6677
-7416
-1641
4398
5747
-5992
9569
8924
-7936
7850
-761
-9392
7679
5790
-2579
2308
5548
-6707
1482
-8226
8179
-9982
-3885
2654
-9922
-2820
-8392
2763
9712
-135
8605
-4753
692
4725
-68
7442
-8224
8220
-1323
-4953
-213
3948
1467
7799
4216
7652
9022
1052
6767
1013
-3605
-1131
-6252
9664
-9680
7682
7209
5631
8512
-3304
2013
-8455
-2623
-9493
6079
-6239
-1257
6762
5024
4448
-2575
-1689
2306
6440
4111
6587
-911
-345
5654
-6377
3572
6157
-9523
8513
-9501
-6695
9553
568
-406
-3741
-1323
-866
6682
497
-3889
1781
4767
1459
4553
9043
2593
-7817
7124
-5610
-6780
-1665
6827
-5961
3190
-8890
-5863
6940
8145
-3025
-8310
7956
3113
-7784
-4231
-4554
-5055
-5033
4403
2425
-8802
5032
-7263
8913
-2433
9745
7997
-4162
2473
-6163
8920
87
-5252
-2696
1549
7879
3387
4032
-9357
-1456
6356
-8963
-2574
-5350
9282
-4273
1090
-8102
8236
709
2176
844
5825
9196
-3199
5771
-2601
3803
-5758
2777
-1035
3411
-2450
743
1704
-5462
7124
-1546
2768
6841
2573
4520
-323
5510
4758
4278
6413
9272
-4094
4948
215
3836
-2608
-4316
-9309
-2663
-2416
1960
4901
-6071
4021
-7390
-2374
-619
-2010
2813
-9999
-6216
-7570
-8504
3403
3410
-5590
-6532
7607
-7826
-6670
-2187
-568
-9102
2736
5118
-6996
5383
-8046
6838
966
-9535
-4355
6764
3625
-2457
-2326
-7739
-2074
-3439
7040
-6086
-6469
8391
-6298
5424
6308
-6569
-678
-1716
8504
-5244
7792
-6995
2758
-2950
-1559
-1648
5926
-1043
-7672
8626
-3079
-5787
-9750
5985
-4668
-9161
-8965
-1390
9251
-2791
-8517
2239
6984
-9241
1110
-5889
7304
-1352
-5186
7504
6268
-7051
-645
-5944
2598
-8289
-4671
-3550
1912
-7260
7944
2102
-3924
-24
110
1715
190
8761
-1564
7115
-1847
8073
779
-4001
1985
5101
3472
-4546
5137
4395
4780
-1588
3692
-3554
-4589
-7225
633
-2392
-1478
-9618
-4021
-6093
779
-3986
8258
-3535
-1599
-227
-209
6469
-572
-3596
-4681
-1581
-8662
-9789
2967
4161
-1859
7363
8639
-9150
9562
5055
-9825
2568
8944
-9875
-306
3056
9947
-7536
-7757
425
-4844
1058
-654
-6356
4639
7960
-2823
-6728
6772
6735
6469
3860
-2900
-3024
8003
-695
-3864
4732
5102
279
6559
-2578
-6133
-5439
-9970
7835
-1140
6561
6185
-7557
-2949
-9291
-6089
-8722
-2317
-5108
-2562
-7037
-1691
8943
4693
-8618
-7130
7760
-6183
-49
5356
-8294
-6249
953
-668
-5613
4560
-9086
-3270
5396
-571
-5003
-7917
-111
2895
-4706
-2620
2414
4271
-8308
1760
9785
-5855
7178
7225
-9027
-5634
6055
-4251
-2296
3076
-9915
-5939
766
-955
2029
6903
-4503
328
976
-8048
4685
2028
5411
1212
-5525
4366
-4301
2957
4583
-9565
570
-5483
3480
-2893
-4853
-8803
6345
8895
4368
-7199
8238
6906
1952
1354
3458
7006
-6327
6613
-5426
-5500
-5008
-8574
-1512
8503
2933
1354
3852
-9312
9103
1686
-3952
6827
-3206
7521
2027
-7453
-6181
-5957
-3282
-7078
-99
3887
-4608
2710
7699
-9022
3716
-3122
-5161
7309
-5245
-981
-7480
-6181
6896
-6358
-4063
-3786
3060
-4833
-2334
-7678
-7324
-6266
-7213
-2035
538
-3038
8622
5123
-8257
5791
-1950
-6867
892
4114
6728
-5951
-776
6476
-9528
1474
5930
8852
9088
-6676
-4838
9716
-5108
-6
9828
-6671
8288
-3217
2343
6638
-5324
-109
-4525
2260
-791
-7186
5710
-1268
4980
4432
8193
-3356
-7605
8884
4205
-1334
5051
-2807
1558
4540
364
2914
6959
-3870
3544
-5004
5333
1581
-8963
-8997
-4109
3569
627
5986
-8139
-7905
-8470
-7559
-3843
734
6616
-2626
-5388
4057
5677
4866
1316
1751
-8406
2176
-8230
-8276
5357
9324
-2420
6140
-590
3140
-3835
496
-1286
-8567
-8155
-4116
9223
-7943
6265
1353
-2352
-7535
-3177
4178
-6111
-5421
-7403
848
-2726
3185
1907
-8205
9901
-889
8586
-3289
5164
-6930
919
6894
-1701
-7158
1620
-8092
6418
-3348
3274
3023
9581
4432
-4905
331
-2686
1704
5700
-5675
3693
4274
924
119
-5317
-7910
215
-9046
9345
922
4527
6346
-5108
1235
9178
8912
-3037
727
8922
6402
5414
623
6928
7655
2194
421
6238
8122
-6034
-3283
3740
-4890
-7242
4609
6594
-3276
3084
8639
1691
-4964
9309
-3492
-3244
1136
4111
8429
-1637
7598
-8775
-7949
2533
457
-3925
7987
8035
9167
-443
-6375
-7974
-4515
-3974
4702
6267
9878
-263
-17
5191
4756
-8426
-6099
4061
-2783
7114
4230
-5914
-9463
6117
-2065
-8649
-9360
-2095
4864
8415
6763
-2768
-4786
9933
-5967
-408
908
6046
-5229
1935
239
-7609
-3193
-5325
8591
7306
3436
6670
4478
-7298
-5005
-6923
2056
7817
-6224
1092
1534
1632
9583
2575
4157
-1407
4906
-9385
-9432
3162
2856
-1436
-6883
5300
-879
-2381
-1972
-1285
-9072
4705
-3464
8541
-4066
9798
-2994
-7386
1262
-7190
3641
-369
1139
8673
8302
-3938
-455
4631
3519
6638
-2916
6349
446
3983
3105
-6275
9780
-3693
-6883
604
-5002
1932
7521
-2966
4461
2957
-4757
9044
7773
-2133
7831
-490
-3574
909
-2521
-3427
-8837
-9125
4405
-643
-6231
-9906
-6093
6002
-3427
-4628
1075
2526
-7882
-2560
-9303
-252
-5904
2025
3895
2217
5021
-3543
-7206
9847
9792
-7113
-8343
-7197
-817
3526
3601
-9312
7132
4070
9007
8074
5299
9694
-1637
-1412
-968
-3296
-6274
-1326
-3227
-5591
8205
-732
-1212
9468
-6167
-701
-1582
9067
-8772
-9349
-7051
4634
2746
-9474
-2717
1099
-616
-5029
-1370
-56
-646
-2751
-6838
6436
-2974
-7702
5208
330
4985
5928
-3796
-3436
7987
6069
4709
2162
-8703
9799
-4368
8508
4650
-5640
9976
6201
3882
-4457
-5635
76
4342
1895
-2069
6255
-5104
-5203
-2566
-2632
9033
-773
-2486
8476
3883
-1726
3775
-7154
-1948
-8872
-5370
-3350
-4989
4241
3848
4726
6686
6679
-4877
-1223
9477
130
-3876
3515
1031
5162
1192
6513
-8191
-2605
-4919
5998
9207
-4698
-5247
-6279
-1332
2693
8408
-9740
-737
-7620
-3961
-2085
-4792
-7701
3572
1267
4333
-4113
-6395
6536
-7353
7501
5615
-2733
6521
8028
-8948
7543
-2981
4211
3000
664
7446
1536
3014
9053
-9708
-1401
5242
7100
8351
-3919
4187
31
-3924
-8163
5413
1633
-9737
-5862
-4164
-5876
-518
-45
-2220
9573
-2120
698
-2509
-8249
5403
-1753
8696
-2095
-7711
2011
-8379
3760
-3449
5914
9719
-1197
-4069
-8864
4803
-2831
6445
-1737
5959
-308
4214
-3246
6333
9739
5553
5490
4235
-7676
-4494
-6544
808
2364
-3755
-8477
-948
5671
4693
-1060
-4794
-6408
-7873
2264
-6844
5198
-7344
-5755
-1335
-9481
9201
4495
-5382
-3919
-2230
967
-7145
7691
1182
6142
-4375
3131
5986
2329
4412
-2587
-6476
640
8851
-8674
-6005
8449
2314
-1640
-3958
-6797
-1392
8593
-4144
6877
985
-6566
7499
9043
-5036
-1903
4867
7828
9423
-3112
9513
8214
3775
6893
306
5566
402
4033
2854
9384
-5142
6905
3987
8809
-2411
-2681
-1807
-2323
-3841
-4573
9829
-8909
-3409
3120
-5304
9660
-7443
-3084
7390
5017
-6808
-8504
5012
-3817
3955
3351
-3980
5170
9117
-9736
-5234
-470
9067
6956
-78
4764
1023
-9758
-3886
5355
-1408
4769
-5140
-1177
7606
-5357
-518
-7923
678
-254
-8398
-8463
4510
93
1874
6348
9549
5437
9174
-3965
7868
4750
-745
-9438
5828
-8522
-7260
7939
408
9802
6374
5761
-532
-6119
-1805
-2315
1178
5461
2431
-8351
3284
-8885
-663
-2105
751
5491
127
-2526
-4256
-4950
-9265
-3330
-981
-8361
1397
3080
4405
5908
1469
-1623
-5670
-9262
-1869
-721
-807
-5010
4482
-9359
7361
-7291
-7725
7804
-7391
-8100
7876
-4323
-9506
-856
-7095
-7134
-3620
-3144
-3492
-3011
-4653
-2788
9012
-2782
-9671
9144
-6291
-9862
3615
7762
4823
-5839
-9802
-7836
7998
247
1066
903
-3556
396
-6092
1990
6137
5702
-2968
2415
-2566
-5258
1350
-1824
-6809
9826
6836
7437
-4927
7372
1598
4610
-2405
-3558
-6091
-935
-5475
6148
3700
-7127
9094
-1210
4508
-7929
-1846
7041
-8200
-5296
-6898
-3719
5941
-7174
4288
-6950
-20
111
-72
-1434
-1903
3428
2476
7823
-4368
-4770
4845
9873
-4887
1399
-4911
5223
2587
8895
-4183
-3714
1444
3020
7514
5944
-7076
-4243
245
2484
3629
1949
2269
9409
-3690
3240
-8869
1097
5136
689
2147
7355
-7712
-5959
2260
7758
2820
215
5738
8642
-8340
9540
5727
-5140
9368
-1936
4817
8977
6268
7986
6690
4010
-7797
9600
6967
1635
365
8096
2446
5769
1228
-3117
6853
5975
4686
-4760
6902
-5509
5054
-7381
183
-4279
-4931
4586
-9144
1696
-2482
7737
2748
6589
-4897
-8994
-1052
2029
7815
1178
-1089
-9665
-3472
-3475
-7645
-1790
2457
-5078
-7659
-8065
9257
5103
9816
-762
-5733
2399
5083
8518
2154
-3459
-5321
-1090
-1134
7575
5767
-4058
-3018
751
-5864
-9927
5990
-8565
-7351
6370
2131
3806
-2824
6169
6206
2811
-4039
-6650
5926
1141
7371
-2246
-7446
-9714
-3223
-2518
949
-4849
8125
-2862
-7167
6378
1816
-5716
-4801
4105
-515
-5345
1657
-9634
8303
1566
8083
972
4929
9810
-1293
2516
3857
-3688
-2379
8601
2140
406
-2841
8799
-1661
8307
-1885
-6448
7921
-5099
3078
-388
311
-945
-4315
2698
5881
9934
7717
-5236
5236
2861
7596
-1455
5511
6024
-9278
-7238
-6988
8996
-5048
-9582
-6391
-978
-4010
-2196
2238
-7910
-9383
-1595
1318
176
6938
-6735
1160
-7624
2015
-2123
-6626
8917
-9833
-2175
-7563
986
8465
7296
4510
7013
4931
-4418
4873
-1830
-5364
-7443
4716
-6443
-3024
6827
6951
8806
-2308
-9632
-6431
561
-3049
3174
-7869
6385
1533
2693
490
2786
3946
-1266
1380
-4368
-2517
-1459
-2262
7262
6259
8980
-5383
5555
-8154
2371
7098
-9486
-2217
9300
1515
-5878
682
5736
-9258
-9991
-7544
4418
8106
-8597
9772
6747
2490
2980
-5286
6251
6316
2371
1572
-5371
2148
-4734
-4208
7022
8857
-9770
-4009
6256
755
3311
-7838
-2125
-2632
-7358
3050
-3611
1135
5359
-8777
-6407
901
6583
7900
-3177
7477
-6962
808
1136
-1930
-736
-9643
4011
-2072
-3868
3643
-3081
2118
9526
1598
752
-2087
-5071
342
-4757
3372
2317
-3087
-9353
-4222
-2381
-1592
-2827
3120
3394
6163
-9064
9572
2655
-355
2042
4033
5557
3963
-2863
6971
9824
4045
3990
-3082
959
1720
932
-1137
3396
-6716
-7005
1132
-4595
9839
1127
27
3108
6501
2003
9162
4767
5329
1462
-9213
-1657
-5727
5999
-9839
902
5774
6657
-8759
1836
-8483
7104
-6974
-9998
-1033
5278
-3844
-7729
-3321
9824
2418
3009
8888
3372
3489
-7285
2992
2341
-1850
5612
9217
360
8919
806
-9951
-8327
9225
9765
3918
2699
-3750
8651
6838
9892
-5160
3888
-1430
-3918
6199
4998
5327
224
-9854
9874
4534
2457
-3301
-2632
7775
-7757
6571
9306
-8790
-34
715
-6077
-1356
2914
5383
-2100
-4625
-9261
-6548
4427
5462
7873
-8432
-4136
-239
2317
-8081
-9106
6836
-9862
7090
2663
-6695
-7623
-3761
2907
-2259
6736
1032
6793
-3047
8498
-6535
-2762
-8218
-5784
-6513
4991
7917
-5449
-4519
-6688
-4148
882
1310
-8082
-6987
1852
-4556
6971
8789
-1684
-7375
6807
2283
-4333
2235
-448
-689
27
2194
-1503
4450
5412
9661
4594
1757
-58
2077
2931
-7956
-4383
9856
3086
4538
-5988
603
-4817
-866
-7946
-9638
-2223
-4734
1232
1731
-4131
-516
-6343
-9702
4637
1008
-3111
5691
-719
-8856
3177
5712
-4694
4416
-8007
-6359
-9616
4402
-8802
-7610
-460
-5463
-1707
1192
7406
79
-4441
1140
-475
-8127
-3640
-994
-7106
6641
-499
-8256
6487
6439
-9270
4491
-3769
3741
-3390
5034
6317
258
5421
-6397
5202
-4058
-8583
9487
4601
7448
1065
7509
-8537
4534
-556
-8728
7767
9008
605
-505
-7203
-2387
-6903
-9509
-820
7010
3628
2146
6136
-767
8897
-4261
8338
7483
-2389
2889
-113
3461
1071
-3480
3774
-1068
-8729
2660
-1062
4845
-9438
-682
-7476
6500
8393
3529
6194
2504
3098
-6131
6045
-975
-9069
9293
-2959
6933
8855
-9270
-2526
6168
-5173
-7931
6456
2089
-6379
-7612
-219
-2274
6541
-4815
5330
-4451
9007
-8262
7301
1495
-9067
-8576
-9354
-5822
2362
7355
1250
-2852
3353
686
-6582
-990
8719
-2222
-7764
-8078
-3253
-7090
-9722
-5783
-6251
-2712
-429
4029
4798
7616
-6434
6908
-807
2999
-5217
-53
523
-1532
4494
6494
6471
-379
118
-266
-286
-2768
5392
-3970
-9707
5506
1765
8173
-7333
3738
2726
-5432
-8006
6884
5038
273
4202
6891
9239
-1599
-1866
-8946
9939
2070
-2664
-4545
-2745
-865
4213
-9345
1232
-1338
-1842
621
-6976
-4764
4947
-2921
5437
-9697
-9671
1276
7612
4548
-2342
2071
4636
6160
3340
-6600
-6168
-9365
885
-4128
-4360
-6355
7987
2813
9066
6199
-8544
-4305
8621
6343
-7449
5498
-3303
-1452
-516
906
1983
7737
-1321
-6851
-854
-6401
-9359
-7864
-2140
-8235
465
-9221
3724
120
-2185
9405
-2488
9864
-3701
-2204
-8325
-2654
1159
-1681
3133
3919
9718
-6246
4603
9079
-9999
3104
9451
8011
-737
2399
2736
-5407
-8089
4517
-2856
3741
-4137
9781
-3505
-2936
570
4613
6204
4284
4380
7502
4436
3218
8992
-5614
6385
2931
-5482
-2988
4670
-9886
9384
-6124
4374
1514
-3456
-4324
-9588
2161
-3670
-6993
1294
3648
-9101
-5219
6466
2101
1754
-8986
2537
2349
8132
4468
-7345
-2779
4580
4716
-6013
-855
4412
-2472
-6971
8341
-3193
-4717
2369
-1697
-7606
3771
-5156
-4861
-926
3564
-4212
2607
-8567
8216
8920
8354
8099
-8768
5075
-329
5941
-9779
2783
8839
8036
-601
-2207
-5887
-9381
-6334
8404
-6118
9703
1183
7503
5926
545
7423
-3313
-7735
8451
-2965
-1100
-9612
-7185
-4688
4275
-4524
-8179
-3981
-7045
1850
-6453
-25
-6106
-4539
6646
8698
4236
7949
991
-1551
8264
394
-4435
-3925
7551
-5095
-5408
-8375
5978
7695
9021
5458
-2183
3582
3511
-2752
-1370
6873
2189
8185
5770
4203
-699
-1157
-3513
-120
8174
5419
1662
5924
-113
-1484
-6617
-5485
3067
9876
-4195
-2719
-124
-177
7477
7737
-5111
6156
4351
6134
5670
-3410
9944
-2518
-6499
2757
-7930
3703
9757
-5899
-1830
6284
-6251
2664
2618
1582
-4649
9987
1571
-9464
7815
3597
6598
-9169
-82
9622
-8278
-6012
-3169
5403
8262
-5676
2389
-3877
-1512
-7513
5082
518
-4709
8429
-6538
9528
2904
8199
3394
6067
-9208
-6496
-6202
7506
6642
8916
6461
526
4881
-2437
1929
-564
3606
6893
-3462
3317
9155
3386
-3110
3856
8128
6499
9973
5819
-2619
-1441
-828
-3737
-761
-4511
-4599
-5122
8547
6816
8570
7897
6372
-948
-1385
8463
-9334
5782
8017
-8889
9366
1771
6721
1116
-4422
3625
2749
-2940
-834
2952
-9686
-3314
-3747
-2658
2898
-3307
-1090
-9522
-719
-9933
-5420
-7689
7627
-4869
-6615
4835
2183
-3079
-6632
-7574
-5012
7481
-5285
-2041
-5912
-5734
-6575
-6188
3505
4967
8889
7025
-6863
-5943
3582
-38
9875
926
-1673
2030
-2513
-4845
4139
-7902
6579
-4475
-2763
1285
4873
9508
-555
-7381
-7028
8517
4092
-4840
-8036
2544
6272
-5838
-7075
9079
4305
-1487
25
-2741
2204
-1894
8738
-3213
1139
6533
2360
-1816
658
6928
-1121
-5325
7646
1584
-3690
6248
9461
-1184
6214
6829
-4555
-4066
4003
-5519
-8371
2447
9795
4733
2518
8567
-9965
-1295
1227
-9227
2731
-5970
1902
-2178
2045
-4767
-753
6913
-9326
-3856
-8138
-4327
-3584
9918
3931
-3603
-2482
961
3581
-2396
2998
2158
1676
6042
-9917
-9834
-387
-7079
-1685
-3102
1331
3441
-5608
-5064
7681
4723
-2786
-2053
4602
9789
-4351
8146
6974
-472
-3357
2093
-2922
6825
-315
-2930
2698
-7635
-2214
-7880
-5167
-2888
-6456
-7493
3178
6011
-3260
-6717
4551
6947
1393
-4307
-7586
5941
3134
-4874
-7425
-7682
1490
-9294
9246
-1408
-8097
3617
-2106
-9255
-2127
-8648
7272
2177
8927
-6126
-4078
6015
-2710
-6704
-6753
-4564
9338
4707
7815
417
-7892
-3211
252
325
-9253
-2763
3232
-3033
2786
9597
-4052
-7377
8368
3563
9733
4566
1481
-1516
8329
-426
3133
7454
198
-18
3814
-251
6030
9408
7191
-2649
-7818
-2176
2653
-6440
-1167
-9713
864
-9387
2856
-7065
-7519
-8339
-7188
4149
-5980
-2267
9125
-264
-6885
-8049
3766
-9882
1205
9832
8005
6130
1685
2867
1644
-5350
-8670
5033
-7317
-397
-1086
-8747
-9462
5370
-3293
-1434
-1822
-8757
4156
-2459
-427
-4435
6457
3070
2823
-458
-9171
-2908
-4381
5148
-8698
-6133
381
-5570
-2048
-2669
-4382
3075
1663
-5883
6639
3138
8186
7358
8875
-4249
4722
-7657
-9251
-3185
-3627
-3264
3394
-5148
6339
-2036
4600
7410
9351
3448
3434
8528
-9099
4425
5633
-895
472
6137
-6662
-1502
-954
8093
-5392
-7295
-204
8927
-4360
-2469
-9987
-8864
5400
297
254
1939
5810
531
4540
6343
3396
2426
-9563
-6522
-6101
-3795
2202
-8305
-6273
-6150
-657
-6310
2938
-6727
4930
-4515
-1427
-5965
3289
-3776
7536
6956
-6694
7228
83
-5998
-4657
-6214
5256
-442
9931
-7193
-3979
4200
-8546
7573
-4467
-2424
5240
-7009
-9506
-4279
7369
-9098
-7310
-8997
4422
1797
8459
-3220
7092
8418
-7100
-2459
-2509
-5728
-4052
-4614
3076
8540
-9788
-179
6958
-8715
2561
-1595
8200
-3723
-5730
8747
5504
1984
3647
-5712
6571
-1058
4410
6579
-2326
1547
6186
-8816
-7763
1789
2398
-2917
3837
-5622
-2765
-2104
-5229
5499
8464
5866
8153
-8666
-9812
-4833
-5462
-3684
-4775
1566
7278
2657
1424
5801
-4969
-4719
-8593
-5914
7248
6364
-6910
-6532
1045
4189
-7203
9226
-3162
-8386
-5749
1520
9355
-7674
-7092
3558
-7202
-4092
-2977
-414
1839
-5871
5149
4126
-8462
-8906
-8776
1340
-4488
1337
-6972
7663
685
-5633
-8716
-6626
-2120
-2465
5572
-75
-4698
-3603
5774
-6364
3736
-5531
-4182
-8723
-1835
-3073
2149
-8567
2041
-8182
-2900
2152
-7105
-1290
7408
6088
-313
-5316
1576
9882
-8095
-9987
1753
8292
-1901
-3272
-6870
5760
-5392
-8966
3196
100
-4837
8975
5391
5436
8428
167
8664
9799
5235
1426
-669
-1731
-1318
9117
-8353
7662
-8684
5568
4189
-7169
-118
9496
8654
5876
-5478
9527
-8636
183
-8694
1928
-5812
9369
2807
-5707
2876
-9760
1960
1534
-8600
-8643
-3239
-9846
-9707
7909
2455
3476
-808
7028
-5528
-6904
3347
5584
8956
5761
3070
-9181
-4009
-2143
-8129
5839
7806
793
-2109
-4892
-1485
8588
9047
-3042
-9997
-2676
1048
-5679
906
-2610
2894
9943
-6615
8314
8423
-564
6785
2750
2548
-7348
3182
-9065
-5597
-7098
-2542
4070
3808
-4452
-5569
6021
6586
-6500
4282
-5716
-2604
8125
4232
544
8631
-9603
-999
1300
4501
9426
-2377
-3763
-6205
-8550
615
5026
7251
-6221
-236
-4164
647
-2282
-5233
1353
1775
-9347
-5250
-9362
1962
-6833
-6
-7621
-2478
-3913
-8151
5058
7089
5017
-6525
4594
1555
-5753
7431
-513
4715
1559
-193
-9614
-6691
855
7576
4054
-6524
-4956
1565
4194
5627
-1619
4899
-9940
-4513
7444
2479
-8530
-2419
9574
2043
-9337
3682
-8699
-4970
5740
5779
8033
-7763
7866
-1492
-2476
4463
-4618
-9420
366
2814
-78
-951
2329
6991
-182
9017
6384
-1317
8549
265
4109
-3479
-7285
-7480
1452
4299
5504
-3885
-8353
9486
1517
-5970
8598
-4140
-3319
8902
591
-999
-9063
-418
-7762
-4624
-6469
-5137
2175
-5214
6795
84
-2202
-9306
-6669
-4215
-4998
-3407
8600
1486
767
9477
-2400
-2395
1877
2442
-5925
-473
9287
-5759
7214
2672
-6210
-296
1595
-9342
3782
6767
2138
7017
1329
-4984
2933
4246
-5129
2706
-2361
-5925
-5202
-4881
-6101
-5317
-4924
2657
-7545
1872
2361
2958
318
-2349
2819
-5398
9678
-4525
163
-7204
-4309
-1200
-9901
1757
3468
-9220
-141
-7886
8522
-1480
-7399
-6116
8126
9961
-7498
-2270
7555
-7957
-8771
630
4173
-8450
-1257
5593
-4274
4827
-2952
8499
4364
6320
-5882
-7565
-2014
1920
2042
-2057
6124
6903
7280
6952
-7462
-856
7715
7433
4043
-7694
-1286
-6420
6777
7435
-6082
2091
8071
-8623
-5553
6992
-9572
-1164
-4753
-6746
-707
-3238
2549
2597
-3794
-2833
8735
4070
7815
-7148
-5464
-4873
3985
4826
-5479
-7269
8018
-2433
2493
-9120
600
-4265
-6387
6021
-2207
-810
-3689
9984
6902
-5821
4282
-3672
459
-3608
-5891
-4148
2434
-1412
9342
5786
-1839
-4918
-9339
-2959
-5846
7780
-2990
-289
1086
6752
4347
3589
-9357
6292
9946
-7626
-3207
9413
-7135
-2101
2953
2845
8389
-5761
-4815
7379
-9201
-4738
3502
2635
2284
-8720
9209
-8008
-1343
690
5883
9391
2956
-8730
2592
-489
7919
-6345
7731
-3145
1683
-5584
-1558
214
7187
7088
9386
7090
7610
-5068
3788
7261
-6267
-1972
-5688
1963
-2535
-432
9197
4084
-2576
5507
-1489
7723
8392
-1562
-7441
3010
991
-2236
-9689
6822
-5054
9098
-779
-3997
9070
4509
7428
-3633
3359
-4079
-4112
6049
-4181
-5117
-9207
-1570
888
2465
1454
3985
-2645
666
5730
4351
7496
9849
6884
685
4929
4807
3222
-4985
-2983
-3968
1030
-2409
-714
-6261
-8455
1487
5310
-6374
8233
-1982
2619
-505
3243
-5339
-807
-7661
-7447
-3227
8408
-1470
-5153
2377
-7589
4433
1818
3079
8308
-8484
4959
-4219
1710
5965
-8639
3309
-4442
1743
-6910
-6052
2100
6215
-9155
4936
-7906
4449
2979
8247
-3970
-3894
-6671
4255
2468
-5278
1288
5248
-9769
523
2409
643
807
1099
4786
4257
473
-7387
-3956
-5793
8221
8841
-6990
7115
-2661
-9264
1215
-2945
-3936
-4839
2394
-2076
6498
-2265
9795
-213
8084
-5004
1181
9225
-8196
9159
9291
1498
7615
5141
4820
-7482
9565
-9601
-6284
9978
5839
1126
4424
-9700
4071
-1911
-5463
8514
4642
6892
-4129
1076
-3025
9590
-6156
6362
-3558
7720
8005
-746
-2023
-9549
-4541
-4694
1683
-4456
6129
7698
-2364
-1234
1388
7720
-4986
3028
1671
9139
-5446
3581
140
-1230
-7395
2407
-5390
-6215
1915
-9817
6505
7342
-3180
-6630
-320
8225
-4079
-3836
2743
258
5484
8848
9212
-5586
4648
3972
7899
-3046
-9920
-3427
1287
4110
-2385
-2289
-7637
9296
-5023
8627
-5012
1702
6195
1786
-3211
-5521
3066
7430
-2105
2319
-3027
3698
3394
6071
4065
7674
-6014
-1689
808
-6543
-8253
-7187
6591
6280
-3398
-5404
6480
1189
4209
-5304
1195
9625
5126
1594
4440
6819
774
-423
35
-2229
-367
6636
2968
7916
9913
-2263
5780
-9727
3621
-4902
8884
2926
599
9496
-7499
1730
-1983
-2478
-520
5468
-2286
-7660
8493
755
-839
-6643
-1383
5045
2224
4562
-8715
6880
-7603
1459
6217
6978
9121
-2656
-1081
9275
-8780
-5846
1217
475
6474
-9229
6011
-737
-9836
-8937
-6215
9021
-8877
9164
-755
3402
456
4400
1551
-6526
-4226
3643
8008
1817
-1676
6009
-9287
-9535
3202
2935
1940
7910
4075
-4661
-892
-1380
6563
6153
4465
5027
8050
-1369
-9181
-8181
-2295
232
1902
-7490
7057
-2505
-3697
-7863
4509
-6571
-7566
-7760
7792
-6619
-62
6905
-9829
-2696
850
3114
-1882
9306
-5605
-1623
-8186
-8693
-9863
40
-7143
-6259
-8578
-7690
898
3232
-9434
-6453
3286
6917
7068
7676
6821
4806
6376
879
3096
7897
-2831
2041
220
-3762
9969
-5531
4998
1544
6393
-3718
-8034
7958
-365
-3624
-57
1052
-9568
3538
-9852
2026
2740
-1891
241
-710
-9036
2817
-4133
-6400
-2033
-5135
-8942
1383
494
-3829
9316
8692
4277
-5675
4664
-5464
-3561
-9412
8256
-4832
-4971
-7047
4658
-5768
-7940
3457
8752
479
4210
-1804
-9825
-3473
-3417
-7111
1156
2609
5067
-6299
4739
7431
2856
1412
-3637
-8252
-2752
4358
-4594
-1778
-4072
7436
-1104
-5223
-2216
2326
5904
-5604
-4449
4033
-7894
9513
-4865
-6340
3565
-2212
-5126
8546
3832
4184
-5086
-5667
297
7707
1267
-5845
-5032
-3428
172
1956
9858
1764
-3992
-7718
5235
-8339
-8401
4568
-2511
-8785
-9191
-4200
2191
-9289
73
9976
-8617
3805
2502
8138
9908
-8398
4270
-7062
-7134
2360
5414
1074
-5682
-5979
5387
-116
7982
4775
-4889
9700
9380
1668
-2177
1754
-7798
-4680
-5019
-9563
4203
-6162
473
-9772
-6197
7137
-4849
5714
3479
2316
4316
219
8481
-3997
3876
-7544
-4568
-8255
-2674
-6533
7188
-9362
-4761
-1119
-6356
8151
3981
-5732
-1613
-8208
-5335
5639
-9533
9701
8071
9620
-4833
1533
-9993
-1257
-4505
3495
-330
-7141
-2220
6254
-2292
-1744
-1288
-799
1419
-735
-790
2848
-3289
4292
-7938
7125
-4935
9570
4304
7153
-8306
4131
-5458
8049
2969
-5094
-3806
7657
7407
3965
-7300
4460
-4030
-6645
-6304
-5808
-7624
-3953
456
-3044
-1314
1569
-4551
-2528
270
6295
1500
-2875
5677
6709
-906
-911
-5351
1988
4646
-4022
-3077
-5999
4632
3491
8607
9371
-842
8228
8264
-1335
6222
6518
7334
-4566
-8507
5941
-9318
2124
8278
9908
-7630
7890
6359
7065
9717
-7615
-6127
7077
-7504
-2915
2455
7850
-4084
-8172
4510
-1622
9011
-4485
-539
-4391
6133
211
6235
1233
-1044
-2079
-6491
-8759
9966
9480
-9678
7819
6654
-7763
-1680
6756
7049
-2563
-2171
3374
-733
-6501
4126
4883
-7337
5262
3046
-114
-7904
-9189
7363
2037
4067
7418
-5542
-3326
1150
1573
-415
-4098
-287
-5719
-1281
1166
-9943
-8098
2726
-1640
2413
-4378
-6718
-2709
9836
-2049
8316
-499
-7943
1428
-1308
6151
2571
1700
-2009
8170
7020
-2871
-142
-7148
9406
8464
-4360
-5611
9729
-5401
4023
-3427
-8841
-3140
522
1230
3363
5615
-1888
-8830
-8868
6880
-2479
-8142
8273
3369
4443
-3318
8387
3325
-6070
-5604
-7096
7253
152
-797
-1394
-8424
-3807
4051
1810
-8640
6589
6621
2774
2976
8646
-4414
-9189
4440
-4716
5630
9933
-9554
-1175
-7494
4859
5304
-9854
-5519
6746
7803
8427
264
-2422
-5807
8608
-6898
-4982
8877
8514
-9774
9963
360
6246
8687
14
1505
1199
3009
8532
875
-3714
9456
-5599
-5550
-1705
3170
9117
3577
1910
-5990
1927
-8308
-7617
391
3805
5684
8064
1454
-3093
1274
-3306
-8098
5542
4742
-7679
6805
-860
-9393
1176
7663
8578
462
1575
3920
-970
6381
7953
-4793
8821
6706
-550
-2321
-7794
6593
1022
-5164
-4826
9505
-6004
8698
9950
1591
-7446
-5997
-1184
-4273
2512
-1241
4873
-5296
-4121
4466
9778
-8454
-2786
-3641
-9624
-8842
-594
6116
4589
2244
-2516
9266
586
-8192
-1430
9999
7926
225
6780
-5771
-518
-7739
-228
5752
3981
-2768
8301
-2117
-1562
-6835
-8555
-7847
142
176
-1950
9853
-911
4485
-3876
-5402
6928
3458
6332
-3947
1255
9096
-1759
-7225
8591
-9499
7478
2531
-3311
9565
-8625
-9281
6810
-1367
8289
8415
-1858
6379
9620
-3037
-4536
-8120
2280
-9546
6283
-2922
-9930
5276
8010
-8985
6582
2319
-1043
4268
-1226
4405
5189
7448
-9955
-6788
-5053
6940
-9962
8268
-879
-4346
6868
6309
4190
-9232
-7291
1822
9576
8430
1300
-8339
-835
1979
9510
-8636
6362
-7718
-5201
-5442
6538
-8284
9126
-30
1458
29
6669
-2387
-8937
-2706
-3115
-60
8998
-3364
9108
-4775
2146
-2112
914
-7058
-9522
6967
-834
3730
-4607
-2766
-1799
-4613
-6022
-2440
-6216
6156
-8185
-8548
9229
1240
8651
6039
-3413
-1060
-8897
-9420
-2992
-7282
9186
6175
3049
9407
-5954
1182
4176
2239
-7855
2940
-5617
-6213
-7623
-8564
4652
-1295
-303
-7380
6140
8075
6986
709
6403
8351
-9977
4663
-5432
-7248
3657
-3778
-6448
-6286
6072
4569
2479
8282
5231
-627
-1885
-8428
2558
6300
-7997
-8683
-2809
1322
6169
-6930
5323
8913
-1890
2335
-3715
-9135
-4896
4896
-4038
-1866
9350
-7651
-8448
6922
2719
-7302
-7303
-2355
-9018
5714
-8053
9786
4951
-3233
-3288
-6120
-2371
-7823
-9758
6911
-8478
3505
446
-3638
-7639
-4299
-9472
-2807
1639
9794
-4926
191
984
-7921
5010
5181
-8189
-43
1199
-6899
-908
-198
-1328
3090
-1924
-6959
5604
3227
6082
-1621
5862
-5134
5861
6748
1034
-3897
-4630
-7343
-1115
-1962
1639
-7108
-9891
4762
3137
640
-26
1997
2548
1717
6506
-6124
3407
5230
-7815
8612
5196
-8062
9582
5065
5655
6687
5216
5692
1797
8978
8773
-4741
-9442
-4627
8441
3765
7980
-9527
-3012
1033
1858
-8102
-405
-7558
-4567
-148
-6263
2974
5758
-7379
-9364
-1157
-925
-7087
-5342
-4984
-7757
7322
2978
1658
-5661
4673
6965
-1664
8498
-8995
798
9245
-1438
-6771
-8377
9256
969
-5614
-3834
-1874
-2929
-633
-8397
-6011
-8531
-7344
5480
2050
-8871
-6148
8141
4760
-5671
7494
773
7101
9702
-996
-68
-2732
6530
1600
9351
6005
-4339
-5315
5754
-8033
-7740
-7031
-9865
8696
3486
-3211
3156
-766
6243
-6016
-2880
-656
-9973
-6642
5757
-7008
1996
5077
378
2415
-2130
56
-4818
-2371
-5962
-2815
9476
870
-1155
5627
-6724
3743
4466
4392
-1038
-1032
1140
-5405
3958
8959
-9437
-1944
6943
-9903
-2967
5581
-1573
5574
-580
3922
-4100
5865
-7894
5922
100
8548
790
6191
4195
-6172
3728
1780
-1125
-6682
-4262
8328
6660
-1488
5920
-7960
8197
582
-5186
-8896
4321
5794
6371
6003
2792
601
-5584
-6530
5586
2346
772
-1874
2912
8412
6669
5466
-2375
-4041
-7288
8194
-8022
5842
-3797
-1937
1122
9000
2959
2236
-2612
5372
-343
-4666
3192
-8366
6939
-9184
-7017
-3525
2420
-7141
2359
1144
6177
9707
-4218
-1473
-4393
2874
4576
4775
-2245
5401
-5039
5511
-9038
7143
-956
-2546
-379
-4426
-8393
-1327
3124
-6833
6804
-1334
1126
5318
-5337
-2737
-4272
1238
9801
-3472
2238
-2461
757
-7331
5528
8692
5348
6473
6438
-3891
8005
9558
125
4420
-8743
7652
4638
-6274
817
-7916
-5296
4784
2644
-7088
1877
-1206
3190
-2634
-2367
190
5958
-9279
1928
-4963
-6872
7172
7968
-4627
-3920
5653
-6323
-7386
-3382
2525
3745
3065
-8587
-6528
-9180
-626
8634
-747
-6622
-8922
-1610
-3790
3322
-5682
3830
-5831
-3004
9426
-2636
1930
9055
-87
-8642
-7148
-1371
5668
-4961
6612
-6213
286
-222
-5343
121
6594
-8300
6285
7848
-6175
-3514
5210
-3158
-5925
5982
-5637
-8979
-2301
5076
-2842
-1358
756
-5812
-8807
-2020
-6320
-5727
-6359
7483
-3951
345
-6405
4380
6535
-5736
-8577
-4568
-4392
-2125
8128
-7683
5132
4963
6382
1995
8004
-9094
-2017
-4838
-324
6352
3174
-8025
2315
-1078
-7828
-2426
2912
660
-9188
5758
-9821
9826
-2598
-7069
140
9971
-695
4351
7767
-9277
-6698
-4159
2831
-2092
7539
-7568
1461
-5921
4289
3244
1962
3529
182
5087
2208
3024
-2449
-2928
5111
-8418
-9159
-5744
-1446
-5848
98
1179
4516
-9252
8572
-3821
5991
-8150
3187
-7813
-1304
-6437
6975
1599
-923
-2797
4748
7168
-3447
-1155
-7215
7246
6591
-3301
2334
9382
4559
-8457
5644
-1951
-6712
460
-4765
2515
5297
5955
3949
-3766
-5884
-74
-7161
-6989
4869
6472
-9893
-2789
7345
-1266
-7468
-6490
-8281
4847
451
7347
-7105
-6304
-4178
-4553
-4739
3699
-306
6666
4685
-4662
-8636
-1976
6913
-1283
-4539
-3218
-892
-6314
-5406
-4728
-2050
-6454
-600
2580
1374
8893
990
1226
-7638
3346
1976
-3040
-4441
-7522
325
4306
3403
6912
-394
6836
-8693
-7107
-3153
-6671
-3304
-3133
2561
-2340
-43
-4168
-5714
-304
-4154
-3975
9013
9792
-7680
-4548
-6810
-4629
-3711
-7670
9892
-8162
5439
-7281
-5183
2275
-4449
2436
21
-9221
-3306
-6169
-4865
2490
9033
5265
2932
-5859
-6440
4337
-2485
4028
-187
-3481
-9086
-9905
-4553
7374
7102
-4211
-4060
2645
6566
3622
6385
-6682
1623
3776
-9445
2908
-7871
7173
-5281
94
3634
3679
9189
1730
-7847
2605
-4910
4948
-8287
-2518
-9745
6631
4298
-9344
-2496
-9458
6718
3435
2478
7258
6680
-7449
-9529
-8387
1807
8953
-8099
-3596
-9336
-3710
-7823
9053
7086
-4755
-6228
2463
9435
9271
-6035
-1574
7298
7423
5280
2586
5791
2037
-8597
-6721
6366
-2094
3140
-1451
8781
-414
6265
3127
3467
-3903
7080
-5850
6431
-922
5158
6312
914
4764
4808
-3693
3839
-2531
7775
1513
-1293
2489
-5583
6227
-9609
-2278
-1837
-6145
4932
6576
-4119
1792
-307
-7905
-5903
9048
5252
-850
-8202
8161
-4646
-4987
-5386
9213
-5846
3087
-1872
-2194
2006
-3978
1957
2414
-6958
-4480
3518
2785
372
-2349
5923
2789
9369
459
5148
8979
-3265
4547
-3537
-5906
-7330
9528
-4034
-7184
3747
-5406
-9469
-2601
8438
-3566
6450
4367
1985
8664
2185
583
-4284
-8224
-5246
714
-3623
1881
-4797
8338
-1158
-252
-2246
9585
8523
4796
2973
-5028
9965
2244
-5109
-6181
4663
9505
7550
2646
-6456
-7131
-6090
-5430
-6476
8590
2724
-9198
-8249
8855
8696
-1856
2472
8922
6623
-2265
-3993
-6720
-8081
-592
5287
-6940
-4664
-4285
-4083
7467
2713
8451
8964
1979
-6133
8074
4173
-8996
-8588
4378
-3197
-1840
9127
6104
8245
-681
-1460
-7143
-634
5374
3529
-2626
-7059
44
-1309
2865
-9121
9195
-2713
7622
930
2811
646
2686
9712
1630
-3433
1253
1994
-6948
-8201
-1220
7835
-650
4719
1785
5519
-7191
6866
-6633
6433
5434
9081
-2282
5017
-4881
-2071
-3862
1412
-5588
-289
7366
-6787
-4131
-1058
4118
1764
-6183
7554
7732
-6268
-1790
-941
8938
6122
-3621
-1811
-4625
9414
1857
9706
-4295
5754
1265
-2320
-3518
7297
7720
1842
-1965
-2610
-10000
2577
924
-3116
-7823
-483
-8222
-6915
-4999
9628
-7338
-9402
-2868
-2099
5122
9239
4851
-9599
-6121
-2908
721
6915
-4540
4887
9731
528
9381
-6232
-5356
7353
-1862
-8482
-7184
-4144
-7760
7659
-9070
-9192
4989
-606
-9839
-5836
1033
-7735
-759
-8172
-7455
9719
-6623
-8844
-2381
3341
-9641
-3423
2236
-3386
-866
-8114
7917
-41
-608
3574
5910
259
-5828
-1048
9685
-4923
2987
-7349
4879
6983
-7034
-2079
2664
6954
3703
1070
-2123
-7821
5902
-2569
-8285
-3301
-4517
-7251
-2241
-7246
9586
3179
2710
1590
-3860
8932
-9289
259
9484
-9270
-5323
-307
9756
-7383
5855
-5503
7920
-8660
8846
-2695
423
-7139
-9813
8095
-8879
-406
-4325
4035
1670
9809
-683
4425
6038
7147
9232
2838
-3050
2068
-8481
-681
7907
9151
-7761
4490
-9025
-3301
-908
-3339
-4404
1007
-9219
1066
1935
-3149
-5512
63
-4103
1012
1910
-7419
7432
-5589
4756
6265
-2989
4829
332
-519
-8559
4685
8872
8507
9749
1969
-4981
-4206
-2608
2676
-4302
9435
-1893
-3863
-9725
-7812
-4930
2421
-6857
-6319
-6042
2314
-5006
1018
278
3592
-3074
9913
4504
2656
6022
-2849
-7417
-857
9582
7864
9504
-9025
-7144
-8574
7074
5792
35
6604
-1193
6520
2566
2702
1724
3461
-4080
-8759
4964
2034
-840
6056
-4697
7735
5452
2024
-8521
-6199
-6070
-920
-2495
-7551
644
-8065
-2597
4796
9204
-3171
-7605
3240
867
-9219
-3100
1839
-468
8565
8066
7177
5405
5083
7023
8552
6337
-8217
-1937
5819
-3627
-2554
-663
-6147
6290
648
-9448
-3665
-8339
1482
1208
9071
4410
3119
-1911
-6471
-2681
-3132
-8390
-3694
-9224
-1897
1263
9621
6999
4010
6746
5138
-5715
-944
9416
5479
1232
-9286
-3902
-7059
-1224
-6994
-2906
-4108
-8081
-172
-8441
-6817
1721
-321
9514
-4343
-1832
4623
9201
8126
-8138
-507
-5598
-3236
8134
3608
7880
603
-8069
-7932
-3808
-1196
6979
9477
-9230
2613
-405
1417
-6331
9958
-2107
9070
9177
-9362
4296
-8124
1809
-9532
-4113
8448
140
6431
3232
211
4324
-7648
-6698
-7299
3973
-8571
6103
-3562
-6876
2854
5851
-757
8598
3640
-954
972
6750
6596
-8577
-4745
9748
6317
6121
-8341
-118
9230
-9817
6470
-5044
8235
68
-7558
9821
-2921
-1647
7421
383
-2135
-9386
1044
5094
2141
-3588
-7958
7544
-3679
440
-5923
156
7984
7782
2905
-532
-4638
-5567
-1303
8923
-9709
8618
-7701
-2442
4403
-9922
814
-5006
1491
2555
8454
5432
6012
4393
7864
-8006
5017
9462
-1181
-4699
-690
7325
3301
-9389
5995
-2167
437
-9933
589
7632
3930
-3769
5870
882
-7419
5737
-2791
3296
-2402
-1389
-9
4593
-5065
-5481
9077
-6472
5203
2445
6072
-3434
-7163
-4796
-7189
-1616
9269
8877
4833
5410
7449
-9623
641
-9593
6188
-4618
1201
-6130
-5493
7407
-2999
-3292
2092
9882
2661
8111
9570
9825
-8219
9600
366
3486
-8937
4362
2806
-9390
7913
-3658
-7482
7512
-2689
-5987
6905
-9694
-7062
6542
-695
-7368
-6755
-2530
-4330
4629
6588
-9682
-4938
3238
-858
-8304
8366
-1785
-602
-9921
5309
7313
-912
8074
-8301
3855
-1973
-2300
-7777
5806
-3195
-1354
-8092
-3244
-928
-3579
-5767
7544
-3770
-3626
8304
-9378
-8932
3800
4938
1738
-8868
1267
-358
5409
624
2999
3039
6273
-1665
7798
-3411
6808
3934
-1385
2493
-2272
-800
7964
-5224
9815
4988
9685
5475
9739
-6417
3079
-5288
-9339
-5017
-4234
5125
-6121
-5914
-9872
2421
-1486
-2184
8779
-6888
5898
-2216
-6766
3578
-8243
-5357
-4615
-8736
9056
8788
6703
4462
4292
7794
9141
8852
2655
5145
9078
4344
-7593
-9576
8055
9825
3839
5745
1235
-352
-8892
-7347
7426
-3009
7158
-9077
-3765
-325
8259
5081
-9167
-4995
-458
5206
4733
-3361
2976
-1711
4576
880
9336
-4576
4273
-8504
-8352
-5996
8385
-9386
3095
-5837
714
1416
8454
9481
-6054
-4059
-3608
-7108
-523
-5602
3778
-6318
-6399
640
678
935
-179
-7265
2209
3235
7315
-256
-42
-8321
5522
6879
-7315
5681
4078
4536
-8903
101
-599
-2286
-6671
-3559
8800
7019
881
-5656
-2517
9782
-3373
9929
9864
-5510
39
421
2388
-9932
5740
-5820
-3177
7824
-9215
-6906
-8918
7715
-1230
-8633
6370
6639
-2617
2954
8014
-972
2954
-8888
8597
-889
7675
7428
900
-696
-8001
3800
6186
-5861
-2138
-7902
-6659
-6092
-200
2455
9350
-6174
-8802
6006
130
4045
-9481
-833
-9870
-7448
6597
932
-8425
887
7193
4408
-3499
-8344
1879
-9291
-8824
4822
2101
-9421
8420
-8148
96
-8932
6572
7053
4120
-5917
4065
-9642
8007
-851
4470
216
2472
-5726
-4294
-4292
-7451
3260
-1819
3532
4622
-4311
-6373
-5320
-9520
-1439
1563
9828
7155
-5503
9735
1417
-4708
8489
-158
7922
-8171
5223
1661
-9775
4227
1878
842
-3643
-1245
-4300
1738
-278
2240
-4085
8709
-7057
7017
-7226
6950
-8146
9687
8168
-8028
-6216
-8824
5601
2517
-1618
-745
418
-6694
7133
-2915
5542
2603
-7903
4431
-5830
4807
6547
-2961
-6452
-1957
-8289
-3139
9158
-6408
4828
7664
7456
7288
-9700
-9029
4459
-4604
239
9685
-8318
-1805
7131
9645
9345
-4629
2262
-649
7471
-594
726
-3323
-8329
-6098
-4883
3493
-6136
6638
3450
-3671
-8299
389
4634
-2708
2975
-7628
-382
3896
-17
-5809
-9129
5612
-530
1460
-4457
7211
-1338
-6174
1042
6621
-7398
-2203
6480
1625
-311
7145
-6586
8986
7517
5976
-5885
1448
-9190
-9604
625
1484
6341
-9067
-1466
-8526
5439
9254
-8724
528
4638
7211
-8994
1749
-4478
-801
1185
3791
9550
-4043
-577
7496
4906
2108
-1326
-2212
1580
-632
2039
9959
-230
-9346
-5287
5551
8505
6534
-3994
2509
-2067
8755
9288
-4412
-5527
-9353
-2698
1019
-1464
-733
2606
6946
9320
-4213
3637
7486
-2148
-8894
-466
-8946
3582
-5529
-1738
1960
5321
220
-6708
-4321
9758
-3661
6571
-1529
185
5319
1532
3256
3849
-7403
9458
2708
9756
-5653
-7850
2827
-2280
3521
-8608
-266
6809
5911
-2230
8644
-9722
-7068
8183
7802
8220
9499
-4419
-2666
9788
-1938
-2104
-2479
231
-1318
529
7071
7816
-4191
4047
4723
-1819
-732
6192
-4248
6536
3338
-2238
230
8234
-3425
8269
-9816
-1269
-1182
-6173
7715
5214
2538
7723
1190
1904
4107
-9744
-935
-2628
-8413
6850
9180
-1134
-3702
-6145
-9551
9287
974
1678
5891
9704
-3701
-1874
-718
6381
-8036
-7286
9433
875
-5430
9503
-6346
1110
-7146
-4209
-4094
8557
2578
-9626
-7994
-2013
-9815
838
-7851
-2445
-4708
3004
-7958
9325
9299
-3972
6783
4294
8274
9337
9953
-4186
2333
-4534
210
-2965
6737
-8573
-5915
9892
3019
3295
3689
-3191
6349
340
4884
-5797
4258
2707
-7589
-4344
-9976
-3514
-5944
8299
-6395
-1105
4587
3328
3794
1165
-485
9939
-7356
-5364
9899
5555
9650
-7283
6663
1982
6986
977
-8409
-6520
4757
-4282
6967
-4699
4975
7811
-5448
5623
2560
-5609
1015
-7101
-3968
4773
6573
-3667
4898
-2032
5506
-4870
-6938
-5407
4889
-5760
9433
2631
1440
8561
-2781
3269
-3708
252
-644
-6569
-1671
3043
6879
5965
3266
6915
1477
-377
-1287
-8287
3783
4970
3214
4347
2733
-915
-1595
5516
-8484
-2703
-7135
-3578
-5478
-3502
3772
-3718
-8629
9678
-2956
2826
-401
1907
-3316
9364
9245
5601
-671
-3937
3240
3606
-9896
39
8677
-2848
6051
-3911
-2177
-2990
2177
-6781
-5589
-2519
5358
-7319
-3269
9210
6591
4394
9682
-4807
7224
-3200
6390
9813
-2423
-3780
-7520
-1532
-2452
-6657
-4614
-7301
-8917
8715
-2076
-8507
-6461
9328
-846
3973
1144
1813
335
3983
-7519
1311
-8465
5535
-8685
4828
9164
-1965
-1277
2015
778
3244
4150
2610
-5752
-156
5627
3402
-3704
-1515
3195
5451
-8272
-4238
3197
3787
-1051
-9915
5741
-6439
3109
-7973
6209
-5156
9622
1420
236
3460
-2522
6410
6191
-9282
5325
-6042
-6097
-3277
-8946
7412
6389
-6328
-7677
6611
4151
7363
1355
-5585
-9526
-3172
2150
-8565
-6392
-4903
2694
-8519
5392
476
-4342
-7587
5426
-9553
-4760
-7432
-5156
4141
-8551
4602
-1409
-4354
-4896
-8384
3999
-6541
8983
-1939
-3050
-5043
3318
2716
7427
-5636
5388
-8268
6154
7296
-746
-546
9191
8625
8975
3198
-745
-8600
-228
-9301
-4755
4430
-2151
-5005
4083
8979
6518
-4969
2081
-7437
-798
7054
-3780
8057
9115
-8541
-6428
-8354
-4983
8066
-8798
7570
-9159
-8969
-6952
848
-7244
-3214
4871
6643
2135
9595
9039
5126
-2274
-9429
-351
-1186
-6026
-5456
3196
5937
-6547
7916
-7420
5011
-8608
-5964
6826
9436
-9826
8952
-547
6938
1830
3431
-9351
-6753
-9685
-3204
-506
-812
4965
-8538
3604
-2543
2087
-1243
-7073
-4190
6499
-4181
-5473
-4968
4825
2903
-698
-3240
1432
-8691
-1126
-9780
6085
1979
3367
3592
-295
8830
-5761
-421
-7963
11
2021
964
3992
5151
-9849
-8411
2968
7784
4543
-5884
1041
2038
-646
-2453
9789
-6613
-966
-5074
-9931
-822
-7138
3318
-3614
704
9911
4345
8476
-4098
-9942
-3824
-4772
2502
5763
-9057
-4775
8715
8201
-9603
7728
-698
-9504
-2314
-5851
5952
4044
-9137
-5797
-4640
8351
4622
5983
5701
3642
9179
-7586
6574
3141
4630
-995
2358
-5327
-9096
-8490
-5243
2335
-1634
-3469
8477
-8858
9089
4183
-5149
375
-6829
4406
6311
-3173
-6038
-229
803
-9604
880
9957
8327
4562
-2024
-9950
2284
1967
7582
9260
-2544
-9163
-1997
753
-3283
9411
-3999
-4350
-1846
-51
-684
6224
9938
8146
-6501
6341
-4078
7694
-5333
5296
8227
-2525
-4682
684
-4265
7782
5378
-1647
3946
-3481
4305
7999
9675
-9428
-2119
3263
-8346
-1306
5566
7328
-4572
8033
-6331
6796
-3522
-3055
6913
3296
-915
3387
-9124
-7669
-3166
1714
6592
4215
-6699
-2376
-6172
-4264
-8026
-7057
-6486
3101
-2111
-1765
5887
-7036
5999
-1609
2265
9606
9330
8510
-8186
9837
-6073
-794
-2046
3080
-8231
-4139
803
-4724
3201
-4553
-434
-325
5169
-2619
-984
1990
-542
-5297
3199
-9959
-1049
-5114
6938
1830
-1110
5032
-1536
779
7690
-3493
-7706
7237
-4945
-9370
-7839
2822
-7488
-2100
148
7463
-1450
1434
6446
7200
-1726
-8041
-8904
-2819
5866
-5606
-1133
-6230
1000
-8901
7795
-3634
-2296
4918
-3535
6138
-3746
1263
5653
84
-5152
-4723
8369
4790
7511
6593
-6254
-9424
476
9785
4718
-919
6286
2885
5208
-1126
-860
-45
3516
4884
-7065
-9931
4170
-1399
-2387
1089
5499
6729
9074
-3911
3483
203
5141
-7505
-5321
546
-1710
7024
366
7774
-3036
4819
-5327
8567
-6639
481
3546
-9334
1967
3088
972
8777
-9696
-8300
5448
-1681
344
498
3765
-5723
7804
2670
886
3801
5392
7404
3755
4711
-6223
-5148
-9097
3212
9595
1794
6087
8586
-8525
4241
-3593
5421
-9217
4330
-8652
2573
-5918
-5502
-3375
-4809
-2705
8604
-9629
6941
3017
1424
2991
-3325
672
-9847
-7396
-1819
-1279
3810
2508
-9207
-4193
8935
-1558
-5704
6931
-5811
7473
2982
6265
-7721
6679
4101
-9737
8150
-9986
4533
-5870
8259
-9878
6514
-3616
-9383
5277
4485
6745
-23
-9098
-9933
8819
4600
120
9115
-7878
801
2487
9606
4906
-7508
-6363
-8575
-3607
-3322
3183
183
-6615
-5812
-5604
-7935
2408
-5010
1033
2405
-2218
-1448
-1248
9971
6465
3827
-5145
124
-361
-2323
-1722
-944
-7996
5844
-4060
-8301
1450
6494
8791
6471
2877
-5784
1995
-7604
8068
905
-6758
465
9325
-5928
551
7638
8583
7149
-4673
-9331
-7003
2833
-3138
-5664
-7838
-4602
-2404
3352
7032
6599
1387
-1065
-3500
2415
-4497
8686
2590
8189
-3896
2606
110
-2509
9270
-9127
-4534
5648
-3005
2098
-6872
-6204
-6786
-5799
2962
-2964
-590
-4445
-322
-5132
972
-544
-7049
-1734
-2035
-9605
-1358
-918
-9141
-5240
7807
-3311
4737
-9032
-1434
-482
-5968
7488
1312
1421
2841
-2892
-7724
4193
1989
-3977
5869
-735
-1452
-1954
3954
8342
-4683
8282
8038
3738
1493
6014
2774
5198
9695
670
-1479
-7989
9532
9666
-5027
9464
-9371
2911
4332
-3495
7669
2405
-1102
393
-101
-4455
6501
-8742
5731
6378
2313
-1511
-1252
-5305
-7837
1267
2985
4268
-2203
7431
-1887
-1573
860
-7255
-9195
6818
8943
-788
-8585
380
3811
8738
4586
1723
746
7060
3211
-3893
-5301
-3993
7872
890
3239
1130
9412
8890
-9246
2257
8325
-7434
6756
-4131
4794
151
-6918
884
1644
-1857
2801
-9162
873
-2402
-5585
-2983
-5621
-8802
-2635
-7148
7855
1905
-4372
5653
-3529
1607
438
-9306
-609
3892
2100
-8315
-6378
4441
-4298
-9872
1861
-3507
9927
5376
-931
-2200
4354
7317
-7391
5190
-6697
3313
1749
-2371
7798
8552
2744
2529
1491
4769
-1847
5518
-6661
7403
3449
2491
5344
-8563
1964
-2579
-6391
-1068
1034
-9677
6358
6217
-4080
-3589
1238
6270
-5492
2213
-9620
-232
924
1375
2879
-5720
5995
5703
7168
-7554
9530
9636
-4994
-9605
9032
-2284
689
-124
5573
-8429
-7233
-6870
6729
-6225
-99
6316
8172
-9282
2693
8079
-3062
4046
3337
-3573
-9812
7320
7529
6676
-3615
-9568
5750
-3153
-5101
-8373
-9313
-6002
3525
7092
4253
9468
-652
3911
-2470
-7574
-8095
-9237
6103
-9497
1029
-5639
-1316
5605
7214
9208
5040
1592
8878
6506
-717
9
-5764
8254
5565
-4713
-6843
1576
-709
9672
3883
2629
813
4390
-1995
-2346
9334
3714
-2177
3068
4762
-9748
-7420
1197
5182
9517
7797
-898
-8696
-798
8630
7935
-1815
9426
-6064
-384
7458
-3004
9716
-6981
-4175
-3877
-6963
3577
-3382
-3498
-4643
2770
2275
7128
7646
2721
-2952
6210
462
3365
9109
-5286
3336
-2680
-4928
2512
-3979
-4346
610
-8781
-3363
-9982
-3930
-1039
-9797
2967
-1464
-1134
-5735
-5002
5531
8513
-2690
-3635
-5858
-2130
-5975
-7755
4091
-2821
-1602
7044
6220
168
-1440
1458
-8799
3817
7081
-6178
3461
-3771
-872
-3792
-2824
-3600
7382
3531
781
-4911
-5073
-8291
9530
4856
7954
-5763
-3490
-1389
505
4137
6271
-3812
-2731
2452
7658
9532
-1576
-4140
2789
-6138
-2656
5566
-7350
-6884
2024
-2524
-8063
-1718
-2895
5249
9804
4207
2304
8572
-4262
-337
-4243
-8932
4791
-9671
-8295
-8346
-646
9734
-3126
-4066
2168
1278
5245
6474
362
-3165
-8863
6051
-1317
-6973
-1380
-1596
8849
-5860
-1617
9035
8850
2100
776
-3566
9894
-7475
-4886
-7933
4913
4514
2435
9340
429
-2311
-4883
9249
-1620
-3656
-6129
7519
8167
6058
-7990
6489
-2137
-1771
-3351
-9738
4328
8546
-3188
-123
2794
6555
6206
807
-6071
2334
7548
530
4086
2038
9523
-2332
-7135
-4972
6919
-5033
-165
-8122
1048
-4986
1942
814
-663
4010
8596
1971
-2170
1847
-6529
7945
6693
5752
-1350
2158
-3466
2971
2832
4358
2233
8529
-622
237
-2541
-186
5010
5922
7737
7076
1226
4120
5720
-8390
8175
2680
6915
-7397
-9343
-9322
3611
3735
2151
-2213
-1143
2310
-1758
6754
215
-3925
-4832
7061
-3190
7983
7326
2442
1715
-2820
-4728
7396
-2624
-965
4618
8956
9230
-4894
2867
-9835
8960
7470
2371
-7585
3235
-8113
-621
-1316
6419
-5577
2704
3585
-2690
-8759
-818
-5865
4
1571
7938
-1398
5069
-6401
-4538
-3557
-673
1131
-6997
1410
7291
-2433
3669
3059
-7066
9356
-7556
1155
-870
3684
3801
4647
725
-8413
6675
-2063
-9303
8043
5986
-9092
5260
-659
6635
-7991
-8420
4280
8483
-9320
7497
6461
1339
-1377
-9370
-2131
5008
-8283
-466
-33
8209
4064
264
7251
-1710
7177
9407
-1036
2953
7801
3288
-7102
1535
-5823
379
6945
-854
5595
95
-7929
-364
-979
-4536
-5325
-6319
5081
-5881
9619
6578
-6351
7492
8534
-6035
-3834
-3586
-1860
-789
-8910
4886
1243
-4754
-925
-4541
-2023
7650
-7252
-6164
4379
-3710
-3142
-6165
-3170
-6236
5574
-503
483
1498
-4711
6950
-2344
-7963
5575
7540
5864
604
-120
5856
640
4354
9646
3456
5838
3139
-472
-4829
727
-9107
6985
716
6604
3433
4199
4515
-6304
6922
1481
762
-5062
1658
7846
-4154
6892
-6497
-3979
4924
1427
8088
-7278
-5740
-2831
1240
3021
-4195
-3581
9192
-7967
-7801
-7237
-1052
-4589
712
-5527
-9253
-1549
2226
8358
-5470
133
3236
-2100
2156
-5893
-4543
-7914
-8290
9715
2137
-5520
-7244
-3989
-6521
-9392
2586
-8534
-3832
5597
2343
6520
-2805
-593
-4026
6726
3041
-7822
-9025
-2650
5716
-9268
4883
5520
-5048
-1639
-3218
-3479
61
329
2830
-3812
-4337
-4499
-6003
1381
5739
-7247
722
1742
-1376
4015
-9818
5627
-2267
6154
-546
-1691
-2870
-3945
-2234
-1926
-4472
3890
-5827
-549
-5760
8531
-2117
7436
1878
5341
-9868
5607
-458
-4157
-6618
-3225
1358
2508
-6250
-2367
-4116
-8242
-3563
8672
-3369
-8156
-1469
6844
-5649
-308
373
5939
-5069
-7287
9865
3490
-3154
4183
-2972
-1673
7345
9483
-8670
4941
-6081
1571
8737
-859
9946
3150
8901
9654
-9399
4466
-6964
8902
5189
1800
6951
5879
-8176
2761
7254
1622
8813
-1507
789
-126
-8661
1958
9206
2414
-7502
7199
-7955
7818
-4593
5699
-5518
-50
-9350
-5683
7829
7837
135
-5586
4911
6939
9919
-6453
-3555
-270
7134
238
8094
8023
5036
-6751
-3458
-8914
-5461
562
-59
-7376
-1937
5109
6404
-4668
1729
-3422
1287
3833
-436
1510
-624
-4019
5678
-5611
-5625
449
8251
-2102
4233
6428
-2407
4835
-3014
3243
-2880
-2590
-7709
-9406
3000
-3649
4304
8439
6367
-8078
153
5921
1207
4803
2541
9325
-9150
8477
6026
-2617
6801
-5931
-7876
9559
332
6711
8639
-8504
1262
4199
-3081
6636
278
-387
2095
5768
-9245
5315
3811
-6220
-6302
7579
-6442
142
-7405
-43
-2857
557
6144
5279
-5143
2252
7698
8778
131
2057
1997
-8584
-3840
-1012
-1668
-459
-3884
-1519
-764
4928
-9261
1689
-9964
-7712
4536
7815
6855
5642
2751
-5005
-717
919
-8759
-4640
-5349
-3026
-6703
7633
9160
-981
-1753
3010
7252
4048
5370
6879
-7320
2182
-264
7848
7959
-5451
-9843
4316
1520
3313
863
-2378
8146
4622
4603
9796
-5752
-8144
9830
5840
-8825
4764
2290
1796
-9692
8950
8372
2664
-6461
-3275
9181
-8866
-6388
9993
-1832
8842
-9486
-3376
-44
-2747
8644
-2345
2517
-6809
-4932
9655
-526
-2627
-8974
7471
-7152
-5327
-9135
-9794
5199
7254
5393
5424
2235
-8875
-2807
5982
9667
-8970
4508
2847
534
5862
-3448
5087
8360
9254
4028
4427
-2955
-4342
5949
9968
-7852
1129
8021
-6548
-937
2540
4675
3297
3167
-7356
5392
527
8078
4157
-8180
925
8401
-5507
-1698
-2713
-2517
-1464
8423
-1694
-8418
7823
7174
-8538
-4534
-1042
9488
-6152
-4446
-8500
3617
9830
-9543
-2657
-285
-286
-4251
-3684
-2166
-508
-4400
2444
8427
-9598
-6215
-8014
413
-9384
4720
3123
5123
-919
5120
3578
2426
-6061
-1875
5318
-6887
3973
1533
1932
4653
-7370
6903
4341
-1856
-7958
-9432
-4285
-6643
7698
8396
254
4823
-477
-9807
-3082
4311
3335
-12
4267
-9171
-8596
-7556
4967
7749
-5203
-3554
6327
1642
-8224
4500
-9695
602
9092
-2139
9167
3530
-464
-2751
6427
-3782
-2576
-9393
-2767
4381
-1289
-7327
-429
4617
9261
5158
595
9326
-7223
7925
1973
-2126
-5909
-5201
2298
5000
1621
-3748
-2395
-4936
-5796
-5457
-7757
8825
-7893
7420
901
927
-4144
853
503
793
3433
-9036
-9420
-2680
-8169
-8635
-1108
9473
-1432
-8451
341
-1992
-4977
-2893
2936
6296
4934
7939
-9916
4288
-7635
-2038
4682
-3565
1328
-3643
-2109
5270
-8621
-4314
-625
-677
5462
7465
-9491
2709
-5882
-6059
7725
-5412
-4123
-8685
3706
-4094
2262
-1801
-5781
-3535
-5610
3840
-3526
-8295
8317
5364
3487
1222
-9210
964
-6681
4673
-7322
-6899
3721
-907
-7430
4097
4997
4125
-1412
-177
-4012
-5795
-4273
-9020
-9727
602
-9775
-7182
9683
-9381
6440
-5047
4261
-4917
338
4346
-9079
-4756
-1829
2517
4798
111
-8530
-8077
2625
-8687
8763
7149
-2676
4078
3801
-5354
7210
8062
-2362
3878
-7321
-4799
3074
-1508
-3349
7894
-8417
1608
420
-3997
-4018
-939
-6557
-7239
-3130
-1276
7325
-8800
7138
8291
7603
5713
-6663
3427
9693
-6060
3633
3052
-4072
9984
-9205
-4800
-2023
9897
4452
7852
3419
-4261
-9268
6790
5124
-5071
-1034
-795
-4253
-2557
269
-296
9553
8629
-7623
6216
-7076
7384
-3979
4356
3318
-4561
5595
3235
-72
6927
-2436
1626
-5599
-1874
-281
-4159
1860
-2345
-7667
-7838
9835
5806
-5892
7469
7964
-7715
3926
2554
-9237
-757
5663
5211
-4728
-8211
-390
1942
-9943
-9752
998
9274
3526
1240
-4779
4441
-3853
-801
-5734
2493
-9005
3152
-775
-8054
-4068
8425
-9846
-3371
3289
-7593
1733
-3086
4241
-7281
-9014
-157
-6570
9025
-7662
-4858
-1437
8629
-8980
-8511
5381
-4382
-4106
6074
9313
2555
6850
-6157
7101
-4910
-9984
-8233
-1119
2303
5903
3209
-4712
-9731
-6756
8827
-9913
-63
7757
-1092
6662
-371
3211
6300
-410
-7598
-7426
836
-5156
-8571
373
9109
6746
-1345
4903
9420
-5538
2623
-7247
-8881
1221
3761
-340
-1984
-4805
6672
7589
-1728
-2381
-9967
-3360
-4731
-1112
-5751
-5076
-6849
7501
-7535
1432
9535
4337
-2459
105
6933
2373
3656
-194
-2757
-172
9815
2475
-8724
8730
4274
3916
-3751
5076
6156
5372
-7493
6141
-3957
-7095
3381
-9831
-7828
-4022
2997
9666
-1929
4372
-237
4509
9070
3921
-904
-1821
1095
5958
9747
4429
1664
3200
2221
-7014
2537
4368
-6539
-1992
6702
-6311
2197
-7082
2526
1360
187
5895
-3740
9908
1665
7136
6258
7978
-3322
9103
6073
-7846
3406
3900
5973
3770
-6333
8780
-5255
2583
5651
9227
-2496
-9846
-5259
9804
9613
-5931
4210
3353
2969
5138
-5597
3845
-6197
-208
-2951
8320
-279
1049
7348
-3116
-76
2798
9415
-1015
-4473
-1627
-169
475
3537
7899
133
-1895
879
4271
-367
9744
4184
-1221
1372
4950
-9733
5627
808
-1148
-4960
-4736
-6963
-7053
3339
-2751
-8657
9941
5292
-4923
-4956
3410
8855
9468
-7603
-8944
-1402
-5939
-339
4259
-2221
7398
-9073
1789
-7539
5039
6788
9327
6571
-5959
-3543
-4131
-5158
-3060
-5841
4032
8095
-2977
3992
-6975
-5965
-8696
2506
-1135
-4439
7624
1613
-5957
5752
2764
-8965
-5393
9072
-3568
-6918
1633
-2649
7278
-4473
7494
-4040
-3230
-4605
2871
9297
-1304
-4100
1638
7250
2691
-7499
8923
6394
3396
-4451
2318
2065
-7102
2731
-5767
961
-1345
-6754
-3988
-4454
8522
4917
4609
2517
5458
2328
-5831
-8632
-9052
-6390
-3599
3169
-3583
-3467
8364
6311
1241
4798
-9893
-8508
4880
-2981
4035
6899
-8618
-5225
5941
7668
-8338
3669
1576
-4696
-383
3313
2911
4888
-2188
6575
6919
1285
4550
9802
-1469
9492
-8182
611
9251
-3297
6096
1185
333
-620
-9499
3969
-8099
7021
-5906
3564
1857
-2686
6221
-6659
3406
-5672
6590
2217
-1833
1477
7211
-6828
-8774
-3107
2395
7209
1165
-9220
-1436
6494
-9292
-4787
6242
8777
-3180
1450
-6285
7830
5674
4102
-7703
8576
-8958
-2760
9317
-9678
-137
-6006
7203
-2713
-6673
-4963
475
-4769
-6016
-6715
8597
8982
-77
5
5657
-987
1473
-8546
-1257
1855
2419
2795
-9230
3738
3026
-2194
-2273
-992
4758
-8863
-6177
-3812
-5522
4231
-915
7359
-4435
1550
894
-6002
-6363
-2927
-3744
9929
-7302
4776
2140
2179
-5213
490
-9373
-9555
-7579
8188
-7296
7485
-87
-4137
3174
8227
206
3062
2868
-5925
854
-1354
6671
-1643
-4696
-6435
2382
790
1412
3467
-6476
-9181
4199
-5392
-9891
7450
-3772
-7385
2132
-1222
-5339
2776
-5750
-700
-1560
5129
4512
-4156
9684
-4959
4656
4518
1227
-1176
5727
-5934
3001
-5402
8240
-2958
-3694
-6462
4030
-5823
6722
3447
5501
5411
-9801
-3580
5601
-5079
-4150
8412
3637
-22
-1516
-3450
-7600
-5447
2935
9223
-6246
-9024
-2133
9107
3773
7723
-4699
-7700
5796
3187
9769
-4827
-7621
-5254
-17
-2071
8175
2348
6393
1662
5092
-5229
-713
-8613
8286
-5096
8754
-7013
-7557
-8235
-691
111
4644
5467
1825
1366
2138
-6607
3341
9787
3823
5760
-7608
-3221
2971
-4308
-7512
-7510
-5640
-4529
-5761
-4064
2630
-576
5332
5825
-6090
6826
6123
-781
9718
-872
-7047
-4014
-7380
-2106
7690
1357
8590
-5007
-3116
-8463
-1395
5279
2197
-4248
7471
-519
-3409
9787
5554
7203
3083
-9806
1861
7478
-234
7812
-3197
-2125
-4744
-6872
3425
-541
3968
-5373
931
-8432
7439
-7299
8558
8932
-4900
-9181
1715
-4785
-9733
9743
6390
-9948
7327
5535
-4336
8565
-1828
9014
-2063
3406
-7598
1286
9787
-7149
6869
7797
-839
1798
-4378
-7234
-8826
-5984
6190
7124
9066
-9891
5960
4437
-1574
-6084
3803
3154
7427
3881
-7204
-3273
-6081
-6386
5768
-9997
-1426
-4704
3036
-8297
-6221
-5009
5437
797
9247
-1452
8058
-8659
-6956
7649
1120
-6534
-5966
3813
285
-6825
-703
-3160
299
5026
6642
5887
-9819
7567
-6355
4847
-8517
-2548
8323
-7157
292
-1547
-4239
-6359
-3864
-858
-5389
-112
-5281
6058
6713
-9970
-3750
7541
-9748
9204
8985
-1167
-3630
9475
-6237
-1888
7797
-4874
-9532
9615
-1797
5072
-9600
6823
-5525
-7487
9814
9876
-3598
-3550
-2358
7970
3561
-8425
4460
-1474
-5784
-9107
8866
4017
4464
6176
-4067
2746
6810
3869
-9849
2354
-8477
-1485
-3427
-9688
2756
4226
-3541
-6738
9882
591
0
9441
3284
5977
-4758
-5256
6576
-8943
5544
-6038
-1732
-8953
3591
-3686
-213
-5096
-1059
4849
6228
5675
7314
810
-451
-8407
-9042
-6156
-6803
7170
-3285
5683
4587
7099
-4927
-9086
9787
-8011
6269
9299
1901
-6560
-3807
5313
5798
8573
6142
-1992
4680
-9037
5981
3336
7130
2796
5909
4042
7318
5559
-7279
-2991
4280
3645
4571
-482
2652
6617
-1826
-8922
-3073
-2433
9072
8360
6918
-7055
-4445
-3866
8168
4937
2854
2254
7391
-2876
-7575
-1887
8232
-6400
6402
-3550
-5783
1564
-1938
4941
-4667
-9474
-8849
-4227
-538
3485
-8814
-9643
-1754
4062
3656
7585
-7251
-3309
6647
-7462
-3549
-8973
-1314
7600
9684
-3297
-1011
8581
5073
-6682
2678
3399
-1835
-7166
5038
7939
-4113
9471
-556
-5594
8912
9788
-6920
-5158
-7253
-5783
-9757
-1422
-4753
-9205
1267
6278
5052
-9851
7209
-8439
-1502
9327
-4923
1730
-7437
-6640
-8593
1955
-6576
8423
9917
-1401
-4212
-1970
-9585
-9776
-5722
-1736
-8589
2594
6885
6727
8579
7739
9231
1213
-2936
3230
-2903
-1608
6940
-2792
-543
-8605
-8247
6551
3599
9085
-5591
-4745
720
-7531
-904
6280
-5559
494
3565
6988
1896
5332
-141
-8290
-2413
4237
-278
-9910
-6434
-5087
9248
3724
-7547
-1736
2252
-4447
9166
1768
8367
-7841
6135
-8137
-9825
537
-9860
-642
8359
-8926
-6990
-8824
-6366
-5091
-5629
-3001
-7223
-8137
7821
9411
8085
4822
5289
9779
5922
1498
8551
-9950
9516
4800
4754
7512
-1637
-7357
-2551
1035
-1006
-9131
9518
9410
-3514
-9997
-399
-7521
458
3231
6337
5649
-56
4153
-21
-4273
7074
7236
1049
2936
-2946
-2938
1648
-5415
-9891
-1273
-9479
8287
-7895
3805
-6202
8583
684
-1146
-2516
3046
-2552
2596
-5159
-5747
-6004
-449
2286
1814
-1091
9007
-7693
11
-260
-3424
6830
5985
1681
-4828
9034
9886
289
-2097
3984
6258
226
5274
-751
-9562
-654
9341
-101
2367
353
-1912
4862
5704
-1551
-1820
2705
-5250
994
-8578
3402
-2479
-9958
3898
6272
-3509
973
4372
-6965
-6605
-8401
-1098
9916
4204
-3470
-5015
8440
-3802
7492
-2169
-2831
-5375
-1957
8372
1524
8504
5786
1756
5486
-2888
354
6996
-3713
5632
5047
4633
-158
-425
4647
-2353
-4676
8912
-9977
9172
5640
-1484
155
-1246
3948
3120
341
1803
-9758
-4572
3805
1106
4272
503
-2103
-5252
-18
-739
-161
772
1469
1476
9084
8001
1093
2814
2554
-2373
4396
7744
2545
-8148
-3732
5440
-220
8029
1639
8526
-7050
507
-6109
-6904
-7015
-212
6140
-5330
-8538
-5816
459
-8884
-6435
4412
-2034
-1668
-7088
-9477
-6628
432
7746
-1914
-1281
3810
-3972
-437
-7372
7799
-3791
-1778
-908
-960
-7616
-5026
-8940
-8657
-3010
3037
7196
-8314
9792
-2160
-4906
-4485
-8907
1191
-6001
-5190
-8124
1967
844
5246
8477
-567
8857
4721
8287
1426
2764
-9900
1237
7473
-4180
-9381
-9589
-826
-4469
-8100
-6314
-5555
8803
1448
1178
7279
-9754
5716
3435
8075
6762
2846
3610
6440
6550
4014
-2073
4290
-161
3245
-3980
8682
7998
-3136
-5186
3884
-6929
-8553
4084
8006
-4708
-5147
6536
4025
-3837
-2448
7863
-4896
-3113
5861
-8659
-4728
1709
-7617
-3013
-4906
-4655
-1254
-886
2985
21
8702
7219
2342
8809
8285
7437
-1308
9542
-4277
-6073
-1375
-1014
3824
-1495
5768
8205
-2974
-2157
-7160
-3520
-1365
9999
8016
5300
8826
5237
8244
8716
-1640
5357
2136
-7015
3846
3168
-3039
-2173
-6955
-6884
-7252
-4062
9832
-8619
-1543
1702
6279
6582
-1272
6808
8618
482
-4424
-1706
-7500
2716
2206
-7121
-5260
809
-9328
-6686
-2091
-4245
8485
-5929
-7838
-8028
-1748
921
-1897
5404
-8525
-9569
450
3448
2774
-381
9279
-5721
4410
1280
-968
5042
-1267
3245
-2955
-2498
-1509
4541
-1561
-6473
-4077
-3687
-2055
-3841
-1915
-5305
3177
-2341
-6808
-37
-2423
-3438
-2951
-9794
-7069
-1629
8744
-351
9959
4733
-2142
4684
-1633
-5809
-8735
2296
-5082
6593
-3215
-7049
8555
-5394
1708
4723
3029
5798
7391
865
9684
-2002
-2082
7006
8935
-6350
2773
-3630
2793
-4561
6280
-1253
1884
-3725
-9795
1681
2022
3075
-302
-1506
1954
8593
771
-1072
4020
1006
-7117
545
-8007
3167
4160
-4534
9551
-8732
-1912
5178
-3158
7234
-7478
8529
-1260
-6926
-9348
4378
8190
-2957
1133
1278
-4648
1073
5881
906
-5810
5361
1713
6473
825
6433
-2124
1105
-93
-6349
-1806
-1445
-1435
-8988
-7322
-2201
8490
-9888
26
-2481
-2340
421
6720
-861
9856
3505
-2398
8322
-4524
1683
-1949
-7967
2133
2402
-3734
7929
3216
-7546
-4942
7302
-8152
-2424
4545
-8885
4777
-9371
-308
2607
-6028
1906
4978
8200
-7550
2287
-6668
6817
-3129
1663
8826
-4148
9795
1740
9760
4211
9742
3726
1600
-9091
2938
-6071
6755
-2596
-5968
6869
-4005
-1959
3044
1811
1604
9358
1201
-9394
-4669
507
-2289
-9733
-3648
2072
617
-7948
-9978
-1453
-3002
7946
-9562
8643
-7822
333
-898
-8302
-4761
6448
-1818
8459
1692
-2639
-6153
-2251
-1357
-8626
-4008
7341
4881
9906
5804
-7643
7769
1303
7569
-1652
-2939
9055
-5111
5771
3231
2439
-5225
3270
3725
-8670
9893
-1491
3541
584
8456
-8169
-1036
6660
-2775
6111
-746
329
-7091
5868
8761
-4515
-9883
9214
-9899
-5466
973
9120
-1043
2588
2847
9186
9710
-5169
5517
-7380
9246
-1838
-5321
-5778
4409
-7284
957
6959
484
1765
4661
-4727
8624
-7173
5860
3425
-3213
1254
3182
8704
4170
-5339
1175
-9264
2879
-3222
3326
-6007
-3050
613
9857
7982
-9442
-3090
-1459
-2277
-7358
7175
-7504
2659
-1966
-1634
-3526
1569
-9121
-4856
5055
9578
-1164
3750
3391
-9358
1305
-6433
-3703
2397
2693
7628
-8510
3235
-8004
7605
-2095
9276
-4475
-6745
-9163
-31
7176
-1809
-5531
-7930
-5024
7677
-3583
-5063
-6622
1499
-8206
-3164
-6810
-1292
5763
-6923
-9329
-7102
-9404
98
-8523
-2115
3495
-2117
656
9750
2313
9495
-294
-167
5959
-8620
-2150
8224
-4618
4480
-5983
-7280
7137
-4370
-9842
-4667
4732
-5528
656
1918
-290
-5986
8411
9384
7665
6485
-175
2523
-9967
5097
-1346
399
7814
-2597
8594
-8999
-7554
-5711
-8348
2277
-8032
879
5951
4268
9617
-3813
8134
-2505
4123
4196
-3207
-6304
5936
4956
-6322
2602
9026
8470
-3113
1381
-9877
5899
2478
-1637
-3163
4993
-9582
-2781
9996
6680
-718
-7765
6131
9953
9403
-2698
-6537
622
-8695
9641
-3188
-4153
-7908
171
6901
-2447
-2238
6043
1465
7259
-5335
-8413
133
-2213
3203
8530
2680
7079
-3274
-7974
-6205
9455
-5826
-4055
2048
-6421
-7739
-1534
3155
-4880
2421
2867
-3627
-1067
-333
5137
7325
519
-3877
-5624
9704
-6513
-4395
-6119
4169
5458
3894
2396
-7120
6126
-7952
-9336
4932
6383
7636
4021
-1195
-586
-7170
648
-2831
5046
-9342
2225
-4165
4771
7400
6649
-2948
6103
2304
-5210
-5420
-4461
-9272
-5229
5511
-5207
-1322
3764
-9757
5337
8487
4319
4689
-7528
8799
8511
5638
-479
9588
1268
-7291
611
7000
742
3514
7509
3393
-7854
-9256
6676
6360
5145
1360
9468
-1736
-7926
3577
3123
400
308
8670
-2554
779
-8292
-3561
-276
7357
-2418
4415
-1217
-2527
-7717
3475
-9371
-1008
5091
-5323
3043
-198
-5795
-2677
-566
8609
-7133
-6747
-3885
-5805
-9889
8827
-3671
3714
-9475
3959
9003
7838
-4222
-4147
8109
-2111
1895
8252
-2867
-7418
-3579
2261
8515
7947
8600
7526
3227
7791
5570
2318
-3317
-1839
-255
-9217
-7958
3743
5556
-4124
7205
-2282
-6275
-9236
-5277
-4978
6470
7967
-9627
-9888
6169
1886
1878
4222
-8510
-8609
6488
7025
2829
660
-2416
-8853
4705
-5782
-3662
-7124
1766
1253
5408
-5737
4361
8062
-7248
639
4159
3069
2309
6711
612
9860
-3909
200
-1513
-6392
6864
-3260
-598
3128
-3370
-4553
9433
-6540
-7083
9744
-7632
-5478
-2252
-9598
-9306
2769
1375
-2429
7495
8048
6815
-5469
-8888
-9517
-6153
-8797
-7763
5581
-8064
9647
1365
3614
-5001
8154
-3985
6191
2476
-776
-6690
9094
-4547
5108
-6172
7598
-1298
-5601
-3074
-1861
-8883
1410
-8117
762
-5094
-3007
-10000
-8598
-4670
2380
1135
5543
-8786
3982
661
-204
-1245
5436
455
9084
-4568
6455
-2579
-3519
9420
-4716
-1448
-3996
8795
7132
1069
9707
-1418
-3550
5168
-3063
-2303
1578
9821
472
5535
-499
-605
-4417
6863
-326
2812
-5097
3002
-1468
1371
-3623
-8558
-7968
-5562
4796
-8769
1208
-4705
-1677
3203
9989
-7432
-7632
1162
-1170
1324
7211
-9500
-9458
-1010
6119
8163
3707
4320
3465
-6542
8756
-5890
4996
-3986
577
-3976
-8423
-5312
1318
6651
4375
-400
5992
7344
4234
-542
-7181
3286
457
1555
8706
-1097
6735
-4236
5336
-7078
-2221
9539
-7295
4066
6358
5984
-4819
-6423
-3122
-5518
-7823
7570
-8077
-7797
3612
-2992
2090
1087
7692
5829
-2105
-7996
5598
-1881
-9410
7801
8813
7273
-2081
5943
-9472
7757
-5533
1669
7140
-5888
-406
6759
3790
3434
5039
371
4163
-6844
1281
-4667
-3146
-4853
-9591
-6130
7867
-348
1175
-5163
8422
2395
8061
-4354
373
-452
7019
1152
9744
-9201
-1920
115
8535
-1119
-5277
8764
-2801
-367
-5590
3745
-1959
-9060
4099
-6150
-6279
230
-8424
9570
8224
-635
-337
-2471
9351
8244
-6027
3806
4602
-8327
-3507
-2926
5829
1284
-5758
7843
-4115
3427
-5757
5508
-4412
-9515
-2474
-2255
-7352
-3640
939
1664
2307
7624
8802
-2498
-2742
-4686
341
-2142
9669
-7270
56
3598
4989
-4826
319
-1246
3728
-6549
120
-8571
-1910
-8061
-8432
-7038
2146
7456
-7222
2718
-1589
5431
-4983
7034
3801
-9084
7390
2162
6019
7296
6545
-7858
-8418
232
-7195
-4869
-6940
-6228
-9668
7164
-5359
7929
-5324
-3866
-3741
-1039
3827
-6718
2981
-2050
-5056
6129
-3439
8471
5094
1001
4966
-9474
6558
7558
5329
3501
8360
7266
8450
-6655
2933
5219
3178
-9165
-6912
3545
2291
2510
-7064
983
-1054
-6604
-8019
8993
-6506
3564
8801
8875
5925
5612
6097
-1251
7701
-2945
-3879
3035
4179
-8845
-2984
-4929
-6911
-3790
8838
-4627
-8732
-136
3936
5667
1670
7137
7755
-9929
-3975
4194
9639
-6329
-7079
2877
1957
-4033
378
373
-4258
-7832
7348
-2150
-2608
-5600
-9086
-4027
-4405
2997
1918
-3295
-2073
3806
7826
3034
-4367
9657
-6722
-4040
766
-3170
-5236
-8947
5227
-7225
-1800
-3128
1127
1794
3430
-402
5338
2228
-2490
-2222
-6274
-8546
5717
-5493
5059
2491
-9977
2327
6325
6823
-4280
-7733
8309
-4017
-4220
-9217
8390
1533
2075
-8584
6493
-5245
9808
-9821
-3991
-3204
1468
3013
-353
-5091
9501
-7320
-6424
1895
-3035
3360
-2665
-7992
-8806
1032
6895
-1376
-3611
-5150
-4445
6352
-6477
-4946
1222
-7142
1742
-6074
5380
7738
-5880
5547
-2456
9770
-2273
-6585
-3596
238
-5673
4546
6710
3855
9495
4352
-8165
4892
5258
-6019
1589
-952
-8749
-7667
3975
3615
9287
9365
-9062
5631
-7079
6993
2305
2786
3020
7909
5306
-4703
6721
-4230
-6016
3529
6863
-5825
5202
-7842
3457
-9786
1562
-460
-804
1688
-1286
9122
3519
-3131
8711
5363
7275
-3475
1860
8859
9104
3418
6633
3219
8141
-2964
9686
3624
3757
804
-2545
4219
6099
3828
3688
-5212
7395
8686
-1077
7411
-1096
-2656
7726
2712
9644
8414
324
-7874
-4352
4425
7273
-4977
-6982
5986
7961
131
5801
-786
-2592
100
-5836
3320
-5937
-3940
-3265
8260
8619
4683
-112
-1016
3287
-7224
5896
-8027
-7205
2519
2352
-7105
2890
1366
-6074
2917
-5281
7917
-1023
8947
475
-4172
8812
-8072
-2349
-6158
3160
-2638
-7707
7324
-2335
-2894
1135
1456
1198
1716
-3212
4377
764
3069
9110
2849
-2497
6934
-364
2224
2662
1664
-4877
3663
-815
-7643
-8543
-3130
-6533
-5269
-611
5676
-4923
-1907
-4624
9997
-7274
-1606
-5163
-2001
-6282
-7160
7358
-5478
190
-8986
1676
355
-3273
-2419
-9641
9426
-9748
-1081
-2488
3219
-916
8298
6117
17
-9693
3000
2051
8313
-4684
7201
-5247
2223
-8348
-7671
-2921
8871
-3352
6527
6488
2714
7337
-7804
-7080
2217
-9242
-4046
-9141
847
596
-7810
4542
-645
6638
-4221
-5127
3514
-6792
1681
-395
-1959
-7781
1470
-4844
2707
1616
2410
8159
4325
1961
417
-7292
4240
5193
-1657
-8817
-8557
3105
7051
-5532
-5224
-5162
3520
-8627
4110
-4694
-9694
3923
-7117
-2351
3133
7823
6161
9081
-7200
1343
4114
843
-1138
4591
8094
8509
6169
3048
-9569
-1159
-9667
1872
3113
353
8073
6971
-9300
-3284
-681
3885
-2432
2068
6346
-827
3867
4636
-787
7983
-2530
3799
6579
3867
-2665
-1851
7050
-5994
-1209
5589
-2938
9006
-6889
7884
380
-7230
6528
9086
-9611
9205
-6923
5381
-3595
2587
-3245
5578
2354
7306
-4523
8728
8153
-3268
691
-4717
2296
-8956
8362
-8609
2974
6582
-8691
-1866
-1020
41
-6504
1513
-7584
8586
8027
-2849
8492
-6614
6107
3440
-6251
5939
7769
8669
6285
-7485
-7657
-3897
-2254
-868
-5816
-2685
3880
2249
-8649
5372
-1305
334
-2637
-9700
-9337
-834
-9679
-3258
-5504
-758
4092
5193
290
284
5435
-7104
1918
7837
-4712
863
7488
486
2071
-7714
9788
8474
1831
70
-6688
-5879
7186
5875
598
-9957
-8188
-9668
9834
-1461
-5420
-7532
2083
-1461
6712
2388
5542
2450
-836
7539
-1434
3041
4649
6162
-4633
-4262
-7750
2647
-8859
-6218
-8727
7681
1915
-9009
-1483
-8450
9385
8590
741
-3444
-8279
-5576
-9783
4836
-9721
8515
-9991
2291
4921
1288
7667
-6089
110
-6051
-6880
-714
-8174
-2197
-4127
9574
8738
-2715
-3425
4360
1586
-3686
8929
6419
-7080
-7465
-218
-5020
-7059
9625
-1587
3308
-2684
3372
5267
1748
402
-8416
-6693
-5250
-8707
-9270
-6342
6223
-1116
8728
2001
4226
4213
-6143
-538
-3150
4070
3154
8236
2203
-3376
3756
9141
-1317
-1907
-6142
5238
-378
-6624
9525
-3008
4338
-7461
-446
4319
1028
7243
-4925
7735
7433
-3334
-2922
-2514
-422
3791
-8549
8967
3812
8493
-919
-8013
6705
1978
7254
4966
8029
197
2279
9256
-4735
-3537
-5212
3938
4851
-9028
6557
1732
4858
-6395
5000
6576
-4513
-2003
3860
9549
7092
-3085
-8446
750
-5946
-5619
-9700
2891
7926
-242
-1196
1895
-2006
-7676
2666
-4387
-5279
1505
2950
-3833
-2618
-9746
-3193
8967
-9324
-7434
-6115
3395
8098
3154
9907
7790
5163
-63
-821
-7961
-3660
5237
2520
5542
-8996
2535
2387
2049
6161
-8142
5596
-7328
-3447
-9937
5392
5550
7066
-6275
-2125
-4419
49
786
1145
-8691
7777
5908
3675
7485
-1429
6998
-9742
-5605
9129
-1885
-5646
900
-9379
-1443
2638
2667
2564
7552
-557
8739
6009
6632
797
7043
7246
4777
5092
-637
2656
-6155
7263
-3221
-1377
-4051
3252
5423
7482
2870
-8935
914
5994
4637
5055
-4637
4423
6164
-9699
-790
1000
-1104
6243
481
8267
1967
-244
9285
-4011
-9440
-2974
3729
-7969
-7521
5414
-4920
5325
-2603
9685
-7215
-3481
843
-9899
3026
-7240
4730
1258
-1345
1016
4120
3775
-2499
5764
-139
2945
7803
5972
-8179
7209
4537
5290
-4163
-558
4656
-4634
4232
217
-873
-2873
3922
7207
2141
-5057
3375
-6341
-2278
7272
-4309
6226
1804
7607
6237
-1638
8726
-2031
6896
-2889
727
6900
2062
1137
-1304
-4854
5714
-7308
-6319
3253
6962
-4065
3535
5063
-4668
8428
9773
-3986
-4521
2752
7021
-2639
166
-9489
-5431
-7941
9521
-6633
9098
7415
-7504
-9171
307
-6162
5812
-5409
-1813
4691
2467
-9179
713
-9949
-1789
-6842
1913
3772
6684
-8328
-714
-9643
1809
6818
-1
-1849
9854
1791
5846
-4309
-5804
-7194
8546
4070
-2378
-6861
-5103
8145
3726
6983
-4145
-8545
9446
-8065
-1755
809
9538
-8274
6501
-8151
-6828
590
-1501
-5468
-1859
7597
7569
-3687
7819
-8365
-6305
5069
6255
-509
-6764
2424
-4104
6727
8797
7570
-359
-6878
5891
-3109
9117
-6966
7547
7167
-3978
7438
4241
3747
-9624
-5621
-6259
7074
-1809
6654
8767
2861
9942
4951
7032
-4046
-399
4554
4301
597
369
-525
3835
-317
5448
6197
4607
-5777
-1641
6853
5119
-3608
7233
-4757
3410
-4295
3712
9787
1325
-6382
-6149
4762
8848
-9972
-3629
-9215
2371
472
-8161
7657
6909
-4877
-5585
-3244
1775
4021
-724
-3954
8316
-245
-51
-1579
5418
-2034
3956
528
-4270
478
-858
3052
5361
5204
-254
-7613
-6003
-5705
5036
2669
6748
3312
-9096
-7081
-9698
-2329
-619
-7515
9474
-628
9800
-2493
-809
4160
1545
-3984
409
-4149
-5844
2197
9836
-5221
6977
3856
422
548
-2922
-3168
-6137
4389
-3492
-2673
3390
-2519
7293
2353
-5746
3319
-1122
-2755
1347
-8527
-6890
-2351
6043
8552
-4116
-4425
-9622
-6220
-4813
8257
-779
8562
-6302
576
5209
1929
9749
9736
8439
6545
8751
3125
-3325
2282
7073
2826
-8028
-3592
7035
-61
9497
-9678
4710
-1674
6417
-1680
-4465
-7570
-2484
-3891
-4810
2025
-5414
-8007
-5214
8085
-3002
-3823
278
-7778
6418
5552
3812
3793
-4640
1649
1165
-3350
2509
4484
-832
8777
-3803
5639
-7365
4999
7037
2829
-7132
-1218
4009
-3574
-7012
6600
-6159
4396
-1957
-6802
8202
-7640
-3400
-3094
-9576
1636
-437
6994
5616
-7341
2843
-7814
3178
-5818
578
3723
-5228
-1166
921
-3326
-3632
9449
-1289
-7534
6730
-4067
7026
2735
9074
5853
4863
3074
-9098
-8603
4590
6606
-3249
4919
5452
-7306
-5219
-355
-3178
-5591
-1406
6412
2327
-3002
5799
2686
-1455
5087
-9359
-9306
2919
-5073
-4529
-9365
-5671
-2477
1969
6487
-1508
6336
6565
-8433
-3669
-4661
410
-9896
-8683
177
7949
-344
-5807
-8303
-9394
9420
-7995
6358
1471
1736
-3141
749
-27
9822
-1902
-3252
-7359
-6739
-5183
-6254
-7965
9346
-4990
-5797
4676
-5532
-9803
8946
-3441
5882
-3025
-7292
-5859
-5531
-8518
-8841
-4427
-6400
-4842
-8778
9208
4794
-4704
-8444
-98
-7191
-1244
1304
-4025
7555
-656
7972
-613
6793
-7729
1547
5351
6435
6931
-8874
1501
-3000
2573
6035
1673
-3714
2595
486
7356
-1186
-2373
-5106
-87
3940
-3360
6970
3122
-9861
-2125
6578
-8507
3838
-1724
-7685
-5187
-5762
7672
4576
6897
-9538
-8142
-4407
7418
3896
-3405
6863
-4524
8724
3366
6922
-3828
8792
-7019
1759
3299
-5324
3891
9684
-845
-7025
-8722
4250
283
8893
9658
-4190
-2834
-6509
2069
-4051
-4470
-8519
6337
-9421
-6695
1008
3587
7948
6740
1289
-7621
8583
750
-7202
-3022
7927
1389
2830
9361
-6352
6019
5963
6330
5274
-1170
8133
-8319
-991
7880
3664
-3348
4957
-5751
1314
8046
-9696
9470
-8904
3773
8895
-9655
-1079
273
9065
1940
4027
6287
6598
-9199
6510
-4684
-876
2112
7106
9987
6477
9602
8085
9302
3065
6811
9701
-657
2113
1963
-5390
4770
-8459
7483
-4482
7899
9000
2392
-4681
-6406
8273
6382
-9358
450
-1104
-9201
-7930
-8004
-1906
-8601
2619
-4217
-1902
-5982
277
-2768
9324
874
9932
-8545
4618
-745
-4465
-1954
657
2448
6155
-38
56
3559
-1454
7195
-9005
5365
-4845
1155
-797
-3527
9398
-7567
-8947
4514
8362
-1103
827
-4026
2479
-9250
-6518
9323
-8070
-1207
8736
-9195
8987
-1030
6710
-7957
-2620
-5861
3469
-7238
6251
9313
7278
-8469
8316
7159
-3889
-5617
6139
-786
194
6419
994
-8611
7752
7897
-2008
-2943
2419
1836
-956
-976
5795
6656
-1367
6361
7881
-6912
7696
8851
8996
-4049
-3612
-4894
-9825
-7153
-6695
162
2726
-8180
-7485
718
5116
-8969
3871
-8916
-9333
-3157
-7911
-3235
-6639
-7693
-6550
1183
4739
650
-9765
-6382
7924
-7404
-3094
6494
-9102
7243
6422
1412
392
-8098
285
4365
4255
-5811
-2172
6584
8203
-6309
-8620
-823
6365
-7540
421
-4082
9242
-274
-4505
2364
-2505
4859
-4277
5933
7534
-9968
7806
-9106
3997
-6835
7280
4533
-360
-8807
-7354
-5973
-9115
9703
6475
1492
6061
-2505
-7940
5738
9532
6998
5148
4121
-3903
-9179
4085
1762
8185
698
6735
5583
6701
-3371
2755
2694
3695
8154
-4367
8249
-4909
3331
-623
-4322
-6903
6662
2420
-6585
3427
8437
-9630
2031
6324
-1975
-4185
-7188
8616
-6921
7635
8098
2892
5523
-5967
-28
-6410
-1960
3551
5849
3913
6600
-6831
-649
7421
-6688
1028
9783
8872
-4339
-5130
5417
2720
209
8601
3409
3298
4501
2390
1189
-3152
-4365
-9565
-5079
320
2999
2232
-6313
-3624
-5083
-8586
-3933
1009
7797
7554
-3309
7308
9893
-8563
9383
-6565
-3291
6465
2429
-6238
338
8783
-7275
8025
-5845
3686
4777
-5330
-9539
-8216
5977
-8616
8206
7390
-7635
-7114
-2718
3978
6173
5120
-240
9847
-4619
1487
-2891
-2178
5036
6338
-286
-5287
8623
8489
9295
-8911
-4750
2560
7088
9296
8351
-646
-4006
-7284
7922
8067
7425
4949
-6931
-7107
2738
-8719
443
1002
5344
9118
7135
539
8504
3730
-7820
7764
-9
5306
5578
-3147
-1731
8141
5450
-509
1265
-6197
8098
-2215
7661
5201
-3713
2495
4528
-2475
12
-2816
9485
-548
-7262
6113
-2207
5893
-9155
-3302
-76
-8205
-7121
2071
6145
-6991
6542
-2166
-2470
-1376
3643
7455
-8177
8955
3267
-2352
9740
-7675
4072
-1989
2351
3143
2548
4804
3982
7464
8822
-6352
-4137
-846
966
4273
-8023
-728
6622
8528
4870
7674
-8295
-7218
689
-1121
8203
-7858
8896
-189
-597
-9438
-4202
-3901
-4217
8255
4566
-2080
-1359
161
-9454
7581
3103
-1223
7266
-2072
9072
4301
-6367
1934
2693
-4668
278
5196
5946
-8017
5433
-4735
1300
-9903
-5398
-4929
-6255
566
4160
9416
-3461
2952
-8594
7887
-7239
9840
3446
-6443
-3670
2872
-4843
-4853
-48
-52
-4774
-5722
7851
8994
9248
-6384
3085
-2964
3170
3191
-5508
-2231
-3724
9026
1325
588
-9100
6140
2695
5708
-8058
-4261
9069
6486
-9545
8212
9140
-3031
-3307
8553
-8382
-9580
-66
-964
-2390
8653
7715
6917
-4489
2005
14
-4957
-4041
8974
8898
-9618
-6720
6562
9162
7411
-2817
1523
950
1297
7301
-4159
-6437
-751
-6335
-6993
-6336
2820
-3167
1461
5770
814
-395
4251
-9165
3088
8727
7979
4119
5895
-7858
2046
7589
2597
-9999
-1481
9926
2150
-9450
3852
3140
764
4347
-7772
-9279
-1970
-6435
-9698
4588
-374
1903
-9730
2352
-6039
6554
7374
-5495
9347
-9446
6827
-8532
-9706
6542
-7914
25
6233
5300
8568
8895
2966
564
-9903
4264
-4400
7727
-535
-7294
3380
-4276
-7429
2454
1
292
-9641
9519
-8177
4268
2276
-1731
-2251
3316
-5897
-6434
1163
5650
437
-2380
-5525
-5185
5853
6025
2659
4522
-6291
842
5230
6575
4886
5223
-163
9031
446
799
8716
2261
9226
4316
-6503
-2225
3387
-5724
2786
-4962
-2029
-7395
4278
7214
-421
8746
7118
6205
-8429
-8227
-871
-1829
-9851
-9083
4920
9630
5927
4436
5447
-4503
579
-2228
-6439
6558
-4839
8915
-209
505
1506
5418
-9526
8376
-4257
105
-2179
316
-3656
-6446
-3930
564
6136
-1608
-8779
-5016
6911
-4842
7220
7913
-8308
-1399
-9564
-2181
-3106
-5509
8428
1772
3902
-7945
-6470
-9482
-3424
427
-1356
5104
43
8699
-3785
827
-7125
9410
-7477
-9184
243
9459
-6573
-149
-1765
7151
-7503
3661
322
-1232
7920
201
-3481
2184
-9277
9094
-6831
-5576
-4946
-2164
6527
3581
-9265
-231
7650
6063
7495
-865
-8551
-3393
-9347
-6591
8425
7839
-5586
76
6147
-8816
8602
-495
-2810
-702
1098
-1092
5140
-9251
-2359
-520
-7291
-3539
-2886
848
4429
-4829
-1255
5455
-3386
2684
7238
3442
-8468
8742
-6945
-9781
-5554
-2004
9841
-6032
-4222
6275
-567
8520
-1008
-3180
-8347
9295
8108
-8217
8363
-3322
3838
2713
3929
-8940
4603
145
903
3604
6193
1670
6673
1807
9439
-3874
-2965
-6884
7254
725
-1645
8471
-1260
-467
-8564
2991
-2210
-1201
-6546
4045
-3606
-2003
8679
5949
-7060
-9931
-1866
-3679
8955
-4014
8954
-5075
6918
-7111
-4375
2221
1293
-6127
2219
-7223
5532
6661
-5225
-8926
-5102
-6007
2188
-1552
3554
1427
4566
-8465
4932
-8527
-1791
12
-3700
-5258
6380
2167
5587
-9337
8943
-2179
-5758
4338
7654
5279
4710
-8406
730
8558
-8472
1984
7892
-2686
-9973
3749
8552
-1355
-3633
-9208
-1097
-1446
-5021
-1479
358
-1696
-3674
-3020
2546
9522
5277
1178
-8194
-3758
3313
-992
-2840
993
9854
-4045
-9594
9343
1736
2213
-7792
5191
2278
5508
-4417
8021
-2924
6571
9888
8362
1393
7883
-5370
1345
5926
-3165
9011
3539
2871
-1906
448
-4805
9544
-6194
2108
2859
-3989
-6263
5062
4127
1717
-3576
-1359
-501
-9484
3790
9336
5654
-2471
4798
9952
-690
-3824
1108
-9197
1442
-2487
8902
-647
1236
-50
1034
8913
4402
-6095
5246
8447
4457
4214
-1258
-9536
2317
2702
4462
3337
9650
1081
-877
1938
6838
-3776
-1485
-5349
2928
3294
2276
581
-453
2104
3576
9143
-6309
5835
-3515
-6237
2850
1137
1409
7066
4904
5066
-4564
3212
6463
4620
5202
-2310
2462
-4412
-3220
6723
5837
-8418
9394
-455
-1372
-4984
5346
-1161
7950
-5215
6828
4075
649
514
-4958
1041
-2127
1674
-9743
-5996
-153
-8137
-9511
1602
-8427
-5377
-7091
-3046
1197
-4277
-8767
-3090
-4305
-9095
-9176
6465
-8801
5648
-2642
-1558
-5195
-6839
3539
4866
614
-4245
-8781
-1522
3576
8313
3633
-6583
4396
7225
-4973
1381
-72
-8430
-6599
-8907
3179
8800
-98
-7928
126
9531
8446
695
5153
-6255
-6676
1671
7116
-578
-2838
-1373
7953
-7381
-62
2702
1421
-9342
-2496
-7519
7155
-1752
-604
4952
5341
-3148
-6997
1999
-6607
5331
-3527
6943
2889
-274
9410
1349
-2355
-6761
4362
832
-2097
3776
7508
-5455
5469
-4461
533
-6819
2025
2093
6799
-5340
6571
3287
1272
4469
-9406
6666
1024
-635
-5188
5100
-1164
1527
-1987
9777
-7262
-1079
1001
5821
-7932
9279
7289
-7335
7878
7671
1564
6479
7919
5905
9178
-2607
-4236
3853
-4171
-1742
-6267
-276
-5098
3298
-2214
2481
-9188
-881
-9627
-2322
-9157
8896
-226
6365
8974
9270
2156
-8091
9829
-5346
-9649
-3137
-2956
2364
-106
4862
7373
949
9509
-7208
-5511
5512
5908
3341
-243
9146
5484
9138
7682
5381
-1527
-5493
-50
-1905
-4141
8324
-9004
-7257
2157
-7220
1407
-4166
3247
-5129
-7285
8754
-653
-633
6686
-2083
-923
3310
8112
4196
2371
4077
2777
1190
3030
4303
-5048
-2784
2603
3463
9033
2704
-416
-2169
-3799
-6041
-2028
-6740
8159
-7093
8479
-6232
-3037
8385
5237
1885
2991
4492
1032
-1619
-2443
-4987
3553
-9013
7974
8883
-1595
-9715
5663
8096
4225
-9153
7951
3240
-4112
4781
5554
3815
9145
6226
3571
-6052
-2076
2686
-7878
5619
-120
-9807
-1207
-5431
-3796
5391
7387
-9484
-9452
-2960
-4501
-1772
641
-6712
-8548
8967
-8516
9235
-5015
-2954
-3945
-6727
-8188
1737
-2798
-1132
6009
1177
4394
-3844
6653
5510
-372
-9597
-6521
-7213
158
-751
7946
4735
-9150
-6087
3864
7501
8046
6036
3241
8351
6781
-3937
7419
-3478
5037
7451
-7539
6551
-6988
-3730
186
4015
1074
7676
577
-2999
2574
8709
1002
5366
6087
7519
-7550
6123
-6882
-656
-8100
-2703
-6557
2406
-7929
1663
8040
-4811
-5563
6216
5000
473
245
-8533
1777
8152
-9946
-7869
-7847
-1994
9253
8148
2022
1430
-4544
5989
-8678
-802
1206
4717
2882
-649
526
1671
-1103
6459
-3624
-1517
6269
-2110
-2829
-1082
-2400
-4340
7153
7193
8598
-1714
4785
4123
-6458
6283
7943
2302
-8376
-2246
-3584
-6287
7964
5766
-2379
-6354
-1554
-7918
6028
1898
-7215
5463
8463
-1338
-1813
-7975
-8011
2985
-4449
-9884
7267
2616
1245
515
-649
7814
4529
9028
1648
-3878
-3101
173
-6482
-563
-3213
7145
4323
-4966
5986
-8991
-2016
-1077
1551
7018
-9446
-2887
6226
4181
-1146
-366
-4931
724
-2674
-314
-4207
-4396
8536
-727
-8440
8098
-2774
-1483
3230
4007
-7703
4803
8486
-7399
1184
-1500
-1828
3131
-531
-7747
7353
1865
4258
570
9586
-5202
-7594
375
-9118
-9660
-4421
523
813
-6256
7105
7998
-8869
-4655
-9925
-8669
-8358
-627
243
3000
4358
-7135
-3813
6678
566
2024
-3301
-1049
-7707
8341
1758
2486
-64
-6354
5637
864
-5821
-2781
6160
3197
-7973
-6774
7951
8670
9527
-3397
-8920
5340
7891
9564
847
7283
7112
1373
-3902
-2319
2997
-3438
8449
-2364
2053
-5318
6923
6294
6173
3930
-9770
-7048
-3170
5371
-519
7148
-3466
-9928
7434
6192
8147
1781
-9707
-2303
-1404
-3955
78
-995
1235
-8199
8109
3672
4495
7185
5375
808
-8011
-4021
-4633
3405
7821
-5098
3151
-3083
6209
8359
-3193
-9853
-588
1641
-1360
-1631
4939
-4458
-8466
-3376
1908
4615
2132
-5418
1110
-5720
-994
-2758
-5492
1324
367
-226
3780
-7878
1659
-8036
-90
4398
2042
4555
7880
-5197
1104
7252
2894
7567
-4999
9797
559
2841
5086
-624
-8806
3602
5697
-4864
-1093
8758
9912
-5463
6295
3859
4918
4414
1166
1288
-7929
-4537
9298
8637
-2131
-6780
9003
-1043
5849
7557
-7523
113
-2888
-8192
-6119
-3370
-4259
-2708
-894
-1374
-3758
9212
2728
-5075
212
-9902
7921
-3665
5857
-4994
-7550
5788
8564
7527
6093
-4027
-5811
7853
-8392
-969
6541
7915
2707
3615
4765
-5177
1684
5989
3424
-5168
-8470
6284
2344
8882
3425
-3309
-4936
3800
58
544
-7724
-3611
2671
-7095
4101
-4458
-1664
-4774
-5754
3524
-441
-5821
-8753
-3892
9074
-5032
3265
-4428
-3920
-2256
8557
4562
6354
-8210
345
-6937
-1998
-1454
8050
9887
1544
9325
-4441
7777
-1112
3579
-7146
-3717
749
-1133
7208
9497
102
-2347
5074
-2833
-8766
1446
463
3550
4098
1595
-7927
-3838
3673
-6157
2091
-9685
-7802
999
-4577
3243
-7917
7774
5663
3647
8643
-386
-4887
3617
599
-3472
-6799
-6256
-5180
-6982
5569
-129
5730
9457
-5675
-8138
-6678
-2681
6601
2157
-3872
-1549
-5700
-4693
-3359
5445
616
-2374
2855
-5910
6960
951
9849
-2319
-357
-1490
-6829
8992
7552
-465
-875
8621
-7159
7499
-1583
-909
5261
9986
8302
-4697
-863
-4059
7690
-546
-6433
-6927
-8914
-7334
-6845
-7364
-5650
-4227
1771
-1688
-8001
2958
7887
2836
-505
-2580
4651
-263
9111
475
5056
9512
-2595
122
3428
-4816
-7675
-2656
-4746
4144
-4793
5089
8410
-7780
5183
-9953
-3859
-4763
4939
6181
-7536
9433
8613
-3692
448
-7836
8890
-5126
-1009
-7497
-5064
-3818
-6492
7410
2219
-3587
3482
989
-4015
-4009
1585
8236
7539
2919
128
387
-707
5869
-504
4340
-1771
-3753
8643
1009
-7527
4255
-527
9518
-3096
-4771
-9638
6173
-3679
8616
-5970
-7036
-786
7675
-1386
-8662
9822
6743
-6166
1821
6893
7942
5509
-9372
-310
-6719
9971
-3313
-8907
5587
-5887
7483
5398
-8428
6421
-2408
-2057
5723
-4898
-1298
3101
9868
-5967
352
5671
-6296
276
-3731
-1688
-8669
825
-4591
-1577
-7585
-9359
4767
-7566
8775
-8915
-9101
8086
4942
-459
-2795
-4863
-4122
6775
5798
8121
1120
-9383
9576
3828
3194
4486
-7947
-7717
5546
6494
-4880
1143
-4334
-6136
-3082
-910
-9906
2884
3386
-9303
-5978
4910
-8938
-652
452
7617
-4735
-6384
7166
3764
2117
-7502
-9852
8272
-7017
-4967
-1023
5399
8367
-9573
7057
-5848
-5469
8026
-3745
7775
-9458
-5510
3830
-3575
2727
-6196
-2442
-9400
-6172
8572
-3796
-4951
-425
-5611
-5688
3165
3916
-2591
-4937
9734
-4912
5166
-1199
1972
5768
-8895
1297
-6512
-1173
5836
5890
5998
5823
3828
6609
-8023
9003
-36
-3137
3189
9922
-1630
-8868
1695
-6734
8772
-8224
-6858
-6209
-4484
6466
-3484
-2593
4333
1723
-7795
-6383
8222
1346
-8323
-7900
2586
3237
9333
-640
6775
2715
-1050
7027
-8967
9377
6285
-7207
-9380
8847
-2664
1517
593
-536
8975
9282
5545
-3284
-2371
5981
9453
8955
2995
-1633
-5667
1804
-4667
497
3621
7874
-5848
836
8811
-9146
-7628
-1176
-9095
4283
8717
-2799
5180
462
6825
-6191
1043
-1985
-7050
-100
3982
918
-7383
4788
-6788
6221
3297
1631
-3906
-2408
8900
9742
2318
4975
-9352
-2636
9946
7914
7979
-1281
-1999
3529
612
-2428
-2642
4226
1753
546
35
-9402
-8367
9015
4987
7030
-9156
-6144
-5578
2172
-9541
1929
-8952
6460
-6586
3786
-427
947
-6529
-6053
2453
-4739
-6805
172
1773
-8764
7642
1814
-7143
9261
5078
886
4125
-2260
-885
-7717
-3660
6866
3892
-561
-4124
-2263
8205
-7780
7688
-7025
-4249
-8906
8991
-3523
1241
-7744
-6128
6453
-3284
-2345
-6536
-7183
-2867
5197
-3223
7301
-4350
-2133
-3690
8369
8324
-2898
6471
2102
9173
-5767
1083
-2658
9328
-7735
7014
2219
6121
-6255
5150
6196
9789
1838
2889
-5975
3595
-4611
-2045
8587
4470
-6017
3703
-6151
7509
6648
1158
4777
-1878
-6923
-4987
2930
4772
7304
6482
8764
-1926
3173
181
-9481
4035
-5358
422
2388
8496
-7626
-8508
8375
960
-9959
6074
4578
-7039
-8101
-2295
-2573
-1069
7786
-9018
5526
3858
9711
-6237
-3234
-5917
-8539
-8228
8986
6166
-8458
-7833
4931
4540
5630
-4775
9605
-8900
4007
6943
-9134
-8566
1671
-8330
7615
450
757
1527
7101
2992
9982
-2453
-3013
1871
-6753
3667
-4854
7855
7797
802
554
-1094
-2241
-5552
2756
-9762
2461
-7379
3490
1771
4824
2599
1450
-339
1590
7911
9278
-8851
-6746
-2111
9853
-6118
-4437
8344
5478
5928
-4629
7136
6043
-9045
7119
-3681
335
-4575
1025
-1058
5273
-3051
-3407
595
-667
-6477
-3033
-7759
-3011
-368
2048
1273
7837
8786
7597
-2869
-3621
9024
3739
367
-4660
9295
3139
6027
1158
1481
1512
8781
-88
-2462
-638
7204
9388
-442
4199
7813
-1629
5085
-2683
-5321
-129
8042
6846
920
-1419
-8696
1733
5033
-8993
-5189
-3977
-1643
6688
4276
-485
-8133
8745
-3286
-4172
-8104
3486
-6654
5254
1311
2903
2619
-5971
3325
1078
-2042
8938
6509
6890
9812
-6157
9319
9456
7993
6334
8596
-3276
-3481
-7876
-6680
4050
1378
-2101
5146
6786
-6901
3869
2150
2219
1758
-1510
-436
-1126
-310
9118
-5029
1145
5412
5985
-5293
-712
7629
4990
-9252
2992
5125
6653
-5659
-6007
-9184
-8402
-360
-6363
-3810
1135
-5930
-3617
-6612
-5311
1405
-1519
3344
-7159
-3208
8001
-2927
2009
5971
4822
6657
-534
-2519
-2784
9606
3180
7053
6222
6517
-3040
-5497
-6359
4161
4257
-6140
2712
-1862
-560
896
5986
4829
-6645
342
9977
9917
6352
7433
-1015
6951
-5541
3407
-8012
3744
4644
-4258
-5913
-1210
8799
2107
5769
-3145
-6955
8693
5241
1834
5247
-8955
-3127
9220
6640
2822
-3980
7607
414
-6193
9764
7976
512
-5003
7175
3380
-4402
6846
-2270
-2437
-9160
-187
9316
2341
-1369
5082
-865
-6312
-3409
-631
-8444
3934
-3559
-8406
8100
9140
-6164
7292
9524
-5244
3867
7228
907
4966
-8690
-9779
-2321
-3693
-3823
1001
-1539
-4598
-8365
-9843
8056
-9313
4246
6244
-2332
-4433
6783
-6463
-80
-1016
2069
799
6208
19
-2359
755
6568
-1082
4130
-7956
2234
5884
-7767
-4675
9019
-2230
-9356
-3381
-2509
3145
328
-8934
-7826
2152
-8574
-6360
119
8181
-9031
-4339
-6091
6222
2409
-8071
-1801
-4173
-5807
-235
-2468
5596
7659
3706
-7039
1926
-3321
1186
-8074
130
4108
3701
9988
3670
-8260
-5881
-5021
-6560
-901
7629
2802
-9281
-543
3749
-519
5836
-3810
-1744
2293
-565
-2286
-4404
9859
-5654
8579
5253
9482
4701
-570
8701
6927
1841
-674
-1064
-1391
-7705
-7918
4255
-732
7613
2891
4200
-8991
8290
-5485
-5169
-504
8727
9993
-8712
-3512
-5532
2889
5028
9245
176
3416
9376
-7383
-966
-1127
-8188
-5038
-6805
-5515
-400
819
-4185
7352
9617
-4328
-6966
6705
6199
-1177
330
6593
-9298
3391
-2579
-1253
2617
6291
-1022
-5062
-4065
-5385
8211
-2883
-5035
1328
-5497
3775
-1312
-1332
2165
-5342
8670
8105
9063
9231
796
8708
5325
-6474
-3413
-280
7509
-7414
1871
2996
1858
-49
-8341
8390
-9348
3474
8827
4878
1354
-8512
9717
4190
1984
-7405
-2377
-6616
-5847
3785
-1328
-6337
-7276
-9483
6458
9356
8022
5206
-5310
3501
-8910
3805
-4501
-1398
-3720
-614
3148
-6569
8093
-2506
-8127
1514
-4051
-3924
2061
1597
2524
-7236
3372
2857
-7962
568
6975
9450
852
-8462
6470
-5690
-9863
-9272
-4010
-8542
2267
-6570
6342
-2964
-5881
-9080
7999
8142
8797
1652
-328
4535
3899
-5652
-5294
-5753
-5158
8871
9211
2017
-6949
-8446
-6672
-7730
-8428
1428
-6051
4106
-5490
6356
9623
-1482
-9611
-7891
5032
-7220
-8771
-1950
7015
-1817
-1635
-6067
-1127
-152
-257
1193
8078
-2355
-1499
-494
8552
-4024
3074
627
6063
1556
161
8754
4076
1546
-4623
-6596
2461
-8930
-5450
-1566
-3544
-1881
8366
9301
-7604
-5176
2308
6200
-5495
-7959
8902
-5741
2971
9576
2860
7704
-8396
4920
984
-1008
-2298
8208
-9572
-1531
9865
-9837
-2538
-6921
2020
-7028
5843
-828
-2362
-1915
-8234
963
8285
3539
6082
-5346
8858
-6654
-1854
-6015
1725
-3587
4113
-605
-6676
-2833
2674
8871
-9900
-8809
1623
5055
1366
5787
1913
-4219
6872
-7909
9448
9294
7562
8047
-2344
2681
3519
8239
5340
-8101
-2982
-5788
-543
9570
876
2297
5743
2739
9437
4104
-8506
-4907
-8974
8968
5498
8725
3345
4345
4635
9260
3307
6178
-2135
123
5971
-9444
4355
-824
-2339
-5291
-6198
591
-3599
-33
896
-8458
-610
9541
-609
-6766
-5140
-5300
-7214
-9171
-3763
-3539
374
1931
-1949
9081
994
462
3526
-6513
4775
4937
-2199
7422
-6171
-3056
7655
2926
-7552
-2565
-7751
4133
8405
379
-7944
3010
-1135
9870
1398
-3475
-5935
6890
-141
9454
-556
-700
-6289
703
-5996
-2258
-25
-9976
-755
-8887
-4572
427
4266
8263
9464
-5601
-9039
5956
4684
-1520
-9914
3323
-7229
-3275
-3791
4269
8573
-5724
687
5853
3330
1339
-3158
-3555
-5203
9411
-7041
-9241
-9395
-1918
-4792
-3005
6619
2478
-7505
2902
-3353
-3002
7126
-3986
698
-6310
2068
1956
-7780
-3287
5187
-7035
-1556
-4419
4195
-160
2433
1223
3942
5720
-161
-3768
2288
-4598
-8873
8436
-9495
7278
-2548
-3757
-2675
5386
8769
4002
649
1827
-3879
-6954
6855
8597
-1772
2357
3653
3575
-1138
-6742
-3747
-68
5792
-9272
8254
9289
8665
-1666
2332
6631
-9263
-7463
-697
2642
5078
6657
7907
7184
-473
9201
3909
-992
-196
154
7583
-753
-3872
-9624
8622
6542
4756
4010
-2294
-8162
482
-84
-3603
-7349
-5246
4770
-3147
-3776
-8024
-6874
-633
-5582
9118
6327
4954
-2652
2629
5833
-5376
-8836
3996
-4935
607
1498
-2635
4732
4086
8544
-445
-9800
7413
-6625
3001
-9673
2843
4718
-9433
9303
2244
-8868
2846
-9853
-2987
-4860
-8554
6025
-3231
1915
7993
-949
1077
-5327
-1530
-5318
-9244
4171
-1603
1593
-9756
6480
-7317
-4126
-6229
6971
1946
1605
103
-7032
-4753
3795
-3042
1948
-3175
-8566
-3706
-8986
-8293
-6758
5141
7364
4790
-2142
-1328
-265
-7841
2152
7677
-9348
-5758
6790
8734
2354
6497
-4146
5308
-949
-8638
2867
7835
1872
-1684
-4054
-2994
4134
-8601
-7818
-9595
9358
-7538
-9670
-3294
7865
-4237
4396
977
-2204
-325
-7245
-7195
-9236
5879
8441
9826
2227
-4120
-1132
-3015
1152
7574
-9921
7605
7871
-1970
613
9761
2604
-6580
-6012
-8354
7129
5035
7179
2857
8735
-9276
3530
-9425
109
-1961
1149
6946
-721
-2174
9636
6358
-8227
5362
-3464
-1342
-8737
-6745
249
3306
986
-9590
-2866
2626
8675
-2015
-7554
8045
2748
5164
-6624
3239
-1719
5190
-8074
3175
6170
3043
2452
-351
727
-2860
-7089
2298
733
5403
-4175
7701
920
-6667
