13770
9438
-1340
-2102
-3694
5286
-8025
9420
-7146
-5526
1530
3963
5631
-7296
8514
4814
-8289
-4683
-2816
-7603
-9145
5989
844
5337
9740
7951
-7355
-9135
8933
-6158
6575
-5155
-5250
-7070
-2233
5243
56
-5838
5478
-6708
-6439
2271
1460
1186
7320
1027
7190
1064
-443
6359
-4118
-6831
-2557
-8633
2913
6475
-8939
129
192
8011
-2421
-3381
-3307
-6356
1756
7441
4540
-2080
-6524
4742
-6205
-9833
9367
-4959
-7016
8898
-6827
-3662
-6527
1790
2749
7210
-4665
-2890
2854
980
479
7758
2819
7513
-5556
3278
-2503
5414
-773
7867
-4321
-1898
2073
-8019
-9889
7969
-8926
-7506
-158
-1735
-3654
5071
-7530
-8265
5396
4115
2387
-5870
4771
5214
993
-2729
931
7601
7142
-3872
7680
5122
-2173
4924
-6142
-3061
1418
3593
890
9925
-3930
-4030
6737
3347
-8524
9304
-3331
5024
-9326
8866
2368
8738
7857
5890
-6789
3744
3971
8015
636
8116
1152
7094
9345
3698
-3172
-2999
9107
4789
-3591
-2813
-4468
645
-9102
-602
131
-6044
223
-2162
-4818
-7339
7931
-2400
9814
-6308
4469
-4508
-966
8320
5520
1538
9692
-7263
-7664
214
3661
4885
-3079
-5232
-7721
9539
-9165
2745
-1783
-9036
9215
5516
-9544
5983
8103
-6944
-5278
6635
-1005
4307
-2459
2268
-4475
3887
3796
5145
1163
8485
1701
5060
-2290
2874
-3949
-4851
-1885
-9451
4612
-8414
-7730
9917
6916
-4620
-4873
8624
-3155
-9060
-996
3421
5156
6082
6280
9785
-1197
7219
-2572
-8757
7045
551
-540
-6767
2152
-8896
8405
-6382
9484
2639
-4733
-8191
-1254
8225
4539
-7229
4744
-7687
6315
-2721
7153
-4449
7628
-9598
4203
-6284
-482
9386
-7241
3960
-1546
-258
-9192
123
9199
-1124
313
-6770
-1965
-5386
3983
9021
-2224
-9297
1327
977
9381
-6608
7609
3233
-8286
7317
3906
5339
2205
-5006
4435
-633
4929
1945
8913
-1847
-9537
-5678
5106
3400
2789
-928
7448
-9980
9595
-8696
-7807
3101
4806
-8026
4098
689
-5044
-1530
5486
-4131
-5133
-2372
-1983
-4656
229
9904
2810
-7670
4132
-2819
-1313
8437
-4589
-3443
-4112
6791
2644
-7918
3722
5469
2924
-6225
-9720
-2924
8127
8001
-8253
-7786
-1883
-5782
-839
5571
8539
9076
-2455
8001
3953
5574
7773
-2848
7719
-6200
1129
-3078
-6420
4864
4132
6545
-5819
4614
1347
-1240
8466
-1554
-7699
6819
-5320
-7802
-3575
7968
-7208
-1926
-6222
6490
7943
9641
-8352
4280
4781
-6083
-9098
1753
-5760
5771
4115
8405
-8240
-8750
7070
-4936
6696
5859
6441
7902
6402
4068
-8885
-733
5118
-7308
8711
3265
5972
-9261
-426
2394
683
-9277
4113
6353
-9493
832
-3650
-2106
4312
9556
-8334
5028
-1340
9384
1413
-2798
3300
1824
5584
-2705
9716
-1412
-6559
5865
-183
-4124
-1667
-2433
382
616
-9256
-5393
1862
-8405
-970
-3229
-9295
1206
6405
7642
7888
-6335
-9703
-4953
5054
-1847
-6079
-8985
-7200
8213
-3809
1012
4691
9224
5338
-1176
9735
1768
-2505
8830
5391
-7869
3356
4861
979
4211
6938
-3035
4760
8818
5616
-6403
4014
9848
-3914
7110
6944
2867
-3548
-2511
-2245
1407
1695
7275
9194
-2885
-7007
2317
-4254
7166
498
3185
-4670
1273
-9780
-8285
3695
961
6830
-8641
6188
495
-3406
1155
-6063
7320
1321
2734
4381
3807
4835
3938
-1388
2313
-7850
-3962
9895
7810
6844
-3477
6217
-5753
-5512
-4329
4461
5629
7170
-8160
-3273
6149
-6072
9697
-7172
-3066
8475
-9082
4318
1198
-8441
-4804
-7392
-6168
-8729
-5940
-2532
4642
-3230
-6058
-5118
-4200
-6809
-2673
-8432
-4560
-3634
-8192
2969
8239
6054
-6802
-9731
-70
9886
-6690
-605
5506
7486
1480
3715
3485
-4143
-9390
-5258
6962
4536
2797
-1197
1024
-8033
2246
-4309
-2569
9629
-7571
9252
-8243
-1159
1422
4432
-7935
-8824
-6466
238
4441
-9853
8259
-2417
9401
97
-9370
2258
8475
3125
4153
62
-413
-1833
-6788
511
-6029
-1075
4641
25
-4417
-2160
1553
-3994
2064
4499
9035
8007
2084
1507
295
4828
-573
6832
9104
-9528
-6524
8833
3372
3618
-4530
6016
1227
-6363
-5883
8756
9287
5812
7492
8258
9602
8761
9437
2219
166
3646
-8951
-1857
4717
-2379
-8108
-3053
-4711
-8057
417
-9150
3131
1519
5952
-3984
6222
-5016
6672
9504
1558
-639
6285
-4513
1526
1009
-8354
-5362
5246
8745
3179
-3342
5431
-7892
6308
-4793
981
6386
9080
7362
9962
1298
6114
-1475
-8349
6561
4823
2854
-8008
-7597
2166
8770
8927
-513
-3296
-6657
5850
-6339
2112
8637
2988
9803
-9383
-810
-9575
-7762
-2695
-2790
-3790
2807
8703
-7948
1482
1345
7219
8147
-3319
-9909
-2003
4192
-4872
2862
-3145
7890
-6171
-2932
-9734
299
7368
-4230
-9894
-4072
-2703
-5508
241
3873
9282
-6362
-3937
7993
219
-1765
-2238
7062
5685
2934
-1061
4062
-6314
-7766
-2367
2416
6068
6167
-8155
-7562
7902
9164
-3818
-5220
3898
8713
1468
2605
6346
6816
-7210
-263
4704
-4821
-5293
-3233
-7336
4087
-9660
2329
-3336
-2560
-739
5830
-2247
3184
-1371
3132
-116
-3134
2783
-4776
5522
-9877
9861
7116
-9409
7859
-2668
2781
795
-7643
-1603
2328
7215
8989
8101
625
1090
1832
-1887
4218
3003
4998
-2073
-7355
8990
-7737
5909
1172
-8936
631
391
-3538
4430
4707
7321
8206
8876
-7350
8952
-8506
3233
6413
-1631
5493
7508
5219
5758
2204
710
5709
-9187
-7678
-6781
-7754
7261
6139
-5786
-5125
-9410
-3818
8395
-7708
-5929
8625
-1056
596
-1996
-1442
-2123
941
6582
794
5761
3280
9488
9327
8257
-6564
7833
-57
-7338
1787
1147
9904
-8748
-6433
6603
-7814
-1057
7411
6419
-6636
-1691
-4560
-2629
-6788
-1640
2531
2431
9593
6383
345
8181
-1458
-2788
6984
1161
-7512
-5332
9496
-246
254
-4719
-2031
1624
4388
8566
842
8543
6064
-7455
5579
625
6462
7434
8370
-4583
-4691
5601
2576
-401
7206
-4136
2399
4913
5263
-2677
-1352
9712
9338
-7443
6060
-7091
5796
-505
-6577
7152
-8332
5034
-1612
-2955
9738
8927
8158
-8475
7186
-6212
-2984
-1187
3271
587
5202
1391
-3887
-3528
2925
7283
-4736
-5661
-276
2218
3974
-7854
-2834
3726
-5492
231
-7570
-8317
955
-8431
1590
-3764
1146
-904
9074
1579
-1077
-7305
9049
5850
4782
9414
9766
-3080
-8839
-4174
-4217
4043
-7571
9949
-7710
-1031
8040
3688
2294
9994
267
-1912
3583
2900
-1664
-3013
6137
1721
-8567
1135
-2102
6510
1842
-3940
1840
-1685
-5617
4543
463
-4140
8996
-3947
3289
6479
-9591
-5477
3256
-2342
-5424
-9778
-2696
-3898
7104
-1173
9189
-3939
5548
-7081
3335
8876
4894
5937
874
2253
8520
-2368
-4785
1905
8480
-5820
3479
-965
-9489
-4227
-717
6355
-4727
5892
-5556
-8079
-6784
-508
463
9599
158
-6925
-9932
126
1928
3426
-7433
-3090
-1586
-7113
-8195
2644
8598
4817
7256
3744
-8228
8227
-3534
-322
6104
4901
-9135
-8743
-1998
-1656
9116
-1379
5834
5483
8671
3097
-6670
-4019
7081
4027
-7062
-2259
4590
3827
-6696
-2650
6804
3847
2045
-2177
5943
3612
7660
-827
7697
1791
5023
261
-7833
-7246
-9362
6143
-6575
-6431
8853
2662
-1800
-8153
6842
-9713
-8065
9505
-769
-5492
-7996
8317
4832
-498
-5943
6213
359
9989
-854
-7312
-8866
3863
7971
3612
-5732
1434
-3968
438
-2142
7531
-2471
5859
2831
-6392
-2927
426
4589
-44
8730
7525
-3107
6708
8639
3975
-3667
26
8584
1835
-6869
-6599
9180
5808
3207
-5338
-8152
4869
4492
9707
-1413
-9751
-6642
4472
-7702
-9686
1177
-548
-7403
-8780
-791
-15
-4088
9235
7362
2341
-7248
624
1023
9996
7140
527
3008
152
8645
2066
7815
-6981
6017
2626
7624
-7705
-6676
7064
-5372
295
-681
-3251
-1322
5260
5544
-9276
-7449
7305
-8539
9158
-3841
7067
9468
2579
8999
131
-3252
3451
3150
-2252
-1207
-1018
3823
-2178
-963
-6305
398
353
-6225
9257
6274
9811
7876
-4460
5280
6311
-4801
1312
551
9492
9908
6202
5317
-8254
1514
7039
8080
-5779
-5289
-4680
3177
8086
2556
-3402
-2473
-9420
1146
2548
8540
3495
5241
6738
3095
-7494
-8092
2942
-12
-3212
-7829
8946
-5477
1871
9957
-9587
-2212
1875
9632
-9376
-8273
-7550
1307
3143
7236
-8635
-9895
1495
5258
-1426
-3799
-9025
-9006
-5892
-6116
950
8240
-321
6041
-7094
-498
-2423
9844
105
-1964
-4848
7570
-8392
5888
8420
-4469
-9747
7448
-9700
-9453
6017
4974
-9754
3551
1329
-4373
-2687
3962
4688
-6848
4726
9079
7396
-4888
-2045
7142
-2446
4430
-5725
6390
-9281
2527
-4196
7184
-8853
4088
8900
3507
-6716
4418
1382
9003
-364
9419
-8312
8977
-7974
-5639
1918
-6804
-9160
2492
-8095
-8678
-967
9734
-8954
4474
9994
2735
4647
-9599
-6120
7483
-3866
1520
8206
-8962
-5066
-1606
-9710
434
-1885
-12
3470
1884
-1352
-4551
-2024
7796
5661
-201
3483
-7885
-5037
6883
8463
-4233
-1368
-6621
6955
-7630
3814
-3662
-3120
8692
9754
7923
7517
5143
-9416
4623
-701
-8014
-6573
1810
-1344
-3984
2017
-742
4261
-7121
940
482
-1008
5877
6868
-895
-369
-6280
7687
7447
-78
-3913
-3293
1668
8269
-2264
3272
-6348
-851
1905
-1191
-4983
7195
-4213
8379
-4478
-9955
-8852
4084
-3164
3305
3392
-7264
-5237
-6739
-9921
-6707
-6493
4862
6608
2210
8119
9515
-5993
-8040
-9644
-4490
4651
4515
-9990
-1254
-8587
143
9547
8015
7039
4172
-3617
393
-9544
-7030
6931
-7388
5759
2829
3662
-1289
3314
5347
694
4193
-9350
3629
-2777
8965
6753
-8325
5175
-7773
-8863
4638
-1223
4773
8554
-210
-7590
4161
-7767
5874
9946
-4573
1088
9196
1198
-2192
3877
41
5968
7863
-3628
-8678
-7706
-7073
1692
4981
9682
4286
4660
6323
-806
2662
9372
-7014
6484
431
1694
2318
-5459
-3048
-7318
-7301
-8429
472
2853
-1517
-8474
-7396
9467
6982
8372
2645
3873
-4526
3307
7756
5996
6718
-7539
-3455
-3252
-1954
-4235
9565
-1694
-4947
-7172
-9889
604
3416
-7273
7236
-3860
-5754
-8536
5570
-7457
48
5323
-6866
-5096
-204
1915
-2436
2699
1466
5268
2724
-5733
4928
-8359
557
-142
5451
4999
4914
2609
-6805
-4203
-603
-4448
-7041
-6943
7857
-5853
-7082
-3276
7988
-35
-3779
-2179
2022
3784
-6203
-7951
-6879
9343
-8938
-9564
7237
4252
-5680
4155
-7180
-1508
-7886
-496
-2621
-5962
135
5802
-8285
8869
-9326
-6699
5154
-7885
-8012
-1288
7677
-9570
8814
-4975
3272
-2921
-7792
4092
400
-5255
-547
-4461
3969
517
6960
-3673
5369
-4290
6897
9015
-1174
-2861
-2439
-9993
-2481
-2996
-2770
2997
8428
3786
8585
893
-3237
-988
-7374
-234
-7080
8353
3348
4368
-114
8672
-1532
-157
-3099
-6941
2762
-9299
8999
351
7569
-9172
9728
3763
9402
1531
-906
-6272
-242
9527
2789
-3768
1127
-5352
-3493
-5976
-8597
-3566
-1899
6213
7275
-7509
2926
-6789
-2922
3017
7482
-2148
5658
-9699
2397
5988
-7434
-8628
-3648
6199
7955
-4032
4088
6120
-7252
1186
7550
-2509
-4689
9053
-123
-8493
-5406
3565
-8363
-1397
-9273
-5389
4093
6068
-9328
2576
1665
-3212
-399
3908
-7125
9817
2244
-6968
4337
6381
2946
1070
-9462
-8290
3351
-1790
9908
4484
9383
2820
4682
9887
9872
6568
-7485
5022
5038
-5550
-5438
-2160
-7522
488
3510
-9108
6773
-3295
3588
750
7147
40
-7842
-1317
9387
-6974
-5077
-3980
8889
-9247
1445
-7832
4616
9751
7242
-4871
5578
-9404
-3337
-6053
4421
-9351
-9819
-6055
-1234
139
-2737
-4554
-8823
-212
-8616
9222
-9901
-1723
2407
-2912
-8830
5302
-2816
2500
4040
-2452
918
5309
1685
-7589
-7221
-5013
-7043
-5158
2410
-8408
890
892
8168
-8364
-3884
-7193
3036
-7641
2122
4543
4387
1649
3393
-9852
-7557
-4715
-6551
9529
-7797
-4792
596
5342
6260
-2042
-8212
5452
-8511
-661
9320
1387
-285
9208
-2325
-2287
3797
-2189
8350
-3958
7812
-8098
5037
832
4135
6867
-8618
9775
5778
3321
-1074
3331
3992
-8859
2279
6527
6613
-1177
5829
1274
-8537
-6845
-8966
-6550
-9419
5479
4308
-4920
7979
7643
7845
4384
6198
751
-8354
-3393
9374
-2092
-3637
-7916
3103
-5140
-7240
-7759
-1495
-8473
815
2111
-8263
1879
1252
8722
-4205
2212
-8036
-6168
9201
5306
-1709
-8612
-1289
-7774
1018
2026
8863
-4675
640
-7164
5912
4189
-2668
-3306
7463
6716
1980
9336
9799
4963
377
-9957
-6046
2997
8892
-9174
-6072
-5623
-8644
847
-1410
4438
-2777
-3872
-913
-8203
8399
-2700
-4939
-7554
522
-7379
-9774
9822
-9045
-6849
9208
-1122
-3182
5124
-882
-1270
9872
-5329
-1830
-5221
9617
2498
-451
-8070
-6709
9789
8667
-2906
1191
3195
1898
-7468
5725
2623
1583
-8589
7372
8604
-5682
541
1376
2766
8309
-3916
6525
-1822
-1194
7182
-855
-448
9178
-3254
-4175
-44
3187
9560
77
-842
8270
-6074
2556
-1279
4491
-7648
3170
-8362
2516
3139
1031
8532
7948
-2830
6659
-9010
-6485
-9267
79
4903
-8278
-8570
2455
4000
190
-239
6116
5085
-7284
4057
-88
843
5821
7431
-3893
9776
-1419
6578
-662
-2076
-2430
1622
-4980
5924
-4402
8525
4213
5756
-6835
3461
-8609
-4039
7990
6922
882
-4505
-5821
5031
-250
-912
-6440
-6567
-9321
3909
-438
-1879
3003
-2746
-2300
3422
-2674
6258
-2494
1091
-4817
-7561
-4102
-3207
-3311
8141
-4466
-8336
-4982
-2488
-8811
-7992
-5666
9677
1765
3120
5556
6586
8305
2157
-1675
9670
1357
6344
8938
-2789
-703
854
2174
-4624
6549
-1083
4100
-1901
-7634
5494
9613
-4559
3005
-6351
8220
4884
8224
944
5443
1452
-2441
-2042
6729
-7753
-5387
5236
-5825
-5445
-1724
-6306
-8870
3795
9749
-1240
1168
-3308
8533
1182
4038
6860
5600
-6767
-2849
-4138
9910
142
2090
-1818
-7384
6618
1111
-7990
-5604
-6710
-182
-543
-3071
-2550
9736
-1692
-6790
-5745
-9632
-1447
3330
1764
-5459
-3882
-102
-2058
-1557
4846
9482
-2151
-1263
-9360
-5070
7311
9976
1583
-7528
521
7031
-356
4181
-4539
9187
-4679
2588
-6072
-95
4652
-9245
4567
-2035
9551
-1115
-4523
6650
8410
-643
6615
-5319
6194
-5766
8520
7410
5185
3043
-4021
9828
-563
7570
-2967
4056
-6568
8180
-260
-9619
-4682
1855
-8546
-444
-3378
6245
3677
-6270
-3399
3895
-2418
-8630
-1760
-9733
-460
7387
3606
-7425
-7938
7669
-4099
3822
2454
-1124
5413
-289
3201
-4106
-3286
-6833
-8420
234
3698
-9782
-4658
-8187
5061
9844
-2957
7567
728
-7983
6824
3422
-5304
1703
-4655
653
-8305
7900
9549
-5259
8314
1720
-3036
-1785
-9545
5725
401
-1875
4598
-7026
-6014
-2519
-7491
2408
-2008
699
-9083
-2348
-894
5686
-3898
-6421
1190
7695
-4589
85
9049
-3272
-1336
-5965
-8427
6848
8114
7499
-8073
-3564
6295
-1996
-8372
-6687
-3451
9900
-1726
3361
6554
-6873
-6267
4691
-2335
-1354
-8294
4262
3187
-3136
144
-3790
-4652
335
331
4039
-8813
8387
7866
327
7226
-9666
4040
-8140
1245
3617
-7129
4491
2241
3720
1695
2160
9319
-5600
-9039
-2531
5447
7165
6919
-808
-2756
-7820
-3530
-3324
1117
4269
-3927
-3597
4379
5231
582
3840
-9759
-2066
8853
-5366
-5138
2294
-3889
348
7496
2876
1613
1395
7892
-5649
-6528
6989
-8014
8468
2106
1053
901
114
-8678
7191
6556
4717
4065
4403
1547
-4372
-5105
5242
-3506
-5138
4685
7775
8142
-4315
-6707
4428
5572
-936
3618
-5840
-2243
2509
-9327
-9240
4438
2168
-277
7661
3113
5267
-3281
-4933
5732
5886
-2629
7496
2122
9369
5030
2536
9147
-7734
3848
6981
1305
973
-3056
-7376
-1112
9985
407
3691
-9043
-615
-7315
-959
5386
-4775
-6745
-474
-8418
-9750
2452
-7940
-5871
-3966
-6646
-4148
8085
2397
-6060
1060
-3440
9753
3322
6688
108
-6320
-5632
-6926
-2589
-1363
-6139
-2862
-4266
257
2661
5269
-2357
-7639
-5583
6992
-2643
7079
3774
8751
8822
-4493
-8338
3918
-4308
7506
-3453
-7849
6140
-5073
-3862
-4540
-7530
7611
-5355
-4246
-2684
-8851
9738
-3634
4752
6170
2280
-843
-6096
989
-935
2580
6814
-294
-8341
-9587
-2042
-3369
9341
4745
-7794
-4218
3487
-3029
-7033
8507
-8773
165
4985
-6205
-7877
3541
5059
4335
-8035
-7917
-8924
3975
3582
4481
1607
7742
-6780
4415
-2745
-366
-502
5884
-4070
2691
-2122
-3058
-4211
-158
8351
1205
8125
-5179
-7029
6312
7003
1088
4883
-678
6316
5761
9407
1671
-1036
4532
-9184
-5360
737
-300
7569
-4438
7191
2102
-2281
-3875
-9889
-8548
1168
8440
-44
-5605
9028
-2133
4217
6749
-1832
5939
3991
4124
1796
-506
-2929
4722
2118
7921
4920
6363
-3148
-2779
5962
-3729
-2296
9745
-2736
-3356
-4167
469
-2909
8019
-4451
2757
1155
7201
-320
8248
9471
3069
5548
8650
-6575
7047
7303
3458
-7900
3781
-1300
-4686
3631
-3517
2326
4806
8428
-2649
8175
1624
-7082
3164
-2925
2782
-8472
-9097
9668
3929
4425
-2873
3572
-4751
9717
4857
2126
26
-8689
7322
1475
-3280
971
-27
-2268
-4483
3001
-1263
1393
-9425
6561
-5218
-5555
8422
-6894
7855
6236
3004
8527
-5597
4175
-7177
-3646
-9570
-3184
-9919
4099
8302
-1603
6896
-6743
-2986
-6746
-9265
-9667
2901
6958
-4180
-8656
-5611
-4218
-7981
-5353
9965
9996
-2363
1267
48
-7397
7335
-5318
-2722
-901
-6977
-8307
-8317
8903
4346
-4261
-2833
-2633
-3761
-5126
5796
-5807
-341
6247
8290
-3459
-2714
-4729
6054
-8631
-3736
-8306
-2104
-6847
2769
9891
-3143
8441
-4360
7438
-5691
3750
-5864
7364
2318
-5535
-2976
-3274
7875
-2968
-4754
-2315
816
2274
1823
9563
-4519
-456
4649
1721
2225
8571
-8841
-4858
-8278
7133
1000
9641
1509
-9786
2337
4857
-3408
7014
-1116
-3192
-4745
-102
9381
2305
8329
-7986
-2050
1692
1399
-6116
7658
-7848
-66
-305
5761
9858
-7920
-3857
9845
-2626
2587
5775
-6800
-605
610
4069
-9282
7532
5100
8879
-6452
-1136
-9924
2861
-3644
-6705
-9036
-1975
8265
1543
9315
2386
5119
-9317
-6716
6124
-3341
2785
-2262
6295
-8925
9813
-4151
-1135
3452
-5735
2152
-6929
5977
8728
-4334
6727
-9439
-5435
-7086
6172
-4663
-282
1918
-9751
1451
6711
2285
3701
-3275
-8971
-8652
1385
-8794
8246
-2774
6774
8038
-2150
-9681
-3743
-44
-545
-4459
2782
-7691
9959
3917
-4127
-2949
1534
7492
5659
2255
-2649
5625
-9744
4566
-8166
-2766
-8341
774
6509
1871
-6194
8725
-3209
7772
-8127
7504
-9024
5146
5463
-1549
-3766
9642
4440
-4245
7796
9328
-3647
7277
473
7478
7103
-6590
2713
9529
8132
4676
2100
-69
-7102
-3133
6237
-5072
9782
-1720
3687
-6736
-9039
1505
-4704
7903
-3029
-5335
7401
3187
4840
-138
5959
1451
-5766
-8885
6956
1600
-4252
-7998
1523
8268
5791
322
-9279
5433
37
4386
-423
8027
-4948
-5283
-7436
4393
-4026
-1236
-343
-2414
-7974
-8083
-5079
1564
7505
4048
6
-8656
-3733
1218
-2662
8361
-6768
4114
-8260
-667
-6980
-1193
9219
-3178
5259
9481
13
7648
-1833
655
5121
8806
7449
4276
5580
-7690
8507
-1370
-1807
9237
5116
-2514
5847
-311
-3820
9977
2927
4372
9919
-5272
9624
-4172
3358
8522
5732
3932
9633
-6397
6402
-2783
8488
-3229
-1392
-7977
-1384
-947
6004
-1988
9852
-6983
-4590
1240
-478
872
5661
9406
8086
-2828
-308
1754
8544
2912
-1079
-7013
-2647
1182
9329
8204
3964
837
7576
-8290
-3229
-8386
5799
-270
6052
2077
-7293
9323
6591
-1932
6459
-3560
-4138
3761
-944
-1823
7085
-1679
1061
1963
-6067
9037
6075
-9543
8260
-9993
-7540
7841
9098
2629
-7267
-1182
5702
1192
-1967
8344
-2286
-3484
-607
8692
1142
-9511
5399
8038
-8648
8138
-6057
-1567
-2385
-4183
-1982
1339
-5671
-4084
-6304
4363
7052
4862
7197
-8066
4872
-6981
7206
-5562
5685
-2478
-553
-8800
-6107
8874
-674
5792
4664
8531
4175
-7698
1511
-4539
5502
6118
-3926
1643
4553
5883
-5859
2720
-185
6120
-9827
6251
5647
6725
-4076
-2744
-5793
-6548
7930
9643
-6656
-219
7277
-9465
648
-2273
-7314
7093
8430
9443
-3616
6017
2920
-8657
459
459
-8779
7886
-9347
-3949
-8520
8675
-9327
-5202
446
206
-8936
4997
8137
-6607
-597
4608
-7269
-6061
-9695
6728
-42
-3781
-9208
8271
-7199
-5405
-8663
-9949
-479
-1408
6942
9466
-7549
-5537
1671
585
-3074
-8593
-9075
2595
-4631
5850
5977
3705
592
8225
-908
-60
-5150
4656
2222
-7609
3415
7771
655
-3556
948
-3895
-667
6564
-7666
-4828
9995
-2587
4561
3772
2778
6294
-8116
4630
-159
-7614
-2995
2456
4853
-2751
-6608
4634
-3573
-2276
7348
1312
6074
9656
5551
8899
-5031
7518
8138
5783
-8111
1107
-3737
3202
-7380
-696
-4793
-1898
2532
-7596
-1296
-3070
9307
3559
8032
-8085
2736
8829
-1435
-8984
6013
-8770
-9658
-5808
920
-3734
4083
-4959
-5684
7792
-5667
-3273
697
-3298
-8640
-6974
3795
-491
-5415
-9991
-8102
1362
4818
-2920
1260
-4507
6333
9892
-8190
-4532
8418
6586
-8893
-2548
7877
-2330
-8773
-1488
-8245
-5045
-3662
2814
4632
-5447
302
6675
2519
616
-5000
-1676
8487
-8871
6910
-9458
3495
-1911
-7808
-1049
-952
2201
4580
455
-3957
6443
-6579
7244
6733
-6217
-9851
-8529
-4752
6616
-7301
-349
-7143
-9008
2389
-3317
-9519
-7716
-5289
3925
-2136
-401
-7650
-9135
-9453
-2450
-7985
-1765
7183
5859
-4516
3262
-476
3984
-5702
9128
-1398
8855
-7781
9605
-109
9853
-3082
-1217
-7880
6918
-2579
9872
7046
-1353
3343
6238
3512
615
-767
-1381
-7808
3122
8525
-4694
2821
-212
-1108
-7129
8220
-6581
4363
-8009
-2706
-3002
97
-9750
-9455
-4611
-7010
5920
-3397
-774
-6400
719
-4653
-218
-5031
6967
-3997
-4575
-4141
-5332
6541
-6652
6299
-6868
-4826
-4766
-7231
-2598
876
3906
538
5903
1531
5187
-7123
-5878
-5700
3909
3838
-2558
7533
-2746
-816
9992
6565
-6702
5224
3098
-1636
-4023
3748
-9520
5624
2440
8800
9150
-563
5326
6917
-7921
-2822
-962
5261
6909
1063
-8502
-9582
7879
3261
-2348
-5191
752
2477
-1612
1958
69
1353
603
1657
7040
4806
-5003
-4194
8600
-739
7017
9347
7744
-8043
2851
8777
-6471
3377
9460
1002
-215
4039
-2102
-1103
9770
7524
-8588
4719
-9887
-5543
3296
-1825
8817
5563
5348
2263
-767
-6113
-6449
-4243
-9568
4828
3039
6593
1207
1316
1254
6795
7893
4653
-4796
-634
-6454
-476
-3813
-4247
-9035
7103
-6216
8352
879
-4546
3120
-9731
6729
-7581
-7484
-9026
-4829
2515
2737
6813
2737
-5132
-884
-5280
8524
-6674
-505
-3614
-1031
2972
-9767
-1189
-6004
5040
6125
-3749
-616
2749
4548
6192
-8870
-7249
-7915
1570
2087
-5045
-5494
596
8482
4688
3211
-6094
6198
7159
3086
4726
4130
6135
-610
-5906
9358
-9944
-5149
-709
-8975
1312
8822
948
-6429
982
-1237
-8751
46
-3042
3807
948
8387
4665
5187
7637
9276
-4655
368
533
2629
-9415
4565
9195
3364
4344
4498
8271
-3064
2050
-7704
-9775
-3606
6576
695
-5023
4668
3892
8381
-3656
983
-9816
2386
9196
-8240
595
8019
-5700
2867
-7141
9451
2508
8358
5431
9176
-4761
-3544
1190
-7590
-7098
9721
-2141
2579
3556
5333
5859
2523
-9101
5475
-3421
7080
9745
-730
-1381
-4157
-7101
2666
4934
4243
1348
-3164
8739
9621
-3662
-9879
-5075
5468
-9410
782
4465
7711
4329
-2327
-8048
-4561
2213
1485
5470
8682
-4147
3719
4864
-3952
8914
-5270
9760
737
-8819
-1767
-9279
-3764
8016
1151
1089
-2809
6689
-1452
116
4806
951
-7458
4714
-6526
-9195
-6047
8441
-4693
8577
-988
-1861
-4709
-2544
1525
-6042
4503
9240
4751
-6674
5572
8988
2299
3077
-2395
5393
-7021
-9943
-6833
-4125
-7293
3226
4798
-326
2595
-9339
-9242
7198
1569
3151
7199
-1413
-4346
8716
-6368
253
1880
8748
-565
5666
-6790
-1489
4094
-9968
6350
-9813
9691
-855
7738
5094
-8063
8574
-3634
9029
-8159
-2985
9665
-3279
-9956
-3856
6368
-9427
7104
7070
-4224
1220
-411
9091
-3210
-5841
-5798
4977
242
7649
-7727
-9991
-4645
6484
2590
-5241
1395
5234
-2963
9860
3205
641
-1380
-8211
-313
-1177
-7632
-4026
-5550
-638
74
-932
2547
5400
-7281
-3246
6816
4969
-3781
-1647
-9570
2621
6070
-795
187
9459
-1796
-351
-9285
6590
4149
-301
-6337
7968
-3144
-9606
5599
-1199
4664
3742
-2165
3308
910
-2730
743
1454
9364
-1974
4942
-4133
-1861
6966
-7076
-9585
-6487
2086
9978
3605
6603
5223
-9421
2994
-9314
-9097
2718
1100
1185
-5406
2813
-1714
3950
8836
-7555
5584
-5010
-3258
-8672
-4350
2620
-4384
-5458
-6066
-8346
8785
-4731
-9646
9156
-5706
-1748
680
9761
-9624
4492
-8530
2567
-3755
797
-6667
9492
-8628
5356
-7398
-3415
-776
4952
-5424
2940
-968
-8004
-7944
-5568
-683
-5913
-8409
-1338
-1491
1578
1476
-6116
9210
-9219
-4696
-9172
-8615
2533
6678
-3139
-1958
-9857
-8155
-6597
-625
-6335
9303
-4276
8901
-3553
-778
-9242
-933
-569
-8051
7924
-6015
4471
1985
8127
-3779
-5579
1532
-3358
2745
-7069
1461
3801
-2316
-4199
-8027
-5956
-7913
-4462
-9575
-6198
5878
1373
9816
-9799
-7238
5655
7656
-6592
6780
-4355
6100
-8922
-8433
8818
9096
1357
-3909
9814
-662
1273
-3946
7317
4780
-7116
7869
5277
-9151
-8671
-5536
-2446
-8603
-7165
-6842
3095
4537
8604
-5533
-884
-17
-8400
-5674
-7840
-3734
2612
5153
-8675
1680
9604
-6142
7735
-6160
-476
6299
6545
-2507
8134
8389
-6198
4098
-9589
7076
-990
3307
-2878
-186
-2205
346
5717
-1868
277
5882
8301
5849
-9035
8487
7285
6295
-3042
-8832
1865
-4948
7727
-8760
5513
1471
4215
-1263
-3406
-5919
-2055
4770
-9235
-8491
5053
-9911
3640
4347
-6522
2695
-2618
6157
-2698
-6022
1498
8225
-8671
1532
1776
4709
-2225
8062
587
1068
5995
-1571
-8877
9464
-6176
693
485
6998
6879
2331
6648
4087
-5855
9111
5848
5124
7166
2979
2407
-9747
876
-9211
-2338
-9574
9822
-2258
1515
-2422
6401
-1872
9211
-4846
3006
1557
-9731
5284
5365
3586
6971
-6209
1966
-8564
-3875
9606
3415
5816
-40
-8728
7815
-2966
1340
6687
8334
7779
1660
-9875
9910
-2326
8180
-1918
-8558
-9727
-1270
4073
3990
1612
-7121
-6906
-9695
-6713
3312
9945
2649
5673
-6810
2652
-8263
-5841
-7868
5627
4850
4798
-3808
-7782
-6280
-8119
278
-5647
3613
-1412
8220
-1213
-9954
4672
-3287
-6602
-356
897
1379
-5417
3469
-3060
-9676
4960
7131
-1127
-5326
-667
2436
812
-1780
-1151
-6097
372
3720
1493
-1355
-3619
-811
5581
-944
-7409
8623
4747
1963
228
-260
-1323
247
-7940
-4053
6924
-6765
4162
-161
9856
-668
-4430
5808
4300
-8651
-4479
194
-2769
1343
8335
-5308
-6844
4450
909
3835
-7380
-9007
-6947
-4014
4802
2568
4153
805
-4803
8527
-1904
-758
7727
614
-3868
6526
766
-7887
7355
5140
-5446
9042
-5668
-1658
-6189
8472
7564
-3650
-1820
1966
-1987
4024
5783
4382
-7030
3790
1640
8221
-8571
-6709
-7941
-2844
-3693
-3182
-7036
4201
6857
-6727
8792
5828
6950
-3365
-9214
-8356
4944
-9923
-8523
3620
-4755
-4764
9639
-2818
6188
-5682
2794
5982
5631
7773
5370
1357
-1227
2719
-6687
2181
2044
-3798
-3771
8492
8715
3784
-4259
-5155
8820
-7633
-9173
4553
8556
-4241
4923
-578
6422
-1540
-1603
8661
7339
-5083
347
-2336
-6296
205
1848
-2186
4654
9493
6800
7376
3573
-7315
-665
3793
3154
6451
-1746
8906
-364
6432
-6511
1402
-9201
-433
-9648
-9569
-4782
-9579
-5518
-8955
9485
-1660
7492
9788
-4104
5365
-4555
-4130
-2400
-5409
9608
2608
6552
1291
2054
6597
-814
-3480
-2342
-3386
-465
1080
-3793
-5858
6244
5661
6450
971
1851
-4970
8183
-9363
3574
5406
1188
329
-5874
-3775
-8127
-9872
-4597
3629
3432
3642
-1058
-7109
799
6309
-3415
8556
9197
4217
7620
-8372
837
-4406
7110
-4516
-7904
794
2741
2200
-9996
143
9042
-9159
9336
6284
-7655
9734
-1511
-8843
5909
1308
2919
-8457
-1111
6266
9273
5843
1809
-3038
-3582
-7950
-9736
-9024
1770
7432
-8784
-4893
2941
-3214
-4355
-4307
5246
9821
7895
8721
3914
4282
1500
3356
-637
5460
8281
-1607
8385
-8350
-1949
-9324
5632
-7930
3496
6037
163
8286
4543
6442
-1324
2420
-3100
-1019
1418
3014
5738
686
-9504
-6975
-7156
1446
-293
5563
-7405
7874
1677
-238
7723
7248
-8087
6003
-4079
3155
8534
935
-4321
-8801
3887
-7008
5035
-3365
-6038
-2610
1898
9158
532
-899
-6113
8418
7748
-9145
4700
6699
1408
-1845
1425
-3590
-5312
6583
7449
6097
5539
8188
-1644
-1500
-9136
-1288
-7796
1060
7505
-7535
-7208
-4915
4789
-7267
-5402
-5561
2872
-2347
-8642
-8176
-7594
288
-606
-5375
-5846
-2311
7522
-3094
-5640
105
2356
412
9861
9022
7389
7822
3249
-3484
-9563
-4777
9516
-8678
-1227
7161
5138
9346
-16
-7568
6573
8702
-4142
-980
-702
-4996
9347
-2263
1782
-7514
-3076
-7765
-3578
-6720
-194
4908
-7503
8954
-5435
6732
671
4930
-8002
6001
7511
-7592
-606
-3623
-5670
922
-9675
-7977
1563
1638
3256
-7526
-5919
-9601
3232
7478
-781
-2137
-8471
-1230
1808
4645
-2377
7003
4647
-409
-2695
-7895
-2773
2432
-9962
-6337
-2519
6346
-3617
-8418
-4501
8551
1823
-4115
991
8231
-4332
-1929
5777
-2710
3414
4631
2119
1593
5649
-9453
890
3853
782
6814
-2424
-113
-7645
-1382
-2359
-3898
-6084
7724
7625
326
-148
9425
6189
-4794
-6262
5924
2899
-6092
-5339
1138
1820
-5610
-9392
631
4781
-4049
-217
630
8696
-1130
-3033
-4753
-5633
-714
-2923
8722
6200
-2357
-1974
-8815
9037
3792
2358
-1960
-1583
807
-7128
-320
4922
-6995
9888
1820
6942
-9148
9588
2520
3607
-8521
9447
3957
2463
-7017
-4682
7875
-1696
-2596
4316
8540
7998
-6800
8256
-7922
9044
8941
-1270
1677
-5255
3713
932
-7666
-7011
-1848
7888
696
-3091
-7439
674
151
-9594
-8652
-8706
3821
946
9885
-9325
-3551
438
-1286
-1889
120
-5625
5364
3866
9846
863
8269
-7679
-5370
-4834
-5042
8870
9143
-9511
6819
3965
-4683
-2406
-4089
-9500
3073
4796
592
-6852
-6171
195
-4267
-8224
-3220
-7427
1701
-8491
1440
9073
8317
-330
1820
3101
-9268
-5465
-7556
3489
1759
-1397
6639
2721
-6385
421
9806
-7683
7958
4134
-3821
5595
5745
1364
-8286
-8839
-1974
6988
5261
-870
7738
-7121
6054
-7769
-7268
-3573
-3893
-9368
2796
6108
-2540
6717
-2497
-6844
2189
-2435
-2455
-7597
-3920
-2901
-8051
9507
-1430
53
4575
7368
6533
-4526
-7431
998
2536
4921
-8757
1285
-6329
5509
-317
-4710
-974
-148
4238
-5860
5347
2432
4203
-9661
-2088
9152
5896
-7169
9469
9225
-7748
-9573
-2366
1130
8832
7804
-3765
9655
2610
-3369
-3992
-9851
-2285
990
4466
-4499
1593
391
6498
-9064
7607
-3861
-4250
-1731
-2841
4474
-4182
-5511
-5557
5553
-2463
2733
-8010
-1882
-6994
7721
-3708
1687
401
9992
-8692
-5221
-7661
-8154
7682
-2139
-5575
-8070
2708
9568
1520
4892
-4525
-5926
-3354
9436
4538
1985
8480
-1929
-8913
-3601
5317
-6097
8491
-8489
7809
7937
-4503
-4368
-9959
233
6001
-5938
5629
-8560
1210
1799
7336
-3154
-6982
2886
-6590
-3235
8874
-3358
9087
9018
1067
-3495
4342
9378
-8700
9597
-145
-5901
6805
-4574
-5245
-257
3770
-1262
-3250
4277
-9841
-5699
-908
4020
-4075
2715
-929
-122
-4253
-6042
1649
417
8607
9717
-2236
7809
-2394
1868
2841
-8636
-8746
8440
38
-1771
121
8447
5882
8896
-4751
-613
5807
5988
-449
-8374
-9089
1685
-5560
1695
8268
-3237
-2548
3246
-3980
-1543
800
84
-99
-777
7592
519
632
2857
4355
-6183
-7073
9924
-5917
5886
8728
-4651
-8342
-4786
-96
-8384
2693
8939
-4104
-2634
9364
-2027
8258
5284
-2059
-1113
-8917
482
3688
-8209
8570
-8372
-641
7665
3702
-618
1443
-4051
7449
1563
9333
-8633
-2644
-1365
-174
-8614
-5178
-3986
-6330
6170
7184
5443
9370
-5396
-2188
-2230
-3769
-2993
-4972
957
-4133
-8782
7018
3512
6036
4631
9202
9834
5128
-3250
-6092
9443
-7635
8902
-3900
-5821
6750
2970
-2639
5908
-8452
5935
-339
-6707
-6760
1516
1694
5346
498
5206
5425
-5441
-7335
8521
-8829
6352
-2807
-2431
9673
7834
-7252
7896
6846
5641
-6809
1313
7893
8508
-4500
8505
-8495
3146
2600
-4491
7325
4689
5197
-7388
4136
-5257
-8334
8531
-9704
-5119
1876
5264
7353
-3645
6128
4988
6147
-835
7646
2449
-420
-4269
5826
9533
3849
8200
-5098
-3088
-2730
6921
9758
6230
-7106
-3084
-8037
-8401
-5623
3777
4503
8071
5030
868
2302
5477
-8960
2066
373
9169
5031
-6792
9861
-7571
7280
7124
3017
-8229
5927
-4410
-8410
-7984
3456
-1637
-7910
-2253
-1418
4065
6642
7041
-234
-3756
3746
-2419
1918
4688
6241
-162
6111
9372
7816
-7805
-9512
4719
-120
8314
-2447
-6946
5435
3769
3998
-6471
1526
946
4285
9625
-3662
-57
-6243
9092
5646
-4284
-5333
-5674
4539
8247
-4517
-6738
-8753
-4432
7898
24
3743
-5100
6977
9994
-4862
-4205
4739
5534
4648
9459
2616
924
1252
3493
7179
-9584
7342
-4460
7451
5488
-3408
-712
1818
-4450
-821
-1976
7866
8794
-6359
8079
8823
4889
-6623
-2186
-9712
2366
9782
-1070
-1731
9937
6609
8979
5082
-2943
-9175
7303
-6963
1735
-8492
-8666
-7608
9403
4452
7125
4233
-5166
-8129
3241
8170
8727
2645
-6370
5704
-1000
9878
9279
4749
5382
-3438
5026
7962
-1462
-1766
-3656
-7835
-4414
-7999
8331
-9427
8347
6756
2523
2779
-1050
1102
9801
-6301
-4225
8993
1891
8650
9266
7584
-9605
8926
8948
3903
-5329
-1088
7491
5808
-5685
-1539
-8608
-3947
2236
4171
9106
1810
-1196
-1624
-2364
-5702
8965
2465
4272
-6841
1697
6318
-886
-3643
7391
-7394
9225
6725
-1099
7138
-1885
3059
691
8530
7872
325
-2788
-789
6424
1246
2770
-6652
6095
-3534
6075
2581
-9164
4897
-8481
8048
-8495
6575
-2331
1011
5984
7515
-1958
4498
5900
8516
5735
-6702
8763
-7798
-1515
9637
8170
4826
-7010
1975
9165
-1435
871
0
-5889
9527
-2169
-5670
4860
713
4493
-9810
3289
-9781
-8201
7547
-7348
-3971
1937
9292
-2386
5098
-6680
-5468
-5775
638
-8765
-7438
9681
-7334
1288
-8369
-5139
-1108
-1740
-3108
-39
-9476
-1148
8642
-5107
335
755
6662
-7868
5125
8426
-9581
-914
-7432
8464
1997
6606
5003
-9822
5081
-7155
9136
-2369
5220
3645
-9539
-7201
2467
-5094
2395
1611
6822
6604
-3493
-6298
4440
637
5465
-6997
1272
-3719
5737
-2929
-1920
2556
-2965
-8719
9306
-161
-3163
423
-8060
-7449
6656
-5543
-5644
-3722
3390
-4678
-6346
-6520
5473
1561
-3167
8193
4580
2213
7531
8784
-6455
5355
5058
529
-2520
6705
2391
3407
-2710
-1700
-311
-1358
884
-3423
-5746
3353
-2905
-4717
8576
-829
9772
2279
-5085
3728
1798
1566
-1974
9374
2246
9636
-6184
-3252
8081
-4597
-8131
-8966
-445
9695
-3932
-7522
8104
9567
-9304
-4186
5704
-4136
5059
-4326
-5381
659
-4030
-5623
589
-2384
-479
-1547
6066
4678
-6548
239
5168
-156
-7983
5282
-6641
1511
-9032
-2261
2795
3332
-2970
6246
1782
-1035
-9601
-3650
7052
1858
8256
8168
-2128
5031
6375
5451
-2252
193
-9104
-5317
-9813
-5677
-8165
-74
6468
-1031
4818
-184
1089
3122
-988
3835
-1501
-9125
-14
2216
499
-6213
6350
-2996
-4276
2421
6138
-3044
9387
-5668
-9271
779
-3725
-711
4972
-8795
-1179
-3149
7783
1080
-1103
-2683
-6864
-3032
-5219
-6750
8808
2072
-8817
-4294
-3332
4768
4398
-2684
2820
-2737
8040
3048
-3002
-3301
9879
-2539
-4986
-9168
2979
6038
-1012
3508
-5460
-5535
-107
-8597
4937
-4835
5939
-5490
722
3382
-1438
-1315
-2927
7890
-8524
-9981
-6516
177
5833
4049
51
7407
-3832
1360
-6923
5881
-3822
6437
5380
-5542
5624
-9908
-1036
3292
441
-4814
-5166
4794
-178
6686
1938
8632
-5923
-4948
-6343
5402
-9701
4372
-2637
-5788
-2172
6044
-1832
-9041
3089
4379
-9158
3427
5599
-2275
7143
-2779
-3570
-2165
9249
-8749
8425
6237
-7136
-2763
5958
-241
3907
-6620
4624
-4513
-8909
4328
-5027
9368
-9491
1657
-7296
409
-2170
4008
9716
-8197
4292
3733
-3097
7000
8999
-8623
-8259
6130
1767
8575
4634
-8195
7780
777
6843
5421
4031
1824
2047
9340
-6307
6659
-1905
5134
3407
8581
-6389
7411
5879
-2554
9532
-3316
-1153
6338
3522
-4489
4851
-7900
7202
8069
-9053
-6795
8050
2768
-6556
-1070
5498
8337
7468
4476
-386
9655
-5798
-2404
-2510
-3444
-3193
7380
8232
-433
-2798
-1283
2316
-2643
-1130
-8099
-6355
5683
-1344
1606
-6059
4287
-9036
3688
8651
4241
-9405
-5455
-4301
8290
-9375
-7758
-8261
7836
192
-7245
4424
-9185
-1725
9619
5188
-4785
-2106
-857
-1299
6101
9105
-5601
-9820
8743
7798
-8296
1869
-3239
1168
-8503
1574
8018
45
-9566
-3442
-1246
-4751
-6341
-7837
-6329
394
-2304
6402
6490
7295
9995
-2194
-1259
6897
5687
1136
-5433
-1287
-4142
-9145
-4299
4589
-3180
-821
-954
8458
2372
-3732
-4741
313
7621
-7522
-3676
-1301
7586
-1960
-998
2933
-4680
-7796
9350
-3815
8746
-3881
-4893
7572
-9772
4744
-3381
-610
-5579
9349
-3511
-2753
-1911
-4591
9614
-1241
2001
1266
-2616
475
-1035
3229
4180
191
-1288
8076
-5247
-9066
-2661
7496
53
4741
-8391
6087
6425
8325
-5447
1351
-7631
1081
5641
8534
-4945
263
-519
5660
-1617
8080
-2964
-4570
6203
-1404
-2191
-2641
-4083
-3958
2680
1960
-5454
8708
1200
-5715
4398
2509
9654
-9568
1669
1513
6317
5327
2344
-4071
-3976
3920
-1415
-6225
-72
1164
409
6538
7179
846
7947
6167
-695
9155
-1582
-6342
-9535
4386
6591
-7347
4856
2676
8773
-845
-1582
9359
-9064
2484
4688
3686
8406
4241
4495
9825
8861
-3005
-5902
-18
-1487
-8564
-4681
-622
366
-7380
2528
-9615
-7552
-9377
4427
-9514
9665
-7464
8222
7171
1518
9680
-9440
116
3720
8834
6521
4193
-6356
4616
-4570
4682
9289
-7218
2640
5159
-9172
-9680
1362
-1027
4918
7289
8471
-1393
-2550
9507
-4423
6627
-3204
8450
-2724
5631
466
-4253
2616
3646
5309
2793
-7262
-7445
-1270
3253
761
1665
-3969
1741
-4066
-5339
5576
8179
-1966
-3011
-6999
7303
-3113
6479
6524
6906
8242
5798
-4357
6588
6790
7641
5518
-9994
-5600
-821
-3473
2769
-3337
-9858
-3108
-6663
6930
-3027
-7767
2996
2873
982
-2908
9150
1222
9873
-2360
-9417
6342
-1254
4700
-7639
-3277
-1992
-5900
5977
9655
-476
-2006
3267
108
6116
9108
9442
3728
-3590
-2578
-9717
-9114
610
-3753
-9007
9350
5619
1224
6598
-7426
5723
109
-3405
1133
-8684
3715
-9462
-2161
2315
3461
-2984
1849
503
-8598
-3702
-351
1113
3560
-6155
5296
-4361
3066
4185
2739
5840
4529
4880
7819
6556
-2074
-8771
7468
9732
8729
9662
2171
-9727
4836
3422
7372
269
8238
-3968
1889
9961
9360
-9955
7888
-758
-5596
8583
-4059
6407
1796
3251
280
5167
5651
1593
934
9436
-1070
6395
-5041
-5698
66
3329
-252
-1262
-3922
-7147
9479
-3890
-4396
-7449
8289
-5709
-4414
7203
3802
9705
7492
-222
7917
-2946
4542
-3384
-7417
8361
9490
3368
7844
5470
-7186
-8956
2100
5961
-335
7341
-705
-6384
9355
-4510
5454
8433
6960
7285
8750
-9877
6672
476
749
-7479
-4128
9111
-6926
4764
6947
-7307
-6292
-2071
-4006
-7452
-3363
5723
-7469
-2915
1850
-9105
-5794
8795
-2608
9980
2585
4365
-7508
6193
9865
-1154
3638
9334
5569
9085
-3509
-2623
-2024
-3919
-6121
-2273
8028
-5801
-9366
-4855
-7080
-5837
541
5223
-1718
-4346
-4744
3139
2059
-1241
-7062
5048
-8478
6615
9174
-7369
-5992
5382
-9954
-1401
5550
5209
1464
9509
5910
3173
-4936
-2753
9698
5771
3670
-1385
-2600
-8800
857
5383
-7012
-9649
-5249
-397
7057
6165
8758
-6660
-2582
-3663
297
7291
-8125
8777
-3253
-1317
469
-1685
1019
-1477
725
7631
8810
-202
-8111
-4749
-2541
-2732
7603
-3579
-9649
5440
-8150
2882
2554
-7734
2482
9342
1577
-2481
-1183
2295
-5699
-622
-1126
2742
-2964
6196
-2196
-5737
-1384
6374
-4082
-7492
-6930
-4496
7530
8230
4023
-1240
-3265
-8490
-8445
7572
-2811
-1751
-4192
-4602
-7030
-9153
1624
-2942
1093
-3782
-475
-3985
3697
-4479
3067
4989
8017
1179
3816
6822
1366
3868
-4038
-2960
2608
3078
5996
-3451
-5611
7114
-5152
-1175
-3185
-3699
132
-4402
5390
-7917
-6092
-134
389
-1668
5397
-2966
6463
2139
1864
8582
-460
6617
-7891
8613
9749
8316
8906
-839
599
4066
9181
-3411
7109
789
8875
-9175
-9882
2219
-2166
-3828
-8392
9183
7989
4726
5706
5740
-9765
2648
9753
-5708
3890
2971
-8906
5240
-7466
2359
2844
2346
135
2886
-3831
5210
-3023
3009
6498
-2941
8199
-3424
8208
3742
351
1169
8447
-5522
-4914
-5031
-4288
-7664
1468
-5371
9380
7342
9020
-1100
-8248
5588
-8278
6115
6964
3407
-1933
-936
4663
1342
1913
-9826
-3883
3041
518
-9743
-8131
-5938
-4168
290
5256
-5919
5162
9943
-5995
2441
9244
4718
1002
-3358
-5888
413
-1808
-605
-2655
4793
7260
-2231
-5881
263
-5777
3926
2573
2632
8665
-7187
-8315
-1578
4290
-3
2241
2940
-8050
9286
-564
5182
-7173
-640
4295
8948
-6726
-728
4924
5438
623
3858
-582
8484
-6508
-6037
-6972
-5784
2870
3587
9388
-1832
-9296
9634
-9310
5909
-54
-8483
-697
8913
4811
-1455
-8328
452
666
6274
-7372
7939
-1182
-9489
-3354
-2113
7705
5255
8764
-1851
5932
466
-4974
-2348
7004
829
-9643
-5055
-712
-3388
-2881
-1705
404
1379
89
-979
-3808
8814
3046
-4750
4474
-5394
4165
7499
-6259
3872
4977
-7635
-2806
-9486
-2347
-9698
-8761
2613
-5915
-8134
-5462
-2212
3673
2087
-9878
5923
968
-94
-437
8427
1671
-1481
-8598
-943
-8195
3120
-6451
5050
-5123
-8452
8298
8425
4953
-1501
-6275
-4772
5401
4115
8951
2418
2250
4508
8944
5438
3333
1282
2466
-354
5768
9940
-5618
-5718
-1093
211
-4590
8231
-7061
-2364
-1914
-212
-3290
-702
774
-2877
-682
844
2657
-7976
-8850
-3682
-6008
-8191
-6505
3009
2964
-255
3563
-5169
5705
4240
8681
5210
1793
7701
8319
2068
4835
-5650
3232
-3758
9693
7152
-9293
-9792
1535
-6675
-7631
-2785
2403
-1220
-9990
6555
3236
8437
7110
-5003
-9846
-2821
-659
6348
-8660
236
-1236
-8047
9196
122
-3469
-195
-6082
4670
-4674
-7961
6095
2906
5216
-4026
7651
4718
-5551
-6926
-6598
-7939
-6722
-9311
1377
-619
3892
-2335
7769
833
4438
1872
2992
3335
-700
6436
-2294
1072
-9876
-170
741
7724
-5985
-7320
-5444
4076
-2206
-54
-640
4797
-1434
-9803
4122
-6623
6986
4014
2818
-4868
8260
-4941
2691
-7495
-6275
-3315
88
6877
6261
-1114
1677
-1460
6541
-3102
-1847
1742
-4903
3628
-1733
1258
5896
1345
-9927
6877
-6516
3446
-7374
-3719
4559
665
1254
5635
571
5194
4962
-5561
-409
-4291
9418
-1721
-5545
-6900
-2971
-5647
5985
9760
3280
-8803
-379
7200
-6943
9894
710
4915
-9671
3024
2603
-916
4544
1642
-9244
-6559
-5926
-5333
2609
8585
2985
-8774
9201
1103
6234
-1250
-9216
4074
-1112
7719
-1610
3144
4632
5423
8987
3168
3965
8447
442
-3397
7376
-3223
8914
-8590
4733
-7708
3945
994
5379
536
-6563
5560
-290
-5546
-9176
-7830
6014
-7744
-3403
8833
-5794
-4975
-2951
-7110
1033
-432
6682
-6893
5563
8220
5480
9665
-578
3598
5161
5676
-9249
769
-3953
-6617
2424
7001
-827
7627
-2433
-2545
-4941
-6441
-2348
-7841
-8726
2910
9426
-6700
-4560
9146
-2305
2171
-5835
-1711
3077
-121
4673
7793
-9852
7198
-8494
-4869
8237
3617
3059
1337
2864
-4975
-4159
-3255
-670
-582
4883
-129
3501
-8855
4167
2308
9412
3848
5862
8563
-6416
7873
2500
5277
-3908
1152
3677
7262
-8854
4423
-7184
-1521
-7950
-9192
7908
897
-2935
-7092
-1814
-6520
3148
-8000
9876
-2535
-567
614
-5047
436
-4299
8556
-1243
5534
283
5429
4991
6106
9313
-4117
8682
4581
-1909
-9890
-4110
8461
9806
-5734
-3378
1539
361
927
6506
7992
-7035
-5860
-7497
-4745
6341
-5582
-123
-1759
-881
8563
1502
-9063
-1064
-7088
-9086
-3131
3977
-5895
-9173
-4430
4560
-745
8607
7348
5707
-7435
-4626
9585
1366
1713
-9638
6930
3477
-7482
-6620
4062
-2849
7590
2419
-9080
6656
5113
8591
137
2669
6320
-2954
-9280
-3009
2907
6286
-8448
378
-8883
323
1900
-1303
-1926
-9422
1450
880
7047
-872
-8257
-7238
-6913
-477
-6067
-779
-2028
789
3744
1374
3190
1877
4150
9299
-3663
-6083
9542
4083
-9387
8923
-2705
7717
7313
8614
6547
721
-8781
5062
-802
6145
8276
-2348
9505
1722
3592
-6409
5846
-6364
2184
4637
9839
-6809
-5777
4484
6631
4479
-2535
-3819
-809
9095
8764
9724
980
219
-8222
6811
-9786
-1405
5487
-3978
-1556
7957
2208
-3896
-9661
819
-5796
8026
-7670
-6481
3010
-2438
-179
7896
2501
5256
8360
3853
9147
-9812
1346
-2410
-7899
-7038
-2157
8251
7130
-7424
-7096
-5033
8301
9634
-6217
-2121
6692
-1607
526
-1377
9158
1238
-570
-365
-3242
5887
226
-4630
-899
-7038
5938
-5532
1078
8967
8714
3789
1304
3227
4432
-3250
3057
9103
-919
7778
7924
9614
-2031
509
5640
4661
7698
-2300
-5453
8889
-8244
4985
7026
7894
-5775
-8799
4992
-2633
4479
7146
-8136
-2365
6785
-340
916
-3184
3482
3140
2187
-3929
-851
-8541
-1875
-5957
-2983
-7356
-5252
-6062
-3334
-739
4480
-9984
4103
-2057
555
2561
2955
7849
-7190
1980
-9303
-4400
6405
7995
-2729
-3180
1723
-7144
2942
-8727
9034
-5786
2795
6546
-5615
560
3973
-2570
3719
4044
5342
-2906
-3755
-9658
-3182
8523
-6419
-4350
397
-3537
3394
-7054
7921
-5349
-589
-5737
6146
9860
9551
9445
-9725
-7142
2221
9006
-9660
1793
5601
-8982
-9846
7777
2958
-6110
-5853
8908
6936
2740
-7196
9782
2523
2235
7907
6612
1555
2931
2926
-2660
-1202
-2412
-3467
-9153
6303
4739
-1992
-6694
-9499
-4317
5678
-9950
-4237
8994
-1284
-7049
-5005
8725
1136
4977
6667
-2887
-2518
3733
8260
-9083
5760
1180
2217
-156
-9627
5994
9350
8964
-6570
-4029
-4286
1504
3472
-8232
1320
-2351
-6415
7466
-3525
3266
-9506
-7598
-8037
-5741
-2298
-6358
-7158
-8058
-6666
5349
-1874
-655
-6106
254
7050
4683
-1434
1849
6839
-4786
9115
-3224
8967
2474
-5767
6580
-6319
5142
-5008
-3025
7131
-2564
-6380
5489
2418
5121
-4388
-3190
5628
7193
-2908
-7766
6577
8086
3350
130
-8661
-7549
3077
-172
1714
-4996
8931
4668
6215
3288
-920
-965
1520
-9529
-299
2366
4083
4053
-2472
-5203
-1445
3168
-5163
4215
-1880
8173
8102
5426
5230
6153
-2982
-536
-2203
-9451
9672
6690
-8217
6652
-2518
9470
3939
-8664
-6923
-888
5477
3896
8502
7190
-7814
8598
3874
-5782
7537
6299
8680
508
-6248
4294
-2201
8553
7577
3324
6205
-8750
2797
-4824
-7650
8667
2231
-8661
-9359
-9900
-5975
3415
-7181
3127
-7508
-509
46
-5816
6061
2256
424
-1294
-4271
1006
14
-9422
9660
8982
-3289
2425
-8234
-616
-9604
2086
-4199
-1385
-3927
-5779
-1222
1652
3926
-3494
9443
-7730
-8214
-3455
6317
1005
-3126
704
-8803
3252
-34
-8199
-2965
-3085
4653
1645
9276
8540
-9506
4663
4127
-3652
-4037
2964
2692
9683
-6826
8960
-8625
6660
3018
1964
6156
1316
1770
-2291
-2310
-6381
7787
-1194
4715
5863
-9521
9071
5494
8328
-2117
-2471
-1799
-4764
6278
-8337
-8095
1988
2134
-6275
5209
-8700
-2898
-9031
-153
-611
9657
2084
1836
-2431
-8038
-4764
-1912
-9468
-9913
3534
-7823
-8697
-7122
-3284
6568
-5118
-7767
5382
-6019
3073
7287
9108
-9406
9236
-180
-3468
5164
-511
-676
-6656
-1314
1625
-6804
4374
3425
-7792
3157
-2498
297
-5948
3429
9485
6902
-158
-6282
-2248
7734
-3788
6020
2569
8966
5153
-6455
-4447
7188
4796
9096
-1517
-3688
-5712
-852
-116
5529
5021
338
-3070
2664
7182
2655
712
-7210
764
3400
-1895
-4689
-3963
3423
-3347
-2519
-6332
2314
-2886
5116
4006
-492
-3692
-9955
-2175
1720
-3014
1091
-3824
-726
-556
8952
-715
-61
8033
7766
5105
-4759
5266
9006
-6415
-2368
8871
-6143
-1440
5771
-8273
5091
1165
3350
2393
-4645
664
5717
-4445
4560
558
-2090
-572
9319
-8941
-4839
-657
7911
496
-1529
376
-2196
3570
-3472
-3125
-5845
-8606
9889
3576
-8515
7104
9760
-6795
2427
-4023
3654
1734
7513
-8507
-4497
-7434
-1105
5840
-9136
5397
63
2338
9418
112
-7461
270
2843
-2838
1701
-2559
-2475
-6632
-2071
-5431
796
4450
8475
-9771
9979
1738
-3963
-6027
6062
3433
-7433
-7284
8591
2037
3480
5596
3913
7294
-6074
-309
9471
4378
-2463
-8852
-9989
7301
6962
6069
-157
-7772
-4319
-6094
-2548
778
6889
927
-4197
-8900
-1494
-3919
-3482
-4727
-7201
9154
3216
6047
2170
9112
8211
-5693
-3867
7314
9317
7279
-6282
2561
3552
9821
-8233
-4411
-13
265
-7450
-348
8064
-3687
9201
5398
-2494
-7603
7965
1250
4493
-7716
-6408
6512
-5648
8361
-7790
-3770
-5918
-1923
-9670
2990
-689
2006
3225
951
-2816
1263
8582
6278
7673
-6981
-1010
2347
-8859
-3714
-1972
-8445
5867
-6382
1392
1007
8209
2186
-2789
9719
-6512
-9995
4317
-6084
8900
-5429
-6699
-5601
8705
-4137
6622
4268
3520
-1648
4380
294
-6474
3443
9806
-5612
-1031
5926
4315
7801
1068
-5306
5527
2883
-4419
9442
5529
1336
4735
3903
-1843
-3881
-8208
6111
9070
-7424
5545
-2697
3765
-7013
-9320
4351
8883
-5181
6636
-8453
5075
9797
-2111
-647
-6033
3558
-6044
-5625
-3582
-2276
-6563
3608
-1500
-3578
-7528
-1981
2315
5664
-5170
-872
-5621
2541
-3462
-8780
5340
-5717
-3782
130
-6328
2232
5524
8246
-3744
2646
-3515
-7804
6138
4580
-7653
-2642
-8616
7556
3339
5997
379
5968
6646
2748
8345
3278
-74
-1249
-5424
-8510
-1668
-8992
608
601
-4132
8662
-6350
-1737
-9117
-4249
-2957
9753
4388
6950
-1591
-5795
6211
-8881
9409
-3207
-8674
-2250
-1512
-4469
3741
-5874
-1861
1006
5407
-3132
1531
9037
353
-4444
-1682
2996
5332
-7665
-6508
-9461
-3084
6579
-413
2483
3038
-2267
-7912
-2441
-4333
4845
-3485
7412
-5755
-6981
-9670
5680
-6658
9985
1204
5097
8023
-711
-8341
-6736
8478
-2277
5926
715
5337
8198
8849
-4955
-3417
-5798
4404
-8405
1841
-7174
-4827
-5780
-7183
-1795
-9161
7658
-6957
-2820
-4960
1773
724
5044
7953
-8715
6646
-2566
-1574
81
-7785
5045
-785
-7497
9703
7177
7528
7694
-740
3120
4666
-2945
8336
-8111
-7191
4370
6840
4481
739
-6896
-4723
8228
-794
8867
9833
-1314
2245
4554
-5581
8265
-6824
3929
-3409
-3733
-8384
1879
6766
-1093
-6397
-5083
8845
3903
599
-5809
-6570
-3970
2286
5111
3890
-6975
-331
9444
6649
2069
5651
3870
7352
716
4960
-785
4741
6731
926
-9636
-9279
-2612
3517
1328
-8311
6912
7902
-6473
-2302
-9621
-4779
-5766
7137
-3980
-7736
8335
9245
-1358
9920
-3139
-7705
4029
-13
-9668
-1039
-7013
-5347
-8454
-5838
9635
-9747
-9049
-4492
4307
-979
-238
-9354
107
4781
-3597
-727
9695
5886
-4488
-7347
6565
8816
7053
-6354
-9239
-9821
-3575
5802
-9217
-8168
-9477
1793
-5385
-4557
2715
-7492
-2471
-2542
-453
9715
376
-2781
1357
-6138
-1126
598
-4499
5670
66
5558
-7815
3002
-9023
-1977
-3580
-5876
-582
-3286
274
2554
3088
-9623
4896
6200
-1493
-6021
-9538
-7726
5472
-2569
-5439
8888
4048
-7826
-6345
-5110
-9092
4685
-8628
1204
-5740
-8497
5226
-777
7572
5292
-6684
3155
-5697
-4562
-8657
8331
3938
-9158
9739
-3741
3035
1467
-1504
3071
-1495
-1979
1911
2095
1719
-4508
-7268
8056
924
8565
7983
3113
-9972
2830
-4381
954
-4279
-9031
-6461
-156
7555
-9424
911
5578
403
3778
7977
575
-2375
8103
2326
9754
4193
8707
5190
-6062
9432
-9974
6148
9885
-560
5078
-6278
898
7241
4235
-939
8581
-5946
-4546
-4082
-3607
1239
-1462
-8061
3111
-9131
-9194
-7813
-9469
2628
6585
-5816
1127
9935
-1191
-4222
-6501
-3465
3277
-1144
4572
9622
-318
5099
6002
-3744
-3905
-3617
72
-3029
-6924
2101
5252
1936
1590
8751
-5852
-6737
-6187
-9019
-3814
7528
-9220
1437
-1234
-4664
-5529
3035
6367
-1188
-8683
6655
3597
-8346
-3215
-1237
-9892
-9589
-4661
-9649
-1525
7523
1025
-654
9176
9242
7403
-3219
7749
4412
-2777
-1054
4722
930
-7255
-1033
-4705
176
-9967
1354
-7860
-172
7140
-7309
3314
8354
2486
2495
6517
-897
-4551
4597
-1638
-8743
6558
5256
4992
5223
-2879
4679
-8144
-8318
-17
-4409
-4468
9587
1249
29
1502
-8962
-2388
8304
-2623
-401
-8555
-8258
5068
-2361
-6276
-1452
9714
-1131
-9750
7583
5669
-7015
852
7195
8759
-8078
-2533
-7886
-5097
-9495
4442
-9326
6701
-1814
-532
6531
3302
2836
4977
5831
3313
-5285
8217
-2408
-6826
-2984
2623
-3858
8481
9015
8558
-4558
563
-8610
4619
-4480
969
-6556
-2678
-2736
-1672
4738
8723
1584
5611
-4222
-502
3102
3311
823
5614
-5433
8270
8329
1417
5248
5171
277
-8301
-160
5830
-5260
5447
2087
6716
-8688
3732
-7612
-8278
-9795
-4817
-9182
138
3375
3140
-4627
-4605
-3973
9855
5442
5853
7526
-8529
3812
-7179
8571
3611
-9066
-3123
151
6155
9262
6799
-4024
-5696
-4963
-6854
8865
-9563
6932
-6571
1294
9596
-1304
-6724
3435
-9375
-9275
9471
-2491
7240
-4056
1861
-3191
-3892
2137
-1925
7384
-9010
1641
-669
8753
-1717
4119
-193
-7816
-6452
-7230
-6479
3030
-5673
4028
1289
-5677
-4463
-7446
-2551
-3151
7010
-3156
1233
-8761
8703
2966
-4260
9937
3308
3552
-4843
-5014
-4342
9277
827
-5506
4133
-2683
-1452
2465
-9781
-5660
1337
6562
-8632
8924
9706
1214
-3844
-1451
-5982
-8789
-9862
-3664
2232
9605
-8538
-3043
6274
-9982
-9110
846
2268
5705
-1789
-9910
5623
-8078
1113
3214
9384
-8452
8111
1367
3416
-3040
-1466
-6653
-6990
5249
-1018
-9910
4141
-8259
-6621
-7597
7823
630
-8372
4984
-2323
-313
-1496
955
1058
-1345
-6384
9072
2749
1388
-3525
4767
8239
-4067
-6009
-4388
8496
-2270
7650
812
-9260
-4167
-8510
-115
3421
1085
-6938
1752
1653
5694
6924
-3304
-2398
-6424
-9927
6879
-8923
5052
4148
-70
-8132
3533
-3700
1730
-247
-186
-1529
-7797
-7165
3158
1180
-6613
9842
-5734
-5459
-5685
4155
3284
-2965
9205
3083
687
3952
-151
-7133
-9293
7914
-2815
8678
34
-7606
8276
2756
-5983
7913
-2173
-5371
-9983
-6662
8392
-287
-9047
-2006
1178
3391
8947
8836
9484
-6945
9576
-144
4121
-473
-3004
6035
-4401
-8
4133
-3928
1154
-5141
-7556
-2125
-6028
-7719
8511
-5013
-8214
-6052
-148
-5381
-2300
9980
-3310
-8076
-7374
-3952
8391
6404
2211
9473
4842
4576
6205
9062
-1031
-4866
-478
5498
8933
-7922
4545
9299
-817
2655
3559
-4370
-2169
3680
-3628
319
-8436
-5521
4088
-5930
3176
7825
8700
9904
-7123
-8576
4204
-9639
-4991
7611
6759
2478
5101
-7206
-9449
8082
7948
-6626
8154
3962
-7156
8415
2492
-8100
-5912
2234
5455
6673
-1665
9094
5950
5106
1487
-4135
-4064
-7979
-4087
-5507
5529
5589
-418
2058
8477
-1490
-6720
814
6689
3061
-5026
-5912
-1734
-8585
9697
-3518
809
9259
7780
8878
-5739
-8288
-9695
2352
-2439
-5500
-5721
-7641
3025
6999
-5146
4484
8108
6277
9669
3336
-9457
7132
8056
-610
983
3929
-4850
-6434
8043
-1353
-785
6571
-851
3364
5839
9330
3684
-2255
6098
3785
-8867
-8448
-7545
6139
-9829
924
-6579
-1608
8956
7159
8401
8264
-4240
2157
-696
6994
3707
-1142
-247
-2447
1473
-4077
-3311
-2132
-2440
2700
8560
9184
-2017
4444
-3554
8747
2701
-4975
366
-3347
-9301
-2168
-9894
-7830
5057
-4442
8127
-2626
6889
-7453
-1390
5565
-9397
2931
-8196
-1574
5925
2369
-5960
1401
1176
-9868
3085
-7209
3795
7381
8141
-7671
3548
-5006
-7312
-8794
2564
-5276
8344
-33
9999
8477
2834
-4640
-9872
5135
3244
-2374
-3130
-3576
-3626
-8954
-5
-2719
3600
-6470
-5052
9210
8887
578
3099
-6695
5105
-3911
6383
2547
-1397
-4743
9985
-8558
-8379
2665
9318
3590
-7030
-7468
1100
-4067
3591
7346
-8770
-3000
-4377
6597
-4903
5619
4106
2258
-8378
-8589
7838
-1117
-441
8379
-4380
5771
-2300
-7107
-5432
-4274
5603
-5134
-1726
1208
-7835
7509
9250
-3406
-1588
3578
-2891
-8440
5047
8886
-4947
-9401
3459
-8986
-6425
446
-6878
2804
110
3942
1543
9860
1124
8307
-3187
1175
-9812
9472
3132
-7478
8134
1790
7102
5507
5868
665
-7201
-1189
1690
-218
-9881
8776
6873
-6960
-304
-2846
8089
-7165
7719
6200
-3176
2780
-3394
9203
-2451
-1432
9716
-6928
-1800
-342
-8217
1440
-9487
-447
1707
818
1864
-8653
-1448
-152
4953
-7029
5320
1867
9462
4794
-3751
-3211
-6918
-3227
-901
5204
9264
-6258
2345
-7126
1765
8669
-6802
4542
-7650
-2159
-9738
-7808
-8927
-6850
-9716
5161
9886
5601
6155
-4182
-1274
-384
5929
-6571
-5425
-1853
4538
-6263
3549
9517
-1309
-915
9968
-7556
6197
579
2003
8700
6768
2622
-1185
-4795
-6202
-9922
-3678
-799
-6018
3805
9034
134
-2455
-8053
791
-5928
6669
-1975
2771
-850
-3304
-3187
-9411
-1332
-5971
2000
-9137
3302
8073
884
6710
7549
4756
5633
2241
-9381
-3095
638
-3601
-1292
-7825
707
29
-4342
-8572
8470
-1763
-7637
1363
-7723
3434
6803
-9608
-9960
-1148
-5743
8979
-3033
8022
2128
-1579
-6925
-8240
4899
2938
4607
-2902
-8700
5690
2535
-8659
-3123
2397
2048
8139
211
-1316
7756
-3912
4941
-4200
6051
-8473
-1337
6338
-9033
9478
975
3565
4264
4792
-6349
-8370
5916
7151
979
-4665
-8345
6916
878
8755
-3171
231
-5636
-1296
8465
-54
3071
1012
2821
3362
2409
-8341
-6509
-4171
8012
4729
-8026
787
-6405
683
3733
2772
5642
-4355
6498
-4140
-184
-9634
8009
5667
-1069
7151
-2806
1677
8250
6216
6863
-7383
-2882
-1949
-8922
489
-8799
5894
3221
4922
-7029
-333
8744
-143
3140
9379
-3127
2196
-5823
1201
-3046
5919
9340
-7468
4662
-4
9706
1980
4235
-756
5689
-9013
8878
1925
-5451
317
5317
-9828
1861
-7744
-183
-6637
-6702
9312
7258
2552
9149
-674
-7567
8843
4652
6135
2865
-4924
-2645
-5069
483
-1199
-3399
3349
-8079
6987
-3959
7828
7547
4866
4989
6304
-7142
812
2541
-5527
5292
-4266
-6722
-5456
-9466
-599
2615
-340
4170
3059
9098
-5748
-7912
1026
2669
4998
8537
-8464
-3881
-7487
1288
7452
-1114
8635
4765
1720
-3288
-2369
8944
956
-137
9361
-838
28
1218
3381
-8702
8280
-8596
-9874
-5394
6681
-726
-667
-3850
2220
2881
-5053
2208
-4295
-481
4875
-1418
-4724
7266
5248
-7586
-1998
3265
2608
-2261
-20
-2650
-5192
8713
-4964
-6402
-2051
1195
8513
2977
6668
-1831
9567
6846
3094
-4771
651
8630
6174
1379
-9538
-4346
7208
-9533
9248
-9129
-8111
232
-531
-5798
-131
6286
-8247
3834
7171
-2716
-9422
-6935
-5086
-9597
-8376
-343
-7525
347
5043
8428
3864
6777
-8393
1120
5466
1425
4694
-8382
4311
-6474
2482
3123
-7383
-7299
5342
4872
6106
6919
-6630
-4088
-4132
8608
-1397
-3009
-7825
7039
3137
-8465
9990
5829
1509
9347
8764
-1714
2306
-2599
-1564
719
-6428
9538
-1271
-4738
-4316
6385
-7950
6037
-1611
5786
-2907
-104
7900
-7266
6845
-9161
-6921
-9219
6959
-3019
-631
-3481
4552
5301
9518
-1050
5849
9659
-4384
-9934
-7839
5595
7345
-9042
-1367
-8981
-5473
-1147
-2234
4764
2625
-2103
-7117
890
406
5495
-1564
-8282
9684
3521
6165
241
5290
-7787
-5913
3711
-9247
-1694
2733
-9706
-2093
495
-9075
8205
-1205
258
-8613
-5917
16
-4194
-107
-7953
-5565
-8289
-3413
-2848
-2100
-9803
-4370
-3890
3087
2495
-1876
3691
7532
3952
-4182
-2015
-2632
2070
-3418
4283
5890
-2785
5123
5532
-9687
-4319
-1327
2601
987
5631
-2296
6228
-4887
-5981
-1146
6093
-2269
-5015
-8025
4252
2746
7063
-59
3242
798
-6972
-5192
2995
-5481
3597
-6138
7367
329
4716
-1994
281
-5789
-7030
-711
-9936
-815
623
8757
3637
800
2384
-67
3493
3729
1695
-8420
-6216
-3661
3193
-5601
6559
-8838
8365
2825
6200
5376
2389
6480
-8343
-4823
-6793
7750
-435
-5604
-8159
-3490
-8843
-2097
-5513
9695
7126
4854
-1617
-8660
1274
477
-2982
-4325
3175
-3990
9723
-3899
-1393
2327
-4602
-2713
-4274
-148
-2153
-3264
7604
5869
8807
5533
3620
550
-4416
911
9629
1872
3124
-6749
2213
7001
-2565
-7735
-9853
4697
-3225
5636
8437
5507
1075
-7183
4633
-944
-2165
6877
9241
9539
6301
4976
1811
4256
-1129
-6917
5572
7678
-5026
-2700
-572
-3455
-486
6839
2781
1579
-9486
6965
-9122
-6952
-2735
-7387
-9205
5272
8114
8943
7503
-1911
9594
-332
5999
-3391
-1623
9328
-2907
2599
6834
-3713
-8550
9208
-8667
8991
-8422
-6762
6644
-4872
-848
6553
-5772
-1332
8463
8364
-2946
-3683
-4633
-7458
2041
771
7890
7593
6565
1638
-9963
-1805
1780
-7707
-8919
5232
4037
-836
-8470
1362
-999
-2848
437
-4074
-9957
-1059
765
-107
-7376
-1106
-7547
4825
7507
-2606
5377
-5061
8285
8373
-9455
5081
4466
2586
-5033
7308
6905
9635
5805
7157
-7362
-1023
5121
-256
-7220
-2535
2383
3616
6757
-9151
-404
-893
-7489
-553
-8922
-3290
-8306
6282
2940
-1162
1072
-1778
5404
2831
-2335
9086
2556
-504
-4320
2027
-3737
-3979
-9109
8958
-5460
1353
-1701
7939
-3973
4061
-4426
6763
2603
-3490
6732
-3006
-3952
-3930
-3952
8137
-7372
-1307
3948
-7347
-7345
1722
9055
-8004
3677
-7503
-6779
-9177
8564
-4501
1682
-3040
4851
1825
-7456
7133
-6182
-7305
7393
7458
5822
7853
6186
-2245
9928
1088
-7939
1835
4411
5514
-9265
9176
-2296
6954
9315
9712
2350
6462
370
6184
4295
2236
5314
6163
7014
-4513
9133
-4622
9837
7367
-1944
5317
4731
-3262
-5288
-8635
-3003
-7875
3347
2795
9980
-6440
-8614
265
9996
-3211
5193
-3030
5808
2754
5527
-2829
-5640
-8386
-2954
-4797
8185
-6632
4037
6000
5811
8345
-9153
-6166
7026
361
-7046
5955
-4566
2265
-9069
2094
-8751
9088
1977
-6339
3181
1627
7764
-3808
-6059
-1334
4067
6635
-5369
7935
-4968
0
-5012
2170
7593
9762
2549
-5705
-7201
-9883
-1381
-4209
5372
7231
7751
3071
6750
5291
-6191
3809
4470
6436
9935
-6159
6667
-3460
-4378
8052
-4316
-2916
-1813
8398
-9223
7014
5066
196
5843
4977
4131
9559
-8532
-2619
-5827
-8070
-2427
1077
-7305
-8508
-1888
2131
-3358
3646
-4164
-2099
-6861
1715
8177
1975
-2833
6894
-3766
904
2081
3236
3398
350
8288
2742
7149
-4722
-5803
-571
-350
-9621
-6591
-5707
972
5363
5556
8149
-8266
-3562
-8484
-6615
-7636
4510
9016
8352
8058
-7871
7606
2871
-4056
9983
-2837
189
-9038
9425
-2797
-1684
755
5388
3916
-8359
-4040
265
-1422
3108
8631
-7760
4778
6300
-8211
5145
573
2921
4660
6397
-3114
-5769
-8057
3207
5390
-9671
1891
-3346
5639
-2533
-1588
-7936
8890
8940
-618
4934
9596
-6364
-6001
6708
3718
531
3536
-2111
213
-4872
8926
-5893
6895
3312
-1860
9426
-1360
8791
3525
5813
7515
5892
1270
-4093
7691
-6891
-8738
7522
7504
-7909
-990
9182
1779
9311
3884
-8628
2555
-2248
-9353
-4986
-7083
4045
-6629
543
-2631
4819
-1098
-5329
-1573
1857
9641
7553
6598
-7299
9430
9496
-795
-698
2274
-6649
-5361
3367
637
-5893
-5462
6860
2441
5480
-5016
4187
9387
-4226
-3437
-5866
6620
4079
-9713
-3488
-6493
-9757
2755
3453
-8947
160
-3446
9488
-1523
-3581
2769
4302
5450
-5292
-6006
-7505
-2079
1256
-3902
-7985
6439
3635
5483
8586
-7159
867
-8692
-6848
-5609
855
279
7423
963
-330
-4538
5340
-1888
9522
9765
5438
7644
-5551
3014
-9008
6233
-5163
7567
8839
8016
-6120
-1975
7379
5827
-9209
-8932
517
-7985
1632
-1081
1992
4550
7421
-8331
-3676
-1245
3429
-7203
818
3774
4985
-7601
-9244
2046
-6586
-3842
6070
-7088
1543
-3768
-7398
8122
8558
-9144
4657
4116
-6816
3092
-8389
8173
-8603
8035
3370
-6411
-1080
-9473
-643
-7480
2286
5913
1555
-3291
2356
4157
-1965
5682
-5464
2271
-2394
6030
5045
-8296
5063
7917
3210
9040
5158
-7539
-7753
-7381
1693
-9092
-3739
-3074
5432
-5900
2314
-1566
-4258
9432
9583
-6256
-7529
-7349
8502
-3354
7090
-2742
7544
9551
6783
7217
5075
-1942
-9635
-2443
-9060
4246
-9673
8915
-7325
-4469
-4679
8353
-18
-6320
-2717
-5196
-729
-6672
-4680
-1427
-4561
9968
5242
-4074
6831
9797
-3425
-5781
7665
4537
6642
-7920
3774
6739
8427
-3876
-2305
601
7671
692
-8826
-4886
-3630
-4289
824
-3494
1768
-5160
4829
6793
9444
6686
2753
4087
2825
3075
-2732
-1016
-1183
2334
-4142
-8050
-6654
-1482
4224
4366
9711
-8348
-3715
-4088
-2072
-1940
8386
-6516
4454
677
9078
9576
6034
2982
-7704
1274
-1824
-9663
-8235
6983
-6854
4357
-9589
1709
4575
2116
-6734
-7666
-8178
4951
3821
9490
224
3483
3739
4980
293
626
9842
8486
-5493
-4776
8275
5036
1847
788
7366
4606
375
-6333
1667
-531
992
607
3191
-7181
2483
7827
-604
-9755
-8521
-8407
-9020
-1181
-449
-5920
8668
133
2374
6642
6401
8066
-9787
3872
-7412
1717
-9556
2988
6321
-6565
-7217
61
-2790
3676
-1520
-4112
9713
4863
-2512
-4451
7887
-7934
7215
-7566
-3561
7698
3730
3688
-6539
8626
6967
-2595
-2666
-9459
-9202
1833
-9458
-2413
-4294
9153
-3870
7782
4567
-3431
5804
9105
3366
-292
5344
260
-9469
-6132
-81
3702
8233
6293
2786
-1316
6419
3788
7334
8742
9539
7229
7442
3349
-6672
28
-7910
2517
667
3180
-3621
4884
-6353
2804
2400
6333
4880
-3552
-3110
-3921
-4241
9559
-4960
-9194
-708
6971
7995
-7694
-8147
-7396
9751
-7691
-9235
-5601
-6700
8743
-2783
5679
5094
-3860
5930
5309
-5218
905
4307
7044
8972
5429
-7031
9715
1334
3215
-2431
9560
-5186
4499
5440
-5199
4101
-7870
-2047
-2711
9617
-4305
9451
-8528
-5459
-8908
-5146
9276
-5179
6502
-941
-5632
-8150
-1587
-3502
3738
-5928
5586
-5494
1664
-6627
-7502
-2618
2996
-4906
1762
3937
836
-7780
2176
-2386
5957
2565
-5969
-6136
-6965
-6324
-4697
2127
-1892
-5105
-2566
-4829
-6732
5798
-9667
1846
-2800
-2833
3633
2241
-3285
-663
-5762
-2430
8775
539
-3142
6116
4476
-5462
-5969
7629
-4645
-5921
-5657
-7200
8193
-6414
149
3285
-6580
55
-8981
5779
-4344
2619
-2233
-9739
-6097
3184
-9466
104
6714
386
-5815
3111
5899
-3514
-5533
122
8817
5878
7776
-1482
8480
-3118
9635
-5917
6155
7919
-9969
-9478
398
1513
2878
9304
-4318
-6312
-991
6094
-4307
-4352
-555
6731
2990
6724
8879
1922
-9502
7508
5535
631
6727
6080
-3235
7380
-4598
-619
689
7434
-3850
1811
-3696
-7706
-7397
-7637
-1410
6435
-3842
-8563
9594
-3428
-1533
-4310
-5555
5744
7126
-8170
6521
-791
-9029
3517
2293
4584
6539
-3636
-4621
4847
-2700
-1604
-8390
7604
-7383
545
-4980
3328
-1913
-5734
-1043
-1185
359
5404
6884
-3960
6248
8242
-133
2790
1616
-4018
4004
-99
-1087
8063
5540
-6230
-3904
3188
3998
8266
4641
2882
9577
-3203
2432
-1739
6010
-1569
-7734
-9082
-9892
2236
4723
-9187
8983
-9403
7527
1553
2871
-6168
-8576
-8162
1891
-8971
-709
-297
-1937
-3492
-914
7343
2954
-9382
-2542
8325
9001
-6906
2136
-173
-5206
-8050
-2951
5485
1468
13
-1553
9987
-2710
-7136
9815
-9865
1173
-2200
-818
-2022
-3639
847
4675
7406
9637
-2834
6405
-2067
-3672
-1248
-8370
-9856
-5005
-3197
2134
468
6890
3393
1590
-7728
6695
-7050
-6229
6175
-8208
-458
2128
4811
-1177
-9345
6798
725
4704
3951
5524
3517
6461
4856
1742
-9666
3504
8913
2601
-1472
4934
-8771
-9756
1813
6008
-8938
-2830
1018
9985
8854
-5904
-1559
3633
-9956
-4850
1767
392
-3608
8887
7776
5441
-4322
-4114
-4045
971
-2492
8818
4319
-6647
-4724
-9209
-9297
7638
-5986
-3606
-7093
-3846
-148
1259
7266
9146
-7007
-6679
9652
-4963
-7898
-2196
-2985
5943
-8848
-4512
1701
5261
814
-9859
-9778
-3339
471
-3227
-6605
4508
-4924
8556
5462
-4472
-9231
2835
2998
6518
-8260
-5004
6055
5622
7295
-1809
1408
-9096
-4013
-7155
558
-3559
3909
3622
6456
3097
-471
-8954
6684
-6766
-1066
-5582
8764
5201
1883
5701
-7822
2906
-8199
-4043
-5566
-881
-1416
5768
-4177
9352
-6828
-2748
-3425
745
958
5001
2088
1892
-1033
-1175
1535
1826
9406
-5567
8754
-3713
-5529
-998
-3500
-833
846
2307
6759
-5259
-1870
-3524
4912
3758
5968
7121
3642
5123
-4998
989
6176
-175
-624
-555
918
-5192
-3624
1643
7412
-1467
-167
3406
3691
9286
5849
-5518
6119
-8793
-9163
-4198
8017
8735
7954
-7761
-3794
453
8786
-7371
-8797
-8089
3040
2398
4786
-8045
-6446
292
3352
-3422
-2492
-2907
-4479
-3589
-1610
281
7562
-1156
-3141
2693
3130
9293
1432
3561
-8230
7000
3782
6826
1262
-2339
-9981
-4289
4659
-5701
6034
-2520
-9708
3004
9796
1185
9755
6111
-840
-3747
-1819
-2730
-1572
-3138
1808
8943
5002
-5674
2123
4853
8599
-9991
7773
122
5324
5290
5212
-9409
-7067
4192
5673
224
-9653
87
-1846
-4760
138
8544
-2385
4965
-3844
4658
-9562
-1150
-43
111
-4552
8846
8161
-9572
-5917
-684
-7162
9457
-3920
-9832
9346
-8234
-7071
-9567
748
-8040
-3322
217
3009
3840
-1148
1289
-8901
-678
-5117
4107
446
-1629
9746
9953
-2252
6947
161
-9898
5750
-7850
-5249
2884
3294
-2865
-466
3332
-3360
-9957
-1191
-5614
-6494
-3990
8219
9299
-1692
-5538
9579
-6962
4044
5304
8432
-6257
-5341
4
5194
8114
5373
-5176
1916
9858
-1038
-269
-50
-8349
-1145
8374
2049
2717
-3861
-5364
2709
-6606
8067
659
-1973
-4112
-6887
-8416
-3186
-8088
-3767
-6370
-4252
4990
-8884
-5305
-4012
-2892
-294
5918
-4537
-8405
6336
-459
-7320
2911
-7052
-4497
6177
6553
3934
-5584
-5169
-6025
2584
5579
-6978
-6200
-9359
-2770
4621
34
4791
1364
-8905
-2397
6230
-569
-2554
-7940
7718
-9138
8656
-8966
3465
2313
3609
8242
-5881
3129
6421
-3089
-1065
3557
6127
480
-7855
-9044
7406
-3377
4335
349
7270
1945
8505
5194
4218
-3630
-3389
-8330
-4409
-7753
3371
2093
-8542
3675
5553
9987
-9071
-4192
-2589
-7483
3114
8108
-1622
-5469
8743
-3570
3677
-4937
4663
-2572
781
-6085
-5061
7503
-1374
-9211
-9388
3265
-4462
3426
5431
-2907
9843
-9769
7821
2551
1892
-4064
-971
9242
-7921
1678
-429
-234
5365
3736
-4140
360
1976
-5177
7542
9302
-1049
1803
504
7756
-7951
1040
5529
-6507
-7329
-2139
-7640
-5227
-1352
-2640
3935
407
-6324
-8907
-9329
5315
3463
-7418
-9558
629
684
4966
-9760
574
-3445
-4404
68
-5856
-4342
-8054
4986
1652
-7658
4947
-9482
4970
2809
-9188
3043
9214
241
-1825
-8320
6942
5670
-79
7559
-5642
-4905
-2190
9761
2985
338
-9874
7480
2737
-7790
-8760
2586
-4298
9272
-3663
-502
-8536
-3010
649
2712
-6369
-1222
-7654
560
-3088
7950
-3755
4486
5869
4456
-4602
8192
6357
-5796
1757
4958
-8558
-3264
-334
668
926
6543
-6516
3844
-9812
-4336
-6989
4255
5734
-7966
-2316
4195
5493
-6380
493
-4007
-3807
4933
8069
4645
-5540
3260
-7676
-2643
6778
-549
-9072
476
5897
-3732
1100
-8417
6262
-9078
-5339
9133
-341
6614
-2644
-1466
4044
-8426
9343
8128
6153
-9184
-1007
-1065
-1134
2441
-8854
424
4963
-217
-9226
-9864
-7291
6494
-9855
6031
9446
-956
-5913
9840
-5628
1069
-1964
-3743
-1023
-5094
-797
888
-5634
7851
-8103
4510
7443
-2000
5555
7549
1613
-9485
9667
6232
-8334
990
-8885
6096
9840
-7085
-3038
4695
-35
-9447
2193
1126
-4610
-7766
-6694
-377
-9366
3477
-7096
1041
-7117
6339
780
6376
-8755
6595
4445
3861
-259
-925
-6905
8143
-4507
-1177
1548
-9505
-7639
-8557
-4879
-2373
-4585
-4000
-5467
5559
6313
3219
-861
-7605
-1450
-9402
3723
2564
1526
9867
882
-4149
-3500
7832
-2856
9935
-5210
-2465
1917
2465
5649
-1241
1286
5238
-8215
-5842
-9901
2974
-8969
-7796
1124
7721
5272
771
-821
-4064
-7145
-8626
-5851
6376
5977
8887
-6897
-4537
-8029
-8675
-8089
493
-5470
9321
2994
-2838
-615
-942
1167
-448
1688
8055
4474
1422
-9467
6415
5449
-5235
6547
9129
-1122
7448
6184
-5145
-5244
-4837
-5351
1894
5435
-826
2023
-7286
-958
3951
-5734
-2761
5294
-955
5171
184
-8499
-313
7755
9396
-6191
1555
8262
-7455
-4961
-1569
-3041
3967
1884
-5239
-5415
1866
-9636
9059
2910
1546
7296
1867
4644
6730
3643
-7504
-8785
5022
37
4637
-1782
-2578
1368
2177
477
-132
-1857
6105
7200
3726
-7071
-9162
6916
3770
-5214
469
3456
-9052
-5845
-7457
4918
-5254
9507
-5096
-8061
4258
8965
8544
-5652
-3238
-5337
1888
7155
-8737
-7805
963
6446
-779
6133
9896
3681
7669
-4248
-3571
9429
3739
-8188
-717
5078
-9277
7864
1210
-235
-8873
-1141
2921
4732
-1841
-8521
8651
3761
-3250
9365
-8928
-3125
-976
-8307
2500
-2317
8263
-9685
1827
-3228
-474
3277
-2997
540
4506
-7123
3523
6195
3225
-7118
-3179
-9825
-1314
-5809
-4313
1752
9851
1134
-1421
759
9743
-925
-1805
2801
-9681
-8692
-8002
-7948
-3983
2858
-158
4551
5161
-255
-1158
6887
-464
-8099
-4247
-4088
-1377
8001
1330
-2613
5208
451
9193
-5270
1543
-7536
1287
-5117
-6624
1673
5251
8559
-8406
3578
6094
322
-5481
-3817
-3646
8748
7776
-7074
-9004
-3857
6025
5979
-6160
1567
-9057
5173
-9824
8351
3966
5320
-3193
-790
-3342
-8189
-6355
3165
2765
-6899
9636
-5807
7601
-7665
3841
3493
-7780
4641
-1737
-454
-2103
-2739
-5523
1260
-4285
-2381
-3254
-9497
-4612
495
2311
-8798
2529
-5288
892
-1692
9638
5690
1349
2521
5593
-813
4937
2962
-6998
-3652
-317
3910
1160
9413
-5117
-9113
192
-1667
-9932
-3354
541
-6237
6358
-8376
-6110
-6559
-9948
-361
9696
-7147
-7943
-9791
2225
-6882
-6418
253
-9370
3846
5137
9761
6294
4554
4054
-766
-4306
4790
7542
1802
887
62
4661
-7349
-1999
-6147
-4225
-7804
7834
-9285
6512
8987
7315
3205
8858
-5033
382
699
-5758
7534
-4349
3885
-6403
-3284
-958
5340
8077
1366
-4391
4125
1132
-480
5012
-6009
460
5749
7035
9751
-4163
-6024
6086
-1232
-3468
7320
-5241
270
2378
-8007
1336
7836
-2716
-1225
-5774
586
6018
4974
6820
7437
307
2097
789
-3262
-4572
1502
-8562
-9616
-6986
7368
3237
-9937
-5607
7644
-7167
7393
-2658
-8051
6970
-9528
-3386
9341
7050
2690
-7501
7516
6383
7501
-3101
5491
7510
1243
-5422
3982
-4328
7716
1764
9695
1766
452
-7648
737
-5413
-8628
-3712
-2429
1583
-6018
-6592
-731
-4519
6182
-2534
-2665
8824
-4378
6682
-4338
849
-7044
-3524
3335
3913
-8635
7503
-9180
2573
9908
-6291
-2334
791
-3230
1067
-1929
1221
2161
-3033
-1972
-5348
-1018
8491
245
5045
-9202
115
-2986
-6316
1667
-4217
3877
-3529
9215
3657
-4523
4561
-1326
5434
-7691
-8720
5090
8556
-9646
7872
6457
-9519
-484
-6880
-1000
-9565
-9217
-1045
-4414
-9913
-2834
1112
-7482
4084
9487
7572
-9264
3975
-9789
-6768
-2244
-7230
9704
4624
1487
-9779
-8767
-6084
-7342
272
-723
2134
-5761
-7666
-4420
-7559
2649
-9049
9657
-1405
5461
-522
3559
-5661
-6047
-891
-2103
2585
485
5850
4798
-1078
-6460
4092
9733
-3828
-3953
-9206
-7458
-6701
3126
9257
-2570
9203
5068
-5097
5308
2632
712
-9273
3068
-3027
-2687
-6880
9789
-4244
-7999
-8787
-8631
-8113
-7338
6924
7139
8616
-3072
-2803
-6863
-8111
5982
2301
-287
8057
-2652
9991
3392
-1625
8772
-4954
-9961
-669
-3614
6102
3997
-2486
-894
4687
3600
2373
-5201
-7949
561
8653
8166
8303
560
6678
7166
5283
957
8673
-7975
-9679
8493
-273
-5270
-2833
7589
9655
-7452
-8621
1901
-3528
8680
5141
9606
7520
-351
-6745
-3630
3804
9063
-2112
6429
-1886
-7789
8950
7340
-3491
9462
5512
-838
-1871
8462
1051
-7384
-8886
4160
-6716
1495
5993
648
-9335
-9555
1884
8026
-8710
6296
1245
5493
-3275
-6534
7778
-698
-6991
6303
5116
8153
-2749
-2767
-3087
5054
2651
-4724
2655
-5705
5313
-2876
-8832
1837
986
7712
-5758
8033
1109
2082
22
-7331
-9947
9022
317
-6855
-5520
7000
7113
5330
380
8444
9742
-6258
-6234
-3367
1951
-5895
1577
8191
-8942
6260
2009
7483
2319
455
646
6145
9216
-5725
-3095
6810
1517
5753
-113
7243
809
676
-23
3121
5426
-9843
9674
-3820
6516
403
636
-7348
-2190
303
-4518
-2763
-2518
9957
-1910
-7786
-7156
8384
-6775
-8150
-6968
-1475
341
9003
9479
728
8385
8412
6863
9314
2475
-6136
-6608
-5528
-706
7927
-5410
6931
7616
8327
5983
-4540
-2633
7224
-4417
3092
-8969
-4392
2440
-5701
5454
3161
1753
-8439
-322
7673
-2271
-9865
1554
-2553
517
-8101
-3233
7352
6815
-6166
-3171
-3558
5898
-5584
4167
-4823
-2792
-6309
1376
6625
-1925
-6316
6962
-448
-2740
-6299
-1373
4123
-4446
8313
-5094
3013
-8877
-2604
1837
4455
-4850
-4872
-2579
3050
-4634
-4731
-7876
7961
-3299
5418
9760
8105
-4342
3648
6356
-8149
2048
-9847
1092
34
-1932
829
8865
-9052
-7275
4242
466
-8166
-7506
-2374
1070
4415
5772
-4326
-3655
-8795
-7330
-4998
9605
-5170
-8197
5065
7506
-5406
-508
9647
-1367
9719
8873
-4928
-6729
6699
-3127
6321
881
-4722
4571
4711
-7228
9923
2947
-3085
-5022
-5366
-9660
1659
8205
-4835
7464
-8179
-9403
-9769
-9006
5196
-7261
-6159
1349
-9056
6880
5219
-8561
-5966
2080
3497
-4827
838
4542
-2044
-4258
-8593
8475
-1685
-6109
-1673
8037
-8467
-6801
-351
-4523
7760
9290
1101
6680
-7289
3688
1395
5299
1689
1218
-4100
3409
-9549
-8682
1212
5390
9884
-7036
6035
2496
361
8226
5898
-8777
-901
5873
9326
-4276
8854
-7845
2445
-351
1334
5580
6883
1180
-8987
3212
-9569
4139
3113
2529
4746
-3105
2771
-8363
6470
9119
-4021
-9632
5348
5519
7921
2354
6115
-4806
-5427
-3375
-2489
-7839
6541
-7483
5840
1523
3396
-4399
-9224
8949
755
986
3194
-4901
-7360
8145
9440
846
981
-5994
3900
6295
-4479
-1671
-3895
-4128
8331
-6094
-6839
-6442
1398
-2547
3528
-5214
5021
-17
2177
9895
-6563
6737
8247
-1086
-9527
9314
-6625
-8027
6817
5933
5971
-3835
-5
-3630
-1522
1074
6684
-674
1205
2613
6479
2935
-296
9261
2168
-7695
-8098
5926
4160
7026
-8168
7507
8440
6887
4310
4441
-2042
736
-2157
-1283
4622
-3651
2885
-138
9368
-5939
-9866
8836
2368
-7153
5645
616
1333
-9319
6783
-3261
2890
3639
8015
8380
6146
-9970
4443
9550
2025
2763
-6444
5646
-6051
9865
4071
-9056
-1966
4068
1107
1428
-2517
-3424
364
-2556
-9896
1500
9836
-2369
-7928
8737
6145
9618
3157
2252
9579
-6235
2311
2663
-2167
1496
2761
2665
2661
-306
-3991
-3994
3578
-9843
1400
-6311
-4314
9630
-886
6270
-674
8588
5221
4260
9388
5007
-6616
866
-2498
3238
-3023
-2236
7862
-3444
-7394
-6307
-3896
-3622
2423
-2371
-3137
-3708
9144
7724
4332
-7399
-8607
-3974
-2064
3486
-8698
-7967
4629
4910
-8128
-6949
-8370
6985
-9172
6859
7875
-700
6225
8221
-2023
-3229
537
5501
-6973
-7018
2081
-9142
9171
-5419
-96
-2706
-5014
-2219
-9784
1035
3781
4409
-323
-7079
1780
-325
2523
-2172
-4094
9923
1512
6713
-1541
5579
-3898
-5179
-1898
-3815
-2411
8344
-3200
-898
-5341
-9216
-7714
7041
-4771
1096
-4660
-6951
2847
3500
-4296
3275
-7145
909
-702
3617
9158
-8731
3228
-1811
514
8099
3258
-4697
-9535
-2141
-2842
4372
-1233
-2876
6122
9064
4783
7393
6678
-6235
6345
-5507
5554
6874
5417
-1630
3892
4607
3508
-1367
3355
9134
2331
-2193
9060
884
9464
2338
-9935
-8348
-9314
-862
6111
-1037
7157
-4452
-3432
-8184
-3088
-3104
-8831
5606
-8706
1726
-6906
8631
9182
9284
-2375
6255
7847
8672
-6750
7449
-7342
-1531
5897
1356
-8145
7252
7531
-5234
-239
5593
9074
-8236
-6225
-5898
-8440
-9135
-3398
904
-3905
9869
3403
-1413
9626
-7718
-6150
-4507
-2212
-9918
5714
-6185
8141
-4854
1734
-2205
-951
8066
-1937
1595
-8916
308
1516
-3705
868
4598
-8236
126
-630
-7559
-7467
7174
-1045
9279
-9594
-1638
-4299
-6651
523
5335
7907
-5094
2813
9958
3390
1493
-4136
9629
-3732
5361
-9515
7492
-3787
7932
-2084
1584
-6962
372
619
-7566
-8119
-2128
-5806
3557
2939
8268
9377
-4071
-6588
537
-3417
6298
-3271
3638
-9574
999
-6906
9178
4276
-3463
-1360
-6084
617
37
1448
-8573
3718
-8586
-2405
758
7472
-1871
3943
829
8814
-2780
3631
3398
261
-5609
-7937
157
-6380
-6985
-748
9354
-733
-7215
1835
6458
5271
4958
-5364
-2553
-2541
5503
-2379
-6143
3531
6184
7969
9620
-2084
-5801
1565
7235
-4282
8903
5379
5994
1658
6394
-1598
-5631
-1651
-3904
-4147
-4332
5718
796
-6705
4250
4792
-9300
-9405
3591
-3733
3644
-5167
-6066
-4674
889
-2471
1300
-8874
659
7858
2198
7513
9708
-9521
7626
1278
-9686
-4689
3550
3925
-3444
3994
-2426
6197
740
-1492
-7360
1139
-4990
5887
-5251
540
-3273
9115
-2863
-1317
1332
-4054
9503
-4545
5721
4194
-3553
-7911
6464
-8145
-8412
4018
-927
-3387
8796
-8634
-5637
-9450
-1015
2704
-1516
-5160
8540
-9275
-9350
-1410
6490
-3782
-5330
4134
7103
-7072
263
-1234
5840
7010
-6313
-9837
9848
8605
2010
-384
127
-6715
7401
-6312
-7510
1378
-271
9535
6980
3360
2818
-9391
-5162
-9301
7504
-7503
981
-7090
-418
-6817
-5587
-5621
-9819
2803
848
-6785
3113
5078
-8825
7382
-766
-9043
9518
2781
7940
8911
3834
-5761
4897
4778
-3523
2641
-1458
-9064
3357
244
-1176
1704
7782
-1228
-5174
9764
-8914
8777
-9433
-915
6559
-4608
-4670
1195
-6214
7218
4625
8011
7342
8789
-1239
-891
9087
-6966
4573
-9226
1713
2215
9997
7366
-479
-6878
4564
-4380
-9073
8496
1485
3718
1108
-2016
-649
4963
6052
5415
-7520
-8318
-3208
-8082
9664
8353
1319
-1638
-5429
-307
-2866
-3433
-1990
2901
8300
1773
5488
7592
289
7416
4222
-1726
-1766
2926
6355
-2317
1044
3066
-8509
3442
-9117
5829
-9187
3986
1285
229
3811
5694
-2141
6873
8795
8871
-9322
-6719
2245
-7858
-1086
-2384
6000
-848
-2902
4047
8729
2003
-726
6233
-5772
-855
-933
4569
-1146
2370
-4359
9627
8411
-873
-274
-5943
-6055
8781
-2359
-6460
5458
-2203
8503
-2074
9173
-8499
3899
-8639
2857
-9806
-6483
-3642
-1663
-4168
-3093
-9193
6763
-2017
4006
-7267
-2998
-9246
5336
-2173
4627
3904
-8184
-1953
-806
-3189
3249
-1423
-4009
9706
2291
2243
9342
2053
-4574
6037
5862
1033
-3660
8104
-3324
276
-6383
-1453
6522
1369
6991
-288
5868
8589
4559
-5497
-259
4139
-8833
3015
-9382
-8941
2112
-8858
9242
2429
-6073
-3445
1724
7633
1578
-3506
2456
4528
5457
-3614
-59
-1887
6841
-7303
-5726
2229
1961
4190
-2414
8016
-1084
1436
-3230
-8766
-7788
-1478
3253
2360
4766
-4904
7354
6072
-2501
-4345
6103
-635
9561
-1159
7871
-1831
-5588
3409
-1439
7552
2206
-5963
6355
-3021
-327
3929
-2859
5597
4488
-9841
-7891
5526
-5234
9412
-4221
8006
7268
-1848
6175
-5318
-8598
-3144
-4900
-5030
3330
-3015
-7988
7975
-630
9410
-1243
-3017
7544
-8018
-2297
-3794
-6240
-8923
9597
5059
-8559
3313
-6593
-2948
9672
-6823
-5103
-3722
-7174
-1928
2680
-1964
3812
-5742
177
-9629
4680
2824
-5865
8813
-2804
-2108
3339
-7218
-18
-6867
-6267
-8389
9226
-5297
-3451
-9933
508
144
-4380
-4915
-1986
-977
-1421
1907
-8957
780
9327
-5013
900
8658
7626
3159
7751
3444
2961
6563
6533
-417
-6169
4321
5809
5052
-9342
-2723
-4594
-7528
-5330
-181
-3707
-5558
1052
-516
-2652
4272
6122
5990
5342
-3147
-6538
5596
-1105
-8288
1487
-7258
-6810
-2963
5857
-7919
7048
-7837
1678
-8806
-7304
-6870
-1980
5012
-2271
-3624
-7780
-4986
-1730
5832
3467
1730
-6931
-669
-2199
2065
-2870
-9006
-6360
-1940
-9548
1489
5876
1296
-4922
-6560
7238
-7177
3920
6608
-9370
-2907
565
-7144
-2190
-7404
-9697
1748
-3804
-2748
437
-3626
3643
1318
-7264
5878
3993
-8905
4820
-6915
1782
-9071
-9165
-308
3664
126
5650
3681
2114
-3065
4757
8312
-8704
3260
-1624
-9591
-6487
-4399
8392
-6946
9821
5584
-122
-7142
4876
-5958
9932
-9033
-5753
2483
8430
2492
9206
267
5585
5976
811
-732
6108
-7067
-4756
-3967
8567
6147
9427
-1300
-6161
-6481
-6778
-3790
-354
-6582
2041
-2387
-9213
5836
-809
4766
-8775
-6007
3942
-556
-3063
-4208
4376
-2414
8859
2967
-7978
-7326
9383
-5113
2680
7105
-1169
-5886
5068
-7632
-7211
-1409
-1392
3010
9142
-5521
-6344
-8959
-2732
1507
-8783
4388
-2319
6796
8367
-1685
-4885
-5580
-3805
2073
-8771
-7187
-9284
-3930
-9870
-8760
-4459
-5760
3730
7978
876
-7196
7943
-2693
5376
9293
9912
-40
-5596
-6964
-7470
6593
-4900
1118
6786
8418
3046
-5962
-2053
-2824
2867
-5099
-6960
-5952
-5874
-284
5207
-2994
8860
7043
-7984
981
-9760
-3275
-3641
9490
-1743
-6668
-3554
-428
-632
-7337
-5971
-5513
-4471
-8990
3554
8904
567
281
5537
-8031
1868
-7995
2745
110
547
