13150
-8723
4287
8208
4682
6137
7207
4818
-71
-301
-3233
-7469
-3195
-3122
7554
-9631
9190
8142
6294
-9098
-6565
-7377
-5540
-4569
-2373
-6790
-7650
-1682
3631
-7804
4777
-5245
1665
6054
7673
3627
-1260
837
6291
5770
-3502
2696
-7550
-8906
-3658
9577
6855
9225
4964
-5678
-3959
9489
-9010
2438
2908
9924
-4613
-7406
-260
-3384
-1469
7616
7503
-3184
-6664
1081
9067
-6603
-3429
1895
5726
-1580
-4461
974
2575
-1955
-1378
-843
-6398
-4842
-4986
-6841
-5538
2870
3727
-2788
-662
8791
-1985
-9984
5811
-633
4439
-9223
3178
-4443
1593
-9900
-6031
-4779
7006
1486
4628
884
-9510
-2477
-6941
6047
-6984
756
-1327
-4374
2800
5959
8407
-115
-8175
-7134
-8336
3389
-5782
5143
3963
-6754
6197
2186
-8128
1995
3348
3843
-4874
8102
8255
-1372
2473
5689
-5417
6936
7970
-7803
9534
-2177
-7636
5131
9828
-8543
-1565
6979
178
-2284
5245
-683
-9829
4355
-490
-6863
-1128
6426
-5496
-8502
2132
4602
-4192
8471
5705
-1303
-2155
-5679
-6122
-8888
-7045
-9739
6460
9249
-6509
-529
9682
605
-8293
1061
-2796
-9526
-1143
4825
4531
-1524
5891
-1729
7381
-5105
1780
6944
-8820
-7608
-7227
7671
3398
-4962
-8254
-3753
-3548
-8799
-568
-6849
4727
6788
4773
-3249
2211
4241
-6756
9757
9423
9236
-8631
9329
-1649
-701
4317
-144
-1318
-7282
-3076
-3921
1764
6865
-6350
2801
-7032
-6152
3763
318
38
9635
-2629
9784
8005
-22
569
-9432
1672
-4994
-5997
3064
8963
-2108
-5185
1161
9222
-9264
2799
5450
9059
-5486
2666
-9526
-7820
-858
6612
6329
-7598
-5756
-7095
-2422
1022
7585
-2915
-1235
-4590
4768
9238
5966
-8100
-685
3088
4121
-3724
-8678
-5750
-4800
5739
9234
547
-6701
-822
6198
-1587
-1508
-2620
5442
-692
6167
-7083
-3943
-2085
5114
-918
748
-5570
370
4697
7059
4808
7628
-8921
2069
9521
-8003
8791
-4676
-1422
1442
-5963
7618
8870
8969
123
4737
-2361
5474
-7960
-9542
1014
-4204
172
-7693
4005
-5331
2408
2419
-1331
7149
-6557
-1942
4396
9675
6177
-1551
3184
6354
-8428
372
4104
-4964
-4157
-2124
9475
-6889
-7284
-8134
-3921
8982
164
6833
3628
-828
-6141
-9112
-9593
1004
8891
-5755
-3645
9852
7238
2564
3430
31
47
-1286
2779
7385
-9040
-642
4720
2939
-4253
2577
-5949
9188
5275
-3001
-1106
-2550
-645
-940
4128
1618
7539
542
-8103
2513
4657
800
5954
-8634
5483
-7661
-7115
-2833
510
-3330
-8270
618
3388
3049
9533
1255
-9594
-4501
8938
-7117
-9352
-7631
-1557
-8071
-1147
3797
-824
7673
-2051
4180
1899
-6113
9304
-1983
-1867
-7893
-6376
1490
8210
7093
-1069
821
-7376
-9542
-2994
-6525
-8926
8507
8244
9013
88
8916
595
-57
-5459
-7998
2269
-7989
956
-2993
6349
-9393
-3539
9600
-7985
9001
213
-2953
-2157
2818
-7597
9243
5263
-1878
-3053
8760
4108
-204
-4699
838
-227
2724
8108
-5323
7865
9700
-4195
4010
-6346
7907
2452
7263
-7659
-9069
336
196
-7939
3377
-6911
-4594
7887
479
9378
-2592
1756
-1731
2056
2436
-8951
6734
-8556
-872
80
-5993
7275
5015
-5004
-7608
-8640
-1703
-5773
9313
-4225
-9691
-2095
-6137
-9847
8277
9355
6335
-5186
4075
-4448
2099
2678
4817
7299
-6324
-5492
6242
3807
-598
7229
-4721
-240
-7018
8255
-4544
-7946
-3944
-7408
-4826
2458
-481
3721
7470
1105
7558
-3097
-9623
8883
732
9637
-7566
2572
-1135
-5647
-1463
-442
4257
-5493
-7458
-4652
2022
-3768
-8330
8212
5213
2885
2856
6795
3365
8134
-5795
3649
-3733
7934
-4421
6154
-7701
6349
237
9611
-8544
3886
-4017
-1180
3842
-7276
5265
180
-4687
697
-4843
-5802
-9053
-4570
-788
-5251
-8304
6914
-5503
2591
5313
-9601
-6792
3410
-3589
-7763
562
8660
7322
-2119
-9114
-3243
8096
-8158
-5828
-6402
-1621
8354
6783
-1037
-5122
-333
-367
-9032
-3922
-7759
8713
2349
6185
4233
-5129
2075
7723
-540
-9188
604
5374
-4315
3856
8648
-3730
-4631
-2325
8854
-5519
-8699
869
-1340
-1611
-6657
-927
9145
-1947
4417
-6032
-2316
677
-1871
-4497
-1252
-7104
3147
7142
-4076
7628
-6953
8811
4522
-4394
2658
-4340
-2083
-622
-228
2226
9664
834
7763
-6977
-6115
-4680
-8721
-7042
2337
291
-7404
6075
8780
4061
-4420
2224
-2907
3709
1528
965
-6649
-7000
-5281
-6515
-7627
8965
-2251
-173
-7524
-77
-7043
-8614
-9113
9252
3406
218
-1837
7345
443
-7641
6095
-9672
243
75
-5776
3285
-8742
7263
8610
9332
-6870
8027
-3743
-6058
-7168
9426
-574
-3050
5753
3904
2408
-6121
6197
1964
-7610
-6795
-11
-8893
2241
8487
-7343
-8807
3558
-825
-6856
7708
3146
-7185
4307
3453
-8218
4773
-885
8441
-8772
1162
846
-4902
1432
-5709
2392
-1148
-5635
7444
2915
3752
3749
-1626
-808
-3509
915
-4121
-4718
7149
4267
-7373
6907
-7642
-4110
9684
-5928
-7906
-908
137
9519
1274
-8842
1056
4109
8317
-3975
6446
-6247
6019
8449
6670
3394
-3639
1028
-2904
6216
-2157
-8817
-613
2732
-5278
4471
-7253
-3660
4399
9589
-3128
-1919
9660
-3464
4829
-1830
-3817
-4822
-6581
-3548
-4849
-6806
6134
-4389
-8519
-5298
1929
-1767
-3108
-8906
-4989
5515
-4733
-8979
-2802
-7887
7242
804
2121
-5884
841
-9754
-8139
-1033
-7742
-1097
-7965
-7097
1467
-63
-7206
-4981
4684
-3271
2068
-1386
5564
8988
6044
-4741
5864
-5881
-1956
-3537
-4914
9675
9987
4792
8641
9207
-6622
9927
-9286
3597
-1785
8240
7559
426
9697
-8756
1074
-5923
-4326
8325
3727
-3762
-74
-7166
-9359
-9088
-3279
3863
9502
4511
-3772
-4825
-2540
-9036
4349
4476
-5823
-4132
-7464
-5571
5338
9604
-1778
4052
1376
-4932
8533
-3027
1470
6638
6719
1132
-1000
-5136
763
-1429
7331
-7405
-9145
9074
-9258
9036
5149
-2597
4384
-8233
6207
-8800
5914
-7541
-8817
-5448
3530
1165
-989
4373
-5940
7371
4562
6173
3107
9036
-2297
9788
-915
-8858
818
-9214
-3526
6166
5565
2592
859
-7978
-199
8063
6871
6130
2313
6327
-3883
-482
-7569
-4716
-5800
-7503
-1757
2723
-2572
6181
-1174
-4289
6205
-2405
-6630
430
3434
-6404
9608
9397
-2999
3295
-368
7545
-2621
-1672
8953
2669
7429
-3768
1345
-2214
2470
1722
618
698
-5537
8448
-3128
1111
-3782
-260
-222
9260
1541
-7476
-9993
-6303
-3822
-4420
6907
-2194
-3185
4855
-6455
2433
7936
-6208
310
-5505
-6873
4018
-7242
-8306
-9923
4823
3392
5421
758
1887
2224
-5086
-9776
7559
7786
-7384
-2535
-5114
-1381
-4137
-6748
-9900
9051
678
-4217
6351
-2511
9119
-2593
9713
3197
-8470
-8794
-3010
-2556
-5013
3545
-1199
4036
5475
145
9223
8325
8487
-2996
4630
2585
-6645
-2755
5986
-3518
-1159
-3697
-9482
-1884
7043
4848
-4257
-7565
-8381
-8434
-7881
-8678
6848
-1972
-7103
-1975
6610
-4971
-7350
-9411
150
-2671
1379
5544
8088
7634
-69
-363
6630
-6923
-1352
-1169
8673
-8699
-9032
-4727
-9084
4083
-6820
-1385
872
-9341
-9726
998
5182
-8062
9174
-5825
-8816
-2334
1918
4951
5887
133
-1764
-2032
-6421
8941
5474
-7399
-300
-2883
8141
8722
5622
-4662
-389
1803
-7166
-5110
4581
-4585
2609
1651
6066
9014
4291
-6913
2043
4186
-2094
-4295
-7592
-3138
-1894
-5417
776
-9938
4218
-9856
-384
7336
-4221
3319
2389
-443
-3900
8113
-1731
3129
5075
-3038
4915
2312
4335
441
6611
3315
6087
6221
-6450
9590
7110
2082
1904
4542
1618
1675
-1051
4091
4657
-959
4959
-4962
4978
-3122
6758
-6100
-6072
-8992
7291
5492
-8813
-9674
3179
2004
-6758
7791
-5126
3943
5583
-5678
566
3046
5164
1759
5616
2308
1526
8549
-5330
-4249
-5081
5074
2516
-701
523
8513
1688
9675
286
-5289
-1911
4335
7949
1356
-4319
7439
7700
810
-5568
469
2535
4104
-9392
-30
3670
6134
9716
7663
1543
-1655
4908
-2119
-8359
-3577
1564
4198
-4618
-5388
-6565
924
-7675
866
1529
6799
5084
1567
-6510
4636
-3485
64
-9204
-408
-1633
-9063
3442
-2116
5360
-8664
2327
2477
-9371
7412
-5671
-2052
985
-6985
-2103
9553
-1092
-2382
-6227
-103
4407
-2429
-3611
-512
-5700
6973
5291
-5482
2310
6874
-8683
-5688
4507
116
4462
-6119
-454
5838
-2362
-9907
5475
4121
2075
-2074
8946
-1075
-1678
-5864
877
30
8049
-488
-4212
1863
-8736
-9890
7417
-2434
-8376
-6527
-9924
-8917
2033
4651
8910
-8821
-9963
1896
446
1385
6899
5338
5429
7198
5785
-3670
-9345
231
9302
-9716
6542
-2941
-6918
-2190
-7427
-5575
1005
6759
7249
-4712
-3005
2477
-1879
937
7854
3137
4517
8254
-869
-9712
-7325
5006
-4376
5285
-2849
-8186
3048
-2785
5992
2787
-3605
-7269
-4251
3553
411
1661
9308
8702
-1266
6060
-6088
231
-8666
-9343
3370
-8421
-3626
6901
-975
-2682
3426
8793
-1265
568
8950
1951
3913
-2381
4806
4727
-962
-9034
-8918
-9217
-4975
-6507
-8660
9002
4866
7314
7920
4851
-9883
-1097
-8141
1625
-2809
8090
-4265
7772
4243
3027
4100
7535
-6219
4968
-5143
-3528
829
8024
1549
-1803
-6012
9467
1717
-2941
-9455
-3860
769
9899
-5188
6909
-2323
-4070
1974
8737
-5802
-6380
-2543
9501
-2315
-8246
6844
968
1669
-4988
4142
1724
6082
-6080
-6394
781
-3139
-8710
-7846
-809
-5424
-196
6241
1053
3309
9065
-9130
-9706
-6010
4709
-1292
-572
9913
7038
3873
-3648
-6665
-6279
-7040
2024
-4561
-2893
1891
-5461
7256
5908
3495
-5480
-5555
-3342
-4955
-7696
296
5856
4832
-4599
9357
1537
8966
-6857
-3873
3218
116
-9996
6224
2498
-8292
-2101
4162
-8105
1528
4472
-672
5924
-3669
-6557
6791
-3671
-7045
1100
-1237
9604
-9076
8531
2471
6332
4346
2587
6751
-8258
-4014
-7911
-4164
5531
-4069
1726
-8208
5509
-6925
-8210
7268
-5879
-1328
3985
1440
-4596
6696
2098
6072
316
-9991
6927
-1430
349
-5847
6150
4646
-8733
-887
-4736
-6606
-5569
3587
8734
-7868
-7132
1242
-6287
3010
-4503
972
-2475
-7339
5509
-8645
6223
779
-3401
-5849
-416
3473
3694
902
1999
8156
-6580
5517
-6935
-7623
5512
3652
-5257
-4254
1870
6194
-7739
-5523
9391
8444
7483
-5688
-2670
7013
4980
-1121
-9780
-1565
-5490
9929
-3070
9494
3776
2160
9423
5430
-573
-5142
6238
8225
8279
2160
1883
975
-9472
4383
1321
-705
-7593
273
7301
3773
-285
-7789
4519
885
878
7304
-4312
-3078
2965
5146
2700
-7959
8127
5442
9459
8664
3471
-9421
-5557
5291
4535
2261
-1818
-5611
1119
4184
2510
1887
-7374
-3904
-6992
-3819
6033
8089
5124
-4702
8418
2992
-304
-4511
2446
-7805
2395
-4422
4105
3438
8930
-5948
5914
-805
-1357
-5571
-3540
-3265
2871
281
-707
8955
1986
-4143
-1244
-794
-7892
-9
5961
7795
6648
-8975
-554
1956
4458
8470
-7494
338
2819
7460
-3649
-7766
5853
3289
9354
-3598
-2765
5691
-8477
-8496
830
-2195
1448
-5962
-4698
-8205
100
7165
2766
-571
1885
5573
-9900
-490
6252
7295
-8245
7525
4360
786
825
2211
-638
7942
4141
4255
11
2186
-8271
-1435
3513
4628
2475
3933
-9698
1234
34
-703
-8669
-5821
-2978
-6464
-3699
4698
-7397
5107
-2098
6767
3447
9448
-9738
8281
-5708
-5957
-8534
-2459
-9440
322
4190
-6230
-3229
1059
4277
-3346
-5851
-4900
6954
-2234
1503
-3749
-7525
5849
-6452
5767
8991
3498
9720
-4996
5833
7655
783
8414
1818
1549
3877
9234
-3611
5237
-4682
5309
8156
7969
9230
4339
-5467
-9808
8640
9831
-2545
4987
-4375
-539
157
-9922
7715
-4353
-9655
9853
-4810
7767
-236
9869
9672
-7035
-9764
3752
-6615
721
2224
8330
-2022
-6170
-3946
4080
-8450
713
-3131
-9630
8549
506
193
1073
6262
7843
-9492
-4845
8037
6889
-689
-5193
-1053
5811
6395
4433
8663
7969
-5425
5022
-1671
6112
8061
-5492
-2540
3281
9524
5007
-8230
3780
7649
8848
7392
-3160
-1603
-8833
5504
7951
-375
-50
6609
-4350
-6065
-4225
2387
163
7482
1173
4145
7312
9755
3817
4898
1948
6990
5029
-9339
-3740
9474
-1954
66
-2941
4739
-7786
524
389
1340
5194
6265
-2613
9547
-499
-5451
8197
9892
7757
-8406
3097
-9086
9123
9473
2192
-2581
-5049
-5544
-142
4461
8422
-9877
1587
-5943
-4734
4705
-5075
7041
8089
8041
7939
-1898
6260
-7526
8369
3774
622
9148
-2070
1844
-3175
-6337
-9523
-8796
280
-623
5932
8132
-7456
7762
-5486
-6957
-4449
-3855
-9289
8144
-4025
-364
8861
5375
5937
-6238
-878
7846
6081
-4482
-6375
-2574
-5199
9431
7794
-6535
161
2422
5428
-6684
-56
-8255
1547
-5010
-6130
-1308
799
8892
7884
1886
-4853
-4252
3105
-2924
3127
6517
5484
-6214
2504
-3537
-5457
5079
-6618
-7582
2714
-5855
-5337
-5665
2092
-9727
-1107
1120
1247
-4671
-4453
588
-1273
-2301
9182
-2344
-4607
-4597
-887
-1237
-9055
-3989
-6240
5186
-4730
-8549
-8736
-9321
7088
-3076
-9404
5722
-3719
-8208
-5763
370
2516
7042
-9885
5002
1141
4092
4743
5793
637
3490
-8992
6479
6132
-5721
-2152
-6286
-3288
-3202
3570
-1137
-9552
-9125
5535
8587
-8174
-7347
-7938
7202
5953
7711
-8383
-221
7823
183
-3650
-8558
-9346
-8727
9059
-4276
6377
-2126
1485
1077
-8745
2650
3656
1033
-8356
554
8334
9103
-9407
4672
7478
-4840
1435
-9788
9214
-3729
7448
-2737
-7804
5281
440
7756
2225
-2196
5989
6274
1113
-5199
-6611
2724
8499
-3680
6139
2491
5284
-1671
5639
1799
9661
2096
-4024
3539
-1646
7242
-5856
-1721
-5376
2274
-146
5305
-4401
-142
-2439
3607
846
-6986
-2598
5071
7024
-3111
-5595
6182
8817
-8359
5859
-3493
2377
3081
-5174
-5724
6442
6967
6151
-4596
-936
8681
1184
7812
5550
4436
-8874
9885
-7137
-7678
4496
1733
1395
393
-5303
-2025
7565
-9096
-1434
7575
5453
-5688
6368
1433
2461
1922
-650
-4069
-3609
-6590
-6493
-9965
6226
6627
-8118
7632
7426
5039
4199
1677
6030
-7503
1151
3168
6021
-4791
888
7820
-9885
-6370
-2392
-4682
2369
9346
4131
-1414
-3001
-65
7383
-2849
-5080
3491
7786
5223
-4069
-6666
9445
2151
-1366
8215
-2110
2562
2319
2355
-2776
-3999
-8080
6129
8433
-7083
4522
-7303
1024
-3280
-6870
-2777
-1342
8566
-1768
552
-9027
-8758
-8150
-7976
1628
-246
-1729
-1814
4640
-4942
2215
-2087
2313
-5153
3634
-529
-8584
-6312
6660
9674
-916
-1196
-4057
5380
2194
8291
3534
2511
8912
7254
-8630
4901
9742
-3022
-100
-8410
6446
-9130
-3234
9748
-6882
-4077
-8477
-9290
-1217
8648
-4819
-9470
-3329
-7947
2306
-3246
8526
-1900
-4957
974
2662
-8242
-322
9118
9521
1096
-637
-199
-5725
-7337
7377
3013
5532
-2998
-3952
7958
6532
1669
-5485
9030
2860
-6759
-5184
-2901
8843
4544
-2174
2484
5245
4422
3478
-6889
8623
-4844
9862
6643
9777
9591
-3289
2414
5335
7541
6876
-2638
2436
2474
-1201
-2283
-584
2975
247
5100
-5633
-1609
9732
5370
-7587
-4584
7416
-7316
3488
-6052
9306
1358
-3468
5437
-9818
-8502
9674
-8937
7896
-8269
-5197
219
-1074
1199
3788
-2928
-2382
-3233
3528
-7024
574
311
5074
6400
2224
-8220
-862
2745
2368
5837
7709
-6283
9520
6927
3229
-4214
7179
514
-733
-2098
4555
-929
-8110
1333
-6200
-6432
-5063
-7803
8038
-540
5332
-8047
-6130
3567
5378
-8012
3362
5800
-9960
136
9986
-8694
-752
-6421
-3971
-1212
-6331
-4218
4052
-5729
4704
2430
2596
5991
-9430
6973
-9753
4482
1628
-6148
-1175
-161
-9720
3417
127
5537
-2557
6583
-1638
-6980
412
5199
-5072
5511
-5950
-3899
-9433
-1678
-1716
-9570
-1926
-1393
-5979
-5853
3932
8102
-2641
7435
1121
-6111
9079
3650
-6439
-6320
4667
-8029
7890
1749
-2165
-7334
4711
-5525
-3143
-4922
-9388
-3592
-2396
-8477
3857
-6076
-1367
5674
8760
2594
-5824
8898
3617
-6095
-9621
2838
-9494
-8870
4355
6129
6698
3204
-8607
-9645
6531
-688
5809
-9823
2505
6038
-8231
-8544
3380
-698
-8237
461
4957
-6449
-4750
-5046
-5133
-7629
7874
1111
9568
-6136
-503
-9782
-9810
-2938
468
5304
1207
-806
5178
-6744
-8756
5013
-3916
-2920
-7771
5936
-7721
8854
-6659
-8785
-1299
3164
-3463
-8356
-3438
-3984
-7323
2360
1930
5496
502
4789
-2053
2859
3901
7883
-2009
4702
-2828
-3276
1322
415
8331
9259
6121
-7085
2977
-6262
7748
-3923
-4094
-1474
-6909
6856
-5379
-5033
3942
-9149
-7620
9565
-8508
6278
-6947
6767
-4238
-6653
-7904
-5706
-7496
-6224
1443
-3649
186
6189
7349
6257
-1160
8202
-3472
-866
-9317
9735
-3487
8476
-6296
-6546
9734
-9139
-1572
3596
-9501
-2420
-1784
-3433
6601
-6895
8222
-9753
2658
-1598
9047
1073
2656
-6238
5801
-1966
-1470
-4862
4343
-7177
3098
-5822
-9951
5100
-1233
-3223
7832
1886
182
-9755
-9683
-3999
-3254
5741
3960
9506
565
-1607
-467
-3167
-757
-3527
-7209
-7215
-2573
6495
-6985
4815
3724
6621
-6563
-7821
476
-3896
4279
8640
7733
-5742
7664
-7239
2810
-9507
8754
-5107
-9199
1043
1504
-835
-6909
94
-7648
964
-5572
2092
9670
-9520
7984
2399
415
-8822
-7489
4334
-6165
1175
5004
5657
-9531
1954
1535
-9767
8078
3874
-2868
9782
-2448
-158
3522
9474
-6352
6302
71
-1049
-5077
8622
7193
-924
-7606
1935
2316
-1081
4065
-5986
-8043
-7775
-2486
521
7641
-6370
7577
3159
-1798
-2108
-9456
4811
-6668
-5303
5719
6840
3514
-1105
-9594
-9461
-3792
6146
8545
4568
-459
2918
9745
5613
4208
-4421
-694
5445
6334
5196
-696
8716
1897
1653
-4019
-1636
9483
3984
-7049
-9401
-1607
-6060
-3711
-5103
-1052
-97
-3417
-3685
8388
-6617
8650
7789
-9313
4743
-474
375
-914
6770
36
7613
-4933
8679
3922
4003
-473
-7083
-3549
8157
1357
-1805
-3350
9042
-455
-3386
-7236
5262
-648
-9379
-9024
-5969
6234
-740
9139
-2427
8135
-3314
-3540
-1692
-4733
-2647
1125
-7015
5369
218
5230
7720
-7246
-3016
3074
5136
7166
-879
-5788
1350
1030
-5100
-2821
8962
-9684
3533
-6458
3661
-4829
7642
1443
-8767
-8313
-2052
9576
6019
1418
5633
-3464
1149
1970
-9357
-4717
53
-9375
-8563
4701
5759
6202
334
-2226
794
9706
2868
-2057
2188
6538
1169
-3620
-7811
-536
-9509
4116
-2037
1941
7912
-5348
-2682
8612
-4450
1872
3380
-2928
-3410
5810
-1037
-9527
-9129
-3078
9728
-5261
5665
-4417
-4120
7272
6479
-6932
-9239
-7628
-3993
-280
4945
8020
-9934
5935
8937
3288
3317
-2092
5280
-6054
-8732
1360
-9829
150
-5183
-208
-3324
-9253
-9359
-4719
1576
7540
-9286
-1566
9448
-2211
-6457
6326
9980
1807
2805
-4169
-1193
-9626
-9863
2099
-6553
-8962
3303
-858
-1234
-1328
6078
1322
714
-2298
-2371
-6104
8975
-5571
-6914
2941
3367
-4587
970
-5041
-9287
-703
3014
1118
708
4844
3143
-9127
553
-8336
1537
8807
-6728
-978
-4999
-6616
-9125
3402
-8406
4713
148
9085
5332
2944
2315
5266
6105
4661
8085
-893
2495
5266
6986
4482
-6718
-971
-1758
1562
7382
711
7359
1105
9467
9218
-5542
5416
-6121
5457
-5114
-9869
7010
-6633
8576
6546
546
-898
2666
-4469
7048
-176
-3842
-5104
3549
5549
7241
-6817
793
-5028
-9919
2985
-8300
-498
-8451
-5231
1193
-2059
9743
3451
-9701
804
-1939
2572
963
6990
-8037
-7557
1420
6713
1968
3581
2092
-1299
-5008
-8781
-7337
-6491
-4562
-3195
7412
9566
103
7998
-1775
1057
-7307
-6942
-5291
-7343
-8846
1092
-3387
5550
-8567
2501
3749
-5793
-3232
-8814
-1985
4327
2408
-1676
5938
-2694
-276
5421
8195
7344
-9355
6003
8846
9577
-2201
9590
-6804
3209
-6790
9066
7195
5324
5389
466
7919
4832
3675
5044
-5044
-1769
-3881
8688
-8588
9521
-4464
-8722
-3328
26
3646
6151
-3190
-2945
-3434
8462
717
4645
-9410
-766
-4035
-2760
-3567
1833
4106
-2221
-1215
-2646
2121
-2095
-9480
-2838
-919
-2137
6875
-7917
4885
6360
3731
4786
-1085
7960
-9258
-595
22
-1867
7715
8869
8538
7177
-5371
-5044
-2804
6516
-2361
735
-4844
2443
1421
-8852
-6744
-6428
7999
-8347
4608
-9964
-6444
-6665
-5012
-3563
-8165
1338
3617
6721
8106
957
9442
1871
-3035
-9124
2888
-5405
1607
1579
3700
-1887
2349
-5370
-2280
9475
6676
-6394
2675
-7191
-3882
1521
-9336
4520
4629
-1256
-3567
2808
-5887
-5026
-1955
8526
-9463
614
5296
7928
6293
6751
9689
-1703
-7027
1779
5404
-1677
3778
366
-4007
5129
1634
-2249
-1069
-910
1666
-8947
41
2790
-7995
4114
-1813
2203
-7579
7534
-4405
4082
-9495
6247
6449
-7032
5984
7705
-1735
-2846
-6473
-1848
7048
2719
1558
-2698
-2999
-4550
-2231
7778
-6056
-6372
2496
-4562
-2549
3132
1207
7179
-439
-316
4783
-1183
1361
-9172
3925
3727
-9763
5124
930
7415
-9155
-1221
9743
-5853
1054
4055
1721
5880
3653
-5815
-3176
-5651
-6065
1069
-9459
4375
-4225
5196
-1414
6808
1387
7569
-9707
6498
-1588
3329
-8622
-7104
-2864
-2438
8123
-8462
-1772
9598
-7807
2376
3812
-3290
276
414
-6233
2171
-6168
-8110
3704
-5880
-4632
247
85
-6892
409
-942
-4277
-7668
-9388
-455
-8837
2444
-8545
-3172
2719
7208
3981
7312
6339
-575
-4227
-3285
-8906
4139
-8193
9273
5004
-6098
-7111
-1518
7868
9185
-3070
-6782
5410
-6880
9612
9787
5310
7294
6421
-5336
757
-5096
-8631
-9662
-7246
8364
8133
-1018
-921
-4609
3116
-7437
-3046
1960
6547
309
2131
-3310
-5561
8633
-1910
6885
884
-4905
-2136
4124
2008
7293
926
8540
8098
6425
-5338
1350
5774
-1231
4010
-6453
1514
-2541
4519
-2638
2756
-8311
-3839
5059
-4624
-1365
-2159
-7428
1327
-2650
-3216
8318
-7247
8294
-866
-2366
9558
-6906
-7003
3902
-2364
-9236
-8589
-7356
-1148
-3180
3241
3610
7662
6425
-7462
9347
-8264
-2210
-3696
1306
8416
2683
8572
5259
2186
-2270
4299
-4615
-2063
-4069
4260
4851
7889
5983
-881
-6423
9333
-5120
-8702
-4910
6724
3373
-4541
-9297
1352
3009
5247
568
-721
-5922
-4852
-1933
-5246
4300
3542
-4181
-7652
-1702
9950
5872
8544
3752
-5919
-8811
9458
5885
-247
-3675
-8268
-4451
8081
-5508
127
569
-7991
-6982
-6692
664
-9086
-5847
-8119
-1063
8834
-9143
-3513
-4493
-9775
-6760
706
9729
5975
-7794
-4470
2133
-648
4115
6830
4898
-4263
2630
665
3848
-9200
8940
8697
1934
4232
-913
-2054
-8402
-9777
-6189
-5568
2008
1284
8705
4246
9767
5562
-6725
-3409
-5043
1866
1410
6483
-5095
-4248
-534
3699
-9420
9248
8088
-7825
5278
-9366
-5780
5670
1886
-4217
1809
-7141
-9148
-3440
1287
-5295
-4511
-1693
8268
-1375
-124
-2122
8276
5648
-9921
-5860
7287
3136
7802
5894
3973
8814
5537
2329
6937
-7938
-6581
9403
-9882
-4420
-8461
9684
-2814
-4368
-6747
4250
9000
-4276
4812
-3984
1945
422
2451
-3178
-262
-5398
-1704
3930
591
-6439
-4845
8251
6365
-8066
2571
-5092
-509
-4491
8924
-1168
-4569
1416
-1700
-442
-5155
3651
-7835
9866
-1826
6835
5819
8194
-7880
-1404
9552
-3913
-8242
-9667
5635
-4115
1973
-9588
-1569
6927
9159
-6564
9675
5288
8318
2083
-4885
338
-2870
1898
-4050
1461
5037
-7013
8509
-8167
4026
-8455
-9411
-7957
-7590
5567
-3300
-653
6512
7332
5298
9233
-7549
8454
-3434
-6458
-154
-4615
-3008
-577
4510
4336
-8653
-3640
4292
3513
-3586
9524
-6932
6268
-9000
4484
6917
4808
2253
9844
-6274
-6239
731
-2076
-4115
7603
3377
2832
7657
-884
-3536
4285
-5657
-8828
7788
-6223
-4601
7220
9120
9294
7581
-2602
3379
-960
1767
5940
6097
317
2560
5719
7489
-9760
-6049
-1431
-7127
1792
-5383
-601
1949
-3218
-2921
-4265
9344
-7600
5047
3866
-9737
-8076
-9070
-5942
-7275
-5220
-1284
9908
-230
131
3163
835
5126
-7831
-9907
8505
9354
6209
-9383
7474
-826
8494
9757
8266
-4647
8990
-5041
-6858
-2826
-6822
5987
-295
-7414
2617
-9397
-5738
2699
7810
6495
-2081
7744
-2942
6099
-9591
719
6188
-5123
-2166
-9914
-1985
-6229
1202
-4873
-6062
-4865
8943
-9674
2539
-4743
-7347
-6027
6201
-4463
-9758
-7481
-3498
1355
4023
5244
-7498
-7106
7856
-5525
-6562
2654
2640
-5782
-7994
-2860
5583
-8570
-9522
1189
8618
5476
-2773
3625
8308
-5638
5152
8398
-2931
4307
118
-8007
3222
-1334
8323
4843
-7911
3219
-4423
-8251
842
6425
-4480
5960
9155
-7990
1446
8513
5540
-741
778
-3956
9106
-3648
-7688
-3929
-8654
-4631
5102
-19
7233
-9772
-3746
-4770
6425
-6284
9098
4038
4547
-8263
-2745
9016
-4125
-7624
6851
-7573
-2448
4934
988
4678
9738
1688
8975
2083
3469
2237
3566
-5580
2979
-6640
2469
-8518
-5518
9075
-2902
-3652
-6625
-5951
4463
-6337
7159
1495
-380
3762
-1202
2388
-1911
3586
-8196
-631
-4614
7910
4991
5566
818
5897
-1208
-2146
-7143
3843
-1277
-3696
-9623
-3022
9915
7505
4067
6547
-8534
-307
8682
-2263
-8796
-863
-7253
4351
-6277
358
-2305
-3640
-6413
5566
7799
8682
9053
-434
4146
-3278
1472
7644
-7122
-4588
-8149
-3459
-6401
-1374
-2534
-327
-7191
-8912
6084
-4755
6597
4489
6782
2317
-8358
925
-9279
-956
927
1745
-5567
8873
-9902
7645
-890
7951
7467
-4879
8560
-1976
4099
-8835
8671
-5279
4226
5331
1892
-7741
-7760
5108
-5037
8513
-4171
-7440
768
9031
-3209
2969
6828
-1248
1946
-6713
3523
-6977
-5334
5224
-1865
-4132
-1416
1474
5504
7427
2058
5606
7377
2791
3496
3447
-8935
3060
-5535
-6932
6625
-3019
3068
-5933
3964
-8282
8788
8017
-5700
-7919
8258
-5431
-887
899
6051
-4869
7253
6545
-5402
3441
6844
3822
-4582
9262
-2432
-4069
9729
-7427
-3673
-6210
-1243
3633
-3676
1709
-111
-1715
3038
9998
391
8237
-3855
-2810
-5100
-3403
-3432
3884
-1424
8046
6692
4106
4573
7054
-9000
-6647
5122
-6459
3242
9532
474
8564
4178
-6539
2657
-4198
368
1839
3594
-7023
9138
-5018
9464
6335
961
-5303
-2122
445
5023
8555
4663
-1317
3243
-4500
-6582
-3240
8566
2894
1212
2636
5643
5594
-3940
7723
6524
1904
7117
7631
-1679
9931
-1555
9397
-677
-9016
-7855
-4599
8272
-3967
3438
4981
-2260
3387
6494
2541
1766
-7806
-201
-2813
3206
183
6376
7229
-9665
4157
-6979
115
-6940
-5176
-9712
-7505
-6995
-2901
463
1495
2037
-3742
-8236
-3691
-5715
2373
-2942
-3588
8053
3672
4459
-6800
9376
5315
-1362
-1424
5940
-9797
6211
1876
-8607
1481
-7780
6041
-6925
4085
-8731
4947
-5535
8343
-418
4791
-2388
-3731
-1702
2828
-9040
-4445
-6070
-1928
2826
-413
6797
8853
-8678
-2275
8750
4652
-3704
8574
-5879
8987
8076
-2183
-735
8190
-594
6108
5643
-987
-2304
9723
-9284
2198
9573
8482
-1476
-559
-1863
640
15
-5719
3314
9192
-5377
-6607
8258
-9495
-9581
-9951
9364
2980
3307
-489
-8573
554
3867
7754
-8711
-8410
-9259
4501
-405
-9040
-7879
-9384
6833
-3068
2131
5826
-9475
4781
5155
8771
1613
4826
9875
3348
6517
6460
8237
3778
4712
-9784
-1371
-5962
7677
-2286
-655
3369
-723
4152
6439
-1402
-8331
-7395
3710
8851
-2279
-4144
-6397
-103
1145
-7741
-7046
5854
5199
-8482
-6706
7979
8475
777
3938
-8185
-5082
8627
6956
-8048
-2685
1747
-5314
6601
-6917
-6890
-6446
9188
-1995
-1966
623
-1689
-1711
3250
4213
-3743
-5124
4987
5393
9066
-5425
3218
-8811
-1558
120
7987
4883
3764
-5479
-9540
-8338
-373
-1751
7224
-5073
1652
-8157
7853
-7768
6125
7083
9907
-4226
-4548
-7802
-7524
7470
-8141
8135
4749
8307
7154
4708
-9443
-7115
9260
-6039
-5260
-4433
-8950
3935
4041
5304
3074
7226
-9754
2617
-367
4298
-4878
-7948
-4953
3195
-8118
-6238
5819
-6936
3018
-5555
5081
2458
4007
-3035
2807
-6973
-9993
-9949
-8300
-9341
-5608
-7472
-2657
-3205
8759
-6914
1046
-3641
-7544
6481
-7821
132
-8789
9580
7038
5425
-2172
-2844
6888
-9843
8848
8853
-4706
-9011
-1483
-5471
1997
-9678
7616
5253
-4492
9171
5123
3213
7896
-1615
-6678
4101
-674
-6295
-8032
-2083
5090
-6218
546
-872
422
384
-3731
-3647
6933
2563
-59
-4765
6098
4975
-2036
-553
-7053
-4521
824
-669
-3413
3944
5004
-2298
-8038
6058
7760
-7468
-2607
-7214
-4218
5279
601
8802
1513
-461
7600
4301
-3411
-8091
5697
-4661
6066
8558
-2691
8809
7981
-2287
4601
-6756
6267
3890
3773
-5311
2918
7221
6412
1627
-1486
-9512
-6090
602
-4130
-6108
6450
-6503
3828
-3413
5552
3366
7376
9702
-1502
-4086
4086
27
-9485
428
-1205
-2400
7892
-8069
5730
2058
-7934
9959
-2860
1018
-1758
1779
3473
-4458
2805
953
-554
9348
1634
-4706
5196
-4721
-4115
2150
-4843
7278
-2619
-7803
-4075
-8093
2642
-5325
3720
-2324
8918
-7365
-6839
-9824
-4241
-6816
-9504
5246
-3885
-1455
-6726
4033
2289
6220
-5013
-5257
9851
-3727
4277
2298
-2816
7180
-8631
2682
-1055
-2425
2319
5931
209
-3629
7356
395
3697
8794
-7415
1693
2134
4893
-3638
2456
632
-5214
933
8481
-2223
4340
-938
6636
-3739
5531
-4787
287
1950
-8555
241
4163
4737
-7368
-861
-9388
9669
-2047
4620
-6634
5230
-8752
4738
8286
-7791
-7201
735
-3364
-3797
6514
-8086
-6439
3934
9693
4961
366
-597
2687
-1077
-7995
6471
-8598
-6598
1467
6393
8173
3496
-7515
1390
-7420
8426
5064
7188
-7622
3764
359
-1184
-7630
-3742
-4905
6419
8972
8197
-4927
8571
8931
3282
9665
7975
-3188
3506
-7840
-5413
8011
-8045
9142
-9302
5837
-9338
-200
8526
5690
-5642
2139
9719
-531
9561
-9578
3887
-2327
-8244
8441
1935
-2417
-5606
8998
102
112
-8456
-4618
-7784
4520
-2625
3541
3618
-2830
4600
1718
2504
-8173
7911
-3729
242
778
3759
3933
-5725
4043
8002
-4822
6408
-2523
-7491
9607
-536
5814
-1741
-2248
-1221
2956
1201
-2904
-3003
-3640
6874
-4646
-102
1138
-8290
-6191
-2046
8040
-6124
901
-9191
2132
-916
-7739
2548
5644
-2930
7123
-3053
-8158
9617
-7342
-2709
-5774
5907
-7722
-9619
-4288
-8419
-3920
-2872
-466
3748
-3401
6640
7632
-8653
8795
3236
-4851
8064
2226
8321
8572
5380
-2195
5367
5727
-68
8328
5119
-5758
109
-6220
-6416
4398
-2209
-7116
-426
-4629
-7556
9137
3973
-7171
1955
-6371
4372
-7232
4155
-9347
9797
-2952
5108
-3910
6619
8982
241
-6407
4292
7420
-6603
-5274
-1591
-5101
-3972
-7938
-799
1143
-827
4000
-323
-1645
-3283
-4578
9637
-6538
-1962
2086
9174
-9722
-1541
-1052
9214
2899
1961
-1978
731
-1453
-5714
3254
9743
-2514
9415
-6977
-2478
-9430
5084
-7129
1692
-9041
-3664
-7894
-2423
4815
-5566
-2995
-4247
-539
8851
-3182
7497
6976
4593
9955
-2350
3153
9786
4084
6532
-5210
-4659
-8140
-903
-6424
9575
-8764
-3386
-2865
6252
2637
650
-6598
9614
-4393
4407
6797
1654
8098
-6008
7270
9885
7783
-4872
9968
7020
-3840
943
-6405
9698
-1357
2538
3517
4367
3014
9731
-8028
2156
-1047
-2805
-247
6711
3853
-2261
740
-276
7035
-5605
6783
637
4977
-1766
-617
-4974
-6660
-9139
-8322
2826
-2051
5161
-3799
6788
6034
126
-9023
-44
8318
-7748
-9349
-9286
-1845
8990
5689
-503
9134
4968
-4536
-800
985
5212
-5922
-4315
3964
-1351
-2194
5578
-7282
3786
-3178
-6114
5825
-762
-1544
-6867
3661
4369
3432
-7939
7985
-9923
-3816
-3826
1345
6366
3335
-9181
-6514
125
-6321
5406
-6221
-633
673
9454
3380
-4373
-6515
4151
-7725
-3449
2228
3954
-8680
5756
1023
4638
-8068
9257
8514
8799
996
2050
6416
8233
2703
-874
791
9078
5018
848
1125
2802
2351
-8329
939
9475
7712
-9641
8670
2167
-6438
-6081
-3787
-3840
3870
8042
619
-930
4619
-7357
-2145
-4221
9823
-6613
3709
-2277
9385
5455
-1351
4652
-3870
9205
-8710
4595
-9184
-980
-342
-3667
-1563
7245
-1787
-1822
9358
-8503
3221
-5031
7599
4329
2604
-1490
-1498
-4166
9876
3450
-8425
5735
4639
-1865
-2272
-579
-5676
5812
8755
-3805
6448
-5422
3606
2830
-5089
-355
-4988
9954
6236
5502
2639
8166
4966
8169
8482
2730
-5812
7743
1415
-3942
-5330
10000
-7340
6751
9860
-2960
-1624
1807
1912
-6682
-9030
7166
-1267
9376
4023
-2485
1027
5584
727
-3408
5331
3130
1956
1792
-1237
1211
-6106
-3973
-4340
2217
-2179
1136
2839
-5234
-6090
-9926
-6702
-8415
-8511
-7935
6364
3135
5138
3987
-4969
4255
-8037
-975
-6740
4134
9590
5352
-9954
-8922
-3862
2755
8605
-7644
9794
1894
1755
352
4633
2726
-9040
723
-4051
-6417
7592
-787
-765
-4847
-5529
-8002
-1932
-8360
-6640
-215
-6114
-8234
-1713
288
-3476
6585
-3279
145
-896
-5748
9833
-8792
-8853
-6949
7895
-9281
5528
4680
-656
-4131
-7297
7650
-9869
4599
7682
-607
-190
-3141
1453
8572
-1301
9497
-6257
-5989
-1628
3713
4144
8117
450
514
-2315
-7117
-4394
-617
-2330
5423
7404
-4836
1086
4588
-494
-5684
3538
6936
-694
-6760
996
5468
321
1801
5026
-2420
-5682
-6428
-2774
8657
-7170
4598
8027
-2418
7744
-6899
5171
-9384
-463
-3459
-3225
9426
-3199
696
-3390
-9667
-4098
7153
-3465
-5545
-5160
-579
-5488
-3879
-3247
-4839
1673
-9515
-1105
2230
-2764
-3954
-5812
-8751
-3354
-5113
-7353
9236
-315
1514
5587
-7860
-1577
-9766
-5358
2055
1360
-5982
4544
-9185
6875
-730
3022
792
2361
409
-8760
-8688
4167
-6564
-5106
4062
1442
-9615
-6926
-9011
-5741
-625
-9986
-79
4177
-264
-3383
-5907
9673
-3889
8774
3751
-5031
-1223
-6943
-6491
3273
5028
-4006
1247
6520
-1011
17
1535
1475
-2248
-5426
-5212
1331
-1263
3631
-8887
-4393
3178
3289
-4707
7289
-4180
-3755
6239
-5379
1695
-3645
-88
-4397
-8327
7256
-9657
-7633
5126
-6936
5841
-1550
-314
-6839
-2022
3545
2751
-2174
8902
238
4014
-6212
-7249
6570
8935
4942
-3568
-3162
-8474
837
8686
8385
-2953
9264
6255
4386
-446
-2768
-1100
-1571
7357
7024
1619
4296
5872
-4899
4349
5988
390
4270
-1265
-1
-5673
6552
8720
3334
3345
2037
-4347
5394
-3733
-3373
5099
6739
-248
-6261
-8914
5992
3973
6353
923
7486
272
2524
5378
-598
-552
-6168
-7122
6028
7831
-7778
-2538
3970
-3498
2937
2351
787
5228
-6445
3214
-8638
-3365
4100
6097
4821
4643
-540
-8338
-473
7343
2898
-2960
5410
3057
5613
-4785
-6802
-798
-2734
1588
2026
-2951
-2174
816
-348
539
568
2139
283
-514
-455
-757
9974
-2517
-7270
-4219
8128
1282
3071
8914
9568
-420
3274
-3571
8030
6930
-1309
-5334
-7050
-6685
4252
5594
-6167
6952
-3550
6358
3980
-670
7576
-7037
8507
-9634
6967
-5968
8647
-8093
8226
7944
-3995
-9965
6788
260
-4491
-9886
8512
5439
9805
-7498
8432
-5480
5304
-6259
-2324
1226
9435
-24
-7897
-164
-875
-3995
3811
7886
4783
-2092
-3610
6824
613
-4468
2958
6027
-7499
-4375
1266
9749
491
-69
4217
2363
422
-6872
-9807
3436
-3167
-5872
-8699
-5450
1313
-2799
-7058
5596
-1900
8545
-8145
8337
-8084
3888
-4191
7109
-712
-9309
-9324
-2826
2922
-6245
3752
-846
-3557
-6736
-3701
-9692
4059
-3761
8040
-309
-4952
8399
-8585
3674
9547
9882
9551
3489
3900
2914
8508
7265
6050
8234
8093
8887
-4602
7413
4146
-8217
9021
8090
-3113
9524
8939
-9449
-968
8341
4823
-5815
-8251
5504
-5961
-4116
7295
9596
9501
-8571
4502
9832
-2680
3268
8815
2852
-8984
5167
-7844
1270
-8442
4423
9712
4300
-1157
5457
8836
-7956
3714
3184
6306
1553
-9866
-4067
307
-7007
-1823
-6471
259
9010
-4472
-5999
-8789
7164
9641
1150
306
6852
9068
3112
4276
9105
-1392
4955
-892
7085
3371
-1747
-344
-9040
-3622
5931
-3599
4066
-1136
-6173
-2117
-5380
-9474
3868
-8984
-5612
-858
-4569
-7260
-3591
8754
5177
1510
7809
-6384
-2499
258
-6488
75
8544
-9635
4934
-4895
-4250
5546
7231
-4276
-4259
7438
9024
3525
-8666
6484
8776
-7985
-9359
-9180
3147
7477
2103
-7875
2480
6384
9564
-1232
-2231
5061
4946
-8009
2606
-6476
1168
-9177
-6883
8234
3806
-2496
-3785
5222
-8630
-5004
9335
-1207
-5193
-1190
2784
-8100
-2978
-826
-1649
-8819
426
-9244
-8431
4705
-9657
4086
255
9706
2420
3481
6255
-7563
-1423
8496
-1904
-2505
141
-2951
-5666
9970
-6259
635
2160
2634
-9103
7465
-5953
-9771
4121
-46
6946
-8151
2244
-6344
1905
2491
-2302
-4678
3293
7801
8693
5639
3923
9089
4797
1967
8404
4852
4369
-6657
-1964
-7097
8430
1881
-6559
4213
2825
4930
8241
-5864
618
-8273
-1186
-5463
-9133
-5910
2884
-5384
2852
1811
9943
-5324
-1096
-7926
1038
-3686
-4526
-1595
-6244
6753
-9655
-9504
-7592
-1728
-7582
3901
-3298
1071
-1812
-1331
1772
3833
-2460
4588
2871
5498
8896
7080
1005
2841
7307
-8751
-5538
555
-6528
-9798
-1545
-7675
-8367
-9308
6634
-2888
7063
6104
-4556
-2098
-7967
-7554
-6497
-4144
4054
-1794
3731
1600
-4106
3688
-8682
-9126
-1441
-9181
-3232
-942
-5359
-9516
-4063
-7891
-7652
-4199
2940
446
2421
2962
1403
4120
-562
1511
9270
1501
-8446
-7106
9474
7667
2356
5417
9414
2688
-9580
944
8564
-7232
-4657
-466
-8919
-5359
8024
-4454
-9644
1817
-6293
-5078
4894
9742
-8388
-4075
829
2441
2576
4315
-6149
-8064
9218
9964
-1386
7935
-885
519
-9528
5057
5558
-3772
1237
2101
-2419
-7073
5813
-7812
-4316
-8810
6517
-1852
8676
-6320
7596
-6695
-9818
-8746
366
2530
8525
2557
334
-5437
5477
2813
1216
8309
6681
9210
-9654
1355
9432
-5159
3626
-1136
-8517
3339
-1746
-2953
-4533
2032
-4840
8882
2018
-1236
-9576
6696
-9127
-9197
2045
2735
1511
8200
5347
6912
-5911
-2540
-3382
-3206
-7100
920
-3530
-650
7980
-5729
-5471
-1980
7277
7754
-2594
-421
6616
-2052
-6556
849
6572
3803
1422
-2814
-8101
-754
3616
-6286
-1575
3908
9933
-4475
7774
-2426
6006
3971
-1859
4106
8551
-3838
-2095
-9666
1914
-5572
4492
-2686
-6485
-2002
4919
-2152
-1706
-9546
-1739
7650
-653
9219
-1814
-2233
-3900
-8772
-9706
-3163
6127
6275
3190
-2866
5714
-464
-4286
7124
-4298
-6149
-8318
4269
3076
4574
4422
1577
3662
4173
6144
3210
-40
7779
3392
9902
73
-7637
-8684
5306
8613
-6982
-9142
3867
8535
6977
9316
-9357
150
5524
-5694
1723
3100
7315
2075
-5153
6187
3936
-7865
-1673
1507
-2604
2284
6472
-1174
185
680
-8096
-7865
4615
-6399
-1853
2925
-1580
-8668
4801
6893
5674
5110
3473
1402
3436
-3618
8468
-1732
857
2822
-3101
-3121
-7873
-4570
-5577
-2741
6784
1648
4348
9201
-1677
-5119
2152
-230
-6368
7407
-9318
-6567
5718
-1526
-4068
-294
4958
-1061
-5894
-8785
-5293
-9079
9500
-9331
506
8010
-2295
-7738
557
9698
5056
-7812
2398
-6389
-1747
-8108
9504
4899
868
4434
2467
8293
4916
2360
-4567
-7705
-9932
2068
-710
1572
-5742
3220
-3522
1635
-9103
134
8609
6946
5306
1665
6024
-341
6805
-6612
3203
6475
-9370
3079
5329
1825
8445
9403
-986
-5092
-4850
-6633
7882
-9608
348
9630
1536
-3659
7803
-2867
-1687
3939
3804
-1289
-2735
8552
-9482
-3195
-8480
-6601
-913
331
4221
3349
-2319
5718
-8087
275
2800
-3315
8989
-4757
-1441
9014
-165
-6227
7300
3330
9716
-1048
966
-8854
-6566
8400
2673
6207
7153
2698
9867
4663
7407
906
-9969
-4223
-3099
-3477
-4492
-563
4748
4088
-8659
-2659
5940
1941
3519
5141
2343
-337
-3536
7436
-9320
2103
4608
1363
5909
-9123
-6745
-9571
-9211
6087
-1521
1429
2633
142
4520
-5991
-4587
4415
-8915
6236
-5196
9944
4676
9334
772
8077
5207
-8869
2996
-7401
9890
-436
-9877
1799
-3287
7171
1597
5436
5925
-2701
7847
-7570
-4403
-1511
-1994
-2196
-7884
4744
-9058
-7900
6154
6196
-6537
-3983
1608
3575
6175
9106
-1890
4796
1398
-8275
-3156
3528
-9773
-4024
-304
9615
-3786
6780
9728
-6839
958
-615
1479
6532
9680
9127
-477
7045
3775
4803
54
-8614
-9717
2801
7385
-8632
7310
-6280
-7821
-9896
4620
-5168
-7351
-1352
5681
-9509
-794
6062
-5891
4740
7575
8599
6963
3272
-1572
-3702
-7234
-3605
6850
6165
-8431
-5437
-806
7294
2691
4269
-6682
-6956
1110
6205
7210
-3811
1410
6733
-1499
2051
-9280
-6402
6031
2266
2633
-8092
8550
-8471
-4869
-3035
5980
-9641
-776
6546
-437
319
4417
-6108
-7089
-7460
9368
-6298
-7872
-5280
-2430
-9659
-2733
1688
7487
9898
-237
-2931
-7259
-1625
8115
-7022
3670
-3841
782
7080
4667
1846
-4401
107
962
6763
-4093
-9630
462
8674
1711
3352
-8008
-6480
357
2897
6660
-4501
-8170
-2200
-527
-3524
1161
5629
5185
9199
9935
-2247
-9619
-7978
4086
3564
-6388
-9573
6986
1726
9009
1253
-8876
-4656
-1432
769
97
5783
-8955
8931
5935
2004
-3162
-5960
-5917
-8855
-5547
9883
3184
-7011
-5650
-2281
-2603
-8547
808
6277
-4594
7799
-7876
-6347
5874
4345
-2399
-3635
-5605
8170
3826
3953
-4967
2648
8696
-7755
9922
-6842
255
-107
-839
1800
8975
-3013
4956
1846
-6920
-4508
-9659
-4899
-1231
-8634
3933
1010
4698
-9718
-3147
6427
1273
3925
5237
5183
-8150
1461
7668
-7702
902
1981
-5056
4941
-7414
8664
-6477
-138
-3958
-2075
1858
9515
-8176
-4333
-3874
-5195
6846
-1001
-3411
9069
-3943
1211
-8443
1359
7980
3121
6975
-7812
9916
6703
906
780
6056
4978
-2850
-7412
-9927
-5861
2103
7554
1274
-9827
-9992
4997
8886
-1900
-4790
-7189
4470
-9296
-2662
-3898
8502
-6859
2562
-3872
8125
-7280
202
-9174
-7554
-4533
-8168
4986
6924
-9825
-8793
8732
-4270
-3296
6992
9911
6155
344
7853
-1025
-7872
8872
4224
6170
9689
8648
-7687
2485
-2279
5779
2967
-4110
-6568
-3464
-8559
-3962
5271
-1139
8723
1895
-6780
1549
2144
-5169
-4171
-8222
-8866
-6583
1942
309
3902
3523
-5229
-8434
1588
1841
-2511
939
-3243
-5135
-1245
6117
8518
9638
2157
2656
5801
7594
4390
-330
5809
-1814
6284
8049
-8242
6823
1274
7506
386
9917
-9516
9914
-4011
-5266
189
961
3865
-8102
116
7217
-736
-2978
-2548
-3663
8666
-2638
-5610
4845
-456
8118
2740
-1354
7580
-5372
45
-5925
8113
5742
-4230
2337
-1688
-4931
8431
4057
-7987
-2453
7937
8609
-4986
7081
6211
-7386
9524
-4557
1485
-2495
-9953
1505
-8197
4353
7326
-3324
-7014
3049
-6794
4295
-3554
4696
1617
2639
6054
701
7649
5346
-347
-6863
-747
8786
-3945
-9869
-1656
8850
-5467
-8999
5706
-7287
-1154
6214
-6433
3122
629
9117
2992
3250
-4318
6708
2106
8618
-9882
4873
5674
-4856
2917
-9051
5459
2173
-5426
9407
-1673
2450
-8388
7761
6060
7414
-9681
-8819
-8382
8270
-6988
4506
-3691
1090
3022
-7985
1969
-5610
9510
-3395
-745
773
-7537
861
-259
4900
-1870
-4497
1722
-7572
-4961
7583
-5628
-9539
6622
1986
-4731
9352
4831
3942
7746
-8196
-8129
-4994
-6552
-4462
949
4401
-7040
-1834
891
-3842
-444
-2838
6269
-3463
-5911
-2671
1951
-8526
5030
1125
4340
-9463
5491
-5703
1375
1176
8236
1120
3244
3123
-3630
-6017
5442
2001
-1363
-9672
9453
789
7466
-6223
-5442
8350
-9627
-9096
4055
-2993
6768
-8193
7856
-7231
7282
-3260
-2201
3915
-862
-68
-6375
8862
-3557
5357
-265
-8656
4295
9519
-7419
-1485
-2628
-883
9621
-8560
9366
1220
-772
-2589
477
-5021
-1242
318
-8935
2683
-6589
1093
3062
-6454
-982
2967
-5788
2358
6820
1500
-2455
7900
1995
9774
-2676
4619
-6670
-7712
-655
4444
-8383
1944
3174
-7066
4840
7192
9376
566
-2667
8258
9595
-3904
-3145
8269
449
-4185
1524
2871
-3005
5060
-8429
-5704
-4214
7099
-6733
-6077
7988
-3515
8911
-3827
4562
5298
-464
8471
4092
1236
1139
4226
-7620
5374
709
-8080
-2912
-8615
-9761
1237
1544
3001
-183
-3914
-7930
-9922
-7880
-9166
-8900
9149
6401
7746
-6838
8474
-5198
-2018
9247
6323
-632
-88
-3111
4541
-6363
1677
-7971
5501
-4746
6384
-7952
1376
8617
-1156
4863
6001
-3579
-7341
-1608
4394
7578
-7291
6960
-756
8858
3703
1313
9604
7968
-6047
3904
4598
-93
1447
-172
233
4044
-7866
2224
9087
9665
-1782
-2882
1971
9759
5947
8937
-397
8988
1865
-5308
8222
348
8560
1742
4551
-2694
4026
-663
8701
-3839
8239
-8609
-6122
8933
5956
-7207
4006
3810
5262
-53
-4521
-6494
5909
6007
-4281
6392
5100
8532
6848
9299
252
-1553
9379
1336
9873
6323
1991
-1854
-5396
9191
861
4571
-3309
3066
-3190
-6262
3593
-1545
6612
-1905
-1599
-4839
-4507
8409
5240
8275
5809
-2771
-4180
50
1232
4951
-3473
5922
3381
-4094
-3968
-8388
-968
2237
7317
-8784
3584
3715
-295
-3528
-183
-5059
3601
7347
8209
-9422
-139
153
-2008
9521
-2939
-9236
7512
335
-3880
4017
5714
-5976
-3933
411
1432
-6006
5606
-916
7776
-4500
3858
-554
8904
3731
-184
-2279
2068
-388
-6683
6006
-3144
7870
-3974
-5173
-4780
-8256
7751
-7686
8206
3092
-7318
4465
-8500
-9373
-6509
-2768
-5024
-1848
8574
-318
6779
-1496
-7666
-6243
1606
657
-9168
-7653
4310
-7422
-7033
5550
-542
-6153
-2228
-8158
-2055
-4049
9477
-9813
-7329
1328
8746
-4809
8950
103
7308
8044
-6765
-8739
4870
8037
1123
-7293
8062
-570
866
7688
-9178
2895
-1492
-6146
-3545
-1000
8060
-6853
-2911
-4837
4320
1945
-5449
-9551
-9586
-389
5767
-7821
-5828
1902
4598
1886
4693
2398
-3448
6456
-8232
-4741
-7659
-2041
-3652
-890
-154
6027
-9225
-9748
-2121
4057
-3734
-856
7828
5171
4759
491
-539
2992
652
3441
-6070
-1593
-4409
789
6882
-134
-6927
4346
5070
-1354
7879
2341
-8041
2522
-1925
3892
9158
4047
-7564
6123
-3420
-4659
-6898
-9654
225
3008
-2488
-4401
-161
-1975
-1096
-8295
1461
-1799
1322
-666
-4270
4432
8841
-103
8598
5366
4096
5360
-2420
9427
553
-8045
3550
8504
947
-2035
7251
-5122
-8655
4302
8530
-7016
-8482
-8935
-1212
4774
-7564
9428
-1847
9124
-7247
6831
5578
-9687
-7891
8950
2590
-1656
6929
-5840
6640
8041
-9091
8691
1586
-9769
1449
9129
-7417
1422
8464
-7775
7907
797
-3817
9396
-3456
-7644
-6264
-8085
-584
-9769
-2713
6542
-6027
-6164
4745
1394
-6094
-277
5907
813
-4294
-7971
-7803
-8915
-929
-408
-2834
1862
2909
2300
6732
8790
-2364
-2420
2653
-8208
-2131
-656
3349
-7729
-9545
-1623
8382
5327
5974
3769
182
-2309
3396
-417
1104
-3022
3259
-4506
3105
-4065
-5572
-5423
-6243
-7212
-210
2897
5534
-6366
7215
6352
-4525
7893
-5347
9673
-3451
8002
-2201
-5681
4177
3875
2243
2477
6425
5914
4660
4383
6158
-6117
-7726
9358
-7610
647
-1097
3484
4896
-8771
-2380
6280
-8935
2913
8502
-7021
-8452
2775
1718
6365
7081
-690
-3078
9649
5799
-2966
-4280
-653
-4196
-9708
-2846
-8086
-9225
-322
-8806
7028
7493
-9473
123
-6901
7826
4707
-6643
-9608
-7345
-6903
5683
3324
-1719
-1631
7642
-4567
3697
1976
-109
7769
9126
431
-4874
93
-9772
-4587
5426
1746
8683
-5660
4048
339
-1681
7766
-6509
552
-6829
-7394
1364
4750
-6491
6372
8431
-297
-5553
-945
-6995
9162
-1827
7674
-2871
3601
6144
-7645
6242
-4591
-9298
6091
6228
9461
5280
-7375
3309
-4348
-9011
-5931
-8819
-1189
-7612
-9354
3188
-665
-3859
-1217
-109
-5407
-4078
-8420
6712
8369
-6088
8831
8112
3607
6112
-5188
-5901
820
2581
-3843
-9363
9770
4354
7105
7194
-8003
-6443
-4340
-796
7735
966
5759
5819
2087
-9019
-1475
-210
38
-9603
-6798
-1200
-2955
3680
6157
5887
-8203
-325
3337
-3618
-1945
-162
-3430
-789
6431
-4570
-3025
6739
-7729
-4831
-9801
-6320
-6441
7594
9823
1033
-1982
-3281
-5265
-5591
-5898
8481
2996
6903
-6999
-9874
870
5419
-5389
-815
-4156
3578
-3239
-7070
8185
-2077
8916
-35
-9084
4364
5751
5927
-5388
-2716
-8480
4477
-1918
-7949
1201
-812
-565
-85
-7822
2300
3535
-1687
-8943
-79
-1613
-9322
6071
9987
4458
-4154
5476
9377
-8276
-1708
-7751
-461
5683
-902
-6176
1062
-6916
-1363
9234
7139
-4771
-7548
-580
3831
2325
7776
-6639
4129
-687
-7939
9089
7930
-6286
-7757
-5179
-7330
-5849
6551
-3723
9621
-3525
1005
-545
-5878
-2163
-4877
2041
3962
6608
-7649
-3675
2291
7243
5379
6907
9549
-6345
6394
-2891
9189
-8732
2789
-9318
-6112
3573
9858
7526
1289
5588
7443
9309
7598
9515
8104
2430
1368
-6221
-4343
-5576
5042
4891
9352
-2354
2154
-9470
4985
5009
-2580
-2355
-721
-4477
-5968
8050
8746
2282
-2555
5310
9276
8571
-321
4952
-5279
3615
7144
-3698
2429
-5436
1185
-8418
615
2688
7422
804
9992
-6910
-2216
-2402
2769
38
-8681
-5325
-8954
2722
2793
-8957
5279
-907
-5184
9658
9861
-9062
1649
-4034
-1984
-9065
-618
-9059
2105
-5854
-2065
-9249
7042
4488
-3962
-5592
-5134
2244
-7909
-5224
-1346
-781
6665
343
-9175
9476
-5002
-9060
-6872
1610
-2959
-5352
6527
-1861
7226
-1855
-1672
242
-13
9466
3207
8820
7967
4149
3909
-4676
-9862
-1672
6679
-1819
3705
-9566
-2192
-2948
543
-3930
397
-9767
4955
-4215
3743
-488
-7906
-6858
-9029
-4757
5543
2035
-9939
-4859
383
5629
2094
-9544
2069
7694
6459
2962
1357
-29
-976
9887
-9706
7420
4489
3450
-2855
9260
4201
9991
-6976
-89
2273
-6141
2101
-9079
-8458
6367
2798
-1412
-8259
-7154
-5650
-3907
7562
-2936
-3621
-5773
6421
9843
-5467
-2335
7976
-3673
6180
-4227
2227
8875
8674
9580
9786
-2681
9470
-631
3288
-5845
3525
-8054
-2302
-3272
4519
7680
-5377
6673
9497
-2788
-9073
6562
-6950
-5991
5814
4838
-3031
3701
-7315
-5322
-9616
7519
-5247
-3968
898
3471
-3222
6838
-4779
7572
8033
5958
1890
7141
9811
-6378
3259
6701
1842
-2525
3605
1145
-4432
9737
-2535
1743
-9879
7154
-3183
6874
-3756
-8231
859
1206
5169
-5028
-4430
-3663
-1949
7140
-2350
2974
-1599
-7831
-1150
-1403
5319
-482
5480
5510
8092
7953
188
-176
6382
-6332
6232
7721
-1588
5591
5595
7299
-2550
-6546
-7143
-2044
-1933
-5002
7431
809
6518
-9140
2270
-8960
2135
-1604
3596
9739
-973
4420
-7390
4666
-2522
6742
-4965
-9939
-209
8463
1928
-9011
-7190
6406
-5586
-3858
4924
-4047
-4669
-9710
-4265
-9225
4652
-7790
-9356
-9662
128
-4559
3471
-6204
-5943
-6416
3873
-4671
-680
-7324
3750
3000
-5284
475
-9189
-3417
6242
5707
5853
-3268
1407
8077
-5177
-6175
-7618
-3255
4687
-1095
-2001
-5833
-6091
-8304
2247
-4769
-1798
7676
-5432
8822
-4325
-775
921
-3828
-5710
-4542
1576
1518
8182
7740
-504
4855
1880
-2378
9650
-9588
3054
-9845
-4074
-5821
-4344
-5791
4066
-3209
-7987
7071
-665
7712
-4348
9377
8884
-6754
961
-3957
-4236
4888
3443
3334
-5788
-1137
5945
5550
-175
3486
5788
2009
2089
3826
5495
-8751
-6346
9848
-4367
7537
18
-3446
-8502
-1791
-2671
-6976
-4062
-6561
-8185
-2660
-1313
7435
-6634
-4380
7730
5605
-4024
-4311
-7237
2677
5400
-4798
239
-7998
-2135
-2934
2895
2679
9233
6670
-2461
799
-228
262
4031
7748
-2583
3792
3314
-8687
-6134
9106
4480
8769
-8887
-1585
1348
2287
-9126
2228
-5292
-3048
8865
-9057
9666
-2352
-385
601
8819
1898
5816
-9169
7843
4382
-5811
6463
-243
-8197
9376
-4415
2754
-2536
541
6460
469
7550
5534
-996
-8225
931
8990
-272
6341
-596
-4188
-9624
-8376
-7549
-889
-2922
-885
-7984
2591
-9226
8412
1826
8745
2676
-5552
1771
-9080
-9013
6661
-8450
9317
5338
-6144
3161
2153
-3805
-1131
-4496
2389
2897
8584
1246
5385
228
5208
-3747
6612
-9852
5866
4901
-5484
3806
7795
1645
1878
-3037
9972
-2384
-2942
-4085
-7369
6430
9852
-2433
8961
-5089
2588
3948
9041
-9056
5287
1045
6815
4832
-5577
-9834
2282
6624
2501
3204
-6769
-5103
-7375
3034
2308
5308
1066
5420
-3876
4542
4110
6955
6401
8459
-9469
-5496
-2083
7817
5688
8494
1505
-4418
2683
-8728
1431
692
-5624
2925
2288
3837
-2075
-4625
9532
5876
-4801
-9037
-5164
6342
8018
-8020
-7927
-972
1335
1081
-7475
9164
-3132
8316
-5456
1859
9142
1274
6702
6699
9935
3680
-6015
1170
2282
4091
6966
-8245
-2968
8297
8522
-9003
3281
-7262
-2772
227
-301
-6372
-2455
-6582
9336
-7519
7793
-5712
3448
-3080
-7327
-3424
9409
-3840
7793
-5540
3948
1668
4715
-386
-7643
5947
-9169
6273
7778
-9598
7744
4075
615
-4386
-6496
-4742
-1148
-1675
-6833
-2150
-9416
4041
3735
-5275
-4699
-7877
2501
-7325
-4675
-3118
-9886
-7106
-5900
1914
-6367
9161
6573
-1087
-2039
-360
5762
4058
-7449
4120
-9662
8311
-8632
-7711
-1461
9510
6278
-1426
3328
-6346
2122
2785
5448
1009
-9038
45
2465
-1862
-5945
1731
4836
-6613
-415
-4029
-9642
-1168
-5928
3473
-5292
4682
-6130
9183
-1166
5050
-362
5226
1245
-5952
-6663
9909
-8805
3025
-2285
-1038
9462
-4657
-3940
-2401
-9069
-8445
4994
-4279
4147
8972
-9079
-91
-8737
961
-1328
8858
-5743
-5627
-7105
-3673
9440
1978
-4348
2716
7265
-6252
1204
-1772
2053
9308
6994
4932
-1607
150
-7087
2841
393
-3381
-9661
-8771
1641
9440
3753
-3805
1082
-1766
4644
-2264
5848
4135
-4649
-6779
-6795
8057
6687
9132
5896
2981
2275
1054
-2780
4885
7576
1853
1254
7937
5696
-8358
-6000
-9410
3432
-3785
9970
322
-611
6134
4728
-5407
3233
5097
-8255
2904
9399
1161
7068
143
-7426
-1397
3122
-3170
7903
-5151
-1904
2566
3229
6640
-3304
-1383
-8038
6953
-7723
-9164
6470
-7249
3026
-5900
-8686
4444
4815
2139
522
-2753
4755
6520
6973
936
-5715
7031
-3801
5239
1413
-2150
-2712
-3211
-8345
6335
-3016
-2852
-6435
5462
442
8880
6894
7990
3090
-9894
-6499
-7182
266
-5654
2026
3477
6608
5521
-3922
8096
-8149
5313
-1027
7126
9911
3159
6849
2299
3504
536
4641
5774
-7826
-5855
6520
-9484
-8323
-1334
9713
2431
-8326
-212
4436
-805
3774
-8747
-3158
-9466
-1209
7124
5948
-2743
-81
6414
5554
9027
6584
-8164
-4195
7234
4255
5092
-9957
2316
5806
-9308
2334
-5807
3917
-2146
-6518
-4884
-267
-1027
5891
-5176
8020
-1190
4831
-5001
1308
6432
9124
-7436
5736
-3260
7514
9930
-8892
-5243
9380
-6384
5396
-2132
6584
-5305
2655
832
7368
-6564
4093
-3857
-2815
-1858
7332
-8095
-9024
-5124
8195
7014
2332
-1694
7075
44
-6469
9374
-1812
-7386
8382
-6924
8841
-5400
8566
4538
4731
-1327
6620
-5406
3054
-2235
296
5885
4800
-1013
-6700
-2661
-3622
-344
3706
3151
6543
-3171
-8345
-8617
908
3219
-2734
-4224
-3126
-4942
-5355
-901
-4645
-7696
-4990
-7216
-2967
-4824
-393
-7041
-9435
5550
9300
5126
-4369
-214
-7069
-655
-3609
-1659
-9653
3929
-1103
-4171
5513
6780
-9828
-5723
-3483
2923
-1353
-6324
9472
-8924
-3774
4334
3949
8276
7887
1394
-6843
5955
-6161
-3359
9086
-455
6594
8299
-1891
-3862
3918
-1782
-581
4488
5521
861
-4213
-4453
-7047
9263
184
-122
-8184
-8247
-2813
-5757
1017
7590
5911
-5280
5236
7497
-5860
-4946
-1244
-6743
958
844
-9114
9669
4984
-1301
-1596
-3982
-8006
1934
6293
-38
-4085
-7970
-5302
-8220
8616
4299
8147
1483
-105
6120
-2007
-9118
5141
-132
-5708
2733
5716
6129
-6306
-1006
-9221
-4697
732
-4426
6095
-3960
-9544
-4193
-8140
9890
1768
9536
-9580
-5977
-3520
2288
1767
-264
8935
8743
-9619
-4607
-3570
-5903
7620
-7409
3488
-1866
-2426
-4642
5146
9272
6353
-797
-8168
8391
-1605
-3352
6190
9573
-6643
9568
1085
-2582
8741
-5097
1603
-4416
6202
-7367
-5850
-4710
6200
491
-2641
1900
8202
-1182
-6025
-7750
-8458
-3467
1921
-2142
6250
5078
-6008
7236
-8413
9149
3992
-283
3224
694
-5798
2240
-3940
6716
3272
-8191
-1491
1094
-4625
-7975
6607
1109
-2393
-5520
-3035
-6354
-4316
-9810
-4680
-6919
-6857
4965
2812
6088
9185
759
5453
4253
1466
1056
-4608
3697
4528
2386
7955
5956
7167
8789
1696
-9625
-2321
-1402
-4560
-5456
5504
9870
2609
-1674
2661
4584
9808
-3629
-431
-4916
5028
7799
110
-9635
2026
-5148
-6080
-7064
-4428
-6748
7959
2287
-4594
9987
-7519
5389
5752
3334
-9494
-9551
1909
9146
7763
-388
8128
7072
3626
-183
80
2966
3831
9049
3170
5990
-7195
62
-8505
-958
3269
-9414
8538
-4900
3307
5983
5542
7086
5447
2150
-6911
7205
46
1858
6573
-1878
-1704
-6641
1070
-8362
9266
9946
7950
-8973
7468
-6466
-1411
-7008
6956
1049
8992
3682
2557
-7232
4844
-8621
-1580
-1815
-815
295
5006
-4451
7504
-8491
-3380
-5701
8802
5000
3052
-1725
-918
-6451
4721
-6527
-6802
-9413
8034
-7252
-8110
8997
-8857
-4272
-1358
8167
-8599
-2249
3573
1081
-473
2191
5378
6310
-5041
5990
-5925
9030
524
8887
-9623
3570
-8649
-8799
6519
-3922
2152
2908
2800
-6485
866
2007
9641
5354
9787
1721
-7038
-2738
6848
2962
7051
3685
8034
-4761
-8234
9031
-7200
4139
-2196
3025
8494
-7201
6953
3521
9983
-5991
4195
-3345
-9145
7543
9618
-7044
-3810
266
-9290
-1480
-3659
2046
5203
937
-8964
-8317
3297
-6819
6544
1290
9149
2507
5298
3707
-598
8896
5780
-5964
-7944
6834
479
-4070
-7809
-8391
8927
-3183
-160
-6581
7006
1024
-6396
-2109
-6278
-285
9529
-7843
8479
-8809
3903
175
658
-937
1420
-1170
-9369
3704
-6534
1435
-7485
-8765
-9915
-8539
-6245
-1157
3011
-1746
1913
-5378
-2240
-6943
3898
-8103
-1408
1370
-1138
-7220
-9041
-2814
6040
5255
-9982
-9292
-1373
-7405
-5780
6003
868
982
-2555
6696
3137
7077
8280
5309
-5024
-8863
-1502
9294
-6717
-6414
-7319
-9825
7660
4383
-4733
4996
-4978
-6664
6994
1749
-9195
4929
-4521
-560
-2378
-1908
-7860
-6316
41
-4822
-4185
-9555
4977
-3299
-8905
-6183
2810
-9407
-3671
3714
-8924
7051
2218
-8894
5005
8687
5596
-48
9100
6474
9926
4538
-7017
7692
-8602
4797
4837
-3465
-6571
1595
951
5487
4923
-9958
-7702
6015
-5501
-8347
-2786
4791
-9891
-760
-5738
2754
-7386
1178
1122
-7645
3450
2823
4206
-3419
3953
-6705
-5447
7213
-7134
5956
-880
-3272
-6128
9790
-3384
-277
8356
-5577
3651
-6631
9145
-5055
2665
4314
-9941
-1978
-9138
5618
-8689
-7339
4061
7985
-4352
6599
-2218
-4672
-1083
-2810
894
-9469
-7927
-1613
-7421
-8691
3861
-7373
4947
-9300
641
-2797
-3406
9347
8563
-1181
4259
-872
-2780
-2015
-4648
-9810
4410
1456
-8528
5809
-2921
-5167
7492
2790
9268
-7593
4288
-876
4102
7678
2306
-9276
-5633
1493
1112
-6534
2611
9358
8763
-8844
6793
5373
-4390
-7661
3761
-8592
-1196
8686
-8183
-6358
-8406
9650
6034
9678
3518
-1956
-13
2823
5512
5533
-1973
6180
-9313
6297
3766
-1612
9381
-1039
-1896
8030
6386
-8052
5637
-3243
-9574
-899
8374
3423
6192
9200
507
-5761
-8766
2576
-3734
7675
-773
-2394
4806
-181
-1407
-149
170
9886
2149
-629
7058
-4072
4822
-2612
-1569
1237
-7974
-8973
8520
3743
-45
619
6562
-7660
5372
7066
72
-7715
7614
4949
8794
6402
1754
9080
-4937
-6571
3681
-5892
-8588
2692
-8931
-918
-1476
1750
5910
-4695
2336
-4837
8186
-6658
2317
-6993
-404
-1760
4307
2397
6239
8520
-2451
3226
-1066
-1836
7433
-3002
2036
-3179
1692
-2193
7083
3173
-5509
-7069
-6670
7809
-1968
1108
-9567
-4908
2165
4680
6479
-1652
-6194
2274
6203
-8910
317
-375
-9306
236
-2302
4399
1548
-979
-3031
-8662
-3954
-2379
218
-7372
-3105
-9954
-1455
3076
8905
-330
8754
-1461
-9343
-5365
-187
8400
7065
5668
9361
6895
-3148
-6382
7644
-2143
-6013
3386
-5501
8974
5258
7900
7352
-1887
4274
2811
73
6281
1582
9293
5096
-3851
7448
1028
-7556
-5112
-1624
-7934
-2588
3954
6759
6824
8889
-9098
-8494
4853
883
-7071
-8877
-2543
8446
9383
6646
-6921
-4998
-7642
-534
-4927
-3679
-9028
-9016
2449
-5596
-25
-8664
1918
1598
7015
5711
-6962
3325
5412
5758
-4477
-1292
1820
-3470
-9978
-807
-5049
1319
-6834
-8353
-2003
-674
3700
-8398
-7797
3594
-1909
-5398
5941
-5987
9602
-8846
4411
6310
9776
6834
-3783
-6093
-4614
-92
-3671
9008
9121
-6351
-9740
2497
-2752
-697
6098
-8047
2249
-9428
-5523
660
999
-4777
-3491
-290
7687
-9418
-8649
-1432
8878
-6410
-2778
3924
-9569
-605
-3447
-3318
-9098
4550
737
-7727
-8940
-8995
-5080
9789
8215
1994
-57
1699
6252
3042
-4159
2627
5195
-5994
2921
8487
9357
7372
7120
840
-5399
6146
6012
-4763
-1603
2259
-8680
6174
-1050
5855
-6342
566
1519
-9237
-3110
-7477
-7368
-5090
8889
8059
3485
8104
1371
8113
9778
-9022
-3006
-672
-2652
8239
-8525
-5132
-2516
3357
-6407
-6763
-2727
-5795
-8759
-611
-2107
2743
-7715
-460
4647
-1009
3421
4780
-6658
-3825
-8953
7658
-7312
-277
-2197
6667
-7090
7328
-4043
8250
-6394
-3768
-4580
-839
-8936
-8196
-7422
-4552
-5495
7170
-8164
-2107
3722
1832
334
4903
-6546
-7966
4928
804
-5719
-2859
-5605
4050
3613
-3931
-2487
-2500
4818
-4411
-2265
3400
638
-7657
9074
-5570
8935
-8743
-3488
1652
-1262
-3744
-2701
-8706
-2384
-5359
-2477
-9755
1869
-1071
-4721
5181
-6663
-2527
6345
9598
-9792
3331
-8166
3577
-7391
-1821
-5933
6689
-1673
-3888
8591
-5183
-5006
-9388
154
1830
2599
4017
3094
-2791
-4801
-2452
-5958
977
-9137
3403
2002
8471
-6275
9031
4092
7016
-7203
-7997
-1828
-6962
2560
-3545
-1054
-4090
904
7733
-3669
4670
-5709
-9512
3541
-411
-2764
9624
-9801
-8286
3962
-7259
6751
3416
-4621
-9294
495
439
6821
-8486
-6446
-7672
-4973
-3790
2165
-7451
-6969
7176
9201
7720
-2384
407
7612
-3821
-1
1315
-7187
-2611
-9845
8879
-9091
7790
7562
8323
-1550
-9568
-3581
345
-9051
-1867
-3746
7245
5077
-1517
-5388
5921
7481
-4762
2458
-3140
-2091
-648
8708
-2890
-9456
1048
-9617
-1994
-7108
-1904
-4171
6556
5720
1485
-4422
6440
3753
-7624
-7520
-8322
-3978
5200
8887
6941
-8454
-9256
2373
2165
7196
890
3611
-515
-3965
4683
8770
-8202
-1050
5277
517
-8069
3680
-4518
-3635
1449
-2559
-3299
8303
3285
-6043
-4875
4487
-8972
-2366
6373
-4723
-2816
-8325
-1069
2600
4028
-5809
-7501
-4232
9449
7476
3584
8949
-184
1848
5501
-3614
9380
-5792
4872
9809
-405
3282
-131
9246
-9270
-3838
7381
998
1737
7313
8791
4973
-9486
8655
-8979
9829
-1015
-9674
-5512
-8088
-3620
5068
9577
3397
2831
-2761
4100
1338
1638
5856
1379
5708
3616
3784
-6642
7258
9927
-8905
9195
-164
5652
-7043
8244
7143
-7384
-9047
-6031
-3874
-1030
-3597
7628
-3009
584
2753
1790
5663
41
-5701
-8196
2557
-6478
6200
-2831
-9814
-8014
-5270
-6847
-323
3865
7791
5067
1493
7197
-379
823
-4344
-1590
-4108
4741
-5885
6737
-5372
-4190
2784
-9394
442
9433
-1554
-1762
-6153
-7478
3588
4082
1441
-6905
1228
-5990
-9181
-3001
-1655
-2661
712
2713
-5112
-2121
-9921
8336
-9107
-1667
-7554
4369
5898
-8048
-8515
-3693
3817
-5057
-3956
-4463
1067
7183
7860
1399
2252
-7855
-4752
8887
5475
4065
159
9163
7561
4423
-6522
9643
1198
5939
-9451
9021
4909
-9104
-9709
7188
4150
9154
-8136
-4535
-4905
-7970
8160
-6677
7306
-7853
-1758
3531
-5026
-7031
-9067
-2311
-6360
2289
7026
177
471
2108
3136
-5900
8105
-1810
-8805
3756
3073
-7798
3939
-2380
-7108
6310
5755
1162
-3587
-2351
-7770
-8271
-7708
-3600
2372
4269
8910
-6371
5906
-6039
349
-7828
3066
7166
1902
-4374
5127
-7334
311
-6140
-7070
-4002
6013
3736
7193
7020
8271
5610
5986
1562
-4551
908
2445
4332
-2163
-5801
5583
7126
3253
2463
-8507
4154
-8126
-2013
-4841
5444
-7393
6599
-2904
-7725
9298
9886
5010
6478
-7265
5034
3944
-9681
-6058
3616
-827
-8004
7579
6136
-744
-3989
-668
-4732
-6056
-2556
2593
-8040
7120
5735
-8868
-7514
-9369
5825
5022
436
1757
-8
6601
5647
9162
9337
-151
2839
-3757
-2807
7912
2053
7146
8391
-2843
-8679
347
-917
4610
1480
-5765
7401
3651
7753
-2570
-8306
3848
575
-7938
-8545
3606
-2537
3748
-9138
6410
-552
4047
9566
9027
-1616
5912
-1255
-5688
1057
-2138
5411
-710
7849
6608
3731
9461
6377
7889
5201
6485
-4025
-6677
6463
-6598
7859
-3533
-9315
-8800
9816
423
-9061
-1768
4181
4884
-572
7623
-3301
-4317
9235
2100
6338
-7810
-6197
-2560
-5754
-6973
-2578
-4641
2657
-1234
7530
4923
8655
6136
-935
-848
2293
5965
-2832
4033
727
3502
-765
4087
-3417
2433
-8502
-5654
3281
-8784
2577
3067
6969
-1333
-9660
3934
-8921
-5893
5965
6725
5543
2419
-6835
2995
8225
-2794
-1392
8941
9585
-8080
-7749
-9243
-8204
1587
-9842
3618
-2298
9185
-547
1300
-6527
-2036
8657
-2398
3153
-1419
4613
9871
-9767
-5228
-9481
-1482
8017
4772
265
4274
-4990
5625
4483
-5825
-7908
-1586
9899
4087
4010
399
6876
-9096
5253
-5430
-8241
-1604
7915
6182
-4766
-5014
-799
7316
8530
-2240
-199
1552
5821
9337
-4945
-7271
-7239
-9014
-8819
5724
3327
-143
1371
-8556
-1101
259
-3500
4729
-1413
2786
6259
3467
7168
-448
-3972
-5261
-2834
-9738
238
4531
-586
-8343
2641
710
-8656
6426
1355
-2878
-462
4943
-7391
-2728
-8023
5621
3533
5879
-9187
-6035
-7075
-3434
-4802
3205
7046
9460
3302
-2359
3476
-2972
-9009
-4335
824
3686
2396
-1328
9032
5424
-7394
-58
-8511
7806
2598
7178
2399
-4378
1435
-5682
6719
1710
-2710
2018
8955
3360
-8005
2762
5881
-5059
-4353
9763
2228
-1608
-9122
-2211
8104
-5341
4748
8927
2491
-2455
7228
3705
-5749
145
643
-9325
-7133
-3293
5423
-8673
2079
-8639
-5798
9998
3439
-4112
-9293
3402
-1675
-6845
-2103
6475
-9792
1286
-6004
9392
8677
-7622
-1512
5837
-5712
6971
-9225
3065
9201
770
5643
-3243
3370
-1579
1850
9210
-9578
-4226
-9344
9547
4674
9078
-4420
8500
7825
-7494
-7255
-4285
-6808
5348
-9039
-9327
2273
-3784
5827
-4933
511
-8629
1785
-9966
8369
27
-570
2640
-6348
-4564
6019
7758
1606
772
2046
-7791
-4637
-4892
-1330
7992
1637
-5361
-3558
8929
9638
9483
-1538
-3440
-7368
4158
298
-9599
6876
1940
3369
9868
-5756
-6000
-4342
7629
-4742
4092
-3108
-2876
1340
-719
-5970
-7864
8853
2154
1731
-4569
6628
-6393
-5298
-6117
5954
-2913
-9501
-915
-3785
6123
-8684
-135
-8995
-7854
-2467
-1595
-5389
-6088
-1226
7346
1872
1757
-8429
-4951
-1225
-7244
-946
-1968
-6734
-5638
4254
-9796
5794
1788
4176
5164
-7557
4775
4712
6490
-7742
451
-855
3763
6785
-3781
9916
7844
6815
1903
-6716
6743
4657
-9725
9472
-5073
9719
-3241
8135
-1661
-9132
-8254
-2520
-365
-3286
2845
-5846
8821
-7447
4893
-9112
464
-1392
-6885
3981
1587
-3136
-3199
1
532
-821
4539
2216
-6822
7490
-9998
-6154
9494
4906
3234
4896
8181
-2193
-7447
-8308
-5267
2530
-6133
9101
-7114
-1338
1840
2826
4072
6190
-3413
-7003
4378
2336
945
6419
-7159
6621
-9284
834
-1881
-7218
-7914
3211
-8098
-1383
4278
-3618
-6471
-7021
-9756
-1984
-2051
-6538
-275
4428
-8009
3772
6136
1528
6604
6482
4057
3777
-3785
7574
2917
7150
5831
-8799
2432
1082
7067
3947
-8768
-3168
3692
-2083
-7875
4126
-2949
3929
5466
-9888
1503
3991
2310
-3569
4467
-7348
4497
-7488
-1994
-1100
2637
2487
9782
-3975
-3267
2298
-4140
-5074
4264
-8954
-1403
1248
-5907
-7499
-987
-9430
7702
-2488
9693
66
-8694
3723
-8520
7303
4971
-2385
-564
-5875
437
1324
-8685
-2183
-8714
-2823
6056
-2816
-2639
-1604
-6663
6697
-4227
8345
7705
-2582
-9202
-4678
9436
2157
4062
-6644
-3985
-1299
-4242
-3225
-5059
-1416
7184
-5983
9622
-4058
4950
-2732
1465
-8683
-5030
-6620
8603
4116
5464
5730
5353
1840
7535
9792
4343
3691
-8443
654
-5057
-8089
-2262
-400
5500
7617
6618
7095
6386
-9258
-2392
-4426
4803
-4974
9402
8625
-7215
1361
-5370
-6303
1289
7961
119
-3429
-3440
-1063
621
-9113
8646
-300
-9528
-7502
-6878
-6902
-8369
511
-2427
-7077
-9206
-6169
5717
-6181
3061
-4678
5116
-921
-1461
1223
7902
-3358
-5499
8720
-4019
1977
-7491
442
5322
-4333
3504
-1773
-5949
-3535
6830
-1156
6936
406
-9492
-7254
3894
-5911
3155
7851
-8574
-8949
3844
-1442
5462
3824
613
8458
5681
6309
-2207
-1432
-7131
8049
1549
-9546
-2916
-2883
-5194
-2896
-9603
8708
8749
160
-8608
-9088
-5052
-5334
-8702
4559
8352
3170
-775
-2808
1403
-7519
-759
3735
3966
5168
4251
8046
-9798
3580
-4721
-9207
-7767
9165
-1202
-8141
-642
6120
5912
-9019
4614
7635
7620
-3239
-8634
8838
-9683
3510
3823
8492
6294
-3176
5013
2001
-5721
-678
6477
-2344
6041
8010
-7306
-8184
-4406
1190
-3530
-6099
-2009
1489
-5897
-1197
-3891
1328
5701
7605
-2416
4730
8155
-2033
-9902
1072
1741
-311
-6149
-4299
6480
9614
3149
3863
-8579
7348
-2980
-7473
4039
-8039
-7502
-3212
8465
6158
1596
-2308
-696
3357
6224
4772
4024
3454
-1947
5577
-9279
-9937
-2986
-4934
-6194
1132
3749
6858
-152
7669
9645
-9037
-1755
-4521
-6308
-5418
-5660
1899
2665
-3832
-2511
-1193
346
-4427
-2072
-1199
-4205
-2215
2141
9311
6809
-6272
1377
1452
583
-963
-5058
-6708
7988
683
4963
5498
7115
-7718
-2529
5481
9382
-9850
-913
3791
-1829
5085
1831
4171
9641
5002
6450
330
-3973
-275
8037
8440
-5827
-1851
102
-3816
5396
-4824
-7149
11
-53
-5413
-1349
2055
-3940
-5876
-6500
8038
8965
-2000
-4196
3994
5649
6611
9754
7705
-6183
5564
-6058
-974
6634
7897
-1869
1439
-3517
-9966
-9136
5031
6452
-5908
1226
-3985
6750
-6857
7888
9986
-3931
1462
105
7879
-190
8038
-1637
-2126
6649
-6659
-952
-1942
2425
-4485
8791
-1457
-732
4062
-9192
-1342
-6056
5788
9674
-7427
3132
758
-4663
8302
7059
1388
8043
9117
-6896
-7854
8017
-2073
9375
-8074
-6233
-2141
-8718
-1737
4477
-1754
9164
-750
-5385
573
-149
9279
1176
-9336
-709
5186
7470
-5100
-1572
-7221
-7956
1512
9258
8258
-9474
-1192
-7151
-9479
2435
9680
-3721
-2473
7806
-6094
3796
995
2781
-8816
3987
2240
-2173
3856
-3080
-3944
129
5065
1691
-9917
-1437
8276
-5502
8500
-4112
8310
6671
-2642
-6000
5142
6040
6810
4307
7533
9195
6380
-5060
-771
1103
2142
-9716
6721
3663
5959
-8243
-3198
-4200
7253
4609
-7541
326
952
3444
-1003
-8790
-3502
2599
5278
-5066
-8505
7535
-3091
-6655
-989
-8017
9393
-8553
-7233
624
1051
-439
-4664
9156
-6880
6718
-581
7548
7688
8046
959
4686
9807
-2449
3233
-7663
5079
-7941
-2531
-652
3949
-5163
-7513
-9241
-765
-2276
-7470
-2486
4686
-1401
7196
7416
3505
-3607
-4930
-1213
4900
9743
-577
-9611
5249
5883
-8191
6789
9271
3344
-8753
4896
6443
7759
-3675
4127
-3068
-1428
-9009
8491
1354
-2078
8393
9934
9945
5270
6033
-2435
7583
-8407
-312
2406
7443
1569
-2461
-4151
-1743
-7371
2660
-77
-5563
9398
8258
8398
9799
9558
2317
-9363
-1756
8337
-2599
-5437
6002
-8596
2842
8198
-3393
-4623
6703
-4459
-9197
-9443
-2748
8316
7298
2765
9782
-886
6026
9528
8442
-6760
-6637
-2153
-2598
3650
-8461
2973
9008
-716
9035
-2566
6449
5895
-4567
5416
-1013
6340
-7872
8760
7389
3983
7128
1828
-8795
-8061
-8219
-3903
-586
7363
-459
-6492
4907
7865
-8627
-3965
7762
-3138
-8617
-7577
-9426
3641
-8210
2389
7610
-7283
2268
7495
-1650
-1870
-4584
-5181
-3140
-7017
8428
-1245
8911
-6340
-5482
-5155
3534
7660
-4131
-9310
4338
-5686
-7165
1193
-296
-290
8083
3430
-5808
1896
3107
-4217
5191
2880
-6504
-3472
-7600
-2152
-8922
1456
1050
4988
-5526
-9893
6468
5707
108
2332
-4319
-7991
2341
2153
-7250
-3357
7819
-6860
-4932
6857
-1351
3070
4724
6504
8650
-2923
6038
-5494
-8487
-382
889
4393
-4807
2773
-3845
1634
-4305
8666
-5174
9629
-455
1622
-1449
9622
-4521
1188
-331
-3699
2021
9858
6509
3281
-3247
2861
8624
-7051
3769
-2169
2833
-6667
-6061
1164
8180
-9452
-1943
-129
-6098
6228
-1595
2061
5932
-8048
4263
5092
-2661
3176
9204
-370
3528
7484
-3589
-8684
-9141
3951
747
9489
-2311
5952
9029
3230
6616
8307
203
-2306
-9592
-5284
5826
-2855
2438
3192
5191
6340
1460
8844
-677
-530
4532
3597
-9183
9415
-5717
906
7993
-9245
-2073
7097
7839
8194
2111
-7002
-447
-7662
-2932
5618
-4328
3896
7552
7074
4792
-5803
-156
7674
410
7700
4713
-3316
-7642
1421
9942
9736
9874
-6911
1605
1121
3136
8524
-5882
1393
-192
4900
8791
-8304
-1958
-6176
8479
6732
-70
9680
-9083
7687
-212
-1412
-9954
-1935
1977
4934
-5035
2430
-4322
-8562
-6486
6152
-5933
4411
4505
2115
-1356
-8947
9020
81
-2744
6629
55
-321
9177
-1609
5400
6725
5336
-2393
3383
-2959
6660
-4685
525
-7157
7642
1681
-404
6246
466
-3140
-2872
-5479
-9653
-2683
5080
1197
-3602
-236
-9600
5039
-491
163
9745
-3707
4252
-9039
-937
4422
7704
-9865
-9814
6681
-193
4536
7512
3023
-6698
-2818
6014
-8145
7578
8021
-2030
7974
-5126
8968
-6494
5098
5614
3760
-3282
-4662
-3438
-4882
-2930
2049
-4168
-5366
6743
-8904
-4788
-4073
-5189
-1764
-139
6982
-9615
-7186
-1000
-8377
3227
1458
-4939
-2870
-1861
6670
1738
-9404
5670
7726
-1189
703
-6002
-5022
-1281
-8661
4014
3788
-2210
264
-2680
-5728
-7751
4664
1397
7818
-5277
1394
-8928
1589
5263
1195
-8262
-2218
-5890
-9819
6408
7442
-5414
-2191
7787
5806
2820
8042
-1281
-419
6532
9366
637
-5350
-865
-135
3970
-372
-1351
1264
-4799
-2850
-3552
-8666
-4261
-8258
4736
6751
9194
-5996
2236
9186
-2939
8305
3038
2265
-3313
-3470
-102
-9921
-7016
-5533
-26
2838
-2430
3915
-7483
-7876
-3508
-8897
-8389
-2771
217
-1433
9957
1453
-8001
1026
-1080
9524
1490
-4754
-3204
4757
1191
-3691
-7902
-7268
6263
-1985
-2050
-3886
-9852
-191
-1774
9746
1622
-1636
4499
3886
5122
9600
-2457
7408
4754
-9708
5426
2991
4836
-4568
-4114
9098
860
8667
2993
7774
1430
-7318
-913
-7998
-6181
3987
8001
-3389
-9311
3591
-2122
-7610
6556
5772
-5861
1834
1302
6743
-4796
-9818
4047
7794
-5271
-6425
-7694
4885
5005
-4622
-7730
-2200
-2584
-5790
-8649
3904
9676
6424
-1029
-1255
-4248
-7465
-398
9963
6917
3807
2210
7783
-4541
-8585
1385
-6536
8273
766
-4052
8174
1916
9717
-392
-481
9874
-2272
-670
-9475
-8693
9661
-510
-8526
1973
-7011
5582
-4483
-1456
-3180
3511
-7886
8129
9420
-1291
4401
6528
5872
-9517
4051
2507
9330
9830
-6425
31
8621
-459
-768
-8041
-8495
9102
-5026
4883
2162
6488
-412
2568
5940
-8784
897
-7904
5634
-6561
-1584
-318
6350
-7522
78
-8628
-7597
-9948
2218
-3631
8492
-2530
-8427
6472
-2036
-2496
-2341
-663
-6720
-1486
8058
-2351
2724
2680
-8849
-582
-388
1281
-26
-2900
-635
1460
6490
3723
1533
-9685
1925
-5710
-5985
-7778
-4203
2018
5996
-1205
-7521
2329
9196
7548
-8597
-9055
9440
-5569
-4004
-1475
-1851
1263
-7941
-5633
3743
4243
8277
223
6555
5351
4853
-1391
8857
-2397
3782
2602
3701
3826
147
1038
8669
-8327
728
-4233
2287
3655
-332
7715
2909
2113
-3477
-3040
7015
4718
-3101
4508
97
-6050
-7263
-4176
-9961
-9579
-3504
5074
5171
-5855
-3637
-6722
9859
5795
-7870
-8171
2365
1362
1730
-5645
-420
4391
6069
-2062
1728
-4828
8017
7784
1260
387
4007
-6479
3148
-8814
2101
-598
5851
1977
174
4660
-3182
-1685
351
1556
-3296
-9842
-7343
3831
-4987
-923
556
5676
6250
-3462
-7276
3195
9528
4870
-3133
-5213
-1430
-9537
-7604
-5555
-9605
-3157
894
-5161
2072
3764
-4876
9851
5294
1866
1147
-4109
1367
-869
-4314
9614
-2209
4328
3098
-7732
-457
8958
7613
-9359
-5890
2330
5209
-1317
1761
-4214
-7878
-3111
4378
-6584
3676
-7663
-707
-15
-9790
8271
9854
-3578
-2009
-6482
-4363
-4902
4434
1270
-1556
9543
-3930
5315
7273
9508
3453
-5449
-1998
6920
68
-7271
-8506
6714
1074
9792
-8425
6569
-3894
3344
-7691
4926
-2323
4921
-2140
-5034
-5766
-3039
-15
-7652
-7864
9127
-1643
4542
-2281
-5474
-3006
-9038
7821
-8115
1480
2216
-6632
-2317
6052
4235
-5183
5123
-1978
-258
-2313
4353
9768
-7431
9524
8292
-5363
8617
-8752
7029
8626
-3402
-4235
-2117
-8643
1972
-2148
-2210
-8394
-2869
-2062
-7872
-8821
-4066
-4095
-2899
-7969
1762
-110
8145
7378
-594
2859
2102
7025
-9185
-418
4932
1769
-1435
-7587
6462
7091
9886
-5140
1632
1737
4103
3879
2494
6872
4190
2417
-4136
7017
4702
-192
5683
-7952
99
-3572
-9071
-1716
8639
-8815
-2484
-7962
-75
3055
-9350
-9749
-9917
2256
2808
2843
-7256
-9573
-3459
620
-6565
-9714
6235
4371
-324
7237
8649
2861
-1048
-3208
-5045
6887
-1210
6786
-8386
-7385
-7642
3394
-888
2520
1865
9905
-58
1959
-7500
1307
1554
4957
-8686
-7969
7203
8851
-1120
-7370
-5907
542
-176
-8361
-4168
7008
-6499
-4834
-5151
8357
3006
5541
5414
6055
2663
7646
-7655
9731
9479
-8570
6623
-5197
9678
6575
1239
-6868
-5416
213
6645
5103
8768
2823
1041
-6961
6586
-9779
9164
-3312
-7570
-3297
9209
-4547
8339
-8955
-9092
588
9353
-16
3194
-5073
2666
2562
-9137
2443
-1894
-2403
-7910
-672
1727
2604
6230
-3135
3568
8178
-6715
5678
-5072
485
-1416
1208
3741
-8951
506
8950
2236
-632
-287
26
8094
-2280
1602
-6423
9461
5511
-1489
-1420
1319
-1121
-1716
5149
2892
-5004
2047
-3274
8750
4986
4300
8461
9717
6744
7406
-2278
390
-396
4143
5280
129
-5642
-4800
5770
1433
5432
-7272
-8232
-1435
3155
1169
-932
4764
7676
4071
-8383
9794
1142
858
1029
1274
7831
6167
7940
279
-3038
-69
9488
-1768
8062
720
-3816
1741
-4129
2030
2068
6034
-2062
723
3553
469
7192
2525
-6441
-6488
-7733
-3904
-868
353
3932
5080
-9514
-4223
-5312
4515
3439
6248
9483
-8545
3540
-2287
-8038
540
7857
7818
9436
-8444
3554
-1722
6186
-5075
-5378
-878
-5310
7614
-6788
6627
8666
4260
-4104
-5021
-6774
-3094
3462
-7275
-8403
-8281
-1791
-7257
8443
-1062
-1501
-2960
5178
-4005
100
9403
-9470
-816
-4277
4264
7581
-4925
7988
4533
-1921
1440
1692
7338
-28
-5115
9933
5122
8048
-5109
1253
2481
5548
1457
6691
-1467
-130
2149
-8614
7916
5942
-7989
-653
1462
5673
-9282
-9499
1928
7120
-714
9610
3756
-2758
7827
8753
-1105
-8804
6581
-9335
-70
-3848
-4600
-5268
5703
9070
-8860
-8587
-3531
-6606
6696
7575
-253
-847
-6981
2967
8639
-1734
6719
2127
2072
-8626
-9414
4944
-3981
-6865
-5285
684
2351
1271
2038
6739
-2193
5231
8963
9437
7105
-8582
8549
92
4126
-3438
2269
-6857
-6868
374
-7762
-6110
-3896
2744
7783
8514
4780
-1749
4159
4597
9354
2207
1908
-725
-9027
3078
-9880
-9405
1476
-6246
-9116
6951
-2933
9722
7628
2711
-647
1126
-6891
-8286
3844
-7668
-2953
-6070
1700
-5992
2415
-2272
-1253
9855
8612
-8075
8969
-5267
6699
-5980
9223
-5825
-4063
-3189
9109
2348
9906
4174
-9090
-7487
-4694
-6414
1897
3514
-5692
-4383
-1997
-1073
4910
-4493
-3312
5291
-3741
4773
-2419
8325
8454
7423
-8171
-5974
-1060
8636
713
2413
-7544
1835
-6841
6648
5168
-6253
-8931
7279
71
7911
-7754
-6507
7645
2028
4005
-511
-5293
-1879
-7717
-5190
-951
-7485
-4970
-764
8904
765
8635
-9975
1142
-6671
541
-5807
5792
-1979
3233
4914
-3517
4930
6094
6074
-3583
-8210
-5015
7608
-9239
-8748
2160
-5830
-1690
-3426
98
-1383
3441
-2837
2400
2531
-4491
-5759
2984
-7022
-3648
-3623
2030
-6788
5988
-4207
2719
-745
-9981
1537
-2249
-7921
3149
9447
-3820
-3133
2168
9089
8282
6431
-8873
2129
5921
9519
-5772
3244
12
4342
-1598
3678
-6460
8377
7486
1809
-633
-3855
-3109
8602
-1644
-5718
-204
4017
-9787
7323
-2175
8652
2519
3223
5884
6360
7676
-2264
6272
-9297
4317
-2675
3429
-3945
-2034
-428
-7983
8256
4822
5226
3019
7189
-7527
-4720
-7827
9437
1172
-2227
-6968
-9116
-4234
827
-1321
5774
-1530
-4240
5379
6725
4494
-8531
2318
-5943
-9829
1660
-442
-330
-5959
4591
1764
-8264
6568
-9801
2084
2004
3476
7621
-9412
7297
1640
1378
-6394
-7475
3347
-1075
453
6572
-5829
-4290
-8176
1062
-1451
-3231
-8223
29
-7313
9745
-4441
9386
-1910
737
-8288
4467
-3338
1147
-6048
-2368
4149
2133
9495
-5580
-9837
1238
-1486
-9574
8945
7416
-1291
-5451
-5652
3231
-7338
8356
-5120
1279
-113
-8319
2395
-6575
-895
-8587
2556
-3661
-2518
-3449
-7439
3456
-3485
8741
-5213
8195
8935
-1200
9862
9271
-7886
-2250
-5974
4163
3027
635
1877
-9150
6936
-6333
-2822
-8056
4868
6685
881
1438
-846
-7669
-5970
-6530
-7796
-3923
-2689
3022
3471
-9333
2185
-3546
-9937
-6795
6437
-3471
-389
-4149
-5574
-76
-4695
-6582
-4135
9039
7744
9578
-7529
7395
3163
5962
6359
5646
2330
-123
6762
-7599
9624
7741
-5386
-7448
1571
-472
2062
1838
6208
-2466
7906
3766
-1520
-4855
867
2769
1957
-3729
-9327
5112
1415
5493
1076
8247
4023
-4340
927
-8089
2690
-9479
9934
9055
9638
7779
1777
-8487
3268
-3146
6727
-5040
5721
4435
-8776
-2662
8787
-8816
-9636
2668
-4826
7695
-6421
-5776
4621
-720
-9871
-6860
-4208
1995
-6999
-3100
64
8499
5999
-4124
3975
9201
-1891
2834
3124
9126
-8626
-4921
7576
-8417
2275
1771
937
932
-2751
1961
-2936
1299
-3774
-8377
2497
-8219
1010
5560
-5914
9838
5371
