15260
1016
-7739
8187
368
-3323
-1851
8985
4069
-1933
3973
-2204
-6631
-343
9661
-2667
1565
-5986
2198
1529
-4563
415
-8616
9757
-5277
-9326
-6247
2555
748
-9304
-8623
6259
-9676
3023
-2252
6877
3917
-3565
6052
-5793
7932
1214
-3234
-6734
-2250
-2990
3800
-7719
9105
2366
9578
-6616
-5939
-6769
4372
4874
224
-5402
2447
-5576
6655
-6767
5906
-4339
-117
2976
-709
-7697
9634
2456
413
8770
3411
9182
-1927
-7180
3457
7892
1673
-4373
2472
-4228
-1283
445
-9634
-1290
1613
5857
-878
-9248
-3616
-44
6363
7844
-9
1541
3838
8786
-9559
-1149
3377
-7319
-7103
-5504
9718
1751
-2162
-2390
-3264
-3216
-6795
-9038
-312
7840
-1876
-3616
1389
-4079
-2286
-7197
3775
2483
-1589
9008
-7035
-2791
-2596
-9734
9130
9253
3397
4805
9027
-62
2974
-1554
-1932
-5039
8279
4967
-7141
7104
-2829
-8851
5510
-3488
4982
28
2819
-6366
-79
9671
-2244
9087
-8359
-7955
6144
9301
-9424
-4441
5298
-8325
716
-6557
-3346
9532
-5225
5068
-2028
-9677
3191
5616
8808
8677
6904
6351
6171
-9766
4223
9084
4164
2834
4017
-8954
2220
-3419
579
-9818
-8434
4591
9777
-4402
5975
7243
-6295
-8937
4741
-4233
1824
2292
-7184
-6208
6797
8149
-9130
-833
-1291
-7487
-6614
-5045
2552
9721
-4369
-8498
-3385
-1293
-6563
9007
-6018
2153
-467
1535
-9152
-7981
6386
-9096
1549
5174
-4409
6502
147
-3434
1536
850
-1282
-5305
-581
-4422
3640
-82
3963
-7562
824
-5445
-9337
-2017
8029
-7471
-9076
356
-7209
447
1369
-8835
4357
5918
6679
577
1555
4558
5176
-6007
-2454
-2669
-3454
6491
-4358
-9425
2802
914
271
-4604
906
-2294
6902
186
3292
1087
4125
6442
4610
2181
3213
-8520
9098
8123
-6907
-4810
8789
9248
5085
-5299
-1936
-2707
-1950
7238
2010
-8333
-2019
8807
6709
1934
-9704
-9748
7412
-2562
5627
-1231
3988
5303
5345
4197
-3540
-4672
-5661
-2868
4460
-740
-4398
9143
-3616
-8441
836
7690
-9800
4517
735
9246
-7475
-9768
8734
3974
-4687
4488
-5124
3344
-1735
-1334
8922
-1151
-8195
-2218
-2990
7072
-771
-9740
-4732
-4128
1718
-1291
-4423
-669
-4749
-3609
-1744
-9259
6203
832
-8741
4737
9383
-1669
5662
531
-1842
-6256
-707
-3606
9745
-5189
1658
6824
-8180
5761
9264
6658
-6827
-8915
9355
-4991
-4903
9729
-1274
-7516
8876
4499
-4976
-6250
1891
-4140
9677
3067
-7268
6682
-5066
-1452
-2128
-5714
-6503
-7935
-5522
-9723
5907
-9051
1832
6145
-3568
-6241
1040
542
-3994
1254
-6371
4
-4880
-8564
-6486
-874
2874
-8508
-828
-8553
9175
9632
3662
6098
4732
-6533
-6990
3761
1431
7436
-5426
5321
7293
9481
5015
-2842
-7981
-7867
-5519
6267
2710
6369
-2496
-8470
-6584
-2866
3266
-2617
2327
-6922
8686
1303
-7895
5854
-4227
7675
-6663
4851
4524
-569
-392
-8534
9677
-9769
2591
-4117
-6477
-4912
-1525
-3836
-6217
-2974
-6136
3025
-1166
3630
-3081
3104
-2280
-6189
-4169
-5511
-2470
-2253
5074
-3274
4454
-9252
-6844
3497
-7271
-5142
4645
7610
7802
-1800
-4142
-1102
6625
4673
6346
-3307
-6836
1138
5833
8924
4997
1218
6622
-54
-9504
-3067
3008
-304
-3537
8470
-9082
-2578
4701
4496
5625
-8022
-6391
6551
2725
9121
-5803
-3628
-593
-2602
5769
4178
843
-1163
-3550
-9950
8727
-4300
-9094
298
8526
-3072
779
9870
-9461
1615
-2194
8194
4368
9462
4172
7337
-5139
7142
-4948
5025
3272
-7843
9675
1787
-8912
-8189
-49
-3067
-1665
6206
4121
597
4620
-134
-3322
-4518
5223
4435
6712
5012
1617
1260
-4635
3429
3041
-9485
1494
-2751
-3593
-1935
5479
-8575
-4258
-2802
2624
-4029
-5999
6260
-1673
-3591
8935
4275
-821
7508
-6452
-5340
-3302
1880
1385
6779
6054
-1536
-9699
3003
-4259
398
7332
-9784
4441
6867
7373
5801
-9408
4078
-3057
5105
5507
2187
-3777
-2581
7264
-9877
7912
-1042
-905
5587
3252
6072
-6275
860
8731
-7017
9608
3485
-6967
2936
-9536
-4370
5342
-3661
-7138
4626
-2758
-6524
-7716
-9120
4250
901
-7044
64
1541
-1186
-8995
-882
9558
-523
9759
5839
-2835
-6408
2319
7124
3442
-7704
1681
2254
-9191
1496
6002
-8079
-8952
666
-6868
-1386
8015
6745
5458
7413
-4808
5329
-8646
2835
-5014
-8548
2523
7959
9340
-6924
7469
4399
-8949
-6124
5506
-493
-1000
9240
-3052
-6177
-9228
1384
1874
-3429
-5234
-6213
132
-2447
-7604
-5996
9565
3127
-6452
-5163
-2082
-8257
-6315
7976
408
8527
-3771
5627
-1124
8303
7159
-1259
-3463
-9015
5403
-7228
1757
-778
-6628
-1917
-5681
7302
1820
-8971
-9556
-7815
7184
8122
715
-3542
-1416
2213
-1534
-5512
9315
665
6993
-196
8135
-798
5032
-4824
-2127
6500
8930
5135
1359
-2826
-9945
3518
-8037
851
-4906
7484
-3997
-1924
-3390
-1445
-4496
-2251
-5206
-2216
-7909
6214
-2197
9273
3364
748
2899
-1570
-173
-4786
-8228
-7199
6959
3333
-9770
8111
981
8509
-6198
863
7622
2086
4722
4223
-455
2977
693
9804
3484
7588
-3602
7077
-1597
-1448
-3614
-136
8268
-1194
-5031
-511
-4695
3531
8558
-6066
7789
8059
4790
45
-8377
-5446
8486
-1655
2846
-1760
-2926
763
5733
3238
2665
4499
3609
5929
3660
-6186
-6
7552
2308
-8353
2845
259
4287
-3317
1036
3668
-7845
681
1882
257
-5424
3465
8400
7448
-1231
6455
-3981
-3469
-3221
-7447
-6932
1242
8066
7001
7393
-7942
2956
-2792
-2967
9836
-7514
2612
9565
4265
6613
-5435
-118
1201
6191
-8906
1070
-3573
2603
-8343
2672
-5173
4792
8376
-3569
1940
-1674
9782
1775
9534
-8376
804
-6207
7175
1493
-805
-9734
-856
8689
2154
-4181
2345
-7995
-9078
1395
6076
703
6801
-263
2814
2192
-9069
2683
-484
-1801
4798
-1736
5247
-5412
4801
-912
-5115
-4386
-7712
4205
-5602
-6194
-8286
9091
-983
-9410
-9899
-2501
-4239
9617
-1593
4144
7636
9529
-1849
5779
1362
-5959
2627
-784
-7274
-2244
5828
-5275
-309
8439
7958
-5041
5308
-824
9503
5242
8102
-420
-2318
9934
-3931
3370
-8098
-9884
7036
5443
-4985
-9579
8280
4585
-8986
-8178
8902
-5873
-8052
257
3202
4397
-6276
4478
-7665
-350
-6004
-8820
-4859
4833
-1578
-6264
5893
9332
8405
-1947
-5928
1128
-4574
-300
-7669
-2637
8018
-3233
5176
-8370
-4746
-8572
-684
8122
2065
-3801
-2694
9047
-6617
-7615
-6499
-319
276
-4738
9667
-6310
6469
-1539
-2903
7818
7822
1753
2066
-8968
-4256
4594
-8655
4992
-9575
-5006
-2852
6274
7243
-6172
-5682
-2447
6534
8442
-1584
9474
-5234
9942
406
6280
619
-5675
-6672
5952
592
-1173
6006
-4476
5569
5354
3742
-3812
-9215
3392
-2598
-5340
8638
-5403
3165
-7393
6282
-6180
-2320
563
8270
1467
-519
6918
-7807
4531
7873
2981
1637
4865
-9906
3971
4244
2463
-761
-8253
-3021
2252
-5673
3449
-9416
-9755
8798
-9823
6576
-1167
-5061
488
5229
6540
-6838
718
7808
-181
-4252
3955
-4012
3402
7532
-3503
8516
-2843
5678
4636
-522
-5507
-2654
7005
7264
-2622
-1787
6887
9864
538
-8013
2095
-7604
-5414
-1754
-4879
-1635
-3357
-684
3462
-1710
1303
9041
114
-8339
4912
-8124
-5221
5625
2993
4241
2266
7337
4408
7859
-446
2598
-8557
-7618
278
1855
9834
6809
6121
-5473
5349
-452
-6144
1434
-2887
3799
4582
6225
5110
-3281
4965
2386
7505
8463
9923
4879
4943
8997
-191
-1485
-2502
-4370
-6387
-5104
-4580
-9216
-7702
4480
-3526
-899
-3209
-2394
-4317
-8504
8323
985
-2937
1430
8111
-3940
-1405
8556
5712
791
8340
4786
-9825
-9675
8399
3809
2201
5107
7695
8176
-5792
-6807
-5314
-977
1589
-1681
233
-7980
7825
3019
-5887
-1130
6798
997
4729
-8830
8015
3639
-9925
-5971
-3177
-4006
-7913
9844
-9754
-5266
9108
-8403
3842
2199
8359
1134
-7791
7911
7372
-1721
9290
-3365
-5334
-7236
-1165
-6448
-8463
9035
-6866
-8467
1359
9986
2556
4174
-719
-6089
1196
-1205
3008
-6254
2089
-5135
1059
7855
3572
-4303
-9815
4556
-6493
-3343
-7365
8669
7459
-5738
7588
-268
-2474
-8811
-373
-4859
-4008
8019
-8334
223
7579
-1854
3866
4718
5377
5956
2202
-3271
-9690
-7199
-5837
-4556
-7357
9479
-7498
3034
-1879
-2685
-3370
-8512
-4250
-5388
-8485
-9531
-6022
-5292
-6681
-5145
3512
-2008
-3555
-1998
-2944
-2218
-7925
-8736
9380
-5702
-2744
-4786
1201
-9699
3790
-375
1335
-7187
-6835
-5097
1732
5217
-7491
-8251
-8313
1731
217
-69
5108
-824
5985
2889
-5841
-6566
9467
9169
7813
-9330
-3723
-8466
-2021
-7972
1109
-4488
-4411
6859
-2670
2467
1645
-8149
8532
-3949
-8263
-3418
-65
-2483
3115
-9271
3940
-3133
-3317
-5210
-2255
-2726
-3887
1874
-6628
5905
-6199
-6139
-5053
-7650
-8151
-1741
-2797
-184
-770
4780
-1551
-4426
-7808
3988
5465
2671
-251
5423
-7805
-4599
-6647
-6639
-8354
-4583
5302
-6808
-8067
-752
-1554
4244
9386
9610
3136
4130
3832
1966
5105
8344
3534
5228
2071
686
-6538
-1496
5420
-7774
-2314
8748
-647
-8172
-3970
-8994
6316
2764
2823
8028
-9379
-2116
-740
-4487
-4809
-4274
-5045
-3605
242
7062
-2223
-2433
9688
946
9776
1866
6701
5014
-7217
-1381
8389
-8046
644
5919
1461
-7872
8536
-2486
7961
-1455
5471
-8101
76
8351
-3436
-3897
-7897
-3817
5205
-7988
-5348
-8615
9263
2417
6827
8104
-7881
-6516
-1904
7098
-9391
4049
5871
-6017
9631
-6325
9307
-4186
3310
-9397
-8206
-3964
-3555
1410
1776
-4376
-6171
-5983
-2505
-1977
-5397
-2725
4534
5180
5237
-9440
-2387
-7039
-4781
-8853
-8571
-1587
6845
-848
2980
-4396
-7404
-5663
5627
-2053
-3362
2246
9794
9483
-4381
1917
-3874
385
6782
-283
9961
6444
-1683
647
-8385
2328
7481
1344
6637
-7511
-5453
1565
3391
6055
426
-4157
4921
-6872
-5578
2195
7080
-6918
9637
-5311
8274
-2590
-7820
102
-935
-5509
-7917
1680
8946
6485
-3455
8776
3919
4586
-2996
-5557
8682
4491
-1798
-7336
1286
-5095
-6330
-6740
-3753
-3219
-6516
2295
9192
8678
2274
4583
5190
-4102
4639
-896
-8574
-4880
-1327
7731
-31
5035
-7761
-7494
2977
5509
7258
-6065
9314
7755
-6286
3118
3751
4959
1091
-8424
-20
-3400
3839
7871
8783
-9929
-8783
5659
-5975
5853
6421
2276
205
5395
1607
-4542
3603
5286
-4619
3161
8200
8828
5175
690
-8254
1627
7386
-7733
1619
-2826
7263
-319
9417
-3141
3491
-5650
776
3420
3863
-3029
-1408
5138
-2928
-1107
-2708
-8618
-7639
9607
-3055
-5235
-7002
9409
-6271
-1855
6747
-2363
5291
-1902
583
5986
-7081
-9829
1118
-2336
9726
-7065
-9158
9062
6124
142
-9741
5978
-3097
3152
-8217
7730
5094
935
-6721
-1173
-9454
9231
1298
-197
-737
5864
8802
4892
-8888
-5940
8644
-7588
8059
1813
-7624
9823
-4037
6810
1197
8171
444
-7346
-1270
-4750
-3951
-1209
9731
1879
2770
-3697
4778
-4457
352
-1698
-4710
5371
6154
-1338
5973
-3833
9337
4594
4018
1488
-2379
1512
3865
-8734
8847
2104
-2877
8877
-1935
2110
-5913
-6089
-1970
-2336
4118
-8789
5386
-6522
-984
-2621
-9685
-470
-3433
1598
-1946
2937
8710
8188
-5430
-9055
-4689
-1897
8117
-4210
-6840
-5750
-3758
7165
1042
4217
-9449
-6579
-591
-9305
4029
5296
8091
6452
-2370
6370
1940
2129
-9738
-8409
1650
-3752
-8717
-5455
9124
1441
3030
-5773
-2151
5303
-2916
3217
-1734
6298
-6620
-733
-5284
-3663
-4483
-3732
9558
7118
51
1026
2392
-861
4925
-7353
-1396
-2706
-3449
5385
2179
-9056
-3049
7349
2228
6683
62
3028
-8113
4336
-2877
-7297
-2010
-4711
1940
2844
-1531
-1434
4160
-6931
5289
-2810
-5974
-8453
-6278
8787
-1318
3027
4854
7444
-1018
9783
-6459
6681
821
5114
8945
1411
-4245
-3641
6790
5006
6796
-2887
-3476
9778
2417
6836
8079
4889
9852
713
-9654
1984
8614
-2960
-8660
-4361
-8367
495
7240
3260
245
-9280
-2707
4292
-7619
-1430
-6166
-7402
7408
-9773
6964
4029
17
-94
-541
-3449
6699
5955
7813
-9752
-551
-2542
2873
-2961
-7299
-9151
7897
-3511
-7452
2893
1091
-4659
9604
-7238
1737
-8287
327
8597
-3748
84
-3612
4985
-9299
529
-4321
2505
3413
6734
-2808
-2952
9160
9106
-4193
4429
-4032
-7066
-916
-7598
9957
-6894
5893
-9772
3749
-1726
-1910
592
-3851
-6768
3096
-2994
-833
-2214
-669
3485
-2913
-4881
3826
6996
971
7369
7488
-8815
-3251
-8800
1129
2192
-2680
-5230
-4817
8864
-6207
-1008
-4440
1876
-1333
-4926
-6145
5370
2125
9122
4383
792
5779
2141
-2721
-6846
8033
4124
8474
-2762
-8453
1834
-7640
-6692
-4544
-7364
-2563
-8720
9843
-1049
4614
-3824
-8650
7021
-3220
7601
1327
4085
-2136
2081
-7447
-6866
7003
495
-6768
-9285
-9490
-8718
8084
4164
-2332
4410
-8848
-1994
7906
-717
-4855
8304
-2686
-9755
-4604
123
8328
119
-9627
5046
9007
2431
-9680
-8815
-1004
-6059
5153
4164
-8951
3592
7982
-7200
-5832
-2987
-7574
7791
2971
9514
-7690
-6828
-3085
3745
5663
-4875
-5087
6798
4947
-9337
4282
8447
6144
-4166
715
4678
6517
-7095
270
-4028
1544
9999
-1108
5403
-1
-999
-6921
2505
-6392
-2211
2161
7521
-4169
8069
6774
6267
-9735
-5425
-248
-2303
-6070
8740
2768
-8762
233
-2562
1374
-167
5567
-8833
-8898
-7720
-2298
1899
-8186
-3092
-8975
-1360
2961
-7826
-8169
315
-7299
6681
-9488
9239
-3063
6701
8150
303
2885
-8134
-5997
2009
2516
9115
-2334
-7116
5982
-3634
639
-8575
-8022
6041
-170
7895
-103
-7132
3150
7787
-8837
-3496
9794
5003
-3591
-7512
8673
-287
1854
8145
-1720
-9018
7727
-1079
-7848
-7018
6073
-9567
1630
4143
4314
-7981
-3379
-6777
1660
-6601
689
-2462
7918
7215
4909
4502
-4727
2139
5765
-1621
3624
3344
2159
-2264
1296
8517
-1209
3987
2275
-2787
5391
4713
-7902
1155
3357
-2286
-302
9499
-468
867
1367
42
9238
5508
-5157
-2820
-975
2104
2682
-1435
2564
-6869
5271
-7519
1788
3848
-3955
3487
9332
-8466
3395
3999
-2521
-5012
-9452
-4233
3783
-4974
7655
1744
3975
-5299
-7866
-2421
-680
-5507
3288
6054
6151
3373
-1573
-1066
-9272
-7559
-2000
-1523
1731
7364
-9214
3465
2443
1674
8480
-9331
-2001
-8005
1670
-7859
4120
-5455
-4736
-2867
2593
9411
2062
-8885
-286
1802
9729
-3920
-730
-6540
-7485
7691
1672
5679
7149
-5701
5227
-6594
-1917
-5123
2015
-9631
-430
-8485
-8162
8706
-7344
3139
-7498
-1158
-6313
3442
7623
-5563
-9521
7625
9927
3303
4174
-7334
3686
2676
-8483
5786
9255
8283
1250
2820
2358
-4063
-5824
-4955
-7664
3779
1274
-3277
-7679
9898
-9544
-8474
-8329
5109
-5933
-571
8434
-4905
-1601
-5657
-6952
2316
1146
1260
-497
2795
-1514
4903
-4662
7523
-3608
4777
-6007
7710
2277
-2834
-5762
-8040
1312
-8616
-4659
6893
-2151
-8163
-1671
-3081
-8666
1715
5144
5153
-6367
-4277
-8858
-5593
-2048
-9560
7769
-7694
-2593
-6451
6323
3284
5501
7259
-3564
5965
-4908
7982
5449
9603
-4420
6556
4971
-2196
-5954
-3236
-2985
-8325
-6825
-1887
-5574
6710
-1941
-2071
351
2025
1603
-6374
2175
7550
2033
2827
2131
-2038
-2561
8183
-5578
6891
-2286
2400
4801
-1177
-1439
-6855
7773
-9019
-5400
7532
3329
4300
8135
824
-7080
-3018
5050
-1986
2026
9129
-7724
3979
-7169
7888
-9458
3130
-2093
-7565
-3792
-8299
4949
-3083
7516
-1390
9736
-2949
244
-8219
-800
3542
7043
-1770
-7222
7069
2141
-4474
-5698
9651
6967
-8673
-1622
983
-1552
7299
5415
7597
8147
-2724
-931
-7142
-4800
-43
6769
-5523
-6145
8570
-1020
5837
-9998
5648
5568
6519
3088
-269
-194
5291
303
5548
2411
939
753
-1168
2473
1026
-3813
6005
3919
744
-2145
-6135
-6215
276
-6363
4892
9624
3253
-8836
242
6778
7089
1090
-1955
-7421
8927
8854
8249
3044
-4815
-484
8313
9286
-9284
-19
-3758
528
-726
3417
-2013
-7549
6706
-4264
-5672
-1586
7675
-7820
9526
-7880
-4041
-8163
6050
-679
1866
2411
-6710
-1022
-8736
-2731
-754
8143
5184
-4144
6197
8136
-1380
-8724
8289
1596
-3934
-9074
-8385
-7998
-1629
2114
2287
-7119
-3432
-3265
-251
2822
3746
-3676
-6555
6382
-704
9655
4876
-7698
8283
680
-2374
-6157
-5112
-5906
9732
-5359
5907
-1515
2776
6135
4617
3236
-1918
8319
-7373
-3469
-944
-2648
626
-1367
7529
2023
-7263
1297
3497
8200
2580
8606
3487
2794
-7286
5161
-7821
-8345
7293
6912
8050
2933
-3119
331
-4542
9318
1979
-6478
-7947
7265
-5627
-2970
7809
-8747
-1804
-8775
2117
7801
-3985
-2187
-8442
-9619
-516
-7239
7723
7163
3134
-9638
4425
167
9754
5369
2928
4899
8646
304
-3745
-8101
-6231
2812
-1686
9106
-1429
441
884
4790
-3277
-1388
9511
7786
-6204
-2283
9579
3998
-3528
2582
1335
8691
-5179
5247
7326
-864
5067
-4867
8196
5707
5539
9729
7277
-7691
2885
-5827
-6650
-6443
-9488
-4481
326
-7392
9753
-9101
3868
-8744
-4166
-9728
-4549
-4191
-3751
9449
2301
5655
7568
-9846
7003
-8910
6524
1989
-2961
2920
-6988
1354
-5842
2924
5353
-3152
6349
-289
-9181
5073
-5153
-2892
-4777
9093
-7122
-2521
136
469
8384
2983
-7224
5465
5246
3032
-2468
-1828
1579
-2769
-9155
6581
-7106
153
5923
4359
452
-6736
4841
-7319
-9702
-2058
506
-6932
7191
-3326
9074
8174
180
3831
-7269
3946
7660
4504
5594
-9391
-7846
2041
-9058
-4613
-9085
3349
928
202
-7298
-5711
-6887
-719
4248
-8391
8551
9469
-6131
8316
-3749
-6893
7785
9780
3027
1423
-3489
1331
6745
-1647
-8844
5872
-7971
2517
9720
407
1944
4292
-2619
-1033
-2381
-7481
9860
-246
-4628
4247
-931
8961
-5006
5285
5938
-9402
-3292
-6824
-1944
8532
3632
-4889
-2028
7256
5986
2018
5842
605
-9929
-3150
1269
9273
-7438
8586
6777
5687
-5544
5812
-3359
6958
-5840
-4998
-73
-5176
5523
-582
774
-5875
-3938
-9582
279
-9702
-9938
9978
1350
2958
-5413
-2925
-9320
3740
-3663
1862
-1600
8254
-1877
-4274
-8589
-4006
707
-7739
-8122
4691
824
-2098
-3179
7811
9426
-3217
-4305
4530
-7772
6131
2278
-9441
-8044
5560
2069
-3327
-4382
9764
1575
3482
-5556
3409
1791
2975
-7736
-6619
-3775
5810
-1626
-2342
-5481
-9095
-4934
-38
-6968
-3447
-8481
-7193
1748
2560
-7711
-8319
5739
3399
6479
-1422
-4367
-8046
3429
-3327
-2804
9643
-1443
9582
-3846
5505
6082
4320
-8602
-8521
-9498
8516
-2782
-4159
8468
-1501
5147
9854
-4952
-1227
-8289
-5233
-7632
-5002
-8945
3330
5594
-6414
5444
-9876
6754
-9341
5426
-2842
-4023
9062
5185
-2953
-5363
7891
-1658
5980
9827
-4190
5372
-9204
94
3942
-5250
-181
-9909
-4406
-9172
5582
-8660
4662
-584
-5761
-677
-1789
-6851
3154
5045
-9123
-8955
-234
-1867
-9771
-4583
-9134
-372
6169
5666
-830
-1469
-7337
7254
-4520
8459
-2754
4167
-7021
8040
8792
7061
-3950
4413
-813
-6224
5314
8031
-8886
-797
8256
8844
-9475
-7087
8421
7881
7043
-6520
-7068
8868
7609
101
-9286
841
5483
3192
-6945
-1923
9800
-3655
1434
2211
-1784
1829
6583
1997
7302
-2826
-1392
9153
-4335
5608
-2404
3620
-6598
597
-5753
5500
4322
9952
-3223
-9646
842
-8654
2694
299
2866
-909
-3752
-7532
1131
-2969
-311
5909
4423
-8379
-4959
-4507
603
-7959
5081
9508
-3336
-2979
-346
5307
6656
-2596
4266
-984
-4726
-3360
-8313
636
-3301
-1091
5421
9840
5378
-7188
5854
2550
-2182
-2910
4163
-4066
-4821
6020
-6290
9275
5496
-2457
8949
-9519
6825
-1909
-4455
8060
2228
2648
-237
-7497
1642
6034
-5150
6524
-2764
7670
-9999
-4008
4095
6633
1110
-2843
5079
2259
-4224
2306
4086
-2858
-766
-6052
-2418
-7674
-7437
5723
-1747
-5229
-2955
-4983
-1790
-9179
-861
-614
-3614
-9984
6857
-7675
4785
8814
199
5424
-8978
-7830
3834
8046
-5645
1114
6430
6260
-2239
8884
7131
6544
-7850
-4036
2049
-2812
-464
2123
2244
4361
-3521
-6127
3701
6686
-827
5804
-4673
1397
-3967
2234
-2206
-4956
-5291
2600
-5061
-2365
3451
6649
7674
-1227
-5300
6669
2394
-3408
-6159
3216
4783
6324
-1460
-4322
781
-3090
1326
3317
821
2325
4917
6448
7943
-6620
8551
-2572
-433
2023
5981
-4362
-3859
-8246
799
5629
5472
-1208
3612
-6645
557
9908
2922
-2626
9228
-4527
-7824
41
-2544
963
7034
-7466
-1254
-3923
-356
-6219
-8919
4460
2420
9399
8644
-3140
6062
7880
8257
-4314
-2899
-6577
713
-1870
4657
4915
3158
3733
3748
-9509
-5110
874
5508
6744
1547
-8507
-9743
-5966
136
8177
8321
-2123
-7905
-1453
-2992
7956
5150
-9382
1694
-1537
9269
-9501
-422
3610
6426
-2381
-6445
-1044
6008
-1828
1729
357
4711
-9216
722
-666
2432
-2486
-6754
-4647
1410
-3637
5897
-7680
6181
-319
9739
-7960
4333
3419
9711
9475
4361
-7712
-15
7970
-8436
-4754
-7164
-2962
2009
-1263
-4809
-1057
-3492
-9998
-3066
3835
7845
5026
1990
4836
-735
36
6036
615
5442
-6628
-9404
8965
6010
-2188
-7086
-6315
1844
-5129
5313
-9843
-1680
2495
-9227
7124
-5728
-2594
-9888
-6090
-8128
1219
-7929
4958
-2736
368
1274
5259
413
-7075
2647
-4541
9224
3563
804
9369
3176
8925
5627
-7900
-375
1978
-1463
6331
5721
-2392
-8882
-3292
8302
-7763
5346
-9262
-2502
2205
-575
-5672
1404
2040
461
472
-1024
-6887
278
-5448
3315
5541
-3311
-285
4683
954
-6059
-4898
-9001
-2235
3351
-9472
1414
2899
6585
8
9911
6402
-2526
6617
-618
-325
7602
888
6791
4920
3787
-1094
-2555
-6018
-9223
570
-5901
1879
-9905
-1411
-3384
-9036
7079
-9305
7197
-3947
-5935
-53
-7118
1304
7732
2948
-3779
-6097
8865
9991
9268
-6008
5192
-9787
-1565
-1539
-9964
5277
4510
7516
3184
-6373
1454
8988
-5080
416
1441
5236
-4053
7026
-8073
-6217
-4049
-959
-5770
4574
5973
7791
-6635
-2620
-9326
997
-7622
4529
-6798
7261
-6408
568
426
6568
4046
4169
-8052
3726
7730
-9688
5830
-40
-877
7014
3775
7549
2705
2235
-6175
-5531
-4207
6031
-7058
-8227
2212
-1063
5716
-4002
7464
-8687
-7670
8542
6843
-4132
-9948
-9031
6348
-1847
-1961
511
2035
-3899
1379
2992
-680
-3575
8036
-3292
7700
-5923
-893
5645
-8637
1331
-4965
7323
-1712
-3691
-9036
5089
1775
-615
-218
7143
-8940
7862
-4827
-2182
-8727
-9695
-1001
447
5231
-6618
640
1525
-2601
-3425
4456
20
-1297
5779
6790
6237
-4683
3945
8527
7392
5131
-7933
-5432
3211
-8842
-3195
-6832
1132
5998
2924
-58
-935
9738
-9298
-9740
-1819
-6803
3517
-7945
5492
-9552
5356
-9980
-7464
2458
7093
9669
-6918
-8760
-3925
-7503
-9861
6443
6188
-1621
-646
181
-3130
-7728
-4324
2223
1153
9732
9621
8554
3127
3588
8993
4339
-984
-5655
9364
-8162
9934
-4760
-5517
3213
5418
-5406
-5910
-9502
-8176
2751
1531
-3387
109
-593
-7114
-4007
7988
-2520
360
7988
780
2203
-477
8541
-8327
7998
7762
868
9141
-1841
-9144
4454
-3404
-1617
1427
-6977
-3689
-887
443
2710
7111
-2550
7348
5891
6620
-7644
-914
-4454
2281
2639
-9583
-8406
-9422
-1640
-7699
-1523
-8127
8623
5204
-1744
-9251
-3185
-3743
2115
643
3959
2536
6027
-2914
-7655
-1383
1602
7337
-2170
-4850
-3104
9941
-4211
5428
9872
-25
-8308
6368
7441
5517
-2879
-3420
8597
-3772
-9753
-7640
3016
-1753
-7645
4029
8479
-9060
2918
-3981
276
5272
2223
8551
-8069
6343
-2427
-5848
2430
-1108
704
9617
-6281
-4814
-9792
6907
8748
-8011
1175
-7772
-309
-9094
-1584
-9328
3440
5121
-8079
5110
-4534
2970
-2414
-1112
2238
7772
-200
-8172
2805
1409
-9096
6810
7148
-8504
2411
-1134
8577
132
-869
-6035
-6192
3364
5251
3906
-394
2307
4361
-9932
-5006
7075
9423
8397
7495
2894
7823
4811
7648
4580
-8638
9567
586
9419
-1511
-5168
-1402
-7449
-5556
4867
319
-2089
7510
-322
-6456
2326
-7281
-2580
-7783
-9163
-232
-4207
-58
-1683
7837
-9279
-6964
5042
-2432
7370
-5706
-5833
-9759
8973
-6394
3617
3441
-7814
-7508
-599
4959
6069
-3342
-1995
-9774
9448
9684
-3990
1494
6369
755
8497
1439
-7312
-5803
-1843
9713
6717
-8963
-5205
6927
-8464
6177
-9253
212
-1771
1686
1022
-7344
1893
8408
-2997
6177
-7094
4503
2643
-1275
7359
2524
7384
7808
-9074
893
4093
9689
-2879
-7295
8860
6473
849
-1843
-8335
-8730
-1136
-3603
3501
3714
-9823
5567
-5091
7022
7077
8596
-4186
-3608
-8419
1763
-1847
-4500
-9292
7272
4411
-101
6984
5579
5996
-6871
-8810
7333
-6731
-4898
-8920
572
9745
-796
-8736
7136
4227
8152
-7025
9774
6358
-5696
-4012
2806
-4674
2669
6169
8473
-8839
2767
-784
-5928
-2261
5360
6884
-386
-2840
-4648
-6477
-5103
1885
3275
3502
-3727
5622
-6217
-7481
-5538
2756
3430
5903
-6667
3821
-7086
5680
-7152
7257
9397
-5084
2788
9298
-2390
-589
-9282
-6415
6247
-9529
3879
5062
6231
9815
-8226
9184
-9184
-9824
-3301
-2728
7497
7848
4298
-6982
-494
-6305
-4322
-2370
-8724
1348
-864
5259
9967
3373
-3591
-5304
50
1036
-2673
-2059
-3470
7327
-7412
1875
-7550
-9737
2344
-4262
-5382
6460
-5154
-5812
-825
-9203
-3629
2659
8390
9757
-8094
5797
-9714
-9606
9409
-5080
-7598
5180
-6565
1839
629
6210
-5471
9654
-8475
3026
-2420
-9575
1077
-6163
8650
-2818
5038
-7750
-4800
-7001
-8601
-9628
1545
8460
4358
-5540
8667
3966
-6480
-3030
9090
-608
1608
5840
6327
-3797
-7031
-2620
-6649
4009
9556
-1050
4089
9087
9316
7057
1135
6069
6553
6146
-5528
6643
7334
-3763
2868
1229
-2855
-9117
6307
-5910
1940
-7418
-1233
-5623
7459
-8347
-1488
4983
3079
-9101
1695
7553
6428
7111
-988
6047
5965
378
-5345
8149
-6949
-2314
1294
7652
-5693
595
-8921
-183
6561
6983
2393
-3418
-7146
-1181
-734
5620
2775
-9511
6517
5981
554
418
3419
2420
-1868
-9410
2284
6355
-4098
5494
4746
8256
6524
-4383
1138
2784
5345
1083
2128
-1735
-3946
9317
-8331
-3677
4067
-1192
1887
9819
-8255
-5090
9921
-3618
-7031
-284
-475
8511
-169
-926
7676
-440
-9222
2191
-3633
9682
6028
-3962
-47
403
6692
-8815
-3588
-3442
-1099
-6114
-9643
-3435
-2707
-3169
1612
6608
-8099
1226
-4392
1298
4708
9520
-6356
-957
9682
-4693
9854
-963
-8183
-9283
589
8128
3265
-139
2038
3326
9013
-7296
-4150
-2441
-3799
-5232
8680
2831
-6572
-3877
1854
-3159
-6596
9313
2200
4775
-8246
-5892
2213
4401
2881
9604
1327
-8970
9863
-1269
-4598
9441
9196
7476
-9817
6722
-9354
-8818
-3265
9923
839
-4047
8853
-9721
3991
9018
8008
-7492
871
8033
3854
8438
1239
-9018
6014
-8829
8777
-9699
-7908
-4669
1710
9997
-2290
8548
-2976
-3537
-7704
6191
-3547
-5874
-232
3539
-3563
-3914
-1717
9646
-9127
-7948
-2823
-8943
1240
-3672
8253
-8978
-232
5922
3009
8041
2251
6495
-988
-8014
2875
547
-606
-6174
5388
6259
8661
-4633
4009
-643
5343
-5068
784
-6281
5418
7747
-3348
9595
2073
-4610
9910
-2001
3769
5411
-8932
-8576
-1849
5946
1043
9716
-3849
8040
5457
-2224
-1818
-6154
-5044
5992
6875
-4954
-4727
5229
-9031
4626
457
1547
6804
-762
-7862
482
9090
-622
-8826
891
-7443
-5190
2035
8195
4013
-216
7510
-9384
9054
8788
-7372
4222
6644
-6959
6065
-328
9531
-2463
-1628
-2099
8947
2439
-2659
5202
-9768
-5331
3822
3683
-5805
-2192
-167
-8103
1544
1940
-9724
-7704
-7921
416
5663
-7605
5403
3490
-790
-6335
-5205
1836
-6796
131
373
-2414
-8987
-8875
8512
-6430
-5190
-680
6373
1088
6072
-3049
-3191
9614
1598
2818
8744
-4087
-3167
-5811
-4696
-5240
1127
2859
5783
-5447
7790
-6938
8285
3085
-6926
-2414
2560
-1048
2174
-2646
-4896
3078
-1137
2800
2917
-5393
-3463
-6425
9575
8161
-480
9549
-6921
-6735
-9771
-8844
-8045
-5142
5272
6014
6089
894
5337
2148
-9704
403
4566
-8063
8263
1820
4408
8349
-3224
-8202
-623
3859
-2859
6258
-7405
1316
6922
-2363
1646
4478
-1073
6350
-2614
5319
-9466
-3121
-4351
4323
4507
8661
-3736
6279
175
5804
4313
5295
-9495
-276
-5593
-2871
-6946
-8159
7877
148
264
1423
-7286
-1052
-1309
-9347
-8738
5747
2735
2541
2239
-2046
4104
1392
-1786
-866
-9349
-8927
-5148
-3690
-9170
3659
-4920
2894
-6589
5130
4258
-7678
-8493
2360
-7966
-3839
-933
5277
-7381
-3834
9525
6987
-9286
-5472
-2664
1907
-3932
-8138
6103
-8663
1173
3968
2545
5797
-4872
3456
538
-6259
-3184
3032
4857
4605
-5616
-5810
-9722
-5360
-2998
-1823
807
2416
564
-3709
395
-3021
4863
-86
-9742
-8054
-3803
8796
-25
-8552
-1739
-3836
9404
4445
-5167
-2273
-8351
-8844
-87
49
418
-4103
-6864
520
5340
-196
-6999
-3989
-8685
2783
7979
4623
2455
-1764
9665
-3955
-3449
8583
2282
-4441
4387
1176
2564
-9225
6337
1350
1055
9811
2331
7943
8531
-5550
-323
3406
-3983
9142
2922
-4718
1381
7211
-3766
2137
5874
-8262
-7495
8757
-1930
729
8020
4745
-971
228
482
8108
-6644
-7936
8432
81
7753
-5147
-401
338
-1667
-1559
1567
4721
-9981
-863
-5534
8113
-6577
8094
-6526
-1637
-3326
4466
-290
-2562
7725
1016
5979
-2029
8228
-4563
2046
-2592
10
-9491
2302
5785
-9602
9663
437
-114
-7610
692
1673
-6132
-732
5674
-7955
-1169
-5730
-5218
-8071
5964
1184
7847
908
-5155
453
7153
-289
6301
-3264
-3083
-2714
2125
-3621
-949
2105
-1926
-5034
-5031
-3887
4218
6328
-4484
7485
-1863
5270
9314
-8567
-3368
-2094
-7271
2908
8598
4583
6197
-9277
3069
4341
-2817
-4505
1411
-8293
-4798
-7100
-54
1169
772
1930
-3691
-6463
7825
7985
4713
-6255
3675
-9146
-6326
-6169
-3265
1837
9462
-4391
2611
1525
-5605
4076
1965
-1816
9934
-7374
-956
-590
6572
-835
653
-2109
9557
-4233
6288
-7662
-6279
9853
5375
-7684
-2146
-4994
5773
-9350
-7414
8668
-6557
2426
8001
6183
8758
9394
-4119
-628
8687
-2164
8147
-3755
5494
-4681
9860
-5917
5829
-6897
-6944
4338
-7780
4435
176
-7165
8169
-7605
-1724
5742
3705
5620
-1512
9990
22
946
6761
9905
8937
-382
-2976
8826
2527
3078
-1867
-3996
6615
-7281
9854
-9729
-5612
2456
3386
-9059
1632
-580
-9458
9957
-4617
7252
8981
2720
-189
-7976
-4797
-7808
9437
-2336
-7647
-1207
-3991
-3107
2328
2540
9751
-3901
8026
9285
-8969
-1324
2211
6248
-1556
4525
-2023
-326
-1978
5935
-7062
-7178
-1945
-2377
9089
-5232
-7162
121
4644
-8233
9134
-7770
2635
-4917
8071
-3440
8125
5561
-1148
-4376
1414
4343
8428
2803
-5087
-7780
-2237
6575
4956
9814
4661
6652
814
-9749
-7235
-2481
-8286
-6569
1167
-966
-1420
-7463
4937
-5286
-7623
1694
-8198
7107
-5889
9253
3859
-9000
7304
6797
2641
3901
9356
6561
-7554
-3574
-4172
-8140
-64
-5485
-1622
-7203
-9205
5388
3866
-5768
1274
-1535
4455
6027
388
6476
-2963
6050
-701
9737
5770
-3798
-8819
5014
7978
6280
-9283
5663
364
-3790
917
-7363
-2717
7410
9354
-2784
-3040
9600
-9433
-7529
5154
-2298
2861
88
7994
-2689
-3741
6763
5310
6059
4245
-6756
-9533
-738
-8785
8602
-3173
-7646
-3881
-3707
124
5843
-818
9649
-9578
6387
2584
-4872
-813
2294
-2377
780
7100
-4990
7947
7791
-1628
-647
160
-5786
8385
7546
1105
8439
-3623
-3840
4904
-4753
-60
6456
-7578
-6044
6268
6136
3706
9267
-2887
-1871
-3927
4715
8996
-9148
5009
-1338
-7069
-5932
-6405
-146
4207
-5211
-2011
1577
2288
6774
-6012
-3683
9787
-6521
6374
4192
-9544
7432
-4839
-1589
9406
-3729
-3525
-2187
-2076
2285
2210
-4267
-8785
-7698
-3111
8561
7052
-3574
-8852
8510
-8933
-3609
6302
-774
-3565
-659
-8106
-1464
3765
-2479
-2807
9331
4029
3606
7102
-325
86
3782
-8489
2794
-8957
3368
4895
-179
-1487
-9411
5950
3423
-5749
3698
-4442
-130
-5313
9846
-7098
-5590
2038
-1408
8724
-9618
6650
-949
8110
-3605
6025
5035
2903
-9795
-2909
8863
-5938
-9442
-470
-9348
534
563
6714
-3495
-1898
751
-998
1267
1742
9194
5108
-5913
781
536
-9070
8631
-5255
1234
1558
7439
-4282
-3908
-5342
-6352
-946
1444
-1255
-1617
-6385
-5635
6991
2352
-196
9216
9001
-7020
-8958
2440
-9668
7618
6530
7782
-1001
-4749
4563
469
-297
1668
4358
2034
-7195
-8046
6694
7756
6730
-4189
-8223
-1628
3302
7884
-3127
-7788
8294
1655
-9825
3046
290
8205
9530
5505
-1763
9783
1351
2354
9801
-2350
-3547
9365
3318
4277
-6767
2646
2263
2669
-1163
2
1344
823
-716
-6938
-9335
-5028
9098
6046
506
-6966
-6478
4565
-7885
7981
-2816
3473
1125
6989
-3247
4203
-2630
9841
2172
8762
-1894
5691
7610
4477
-1982
6268
2848
-1
5123
604
-7134
-7743
1136
1808
-7255
7965
-5002
-954
9037
-798
-6497
-112
7851
-4880
8984
-5975
-3995
-2905
6811
-5757
188
-6065
1544
-5431
-6298
-7989
-8828
-4458
-3882
5571
-9843
-3735
577
3434
3843
8844
7346
-3640
1631
1418
8853
-7294
8692
64
121
-4832
-3497
-8882
-2202
-7768
-7081
-2659
-8354
-1797
7387
-896
-927
-228
4333
3965
7705
-1726
-1954
-576
-8492
-8549
7960
-5928
-7871
-988
-8288
8526
2203
-8762
-5254
2471
-2312
-8175
5151
-9173
-5100
-3580
3006
346
-5306
-7610
-6908
-1108
3742
-3174
2267
7302
-4624
6027
-6662
3989
-9070
5160
4251
-8039
320
-9548
-3755
9045
-6756
-9090
5351
9277
5538
3558
-8217
-1323
1283
6817
732
6660
7992
8954
-9096
991
5446
8838
-9258
-2108
596
-2693
5678
8145
4323
7714
-7406
-8422
1354
-3870
-2272
4587
8637
-5375
7930
-183
-4342
5448
7830
3457
-2850
7166
-5576
-372
8869
-5276
-281
-7956
7399
-6300
7634
-5522
4083
3009
3776
1477
-5580
-9817
-4307
-3447
-6877
5125
2212
3774
-2018
5091
8857
-9879
8494
3319
9652
-5358
-8230
9884
3271
-4517
116
1644
3230
1273
9897
-7400
-6451
-3085
353
-9928
3533
8422
7399
73
-1679
2565
-9116
-330
7921
5524
4995
-6795
-6201
8298
-8707
9719
4567
-3930
1627
-9354
5822
5547
7468
6700
2011
-4801
-7787
-8366
-8743
3905
-5674
6154
-5192
-7683
-9232
-5697
9964
7654
-4462
-8484
6349
8038
-597
-2133
-760
-3433
-8564
-6449
-1190
-6327
5969
648
-1556
-3518
-4866
-8109
2763
-79
3517
5557
-1215
6225
-1213
1838
-8145
-1676
-8639
1141
4958
2570
-132
5764
8527
8357
-7320
7971
-4642
9330
8358
-9663
3771
-2194
5626
4264
7542
9319
-8530
7642
-8934
-7737
-9325
-4120
843
-2224
-7993
7008
-6423
8765
-7933
-2283
4292
1553
5520
1004
-5545
802
-1269
8865
-3418
-9367
8164
-8529
9784
8039
4577
-8162
-6729
1157
-317
300
5774
290
7460
8361
7128
-3537
6366
-5783
469
6988
1505
-6926
-7224
-2585
-1180
-4650
6661
2937
-2032
8636
8023
4741
4244
3988
2582
-4867
6599
-784
-3348
-2280
6217
4929
-9938
-456
-1724
7331
5428
-4199
-8150
4945
-9179
-6131
-827
-9783
3310
4057
-535
-1966
-2127
-1008
-3136
4895
-4664
1798
1059
-6092
8355
5029
3326
-3932
-8257
-7486
2220
3917
5493
1249
7144
1605
6548
-6421
-8064
1870
-4087
3479
-986
-326
-135
-6678
-1181
4125
-8502
-1614
-8598
-9762
3672
3968
-2901
-6149
-274
5922
-3665
455
-334
1747
-8993
7595
-6286
8057
8502
6688
9608
-53
3225
732
-4298
-631
1346
-8339
9308
8089
-3457
4691
-1289
-7347
7665
-1425
-3059
8622
7959
-9934
-1404
-8604
1427
3580
-7603
-92
5615
1718
-2485
-6525
6332
-4783
7075
1331
-3428
224
2655
-6799
1304
9670
-7946
-9117
-6746
3991
-7166
-1387
3898
7649
-706
6144
-7190
540
4533
3449
819
7774
-5184
-5291
-3873
-9770
-6960
-9065
9846
-3349
-1780
3836
-5445
-3374
4810
-5510
-4379
5466
-3981
-7388
1194
2919
-4077
8517
-7755
7249
3971
-6246
-2700
2404
3677
177
-8893
2769
-3545
4709
-30
353
5675
-4328
-6299
4766
4972
-3157
-7590
673
8893
-2074
8453
-4917
-3573
-201
1694
8081
-4407
-4065
9021
1645
2300
7120
5274
2679
-7364
4619
3110
7956
-2386
6199
-714
-4079
-391
6064
-4574
643
9757
-2213
-8573
3587
170
-2537
4762
4813
4011
-2647
7142
-493
1974
-7646
-2564
-7233
4949
-1113
3003
-3848
-2958
8480
3886
6697
8549
-1487
-1895
-4056
495
5648
-1053
4915
5280
-5251
9999
-630
-2430
6498
-796
-183
-7721
-7187
9053
9095
9280
-7300
1251
8193
313
-5761
1597
-4545
8330
-516
-6912
3002
9049
2185
-3446
-1865
-9744
3278
5620
-4763
-4634
-4185
9192
-5738
6940
-8098
4249
5908
4540
-2211
2325
-412
-3981
-2609
-2277
8829
3577
-2168
6485
-6935
-249
-9819
-876
-5745
2517
1593
7240
-9754
6696
-4009
8861
8501
3396
-3515
2225
-6157
6029
-7025
-9212
-2110
7869
-4048
-128
1112
-902
9982
1360
-5579
-7189
6961
5074
-672
-652
-9106
-6214
-8308
-1765
1262
-8194
9780
1870
-4312
-9006
1614
-2554
-2039
6116
-8771
-7175
8020
-9184
-3631
-5002
3754
-8304
-2669
7718
-4538
6871
-5247
-252
2244
-6155
-5624
-6273
1095
-5321
7032
5637
-735
-6514
-519
-6233
1976
-6055
-2190
-5281
-5516
-2210
7940
2696
1554
-4182
7435
200
6801
-8784
-2632
-1612
-7191
2744
5708
-6382
6958
-3614
-5359
714
1049
-5541
-2369
8754
8698
5401
5457
-9977
4203
6555
7664
-8964
-435
-5286
-6258
6465
4648
5986
-3919
1764
9113
-6664
-4660
-5690
8650
3495
536
-3810
-1731
8029
2755
-3286
8817
-7957
-2503
5904
2770
-4388
-5269
4255
-1720
406
-238
-3992
-7170
6728
3876
-7360
4530
3320
3343
-1254
-1541
-5824
-8855
-859
879
-8100
9711
-2805
-7913
8395
-3100
6501
3023
-8645
7748
-9418
5085
9487
-8623
-42
-7279
6085
-7758
9387
-8393
1333
-7152
7658
-3098
9847
-1241
-1023
-7705
-272
-7380
2576
-9519
-1400
-7660
3073
5048
7630
4388
3706
-4385
-3133
-1901
1795
-1579
-5183
-6162
-3324
2695
-3386
5133
5946
7686
-8920
-9359
7290
-9842
4402
-3086
6466
-3918
5034
-2382
-2584
-2004
-5204
4924
-3787
8775
5203
2093
4519
8508
-9531
3833
-7693
-5247
8589
2414
-5120
-4621
-5528
9139
-4610
-7225
-196
4683
-6803
-6825
-8218
-8525
-6836
4792
7901
-7857
-3566
-5025
1981
5450
-3281
-1126
-5899
6084
1793
-9753
5462
3103
8712
47
6832
-1001
-7464
1805
361
9278
6039
6681
-6277
4219
1038
-9848
9370
2497
3598
-2119
9549
7481
6636
8808
-8426
-5087
416
-7827
2398
-6571
4405
-7656
828
-3780
752
-415
-1414
584
7583
-3657
1569
-7636
3862
4764
-6385
-8209
-2007
9418
1459
9820
-5507
-5889
8738
8079
8479
-1167
6809
6277
-5442
3638
9090
3113
8608
-7699
2537
7613
2313
-3744
6947
-5379
1902
3556
8073
7431
8190
2747
5635
656
2772
-262
-4301
-7938
3506
3955
4457
-4481
1603
9667
2593
-3599
-3352
1820
4244
5868
2505
-2997
3461
-5391
2675
-8716
6864
-4484
-4155
-6506
4876
-9603
-2991
8128
-6219
-7949
-376
1639
2530
7746
2438
-2783
5706
-9160
-9083
1740
7506
-6627
3076
-3608
2976
4330
7507
-9514
-8766
-1667
2725
5227
-7250
-4597
7865
8564
604
-5656
9055
5943
-328
2712
-1017
6728
-4635
8038
1209
-2685
5935
-5073
4112
-5059
-9341
-4258
-7473
-3216
-9596
-5387
-1807
8058
9350
-6244
9140
-4041
8262
3611
-1734
-7943
8842
-3073
-7856
-9059
5553
-5195
-3993
-443
-9408
7624
-5242
3667
2783
-4613
4667
6318
1724
1064
9389
8719
-501
1673
8263
-9743
4960
-5762
4967
-4676
1665
1831
-5757
7731
-5666
7900
8060
-3275
1229
8846
9572
9291
5665
23
-7274
6417
-5480
8902
-9038
6588
-9939
2432
-8467
-1961
-7769
1118
-5692
2603
-5651
8404
7836
9732
7179
-5272
6478
-1195
9795
-6578
7420
-6098
-8985
-9233
-6123
6540
-7118
-4146
7954
2094
-502
2662
2944
-8175
-6927
408
-922
9967
8759
-6771
-3195
-658
-5234
-8017
1988
4398
4837
-1927
-7723
-337
549
-5374
-3224
-5766
1004
-7730
-8553
-4310
2975
9116
909
-8589
5152
-3771
-1231
9277
3884
-9841
421
-5700
9673
1201
2811
7732
434
7736
2432
7106
-6087
4514
-6735
5244
6394
-2372
1765
5307
-4723
-9508
364
-2358
7498
2627
9355
-9665
-8809
1393
6148
-8403
834
-2855
4620
-8856
8029
696
6251
-2637
7193
-1649
-9198
-2485
-696
1377
-980
6810
-3310
-5978
8077
5427
-6773
-448
7506
1170
-48
2047
-3477
-5909
1317
8099
9705
-7256
8758
1488
-4690
213
398
2707
-5579
374
-1728
-3563
-120
-5411
-9054
8434
3262
6723
7886
4840
5968
-9642
3994
7069
-3684
-4699
-3276
7073
4106
-4575
2127
5503
-5203
-8648
2417
7102
3776
-7409
2694
-9776
4462
8652
-2295
-7294
772
8913
-1039
-975
-1855
-1011
9894
-2503
8105
-7335
538
3874
-6379
-7729
7276
-3173
6161
1669
4055
-4201
4368
-8616
666
4936
2782
8550
9248
-6744
-801
4432
5110
3846
-7080
-4983
27
-5126
9336
238
1466
4841
3036
-3004
-6356
-9798
-8084
-7417
5896
5123
4818
7296
-1950
-2957
-9291
4269
4533
-7313
-6607
2245
81
-6263
-5788
-7553
3131
5789
-7999
3616
3862
7831
3367
5116
-3655
-1475
897
9751
7918
-3121
7122
3713
-9559
3197
-7405
-7386
2324
-7185
-8794
5739
6612
8100
5158
5743
-7368
9329
2001
-4046
3915
1467
8034
5943
457
254
-4490
-1773
-8908
3426
-1711
8703
9438
4191
3150
4806
1936
26
-7842
-3909
-1403
-1758
-3353
-5790
-2787
-7053
-7667
2362
-8187
6167
-9636
-8658
-866
355
6022
-8642
4252
-5347
3739
4071
8045
6474
-9451
6335
-63
-4363
766
6229
-3885
-5330
6098
-7991
6019
-3978
6066
-6951
-1492
4413
4322
5247
1444
6551
-9913
-6728
4515
-8645
6628
-9672
1742
-9015
-8998
406
6281
8783
-3031
9744
-6539
8298
5316
3250
9931
-9937
-682
3625
-2636
5673
3973
-6704
-3459
3424
-8324
2742
9433
-5164
8738
-4209
7607
-9725
8313
8958
1062
-379
9585
6332
-1829
4118
-841
431
-1192
5481
-9521
-7311
2300
-6382
-9845
8785
8695
-5628
-1584
-6791
3221
3292
4869
-6205
-5351
5163
8459
8041
-9641
9413
-5262
-1806
4066
8802
1336
-7019
8678
3621
-2085
-9649
-5695
-4153
-2584
9527
7166
8452
5272
8606
-7606
-7591
6676
7994
-5575
5698
-5720
-1425
9658
-7479
8134
3287
-4320
-9992
1526
-85
3113
6000
-4760
-9843
2574
6715
5902
-4555
-5895
8939
1741
4237
785
4368
-9284
6124
-4290
-4427
7141
9645
9326
783
768
-3178
-9650
-882
-2566
-6939
-4187
5610
3033
2845
147
9679
4880
-5500
-8668
1471
-8345
2573
-1898
-7025
1430
-3383
3881
1530
-6175
8330
764
1156
8723
-3469
602
-9539
-708
-1813
6177
-1860
-3878
-5035
-1790
-9809
5279
-8892
-6553
-3481
-39
7903
8415
-3082
7331
-7259
1001
6568
2513
8025
-4368
6816
-3224
-8891
-1187
189
9797
-5288
3093
-6461
2606
5920
1229
-4383
4510
-6859
-5978
-2789
1950
278
2322
-5984
-8785
3786
9148
9373
1019
1899
-1598
3548
4042
9525
3468
3908
1185
-9883
-6641
-7448
-932
-9726
-2703
1222
-9774
2969
-3243
-2738
4930
2899
9803
-9985
713
256
6911
337
-3066
-8087
8873
-9750
-8945
4772
7187
-4918
5150
5878
-6157
-7226
-7405
-1580
3994
3749
9918
-1300
-5693
2910
-2273
-7941
7094
-5289
6614
2844
-7605
767
-8730
-345
9513
-366
1236
7838
472
-7144
-9279
-9943
854
6507
2206
2844
-7006
4857
7317
-8348
-7753
7155
2132
-9635
-8274
-7204
4514
7985
-1921
4833
-1914
-4597
3247
3102
-5399
-5174
-5434
7398
4183
-8802
-5888
833
-3183
2299
-4299
-495
-9053
-4831
-3164
-3764
6110
4730
-3786
3395
9205
-7842
2250
6493
-1133
7730
-2974
3873
-1657
-2743
-1072
-9185
6712
157
-1635
-1994
-4924
7053
2626
643
6041
-9366
2669
9907
5114
4839
-8128
5680
-3528
-6478
-2195
7812
8441
-7380
5826
-9060
7704
1458
6203
7973
-443
1190
491
2919
-2435
-9172
6843
6138
4264
9766
8531
6922
1399
6414
-8626
1473
188
4255
9984
-7560
-3177
-2979
-1049
-9934
4643
-7873
-4042
-5398
6881
8167
7893
-5953
2114
5217
-9185
3820
5769
6514
6234
9660
2614
5755
8443
1856
-6755
9489
-7000
-6914
3228
4527
9576
5310
1026
2362
-1458
970
1933
3762
5400
8555
-701
-3839
-8028
-7581
1078
9209
4307
3946
3960
3835
-2476
-7510
-2363
-8742
6683
-9672
-5663
-3175
8810
2089
6790
3303
-7014
-7936
-8522
-3443
6143
1949
-9758
-2631
-1847
2835
-9108
-3042
-8996
243
-4291
-7446
1461
8822
-8500
6123
-5138
4962
3784
437
-4542
5553
807
-2734
-9351
5260
-9318
-3839
-7459
7451
7018
264
4667
5390
-8602
4331
2079
3893
8946
72
5206
6257
5258
2995
6953
2304
1
-6959
68
-8839
-3997
-9349
8461
-7172
3551
-6945
6593
9263
6542
-8055
-7913
-3014
-9644
4824
-9593
-9682
-9676
4209
1122
-9499
9185
-3775
-4733
-5204
-4877
-3974
9674
-9765
1465
3522
-1636
476
-8557
-1852
1529
-5510
4283
-287
525
9123
-664
-6293
-5804
-143
-5573
2850
-4699
9925
-6618
3550
3493
6440
2721
2154
829
9746
-6718
1157
-2807
-639
-1931
5072
-6119
-4753
-4183
7161
-9863
5906
7494
6983
2327
-933
-8023
9751
246
-4151
-8434
-4558
-43
9172
9528
-9648
-3226
-3910
-8127
-9329
8549
-7610
6408
-7598
-6398
-2297
-485
-3019
8799
3595
-3385
3536
-5031
-8550
7059
533
-1179
8825
-1638
2331
-3090
-9886
-7223
814
1808
871
528
392
-3758
3384
6068
2194
-3501
4052
-7331
3621
-7897
-9333
2162
974
9273
-5938
9221
5296
-1790
6984
3934
1563
-3458
7112
-2831
-2520
7102
-2585
-9608
6043
7250
487
6277
-3693
-7254
3545
-6304
-717
4717
4967
-54
8254
2514
3590
4209
-5419
-2758
-6650
-5095
-3618
5829
4538
365
1391
-4273
-5084
9163
6796
8996
7827
-8441
6994
-8670
-9717
-527
-8980
834
8707
3922
-3213
7840
-2181
8792
-6025
-5318
7322
-6150
-7876
-4839
-6106
4367
-7412
6588
1316
9187
1822
8966
8434
-6200
-3468
7479
9328
-3563
-9464
6973
-165
-6281
6686
1230
-6413
-7688
-704
8324
-7951
1692
3215
768
-8780
9294
1568
4879
3755
-3201
204
9473
2738
-6219
5928
-5854
-2901
-2385
-2642
3031
8663
5050
5456
-416
9755
2538
-5236
-4531
827
8832
9248
5414
-2018
-2070
9168
1804
-2660
-1502
1582
9644
-2210
-3851
-4551
-2493
-4014
-2888
-9534
4642
70
-2223
-1460
9507
-6730
-8354
8367
9632
-585
-799
5627
4934
-374
4921
9194
-1742
7025
-341
-7271
7236
-9839
-8642
2305
-354
-3126
2320
-9390
4323
5727
6554
7104
-6590
-7148
2630
-2071
2004
-1695
6010
2809
-2052
4457
8987
-9433
-309
-9504
-7321
8067
-9947
-8375
-6265
1741
-3672
3563
3144
-4556
-8826
-4384
5940
8192
-248
-895
-367
-204
8516
427
6472
-2570
2802
158
-7797
610
-5925
-4988
-3746
-8500
7018
-3808
8305
5514
1600
-9305
1178
-2939
7938
5873
-8922
8063
915
-4013
584
7954
-7069
539
-4835
5212
-8572
-7590
4962
-2505
205
-8191
4270
5438
-270
-963
7100
5890
-158
-8601
-1442
8715
-3889
7461
-6614
1315
-3433
-928
-8302
4408
6640
1361
4961
7522
-1967
4246
-6958
1173
-6650
4156
-25
1697
-2749
-28
9710
6885
175
1792
569
5592
1866
-1172
-4612
-4183
4438
9767
4461
4771
-335
-2511
-3365
-2594
8167
-1121
5375
-7433
7209
-9955
4946
9608
-6807
5829
8908
7868
-6734
-9932
-9987
8984
2937
1417
3808
2875
6826
-2052
-9600
-9416
417
6173
9834
7345
-8245
2214
7740
1093
-9981
-6494
3977
3911
-6478
1607
7580
-9037
4597
1942
-9925
-631
-8523
-1530
2230
-1099
-4382
-7899
2421
1802
9080
-5355
8971
6953
-6065
-765
-4101
-5692
117
3908
946
-4688
-4808
-3517
-6939
3037
-7412
-5287
-3120
4568
-6122
-9763
-8815
-982
6665
-8570
2165
-4558
4991
-6366
-415
-8271
-1426
2957
-8736
-1204
1861
-3709
5357
1309
3522
8771
6232
2547
-1992
-1429
5248
-6338
-9240
-5014
8963
2163
-279
-507
-3535
-4147
3343
1030
492
5492
-7496
282
-3669
-6484
-7717
-1348
-5688
-6054
6294
2234
6961
-3300
1349
-7350
-4721
3981
-2030
9366
-5514
-9822
-3614
-9351
457
6422
6463
-4646
-7178
-4268
-45
-4754
-3264
-9462
1429
-600
-8480
-2096
-413
-9050
1272
-5970
548
-2364
-8344
4161
4806
-4713
-9479
-2141
-2782
-7750
6177
-7826
2543
6803
6602
5969
3411
8073
-1733
7296
893
2362
-2108
-2059
8029
6390
-3943
-8789
4049
-4192
-1143
2944
314
1005
-4497
7756
5120
8679
8531
-2114
4874
-6033
927
4294
-407
294
-6211
-2336
-2697
-7668
-3920
-5430
3374
-8763
1437
1015
8982
4189
1704
-952
1292
-6738
2528
1131
-872
5190
3979
-9778
-6537
9252
-9898
-636
3312
4915
4085
-9726
-9345
-9944
-2418
-8559
-1255
3173
1232
-8692
9828
-5800
5381
7092
-8161
4813
-3103
6459
-9132
-7242
-9765
-5782
-5378
-1334
-9338
4029
5082
-4123
8480
5524
-1647
-9709
-7654
8215
-5086
8746
8245
-5284
7360
-9335
-9381
7532
5062
834
-734
-6115
5212
4653
-1545
-376
-970
-3893
-9665
5827
1320
-3474
-300
9374
-1548
-3676
-4851
-8455
3445
-649
-8424
-8451
6383
6844
397
6162
3843
-1176
7697
5346
-88
-5215
1228
2213
756
5678
-3206
-9124
2494
7378
-1734
-5357
-8484
6279
1682
-3739
5872
-3050
9334
-6638
3002
3049
2157
-3120
-5789
2635
6674
-333
9636
8435
1966
-5000
1484
1790
-8326
-7656
1715
-10
-790
-2331
110
3228
-9315
3464
4848
5138
-8272
-9081
2287
5354
-9096
5150
8323
3949
-9960
-8974
3160
6423
-8775
-7727
6624
-8564
3055
-9067
-9621
6991
-8726
8448
-9972
-9254
1394
7286
5818
993
-8310
-8107
-3454
9669
-4738
5096
-4277
894
-8301
-2623
-4847
472
9329
-3349
-5314
-4235
-4521
-6823
-8395
-1024
2352
1186
-6404
-4737
5356
6603
2496
-9453
778
-6783
4049
-7083
-9141
-5670
-4486
8315
-4955
9304
-7859
-5157
5101
4898
-8657
-3217
-5456
-2560
-9468
-2390
3273
5844
-8341
9476
5906
803
125
7476
-3441
2159
1503
-3065
-4924
4232
-4534
5872
-338
-1063
-8093
-3180
-2168
6125
-5709
8235
5134
-8992
-124
2869
6708
5795
-1378
-4434
-7035
-5084
3478
6478
4152
-1812
-4002
339
8923
-7420
9809
-8262
545
5081
3631
6025
2548
-8149
-313
-8757
-9846
1990
285
3583
-4105
-5462
1423
2895
-4513
-6843
4650
193
-6921
7677
9657
2655
5702
6820
5705
2672
3865
3076
-5647
-153
-9403
-2060
8080
-4421
-945
1393
-7115
1118
3675
4645
6324
9373
7392
-4154
6467
-5844
5469
8663
6720
-3203
2953
8348
-3219
1657
-4138
8676
461
6958
-3734
9484
200
7499
3368
4630
2796
-8152
2071
-6750
9515
5231
-6695
2058
-4352
2112
1398
-3760
4737
6418
-8369
2015
2444
-398
-1935
-5915
-1815
5958
-6429
-1342
-7862
-8391
-3394
-5720
-5086
5176
-7782
-474
4660
5782
-3302
724
-7462
716
-1371
-7501
-9668
330
-7607
1690
4131
-504
4148
-2186
-1797
-3013
-5046
4898
7234
-2331
6361
2486
-8371
3694
2076
-8512
9701
-1738
9837
3237
-9114
-1260
2553
2036
686
8083
-9374
-4710
-7184
-2529
-4001
6382
1401
-6223
2323
-5771
3162
9019
6729
-6344
-2012
-7783
-8684
908
-5224
9737
-5743
-2398
-61
-7241
6253
-36
5452
7913
-9425
-9733
9029
4832
-7782
-3167
-9331
2360
-7874
9460
2337
-4355
-6460
2579
-543
-3163
-9134
-7274
6291
61
-3489
4431
1697
-2451
-2914
-1002
-258
1639
-4289
853
-7148
-2173
145
8150
-6958
-5739
5227
868
-6094
-5078
-8680
-7838
3195
1410
-9007
6821
-5791
8621
-4848
-8414
3636
5406
-7186
487
7791
8251
-1218
4360
1292
1109
2266
2399
-9160
2415
7983
-2843
9362
1587
-7457
-7449
-8490
7483
-7424
6030
7617
-8120
-6422
7477
8891
4696
-1527
8272
-280
-4962
4664
702
7089
811
3227
6885
167
8791
-7629
-9981
-4879
4167
4753
3012
2973
6097
-9283
3517
4061
6843
-9928
-1332
6513
9225
8135
509
3988
2573
9831
9283
-3361
-6762
4343
6931
2369
724
-909
-4967
2495
-5525
-9336
4189
8842
8203
1957
5194
8434
431
3050
7855
-7394
-1539
4539
-820
-7893
-8351
5071
5902
1808
9901
-5416
-4564
9770
-6921
6434
4391
-5260
8287
3587
-2302
3281
1761
3928
-4638
6700
-6672
9044
-3790
-4262
7417
3671
-3552
-9287
3415
6829
9316
3616
3680
5404
8763
-7019
3578
3943
-7267
-1469
6306
4921
6758
9034
-5364
3080
5786
-3412
556
456
7684
3714
-7247
1272
8460
9791
9966
-7183
-7814
1844
-3949
5492
2554
6936
4423
-2303
8134
4837
1687
7481
-2035
2381
-4783
-7278
7933
5616
-3980
-7305
-7121
7229
-3442
-4182
-9205
6209
9263
-215
597
-9918
1047
-7388
3448
2363
8330
6721
2308
-9620
8834
-7490
8804
8896
4437
-9060
7821
6372
-8635
-2599
-683
-1913
9327
-4628
-3036
4142
-3646
-2639
2533
-826
4436
378
-6209
9236
-6931
-3330
-9230
6360
2951
-7449
-7096
6685
-260
4075
7327
1342
-9652
7460
-8117
8501
-3151
6650
-5746
4860
-5626
2730
4010
-9962
4930
-5206
-7890
9822
-4901
8382
-499
1927
4154
7660
2321
-3223
-4467
-7016
3172
9689
-6755
-5613
7690
8413
5045
-9570
7655
9494
-5188
3604
1002
-9963
1822
6585
-3985
-6122
1692
7925
8724
9264
8794
5362
-6283
6580
8693
-875
-6073
-2979
-7252
8375
7712
-3995
-9792
-3826
-3538
1362
9309
722
1086
-3178
-9789
2852
-2786
-3632
8456
5031
-6722
-1950
-4463
-162
-9707
-7671
3506
-2844
-8426
1244
1907
6041
-242
-9925
-9269
-9915
-4656
7771
-2802
4105
-2364
1117
9070
8944
6613
7011
-8671
7021
9960
4382
-2304
9410
6115
1546
6202
787
-878
7971
2164
-6504
4501
-5955
-68
-8606
-1796
1077
9128
-499
-3525
2361
-1417
-7643
454
3271
1186
7315
-2260
6342
-9278
1076
-6730
-1302
-466
414
-5711
3153
510
1181
9781
5560
-1077
-3376
8920
4742
-2466
4821
4111
3096
2279
4526
9260
5877
7348
-3102
-5112
-6550
-6289
-1722
-6779
2100
-1010
241
-6912
5374
3490
9924
5160
3082
9388
4735
-825
2126
7903
161
-317
-7927
-6115
7132
4902
1577
4540
6069
631
7939
-5331
7180
1819
921
-6598
6218
-5053
8735
-9620
6773
9621
-3831
-8650
9400
5131
1823
1401
1343
-2759
-871
-3661
-174
5836
-3677
7386
1923
-945
-8857
-8549
-411
-2867
8080
4048
-5012
-797
-7799
431
-5824
3386
-4035
2661
-540
-2715
-7714
1373
-5481
-7898
-4747
8178
7940
3577
-3107
-5253
-6009
4673
8772
4388
2464
6445
7139
5423
8404
7922
-6815
1607
-4693
8542
8651
-704
-8338
3760
-186
-4967
923
-6291
-6745
-9530
-8686
-3664
-6994
-7955
7258
397
961
4250
-3978
-5418
6553
8543
-5683
9695
259
-722
-5728
-7956
1965
-8868
-897
-6999
-8066
-5882
6690
4161
4093
2976
-5643
2590
-562
-1371
3695
-4327
4265
7777
9108
3487
-517
-9964
6833
1856
-1396
2510
4379
1059
6098
2140
3928
-4156
-6578
3743
5364
-3404
-5639
-216
9973
9096
-4539
-1120
-5821
9470
4718
-9168
8199
8411
-7689
6776
-5384
-6854
-4045
-4750
8618
7795
8940
-2388
-4112
-8868
3000
1868
-8230
5097
-3949
7957
171
-5905
-3220
8305
8399
3128
1320
-9872
-9252
9669
6074
5386
-256
-9756
4396
6690
-4971
-8858
1169
8920
-8245
858
3717
-4042
-1319
5497
4538
-6376
5475
3617
-1889
-6841
2125
5213
3009
-3844
-6862
4659
1728
-945
-569
-4243
9516
-2267
1555
-2067
-6180
-3981
8126
8155
-916
-6858
-6677
210
-9200
-4849
-6698
7151
8516
103
6049
-610
5470
-1929
7079
-4846
4878
-3074
4603
-3305
9722
-756
-3688
-1753
-8334
-765
1532
6761
5347
9232
-9312
-4630
4906
7816
-8731
4503
1451
7970
3112
-5510
-8814
2680
1348
-9369
-601
-6983
9464
-3076
-3779
-4171
-3576
6265
-1751
-5730
7231
-3936
-2473
-8804
-5984
6770
-9483
-7481
7950
-7507
-7204
-7462
-6747
3108
8467
1760
2013
2676
-245
3700
1849
-701
5525
-2710
-8837
738
-6354
3269
8054
6785
-6247
5814
-4758
4645
6557
8826
-9315
6315
3311
-3425
2959
-1567
7626
8231
-6645
-6854
-3748
7304
-8676
-3115
-4156
6485
3546
-1120
8562
-8211
6457
4954
-6646
-5854
-3560
-5438
-3320
4262
-7624
-3768
5871
-5624
-873
5008
4383
-9981
-1225
4879
1982
-7950
-9153
-5659
7450
1507
-4264
-1320
-4527
5848
-9630
4275
-6067
3342
-1538
-5125
-4194
305
-9531
-200
-5396
6128
-4869
3271
-7649
1899
-2279
1202
-5313
9362
-526
7621
-6968
-396
-5066
-8026
8248
-3795
5308
1847
-9427
-9468
3481
-3530
-2930
9916
-7901
-6864
3673
-3017
-2021
2671
-4929
-8893
-797
-1204
-1413
4187
8187
8678
-2388
-1289
6695
-1450
6029
-5243
9969
-2004
-1839
-9352
4693
-4172
1513
-3155
-1661
-6306
799
1050
-1066
2646
7421
240
-1103
-3091
6525
-1894
9950
-9199
-3368
2542
-3832
-7500
-8728
-9697
-6291
-2272
-7407
-5664
8112
5617
1374
6927
9095
5215
4537
-7078
1067
-6991
3864
-9993
1757
272
-4395
-8959
-4260
-998
9758
6707
-7812
6484
-2376
8041
4423
6858
-8683
-6261
5994
3607
-8782
9608
6434
-1180
6159
5207
8849
-8350
2331
-2319
5674
-7292
2834
2323
-1143
4128
-8799
-63
5006
-801
-6651
9815
-3643
-9641
9657
5020
7245
-4025
-2821
-9466
860
5288
6373
-2598
1506
-4386
1986
4873
-4307
4448
8044
-1962
-3962
9183
-3005
-9691
-3617
-1398
-1814
9225
-4591
6966
-1710
-5565
-7085
9821
-6780
4202
-9426
-5257
6379
8931
5257
-2723
7244
2091
5566
-1678
-6452
-4993
-8632
6545
3665
1455
-3447
-8462
-6396
-6230
5923
7908
9722
9052
7939
7559
4139
6013
-7437
6992
-1944
-5650
-7513
-4980
-6137
6188
-8593
555
5535
967
4500
1666
7599
4755
-6385
2509
-5116
-7874
3202
2444
6533
63
3719
3230
2740
3517
-2503
3819
-1317
2977
-5255
7976
-1534
-9445
5458
9753
-5300
581
-8398
-1719
7571
6895
-5739
-4756
5839
-8683
888
807
-8472
-4735
7469
3628
7829
8287
-8977
4053
-4758
6656
9899
-976
-7837
-3614
4700
2415
7312
3002
-1276
4360
6257
5994
-3099
-3838
-9779
-161
-1311
-2697
2337
7537
4059
-5686
-1214
8431
5656
9888
7416
9646
9517
3005
-1891
7159
-5267
-3881
-3275
-4825
8769
-1551
9409
1216
2469
2894
-53
-9959
-9718
4253
-2524
-3095
8238
-1205
6161
7098
-5022
2730
4688
-7908
891
5043
6167
3870
-1389
-7868
6890
8492
5170
-5334
-5211
-9720
-5527
-3945
-3585
-4130
-4926
-1728
2311
-3471
-1847
3461
9862
-5482
9501
4811
-769
-2651
427
-5631
8020
5000
-5662
5589
-8642
7755
9907
8594
7106
-5257
7816
-5949
4350
9704
-8337
-3134
3316
-8146
-9023
8639
-819
-6284
8917
9895
3999
3772
-4658
9444
109
-4324
5987
-5369
5495
3142
6674
-9804
1503
-6816
-2804
-6657
2636
3026
7451
-8282
9356
9397
584
7903
-3569
-3998
-6706
2862
5458
8785
3435
1252
8503
-1750
-8719
-8489
7534
-7987
9136
5753
7352
-7694
-4820
4785
2244
-6182
-7665
7854
-3716
5901
-4503
-5163
-2352
-8617
6897
-2145
941
1547
-9423
5039
6944
7652
-8679
-5703
6902
-4897
-8934
6395
3314
-9749
479
5399
7321
-5842
8721
-3725
-2023
4019
8781
3894
-8859
7679
2091
227
-3366
3244
-9991
-6778
-2001
567
-120
8540
3279
-1388
-3065
6388
2034
3500
-6909
6718
4216
-928
-9903
5063
-4522
655
1278
2267
-5545
8424
-7454
5926
-3946
-9072
4742
-5836
8621
4136
-1148
7590
3559
-1031
-9297
815
4716
6342
-8952
3011
3200
4595
2066
887
7460
-1526
1769
2111
-2245
-1630
6351
-88
-5284
5609
-4260
2913
2759
-6789
-1905
-1872
-5025
6327
868
8130
-1871
4719
5735
839
8350
-1602
-8678
-626
-5466
7349
144
-5626
4393
-1249
-2611
-8749
-9619
1669
-8822
-8761
-103
4325
1234
-1601
-1732
6161
2456
8685
-8341
-6457
3903
-9411
-7434
-893
4574
6764
7663
-2541
5521
-6648
-1674
-3447
-3092
-7006
-8579
-6236
-6485
9632
2702
6060
7442
1288
-7622
-9274
379
-8647
-7820
5288
8392
-9607
-61
-6635
-930
3288
6478
2714
5715
5607
-5775
-3236
-7402
-3144
-6520
-9211
-468
-5713
5166
-930
-5862
-8539
636
-831
-1753
-9513
467
-8061
-3286
6721
-7018
8183
9110
2655
-4653
-8034
1012
6955
1871
1536
7154
8904
4147
-8064
-9286
5798
6522
-7509
3147
-8642
71
6772
-7283
3479
-5218
-1965
-724
-3362
-2587
2998
7288
-8612
-8478
4772
-3312
-8191
-8582
-1727
8591
-9123
-4069
-6418
-4766
-3864
1118
-5546
-2385
-8564
-1760
-9359
-5764
4595
-7512
7379
4294
-1837
5025
-9610
2071
-1366
8016
-2859
-3756
8556
-9953
1623
-6094
-5674
3353
-3590
-6400
-9936
-2121
-5738
-151
3213
-1326
7218
-2998
6930
-8779
8284
4613
9542
-5402
4168
-1481
-7216
1889
4608
-6560
-4305
-6919
-242
-6405
-4418
-3769
-7378
5189
-1507
-5444
596
5584
9773
-3177
-3586
-4027
3927
1044
9366
-4209
9547
-373
3561
-1573
-5939
-7785
-1020
184
7260
6434
-9576
9485
2471
7994
-2631
312
1124
-469
-9172
-1754
7329
992
7646
-695
-175
-3140
4772
-2651
-3677
719
8350
5249
1740
-7480
5346
-8515
-6074
-279
-1953
-4476
-3982
-6066
-3323
-8616
325
7651
1601
1628
9310
-6136
-8341
6280
-2214
-7450
1394
7436
2218
-4538
-608
4937
-1564
1271
-3624
336
6303
-1020
6942
1210
822
5154
-6452
-667
-1278
-9581
-6275
-1948
2491
7706
-1338
-8706
-7279
3501
7117
3954
8699
-7436
-6517
-3477
2386
5520
-9387
1454
9694
-1106
-5907
-8889
-1933
-4827
-4831
-4951
6646
-2793
3981
-8927
-8255
-2412
-1009
-9245
5708
7093
1067
-9077
-8897
-5753
3144
-5622
224
-4860
-6136
6833
-3815
-987
-1718
-7209
6141
2993
-4442
-3385
4807
7042
1472
-2019
-7917
-8492
-9504
3574
-8399
7167
6322
-1413
408
7505
-1761
8180
1158
-3503
-5092
7795
-330
-61
6179
-2975
-7980
5211
-2439
-4845
7280
-3198
9513
-4516
1120
-569
-3642
-9173
9358
8727
4202
-3242
2775
4103
4165
3898
7027
-1562
-8379
5390
890
-2171
-2205
4291
-2179
3746
-1202
9355
-9873
-4781
-6862
3852
3051
6057
-5878
3517
-73
6385
-1036
910
-3525
-8212
-6909
8364
9424
-8167
7976
-8275
-3626
-3494
-9019
-2151
-7775
9234
-9574
-6354
2474
6989
-5350
-1551
9783
-4151
1279
-6772
6183
-2832
-9410
-7058
529
8898
-9855
-8311
8145
-1316
7799
-357
3273
3
-9387
-7778
547
-2424
9609
7613
5990
-8754
221
-5704
3325
-3092
4902
7748
3279
7827
-8151
-4583
-3171
7255
-4474
7155
-5471
-8949
1569
3551
-3606
1243
-8734
-3176
6223
750
9241
-4665
868
-1366
709
-7027
3601
-7176
-3005
-2414
-3231
8391
128
-8965
-9881
-2291
4535
-9335
3060
-8218
1757
6075
-4104
-9671
1248
-8129
-637
-7322
-5648
7011
1770
-6705
-7935
-7458
-5830
7503
-337
982
1910
-4690
7954
9557
1362
4614
624
-5878
9367
6889
-3158
-9537
-635
4673
-1265
-2989
-2703
-1219
-5263
7147
1981
-4793
5086
-1423
3526
3592
-2772
-448
-3151
5314
5490
-3094
-9187
-5642
796
5789
3977
-6008
-8424
-997
2491
6767
-7022
2325
6667
-43
-491
-3606
-6587
-7891
3151
-744
3000
3915
6288
7600
-9414
7872
-2312
-4993
2237
5493
1765
5697
-4018
5127
-2906
5591
401
4616
6929
6514
-5205
9596
4724
8664
9218
-4864
-4952
-9647
9962
1440
-3364
3076
6129
-7722
5644
-8969
-6898
-1606
-6445
-4312
-1381
-8719
2859
7899
-4189
7726
-3613
-5355
-8044
-1930
-9994
5470
8543
9667
-5730
2355
9023
-9376
-1948
-9311
5257
-4596
1544
-7106
5106
7891
-8155
1327
-5626
3451
-2117
-5927
-9515
2713
8592
-2351
6607
7544
7029
-7144
-2715
-4042
-9392
5281
-3996
9283
-3707
9366
1909
9679
-7758
9288
9894
4361
-6960
-3819
-3429
334
5305
2462
50
1975
-9771
-5750
-7530
4362
4586
4225
-9354
6996
6846
5650
-6282
4760
6274
1040
2244
7759
-4066
9110
2730
-3120
2883
-9283
8883
2517
-3866
8923
8544
-2597
-2125
7114
3027
-8154
-2678
-2175
7172
-4535
-1025
-4182
8062
743
-2244
-5052
-9051
-4435
-4480
3219
-5380
-3967
-1015
-6677
-226
3335
9583
-2697
-4111
6364
6913
786
-5569
-7193
-5352
8285
-3635
-7536
8024
-7483
-8316
8520
5671
-8150
5112
1615
7689
-8527
2851
-2629
9623
-8711
-5708
4259
6566
-2673
-2226
-9370
-1043
-3081
-553
-3033
8645
-1558
5444
-2993
-7030
5239
9834
5943
-1130
1853
4294
-2822
3636
1212
4543
-2825
-5510
-4585
9313
-9399
-8006
479
2586
7488
2899
-8665
8506
-7701
-1272
-7067
-7203
2479
253
-6518
5837
-6418
3217
6258
-4236
6420
1325
-9783
8912
2189
3812
7138
-154
1495
-6158
9213
5006
5557
-1676
-487
9011
9528
6386
2301
1426
-1150
3444
-2284
7396
-1708
7789
2595
-3475
-4025
-7008
7501
4925
6250
7312
2584
3890
6932
6115
6355
-9781
1654
-1023
7611
-4660
7544
3039
-845
-9506
3350
1510
-2583
4774
1250
-4884
8125
-7525
1577
-708
-48
1878
-5619
-2357
-4984
-7769
6405
8213
4534
5752
7933
1470
-5096
6094
8272
-7305
-3149
304
-2970
9763
8038
7303
4870
-5347
-986
-6224
-7428
-134
-2031
5328
-1933
-243
-8382
236
7991
-680
730
6378
-117
8874
-3952
-5660
3964
6889
4741
6201
7222
-8646
3435
-1466
-8469
-973
6648
-6533
-1269
-5017
2824
-2416
3834
-9454
-7097
1860
8182
8264
-9673
8947
3923
3336
5164
-3488
3903
-1632
-6507
3140
-4535
-5644
-8085
-579
-1490
503
-8192
2892
5762
-5627
9982
-9348
5689
1794
-5582
8866
1069
-3318
-7272
-1332
2000
-9916
4435
7031
8452
3162
-8585
3094
-5646
-7563
9156
6677
-8470
-8779
5519
-5929
-4756
-3370
3827
-4812
-2400
6695
-1295
-1804
-2348
7719
-8375
3299
-430
-97
-8863
831
-4651
-2254
-5862
-2368
1946
868
-5668
-4260
6129
-3578
-7570
-5724
-4248
-7099
-3516
3719
-3440
-4283
4242
2940
3362
3713
-662
9598
8555
-4612
-3959
-8378
7067
1854
8288
-8049
3487
-385
4112
9405
2753
9585
9835
-3847
-3226
1133
-7189
-3298
-3110
931
8705
8614
-2211
-2312
-7132
-7452
-6118
-2524
7688
-8436
-5482
4782
-2756
-2090
-8831
-841
9343
1095
8945
-1569
-1868
1615
-4344
529
-2135
-7343
-5314
-9554
6923
-4805
-8282
-1116
423
4817
-4002
-8514
-4527
-9124
3236
-5225
-7025
-1881
-390
8869
-4781
-9538
-7499
1078
3311
8930
8437
-781
-184
4658
-1143
-5675
-9350
6277
4989
8778
1612
-8941
5057
6486
-5363
9895
-8410
578
-1210
2111
7760
5530
-5730
9151
7477
-4348
-5996
-2647
-9064
7847
-4219
-3656
989
-5122
-9989
-3639
-2983
5148
-2531
-7118
3211
-697
7264
-6894
-802
6523
3026
8815
1231
7331
-8778
2782
-1146
-6257
1199
8099
-5164
9642
-2536
-9149
8188
-9324
-897
5231
7077
-6440
-7169
-5877
4104
-7147
1261
-3203
-6659
-7913
1102
-6702
-9850
-1192
-4611
214
6042
779
-1287
-3733
5466
-4912
5004
-9276
-3156
8809
7550
6359
-273
3605
8219
7905
4369
-5886
-4773
8164
2458
8611
-4052
943
-4133
5816
-7989
7969
6973
5117
8564
7235
-2060
3230
161
7577
-8961
3326
1331
-3812
-2933
-8839
6495
-3653
-4731
9360
-5886
-9841
7060
-6765
-8167
-5166
-1552
-7659
-2198
5283
6628
760
-5863
-5402
-4575
-3670
5324
2456
8854
-2494
-2040
7640
7213
7083
-4406
2616
6779
-1783
-2082
-7676
-6655
409
725
7939
2949
-8845
5600
-6883
781
-7845
-7952
13
4675
1589
9183
-7808
-4608
-3248
9713
-6326
-8082
-6944
8550
-8169
-1097
-3703
1025
-7743
-3350
-5682
-5558
-9689
7776
4419
1450
-7629
3010
-2924
-5460
5844
-9438
8960
-3749
-3922
406
3393
8095
-7015
843
7361
-4930
-2126
6033
-9129
-5597
-8732
4322
5410
7915
-7575
-1275
8028
243
-6901
-1554
-5063
335
2991
5818
-4908
3714
-4066
2830
-878
1535
7329
-5403
4805
565
-3165
7425
8038
-1556
-6022
-1402
-7605
-9358
-4452
-2875
7393
5999
-9144
1860
8947
1978
-6170
3868
-9733
6957
9553
926
3216
-5513
3141
9534
-330
1948
3359
1237
9578
8340
9255
6935
-6269
-1847
-6540
7127
-3749
-7097
8948
161
-3240
325
-4733
-7726
705
8623
9000
-4210
8096
1719
-1138
-7593
-9666
7182
9162
-6597
990
149
9101
-5794
4829
8600
2762
4930
-2563
4899
1773
-8084
8839
9653
6693
6931
8363
-2866
7156
-5507
-2883
3566
-1956
-9425
-1938
-7058
3181
-22
-1545
-1848
383
-8776
-6971
-7175
-7833
9778
-197
-4355
-9301
-7763
-1238
-6667
8757
7721
6030
-5292
-1027
-9507
-2279
6048
5742
-648
-3788
-2459
-7037
8218
-631
-4036
-8880
-7052
-5844
-2413
-5307
9662
-4054
-512
7616
4676
7289
-5126
-5934
-6494
-550
-3577
3615
-7249
8392
-787
-10
-4216
-9321
5043
8983
-3683
6052
-4996
8187
-8335
8695
6677
-2113
-4774
7742
-4148
-6894
636
-6655
5246
-7673
-244
-2965
-1961
5102
9594
899
-1894
-4870
-5487
5681
898
1145
-449
-521
-6783
-9914
9160
1716
-933
9309
-8223
-5319
5971
2113
-7361
9630
4517
-4730
-8744
-2559
-3870
-5261
5521
322
9114
380
9851
7882
-7221
6279
7629
-1316
4046
2594
5514
1561
2536
919
2576
2903
8656
4398
-4564
-6403
5495
-1369
1344
3968
3346
1703
9085
-44
2649
-1932
9605
-5929
7
-1823
-7881
-9654
922
6568
3384
-6539
7924
8787
9380
9916
2095
4791
3000
-3480
9548
-7474
1064
5634
-4004
-7655
-5483
-9014
4807
1376
6532
-8101
-7320
-4867
-605
-9958
3502
-8840
-9045
-603
-2288
4214
-564
-1502
-5734
-221
3069
7169
-6826
561
-5037
-6542
3203
-6001
-3800
6867
-597
-8487
-7212
-1636
-4815
-2626
4993
5223
-8972
4023
8607
-7667
539
7815
9980
6746
3899
-6665
4464
9260
-8196
-4199
5225
-5375
-9318
-8600
-3695
2680
-1516
-1768
-4700
-6905
6704
4277
4140
687
-484
3208
4760
-3542
6634
-8369
-4390
4476
-1749
-9483
6690
-1034
7858
-3309
-5040
-3633
-5281
7585
-1220
2047
5571
4355
6189
-7080
-1933
-4569
8443
-9962
-2595
-457
-4134
-6809
8621
-1066
9232
-8154
6101
-9503
75
-5047
-3073
-7794
6327
1255
-3004
7926
4227
7020
-8838
-5584
6099
8423
5071
9074
-7077
-9397
-1141
-5808
-8089
-5476
2303
-6040
3426
-3436
4664
180
-5886
8887
4519
-5136
-3458
6734
769
-3976
2355
5152
-6402
-4716
7355
-9073
-8276
-2179
9222
-4809
8965
-7853
4142
9880
-5301
-8524
5330
2146
9378
9512
-8772
6114
1750
3300
-5564
-5971
-2103
9528
8020
6743
-1262
151
6638
8880
990
3129
-2022
5877
-9798
-3278
32
334
5853
-3799
-4731
3943
-551
-3176
-2225
-2929
-1627
6737
-5384
8486
-7001
-2809
9490
-7796
-6408
7785
-7765
-1372
9837
1988
3084
9433
-9340
-2199
-2685
6687
6096
9019
-3918
153
6023
-4417
8601
-4406
1250
-4447
-5277
-4209
-460
6226
-9595
7712
4609
5797
358
4067
-8870
-8540
3369
9715
-1885
-9575
-7500
8344
-1889
-239
-1150
433
-1901
-6426
-2996
-5442
9815
-491
3910
-1008
-5448
-7535
7107
3306
-4585
7733
747
-1324
-1128
-2387
-5425
7265
-7688
-9800
-8478
-5911
625
-5369
991
7096
9185
-9977
3078
-116
478
-3388
320
-4097
6534
-4270
-1697
8006
9612
2500
9417
3461
-8787
1561
-2119
-7927
-7945
5630
2420
2388
-5195
8364
3941
2431
-8074
6463
370
-4001
-3497
-362
8402
-8288
-6142
787
-9664
5364
1868
5925
-3691
6139
6760
-7087
-1676
1237
-1771
8136
-1997
8830
-6470
8939
8293
4083
9798
3043
6173
-1503
3072
5525
-4489
9927
-2326
-864
-9424
992
-10000
951
2094
671
7748
2
-8276
4250
4331
-5494
-6918
-5502
-9246
-5699
4365
-763
2056
5470
57
564
-443
-455
7018
-3887
-5281
-9392
-7522
6771
-6447
6987
4477
-4740
-837
7856
5850
9601
-1366
-5338
5058
9129
556
3272
8493
5295
-7614
364
2262
-3926
8023
-4090
1233
97
2382
7861
770
-608
1266
3514
6226
2136
-5582
3861
5151
4699
-7538
6172
-5217
1286
-5257
4201
-7877
-789
-894
8182
3695
9196
-5881
-992
509
2158
-5725
-3883
6502
-1496
-5162
-9538
5865
8646
2390
508
6348
-9478
5972
-1769
2415
-3727
2108
-4472
-9125
2789
-5376
-7349
2320
-1844
-3730
-2294
-8416
-2989
7586
5622
4168
-819
2242
-8416
-9217
-3160
2174
4690
4763
8167
3459
-6988
1612
-9340
-8760
-589
-3881
-5674
538
5207
7084
1979
6358
9546
3637
-1428
3579
1217
6180
3364
6047
-5005
7563
-5925
6720
3155
-6702
-713
-3466
-553
-8905
1307
3284
-7473
2102
-2771
-7836
-4700
8235
-8364
7842
9939
3574
3847
-3986
-7304
-7709
-4277
8953
-9887
6069
5768
2808
7009
-210
-6769
-7570
9785
-1759
-1987
4542
6001
-5158
9024
5426
3822
3922
-3078
239
852
239
-816
-4339
-6722
9556
-1293
4930
8331
1016
7284
3734
-6658
-3479
-4629
-8693
-4973
-8086
-4308
-5481
5775
9545
5575
-7468
2796
9805
-7705
-4454
-8417
-205
-8582
-9850
6749
299
698
2459
5551
-6745
-8263
9746
-585
523
-2303
8059
-4978
6134
-5630
6969
9835
-9592
2744
-71
-4118
2482
-1902
-4612
3308
3426
3335
7391
377
9881
-5398
983
-3068
-3795
-580
546
-868
4922
-4373
8580
-4719
5967
-7416
-5476
5290
6365
-5600
-8478
-6372
-5354
-6851
4410
-8277
6913
9595
-9355
7456
-8474
-5950
3882
-1216
9676
-2901
-3990
5622
-5347
9755
7133
-4493
-9390
-6893
-1957
5541
-6480
-9811
9584
1604
2777
-5818
9864
2776
4982
4493
4342
-2892
-903
5214
4953
7641
1265
-6375
-814
6889
-9196
1590
-3653
-3449
-6500
-8031
-8107
-4797
-2292
9081
47
-8490
-9047
-9996
-4019
-5485
-2807
2382
-7550
-2443
2309
3182
-7328
701
2601
1174
1623
-5077
9000
7179
7049
-9099
-8573
-7959
6496
-811
-4073
9935
-9200
-9122
8783
3517
-6059
-252
5932
3556
3914
-2137
5998
419
3309
-6288
-2228
7953
1629
5483
-2900
-6280
-9920
5773
-609
-3684
-3258
-5682
9804
-6617
3117
-6121
7520
5350
2449
-8353
-7007
9600
-5243
-5730
-1289
2618
1310
5985
-3501
5750
-9693
-4117
-5024
4940
-8726
-6272
-6337
1660
1308
4900
-5792
-8806
-695
5550
-5834
-9141
-5730
-282
232
-4548
-6323
5735
2104
-4957
-3668
-4664
4509
6474
-4217
-4694
-7482
3414
9320
-2579
-6824
-1496
-8035
-7173
7546
-4604
-3149
-9265
-6106
9399
6406
-1387
2279
6666
3111
1604
-1195
-1319
9592
-7478
-9908
412
-9312
9168
1271
2459
-6713
-6060
7673
4358
-7404
-5983
-4136
4391
-5270
-5296
6295
-9672
545
3185
-3090
-2237
6737
-719
-3462
-5554
-6808
3392
-9732
-5232
2449
1858
5246
-7857
-4841
622
396
-9921
2347
6199
2332
5462
-757
-279
8456
9430
2916
-3693
-7425
8509
391
-7104
5880
4612
-1907
236
356
-9935
-4329
1407
-3579
-5368
2042
4339
-9453
7670
4080
-4734
-1734
3934
-3295
-1616
6007
9538
6443
-2907
9336
-5880
-5998
8856
3706
4678
3132
-1467
6350
-4616
-8291
-6889
2831
-9374
-4655
-646
2913
2219
-2933
8414
4938
3793
8813
-6687
9877
3686
1252
-6561
9822
5315
723
-1784
1925
-1516
137
-6807
-971
-1547
6269
-4100
-2856
-6153
-1171
-8332
1576
-7207
-3162
4730
1351
-7868
-4789
-9113
-4093
-7630
-4162
8495
-9242
-1585
591
394
-1619
967
9858
-3728
-2024
-7036
4374
506
-1824
-824
-5121
1727
4376
624
-9116
4851
-4357
5845
500
-6818
-8341
-3780
-7625
2223
-8114
-8301
3512
6161
849
2543
-7075
9259
-9054
-5125
-7159
4913
6953
-264
7789
9180
-6345
-4365
6864
-4465
8585
-2158
8727
8513
-5266
2625
-7519
2055
-7297
-8958
-83
2799
-1115
1319
-35
-3181
9540
-2645
7587
3375
2458
-8006
2346
-2087
7869
-7561
3465
-7434
8439
-5027
-5538
-8479
-7280
-1651
-70
-5899
7934
-77
-4346
-2959
7870
2315
-3537
-6599
-2322
8374
1414
3721
-9933
-4886
-2784
-1274
7842
-7012
115
9056
-2848
6034
1741
2202
-6283
5987
-4557
1456
8844
-7156
-3597
9841
9207
-7431
7264
5084
-7862
-6351
4905
1216
5452
8502
6440
-9661
1297
-8260
5126
5150
-2249
-9362
-6846
1138
715
-1883
-8066
1346
-3795
-3226
-9920
2014
-77
-5816
-2649
-1398
-8761
1606
7263
-3186
-6833
5724
1698
-9519
-2720
1908
-5960
-4409
5847
4610
1869
8968
7373
-4649
-3474
5722
7390
-6322
-7706
-236
-7192
6221
9488
-9457
4224
-8050
8755
-7320
-1849
2927
-6331
-1483
2337
-8854
2486
-7298
-6837
-5992
2601
5502
8565
307
-4764
-4300
5230
3305
-4498
3880
449
3479
9640
6657
-8571
-638
2974
8475
-8002
3594
-6206
6425
9211
2044
-4565
1037
-4471
-7659
-7537
4635
2295
4979
7608
9538
-1399
430
-4583
-9392
7819
-1111
-9751
-6941
8854
-8418
-9124
2672
-8014
-450
-5355
8672
-1745
1607
9730
1631
-7566
-5646
-7287
2461
4407
-4212
-5882
-9432
9944
-6239
-755
9213
-5699
1499
-11
-2463
7510
-5515
835
-6191
-950
9260
-4705
1382
-5592
-4438
-295
6802
-3903
7760
2658
5129
-3297
841
702
6726
1393
-4897
6110
7625
-9534
-9289
-5083
-55
5058
953
8584
2582
-2235
3346
2860
-5309
-1765
7290
797
-1537
-3730
-4782
3737
2994
-8742
-3198
2563
2385
-90
-447
-2850
-9062
3606
-2994
-8587
-9781
3039
-5799
-8682
9072
9766
-2835
2866
-8944
9396
-1909
5904
-7244
-5034
-6611
9571
-602
9939
-4784
-5884
2121
-4442
-231
-496
-2049
-6894
7549
8601
-5483
1070
2790
4506
-4311
7287
3633
-2780
-215
-8193
9335
-8819
-6567
-40
-9272
-7274
-958
-9844
6070
3315
5854
-561
-6989
4204
5967
5473
-2256
-1752
-9872
6344
8652
3662
-1100
-5042
3303
-9192
7764
9026
2848
9149
5859
7889
5785
-8369
-8808
-3775
-23
-1229
7368
-2049
-5548
7768
-3782
-2665
-7579
-8128
-9862
-9007
2445
-3456
2246
9453
7160
-6444
-5883
-5070
-2316
-6383
-2822
-9486
-930
7599
5747
-5804
-1483
-1207
4596
-2941
-7074
7639
-6550
-6231
2567
2075
-1871
2334
2730
-7168
-4651
-6296
7160
4994
643
1802
-6520
-1413
-7087
7761
-6004
-7901
3475
2013
-6898
-2247
-2123
-9821
5805
9618
-1407
-4239
1885
308
5622
9132
3692
1345
-69
-9597
-635
-2464
-2180
8793
-2420
-4478
-5184
-7398
-3950
458
6742
1082
-9452
-6437
-81
-8185
-9163
5224
8109
9889
1519
1604
-8382
5893
9874
2745
-2760
4107
2774
3310
2943
1917
7935
410
-832
-3385
7893
2490
-995
-121
-3842
-7729
-1690
-3546
-6865
-8279
-2813
3736
3817
-8496
9023
-7381
-7496
4893
5283
-1680
1980
2456
-7054
-9308
9162
-2852
4839
-3066
6904
2520
-8794
-8386
-3007
5802
3087
6590
6273
-4178
-2958
4809
-5006
-9568
9875
7088
8794
6016
-3653
8548
5473
9825
-4062
-1900
-7753
5835
-5855
4431
-1352
-1078
3939
5309
2102
-4295
3857
-3509
-5089
9321
-1802
-2115
-6678
-7423
7277
5157
-4814
-116
8742
-699
-4677
-3751
-5267
-8439
-4458
8876
6197
-1303
2182
6200
-6823
-2772
5464
4281
-3342
3949
3224
-8155
5796
-9470
-7069
-1379
4981
3794
-108
9295
7964
-4501
-6536
-3539
9028
-629
7831
-6329
9460
-136
6537
-8318
-1664
7277
9028
4701
2742
4725
-7512
-1266
-9179
7378
-6131
-2452
-6187
9991
4103
5650
-3994
-3812
5646
5803
-9037
6307
7165
9906
-2391
-3501
856
-3591
3186
-6017
-8557
4377
-286
-127
-3001
-3510
3050
-180
5434
-4284
-8961
-7454
7965
-7954
3049
9608
-5743
522
5571
-7543
4301
3973
2363
-8835
-8741
-2239
7738
-5150
8970
-5095
-1629
-1254
-2028
5137
2633
-7714
-930
-7254
1556
-2320
5411
-1354
6901
-8808
-7405
-4721
7840
2551
6267
7560
-8492
3712
6091
795
-5421
7428
-1651
-5917
-4017
2086
-8884
3597
339
-9139
-1029
2814
4010
1799
-5386
-233
4549
1173
4128
-1683
7118
-5784
4322
7488
-8910
5204
-9573
-2846
-5941
1799
-4936
-1365
-2396
-5627
2577
5480
-1647
9210
4360
9837
-408
474
-4194
-6171
-6854
-1670
978
5454
-3427
-5607
-9012
8190
7678
-9783
4370
-8655
-8791
292
7962
-6730
7534
9966
-7782
1624
-9285
-9314
-1042
-8977
-1485
-9404
3432
-6738
8990
1045
-6592
9059
7963
7759
-6602
3968
8673
-7982
-1985
3498
6561
3937
9226
-870
-1009
-7555
-6058
-3092
-1468
9716
-663
-9504
-4814
360
-1377
-7247
-273
-5936
-9544
6372
-7734
9816
7424
-1762
-9171
-2336
1927
-49
9991
-4271
7083
3173
7154
-2921
2732
9313
4059
-808
-3495
-4988
-3189
-3528
-9632
9243
-5043
2288
-6986
-896
7908
-6
-413
-7743
-1043
2252
8701
1157
3189
-5788
-5962
-7817
-9142
-5504
9547
4888
6107
3361
-4473
3100
41
6739
-5053
-323
-1582
8652
-6655
8432
1687
2846
9454
-4675
151
-2486
-1127
-8446
5116
1385
-6960
-4354
5626
-9047
3903
-3414
3243
-5712
577
9067
5274
-7103
-521
9771
-6344
854
8380
4790
-1238
5627
-2658
851
-1345
7052
4588
-5644
1495
-6957
2510
-6085
-906
-8604
-606
-2301
-9408
5617
-1525
7602
4150
-2682
-2473
-8253
-4517
463
-4850
4185
-2343
-7759
5275
-7177
-3172
-6445
148
-30
3320
-1292
8639
-4305
2294
1436
-4596
2194
4865
2896
2895
-3087
-4956
926
9684
1063
3464
9047
-3476
-858
7912
9413
3150
9520
-3768
-1037
-4493
2120
836
-175
-7710
8821
1261
5019
301
-9725
7426
2213
5983
7983
9517
-608
8722
7573
4520
-8802
4866
1329
3850
1686
-2725
6477
2272
283
5364
9237
-1966
1272
-3027
-1196
5955
-6279
8312
-200
1355
6236
5077
-9337
6688
6736
2209
2242
656
-5176
1270
1409
1559
-8723
75
6038
-9049
-2964
-1110
8025
-7891
8139
1176
5946
-7603
-1243
-3757
7155
5403
-7707
2050
5827
-4562
422
-9409
-2609
-1278
-3233
2125
1790
-5021
669
4485
-6334
-370
4320
8595
-9416
-9360
-2257
-9314
-8833
6642
5891
-1040
3251
-7425
8307
-4751
-6955
-6239
3354
-889
9274
1436
2287
8103
-2880
3989
1186
5257
1153
-146
2268
-6869
155
-2995
-1499
-3190
-6367
917
2466
1441
7954
-2447
-8126
1112
4996
1222
1101
-7185
-845
8220
-7947
-9683
-5503
-9032
4552
-5737
-5709
-463
-3331
-1637
4978
-3939
5772
-427
8525
8894
8871
7875
534
-149
9326
5100
1782
1681
-4880
892
8300
-8248
-8631
-6051
3408
-9612
6781
-3075
-6599
3913
8439
-8509
7661
-6186
7755
9620
-543
827
8048
-4033
-4058
7013
-1726
-6673
-5614
-6389
-9231
-3117
-9614
9220
-3680
-3101
-3696
-3365
-1325
9819
6151
2988
-1323
-8451
9565
7976
-2181
5675
1842
1578
4512
-7116
8708
5702
4681
-3483
306
-6961
-3850
9668
5306
8758
3979
-9731
6760
-7639
-3553
-5401
1927
-8047
6292
-9962
-5452
3828
5020
-6329
4729
-8376
1338
-2261
-8223
9295
-5220
-3254
5625
1078
-2720
-9569
5238
-1810
2321
-9133
-3763
1083
7923
9380
-4249
-1570
-7694
-2075
-5696
-1921
-6150
4099
2665
-8255
-4221
7991
6165
6524
-3440
-7744
-3272
7063
-1774
-5213
-2083
1132
8949
7793
8326
4839
-3908
9852
1949
3514
-5866
-726
8119
7529
-4175
-8044
-5456
7894
-1212
288
-3598
2381
2948
2091
6740
-1752
-4423
-8484
-5689
-6063
-5085
-9634
-8242
5373
-9307
8423
4758
-1337
4685
-931
-9985
7819
3534
7736
-2621
-5410
3817
8273
3357
328
-8184
4262
92
26
5161
6102
9359
-9256
-2053
9848
9919
4529
-4302
-1814
-7179
4460
7593
9163
-8552
-317
8414
8340
-2429
-8670
2063
-6951
9951
-5970
-6079
-3323
-4367
-4057
2589
5051
-7149
-4306
-9970
1655
5960
6924
7379
-7384
-4151
4984
4401
-4369
4171
-3062
-6937
-6483
-6613
-5742
-744
-5262
-2383
-3104
7689
-5002
-9399
9214
-891
9687
1446
-5243
9946
-2472
-7252
8111
-6475
-2303
2835
-3880
6243
-201
-9908
-1975
-6069
-8786
-7201
-1028
4249
-1896
-3142
8080
2988
-4746
-8677
-7349
8201
-9536
-4992
1925
-4004
-6402
8323
8605
-8950
-3108
6080
-2903
3946
3264
8487
-1532
6963
-8851
1827
-8898
-3140
-9243
4459
-8936
-4257
-1838
-6533
-2945
-6809
1505
-5468
414
4438
-5676
2893
-1676
-237
2007
-6320
-3996
-6256
4209
-715
-497
2795
-4594
-2096
9003
6253
121
-9907
-4996
5377
-4898
-417
-9788
7708
-8634
-4922
7444
7526
4720
-534
-9278
-4656
1148
5758
8203
-6394
-6641
-3944
4220
8814
7828
2345
9040
-1990
1632
4805
2643
-369
113
-329
6240
-9062
-3278
-7470
-7637
-9784
-3008
-6865
-9193
3882
-490
-4981
7113
-897
-5445
-897
6650
4133
-2710
-9409
1790
-4515
5127
3044
-2111
6582
2710
1075
779
6496
3330
-4633
-9163
-6792
-1044
1939
7834
-3170
471
-337
842
5989
1203
-4174
9630
-8739
3612
-8385
-7107
-9037
5687
4830
9313
6930
6759
3534
-6650
6555
-5378
5668
-1504
-643
5521
289
-6572
-1559
7351
-8848
-2952
7199
-25
-7235
6094
-4887
-4237
3464
-9070
3452
-253
1478
4190
9757
3330
2895
-5712
-2129
3745
8594
-123
-4652
9343
10
4716
-7982
2984
-9877
-4227
-4302
4924
1776
5482
-90
-9747
6622
4387
9080
2947
1752
8035
-415
757
3429
5955
-897
-6098
2381
7453
5745
-9523
20
-9847
3067
4567
-7914
-9120
-3633
-597
-6886
-5269
7907
5829
-2403
198
-4324
-9528
-3481
1899
7616
-6451
-7936
-2584
-6109
-8086
-9164
402
5286
1338
-1636
8274
-3591
-7329
9877
5980
-7241
4680
-2804
5251
7832
6097
-5165
-3605
9580
-5649
-1138
593
1077
-576
-7089
6284
3956
5783
1439
-2848
-8378
3882
-7228
4228
-4549
2961
5592
-7161
-8211
-2267
-7504
-4037
-988
-703
-3859
4105
4536
-9983
-7380
-4010
3210
595
-8659
-965
5014
5175
-5569
-8920
-7259
8811
8198
-3407
-9127
4143
1656
7301
5522
6166
-454
-6876
-7699
-2517
-4131
-3727
-5219
775
869
-2513
-2016
-5699
-8954
4171
-84
-690
5192
7456
9323
-209
7584
-8434
233
6675
-6696
-5960
3194
2455
8145
-1852
1113
3772
-7210
1316
7516
4618
-9308
2423
-7916
-2270
-8645
-1316
7844
-1074
3902
2139
-7100
9444
-9541
-268
-63
-489
-6598
-9033
-2875
-6025
9763
-9086
-6706
7223
-7040
-5639
1495
2192
-6058
-9563
-1307
2862
-1684
-9900
4186
-7912
749
-9704
5083
5761
9286
-2374
9558
9718
4288
4275
8242
9595
456
-5193
1769
-6680
-4767
-1186
1392
799
3664
2828
-7684
8132
-5549
5022
-3236
-6976
-6107
-1993
9277
-5436
316
-1590
-5140
2648
4992
7409
1503
-3675
5897
8801
6253
-4200
8844
8168
-4437
694
-8740
-8246
-6300
3445
1082
415
-8672
7161
-4604
-509
3768
-4332
-4099
-4120
-6770
2079
3396
-5215
9584
-7528
575
4167
-776
-9672
-2818
3754
-3154
-6408
-91
7100
-47
-169
7008
-451
13
6312
3959
-3080
5365
6582
-1291
9066
3592
-661
-1642
-2775
-5074
1899
-95
-7191
5204
-1546
-3484
608
-9841
8093
-9110
-6380
-540
-3399
-91
-4097
-9196
-2840
4122
-6646
1781
3486
-4806
3823
3396
7578
-6320
-8457
4922
-5922
9719
5467
-3976
-8626
-6696
5346
-9832
-3842
-5453
8255
-8647
-4414
-4663
-3350
-5751
-7704
-359
5089
-2148
-5447
3760
-7399
4675
-5882
5387
348
-7765
9886
3904
8919
-7067
5485
2865
-1016
9096
6083
-3302
-187
-2335
-4409
5358
-9103
1948
-362
-6091
-392
-4174
-6574
-732
-3768
4434
-439
-8959
350
5409
-2593
-1313
-8017
-4417
-7322
-6618
5676
-6654
6066
-8892
-6267
-951
-2046
1712
8689
-7587
-1964
1660
-1670
7554
-2431
-2974
-5909
-6044
6726
-548
-8184
-7576
-6651
-4512
-1109
-5065
-255
8417
798
370
-1880
-450
9022
-2091
-4222
-4747
4376
-8492
1722
4813
-5878
621
-5910
5108
-9940
2181
2032
6968
-1972
-9327
-9548
6451
7416
2222
6643
5368
576
564
7696
9829
-9151
-6007
9682
-8526
-7981
-6589
-1147
-9487
-738
953
-876
-4290
-4251
-320
7718
-7040
9269
-5604
-6464
-3831
-9268
915
-8648
-1169
5681
2159
9217
-8664
-4307
6592
8009
-7791
-941
-961
8136
7612
-5752
-2353
7902
4203
8388
8869
-2514
-1149
-2512
-3351
-6588
-4051
3752
-9739
7026
-8449
2428
-7705
-4518
-7927
-7592
4116
1675
-8938
-3196
-945
-4350
377
-9160
-3841
652
4226
-7185
523
-2146
2823
1206
-9475
-7277
6049
3900
-1232
-3357
-4374
-198
6210
-4939
-5689
-7428
-1076
-7587
-9873
-6438
-8605
-6656
4618
4943
-1055
9445
-9555
4139
245
3228
3936
3686
3844
-9645
1771
1958
1229
-8655
-926
132
-4994
-6782
3939
-5200
9788
-3201
9342
4600
3435
-6431
-6152
2861
3823
7272
8990
5368
-6265
-6992
8563
1128
943
306
-6809
1701
6144
-1610
-4160
-7518
-6321
-882
1968
-2481
4328
7615
6396
6409
-6457
-1678
6832
3233
8368
8679
-8793
-2524
7660
161
-4561
3077
4143
-443
4477
-1566
8933
443
3792
7919
3916
-8583
-9516
6941
-7937
7713
-7039
-7505
9161
4209
6924
-7585
595
4095
-2775
2404
3297
2787
-9504
8548
-7777
-6769
-476
-5439
-2085
-3028
-9596
3576
77
75
-8096
1982
7009
-3708
-2497
-7044
-3969
-5707
-6447
-9730
-5331
-9411
2533
-725
6846
1559
9024
-9230
2415
7894
-153
937
-8606
-7687
9456
7038
-7031
-2659
7411
-2706
3681
-5972
-1320
459
5010
-9812
-7290
-3630
3322
-2306
8948
-255
-7718
-3412
5978
-7044
152
1530
8436
-5148
-6949
5939
-796
-9881
-6867
6381
-4072
-6492
8294
-2487
3533
8854
-8134
4676
4302
-9606
-4225
-6445
1180
-752
5976
-8014
-8684
785
1862
-8512
-7762
7976
-3578
-9487
-7224
-265
2383
-1562
4234
2857
2762
9283
671
9031
8631
1849
-3755
-9344
9618
6847
1652
-2815
-2774
4873
-821
9370
-7916
9902
-467
758
8754
-808
1732
3595
-2562
1785
7
9032
-8990
4226
9337
3988
-5935
-9334
-9796
2937
9168
4564
812
-5657
6757
-7550
3231
-1511
-5640
9084
3842
6091
4072
5823
-1686
3029
-4204
5940
9259
-9824
9369
-1269
-880
6339
-2380
2703
6292
-4020
9202
9351
9555
-1576
-6587
-2875
-1856
-7952
-6890
-9995
9648
-848
-3919
-9724
-6876
-1111
-3918
8831
-704
-4954
-3480
-6087
-8841
4102
5394
-5782
-4566
7599
-7249
-1188
5214
-6381
-861
5273
1446
-96
9666
-7840
-8007
-2708
-25
6861
-2367
-700
6797
-3738
-2292
5603
7127
-2117
-9408
-7273
8520
-4041
-1463
-7297
8595
9788
-8036
-755
12
-140
9228
5416
6894
887
2695
-5615
2985
-1316
-6120
8779
802
3536
-2460
-5428
-7346
-2694
2159
-1099
-6019
8561
-6136
2049
-3892
7819
4143
-800
-9039
7911
-2659
7933
-4111
-8066
9388
1191
-3375
-5552
-2290
9493
-9826
1567
1425
8946
-121
4171
2949
1511
4195
2235
5566
-5235
-2006
4472
5921
-8446
5043
-2430
-5515
361
3521
-838
-1884
9493
7940
5149
-9820
3537
3177
2501
-516
5370
-688
-8805
2247
-5701
2652
-9686
8536
8379
4830
7489
-1997
-3840
2183
-3095
-4680
-8037
-7007
9734
-9975
-2268
9160
-7337
-2358
-5678
4494
-9103
1217
-3382
-8146
-4702
1542
-8132
451
4023
-9046
1668
6090
6181
285
3232
-4634
2571
9760
-1562
-9144
2496
-1410
-9395
5379
5352
4773
-5619
-7550
4187
-2833
-6538
-4465
-8760
9954
672
-1015
5212
-7267
832
-3010
822
-1748
-659
9115
-3440
2739
-8365
-5665
-2919
4635
-7065
5153
-7864
2737
-3725
5198
6243
-5901
7995
6659
5310
-3295
6728
-7597
-8773
-6131
-9917
8049
-5808
3818
-5931
-567
3235
8660
4844
-1635
5461
-9909
6057
-7911
-881
9818
-9590
59
-8299
8993
-3331
3413
369
-1436
-2893
5086
-9943
-4241
2065
4291
-515
-2330
6632
-5464
-4793
2462
-4924
-6679
-88
6404
1405
6661
-3574
-6937
9644
4043
5833
1916
3476
-4236
-4417
3570
4653
-3792
-5836
5728
-7004
8249
-2249
-6691
9760
7568
1687
7310
1801
-6751
6337
-8309
-7547
8701
9761
-9591
256
3944
8733
-8727
-3131
-5557
7926
7199
4781
-8666
-6100
-7201
-2486
5021
9351
-7667
7351
8707
8963
-202
2993
1525
-837
6313
-8526
2053
5148
1259
-2632
-5637
7593
-6663
3895
5658
-7236
-4134
-1601
7921
6364
9915
5442
-4044
-2963
-6780
9451
2448
1014
-8148
-6075
1565
4238
4044
6093
-2471
6635
1442
-9331
-5982
3798
-4492
-2977
-4355
-4296
8643
1845
2711
-7216
8345
1597
4769
-5131
-9498
2581
6496
-7243
-7744
82
-9425
-5826
-974
9790
-2310
-34
1696
-753
-8350
3971
6845
-7174
8454
-4697
572
593
-293
-7039
9817
-3690
802
4171
-8248
447
476
8636
-5389
-6078
-599
-5677
6508
-3180
1958
-4574
-4173
6031
443
-7731
-5073
9288
1578
-9147
5811
-24
788
8024
6825
-2479
8060
7126
-1256
4106
1610
-9398
-2739
-2522
-1663
-6470
7160
2031
-5995
-9701
-3341
-2673
156
-1519
-9950
3709
6889
6824
5129
-6051
2828
2265
-1300
-175
-800
-1069
-2005
6901
1491
1563
2252
-6742
-2190
-8820
1990
-3710
-9547
4429
6298
-8489
-1371
-841
-1157
8713
6600
-2131
8630
4900
2275
-6667
1650
-9199
2239
-4204
8246
-53
-56
-2569
-2127
-2477
-5877
-8970
3133
9491
-5094
-8902
7946
-5300
3058
4647
-6449
-1600
-2025
-5964
-7213
-3684
8398
4760
7728
-548
1188
-3199
1566
-69
1593
-7936
-4504
-3482
602
4666
1968
-811
-902
-4388
-2675
-9968
-1712
5297
4474
9999
-5978
-9196
-7265
-7959
9639
8541
-9143
-2949
-6871
-1201
2597
-6807
-5179
9662
1797
7020
3089
464
2049
-6196
8585
9158
-3184
-7979
-7536
-5754
-8616
9636
8424
-1078
3086
-3776
7790
-5924
3189
3283
-6715
2347
-2567
911
7213
-518
-5929
-2107
-5559
-476
-3481
-9294
7552
4296
-8945
6885
-325
8283
4734
3216
-7328
5806
-8072
1419
-8797
726
9661
8056
-8598
9382
509
-4324
-849
7196
-4228
1858
-9610
-8118
-6641
-197
7155
2985
5263
-720
-4211
6
5476
3514
6578
-4769
8499
-3202
4847
3536
-8439
-2066
-9006
6841
7770
-1172
-9849
-9177
6450
-6257
8690
-1779
-5245
-4892
2541
-1362
3895
-4765
-4334
7531
3968
3591
6681
8640
8049
5371
3531
1142
-7793
-7813
1894
6095
6321
-2481
2504
-8251
-6869
5429
7991
7178
-9965
-3541
1360
7811
-4820
4328
7703
7914
5740
-4072
-1996
5732
5356
-7542
-1747
164
8203
-2495
-5279
2179
-5303
-5838
8872
1301
7188
-615
1336
-2443
-739
-7698
-413
7349
-9084
9967
-115
-1153
-3088
-3378
-3779
8313
8433
-7547
655
6362
-1339
8910
-4344
-7381
927
6861
2716
-5560
4598
-4768
-1002
797
-2975
8665
-575
3794
988
5854
5793
452
1925
655
-7580
1396
-9352
589
3711
1673
4435
2676
-4652
2536
4320
-2020
-8229
4369
3624
2023
-7662
-8869
7285
3811
5295
920
-3754
-9912
9174
-8050
2797
-1167
-8946
-6032
1309
5097
4308
2396
-9985
1399
-1804
814
-2025
909
4783
5461
736
-781
-4905
-6267
6858
-7881
-6792
9730
5613
-5539
-7828
-2058
-304
-1407
2741
5500
-9234
1136
8827
-3633
1727
4119
2469
7473
-8903
-6479
8907
1950
6445
-2555
-1168
-4100
7799
-6304
-2450
4773
-4960
699
5517
-2751
4521
813
-1640
-4489
1049
-2981
2655
-7708
-7281
7025
5073
1056
703
6790
3969
8954
7571
-3951
1173
-6626
78
-4821
9584
-1921
-184
-1390
-8122
-7506
-515
-6375
-3577
508
-5111
2492
1930
-8566
-9613
-5338
-3846
-4778
9441
-1157
-7984
-9625
3421
3610
-4815
-9658
-4445
-1359
-2887
-2749
-5787
-8282
3939
8974
1509
-6993
-7070
-8591
5014
3986
7008
-5889
-5068
-9285
-6370
-7476
-2470
-9934
510
-7389
8489
3824
7310
-6729
-9200
-2095
6259
-2024
9868
1520
-7208
-6392
-4981
2089
-9757
-6631
-4190
6088
229
9925
-6337
-8391
-8291
-8029
-9724
-4055
-3684
-6663
-3167
-29
-1879
1447
4561
4893
-8430
8697
-5204
-7295
-5202
9308
3517
-7682
-336
-8514
-9665
5619
