12350
8419
-9457
-9872
5968
-8624
-7294
626
838
9144
-295
-8488
8492
1580
-8519
5407
-4613
560
476
5834
-40
-7335
-7538
-5815
2046
-6039
8807
7887
-104
-5391
4079
-8140
201
6743
-2491
7290
-4812
-653
7886
2214
-2837
-3226
6624
-870
-2323
-2625
-3506
1311
1506
-4837
-1349
-4804
-774
687
-9032
3424
-1897
1658
-2129
-9506
-5623
3383
3629
-7184
4555
5670
-789
-3894
5842
5630
-560
8072
-5400
8242
5144
-4450
2860
-9602
-3244
-9374
9073
-6875
-6779
993
492
-6896
-8513
9871
9235
9768
-588
426
2233
-6629
-1943
-7447
-1458
3385
-4110
8714
7838
362
276
7862
-5852
-1387
8136
-5699
-9713
-4862
-4107
-4298
8657
976
2815
4261
5639
-2629
866
-4963
6548
4449
8321
-7280
3690
8719
8775
7852
-2780
8233
-3642
-7430
4699
5311
-454
-8443
9601
6578
1073
-9066
-664
2797
-8104
5310
7185
9399
4599
-6508
8134
-8397
-1612
8203
-3799
-8922
4105
1426
-905
-1792
-6205
2928
736
7657
6241
1042
1524
-5208
-2882
1261
-5454
-49
9453
-7182
8583
4344
4338
2554
-3049
-8214
7944
4292
3145
6411
-1938
4170
-9839
5173
8093
4898
8072
-1875
9216
-8826
6595
103
9696
7468
3237
-1562
-2564
6183
-3747
-3598
7293
-6945
2159
-5065
-2745
-3731
-746
6199
7216
4025
7035
3802
-8290
-7811
3409
8765
-3715
-3523
9356
1063
-8571
-4802
4265
3587
-4185
-9312
9425
-2506
9682
-570
8292
488
-4445
-8408
-1907
-9940
8182
-8305
-5920
-93
4098
-6929
-1139
-836
-2613
2134
8629
-4036
-661
3136
-6213
8368
1558
-8049
-4681
-2296
-5742
-9681
7996
-5134
1472
-3552
-7850
3706
-6157
8370
-3368
2795
2253
784
-9878
3624
7871
-6559
9558
1828
-2196
-8191
8321
6614
-1230
4977
-2499
-844
-6306
-2593
-3333
6322
4168
-5314
-4485
1981
-3268
-5300
-4639
4989
6734
-4872
-9430
4595
7160
-7906
6235
-8358
-5533
9916
6810
-5785
8878
-6787
-7440
8543
-643
3312
2644
-3774
-4046
9814
-5590
-9181
-5338
1608
4267
-2572
-3624
-1770
-1846
4004
3838
608
-566
7013
-1373
-1177
3784
-5586
2423
-7566
1165
6670
2716
5212
-9039
-6394
5847
-4626
-4792
-5351
5570
2974
4116
-1756
4836
7149
-6552
319
2124
2108
-5670
-3800
-2979
-4409
1756
7664
-775
-5235
-3732
7434
-4078
3875
2162
4598
2207
-8279
-1410
-8763
9964
-5258
4165
1818
1641
-1067
1368
-1402
9670
-781
5696
-4485
5408
-7493
6815
-3773
7137
-3647
8850
5469
7014
8317
7497
-3322
1583
5025
-8861
4175
2154
7161
-7872
-2780
191
-3275
60
-5299
-7102
584
2358
6673
-7482
6332
-2797
9591
-6690
-2858
-9348
-3126
-5630
1824
3706
828
-576
6570
-6982
-8685
2568
-9284
-6982
7576
-189
-7237
9259
-2738
-9937
3522
2732
3500
8393
2715
8189
2454
-5106
6395
4780
-4969
-4801
504
-263
3621
2133
3042
7198
-9463
-6346
-1056
9168
-2105
1888
-3343
-6799
-2319
-6709
-5849
2767
5841
-9877
1070
-7385
-1861
-5283
-2298
-633
6873
5745
-242
7225
-5951
-5998
823
-5097
-7922
-6187
1316
-3794
-8026
6814
-6329
-9240
2403
-5012
-3245
-7312
-2245
-2352
-5920
1458
5624
-310
-5421
-789
4869
-7276
9442
3568
-5687
6323
-1607
5974
-6020
-1805
-3051
-721
7941
1196
9771
3130
-3314
4782
-5193
1084
8412
7901
3585
8055
-5479
-9804
-4987
2489
-244
-4011
8432
7411
8509
-5377
7493
-215
3442
-6134
-525
2094
-8744
5612
-7918
511
1345
-924
-2069
-3615
7380
-2939
8017
-6140
176
-827
-2355
3305
-1542
3130
-1637
-3911
-7239
3505
-8764
5618
-3947
-746
7874
-8800
5578
1922
-5470
5404
-4472
-1388
8355
-8071
-8223
6930
-2886
4602
-1932
2579
-659
4512
3933
-3289
5131
-1323
6764
3247
-9960
-4726
-631
3317
-7
549
2942
5727
7467
1405
-7846
-4282
-7756
6530
8435
-9377
9999
-4361
8034
723
-2973
-4084
-6258
2060
-5403
-1507
9045
6052
2703
4888
3251
6316
-5256
3067
-2756
4392
7518
-8414
-1105
-5226
-9067
7562
1836
7197
3646
-6107
-6843
2765
-2901
-6121
-4645
1985
1134
2412
-477
993
7086
566
-2580
-1146
-3369
9697
-4423
5953
1642
8369
1290
-1369
9966
-6294
-3551
4842
15
-1271
-9728
-5054
9418
1477
8426
-2927
3012
9421
-360
-1038
8775
-367
5633
2874
-1603
-6685
4929
-4933
6163
-5917
3262
-2854
3863
-6994
-9490
-8704
-6196
-8339
967
297
567
-2538
5634
-5844
-7377
3080
980
-1339
-8364
3617
-485
-4564
3128
9034
-1207
-5133
3457
-9362
9771
9728
-5640
8276
5824
6048
-3571
-9482
4636
-3032
8794
-5351
-2957
-3543
4594
2343
-1526
1140
6340
8938
947
-2700
2433
-4383
-3629
8713
1359
5460
-8223
5723
5478
-631
-6322
-688
7837
317
-874
1492
-3991
-2992
-8300
-7742
-6025
6641
-2530
-3426
-6279
-4452
8221
-1922
1945
-6223
2366
-1518
3361
1293
-8866
-5176
-8991
-3128
6978
-4395
1904
-2869
4182
5227
-5115
-2256
-1489
9614
1903
5172
-4254
-9241
-7385
-5886
1712
8284
5781
494
6785
7613
2292
-8758
1936
9435
9444
-5076
1128
-9874
1141
6852
-9782
-7189
7906
-919
-4559
-9381
-8422
1404
-4149
5460
3084
7120
-6744
3366
8865
-6833
-2405
4706
-8407
1546
-1039
-4968
-8503
3085
-6374
-5166
-4842
-8933
-2593
2315
-8927
8560
-3418
-278
-7035
6177
-8466
-9854
-2992
4186
-5676
6303
-1427
-8366
10000
7339
-7486
-8258
6606
-5782
235
-4804
7310
-5696
-7076
-5804
375
-9420
4454
-7579
-1402
1833
7845
82
6929
8627
3890
661
4371
-4405
-8712
9989
-4368
-5135
2421
-7002
-5554
6084
3018
-4117
2013
6901
3578
-162
5767
5761
7401
-1656
-7296
1190
-7633
-4012
3262
5455
-5419
-1462
-9410
-7599
-4904
-6401
-5906
8279
867
-7449
7777
7925
9890
-6384
7027
-5114
6485
-9569
6933
107
6717
7404
9902
5688
-9703
-1677
-2316
-6787
-4107
-2761
104
-931
3120
-9474
4786
-9091
3340
-1088
-9210
5252
-7428
-6769
-1016
-2060
-5475
115
-8701
-5782
-3833
-7186
-7771
-7214
-1373
-7462
-9645
-924
4292
8463
6322
-2976
1354
1972
268
-1924
6661
-5254
-3572
-9690
6867
-9837
8705
537
-4067
6681
8090
-5236
-1432
7644
9564
-5148
7151
6607
1310
-1712
-4505
-6209
-9076
2138
3706
-2709
-5746
-9482
4216
5383
7592
378
6483
-8656
5958
8158
-6846
-5174
-7409
-4587
4026
-2149
-4153
-8233
-5653
-9169
88
8912
-1255
6821
5017
9156
5415
-6159
5588
1482
1739
9016
3777
-2408
3439
-6349
2377
2215
847
-8559
-7842
1331
6959
-6217
3957
-6362
1396
-3300
8214
8325
-7586
4527
1983
-9943
-8177
-3010
6924
-6929
-3251
9061
-490
-5100
3514
-9637
-2609
-4797
7317
8917
6649
-9622
-2869
-8757
-9613
-8797
-8133
-5459
-3765
8453
4805
7893
-8950
-2293
-3041
-2980
3428
-8586
1685
1268
-7683
2565
5772
6618
3245
8928
-5989
9500
-6005
-489
3738
-9113
4797
7465
-4866
442
-5197
7401
-6960
-3462
8808
-1337
-7407
-4113
-6018
1293
4027
97
-4348
8761
-6278
-8581
-4156
5567
7264
5281
-5064
-9223
-7154
2241
-3604
2059
-3263
7678
3725
8289
5286
7520
8390
-3292
-5591
-1796
616
-892
-4057
-4533
-1143
-1165
-9438
2651
-4915
9302
9136
-196
9852
-2570
-904
-6682
-4822
9949
-5936
6100
2803
-1809
-6265
-3671
-3264
-9653
-2561
-9896
4350
-6039
1580
-1832
-6506
3545
3059
-543
5088
6334
4346
540
7205
1109
-3849
1078
-210
5933
9811
5887
9555
7009
-9882
-1920
-3621
-9822
3732
9041
5617
6639
-6558
-5384
-8142
7962
4260
-2537
-8965
-2364
-8629
-1563
9981
-4696
4135
-951
-8652
9862
-4194
2959
4312
1026
-8702
776
-6677
-5571
196
8948
1549
6908
490
9611
4319
1822
-4184
-5638
-2227
2278
-8354
3515
-1159
-7186
-1065
-1668
7770
-4085
4312
4278
-9386
-7619
-82
6818
6176
-1097
2970
-6639
6660
-2764
-9605
8684
9513
3764
-7533
6202
5938
-8161
4321
-8122
7488
-4047
5578
5189
-721
7727
1701
2565
-4160
-151
5979
7058
1401
-7214
9179
-6584
-1887
-8801
2574
2934
-1467
-6808
-8501
8597
-7744
5122
3404
3434
970
-5570
-3906
8703
-6410
9182
9909
3601
-7489
-8002
607
-46
-4422
-3734
4050
-1698
-3004
2565
-1579
758
-4965
4448
-4758
-5213
-7687
2435
1058
-6478
-6003
-4510
-1617
-10000
-8796
-8974
-8051
8851
-2913
6523
-4541
4442
-6818
804
2369
9595
-7608
8199
4307
-8625
7528
5465
-2867
-7401
1588
-4827
-1431
-8921
-5979
1818
398
-3820
-3444
-2011
7023
2614
7930
-1273
8926
1957
5042
-9063
625
-3805
-9156
-6788
-6597
6340
-3569
-1880
-7325
4876
919
-4130
4545
-2339
-4818
-752
-7720
6647
4099
1068
6983
6117
6253
2924
-894
-9423
3082
-5883
-7064
-292
9137
-5734
3919
-6220
-6894
-6602
7881
-4674
9357
-827
-8849
-6403
-2671
-5738
-4112
-2191
3458
85
1458
382
-2216
5533
6801
8093
3373
1056
-3885
-1135
-7547
35
3906
5866
-6069
1496
-7848
324
-3036
-240
9916
-9515
3536
7563
-1191
3636
3325
6265
-3362
-4638
-679
-6834
-5246
609
6412
5737
7240
5004
5855
435
7653
3986
-2678
2001
7505
6280
8650
-2883
1788
255
-7908
4320
-2086
8209
9539
5566
3254
4078
-7478
5468
-394
-9468
6891
-1407
-5804
4073
-9061
6719
722
-2327
-864
-1859
-6563
-4564
-6561
-5968
2253
2303
676
2467
3
-9979
-8320
-5453
-7510
9884
-7209
4627
6471
6981
3582
-378
-8192
-8866
-277
-5038
6687
215
-1564
8746
-1924
-8634
-3370
-271
-1141
-6797
2341
6397
-7528
5695
-3298
-146
-9563
4239
-4318
-6180
-5026
-6276
-9114
-492
2387
880
-5743
5164
4731
4649
-3170
6485
63
7118
3184
6684
748
9233
-2957
-1964
-8954
-4637
-5635
-8669
8727
-7844
4837
-2593
-616
8492
5618
7305
-1754
-6629
4295
1488
7448
3431
-5011
957
1103
4852
-7615
1695
7557
-1906
6983
6016
6169
501
-3278
-4670
-7075
-1234
-9714
-5423
9454
-843
8145
-1693
-2447
1456
222
-5158
2275
-474
9937
-6394
-8761
5390
-5066
-152
-7503
7767
3067
-2568
5266
6629
-1687
4890
-5477
8864
-2253
-2519
8221
-1472
7926
-6186
-2369
419
3263
3144
-5952
7540
-5270
7925
4012
-3558
7682
9163
-7299
-3398
-5524
-5115
-3436
-4613
-9327
8749
-2537
1777
-4951
6234
1758
-4129
1901
9142
-9989
-18
-600
-572
7133
1364
-9644
9588
-9980
-1758
5299
-4421
-966
-2269
4513
9012
7379
813
949
1145
-4228
3470
6395
9104
-6399
-7776
8346
3123
8837
-6219
9645
-2032
3387
-2873
-2585
8124
-2798
5499
-2371
-2676
-197
-927
-4408
6340
-978
4295
8010
7176
-1287
-2409
6523
-4287
154
2882
-2548
-616
-4507
-9495
-4023
9237
9548
1261
3713
6707
7605
3313
6081
3927
7766
679
4697
-5961
9550
-317
-6307
-4188
-4155
5904
-3823
-5342
6296
7976
5953
3882
5212
-3204
-2675
6896
7842
5331
1328
-7285
-4175
1477
3789
151
-835
-3067
632
-4910
3957
9450
5977
4272
-4506
-8414
-6654
-1843
7558
5028
6275
1556
9531
648
2402
-5229
-7640
9960
-1467
864
-7792
-3871
7886
-3522
-8634
7129
4405
-3924
-9024
9081
-7918
-5950
-2479
-2623
-976
4283
7700
-9308
9010
-2201
-8734
-4516
4091
7392
-516
8729
1987
4512
3685
-8515
-4397
2995
1648
-6351
-9497
-8786
-6514
-9344
1191
-7704
275
-4092
-435
-3961
9983
-5885
-6826
-525
0
944
9590
6384
-450
-3823
496
9057
8826
-7193
6356
1746
299
-2255
6655
3773
2721
-5210
3048
-231
7144
4237
-7330
-2661
-5867
-7167
-7261
7688
-3606
-248
-2704
5952
6122
163
8611
-5396
145
-4503
-6876
9278
800
6929
8478
-8246
2932
-7802
-7150
8601
7593
-2753
-7379
-4353
7919
-4771
-6074
-9105
4806
4938
-201
6482
9423
-5684
3772
-744
-3397
-848
4231
-9151
6625
8110
1558
9316
4024
2273
5145
4578
-8780
7780
5599
-905
-9635
8900
5677
-1019
-463
4479
5738
3799
-8478
-4671
592
7327
7414
-4108
-3249
3862
7082
2814
884
-7863
7201
-1254
3803
6666
2545
2950
9733
1129
223
-1729
2510
7480
-2324
-3866
-5076
4453
-4906
-8594
2779
-9283
-5425
-7720
574
-2967
-9641
7303
-7636
-7900
8056
-3399
-4270
1918
-9698
-7573
7122
-4681
6879
-6317
-9437
4952
7808
-8957
6925
9152
2043
-4348
6757
-4773
2846
-5373
4178
-1904
7222
6664
5524
8505
6149
3036
-7717
2540
3418
8197
-3543
8024
-9005
2056
6051
-5384
9760
6556
-9782
7178
6431
-1003
-2932
6558
-4877
-3838
691
-8139
-7592
1043
4595
7672
9332
-4627
2123
8633
-3487
4209
-7878
7786
2692
-6306
-5644
3701
7636
7807
-4044
-304
4129
7598
-4311
7248
5822
4630
4138
-1268
6201
5913
-9785
2680
7305
-9007
-4819
-696
-1806
-2352
-9484
-3823
-9353
-8266
7022
8684
-1004
-348
1683
2622
-6828
3232
1978
-9570
-4050
5910
-8856
-3108
1485
3799
851
8110
-4422
8124
-8647
-6163
8379
-3311
-3213
3728
-5566
421
-3584
9801
6626
6897
6159
-396
5542
-3654
-6064
-2268
-1389
9385
7858
-5889
8577
7181
2952
4346
-5344
8163
-1345
-1584
131
-4247
3274
4814
6629
-73
3759
618
-2582
4298
-1020
-5773
6672
-2100
-3532
-5270
-7424
-7139
2096
5283
-4263
8012
-7632
5437
3688
9549
-2234
9693
-9429
-4915
-6768
143
-9136
7724
4412
2503
-3730
-2162
1189
-6953
4645
-5641
-8175
5545
-5634
-4223
4897
-2859
22
-3946
4291
8344
9804
409
1194
-8441
5496
-2405
527
4647
-5190
7999
9529
3974
-7053
7323
1233
4086
-1997
-4348
-4999
-9544
-6121
-9171
-5821
5527
-7963
345
1223
8077
-729
-4551
8864
8861
46
7084
4594
2592
-1344
-6640
4656
1875
4340
-4022
-4205
8000
-5497
5628
8124
4624
7767
-8598
-8368
4807
-1473
-7786
-3077
-4077
-5952
7953
184
-9032
8724
8802
-9896
-9154
-3930
5436
-9462
-7377
-6825
-8984
-8561
2544
6682
-3877
6756
5150
209
-9761
-3887
429
-7654
-2119
1215
-5407
4380
8039
172
5133
945
4831
3485
-4454
-8127
8026
-9881
376
8896
-4707
9135
6181
-8969
-8831
2741
-1736
1376
5302
1
-8448
-1152
-6275
-3887
6881
-1850
-4394
-814
-7565
6783
8043
7660
6032
2644
6697
-2267
1243
-4319
1771
3843
2813
-4440
6803
2764
-5678
6768
-6643
-2082
4836
4855
-8739
7558
-2934
8537
-4069
-267
-9657
4139
-9359
4634
-7747
-487
9943
-7775
-8331
6452
3446
8162
2773
-3345
-6078
5574
-2549
-4545
-650
-9877
9919
-863
2240
-6327
-8640
640
-209
6499
3126
6034
-3601
4558
-2139
-8899
52
-2443
6406
-5654
7131
-6190
3175
6207
4710
2075
-6025
9714
-7347
-4465
2839
43
-3069
-5735
8896
3443
7343
4071
9255
-656
-8328
-998
9608
6323
741
9244
-8110
-8948
-4047
6663
3966
3500
-1474
-5663
5674
8100
-7385
-7117
-9981
1603
5879
-505
2221
4314
9186
7652
6258
-735
-2274
7203
6614
4238
-9491
3755
-7245
4490
-5853
4665
-9659
-6434
6265
7269
7720
-3933
-6683
1409
9455
1707
6612
4886
-3188
-9707
2715
5806
-3457
7395
6624
-4336
4468
-2266
2771
8550
-3780
-2138
-8108
657
-2351
-7794
8
5099
9908
9305
-6245
-6562
-6100
3963
8620
7600
1962
-750
-1391
4964
-8918
-6715
4817
2974
2261
1670
-9665
7039
8504
-8353
918
-997
-8274
-375
5532
-2162
8132
4986
-9909
417
-7792
-1496
9115
-5649
3222
-2145
-5574
-7646
4763
-490
-6672
5943
522
-3127
5696
-7972
-1435
-3283
-6377
-8575
7752
-7143
8210
-263
-105
5449
8598
-5006
-4739
-4454
-1814
-1275
-2206
-9296
-6101
-3343
165
-2391
-660
-4565
-8498
809
-1762
-7332
2334
4863
7815
-7693
-824
3367
-5012
-9931
-8126
424
-3344
-2357
8241
-5008
2208
-7856
5826
-2827
-4611
-5099
6923
-7354
-6276
3638
6285
-2596
-4038
-2317
-2609
-5667
4200
6886
9978
-7953
976
-6085
-6461
-6091
-8895
7822
3321
2002
1847
3680
6676
-6211
-1676
-7922
-9914
-5595
-5785
84
-3081
-2794
1361
8825
-8566
6222
-6153
595
-279
1326
6520
5085
1573
3083
-5762
2096
-8739
-1885
7826
5875
1336
6868
5004
2759
-3846
-1149
7980
7283
9801
-9766
5377
-6502
1162
-4525
4734
-8544
601
5401
-5877
6179
-9862
-9403
-1457
5158
9667
-5289
7279
-8175
2699
3910
-9148
2147
-8696
-9397
465
3750
4350
5269
8278
7077
1303
6470
-1571
7731
2136
-9354
-4812
-5196
-4608
-1955
-9374
-9106
-5901
-5764
3060
-3599
-9271
-1781
3325
-7212
7746
1507
4868
2227
7937
5513
4857
-2281
-777
-5486
2447
-2013
-6084
2697
8695
5830
4601
-33
-3609
6626
9121
930
-6891
2633
3471
-7994
-5566
1315
3344
312
-3355
2918
3378
1897
-2349
2580
6029
-3512
-4846
-7507
-7422
9058
1169
8463
3470
-4423
338
9232
2964
-959
-7818
7834
4885
-3499
9869
998
-2332
3420
813
-8139
-5909
7357
-4848
734
-4464
9849
72
9982
8625
4710
-6381
8453
-3625
-7318
3717
8811
3982
2927
4944
-2909
-5918
3962
-4268
-8684
2240
-190
-3993
8493
-9409
352
1939
7629
7655
9588
-9269
7598
-3928
1965
779
6165
1643
8562
-2464
-629
-7489
5743
-6214
8693
9554
-5634
4013
2421
-4167
247
3200
7417
-5942
-339
-9457
-7216
519
-3446
9691
-86
-4581
-4709
-2577
-2015
-7990
-4668
194
-8403
-9190
8150
-2352
1078
-8826
-9723
-8613
800
8931
8184
-2760
-8728
-5849
-8179
5782
-5812
1873
-4573
-5775
-3023
-1228
-2050
5059
1318
6234
-2439
1723
-2740
-5864
4820
-9369
6105
-7582
6353
2854
4771
-926
1178
-4400
-6690
-6077
-402
1904
-6650
5124
-9425
1835
-2763
6592
9894
7738
-7906
-9811
3925
-6125
-7088
3058
-4145
-9278
2577
-6124
-4650
-4230
-7724
9435
-1725
-3124
4214
-4039
-4754
-6668
8041
-8422
2337
9164
9595
-413
-9484
7255
-5538
9634
-1481
-9318
-8317
3394
-5926
-9704
-7648
-6380
-1378
-4532
-4161
239
5733
-572
-4862
-2013
8449
-8413
-2053
-3463
6137
2717
-8881
2764
4947
-8999
-8656
-1648
3778
2888
5579
4755
9375
2313
3078
-2616
-5192
5616
335
-5521
-952
-3316
-6085
-8689
-6207
5897
2018
-9461
-4219
2066
-7457
8769
5056
-1410
-4577
9309
-6459
1335
-3902
-9662
-2433
-8647
235
8615
4524
-6582
7054
-3263
-8910
-7285
-4823
-4110
-4520
-3048
-7411
-3168
399
5288
5844
-8777
-4643
-5808
3789
824
5119
6280
-2535
6797
-1078
-3406
2422
5002
-9707
-8852
-6663
-6710
-7685
-8263
7438
6862
689
-1381
-4986
6046
-5495
7992
6688
-2749
8114
-6672
-9474
-2127
-20
-7535
-7458
-9446
8045
-2178
8757
-5007
1877
-577
-248
-3497
-1276
-393
-7489
2261
-4371
1796
-8926
4245
9145
7796
-6621
-3632
-308
9704
-8101
593
-4615
-8147
1124
605
-2654
2399
6167
9061
-4396
-5867
4049
85
-3803
-7592
-8375
-2084
-1896
8709
-8367
-4836
9858
5415
-8012
-5536
7523
-1386
-5709
3469
8955
-9582
3932
5935
-5774
7984
-3988
-676
-5372
8734
-1137
-7877
-3827
54
257
1996
9287
5515
4030
-2981
5755
6875
1906
-432
7386
2000
-7846
-9906
9357
-3877
2010
9321
-5518
-7596
5307
1598
5089
5883
-1779
1621
-6987
4418
-3388
3904
6996
5362
1666
-1056
-2655
810
1150
-5511
-4477
-4983
796
-6406
-5989
4051
142
2807
4344
-9239
-3064
-3668
-289
-9068
4275
9388
-9714
8457
9053
-5172
7415
-3196
-4466
9237
7023
-1012
881
4899
-5300
81
-9323
3989
3157
4774
-1536
-6721
4235
9474
7029
-7897
7032
8898
-7503
-2371
-8846
6693
-5544
1802
1680
-1464
4754
7839
-9855
650
1799
-9866
746
450
1872
-8879
7665
-2046
-76
-8136
-8857
-532
-3682
-4306
-7083
-3992
-3871
-5134
-2825
5853
-1006
-8715
-8175
66
1322
7642
-464
1218
-1827
-4040
-2847
9143
344
-247
-5810
-2572
-2506
1201
4976
-4738
2768
7457
740
-9803
-1045
5835
2391
-5597
1629
-1087
379
8262
2960
-3637
5160
651
3987
8538
-1855
3749
-6642
-5337
-6898
-7911
-5796
-36
-8109
-6724
-2791
8850
2308
6377
-995
-9778
-7695
4569
8965
2447
-4027
3521
7742
-3640
8691
-6573
-2731
5302
-9669
-3850
-1438
-8736
5872
6457
3224
118
-7970
9937
-9042
7901
-6738
-8717
-7268
-8524
9092
-2859
747
-5776
-5395
-538
-7237
1034
-5747
9677
2206
637
1763
6996
-9556
9127
-4866
3467
4531
-941
-2865
-4689
-4098
-5083
8595
2867
2325
3676
-2817
-898
-579
-1645
4298
6364
-8067
-5957
1368
6378
-2688
5824
-3186
8459
6945
3964
-7219
9153
5210
9661
-6511
-6447
8675
-8990
2262
6646
2989
2663
3814
777
3683
4862
9388
2268
-5182
4707
-6489
-1699
9549
-1182
7282
-5358
3440
9311
2913
-1260
7861
5073
-1540
6567
2485
-8207
1168
-5892
-1909
-5981
-4986
-1944
1290
5728
-6788
-2157
662
7646
-8812
-5945
-1881
-8762
7909
-3078
-9782
-382
7987
-8134
-853
-2011
3535
653
-2940
-5496
229
-355
7481
-6135
956
547
8819
2338
-9186
4537
2630
1515
-6131
-3364
-7220
-5386
-851
-9487
5461
-7547
5267
5037
7561
-6646
2334
204
9163
714
-8028
8100
-5072
-9893
-306
-4467
-9725
2763
-7070
-2363
-2474
-612
-8393
5676
8149
7202
3375
3806
2134
8931
175
9092
-7034
-6995
-3705
1435
6780
9583
-7633
6342
-9639
1360
-3112
-1425
-6712
-7669
-6317
-6685
1218
1080
858
8021
2657
9127
-6557
1922
-1588
7777
-288
-8561
-2607
9060
-3856
2139
8599
8569
1452
-4960
5764
9690
6167
139
2858
7083
1392
-3534
-4886
1764
5917
-1428
-6173
4227
7572
11
-5537
-6837
-2718
9306
-6563
-5852
-9140
-6551
5862
8368
-5628
193
-6766
-7079
-7148
7753
-216
-2280
-7443
3472
210
-8486
-9094
-5771
-2043
8907
5019
-8770
-8245
-6461
-4268
3987
4185
-8679
-5093
2533
-8222
8496
8886
8920
-6105
6024
4772
-7001
-5648
-1792
478
-2056
-3533
1866
3819
-2249
6130
9433
7963
-3348
-4972
3275
-9263
1768
9270
-2881
-6568
2069
7510
-380
6085
2296
9012
3565
8639
-3277
-5782
-2645
-9192
4145
7445
699
3181
3382
-240
7556
3852
-8499
2730
-6548
2964
1923
-285
-405
-8157
-8595
-5638
7894
-2083
-5025
-5878
-6336
1941
4571
-2321
-4893
4141
-7042
5261
5237
7112
5680
7565
1839
-4666
-4047
6059
6965
1277
2805
1426
-2578
7638
-5355
8903
8608
-6351
4679
-5153
4670
2470
5055
-2471
-9179
9881
4000
-8541
-1363
-8940
4802
2885
2502
-3148
-7120
5158
7145
-2574
-8401
8729
-6785
-3321
-1287
1935
-3609
2536
-4059
-8044
2999
-6897
4301
2406
-1430
-1271
-1656
9331
5416
2575
1257
-6198
-6529
3667
5097
5938
8888
7988
-4856
2941
5910
640
-7841
5121
4199
-5060
-4434
-3388
7988
-4315
6996
-9496
-130
4452
7112
1062
5911
8547
-1288
2590
-1387
9013
-4762
-6750
-9536
3510
-5784
-8107
-4129
1942
-5915
9841
5731
-6435
8389
-9063
-5320
1109
6723
-6293
-7216
-653
-1242
-5660
-8052
8223
5600
-4806
-6069
-5692
-5348
-5453
7087
111
-3493
-4450
-6581
-4241
7882
6345
-8895
2807
-661
-7725
-3566
4664
-8884
4711
-3335
6017
-2292
-6977
-9229
8866
-7096
-2687
-3078
2779
9468
-8499
1816
-7448
-6577
409
7889
-929
300
8083
-8970
8110
-5543
-1348
-9133
-6638
1924
-368
-9388
8138
-3485
-5472
-137
7786
4826
-5944
-7343
-8750
-4632
-5209
-3956
5771
2894
2296
2827
-5669
-2706
9891
-7951
2100
-9216
-4232
-3861
-7491
6892
-8487
1545
-825
-983
-2534
3410
-6655
284
-5536
2199
-3503
-67
2350
-3062
9896
2206
-8922
7693
717
7728
-7222
9973
-3957
5357
-6477
-7103
-1634
-9583
-9363
3224
3619
2193
1898
-8004
4231
-8224
8549
2884
-568
-7190
7311
7424
1486
-3658
-8641
-1312
-1762
6901
5126
9537
1040
-6029
7292
9004
1299
-1412
-4406
-8643
-5335
-5007
7630
-198
-9760
979
-8403
-6552
-477
1024
-9138
516
-4636
-9608
-8463
-1822
-8104
-5395
-114
-4082
1837
-9487
5060
4075
-5095
-332
4859
5668
-2638
4422
-2698
-2249
331
4207
1042
5414
209
2697
4623
-7467
-9008
-5700
-7417
4062
6223
6246
3538
7401
-3900
-7621
8265
4630
2474
-3030
2402
-6548
9334
-1417
3963
-8668
-4863
6615
9177
4671
1917
9875
-7664
1296
1471
8454
3982
-7197
-6926
-5663
3455
4618
2745
-989
-7031
-1224
4905
-5848
1925
8841
-7775
-8305
9975
-1517
-2058
7817
4984
-838
8766
-5842
29
-596
1719
6625
2901
-5759
-6303
9432
-8843
6125
-8787
-5928
-5855
3108
3063
-5613
-916
5827
-1593
-6288
-8642
650
-5172
6839
-5679
-4693
5028
8839
-7317
7120
5209
-5442
-175
-8869
-5621
2897
4069
-1031
-7069
193
5382
6802
-4068
8536
9180
-8904
391
8923
-2705
6790
-4505
3694
9776
5313
-423
-4478
1664
9187
-9048
-1281
-6306
2978
-6609
2920
9745
-2435
-4807
7739
2614
-9356
6173
3567
5005
-9313
-1678
4397
-5970
1499
5591
-9327
9478
-2673
1610
-8583
-9756
392
-8305
3844
8193
-8448
1012
-6904
2499
-5497
-3939
-6836
3188
8370
-9002
9595
-7706
2739
-5009
-5239
-5434
-5682
3188
8956
9702
7091
-3164
-9100
-8430
-3418
6708
7181
-1514
-7327
9219
-6220
5568
-5448
7556
-1420
-7541
5042
-3278
-1587
1846
8650
8340
-4939
-6252
-1250
9755
-7810
-9790
3897
-4530
-6082
4293
3
-2787
-1686
9967
3269
3081
-3230
-2494
-6783
-9349
5035
-470
3876
-5094
7736
-9539
9536
-7162
-8717
7964
-9434
-5064
-3170
-8114
1060
3946
5187
-4634
-1958
-7676
1235
-6786
4737
1451
-2732
-991
8186
3790
-6248
-3395
-2778
-2708
3179
-8247
-795
8188
9405
3312
9475
2174
8310
1003
1187
-6577
1842
-9765
-2832
-1110
-1327
8696
7075
3733
-5322
8288
2211
9989
5459
5938
-5735
-807
-6884
-1089
216
2781
4159
8935
-275
-3326
5994
2999
9564
4593
1574
9860
-1377
-907
215
-3744
-8453
-3402
-6204
9712
5363
-6248
4436
3322
2977
-3641
7036
7068
2628
-140
-1857
2632
9674
3706
-9857
-5475
-1109
1814
266
-2750
5237
6965
4820
-962
8820
3682
-1073
-8273
-7564
-1994
8833
3777
-8974
8447
1502
2188
-6393
-7869
7709
-9160
-3226
3499
9814
6451
-3445
9866
5395
8144
-2656
-3928
3005
-7513
7613
-5645
-5390
2232
-4561
-4743
-2958
4738
-8486
-6379
-8665
-2671
7567
-8429
-5639
-6593
7041
9199
1548
730
8805
4586
-4634
3792
-4761
4288
-2263
-6041
9765
-8575
-3507
-2265
-7676
-4008
9177
-3197
-48
1440
14
6151
5161
-12
2534
-4503
-5093
491
-4291
-4668
3670
-8946
-6819
145
5918
6398
-6713
1023
-6116
3607
-7715
-3637
6297
-8894
-4973
3252
-5914
-6344
1459
4381
4941
3699
3035
-9616
6660
-8060
-7673
2572
9076
3913
5032
5045
-2130
365
-9802
7810
9754
-4099
-4900
5573
-8384
-9220
8322
-6711
3695
7490
1741
-5682
9646
7974
4900
-994
8093
8210
9360
4561
7164
7890
1767
-7611
-7807
-1164
-1234
4203
-5685
6443
-8966
70
5779
1054
-7240
-7490
1379
325
6666
-5885
6803
2889
3357
6359
-5324
5728
-5918
6971
3527
-3825
-9551
2381
6893
-1578
1822
1374
-2228
1359
-4652
-4879
9630
-2383
3598
-5299
-7949
9601
-2664
1500
-7335
1317
2167
-4730
301
2839
8351
500
346
-4352
-8339
-8206
5226
6777
-3539
-8277
7070
-620
-8217
-6313
-3076
-6578
6258
-5076
6721
-8877
7415
4007
190
7092
-3294
8911
4265
-5465
4432
-6801
-5088
1280
1946
8823
220
3848
-2406
6575
-4787
-8415
5506
-3812
-1498
-5278
3945
-9514
3098
9230
2183
-9078
7579
4314
8608
5993
6513
-8445
9002
-8707
5332
6975
-3424
-2137
-4503
9043
-833
1889
7770
6943
-1632
-6270
1572
8890
4966
-3558
156
2921
-4761
511
3796
5893
-2917
5389
5172
4148
-7980
-2655
-7017
9016
-8147
-9571
7810
-9307
-1890
-2624
-6829
2469
-8166
-3172
84
-3033
-3294
3618
-4918
-4758
-464
-3384
-6940
-1569
-6864
-7215
174
171
1404
-6827
3395
-70
7632
6018
-2453
505
8087
4178
-4638
-8241
885
-2581
-3049
-8846
999
1055
-1342
-9992
5627
-1979
4499
8489
-8968
5941
-5982
8165
-9870
-9318
-1245
-5110
7073
-3724
6932
-7298
-4121
-1353
-7909
3110
7833
5830
9257
-7481
-3752
-4375
-1941
-5608
603
2013
-4363
-2012
-4166
6729
-6872
3059
3633
-9990
-794
6922
508
-3055
6415
-7223
1294
-8531
-3168
9709
-1063
8946
8316
4855
8418
-62
-4459
4939
-1021
2931
-1591
3053
-3091
2920
-6584
5176
6245
5212
-6640
7959
-664
-6433
4708
-8456
3491
-4267
1511
5244
4022
-6202
-1287
-7487
5948
-6001
7958
-165
-5180
4135
-2977
8784
-4280
-4758
-5456
-4175
-5756
186
5226
-3934
-6228
1734
-1849
7981
-2560
8209
-5457
-4510
-1831
1699
148
-4673
2528
-7470
4717
8515
-7110
-8911
4020
-6815
-411
-9787
-5491
9664
-8797
4658
-7811
801
-9440
-1693
6479
8263
-1431
6506
11
-8162
6717
-8082
-8506
-480
5027
5660
-6690
6477
6766
-4708
7358
-2885
1756
-8069
4285
8397
3149
3831
2066
9926
157
8448
8194
-6333
-6282
-4647
1466
-4671
7219
-4638
-2306
-6247
5404
3869
6580
866
568
547
1019
-4677
1200
-7379
3127
-1517
5499
995
5294
7148
-3631
-8530
-1064
4100
2801
-1564
-9632
-8718
8978
-2646
-2901
6140
-8127
-4431
3954
1599
8618
-4297
-10000
8988
6402
-9999
-3243
4417
-4610
-4599
7685
6739
-6348
9229
-8706
-7816
-1452
9580
6556
5870
8185
8414
4246
1100
-343
2976
-6130
-7759
-5074
5158
8265
7137
6871
3815
7725
-7456
1360
-1439
1149
8784
-9507
-6536
-7878
111
-1301
7360
9994
-4874
1996
5914
-592
-2240
-3097
-2015
-3623
-7538
-6540
8687
-1871
-8456
274
-3906
-7294
6402
-9991
5071
5714
-3436
-8914
8740
4707
8798
-4463
4470
-1271
-4842
-8548
5876
1817
1252
6826
7031
1913
-5177
823
9319
8967
-9363
2679
216
8017
200
3568
2432
4541
4562
-7322
-370
-933
-6290
2508
1269
-7042
8772
3735
4113
1745
-3619
9621
5737
-897
7567
5829
1544
3631
213
4857
4333
-4647
9171
1762
3372
3024
3021
4832
-4812
-9593
7618
4092
-1623
-7058
1052
4022
-6372
-5587
-5739
-3918
2888
-4337
5118
3019
-9247
-8535
-5135
2794
3844
-3314
-7342
-7640
9459
-461
5754
-1510
-7378
1120
-2213
-5589
-1904
-3199
4845
-2424
-4110
3880
8105
2956
5518
7550
9443
-4789
-2943
-8628
-5774
7670
-1834
7294
5506
5575
8146
-7204
500
3301
-2188
-2955
9575
7874
-9824
9157
1022
3767
6288
6174
-9439
-1693
1950
-7199
2631
-398
-3951
581
8910
-7603
-8765
-6116
1744
-1486
-4544
5824
-2018
6628
2351
4531
-8142
-9012
-6198
-9411
2392
-4737
162
-8985
8887
-6720
-5392
-7996
-389
9416
8676
-3299
9031
-347
-2091
-2007
-4509
6516
1042
328
7122
5574
3868
252
5332
3222
1030
-3291
3008
-5172
-4344
2024
-1955
-2968
5465
4184
-4594
-6130
50
-8490
-9129
5011
6915
-3473
1073
1134
539
9824
8774
-3765
-9468
8196
4033
-678
7534
4304
-9498
-4964
-9363
40
-4013
9845
160
9052
4541
6211
-3182
-1865
-4521
-7197
-5734
-5140
4944
-2551
-2679
6268
-3566
-287
6698
1479
2905
-9836
8827
-761
8462
-4179
6157
-3855
8501
6499
-7012
-4136
70
4875
-3888
-4584
4476
-5559
-4440
-4272
-8407
6051
-992
-3995
-3409
1472
-4204
7146
1911
-3796
4074
5352
2034
7444
2576
6909
-1107
-4655
4298
-8184
5028
2510
-9293
-9121
-1809
-2358
-3118
-8038
-2230
676
-2391
-7899
-9463
5053
-4437
1582
9899
-1303
2517
7709
636
-8099
-5999
-2125
6972
-4634
-9766
-1908
-1321
-9943
-8983
-6154
-1302
-8121
-4876
8261
852
-7151
-4646
-8395
-5139
8015
-7048
-3958
2558
-9644
7762
-8118
-7121
3697
8788
9598
2029
-2589
-7465
82
-6951
-2774
5474
-1338
1416
-2661
-151
1201
-5819
-5742
1060
1440
1888
5655
6219
-2152
9196
-3476
1908
9243
-1098
5346
4329
2240
-8789
1983
-6622
-8513
1902
-9839
4201
2683
6973
1038
4493
-7382
1699
-2781
9379
2390
6875
9774
1599
1923
-91
3076
-6793
-3882
1595
9462
-9738
370
7737
6070
-5892
-3798
-7395
4159
-9151
440
1173
9594
1258
-1911
123
1370
9566
-3893
3268
-9056
-1403
-5343
4753
-3985
3772
7097
-7800
5660
-9122
-7319
8827
3142
3872
1486
2343
4696
-3070
-9756
3363
-5785
3666
848
-1830
-8717
7280
374
-4588
6284
-6487
-9239
8085
4326
-4709
-5152
5157
6425
2578
-1706
6177
3794
7146
8736
-6046
-3510
-2429
-7193
724
-2186
-1900
1559
-8855
-2539
-4633
7230
9792
-1699
-8398
-6093
-8760
1704
-6265
6457
-4013
5422
-6589
9560
-2427
8661
642
8245
-82
-9653
8240
6310
-1822
9638
-1817
-3450
-818
-5990
-3430
5099
-8272
7247
2913
9318
-8962
-1536
8845
4870
1001
1042
-7419
-2437
9844
-5912
4528
1570
-7694
5637
-9918
3200
-4184
8692
-3531
5637
-5792
-3051
-6445
1600
161
8251
2577
-3068
9541
1366
1806
-2851
-3364
5836
5922
2753
5795
9442
-7968
8279
-5263
-1418
-5872
-7742
-7223
1775
7861
-2841
-6800
-7888
-3478
537
-9285
5206
-5223
-6810
-5249
-6530
-899
773
-8278
-6174
6322
-124
-4332
-40
9714
9438
-4053
2785
-1238
-7066
6003
8270
-9044
-9196
4221
-8495
-2626
-2414
504
4425
-385
-2314
1316
-7345
8266
-471
-6543
4527
-4624
-5950
-798
-5726
3546
-8455
10
-3522
-6229
-7732
-2271
9324
-3161
9855
-8882
-1952
8727
6201
6982
-3257
-2522
4943
7270
7033
6412
-126
-3960
-216
3496
3492
4665
-4547
4809
-1261
1657
6210
-898
-4788
6797
-9168
3109
-9770
-5208
-8013
9046
-4007
2416
-4860
1502
3048
318
-5552
6931
4660
-6762
-5828
282
620
779
9073
-4257
3432
1658
5474
-8809
5349
-6404
-148
-4177
-686
9823
9775
6357
-9500
-1083
-4373
4429
6979
6334
9466
4499
8528
4500
3004
-9344
-5633
8136
3929
-3049
-1036
-7184
-8505
-3457
2575
1874
-9205
2673
-8172
-9161
8983
7718
-1138
-7067
-9998
8469
-6050
393
-1153
-9626
7040
-1813
-976
-2100
9240
2894
2630
-1318
2910
-4768
776
-1334
6553
-2499
-2108
6244
686
-6252
-572
-2108
-6975
-7867
9090
-4146
-2706
-1452
-8155
-8187
4424
-1729
-5653
7439
6188
5539
-6154
-6428
7430
-9453
-7792
7780
6946
-3502
8484
-3259
-243
3750
-2841
3091
5639
8037
-8489
726
-6785
6743
-8505
-6025
-7127
-2432
1143
5637
-2143
-5360
-9805
-3180
8351
-3843
8125
9762
-6323
6902
2780
-7357
-3034
-8994
-5011
1460
2129
-9229
3537
-8985
-6092
-747
-8783
-1876
1438
9352
-7919
1784
3808
-7881
3551
1785
1887
-4822
-4551
9314
-2965
-6457
9038
-8072
-2235
1602
-2394
9901
2018
-151
-3426
7277
-5089
7229
3758
-2024
5387
7841
453
-3336
7449
-6726
-501
33
-8355
3836
5196
9817
7624
-7066
-4898
-7806
-2123
-6789
-6059
1139
-8759
-2783
-3672
-243
-6872
9305
-328
4048
1000
-1327
-4734
5433
-7871
5781
-6714
-1424
-9074
6732
9894
-4760
-4931
-2166
3926
-3523
-2581
2437
7100
9275
-1181
-7477
-2243
-1069
-2387
100
1100
9436
-1319
5754
2004
-2744
6011
-7009
-4600
9255
9419
7721
-4493
-1953
-6191
4993
-5916
160
3897
3608
3678
8618
-8836
4667
336
926
-9441
113
-8973
-9041
-7113
6324
7551
6701
2321
-1656
-4273
-7034
-1148
-931
-7415
8404
4084
-3230
3076
497
5282
-701
6241
8541
9437
-2454
4083
-6674
-3375
-3897
-9193
-1482
-7493
-7824
-7549
-9584
2463
7379
-1169
-8145
8031
-3386
9915
7617
-9728
-4141
55
7621
-4173
-6736
9884
7416
7727
6344
4094
-9331
-9502
1708
-7669
-8138
-7998
8240
6231
8165
8505
-9379
-3615
-2475
-9055
6384
-1955
-5092
-4034
9386
2827
-7110
6720
-9481
-26
8520
-7359
1168
8954
2105
5596
-765
-8007
8988
-8607
7638
9710
-5779
-4654
2534
-5112
1986
-5502
7916
3400
-5121
7365
-3228
-8495
-3011
-5118
-3423
-2024
-7863
-772
67
-2137
8789
-7373
-9580
7390
4090
-3448
-6574
7187
3522
4037
-9600
3746
3033
2493
-3077
-3653
-6795
2740
7858
-6817
-3188
6014
-8060
-5319
5971
-3733
186
6449
-9895
-261
-1646
4846
1216
4905
8808
-1195
-5984
-7320
-9949
-7545
-1927
2986
2641
-771
2594
1507
7134
-4583
8777
1174
2743
9201
-3601
-3981
6247
9945
-4154
-1576
-1510
-5940
6569
-2690
-3653
-243
-2547
-9268
-8782
-8719
-9183
-356
-2235
-7879
9925
-2998
-8727
4909
8189
5310
-1262
7245
6678
8627
-5537
-1688
-1128
-175
8193
-80
-7670
851
-4892
5452
5297
5889
6362
787
-1836
-612
6132
-1266
-6085
-3775
1655
-935
2304
4989
7216
-2144
7918
-6070
-6954
-8072
1456
-236
900
-7693
-4253
-8353
-9146
-8915
1300
762
-5903
-7267
7843
6115
6994
6203
-495
-4518
8864
-2200
7432
2534
-7752
6591
-4710
8100
-5375
-6699
-1916
295
8960
2375
-4619
-4960
-5595
-2474
9387
6253
5714
5548
-7999
3141
5358
-7635
-9708
-9280
-4120
4612
7439
6437
4671
7049
768
4369
1048
7835
9297
8142
-4663
6973
1890
-6554
-2015
8648
-4301
-5795
2474
6384
8780
328
5041
3460
-1240
-9161
726
-298
-9884
-653
-7715
-623
8208
4128
-7395
-849
-3345
3357
7762
-5764
3873
543
4088
-3509
4369
-2877
7911
-535
-4893
-3447
-4101
-9033
894
-7997
-6031
-3679
-5923
8490
6788
-2524
7174
-8265
4537
2812
-8496
-4452
7440
-8802
-5186
5756
-5447
-6377
8728
-5196
1562
3242
-1055
4041
-3273
-5971
658
-6092
-2836
6145
7664
-3734
3020
-3879
6699
4122
2781
3631
3913
-6079
3542
-5861
1583
4050
7155
-3886
8338
-4664
9672
5723
2288
-4114
2560
-2007
5430
4151
-1819
-542
-6789
7935
7034
5172
3448
-1218
-167
1509
-5741
3525
9015
-4323
-3628
-5563
-2532
-4022
8395
-1993
8124
7265
-3580
5715
9810
316
9642
3290
-9408
8800
6672
8701
-1906
-9884
-2166
-6419
-6252
2907
-7131
-5888
-7770
9318
-9684
-6093
-750
7416
-2363
-9506
-2871
6477
-8578
-8878
-5368
6371
-1988
4486
-5371
-3890
-2667
-1590
4480
5853
-1391
4296
-5095
-3559
8229
3699
-888
453
8572
3453
1574
3448
-4982
-3119
-4184
-3506
6805
-9265
6544
2273
-6917
9346
7637
479
-7431
-4625
3455
8381
-3559
-3984
1016
-8770
5478
1010
-8575
-9084
-8210
-1299
-504
7216
-6065
-6807
-4393
-9754
-7762
-5127
-1029
1986
-2531
3193
7938
9285
7606
-3227
-6711
-4600
-1065
-8438
2285
-5909
3713
-9669
-463
-3829
-7691
-3278
-8247
768
6193
-1920
-9487
4793
-4761
7533
-5475
-8669
6266
-2606
2295
-9257
8655
350
-4897
-647
-2438
6978
3569
-6392
-9636
8004
5111
6572
-3296
-776
-8200
-3906
5904
-5437
5647
-424
-6758
-155
-1799
3384
-2523
-3269
9743
-3603
1
4766
-5996
-4802
5588
-8447
-4862
9331
-1170
-33
-8550
6577
8477
-6109
8102
5326
-2056
9148
1315
6282
-9741
-963
5530
733
9541
7090
-7414
-4923
-3716
-9374
8873
-201
-4279
2880
8400
-9057
7812
-8587
2278
-7965
-635
1693
-6764
6034
9189
-1558
6655
6077
-3812
1773
5927
-9058
6670
-4640
-5125
-3359
-648
-5567
-5184
-4569
8110
-5648
9542
9624
4942
2613
-3274
8403
3547
-9267
2918
-3190
8646
5893
2353
-7747
-6198
4193
5093
-3375
6523
8404
-9344
9674
5238
-389
3116
1271
9167
1349
7237
-9084
8072
-4012
7225
5890
9364
-9547
575
1772
5278
8370
-1105
-6480
-3969
-771
3678
-1390
5766
8781
6977
-5200
5798
5540
-8509
-8655
3934
6782
-4736
4923
-1778
-130
4561
-4482
-5458
-3301
1289
-1310
2810
9957
-4675
-1716
-5410
2079
-2655
5255
-3603
-5501
-1800
8734
-3796
5314
5587
2103
2034
-2647
9183
-5321
-6575
4804
621
-9118
9520
5757
-7246
8859
77
4
8205
5469
1531
4631
-5266
3742
3981
-8778
5785
-1853
43
-1267
-2968
-5988
2605
-9525
2669
5672
136
2961
-2814
1015
9407
-7763
-3708
7097
5312
1553
-1153
-9316
-3130
-2456
-7500
5018
-5487
-9342
5292
-2087
-2513
-6088
-2021
2397
-9750
5248
6361
1856
4203
-9686
-1520
-3032
4501
9042
8911
280
1469
-6855
4043
8344
-1511
8668
1544
-6498
-4637
2565
1443
-2812
2162
1460
4577
1925
-9140
-1781
-1064
-8258
7050
-5383
-6475
-393
-9558
1169
-6569
-6617
6865
70
3882
8456
1848
6413
-8290
-4985
-152
-7765
-8195
9018
-9463
2957
-2764
-7067
-5574
-6565
-9822
-2519
-728
9285
3406
9595
5541
7294
-1824
3726
-4284
-9206
-5382
-6543
5624
-6341
-800
-4388
-169
9152
-89
8716
2100
-3162
-2695
-4176
6162
619
-3852
-2173
5148
-2868
-3361
-7441
-1133
6746
-5268
-2662
5914
9997
5866
-5868
3707
-6989
-6736
-512
4825
-3625
7751
9499
2604
9913
-7540
-4501
1736
2647
-4145
4656
2197
2684
1426
-9023
6604
5450
-408
7107
-7606
-6612
4138
5550
7673
-8105
-313
770
-7642
-9174
8262
5966
3179
412
1313
1409
9947
-1501
-3334
-9528
-616
7979
4591
4217
-3287
-3988
2915
9428
-8214
-3222
6214
-5642
-9059
992
6855
650
6149
8785
-5776
2791
6556
2217
-7936
7348
-2727
7585
-4478
-4415
9098
3077
7273
-9147
-517
-2764
9809
-4203
-5503
971
2111
-3800
-338
-2208
1463
-3734
-2942
3147
-5452
-5597
4391
3273
-2839
-6053
9271
4615
6936
-8259
3046
1564
-2678
-8877
6468
-2286
8308
934
5021
673
-1415
-2117
-7867
-1184
-3835
7597
-4171
-2260
-259
7668
-1180
-1770
4792
-4698
2784
7169
-9310
-5146
5047
9457
9545
-3996
-4465
586
-2842
-2921
-682
-9502
-8924
-9339
-7899
3126
3480
2817
-7997
-222
-5197
6975
-1296
-8897
-7905
-3899
-6694
-7597
9564
-5895
3211
-4231
-1105
-1268
5153
-178
-8429
6141
825
3569
-5560
-9803
-8357
4811
-5812
9022
-8924
2755
6894
9944
-5862
-280
-2218
3501
-3898
8770
6508
1857
-8226
1950
-6956
-5840
-7907
-7320
4574
-6603
-279
-4798
-8168
6079
1242
-3688
-6360
1386
5301
-4813
-9726
8021
-9715
-7056
-1952
1458
-4989
8329
-516
8185
-9047
1704
-148
-7044
8283
-9888
5758
-3983
6320
4318
-9048
9920
-756
-3957
-3982
1677
4302
7183
7762
2515
-9947
3295
2135
7386
9839
5156
-3959
4132
1111
9245
-3332
-8682
-6951
-454
7041
8875
9710
-9705
3568
-6541
4869
8312
-9839
-6418
-9071
9678
9964
7511
-3237
1160
4951
231
408
-229
6608
-4666
3469
1520
7831
1161
-351
-9284
-2253
7790
-9275
4339
-9682
-3256
-8430
7687
4467
-4414
4368
-4025
6531
-2698
-1547
-950
7769
-4640
8000
-8387
-9991
1304
1707
4417
401
391
-8435
-2181
164
7997
-8651
-3033
-8911
8475
8243
2976
2123
4533
1201
-8656
6641
-393
9794
6054
-3501
1628
-4433
5380
-4923
-2476
-58
-7855
8759
-7068
507
7886
7309
1133
-2067
5085
2021
2644
423
-9993
7693
-432
2747
-9576
-5750
-4575
9930
-179
6156
-7549
1759
-3124
3804
9819
7723
693
4703
-9819
-9341
9751
8314
8868
6803
5319
1054
-8102
-4398
-651
3683
-5437
6271
-8211
9298
3066
-790
-4081
-9376
-3002
3708
-5008
2019
3311
2363
-251
-9228
-1787
-7223
-8548
-8814
-3241
-7779
2615
-5520
875
-311
8556
1616
-5500
-5363
-8904
642
-6021
-882
8414
8375
-1175
-2949
579
9033
5545
4088
8421
-4050
-8108
5024
3827
-710
6014
1788
4191
-3861
-4648
7950
8081
8966
5205
8574
-1614
4116
-7110
8966
-2106
533
-6948
2135
8886
-4967
9900
-3145
-4551
-9349
875
2831
-1711
-5067
-3612
-6637
-5873
-1772
6892
2535
1223
8
497
-5577
-8485
4376
-5733
-4242
-1501
310
-7684
-9764
3543
3053
2599
8043
5064
3002
-329
-6603
-5436
-3903
7945
8650
-1512
2240
7982
6260
2930
7926
-1475
8177
-4150
-3728
-6710
-39
8067
4517
9796
-7811
-8385
-6148
-497
2014
-7739
-7472
9213
374
887
-9218
-4012
4966
-372
-1284
184
6145
-2006
619
6844
3274
6534
3628
-4864
-1083
-9504
-9922
5062
4412
5390
799
6637
5228
8077
-4347
2711
6472
4750
5489
9048
2680
8171
5735
5537
2438
1251
8648
-7246
-3066
8369
2774
-3357
-5589
-8782
7672
4982
446
7828
6066
219
-9278
-2751
1002
-958
-666
-5614
5127
2360
-5029
4349
-6092
5718
2679
723
-4133
-5611
859
-6616
-8592
8656
9278
-4473
8550
2941
-2794
-5030
-4128
7447
-5020
5247
7430
-1985
-4893
-5528
6933
2816
3969
3036
3386
-3612
-6619
-5172
-3486
-8031
-4961
-1717
4012
1209
3524
4912
-6062
-473
-3435
-3200
-2676
-5914
5167
-7421
-9895
4358
-1383
3583
-5290
-8645
-7068
3774
-6009
494
8808
-7942
1279
-4268
7119
9114
8793
-633
-1436
-3163
3663
8482
6139
9693
-3570
-5180
6169
-4455
-137
-5607
2115
-4683
-8416
-4285
7708
8408
7703
2059
2847
-2522
9426
-3344
-8926
1506
-1272
-7847
-1060
3262
-639
-2802
-503
1178
4879
6610
8613
-3025
1389
-3515
-8487
7385
-63
9896
-7262
6910
1583
5189
-198
3519
1414
-9417
5242
-1050
2701
7385
5199
99
3879
2495
-5137
8856
4258
5360
8438
-5961
-7015
1355
-9944
6367
6566
3549
4470
9869
-2228
-5498
8336
560
-2386
3118
-9803
-6397
1144
3255
6253
-7631
-2016
8329
-2951
7180
4979
-5591
24
7173
-4078
7291
92
5282
191
-397
374
-3121
-9887
6054
-9397
8539
-7379
-7459
-9233
5470
7577
-5310
-5391
3843
890
1001
-1446
-8654
-4395
3140
-3432
2611
6370
-5752
-701
-5430
4498
-1725
-5884
-6824
6063
9353
-2340
-8792
6953
5540
6135
5634
9758
-5924
6766
-3856
2699
4562
3747
2158
1161
976
-8249
9280
-12
-5310
7831
-8011
-1604
1131
6347
-4593
-9786
-3984
4397
9423
2650
-6741
-7896
-9192
4987
-2239
-6577
-2725
2227
-313
8822
3495
10000
4542
-6631
4739
2563
6710
1603
4886
6846
1575
-668
-279
8
3384
7045
-5115
5271
-1644
3187
9230
-979
-5449
8041
-7492
3469
3977
-4737
9968
-278
7339
-6361
6451
-803
2573
-4720
7951
-544
-2718
7414
-3274
2937
8939
5867
-5229
-8032
-2827
-5217
-6444
-2448
8887
734
-5383
2433
-2687
1246
-2338
8421
5693
-7109
4069
2036
4678
9447
-2069
1946
1493
-7605
-280
9530
-5965
4021
8999
3913
6143
-3509
-4262
-3934
266
-3629
4247
-1429
2052
3932
-5361
-4034
5751
9371
8177
-8467
3578
-2255
560
-6257
-8683
-6482
8482
-3743
-4589
696
2190
-5971
9300
4793
-6968
1484
-6271
-8906
6137
-5009
-8084
6234
8672
1033
-4322
-1553
7897
1529
2663
-2033
1157
-6285
-2318
6665
8784
-7056
5958
9419
7289
9000
-4686
-2100
8517
-735
4244
938
805
1590
7288
-8817
-4200
-6323
7053
4252
3951
469
-6734
-9464
3643
-7561
-5697
7175
-873
-7318
4060
2154
6598
-9061
-3926
-2593
1137
1718
9018
3100
-4242
-2412
-9223
-7329
-4601
2644
6964
1466
9538
-2626
-6766
-3388
9525
4188
3422
-6892
-3050
4219
-892
-1069
9305
2604
-3380
-7617
-5648
-8208
-7137
-2128
-4159
-2353
-3147
-5516
-9730
4015
-8475
-7681
-8128
9925
7128
-9946
-5698
3928
5078
-2859
8595
-9333
-2454
-783
3357
1684
9908
9621
7449
1912
5223
-5833
6240
-7009
-5724
-2538
1094
348
-3590
9206
-2301
1402
9452
-2748
-6875
137
9027
9317
-8306
5600
-3913
7250
1014
-6986
-5547
25
2179
-5010
-4512
-8289
-3520
6358
-7212
-5023
-5313
-7854
6326
-4660
8877
-6334
934
2420
-9029
1646
2594
-9767
849
-2558
9587
8747
8517
3811
1683
-9095
-4928
-3209
9003
-2418
-6542
-6179
6918
9536
-3452
5791
-3884
4733
5314
4450
-3357
9378
-3272
-8340
3075
-5177
-2408
401
-6552
-744
6002
-3453
362
883
-7666
-8742
-1692
-5812
-5386
-4640
-5291
-6831
4916
4468
-1308
446
-525
-3018
-8880
6629
733
8047
521
3067
5582
-1746
-580
9217
-6975
7202
-1866
-2099
-5624
-5247
2043
-9072
-6147
-7118
7083
6206
3206
9306
2875
1817
-2740
-3322
7503
761
-4139
5589
-116
8715
-2158
1600
-7678
-7880
3123
7679
7174
-5593
-5899
544
2221
5474
-16
-4224
-5757
1427
1437
5417
-3336
1557
-3369
-3578
1745
-3889
-7598
-3626
-2369
6848
8026
323
-239
-6593
-885
5147
807
-9972
-8085
-738
-1068
-498
5680
-668
8142
-3363
-6018
-8030
-6808
-9028
47
-6123
-4369
-5084
3001
1411
-5588
-7716
-8468
5382
-3851
5342
3652
-6351
4301
-636
5695
-2192
5184
7102
1066
-9575
8286
-5968
6476
6826
4095
2989
6707
6364
2211
-593
5148
-6313
-5428
-4236
1198
-4501
8276
5597
5568
-304
546
-948
2855
-1701
-9085
-9256
1192
108
3836
7453
939
5148
-447
4910
-7204
3824
6665
8050
-4921
3460
-3525
-4119
-1805
5762
-4939
-3128
648
5302
2185
-9077
-3233
7072
7687
5706
-6482
755
5330
3411
-2463
-9280
-5447
-6750
-5130
6876
6296
-2100
-5267
3683
-1038
-4123
-6528
-2324
-8724
-8478
-9375
-599
-4349
-9013
-1827
-730
2991
-1406
557
-9840
-5112
-2644
-5069
-3365
-8620
9882
3767
-5823
7482
2475
1610
7333
-3871
-5096
-8328
-422
892
8579
-4140
-2746
-2410
-9986
4602
6089
-4048
-2372
-5590
-9979
7913
2392
-6438
-6862
-3780
-718
-79
1145
-4083
-2916
3482
5923
9487
2732
3606
-9942
-9618
-2832
3341
7765
-3210
2297
9351
7270
-3006
5859
-4819
6188
2566
8484
4279
-7438
7546
388
8338
5315
-1225
5991
2695
7547
-6999
-2665
-4196
-7584
-8084
-4996
-3623
8218
-8955
4141
2282
5811
-5250
-5363
9526
4435
2520
9631
6287
-5161
-9542
-3309
-8663
-6464
-2092
8047
3325
-9170
651
-5924
7749
8372
-3282
-4840
8981
-4103
-251
9527
-4253
-7035
-2780
4169
2203
-6543
4436
-9423
-6573
-2185
2926
-8686
-2024
1661
-4779
3033
-6637
-8096
2092
851
3223
871
-5384
-5874
-8984
-5399
-1657
-3711
-1446
-8541
3109
-1090
-1368
-8348
8969
719
7221
-2239
-9938
-9255
4829
-9109
-2793
5298
-8225
3092
8079
757
-5884
-4906
2151
-3781
-4194
-1146
1106
-9829
-3364
-7425
4287
3827
-7759
-944
1869
-9984
6673
-1163
-6318
-1431
-3713
6410
-8870
2487
8352
3993
3849
-3758
-6484
4209
1577
6853
4683
522
-5254
-4580
5119
-7642
9126
-6915
-3316
1447
-1559
-6414
581
-4969
4742
-2831
-2227
-2769
-4918
5816
-772
-1533
7738
-6750
9477
-4133
-9916
8011
9783
-437
7316
-2243
9504
9332
-3181
-8566
3421
-2475
2198
-9358
4649
-5518
-6727
6316
6830
-1776
-5314
5513
-8254
228
6867
3714
-6521
-2877
-429
-3974
7656
-6138
8872
3389
-5987
-1424
-6310
-2681
5878
-6692
-5490
1882
6770
-6088
49
7952
832
-8111
-7202
8113
5120
-3892
-3738
-4966
-2147
-8195
-5357
4817
1144
-3934
-4496
7212
-5868
-1281
1751
4242
8227
6559
7635
8278
6049
4879
-7978
3617
8518
2903
783
-7633
7826
-9059
-2591
7244
-3057
-1914
-7741
-7957
833
-6375
4229
4763
-8380
-6868
-1557
3695
7752
3915
-3849
9530
9686
2635
-4132
-4086
3315
1488
-8521
-1989
4979
2218
1937
-2218
946
-3048
6567
-9958
-2822
7538
-4940
1872
5697
2364
-4253
6463
-7047
-5103
2397
3265
4777
-9394
-1192
-4688
8926
2788
9233
-2608
9994
8556
-7786
2605
-9947
37
3638
-6954
7182
326
9412
-5310
-2938
-2679
-3543
4542
6608
-1967
9604
7258
-8083
-7104
-1207
5781
-5498
7751
7140
2154
-3116
-3586
873
-7469
8189
-889
9304
-7197
9098
-757
-6651
2741
840
-3111
5575
-1882
9100
4426
5869
-3610
-7747
3811
-9708
-6795
-1763
-4156
-6358
5017
-1921
5198
-2313
-6995
-531
2818
2783
5333
-6274
-1941
5356
1785
-4698
6132
8120
1610
-844
-6347
2358
2297
3298
5969
-6064
1025
6714
4102
4833
7149
8743
7366
-2447
7607
1982
-8194
8280
6156
1106
4435
4976
-6658
-9330
3198
-1570
7745
-4371
3145
3225
9704
6883
-3665
1210
-54
-958
-1788
-6030
439
8322
-2632
2625
-7639
-3258
-2231
-6955
952
1542
2144
-1743
2775
4874
-3176
6160
5246
-7605
9356
-6179
-3755
-9509
-4487
-4097
-3539
2201
-8067
-6152
7842
-9998
6756
9392
3298
-2138
2490
-4507
-9943
-8339
7509
8771
5657
2762
4131
2965
9863
3388
-1691
-2901
-8170
-8199
-3248
3292
9292
2439
2087
-4714
1546
-6909
-6778
-5972
-3018
143
-7250
-8184
3546
7755
-6947
4089
5273
-4138
-5701
2188
7400
3885
-9033
6280
-5206
2548
3670
-8214
6895
-8681
1763
-6126
-2001
-7317
1799
-549
8567
-8933
9742
-9274
6500
7845
-6410
6214
-2640
965
-4165
4619
-9229
-1808
-9034
-4402
-6848
-1651
-5073
370
-5022
9469
-8294
-1017
-9281
7781
-3058
-7984
-5554
8027
-1183
-3843
9142
-5337
-1196
9206
-3373
-5531
2726
2820
-3719
6886
-5029
-8902
-9757
-6239
9821
-6272
4843
7466
8010
9091
4712
-5159
4768
-6301
-3200
7004
9227
4283
-3426
7095
-9765
-2516
6159
-3683
-9602
-428
-3976
8444
6190
5663
-8685
2383
1516
4117
8664
-9404
-9973
5611
-4688
9870
-578
6710
1502
-7461
5356
2677
6482
5460
-8306
7377
-2517
7334
4628
-1657
6911
6639
-1666
-1850
-8821
-4841
2771
7024
7756
2839
9324
4969
-337
-3607
7360
-2057
-704
255
4282
-253
-6259
-8305
-7846
1789
-3192
1113
-3873
1795
-1941
-2083
-6582
4614
3215
8019
1885
-1626
-4452
-4833
-8099
1173
1501
6596
1797
1621
7736
-883
-6346
8932
9624
2387
-2287
442
9666
-7148
9041
3758
-8169
7436
623
2574
1332
-6235
1623
5030
8028
-131
594
2720
443
-9366
-1825
-373
-3044
2451
7813
-2643
9968
-2795
3469
6833
-2068
-5979
5169
-7352
241
3845
7357
-220
-9835
-5673
8217
-6884
-7186
-5181
-7754
6599
-7046
-3745
9851
-2316
-7090
-6209
7589
907
-8131
-5596
-6150
1276
7556
-6642
-4767
1702
5837
-7765
-2360
3298
-8084
-9620
-838
-6589
3110
4767
-6540
4953
-7375
3967
-314
918
-6883
5406
-9085
-155
-4454
-6672
-8688
-6841
9473
-8722
-467
-1643
-7532
-7255
-8528
5075
-5897
-5641
3968
1560
-2594
6553
-4883
1188
-8687
-3911
9787
-6825
2453
-9673
-7431
4956
4824
8187
-9072
-4888
8976
-6876
8336
2717
5558
-7521
175
-8373
3861
9848
-7016
1268
6087
8594
8474
7242
-4150
8198
-4213
-2785
6109
-5256
-6484
-7168
-5387
-7894
6238
615
8845
-3011
-626
6196
6538
-6551
-6527
9898
1985
9875
-759
-244
4187
-4064
4362
3485
5741
-79
4470
2147
-1984
-2219
3904
1950
-483
9951
6198
5781
-9143
-6916
-5778
-6825
-6885
1850
-8805
8917
-1394
2872
1571
-7653
8493
-7503
-7681
1251
2245
-4819
-4410
-8177
9676
3404
7028
-3443
409
1190
-5927
9043
-4183
2270
-8198
-6489
-8551
7231
5390
3785
7105
-8399
-7587
-5666
-2810
5337
-1609
4408
-2197
4202
1156
897
-459
-3397
-6446
-6163
3063
9491
615
-1408
5429
6426
2303
-1608
1154
-6647
-299
1527
-1916
-4473
7523
-8851
6602
-6199
4712
4651
3569
6001
6750
9809
7188
1408
-3627
414
-1212
1648
5284
7036
7630
-1144
5102
-8874
-1249
-3419
3713
1323
530
1175
-1490
5105
-6532
-874
9516
-2867
-8732
5914
7875
573
-825
8836
5659
3842
-3601
-2123
-3066
8835
-5058
-665
-5419
2477
8467
647
4290
6306
-8839
5491
5981
-3167
-3161
-7001
2333
9786
4506
-3299
-5896
-6313
-7616
-9623
4268
-1152
8868
3023
5067
8397
7616
-1206
-2572
7694
-9826
-2688
-8878
5591
-863
3280
3216
-7924
-2589
-5664
7682
-441
6680
-9091
-1962
6860
-3868
4957
1811
4892
19
2618
-8725
-858
-7367
-1354
9629
3303
8149
567
737
6798
-6140
7603
-4244
-8234
-4520
8173
1387
978
2747
-6038
-5370
-7903
-4859
-8694
-9128
-4737
-4071
-2141
586
-2943
-552
-8149
-749
7596
895
-5837
5541
-5152
-1129
1944
-8584
-3988
2498
7273
-5059
-3003
3544
2929
2121
2332
-567
-358
-5689
7795
4923
3858
-8188
-6567
-1813
-3937
9890
-219
883
7865
6127
-5915
-7721
-5014
3928
1075
-4419
-5871
-7497
-9228
-6613
-539
3809
-8824
-8376
-3536
4440
-1106
47
8700
-2010
20
-1735
-8546
-7777
-8458
-3327
-6756
-2424
-8524
-7201
-184
-3696
-126
3603
281
9321
6506
6605
7830
2169
-2599
4840
-2155
-451
4816
-8041
-7082
-272
4648
1657
1989
1035
5850
-4600
6662
-8876
-6123
-1983
108
8691
1586
4035
3710
-5450
-1909
4765
3889
6633
-2273
5349
-9407
9361
-6595
3701
5284
-4508
-2623
3143
-2805
4957
-9521
2465
2036
-3129
8147
-2490
4908
2031
-9792
-4623
257
-2463
8653
1055
1297
-9440
-7093
7627
266
2996
-4667
1291
-6169
-3271
-7726
-856
-3370
9104
9310
-5891
806
-9064
4982
6328
6087
-8507
-6710
1399
2823
-472
3561
2575
-7543
3451
6412
-700
-7346
-6198
-5447
-2230
7809
-7258
-5789
-3675
678
-5810
8437
5689
-7216
3496
-1021
-7257
9543
3688
794
-3205
1064
-7470
-9031
8093
-4685
2138
1239
5157
-4258
-7662
-6961
9277
4063
-8006
644
-6371
2207
2797
-3426
2479
9219
7937
-9038
4868
-4559
-6908
2630
-6789
-7509
-7449
-1700
7251
4066
-3367
-4398
-6251
-9083
9991
-2805
-2368
6738
-297
5256
5849
-4698
2250
-7312
-6746
-4168
5944
-6641
5397
6341
7646
-73
7734
5736
3461
1647
-3041
-5723
5757
7390
1448
2121
-2336
4007
9779
-5793
2425
4898
-1474
151
1258
-1024
-1063
-9673
-1207
-4517
9046
-10
-8666
2871
-9277
6944
905
-4232
5810
-5851
-7500
5302
-3909
4478
-2359
-6189
-1487
6001
4110
9838
8848
7097
-458
8483
-6937
-4001
-3990
1214
3875
-5115
5053
-8247
9079
-5046
-5639
1317
5433
8943
6130
-854
6919
6639
-8741
-3818
-2878
-2400
3997
-756
-2372
-7098
2972
-5466
4959
-6988
-6506
495
5929
-7554
-36
-513
2958
7762
-9209
-1844
-2796
5021
-9096
-5745
-3018
6703
4206
3311
-2611
-5199
8831
-6542
-7417
1737
3292
-9730
-9007
3486
-5015
-5237
-4783
-3260
-829
5331
4458
8655
7112
2694
-3091
3556
2823
-2277
-4317
-168
2840
-3658
7028
4803
3971
7282
1330
6269
-3752
5542
5795
-670
3344
-2183
2021
-9260
1632
-4075
-3696
9528
7723
7050
-9390
-8682
-3396
3325
-8113
5653
-4835
4700
-8010
-8431
9503
-506
4095
-341
-5299
-6197
-8475
2362
3975
8654
-7177
-5423
-3935
7667
-1962
-4725
1482
7098
2334
6122
-5795
6298
-7474
9905
7135
-1049
-3045
-3918
7657
3476
-3235
3364
-7139
-7128
-3990
6719
3226
1256
2442
7733
-1978
-1913
-5018
3872
1942
2388
-9806
-3993
-6332
-3262
9725
5385
6326
2864
9711
7386
9564
-23
8878
-9086
-3952
-5049
-2146
3700
-7092
-3255
-6875
-9117
8514
-4530
-3872
2057
6627
3715
6035
-6034
-7343
7619
8750
-1760
2588
-9219
-6529
-6105
9564
253
-2242
4116
-4916
5882
825
4333
-3794
4785
-7264
-8416
7600
1460
1265
7345
-2278
594
-4829
9467
9856
2577
-5235
5376
-5586
-2253
1238
-7499
5172
-6733
4906
-9832
-4440
8675
6869
1632
223
-21
6687
-3605
7525
-6293
-6261
-7927
9548
-1946
3245
4580
-3344
9115
-2693
4708
7821
6405
3830
-1938
-1670
-970
3884
-4191
-5881
-8491
-3015
-5613
7749
-4625
-6199
-8507
9577
-9214
-9622
6146
-5484
7887
-7577
3320
-21
-6063
-6740
-748
6474
7048
-1518
4353
4153
6076
3604
-8469
3282
298
-4081
1870
9078
-9499
-4446
3175
-50
-6505
9994
-9761
-3936
1933
1822
-1242
1725
3709
3531
-2318
-6492
-8973
-3528
-2902
-4003
7873
7218
4041
3522
8987
-4226
3054
3505
-2779
462
-8528
1594
4826
-6592
-2246
5107
-8128
-4300
-2281
-7408
9268
4599
-7319
-7496
1975
3582
5395
-2198
2507
-7598
-693
1365
70
2581
4974
1625
-8542
4821
-2345
-7156
8962
9541
-6082
5057
-1882
8508
-8019
1895
-5380
-3973
-1193
-9320
2108
-7623
-7599
2741
9876
-4089
8754
2838
6985
-4130
8236
-4144
-1633
8696
-5824
-9860
8967
-4047
-9233
2025
5255
-4736
-8201
-387
9850
5269
2091
4012
-1293
3777
6804
6738
-96
-2560
-9739
-4456
9643
-476
7663
8222
1023
6201
9743
2911
-8020
-3685
-4546
-9032
5467
-5866
3379
-5489
5178
-7856
2965
453
3197
-5916
5659
9825
5621
-4394
-262
8574
6598
-4980
7157
-1196
-9190
4811
-4962
1501
-5291
-1478
-8024
3180
4906
1345
-7392
6194
6425
-3027
632
-6393
630
-7613
3722
3000
-3381
3224
-8554
-739
-5724
-169
-603
1323
4386
-9666
5959
5252
-6494
827
-7476
712
8762
8862
7593
7361
2172
8654
4876
-4634
-3225
7013
-859
6005
2189
-6397
1860
-728
624
4206
-884
8906
693
-4364
3255
5860
6037
1597
-6178
-900
-5405
5899
-7069
-2924
3264
-6111
-6202
-2036
-2874
-2333
-7453
-447
9477
8155
-9938
2519
-7001
3432
8104
-6067
-7297
1511
623
-6259
-6310
-6566
-5018
1336
-6948
-8459
8699
3695
8356
399
1810
-497
1058
5370
-1467
5086
9459
-6981
4498
3336
5873
1500
-3364
-8470
-1176
-3201
-2001
-3208
-1417
-2080
804
-3312
3759
5026
-7852
2377
6988
-7953
2518
6197
8432
-8362
7471
-9366
930
501
7466
-277
-7957
6877
5209
3865
1409
9862
502
-6854
1934
9898
-6435
2518
9078
7793
4647
-9584
-6683
2197
3118
7766
-6140
-4784
-5873
8720
1795
-6706
4036
-3523
-3358
-7557
5744
-6172
-5326
-9811
4960
-9647
1145
5832
-1997
-8956
3538
2897
-4271
1158
4695
4025
3110
2847
-9666
-5719
8030
-5324
-6434
-981
5399
954
-7630
9857
-6039
6970
-7436
8844
-3025
-4235
989
-3868
4571
-2341
-2763
6555
-5455
-7974
6760
9211
-6765
6413
-4582
3133
3680
-7257
-2615
9364
-6293
3107
3611
-202
8558
9541
-42
-3752
-5213
-3678
-1897
7986
5239
-4776
-1350
4237
1783
-6713
-4780
3323
-8111
4090
-8832
3388
6058
-4427
9565
6649
4127
-2004
-4049
-9940
6848
-2794
2224
9780
-9710
6171
5360
-1613
2276
8490
-6576
-6903
2838
8297
-457
-9185
4397
1759
7246
2887
-995
-6135
831
-9687
145
2949
-4843
1416
1665
2184
2694
-3420
-7665
-154
7438
-8001
8379
2143
-6481
5466
-2300
-4830
-6884
-1582
5819
-1926
-1376
-366
-6536
3207
-6662
8692
1441
1930
-2513
5732
-1878
3994
194
1766
1146
9523
-3607
-6866
-8357
7012
922
3681
-9936
8184
6890
5033
1615
-6799
9688
-5420
-1427
532
-7643
1100
3744
-9562
7446
-8187
8881
4036
-9537
-9627
8068
6212
5638
4636
6320
5365
-6643
-8586
-7793
-911
-6424
-4275
4789
1250
6120
-8641
-8752
5038
-3874
115
-6936
-8714
-7888
-1721
5572
-9720
-8005
-3082
-8932
2016
-4976
1564
-7086
163
5737
-1676
2951
9306
-3304
-8855
-4351
1920
-7312
5773
-6454
-325
6768
5252
-4179
-7913
3057
-6463
8550
2737
-1995
3330
-5990
137
-2782
2089
-5380
8009
-7664
-9189
-2844
8540
-1943
8961
-727
-522
4222
958
-1108
-6310
5709
-7122
-8427
5788
4655
5862
-6604
941
6353
9759
-9439
-2603
3309
-7299
6655
-6469
-8209
6389
2305
-684
-7438
-217
-9926
6228
-7654
7247
-9630
1529
-3740
-7582
1302
6368
-4383
1976
-8571
-4235
-12
-1380
7258
-915
5920
5425
-2153
2061
-3365
9733
-3809
-309
-7950
563
4228
-8904
4702
4705
6923
2013
-3991
8504
-9893
-3783
-5343
3412
795
-6109
-5968
5551
-7196
401
3429
8026
-3289
4576
-6590
445
-413
-3258
3576
7167
8253
3506
5822
5698
-7027
311
3653
8711
-2344
-8511
2151
5504
6541
-3448
-5979
6973
-987
-3981
9292
-827
3945
1097
-2279
9799
-378
2667
-701
-8231
3817
-8626
-2685
-3815
-1532
-3952
-6112
105
4405
6262
-1317
-2514
1247
-300
4899
8586
6418
1661
-2759
-3336
3845
-3381
-5614
6290
-6764
-4635
3724
8930
-5822
9275
7013
6890
5817
8536
8577
4208
-9735
4248
-1100
6876
-1849
-363
-5141
-3524
139
-4406
-9202
-9482
7312
6821
-999
1064
1695
5562
-3712
9485
-9736
1494
-8212
5883
1491
-5952
77
-3604
8979
-7927
-9996
2343
-500
7909
3467
-2260
-5703
-1784
-5690
3263
-7000
7770
240
-5742
-6210
4711
-2887
-3549
8879
-6010
-7233
7636
5614
6528
-742
998
-2625
3077
-6816
9666
1588
-1263
1020
7855
5846
-2876
-9450
395
7031
8197
-3657
-8972
7960
6083
1216
-8158
489
-3441
-8306
-5934
-4371
-2532
4044
7271
94
3118
7628
-3101
-3848
7207
-7044
-2631
-689
-9014
-5209
8379
9918
5720
7638
9789
-3691
412
6925
3524
-1613
-4409
824
-8439
8867
-8335
-8838
1383
-5602
-3107
-2535
-4564
2058
4872
4877
-6519
-3283
7399
9009
2589
1691
2322
-4273
8840
-6345
-8245
8316
-4873
-302
-1063
7623
506
-9694
3561
7322
-2467
-2043
-9502
6187
-354
-5180
-8647
-3287
1333
-531
1623
-6059
-4901
710
-9249
-1939
4812
635
-8642
-1262
-9684
5819
-7886
340
819
-3732
3611
-7606
-5642
8464
1435
-9531
-7869
-9349
5972
-3702
-9093
-5335
5249
1425
-3147
-2038
5327
285
9206
-9035
-9705
-6827
6642
-9391
-3311
-5690
-4340
5011
7870
-1441
9597
9860
2323
-5548
-3305
6744
528
-228
160
-2744
4395
2185
-3218
9264
-5129
9521
-2833
-668
4391
-3321
-1667
8035
6606
1720
6434
6468
5595
-3941
-1946
2894
-5293
-4648
-7602
3573
-2066
-292
375
9898
8112
1271
-1242
-3788
-9344
8767
-1648
-4215
-1386
-6551
5332
-9380
9029
4688
1563
7132
-8873
6220
-9184
-9000
126
7857
-3618
2064
-769
-435
3056
-9858
9848
-1378
6818
-6557
1555
2011
-854
-5050
9568
5297
5084
-1125
6887
-8615
-5721
3879
9834
9847
-3580
-1850
3024
-5949
-2973
-3688
4640
598
8469
2455
-3026
5542
-2978
-5280
7954
7182
-7208
180
-4791
-9553
7071
-850
2647
-5634
8069
-7375
3678
-2557
-4343
-723
-4737
-4702
-4246
-3236
3499
-1159
-3775
8974
-2142
8726
1734
1970
9606
-3943
-7174
2132
-2175
-1899
8025
-250
3368
6002
4086
-2102
8079
5501
-9932
9754
-9999
-5790
-1412
-5868
-5512
4574
1075
-2246
6682
-7095
-960
3160
8187
-3532
5470
8816
-97
1279
1556
-4519
9866
-1397
227
-3492
-4442
2425
4293
-399
6394
3053
-1997
3774
3189
2695
-9551
4111
111
-5072
1910
-9374
-7177
-1751
8728
-3081
7448
-5191
2535
-8001
5416
-2909
-8810
-2762
-107
2810
-3485
4274
-8175
635
4613
188
7465
9804
7644
-8970
837
-6538
-3136
7294
8129
8979
4553
-9795
-2866
-6395
7531
5497
1980
-6766
1495
-1290
2109
2542
-2502
-9820
-7474
-8260
-9487
9050
9845
-6856
-5667
-9230
-4308
-4679
9722
-3191
3147
8941
2522
9719
-6357
-3151
6541
4109
-2327
-1249
2486
-9255
-3987
5467
-5361
-2152
5711
8854
4170
-3601
7131
-9242
-5355
1324
-8446
-2595
-7768
-8533
1056
-82
3120
-6167
-6119
2223
2135
-3703
-4767
6706
1545
-4165
6521
8824
7481
4632
-8763
3669
-6891
9583
-6787
-3025
2290
-6103
-4901
-4189
7539
-3187
5173
-6228
8069
-4347
257
3534
5954
-5678
-3565
9398
-6495
-535
-86
3741
-5723
-7861
-9515
929
-6567
-8564
-942
-6911
3390
-975
-6079
-5367
-5496
6659
5243
3673
8277
-6393
-6742
-8499
1616
-3838
8166
1200
7400
-8572
5154
3376
-8009
-6014
6273
-643
-6944
-8835
-6141
6903
1992
7910
-4226
7923
146
6120
-7872
-7838
-8740
6549
9743
-707
-3327
-9417
-6754
6105
-8821
3224
6933
6033
1334
7650
-2208
9122
546
3813
-1857
-2169
9100
9390
-1620
8770
3565
-1123
-1919
-2765
-950
-7062
2898
3032
-3262
8869
7942
8066
1014
7780
9368
1033
-8973
138
9832
5911
8821
-1936
-9113
-7966
-6010
-6265
5439
2280
6057
8752
1848
-6969
-7768
-8025
8519
3678
5979
379
-5005
9784
3522
-3231
921
-8605
-3290
2436
-3990
-7273
7138
-6015
7111
5128
9341
-839
-1357
-9159
-6074
8011
4698
6889
5570
-7863
1663
3367
-6405
9607
-8078
7698
597
8335
2883
6091
-1576
-9572
1347
9821
8648
3433
2487
-6728
-3372
1918
1246
6521
-4793
2393
-6621
-8397
-6388
-4333
-9808
846
5626
6607
449
-528
1143
-9316
2086
-2944
6309
-7803
3435
3692
248
-1381
-7942
-3995
-2981
-5461
-8084
-9838
-8702
7432
-2648
-239
894
7502
2512
-6284
6332
-977
-4388
6023
8880
3274
-2852
6472
-7077
-6457
-5409
2649
-8551
-3335
-8755
1236
-6885
-1373
-2008
186
-3186
-9889
-6082
5255
1246
7905
8536
-2247
1791
6194
1463
-1500
-8762
6065
-3856
-5588
4346
-5244
9023
-4629
-437
-2817
-3335
-3393
-5152
-8754
-5038
8634
289
3723
9849
-1705
4987
-6129
-1734
-7731
7450
-2815
-7276
-6311
8908
-2056
2016
1151
3906
-6027
1102
7421
-3030
-9397
-5173
9451
-7421
-3077
-1648
-2825
-9137
-8137
7900
515
1208
-6934
1216
-9713
3287
-5749
1798
5753
2196
-2304
-4458
-5799
446
3049
2843
-5961
-7941
3162
-5875
8875
4944
-7596
-4420
-1012
-5427
-3680
5169
5719
6768
-2223
-436
4453
7700
8296
5960
-8586
3230
-8182
8523
768
-4796
2425
-2028
-1647
-7990
3037
5354
-1020
2527
5309
2768
2310
-4745
-7230
-6041
781
4950
-5827
-6151
7952
4143
-4348
946
7721
-2599
-2311
5136
6036
3206
-3162
6757
-5471
9547
4267
-3883
-5470
-5363
1475
-7696
9395
-3244
-1191
-1736
7170
-3646
7917
7742
-9723
4376
9674
3603
-5447
8233
8994
-8655
3593
9952
7937
-6486
-5955
-7679
-126
-3846
-1358
-9717
-9238
2557
1984
-1624
6106
-8446
-9653
-4768
7660
9665
4782
-9303
3564
9622
7859
-3103
-8278
-3414
7152
6525
5704
525
-5858
-7582
1805
7505
7006
-845
-5965
1744
6778
4601
-661
-5969
-8019
4646
1333
3563
6468
-1101
3591
-5425
5734
3869
-7623
4662
-6593
2491
8147
2225
7168
2046
-7544
8893
-8574
134
-471
1428
-3621
3768
-2471
893
-3338
8816
-9452
3862
-1843
9383
7065
2751
3812
2014
9471
-6205
-1610
46
-8372
-4445
4647
-1478
776
393
3970
6723
-5435
5873
9286
8083
-4962
1370
4401
-1605
-1947
6402
907
-4429
8056
-3996
8087
7559
5490
-3330
8575
1891
8846
8372
-6227
5177
4035
3791
-5214
1053
-1739
-5380
-5456
-4943
1488
9664
-2671
4802
-6657
9740
-8181
7159
-4813
4621
5508
2293
5959
4744
551
9907
6784
-5861
7926
-3932
6923
7757
2815
8442
1703
1719
7862
-3881
-871
9612
-9811
-8109
-926
5315
-9925
5104
7595
-5439
7089
3951
-8335
6858
-6851
3420
5235
1442
-8886
-5528
-5229
-8241
-8619
-7963
-5265
2450
-9184
8129
3941
-9779
-2469
-6395
-1694
5324
1852
2234
7906
5667
8968
-5612
-7760
-2047
-1830
-2200
5517
-1003
8794
-2249
-1751
-3231
-9010
84
5156
892
-8036
3816
8562
-7167
-1737
-5110
7788
5464
1842
3035
5966
2738
1598
-740
-3470
798
3515
4928
-5831
1775
4264
4822
2824
-848
4624
-3148
7943
4662
-8668
6454
1582
76
4966
-6654
-9955
3347
1336
8513
-1232
8126
4713
7567
-1480
-1830
8282
9091
-6614
9256
-6930
3633
-4674
2274
-6738
-9500
8501
-4858
-6989
-2739
-9509
706
1678
3011
-1856
5608
7288
8464
3776
4550
7491
6922
9509
-5060
-7622
6974
-2573
-7058
-4913
2067
-9796
9321
9334
4048
-7583
-9060
8758
4792
-8551
9996
5512
5653
6468
6865
3115
2790
-4199
-9138
-476
1087
9436
2920
-6092
6702
7742
-7230
-8263
-8874
9535
3615
-2931
424
-6972
-2568
7386
-6508
-2585
-7041
8956
9819
4415
-422
4599
2375
-845
8414
1236
9732
6552
-8472
-5927
8037
6380
-5391
3427
3381
7874
-8788
-6222
-2289
4024
-9371
-5561
-3276
6086
-5882
-9747
5193
9410
8532
6599
2591
-9147
9456
-4603
-2595
1113
9513
9825
-289
1033
8642
1608
7701
8852
-3911
-1442
-7174
3457
7368
6660
-8497
5117
425
-6315
-2030
-8460
3967
3929
1202
4594
8463
-8656
-9288
-8498
7335
-1427
-8514
-1661
7611
8598
-5967
6623
3065
1608
-48
8441
3849
8147
3515
5888
-185
-1867
-5292
7611
-6065
-308
-918
6098
-3883
4451
1837
5845
-9750
-1981
-3219
-640
6662
6631
-9117
-3418
-9766
5997
-5334
4485
8946
1972
8422
6127
-26
1792
-7817
8136
1601
9589
-3397
-4581
377
-736
5361
9532
8317
7691
7271
-629
-6865
1527
4474
-5057
8944
5276
-1592
3193
-5278
7461
2243
4228
1449
6735
7009
4033
4956
-1628
-154
-3032
6826
-7777
-4324
-4851
-9543
-3526
725
-3505
7642
-168
-7445
-7433
-3435
5093
8801
7142
-9295
3945
2046
-379
-6181
4033
-613
5322
4174
-7006
-4911
9280
-5043
-4028
-8987
-9891
-2930
9623
3759
-921
8190
-2067
7070
-7973
4270
5303
-5759
5918
5216
-4618
-6923
-7281
-2773
-3703
-1080
-231
3231
-4426
-3471
8006
8390
8451
1948
9207
-9848
3927
-6736
-6178
894
5424
-9879
-7154
-3509
8177
-5661
-1720
-783
-6450
5400
7575
-6756
6985
-2938
6065
-3350
4642
-9163
-4683
-4912
-7078
-4555
-9608
944
-113
-9360
-2353
1316
-4479
-6856
-2063
2796
-5127
-7788
9518
375
3334
5757
1514
4951
-1122
8324
-185
2976
9893
-8856
4523
3859
-1791
7855
2121
-9446
8398
-9113
8507
9344
6454
-8680
9969
6638
-3454
-9007
-3984
-5737
-9015
6194
5263
4444
-2308
638
-3908
-7425
73
-1091
-8299
1616
-4200
-6533
-4845
-7106
3024
-5747
3853
4482
-4422
-7688
-9806
4400
-4548
-5788
-2577
-1577
-6389
-3744
-9306
-9293
332
-1864
-8308
-4670
-5625
998
161
-3729
-9566
-9090
-8742
6373
-5751
-297
2393
-795
8993
-3031
7536
-1912
-4731
-2786
-1828
689
-6961
-6418
-7466
-3529
-6247
-2991
-3918
-5134
2423
-2658
-9685
-6829
-7570
-8407
9633
-5108
-7219
-2400
-6091
6780
1402
6892
-6481
-7846
-4693
57
-670
-4446
2090
-2242
3666
-6778
9555
3500
3140
7217
6604
-3468
363
-4849
2434
-811
-76
-1147
9490
-5970
7268
9778
-7674
-3857
2097
9612
8151
9614
792
7128
-7938
-5264
-3802
4986
7242
-8832
-832
6387
4898
416
-6687
-8668
8550
8726
-6628
-5493
-763
2527
3978
4751
-1786
-8101
-6105
8490
-3222
-1380
2794
-6214
3505
2531
-3608
-5374
7295
-9390
-6196
721
-5899
1737
8167
4619
-3007
-4443
4141
4473
-3774
2524
-5093
416
-2726
-2198
9396
-1897
3120
5885
-6121
6438
8922
-2133
-2169
3314
-3193
-1994
3442
2033
8755
6882
1728
1978
-5279
7457
2145
9875
-9027
4615
7254
9361
-7839
-7355
-9483
336
2836
-1676
-1539
3512
-5150
9474
-4631
9085
1900
-4262
3778
3917
4680
1846
-2618
-4812
-8465
4409
-7276
5235
-7094
1465
-3931
-8410
-3851
-2781
7241
-1261
-6826
-9501
9018
-5707
260
7573
-5420
509
7242
9923
-8966
-4604
-6328
8790
-5735
1945
-5055
4671
-959
-9075
-3413
3722
3301
7343
797
703
7797
-3230
-5574
-495
-9496
-886
4878
-4330
104
9910
-6981
-4930
8288
-9544
308
-6888
1152
6192
3433
2803
-4983
4875
3865
7796
-4241
-7670
8707
2628
1962
-8426
-5420
649
1810
-8903
-9986
-7111
-2259
-737
-1255
-1967
543
9887
1723
-994
-5794
7167
7281
-3034
-792
-3213
677
-9342
-4718
-3647
8695
8016
-1679
-8253
5644
1219
3491
-9844
-3424
5542
8138
7730
-3511
6163
4946
-5824
6313
-7264
-5610
4544
-577
-1758
-2093
3451
5274
3435
-4009
6223
-8907
-863
-8081
1087
-868
5765
3120
-9193
2256
-5606
7371
2273
4583
9115
4541
7368
-5306
-151
8053
4028
-7239
-4900
-3592
-4843
-4299
4659
-836
-9916
248
-8456
-5202
4933
7487
-4731
-7607
8884
-1974
1089
4887
5083
7583
1249
-1086
-4689
565
6161
-7564
7278
1074
6610
-9578
3390
-4090
6149
-7501
-6150
52
-5651
-3531
4766
4748
4840
3804
4392
-5152
425
955
2080
4040
-6265
-6342
-5308
4142
8962
7850
1008
-2560
-1681
5597
3418
7701
-4679
-3730
-2701
7110
153
-4442
-5874
-989
3452
2049
1090
9680
-8568
2457
-3483
7711
-3099
1491
7219
4880
-8980
-4805
4441
1636
1881
-2959
-9103
8801
-8506
-1158
9152
496
3159
-7571
-1068
7640
-9378
199
6306
-2536
6600
-1504
-118
5296
-5493
-8638
-2204
-6956
-6723
8929
-1304
7100
2711
-8926
-5894
4944
8343
802
5126
5548
-8754
2162
-7571
8867
6244
-1394
-9519
-9627
5877
2346
2082
-8717
-6908
-9883
324
5616
-292
5860
7084
-1437
5332
-8884
-9996
-8846
137
7706
-6972
6193
9233
-38
6618
-3725
-1089
-5451
-3756
2643
-3625
-9872
-9319
-1988
-7424
9629
4984
-7496
6713
5019
-2371
-9543
-2926
-8296
2861
9447
3064
-9336
6855
-9764
5114
-2308
-6920
5731
2271
-4504
-8108
-2678
-6670
468
2514
-3482
-8545
5630
-4614
3300
6367
-880
6848
-8481
-4937
-7749
-605
-5236
-2429
7376
9449
-825
5572
1337
-7477
9731
2526
-1715
1362
-5702
6299
-8680
6777
-4378
4347
-3048
-5316
-9319
-1179
2704
8294
1998
-5013
-8417
7459
-7465
-4798
-8043
702
-742
-8314
9926
-3437
-3704
-9974
-77
-2226
-9420
-7070
1664
6001
1233
9460
-1471
-9380
6753
-5163
7125
-4983
708
6916
-1125
-8741
-6891
8006
-918
1838
-2387
2030
-1999
1199
2617
3338
6304
-5241
7519
-771
9982
5655
1826
886
-7397
-9922
-9307
-7324
9457
-3239
-1518
-2942
-9428
-7903
3839
3735
-4769
4897
-2855
6651
-4396
3226
3105
4256
5519
3812
2021
-6316
-9839
-9586
9634
7685
-685
-3969
-3401
-9681
5513
-577
-3003
-4268
3662
-6479
-9575
340
-4046
1146
9802
1311
7182
-9686
679
4296
-2986
7373
1066
7803
-4924
-4259
307
-8467
-8926
-7982
7559
-9399
4304
320
5318
3495
3206
8193
-3055
232
-1195
8154
6652
528
5399
-6554
-524
3802
-8817
-9122
8865
-6569
4446
-9911
-4020
2397
7348
8878
9748
-1225
-906
-1193
154
-6457
662
-1917
-8194
9396
4204
4577
848
3397
-7112
-6356
-5854
8466
-7853
-8346
-4794
-2922
1308
3576
3684
-1715
6845
-4867
4435
9639
-7086
9656
2277
-4095
-7072
-8278
833
9964
7014
-9524
-3760
6656
-3684
5304
4689
112
-749
9314
-1823
-5369
-9232
-3536
-6896
2186
-7830
-7728
-9417
7188
-5709
3807
6510
2351
2344
3517
-1233
3173
2231
846
1527
5486
7286
-3372
3598
-3649
1822
-6175
-1375
-3061
-7497
-7622
8086
-5024
1219
6620
3280
-5694
-7477
7897
9425
2010
3196
-8757
7650
4520
431
-4238
-4053
-1538
7780
-1712
8308
-4949
-7913
-8411
-1369
-6863
2156
7066
409
-2227
8637
8444
1424
-604
3047
5533
494
6012
647
-8650
-3056
-4618
3708
-2775
9763
-9695
5566
-3282
7080
3404
-7624
6524
-7419
5935
4748
-8673
-7188
8232
2881
-1898
-8428
1625
-4487
