13560
780
-1415
3389
-9857
-1995
-2270
5482
9585
1674
3017
-1217
-3290
4064
7904
7389
1395
-7008
-3435
2422
-4256
4192
3762
-8555
7233
786
-8390
8668
-9648
-7883
1932
-1148
5446
2568
1393
3557
8179
-5478
7096
2975
-9185
-1789
8107
4210
-6474
-3881
9171
-4521
3025
7874
6599
-7714
1884
1375
-4102
7402
9180
6476
9897
699
4163
-6718
306
1121
-195
-1099
1063
1022
350
-4164
-2796
893
913
8705
-4655
9081
7462
-9747
-5779
9846
-9904
190
8880
-5037
-2075
5001
-4696
-1703
2827
2901
7063
9651
3564
-5289
5141
8345
-2401
5081
7536
6367
-5801
2517
1576
1081
-833
126
7047
290
9199
9083
7383
3878
1601
5068
-8479
-7223
4350
-6962
735
655
-5556
-2995
9697
5013
-2457
-7516
4223
-543
-2727
8452
8740
-8006
3321
-1746
3335
-1591
-8732
3133
-3588
-2664
6163
-7433
-2511
-9163
7600
-2822
3212
-9346
-7231
6506
-522
392
3722
433
4326
-6317
4491
693
-7835
4959
273
3590
1188
9233
4924
-1450
-4147
-9680
5022
5801
4143
7403
3360
4763
-2688
4633
-5951
-4879
8757
-4096
-6829
-2469
8836
-7170
4471
-3415
-8192
-4908
686
5715
-8425
-2980
8037
548
-9079
-7048
-9535
5843
-297
-1901
-8079
-9937
3331
-136
-1021
5862
-6684
7378
-415
2021
203
-7211
1547
-4288
-9413
3574
-4526
2185
4914
7509
9446
-667
-8771
6160
731
7631
996
-7041
7143
4479
6816
-3656
-728
-2943
-9950
-1121
5248
-1225
634
2011
-7763
-4708
5878
-7321
6686
1081
-973
4030
7135
7241
6250
-9763
7113
-237
-7786
6396
-8062
550
1515
331
8315
7651
5865
4165
2911
1262
-2114
7382
-9829
-4192
-6579
-7028
-1456
-5191
-6098
-6680
1477
8482
-2550
2288
5954
6253
7917
-6452
7065
-731
9365
800
-5618
-1839
-3866
3872
-7199
-4289
3182
-9868
3600
-5258
-8463
-6331
-8985
8099
-356
5396
3484
-7750
9155
3709
-8537
4619
-957
-7426
-2657
-9721
-2188
-8599
9278
1572
-7889
-3678
-7802
7334
1145
-8624
3768
-5389
-8454
-4860
-4211
1089
983
8801
8476
-9510
-4391
8860
7510
-5337
-8581
-2333
-7832
9838
-3072
-4403
6313
-7688
4832
-2745
-905
-8664
-1203
-7279
-7572
9882
3626
5579
-4834
4938
4292
8559
-2975
-5824
-1104
-1110
857
136
3976
-9147
6375
5919
-1794
-7864
-8703
9131
-174
9730
-6307
-507
-7552
1884
2627
9722
3767
-8550
-2689
3375
-3825
1972
3055
1193
-2127
-3247
3550
2867
532
-6403
-5759
9604
-3739
-346
-883
8018
6974
3705
5671
-166
-7507
-4386
6870
55
7042
5866
-7848
-1730
-4022
1455
5965
5008
3738
1556
4207
8463
2542
-6207
2798
8358
-8434
-3126
-8570
-9262
-5995
7017
-493
-1822
2819
8755
-1356
6686
7110
601
2113
-5992
-2821
-6439
6464
8426
5696
-3237
-1465
-6411
-4854
3507
1066
934
1313
-5305
6540
-4482
5324
-9997
-6503
8131
4017
-9290
2110
-5116
3143
-5873
-8952
6660
-6843
-8630
3337
-663
-8249
7558
-249
9541
8196
-5831
-385
3278
2294
4803
-3281
4413
470
7731
3284
-3272
-3550
-3238
-613
8833
-6262
1789
366
9061
-6380
-9719
1947
-6801
-1124
4424
-9760
-1756
8821
-1086
-5168
9380
9559
2107
4112
7739
-643
-3085
422
4139
7609
7877
-5405
-8354
9355
6976
-7194
2935
8531
-5587
-9343
-9915
7497
9757
5809
9159
-2695
3405
3327
-1060
6071
-1666
-256
5464
6208
7818
9841
-1372
-4620
4543
-1652
-3861
4918
-6600
6454
6424
4330
2233
7210
-1317
-7304
-832
4628
2543
-4681
6297
8381
-9664
-1990
-4730
9572
-3917
6633
2263
8327
3993
-6417
-9728
-6729
1282
-7197
8806
-4732
1107
1664
-3960
4624
-6272
-9772
9755
5097
17
-6371
9664
-7577
3585
2915
-2853
2968
-5796
9277
-1804
2495
-4903
3094
6009
4233
7074
5625
3093
-6612
-8478
-6851
-7292
-856
-2116
8479
2136
-2853
-265
-4747
-3997
80
8425
-2908
-8175
-8006
-5742
-2282
4329
2387
1620
-4842
-1514
2340
8151
-1356
5283
9646
-8936
-1963
8915
4620
-1336
-4968
-616
8815
-3535
4864
1504
-5174
-6392
9893
-35
2787
-4927
-7491
9604
-4949
-9860
1907
-6383
5984
1659
2801
-2321
4792
337
5367
-781
-2967
7045
3158
-2575
-6298
4920
-716
4503
9879
4773
7090
-4497
-7659
8947
1091
-6326
4602
-4856
-6931
9338
-4901
5098
-1867
4466
-6409
-8553
-7169
-7800
-3873
7887
8851
-7603
7684
4782
1889
4276
-8572
9724
3571
-5267
2063
-7676
-7974
-423
5720
9687
3621
-152
4248
-1517
868
9101
7451
-8864
9896
5894
786
-6554
3185
6575
6951
-6738
-6757
-5513
4016
-4540
-536
1460
-4089
-7106
-8663
-859
2790
-3649
5457
1296
-1723
-5143
-1049
-7974
-5290
-6920
1944
147
9769
3584
-9961
-7396
1982
-9062
6427
-1462
2616
4802
6158
704
3805
9959
8249
8384
8650
6962
-9536
-1113
-5973
9572
-5449
274
9746
1457
-2231
-2679
-5124
-1511
-5841
9553
-3039
4186
-7101
-4544
-728
7413
-6208
-1005
6753
-975
-2832
-1285
-8950
-8333
4131
6047
-2004
-9770
-5455
3774
-8500
6112
1416
6375
-6024
819
5645
8532
-9111
2971
6667
-7748
-5302
-2128
-6667
-8133
448
6902
5636
6635
4706
-554
4244
-5974
-1149
8358
-5797
-4517
-7674
-5283
5979
7806
-4647
1359
2234
6223
-8939
-7977
170
8474
-2602
-2733
-7091
8596
6416
8312
9236
6047
-2755
2506
8646
2273
5805
-327
5471
9440
1705
-9735
278
-3965
-8173
-2258
7500
4998
-8946
-1257
-5177
-309
-470
-9465
8020
1879
3997
-8360
1734
-2102
7570
7095
3002
3195
-8867
-4239
8361
4627
7392
-7614
-5248
8166
-551
9654
4553
461
5352
-4447
-7893
-265
-6834
2698
1171
-6064
-655
-4187
7379
-265
-6909
1913
-1625
-3366
-9354
5414
6316
8471
3679
-9096
-5403
4792
-1606
-4210
-9181
-831
-4221
2926
-4438
45
2949
5352
1768
-5056
-635
-6498
4028
-4493
9430
-5903
-3242
-297
-373
5226
-431
-3362
-7306
-248
-3984
4309
1624
9658
-6590
2854
7803
-791
4635
-9207
-7186
-1556
-3697
-2494
2656
-9354
569
4880
7208
-9637
-4865
1166
-7398
-1733
7455
5942
615
8676
2726
9517
-4437
5997
-5908
-4428
-4495
8704
5767
4724
5531
-7325
-7442
-1955
2884
5808
-606
5884
7491
625
-7967
-8601
-5234
-9561
-3946
-5168
7469
-3490
-823
2153
-7815
7001
1200
5525
9560
9847
-7768
1123
8581
4528
-3767
9985
-8341
4104
-1575
2595
-213
7339
-6170
-6824
-7591
2758
2733
219
-8339
7503
3520
-4774
-9590
-9901
7423
-6856
8562
8388
8496
-101
4715
2462
829
-8232
-4834
6853
-1890
7787
9555
4280
7577
4332
9537
-8888
-6178
4831
-5453
5273
5957
8316
-6428
-3278
-3229
-6093
-8758
8467
4043
-8909
-4903
-2073
8947
3021
-8786
4819
8483
-6526
-4598
-3628
-4050
-5914
5061
9971
-3884
3289
5668
-8228
-247
-2748
2459
-396
-2284
-269
8086
-9292
-5069
52
6953
-9294
4913
5013
6982
-6180
5231
-866
7628
9405
2646
4014
3722
-4513
-3649
2879
4827
-2057
-6836
2353
3135
-7310
-1011
9228
-7342
-6641
-6683
-3831
9518
5928
-6015
3898
1853
-5202
-5290
3019
-8850
-6601
430
-9464
-1903
-4603
-1733
1866
-2593
-6239
1927
-7179
-2672
-2918
-9902
-5623
3427
1256
6279
8730
-4652
9889
-299
-7428
-3330
7317
-6381
1146
-9800
1487
-2049
5078
-4442
-1521
3314
9253
4235
9396
-7920
-9830
8395
-756
-6203
2789
8778
-7052
-6270
-9934
-6611
1549
-51
-9724
-7124
7067
2737
-7344
-3177
-6578
-6859
3899
6164
-4146
-7048
4393
-5319
-897
6819
-627
-6567
-15
5928
-5517
2281
3923
533
-3974
-2780
-8589
1456
6167
-8041
-8030
-3137
-9575
-3998
-9696
8318
-8928
-1615
1263
3748
-3142
6100
315
-83
-5687
2033
-4331
2330
843
8334
-9767
-5737
6162
1293
-2152
-870
8435
2945
-1483
-5809
3265
-5540
-9626
989
-8538
1533
1635
-2281
5917
-6885
-5366
-448
-210
9841
1859
7210
4551
-515
2486
2450
5675
8908
2919
-7814
2068
-7325
4875
953
8999
997
-5617
-3890
-1872
-1275
532
6538
-6382
5930
-5933
-8530
-3497
3438
-8564
-3095
4301
-6167
3998
867
5427
7573
-5738
8000
-1685
2627
3486
-3979
3981
-8921
6368
5466
1266
-2595
7202
2428
878
801
8995
-8078
-1718
-2195
-9904
7927
1355
4053
-3015
7532
-5676
-3172
-3111
-7506
-8524
-8670
-3642
-3265
3630
3035
3537
4409
-93
-6829
-7333
8660
-9881
-3134
4259
1529
-9555
-6845
-6536
3074
-4590
9364
1562
8866
-6789
6763
-7335
1512
-2287
7734
3185
3501
2161
-8773
-8925
8760
-1290
1034
7680
-4326
-6385
-3777
8951
-8859
-9928
-6961
-4648
-6440
-354
7444
-3591
-7970
2428
-2099
-8082
-9232
-7443
737
-6709
3032
1735
9603
4018
5502
-402
-808
-4087
6968
-3641
3229
7813
-4430
1372
-5331
9470
7310
-8873
-945
6404
4718
-9206
-5696
6674
988
8870
-2222
-9983
1332
203
-8440
-7073
-7482
-4766
-6474
-2241
952
-7530
-8462
-3560
2128
3133
-1185
2009
5108
2994
8400
3513
-7427
-9634
6318
1138
642
2340
7847
5335
-2496
-7199
-9074
-4321
-6235
5082
9268
-1074
6467
1244
2570
-7824
4711
-7263
5738
5487
-6235
-7582
2327
4390
-4994
6292
2246
-9992
8750
-4564
5462
-9575
4524
-6424
7765
5994
3620
-6322
-4817
-8346
9113
-7255
9627
-9344
7150
681
-6742
4782
8556
6810
-7232
8269
5590
-8044
-3643
-2725
-4762
8220
9166
3590
-9261
-5313
-1883
-9783
-9512
8333
7620
8468
-9762
2842
-5842
6583
9492
-4258
8601
-1625
2210
4969
-2985
8106
8560
209
-2197
-4849
6433
1307
4465
3460
8591
2100
-1578
-9826
4087
-8230
-7330
7372
9300
-3796
-7430
-9323
-4310
9119
1819
-6519
-6278
-547
6500
5945
1271
-2328
-9542
-3641
8150
-8728
807
-7168
-9113
8281
6768
4855
4464
-706
-4648
-9470
-5680
6873
-8938
-5662
-3440
852
-2028
2622
-9629
-1722
9233
-7990
-1684
9201
5107
-9165
-4178
-3596
333
5263
5198
-503
-1541
-6121
-6785
-9640
6709
-9964
8901
8785
-6968
8871
-7404
-8151
7018
9925
-5830
5393
6062
-195
-5169
-7468
-269
-7199
3559
5396
-4669
1725
-8818
-2509
-8340
1291
5917
-2661
7297
-9321
-3002
-6369
-910
-907
6558
7394
-6293
6857
9169
4189
-7497
8141
8281
648
7490
-1606
1218
-2644
3143
-9529
2461
4705
-8372
-9402
3677
8351
-7864
-5915
8354
-6372
-8950
7027
-4453
-1930
9037
7820
-2356
9405
-3415
7952
1784
-7613
-355
-1435
-4223
-6334
2610
-410
782
6051
2005
-469
6901
8571
-8294
-8811
-8655
-3527
8298
-7635
-8508
7570
-9441
2686
8305
-7207
-3505
-5618
-2724
9498
-5001
5159
-4929
9481
5494
-7414
813
8881
5962
5224
3097
5956
-3897
1220
8833
3319
4610
-4620
-8609
8969
-5975
1298
-4219
2703
2475
9374
-8531
-792
4720
-1193
3962
2298
8848
9633
1566
4177
8287
-2757
-6648
6279
2877
8505
7608
-3135
9763
-1279
-6891
4659
-4992
3867
1169
-5142
-4158
-1869
-8896
6014
-449
8064
-4135
-7713
-482
7797
3736
-4427
6546
-6548
2718
3732
-3021
1487
1539
8335
-9840
-2086
5996
9385
285
6597
-6897
-4973
-9625
-3886
-1934
-3045
-3163
1163
-8387
7296
4281
-1663
9547
5073
-9748
122
6458
-3271
-7694
8914
2957
-8995
-9664
-5267
-3511
1559
-512
-1872
-2704
5625
7819
-3228
-809
3307
896
-4727
-6665
-8258
-3367
-3434
6361
8067
7411
9304
2417
-4161
-2047
9974
6936
4962
7543
5922
789
7324
1451
4434
-2635
3796
-8790
-5062
-7924
-7505
1409
-6769
6821
2964
-7706
4101
-4521
5024
-7996
607
-9573
528
-2940
-6548
-6645
267
-5206
-4634
7166
-3902
9612
-951
-4489
-7762
1552
-6729
-3362
5202
-1952
662
-7755
-7361
6323
2002
9201
-1233
2446
-8842
54
1570
-2214
-428
-7059
-4001
3090
-6
1064
-669
8416
3070
5495
1592
-5322
-6707
9683
-9480
7272
-7208
5907
-2010
-9444
-1092
-8737
-5540
-2698
-354
8471
5709
2325
-9064
-1044
7025
3429
-4966
-1275
-156
-8314
2016
-4312
7767
9670
5113
-2715
-8875
-8720
6812
-1285
-9610
-6428
-349
-3834
-3547
-7074
4014
7497
-4708
-70
6610
-5789
-6567
-4097
-5856
-5823
-9190
-9146
-3386
-5951
3267
5540
7943
1563
7987
3367
3531
3987
-4867
-1612
2598
-2266
9359
297
1971
169
6117
8195
-6291
1982
-6485
-7857
3709
6285
4674
-2425
-8401
-8498
-2610
5086
-4556
-6195
215
8296
-5435
1336
5589
-4908
6483
-334
-1617
9936
777
8685
-3408
2210
-5428
-8425
8545
-8608
-8475
7479
-2648
8836
7994
2292
-3725
6695
6345
3094
-6597
8767
-2356
1910
-9022
3947
-2348
8053
8151
8747
-3595
-1809
-6650
8259
-7481
-5399
788
-1859
2627
478
9752
2092
-5051
-8035
1598
-8675
8499
3904
4222
-7746
-6405
-8716
7216
5529
-7579
-2015
1837
-6365
-7338
1072
9789
-3975
-208
3041
1614
-5985
7342
4816
4619
-1081
1983
2577
-9668
-9315
-9457
-8129
9465
-2679
-8312
-6896
-5502
6744
3107
-8128
-906
-8792
-3854
-82
-9206
-8673
7023
-687
-9391
-3918
-6316
-6226
-3323
8423
6157
2340
8494
-5963
2445
2514
-2874
-2269
-4117
3190
-831
-9159
335
4650
7308
2719
-244
-1647
6489
5084
8857
8945
-2834
-3659
3939
-6040
-9057
3439
3950
8939
1645
4050
-4251
7842
-5157
20
1512
-4341
9393
-5991
-6946
8515
2180
4123
8936
-3764
-5156
8397
-1820
5759
1612
9539
-9073
-3504
-9581
-5535
-8909
777
-906
4809
4367
-4808
-1971
-6104
9808
1991
2011
1601
5084
-1331
7684
1875
-6192
9941
-6325
7157
5066
-5557
-2576
-4715
-6113
227
4088
-628
-2442
-650
-1714
6046
6752
2407
-6765
-1159
-7236
70
-3690
-2489
8438
6706
-6135
-2233
-777
3913
5944
-8307
7033
3539
-5883
2329
5326
-4330
560
-1152
6428
-8042
-8176
-7731
3148
-2571
-3330
9396
-2346
-9133
-3351
7373
934
-2570
-9938
-8920
2861
3203
2063
3705
9425
-5312
-3989
-7316
3404
-6440
-673
1095
-3643
1981
-4990
-3326
5209
7687
-2249
5234
-3416
-7501
-3484
4891
-3148
-5040
8063
-4346
3451
-6867
-5993
3700
-5584
5354
9439
-2066
6265
8487
5748
-750
-1028
6313
59
-8854
633
-2864
4354
-5850
2227
-2064
8644
-4317
8106
8696
-5760
-1387
-4243
-9290
4853
522
-9636
728
4483
2727
8577
7688
9815
112
2084
2603
-2870
-1587
-5184
-1435
-4998
2940
-3959
4071
759
2997
6587
-2046
8335
2397
-437
6637
4376
-1612
-4573
-4874
6138
6844
-8658
3600
337
4162
-1108
1824
-7037
-4910
3412
6039
-8414
-8528
1380
-9987
9409
-8579
-328
1255
-2196
-6646
-4113
9881
1377
9772
8490
4365
-8727
9594
5398
-8504
1567
-4032
-7392
-2344
6764
-5464
4986
-1776
-8911
4594
6646
-9511
-7224
-4880
9336
8916
-5671
9959
-6830
-2392
1299
4770
-3152
6033
-9098
-7721
2971
5916
-4441
-3531
9271
642
5500
-445
3345
8089
103
5481
3881
3292
2929
9831
-2481
4244
-2494
-9269
-3859
3263
-1474
5924
-277
1475
-3773
-8591
3432
-1460
2761
8557
-9297
-5482
-1487
-189
7415
8546
4348
362
-5013
-4327
468
6401
5552
4111
7086
-6587
-4424
3052
-5785
6280
7733
-7923
2980
-3453
-483
-1547
3348
4665
5525
-4441
-7891
-764
-266
170
-4102
-9340
-3105
-626
-9561
6333
3633
5264
-5331
-5214
1460
-2657
4589
2357
-5641
-3958
2077
-5812
-5132
4936
8213
8301
-5614
-5382
-8041
2537
4468
-190
-5462
7166
-4774
3611
-3167
5559
-9851
-5077
4491
-4493
1535
8718
-1937
5410
7352
-1242
1049
-700
-9623
8121
2685
-7989
-5322
-442
-2997
7520
4865
-8804
420
-7631
4952
9140
-5789
-7434
-4653
-6530
-3567
811
3263
-3418
6133
681
-1089
8955
9188
8057
-4996
-9865
9699
-7855
8851
1102
2761
4308
-5571
-2426
-5058
2463
1904
2778
-3154
7407
6726
9
-9002
851
7103
7084
3596
7921
9237
-7097
6739
-8861
1045
-8987
6965
-6153
-1024
-753
9214
6873
-781
-2063
-2202
-2067
4386
8001
2029
-3845
5679
-6726
696
-987
-5267
-9545
-5111
-1176
-5391
834
-6103
1921
-9232
8777
-7142
2725
8512
-2543
9065
-7970
-8960
9168
-9344
8005
6243
8803
-5706
-2134
2611
-8583
-9581
-8476
3206
3134
-1130
8921
1690
-5980
8865
3978
-7995
-4703
1266
175
-9863
1904
3348
-487
-5693
6130
1778
-7517
-4458
-7440
7441
7887
-3563
-3990
5449
2694
-3726
-6894
-4098
-7466
-1484
4973
3141
1483
2378
-3009
-9849
-8333
9660
2619
7420
2750
5769
5546
-1269
1523
3347
9006
-9475
-1507
-7863
-4659
-7080
-9780
6878
4387
-3646
6422
8049
-3822
-6699
3051
-6159
5916
1915
946
-3791
-1597
-6817
-7441
-4592
6550
5277
-8707
-5391
-6161
-7777
-7419
-3016
-4025
8791
7702
9826
3229
-4549
7861
-9671
-6006
9496
6822
-9706
9146
-4278
732
7725
1733
9645
-7640
6404
5627
8679
-8911
6727
7663
-2840
1882
9285
-6276
-5020
3682
5988
5066
4771
2081
6853
-2751
-2988
-196
3841
-1005
3432
-2534
-9652
2399
-1115
7231
7043
8066
8998
1908
-322
7539
8533
-3159
-70
-2435
-9487
-3297
3579
-3481
107
9469
7115
-324
-24
-709
-3942
2950
7784
3052
1660
-1052
2924
-3808
-630
-8247
-6672
174
-1679
7607
-885
5827
-1534
5044
2868
-707
-6952
-5504
3008
-5871
8061
-7618
-4757
-348
652
-1986
-5189
-6920
-682
7780
-8151
-81
-9523
8843
-5933
9448
9135
8145
-5540
9400
-3002
-8891
-8504
7032
-5496
-4794
-3509
8300
-4044
-338
739
-7508
2764
6760
7067
-7340
1001
-3977
4322
-6635
-802
1089
317
-9954
-9943
-9895
4311
1558
2013
-8029
-2737
-8216
-2414
4312
4746
4642
-9648
-275
-6974
-7396
-5491
1335
-1443
4325
-190
9136
78
8718
4234
-1332
6911
-3232
665
1681
-9199
5450
-9902
-8774
2889
-1161
-5819
9770
-6101
3997
9744
-856
-7474
-2598
-6949
4568
6904
3857
-9961
2107
6511
-7797
1695
-5195
5777
3980
2549
-4093
8279
6491
6882
2878
-2544
-9406
-3181
-2944
7467
-4252
9128
997
-8011
-9475
-7205
-4596
-3819
4371
8405
-4929
965
7264
-1313
-9869
-8569
9782
4491
-2644
4025
86
2236
-8203
6611
4328
1409
4776
2723
5587
3894
6494
4821
1818
3393
-7324
943
4051
-303
-7145
9031
-6974
-3113
4884
4500
3119
3276
5318
-9420
8978
-4491
-4822
5855
6108
-6194
6289
-3503
-4557
4534
-9045
283
-9077
-2539
-2505
9757
6832
-3791
-3018
-4816
7928
1608
2590
3306
8442
-3541
-6761
1080
8815
-160
-3217
9718
-5366
8986
-9517
-2727
6512
9948
9991
-1509
-1102
-8016
-2883
5351
1697
-4582
-3923
-1499
5824
-3416
5943
4402
5986
1443
2067
4291
2545
-6334
4531
-6933
8204
3969
-9631
-3834
6663
-8817
1386
9004
3084
3798
-5296
-6766
7611
183
3036
5326
9739
2939
-461
2830
-8564
-4216
1319
-5958
4258
2568
1744
3694
1646
-3459
-8846
-9744
5038
-1573
8303
-8379
-2301
6003
-5584
-6017
-1496
-5692
9315
7562
-8073
4155
-7489
4720
8286
-3036
-1509
3541
-8587
-274
-7591
-1187
-410
-8446
-957
1682
2398
8783
3781
5708
-4719
6040
4804
-9102
7135
-946
-6677
7232
8121
-7233
-7560
7345
-3478
5829
9120
-7451
-1532
-5356
-2431
7780
-1267
2116
3910
-6587
-1460
9729
911
-2373
-2856
7984
-7692
-7025
171
-2229
7513
-3287
-1796
-4543
3401
-4042
164
-8440
1331
5172
-8191
-2959
-3230
-7408
5361
-4914
1032
-1754
3157
4547
-5789
-6048
2185
-9578
1303
-1342
4140
-9751
6223
-7653
-5851
5634
6716
8647
-2144
9556
-2782
7709
7128
-9231
-2504
-3030
-8934
-2917
9732
9539
-5726
9365
-6617
3665
8352
7857
762
2522
7053
249
-2778
3681
8946
8415
5203
-2339
9407
8033
6151
-325
-8503
8007
-8275
-5250
1583
8195
-5950
6742
1210
-6988
-8025
-3899
7732
-1314
-6933
6864
-1209
-8956
317
9484
-5843
-5207
-7826
5181
2868
8153
5032
-363
5285
-4097
4282
5231
2582
-791
9438
4561
6906
-6138
1898
-1948
2687
446
2042
-8181
2002
1838
3590
7303
9739
-4925
8359
4647
-1509
4388
91
4106
-3489
1945
-9115
-5502
-9437
-8065
7719
8629
-9353
-2303
4164
3332
5422
6162
3784
-8090
-4809
-7764
-4198
2488
-4580
6145
-7545
3694
-3387
3758
-4789
8815
2601
647
3647
-3370
8728
-4444
8092
-9751
-5444
5845
-5971
-4337
131
1739
9420
1622
1804
3182
-6393
-7411
-6132
-6400
-1677
-8467
3325
-9788
5936
3362
-3543
-8781
5713
-3809
4087
5097
-7796
1746
-7020
8503
244
398
-1273
-5238
-5510
1547
9889
-4572
7478
3134
898
-7803
2886
-7262
-7872
5335
-3502
-5194
-8984
-9350
-1375
-6125
2739
-9791
-9488
2361
9686
1697
-3474
-4530
9396
-9036
956
705
7444
6636
4790
5168
811
-8965
1420
-7648
-6741
-8740
-4515
-3858
7772
-3712
890
-596
-3226
-5319
-1146
6853
-4604
185
9495
-5053
2586
-3583
3939
-7122
-1932
2529
5945
-3558
-2954
-4340
615
4009
-2081
-9744
4265
2692
-3243
-2092
-4429
-2520
-6790
3131
-9896
4859
6327
4956
2721
8135
8837
-7757
4110
-7101
-4548
-855
-5462
7693
7662
4416
6633
1904
-3953
9440
-5599
-4629
-3653
-7062
9925
1474
-4497
-5101
-2867
-1257
4125
8105
4346
2839
-5081
-3706
-2922
2216
8194
-6123
-5659
-9398
5417
-122
-1780
1688
1154
8765
4906
9783
155
-8432
6333
9693
-9375
-9594
-3304
-1011
-2390
-8905
-1105
5049
-1427
-9275
4119
1404
8999
1205
-9332
7630
5649
-3100
-9859
5609
3513
-3466
8364
-9052
1363
-475
-8722
-3460
-5406
8241
4394
-9768
990
-8872
2050
4151
4326
6146
-1714
5640
4847
-5577
-2051
-3137
-6526
6658
9146
-7318
-7453
-1194
441
-9007
2290
3640
1262
-6275
6409
4860
-7227
-4206
1092
-3826
8206
-1695
-7806
-6800
-2053
-9832
-6956
9153
8028
7247
7185
-2273
3180
5010
-8092
8105
-6962
-242
-8041
-6595
-7831
-4050
-2388
1680
-3694
-9868
-470
2951
-8783
3000
-8508
4393
2529
7501
-7648
-1296
3719
-3931
9903
6230
9479
-253
-5829
9461
4117
5526
7586
8159
6044
6538
3637
-7292
4682
-956
-8405
-4404
6270
8634
550
7274
8937
-1851
-3256
-1853
9350
-1940
823
9225
4477
-8168
-1868
1637
-6850
-2634
5230
-6899
-7487
-6818
-1303
-7859
1444
-3951
-4632
6326
4167
-4951
9342
2341
-6784
4415
-5330
3503
3543
657
-695
-5304
-1436
1149
-9578
7115
3930
-1528
-9987
-4973
-1529
8878
7717
8518
9022
-7671
7847
4381
-404
1785
9059
-5978
7208
8802
-3797
2742
-8916
4272
-7189
-1604
-3481
782
3667
-828
-806
-8341
1065
-3518
3045
6734
3624
-4308
9893
-1803
-54
3988
-5418
5263
7086
6018
-4663
5551
5
-760
7602
-2128
8605
392
6649
-7531
5198
2219
-2003
6449
2624
1862
6022
3698
5635
-5321
2485
9069
4552
-2085
4851
318
-3576
-879
-6548
-7912
-8504
5767
-688
-2526
-7271
-3860
633
9469
9808
-858
8587
1913
7956
-6116
6053
8050
8074
-4447
-5823
3329
1172
-8189
-6832
9412
9730
4369
8657
8059
946
8100
-3811
764
-310
-8872
-8188
-8143
7004
-7124
-2719
6790
527
-8790
-8385
-203
-7255
-249
6094
-8368
-2635
802
1575
5437
725
-9152
-4266
3951
-449
-7593
-3945
-8808
8427
-7548
971
-6457
619
-8134
-5897
6032
-652
854
1638
2746
-9492
8132
-8199
7921
5024
-3123
3349
-4193
-5050
3008
-9851
-6989
-5291
-4638
-1916
-9014
-3219
-5889
-3811
9547
-2397
5229
-6274
9109
-6675
-4207
-3599
-1615
-6629
6311
-4948
4374
-2511
8683
-3762
-2136
4951
5678
-2344
2887
8119
974
-8665
1993
9722
-4324
501
-6323
-1592
3185
1955
7201
-7335
9126
3170
9773
9690
-5577
-485
-8773
-7853
-2888
8846
-9988
1522
-4346
997
8582
3017
-4130
1378
-4982
7028
-8613
-3310
83
4740
-8346
-4653
-9881
369
6749
-5294
892
1028
-3414
-8796
-7106
-2594
-846
6484
9127
-2211
-6333
5055
-6845
-2536
9711
7532
9068
-29
5706
1977
-7883
1287
8773
-8198
7763
-5915
-5588
-1177
9090
9776
-6051
6285
-361
9879
-8097
6839
4166
-6401
6846
-4473
1705
-8218
6734
-7197
4936
1091
6685
7589
-2564
4288
-6888
6607
3418
-5798
5958
-7679
1124
2560
-7863
-9974
-6985
6621
1074
-1705
-7211
7914
-8404
-7380
2449
9997
2310
-7285
-6020
-8636
7878
5817
-5052
4083
9717
-780
-1114
-4027
-5950
-3994
6603
-8131
8536
-4424
9344
6897
-2929
-7990
3157
2916
-7758
1688
2882
-7358
-6854
7067
-4436
-4902
-809
8864
3163
-6336
-663
593
9727
6812
-3848
-2307
742
7897
-2703
-4600
5013
5405
-8727
-4183
1113
2571
-8284
7234
5090
-8517
3795
3854
-1249
-8006
9074
-5255
-2602
5599
-9661
-6433
2475
1453
2869
-5779
-7496
211
-1916
-5354
-1454
-9849
-7234
-8459
9379
7400
4021
9260
-9498
4089
-2893
1512
-7849
-3852
9212
4305
-5578
8643
-3516
6981
4589
824
-4413
3442
-6539
5765
-3731
-1042
1648
-5951
-896
5128
-8299
-2323
-1490
1354
-3246
-9715
-8686
-2423
-6991
2092
1149
243
7886
-6540
4741
-4136
-2934
-4307
-2841
7644
7933
-3338
1577
4437
-4903
1214
-3780
1622
-7194
-4865
1501
6819
-7218
9999
-5974
-8693
870
834
-8190
-2616
2864
8610
-1838
6695
4732
4806
-634
-1400
-3138
-6968
8432
-3603
6250
8886
6394
6139
7855
-3929
3746
-7764
2510
915
4462
2246
1038
8622
1442
-6230
775
3277
110
-7232
-6801
-4919
8541
1455
-2045
-7030
9824
330
7870
5595
6328
-9800
-763
-1297
-2976
5779
-3982
-7986
-8548
6858
7336
-8064
4099
6017
-7117
-8082
3280
7904
9047
3904
-8053
6235
-5772
847
2191
-6174
176
7183
9509
9005
2305
3246
2052
104
2546
4725
-2968
-8831
724
-5360
-8703
1581
3837
543
-4617
-2091
-9067
-7426
1602
-2834
8027
-9102
-20
-7953
-2602
-8872
620
-3706
-77
-2946
-7955
-8925
8193
4537
3906
4581
-8877
-7612
8731
6866
8264
3692
-1027
3312
6296
7730
8699
2055
-1387
6126
-1105
1297
-3993
274
-6477
473
5697
-3053
-9361
6241
1013
-9289
3409
6125
-2173
1954
-9789
-9844
830
-4780
-5320
4074
6957
1379
-6524
1266
7831
1827
5529
1517
-7507
3021
-843
-9743
-2303
-3864
3006
369
5235
-3812
-3653
-574
-5650
9893
3453
3129
5909
-1047
-1442
2340
2294
2115
7519
-8625
5859
9175
4645
2578
9148
2496
9786
-2922
-120
7737
-1251
5422
2245
-1294
1880
1073
-4573
-415
-9165
-2588
-2206
5746
-5874
-846
3202
1441
5049
-9129
9755
5858
7688
-1200
3108
-1196
8207
-1860
-9142
-5371
-3283
-2000
2629
8045
8373
6794
-6817
8110
-2447
3458
4494
3198
7952
6303
4440
-4190
-7062
-3578
6153
-3363
-1087
2163
844
-664
9957
7298
-6315
8590
-7284
-6162
-1625
6440
-7058
520
720
-2082
-1706
206
5214
7663
5670
-9573
-5930
3228
5134
5788
-404
-372
-5591
-9837
6066
5089
-565
-6195
-1533
-5174
-2058
-7424
6068
1798
-3182
571
-1220
6312
8781
-7762
9721
-8266
-8510
8939
9799
-7781
-103
9257
-2939
-425
8103
4383
-9089
3178
5991
6982
-6475
7705
-528
1125
7414
-7111
-6517
7784
4096
5025
-1873
-1616
-5095
7602
-3271
1557
-8119
5647
-6000
6797
-8000
-1662
-9158
-2941
-1751
2843
-160
-6954
-5590
-2322
4607
1326
-7613
-2589
-2807
1108
9514
-3118
-3132
-1641
1026
-1879
1615
7513
-7458
-9470
-2212
2338
9988
-4565
-3266
4024
-6507
5565
5803
5457
-8090
-1796
6977
5648
-3133
884
3765
3673
-5268
-9098
-9048
9989
-6836
9987
-6349
-7060
4196
397
5834
-201
-6214
8305
6518
673
-8057
9692
-2065
8606
-5367
6246
-6153
8970
-2953
-9514
-3511
8675
7125
-8674
228
-3111
-3073
2563
3583
-340
7583
-4527
2309
2239
3599
-8767
3753
-3120
4183
-7
-2633
-7009
4302
-5453
-2552
6839
4030
-7680
304
797
-6622
-39
6683
-8898
-9320
-7699
2812
-2574
-7135
-6544
5351
-2876
3784
6969
4284
1254
-5774
-770
8186
-3437
-9474
8230
-7030
-9741
1948
-3261
2971
6431
-2917
6640
-9269
6481
-7936
9973
-3284
4326
8979
-4033
-8366
-7952
-4539
1926
-5048
-8080
909
-65
-3281
-3464
4880
6936
-9373
-8402
5231
-6336
-9309
493
-3152
-7090
-6422
7907
3983
-7907
8129
8898
-8633
-7581
281
6368
-659
9655
3746
-255
8470
7261
1966
-6693
-285
2209
3852
3290
-4217
-8515
6847
-3712
-1816
7942
-5764
1315
-9584
-8065
4616
-3809
-5986
670
5753
6595
-2550
-8671
-846
2937
-4316
-8113
-5696
-4618
-9471
-5517
-6747
-9188
-465
9339
-581
4942
3542
118
9625
-7758
8664
-4655
658
-3278
4993
9842
-1726
-1327
5662
-2315
83
-5083
-5544
5809
4649
-7924
1498
8814
8086
6876
6424
8121
-3735
-7409
6830
-9975
-9051
-4133
-390
-5592
975
-3337
-477
-9770
5054
-1966
5306
9384
7514
-5383
959
4719
5540
-3733
-6719
8845
2079
6374
6026
-8066
363
6784
24
-9567
-3870
1036
-6587
9862
-2090
4430
-5241
4719
-1798
1132
5548
-6986
-9767
2976
-3635
-2834
-16
4544
8767
2573
1884
-7482
9964
6284
-7280
-7308
-8145
-3398
-2006
-3600
7726
-7191
3591
5005
1446
-4439
-4660
7865
3673
-775
7893
3804
7251
-7414
-7109
-6189
7610
-6244
5432
-787
5192
-2504
1040
8328
-638
-2194
-1037
-6864
-5410
-9747
884
-6164
-265
2999
-1568
4429
7497
-4751
3107
-5577
2697
-9184
6786
9468
-9013
-8036
-505
-9781
-6814
4104
-8733
4347
-116
-8731
2070
-2570
-6505
770
1237
7309
-6414
-5149
1473
-9537
-478
3529
-8072
-8362
4444
-1771
999
-8392
-5620
6170
9919
4798
1374
788
8293
2433
-9631
258
644
6841
4620
2765
-3762
-8046
-454
1400
-6804
-4782
-32
6216
-9536
-9667
-4517
-5735
-747
-9195
-8221
-8442
-3239
1023
-5509
1942
1953
-8380
7441
-4956
-1707
2507
-8297
-5974
1462
6906
3997
-7360
-5515
-6782
-4078
-6077
-4369
1981
4906
4759
8068
9784
-6614
6770
-5115
-7008
-836
-2860
-8596
7047
-9290
-6468
5944
5920
-248
-980
-6499
6448
-1250
-2377
4759
-3367
-2063
1985
5858
8703
-8618
-992
3687
7645
5279
8817
4144
9192
-2756
9337
5
1574
3587
-9040
-1005
6122
-8668
-4057
-7424
731
5615
7408
3198
-1574
4573
-884
6931
-9087
-1419
469
-8744
-835
7791
1288
720
-1190
1282
3748
9977
665
-6205
-7313
-6358
7960
-5603
2393
7945
1714
4216
-8447
8657
2720
4035
234
6226
-7783
-2514
3254
-5866
8025
-1043
566
690
5054
-1227
8273
-244
4031
-81
5421
-7555
-587
-7275
-9253
-5014
1075
-1622
2871
6193
5831
-284
-2925
-9528
-9179
-7031
2526
4561
7618
7057
4280
-2747
8056
4112
7728
2133
-2116
-9881
-8351
-5095
-1584
-2620
-9284
8150
1872
8368
-9418
6080
-4004
7786
7518
-1537
2240
-2722
977
9405
-1916
-8408
-4474
2520
1996
-6179
8506
8133
7339
262
-1070
-5888
-9630
-251
465
4093
-3473
4086
-8136
-2156
9933
4405
-9246
-1832
-9089
-1992
2293
-8110
8857
-2053
9411
2082
4620
428
-3105
653
3459
-9662
-6459
-9976
8227
-6572
4879
-4073
-6807
9810
-7591
-8242
-4134
8973
5251
-4024
-8447
7756
8822
-9755
4191
-7884
9542
6147
-1457
-5245
-7571
6309
-1969
-6507
7915
9230
-6125
4178
-1318
9735
784
-1101
-9086
4570
-8122
-8114
5706
2884
5925
2416
-1807
4740
8772
-4709
7786
-7052
-2362
-3644
9854
9023
-9780
-3352
-2679
-2947
7409
-3272
1600
-2698
-9743
-9715
-4943
7964
-3409
-7059
4692
5961
4980
908
1867
8890
-5532
-3187
-542
1950
-6584
-1295
1146
-9073
3137
-8076
1892
8153
-6689
-7808
347
2052
-3345
8167
-6684
5491
3965
-1916
6860
61
5665
-8525
-2299
-5742
-5481
378
-6571
-969
1224
-8302
-9175
7220
-3700
-4557
4891
8293
2065
9793
7568
-1784
-3758
441
6250
8066
1233
7637
4900
-4815
9329
-824
-6104
-3128
-3684
4554
-5334
1382
356
-3833
1697
3781
-8821
-8291
-5487
307
7742
6162
-3498
-8001
5098
-440
2966
-9674
9117
-2059
-1139
-9478
60
-7959
3715
-8645
4733
4692
2918
-3004
-9016
-993
3732
6528
4229
-2509
-3374
-9082
-9119
5467
381
-7355
-5818
-7903
-683
-8345
-7579
-9394
-4827
5173
8876
-4035
5468
9432
66
526
-7001
-5620
-3496
-2813
8987
-7180
4572
5058
4415
4821
9886
7282
1365
2073
-5845
9755
8795
2013
-7180
2380
-1571
-6555
4188
4229
9066
6256
9789
-90
5457
1257
2085
-5356
7256
-5876
1226
-1507
-4830
5388
-3071
2065
-1709
4101
4282
3053
-6776
-485
-8519
-5420
4941
5074
-8506
1990
9309
6668
1401
5825
9246
-4676
5498
-8982
-8017
-8073
2957
5799
7351
4765
7526
9225
4230
1836
5583
-2814
-4247
9992
-9893
5515
-9526
5866
333
-5968
-7472
-3548
-3274
1811
-9551
-5484
-9696
-9223
4385
2736
-1144
-3049
733
-2531
-5760
8700
-7713
8105
3942
9500
-6236
6198
-3870
6792
-8410
5245
-8546
-2718
4129
3940
7064
-9324
-5120
-5757
-1381
6680
-5715
-5134
2107
-9817
-1520
8143
-4000
-7698
-9378
-7467
-6968
5100
1460
-3977
-1892
-5118
211
3686
-7987
3952
1907
3492
2879
8119
481
9694
8239
3359
5780
-1901
7376
2959
8617
-6373
7018
8305
521
594
5326
-9764
-7045
-4269
-4067
-9114
3125
9053
723
-9524
-3136
1685
4076
7375
9557
2356
8296
4228
2368
-7279
1130
1178
-1038
-3079
-3598
-951
-1342
3477
-5962
5874
-3989
5730
1507
-7170
3950
-7780
7484
-476
-9428
6231
-5804
-4890
5294
2159
3581
486
-3280
1649
-6674
-6197
-7295
-1884
-8873
-6867
338
88
5745
-2207
1602
-9101
1663
9608
313
-78
-3194
925
-1191
-3084
-9051
-269
9216
-7194
7413
-8274
-5474
8158
3508
-5713
-929
9340
-3315
-5958
-6245
8893
8299
5590
7545
-6886
8578
6576
-1494
3980
3985
-7360
1375
6183
-8337
-3195
5777
-111
5956
4327
-8942
-6695
-3071
2574
4857
-5237
6252
7087
2236
5635
1059
-5841
-5363
6578
3087
8310
1936
-2369
-1708
-176
-823
-2702
-1163
5322
-3190
-1031
4427
9337
3259
172
-30
6922
6680
9779
-1612
2604
-6805
9706
-7284
2218
-5875
-9699
-3207
-6024
5336
3836
2770
-5183
-6274
9468
4449
7517
2498
-9202
7435
3956
-8956
3795
5998
9941
777
4050
6367
-309
9014
-5090
2640
-3070
7534
-8213
8605
4820
-2991
4130
-2921
-2660
9347
2967
-963
-7563
6322
9746
-3407
3546
-7743
-3633
-8049
2232
-407
-5146
7673
-8551
-967
-1066
2732
5576
8721
5960
7829
7058
-315
-752
1694
-8432
8593
6593
-959
9684
9552
9862
-672
2657
2045
5256
6886
-483
-2950
2343
3692
-7611
-9404
5133
3061
-9777
-3729
-7129
1415
3749
-2443
-9272
-9747
9533
6026
3295
1443
-3915
4635
-4030
542
-7867
5824
-9694
-8911
8505
2501
8416
6632
-6870
6362
-1943
-2862
-1757
5275
511
8910
8453
-8114
6836
8552
-1835
4298
7072
2229
578
-2110
3406
8788
-7606
5019
-260
-6271
4796
-4304
-704
-5330
-8777
-3114
3140
2466
1570
-4520
-6803
-8584
2702
6622
3851
2858
-3530
705
4708
-3503
-1124
-8816
1073
901
-6153
3608
-6442
-6613
-4025
-3818
4110
-635
6390
-9275
9522
4420
-5942
-4066
-1361
-3066
-4559
8770
-4780
-2811
8787
8546
3207
-2460
-428
-9394
8914
7068
-1477
4704
-1098
-9697
7183
179
4343
-3693
4524
-2559
2418
-7027
7145
8849
-4557
-3675
-7079
9556
8304
-9177
-5119
-1707
-1456
-7064
3867
-8343
919
9290
-773
-3996
-3005
1823
5363
7406
7770
777
-8767
-4171
-4579
3700
3153
510
5698
-45
-3379
-8462
8321
5129
-6414
1507
-8664
-9905
-7637
-3293
-1725
1013
7385
5505
-2585
7615
-766
-4119
-9286
-1211
427
1594
1194
9570
4590
-7901
919
485
3802
-9327
-3685
-9935
1168
4411
-1921
7126
2576
4846
-3065
-3937
-9785
-255
7996
3367
-9617
3580
-3725
334
9992
8241
8545
2652
7364
6943
2007
4373
-4139
-3074
4561
-1626
5928
-3713
-5466
-6827
-7858
-8955
6101
3530
7214
6604
-7222
-9564
-9399
2484
-6168
-3950
2722
3485
-5023
-1530
-6855
2999
3181
4837
-5517
251
3324
-6244
499
1169
-9091
-928
3220
5298
9747
6829
6248
2105
-7130
-9518
3690
7500
-2678
-4695
5319
7373
267
-9422
-542
6512
-4673
6790
-1193
7995
-3139
3564
415
-2602
942
7077
-5176
3627
6870
-7928
4150
-7959
6738
5045
-8257
-6301
6800
508
9452
-1387
9436
2969
8559
4833
-900
-5719
-9880
1153
3332
9137
9359
4548
6317
59
-5392
-9652
4860
8463
1385
-3321
9518
-9511
109
-2529
8469
7234
9565
-5833
-4801
4629
-3573
-9382
-5386
758
-8204
9442
-8814
2540
1651
4120
-2391
3212
3640
-4052
1797
-3030
-9125
-4394
-849
-9668
-2156
1688
-8237
9666
493
1212
-4365
-7156
-7386
-8873
9245
-8016
7247
-7052
-4860
-8603
1202
-4390
-3481
-9544
-3626
-327
-4067
-6432
-4396
2889
-1450
2943
9702
-1730
-7665
6664
-2673
-9595
-6593
6928
-4833
-790
1967
9261
-1238
363
5331
7521
-9
297
9435
-2774
-91
6480
7170
8476
1730
-3434
-6396
5153
-3462
996
-2729
6173
5717
-9712
-798
-9092
-4278
-676
-8175
7625
4983
-3355
-9246
8466
-7378
-2150
3020
-2372
-3209
6448
-6566
-2562
-7473
-3679
3441
-4164
-4934
9901
-7937
1289
4557
-2893
4008
-290
-853
-9859
1869
-6223
1058
-7189
5001
-3167
4177
3974
-5025
3998
9437
-8575
-5356
3790
-8836
-9673
2398
3102
-6164
7062
3413
-4924
-8443
-2162
-2662
8402
-7906
8235
-8488
8139
-7958
-4330
-7954
-5985
-165
1918
-159
-1984
2610
2288
2064
3294
8599
-4100
4256
-5014
-6068
983
-7532
5027
389
3213
7948
9685
1010
-724
8052
-3536
-8646
7698
-450
-731
3623
-3122
-7001
5946
4197
3888
-2524
-2932
-4945
7286
2358
-7946
-3511
-2839
-3031
-9435
632
8726
458
-8284
9170
9149
-8272
-2626
-7774
-311
3368
-158
-6237
-4126
9367
-1507
2625
-4534
7311
8932
592
-6781
-23
5116
3035
-2591
-5079
-691
-6075
-3628
1719
6823
-9590
6154
-8816
-4518
-3596
8877
8946
6049
-4340
-7624
-2423
-9680
-1399
8178
-4882
-4267
6350
3087
6338
-8120
-7828
9097
-2131
7614
-7917
-8763
-5461
1410
-6228
-6470
2708
-8247
7408
-3890
596
3863
7758
-3883
-5150
7955
4498
3539
7293
-3755
-1840
2552
3933
2430
-8292
-4277
7297
6120
8124
1944
3215
-5043
-226
-4963
7723
-8939
4648
-1848
-3048
-550
5411
1714
111
-5886
-4614
1032
-3683
196
-4096
-403
-3029
-3779
-84
1964
7594
-8300
7248
4182
5081
6806
-1222
-6376
5177
7723
-3061
-8668
7675
6718
-3911
787
-9713
2037
-4857
5386
-5057
-8835
-6560
-2292
-7216
5971
-1983
-5609
-1211
-41
-3978
1926
6086
7677
-8788
-2342
7074
-4278
8757
6939
4348
470
147
4743
9012
8263
480
2326
-919
-2232
-5054
-5416
3044
-8606
3966
3991
8336
-1429
346
4392
3543
-2237
-2555
2315
-1005
7206
-2758
-4583
-4619
2180
-6234
-2866
-7187
3684
-685
-1751
8538
-7725
-3577
5738
-5820
4350
5250
-4225
-9039
-182
6811
9048
7914
5234
32
-6894
8060
-214
7115
-8324
-6513
426
3580
6443
-6318
6221
5590
9697
7496
-5521
8652
698
-9078
-3087
-1668
-50
-2849
-5191
-1826
66
771
-4501
8874
5801
-2643
3619
-4669
-7265
-9408
3319
1741
9410
7610
-4681
-9644
-4870
-3386
9190
-6650
5453
780
-8527
384
8743
5374
-4893
4889
9661
2365
-4634
7147
9154
-701
-806
3185
4298
6274
-9576
-8401
4937
-8275
3992
578
765
-184
-7058
-7200
9130
8901
-2067
1223
7064
-3069
-4050
-6535
2554
9798
-5089
8680
-7764
-9523
-9792
-574
-7538
2285
-275
-1492
8421
-6238
-8044
-596
-4324
-3531
-7707
-8154
-7049
-852
9830
-1151
2976
-9630
-527
3612
2652
-1484
-5118
3541
-4398
2449
-3816
-9975
1871
-5647
1749
5545
-4750
8806
6862
7200
7646
-4179
-3718
4139
776
-7969
-7565
5784
1472
-5243
-2858
9736
-144
-7700
3130
2283
8416
-2323
832
1021
2987
6005
-4844
7947
6755
5049
4511
-6416
7577
7649
5666
8132
-4349
7483
-6986
753
5400
-5242
-8752
-9588
4125
9998
9010
8033
8300
-4052
3437
6850
7671
8162
5833
-1744
-2701
8006
3334
-3392
-5130
-721
4047
-275
9085
2078
462
2797
-590
2368
-9197
4784
-6917
-2014
8531
-6808
2450
1295
-2250
4151
-1530
-7905
5231
-723
5510
9508
9063
-295
2493
2866
-5295
-8213
8737
-692
-3504
3665
9803
-2015
7652
-3651
-9024
-4530
-4933
-9029
-464
7518
-7660
6629
-1045
-8936
-807
-8651
5447
8853
-4795
3473
-9076
-9517
-3504
4629
3799
-2947
-1318
5736
2862
651
8199
6167
1315
-1350
-5121
6179
-3936
3384
-3244
6199
-9079
489
-8582
-4435
-9056
8088
3205
-2057
-3568
-5587
-3823
471
192
-1998
9521
-6250
-1743
-2443
-5366
-6080
5404
5186
6100
-7220
1408
4527
8764
9447
-6963
-5448
-1946
2815
-3779
9255
-72
6445
-1597
2311
1902
-3737
1917
4868
3743
664
-6681
-8078
-3913
-6152
-6441
-1348
9575
-1743
-117
-1796
-1977
-1308
500
-551
-629
-6414
-9347
3504
2133
-7693
-5349
-33
4900
-2262
2730
-1272
-5066
5442
-7790
8739
6213
3030
-5705
3799
1879
-3873
2468
2170
8275
-1271
879
-483
-6101
783
-5497
-239
-6171
9027
-3820
-5832
4640
-9803
7668
-347
2987
-5343
-8362
3093
-2539
42
-9952
7004
-1496
6310
-6327
5250
640
-8133
-1916
-1479
-8432
1898
-536
-401
-7956
2218
7891
-9375
2612
4067
-2392
-3923
5184
-1594
-8072
2268
1248
1774
9188
-139
-1282
7647
-1566
-6516
932
9936
-8561
9537
3691
3767
2075
-4825
-3350
-5279
3541
4301
8971
9358
-1296
5417
1864
-7340
6923
9132
568
-7996
3888
539
3842
5919
-280
-8539
5968
-492
4599
5601
9281
-9607
4740
-1850
2570
4807
7235
-402
3039
3531
726
-7659
-857
-3571
-2111
-1020
685
-7490
6179
6268
-1658
-472
-5829
4189
1547
-9687
-4619
-6909
-3028
6746
8574
-845
2397
-994
-8060
-6791
3150
-9298
-3199
-932
-7829
2452
-7096
8571
8325
4012
4135
1117
-8420
-393
3717
3002
-2601
-3933
-9263
5595
-123
9782
-4959
-7460
-647
-2340
-4021
-7495
-4424
4610
-9261
2375
-7172
-1485
-7156
7689
-2571
-6451
-1235
-3396
-2332
4187
-4012
9275
-3185
4022
-5992
6555
-7766
-4521
1763
-6369
2560
8393
-4936
991
2427
-6320
5564
3314
9548
6623
-2687
-5595
4481
1733
-2339
-9821
5490
-3253
1026
-5596
-7683
5176
-4041
4384
3383
-8561
717
-3516
-1649
1708
-9851
-3321
-8088
-5282
7526
6939
1493
5708
4178
5543
2594
9579
1387
1
1366
-8414
-3077
6099
4590
-2165
-2347
1876
7723
-9758
2337
6621
4864
-5103
-146
1615
-9136
-4389
2946
9094
-9230
1693
-3351
3222
2734
7790
5405
-7318
-3313
9910
2775
4762
-595
-8371
-2341
-7474
-4413
-6592
4352
-1992
-6202
7637
-3208
9891
-3045
-269
-4051
-3711
-5213
3511
-5905
-5636
5763
-2694
92
5546
-8963
-2099
-4632
-5313
-7606
707
-6794
-7078
-4327
5616
7905
-1319
-3750
587
-4401
-5271
8261
-1190
9597
-5228
9180
4729
-7023
-8257
9844
1385
7177
4271
-615
-6969
2676
-142
1594
-3467
-3591
-8625
1613
-55
-4213
4411
-5972
-3031
-7970
-2395
-9687
694
2176
-5822
8387
8526
811
-3076
6233
-6014
9481
9077
-2800
-8789
6389
5004
8169
-6781
-1282
9908
2797
-1745
-6446
-2498
-3661
-7126
-1907
-8949
-3826
1055
-4431
-4981
2124
-1738
9772
1529
7215
-3511
-6217
4561
-4171
-4351
3041
811
-7674
8655
1922
-3315
459
6413
-7786
3287
-8576
-8480
3170
9184
-6546
-1167
-1298
4462
7031
-9013
3035
-1481
6307
4416
-5673
-2649
-2455
6965
1633
6526
7694
-61
-8502
-1575
5541
-8231
3088
2968
-304
742
-2939
1051
1282
6581
-2261
308
7493
6707
-489
6216
-7128
3332
7841
-3535
900
213
4677
-592
1506
9098
7651
4856
7356
269
4819
5294
-5272
3353
2257
-3559
186
-7382
-2570
-4819
8137
-4031
-3854
-8296
3024
4113
9507
-6184
-8253
-5314
-2621
-6633
-3238
-331
-2530
-2940
-6894
1212
7729
-7774
3515
6970
6532
1396
-753
933
-9054
-3543
-7025
-9110
-6120
1825
8843
-8433
3633
2716
-9664
4569
-5051
1987
9232
5516
-2640
-6405
8563
-953
5671
-4251
-3281
9949
1852
1497
1570
8642
4832
9579
-9719
5697
-8375
-1934
6151
9432
-5330
-4185
-1462
8637
-442
-9964
209
7468
-9963
5721
2966
4685
-8814
-4821
8204
6806
4273
-6527
9062
-5063
-4872
-814
-9996
-3956
2150
2877
-4547
129
9218
6327
7180
3209
3469
-5866
-1115
1394
4777
-9447
8064
-5276
3953
-7050
-9400
-7266
-8718
-2837
-6964
-6147
9601
6716
-2145
-1301
-2731
3868
-7387
6198
416
634
-8
4318
-385
9851
123
1658
-582
-4694
-6310
3259
35
-1180
5500
-497
-8043
-9917
-1988
2127
8764
-9775
5077
-8425
-693
7980
-8957
-1520
-1807
927
-3055
-8086
-2113
3588
8742
-7328
-3410
-8810
-6193
-4256
-3708
-1914
-4159
9471
-9041
247
9560
-6635
2276
-2907
9636
-274
-949
2632
949
-5619
-486
6713
-8238
4781
-1621
-4877
1615
-9376
-4115
6653
888
6250
1663
2887
-6375
-1187
-510
-1624
9524
-4638
9755
9310
349
7269
-7104
-5361
-4750
6821
-9068
-3572
-3127
-5826
6017
390
7613
2662
6570
3249
-899
166
-1053
3614
-5001
-6441
-8627
-6321
927
3189
-7652
3017
-9317
5403
7385
3500
9439
-9178
-2955
-7222
-9226
-1321
-4672
-7683
-4197
5824
-8292
-6740
6484
-2322
-9941
7510
-8631
8854
-9409
-906
3758
6542
-5357
-2701
-8968
8243
2413
7967
-3291
-5319
-2222
-3272
6544
-8525
8641
-9634
1956
6126
-8353
9306
3507
6870
7276
2847
737
-9255
1532
791
-8612
-7411
2033
5207
9864
5772
5090
2059
-7597
-5047
5624
-5177
6625
8538
9860
-1391
5971
58
-141
-4436
4128
1164
5104
-3640
-3963
5938
-6876
-6795
1709
9383
4864
-3740
6522
-6218
-3664
8136
3860
3525
-4451
7860
8881
-2847
-3609
1647
9272
-8674
-6780
5099
-1524
4273
8997
6768
8113
2664
217
3039
9072
812
140
6766
896
96
8850
-1423
9351
-6113
-3457
405
-3157
7537
1144
-7894
4518
2479
713
1900
1240
-9183
-9547
-4592
-3592
3601
-6665
7384
-620
-4749
-4739
6684
-3945
-7737
9566
2619
-7711
-1364
7141
-3535
-9418
1229
-6126
-8807
-8403
-8232
-4001
-2392
-7717
-1639
-7527
-3384
2877
1661
3328
-2206
-7996
-3862
-7252
-3576
-7128
1301
-4999
-4414
-5129
3435
-8998
-8616
-1209
9770
127
4639
2788
9273
7188
3774
9964
9274
-4035
2858
-3683
9240
4292
4755
-250
-3006
3785
4853
6639
9344
-6645
-6363
-9736
8624
5922
5296
105
8745
7818
-2513
4842
-6256
9800
-1654
-1832
6275
3206
-9979
-3597
2808
-50
-6819
2416
-4211
3902
1250
-802
3475
-514
-7051
-7955
-6436
6616
-3834
-2152
3316
-5217
-9292
7903
957
-8118
-6340
3571
5813
2049
284
157
-3305
6652
2064
-444
-4809
201
3753
5375
7632
4599
-7015
3512
-385
1365
-9429
-1425
-7890
-9790
6625
8012
-6487
-2891
-5035
399
5745
-9807
2798
4563
-1730
2259
-1122
-7014
2697
-5609
8066
-8640
8697
-6677
-8634
-4839
-6681
9261
-57
9870
-8773
3556
-429
-8679
-5371
3085
7035
1109
-2751
4802
-7849
-8470
-1807
-2977
-7132
2595
-6936
-3601
-191
-5728
-4738
-1981
1864
-5388
6711
-6341
8114
-1933
-2841
-587
4792
-8942
8135
-1235
2931
-5493
-8148
5815
6569
-2415
-3625
-6187
-8574
-7616
-9399
-7598
1577
1334
7585
-7003
5531
-6520
2049
-4053
2626
8690
-5680
3893
-5421
5317
1204
-3003
-7233
6112
-722
2506
6110
1188
-2584
-8271
-2262
-9217
2626
-7998
-1828
9741
-276
-3443
1734
4343
-2571
-6327
-3139
1211
9420
-9106
-3182
-7331
9533
-6325
2335
-2092
7176
6004
-2896
-7041
2179
-3549
4024
-5973
2550
-9662
-9109
6477
-1915
-8735
9523
6065
-4294
1501
-7327
-9524
8138
668
8190
-6797
7559
8203
9023
2128
1821
-9300
-1828
-4051
6352
840
4338
-1117
-1215
-8783
-6037
-830
9176
1884
-4518
3306
9677
-6398
-7664
1255
-1443
3712
-6692
-3570
-5892
-9191
9158
2795
-1268
1610
6932
-5046
6894
-237
7939
9544
-7451
9721
-6451
7440
-8825
-1317
-453
7515
6819
6383
6128
-6964
389
-6336
-2372
-2787
2096
5249
-3861
-35
368
-5293
-8102
-1680
-4168
727
605
-8629
-7557
4872
936
4810
7355
1741
-7066
-6571
-2944
-948
1695
5226
-5961
1715
3940
6529
-2641
6138
6568
7691
-933
4309
-71
-6306
-494
-5116
-7578
-4094
523
5614
4646
9856
6893
-6267
-8854
9620
-382
-1053
-5863
2394
7944
110
-2393
-7489
-4566
3307
4356
1450
-2255
988
-7017
-6394
284
-6818
-3505
8871
8288
8484
3677
2232
-8445
7355
6930
6494
6500
9309
6336
6416
-5065
2320
7590
-4444
-2942
-5991
9249
9056
9611
-2426
5364
-5679
-3621
-5435
1963
-9439
41
-1224
-6570
-1648
-6694
3684
-7600
7403
-6208
4496
-957
6846
-7493
5049
8461
667
2850
4608
-1221
809
-1838
-2276
-8786
2217
-4516
-907
-1417
-3464
3033
444
4958
-1575
1710
663
-8969
3067
-5097
-6189
-3013
6591
2335
3109
-9315
-7879
534
2457
-1001
8406
8594
-4402
-5656
1487
5872
9602
1425
7186
-9635
-120
8312
-434
-8515
7311
-8873
7530
-9414
4548
619
5306
415
5895
-5048
6057
-2849
-6927
-8189
-9536
532
-8936
-7304
5438
-3545
-8483
-1933
-7957
4314
9364
-7596
4547
-8662
5050
427
-2161
2724
501
6889
-5536
-9417
2401
6154
-4127
6881
2284
-6651
6954
2898
-8348
8540
9739
4943
-8170
3216
6032
1723
-6560
-9197
-3523
-9755
-7074
8234
-4516
-8281
-7738
5656
-4037
-3758
7624
3500
139
-5441
4111
5403
8626
3850
147
-5751
2709
153
-5989
6206
484
7822
-7952
-7053
9329
-5148
5952
8011
-1891
-1429
-9203
4126
7664
-811
-8415
-407
3200
9418
4490
9066
2220
2283
5695
-385
-7119
7900
7200
7025
-8781
8578
-2616
-3634
290
-6877
5466
8210
-2493
-6724
-9963
7901
-3912
-1795
2106
7425
1034
-5561
4532
4344
5101
8251
-345
9030
1961
2653
2530
7291
-7713
-367
8015
6949
3140
-6416
6673
5490
9224
-9809
3829
-7176
3726
4052
-7802
-1854
7550
193
-1543
8323
3522
-9194
7804
9993
-7095
-2443
-1082
-8020
-2736
2822
-9241
4668
-4475
3118
8170
-1462
-9222
-1872
-9091
194
1450
9178
8608
-9744
8008
-9208
7512
-848
8295
-3406
5081
3542
-2536
4127
-7517
7804
-9442
-1088
-4904
7029
-1795
6396
-558
-6298
-756
-5514
-7432
-1287
4001
-7472
-2107
3026
5835
-3605
-5503
2118
-4831
8725
-8627
2053
5718
1825
-393
-3827
-872
-6957
-8155
1217
-7412
6237
-859
-7122
5063
7481
-3318
-4259
-6949
3934
2071
-2277
5545
-6706
-6784
-5173
-1794
4143
-8547
-3567
-4111
-8780
4420
-4304
-6122
-8072
3066
-4802
9669
3777
6931
9598
-6538
997
9963
-3682
-838
8504
-419
5099
-9663
8316
-2592
5715
-6043
3298
3684
3102
-2612
9551
4364
1088
-620
5227
-5739
8328
7683
2429
-9507
1428
-8170
5622
8925
-2319
656
4067
1452
8226
-459
-4918
-6351
-295
-2516
8977
-204
1198
-7502
7478
-581
-1455
8752
4579
1161
-2931
-8408
-4330
-2827
6019
2513
3976
-4896
8950
9747
2576
-6450
2778
3586
-9616
1386
-2194
-2979
-9940
3302
-7641
3021
7390
-1553
-4860
-4010
-8642
-6687
6887
8134
-5507
-2468
-2959
-4188
-2617
2904
6405
-9847
-489
7768
-522
-5693
1743
-4824
9050
-2973
9047
3221
-8928
-1193
9335
4705
-5088
-4332
8970
-8920
1285
8800
4040
4490
-847
8867
8667
8191
9909
-1907
-9044
7833
-2209
-2645
-2948
-1842
3590
-9860
-8931
-8371
1532
1654
-4812
4875
-9743
-5967
-9753
5124
-1650
-1984
-6846
-3505
9439
5421
-6894
4815
-6425
7849
-1807
-4699
9354
1430
-2730
6023
568
-6080
-1837
5933
5452
83
6592
-6610
-8345
6416
-5930
-9079
-7975
7480
-5498
-2375
190
-7312
-8590
319
-7218
-4694
-6140
9063
5394
-6276
-7512
8429
4116
-2031
-1374
8107
-1566
-6269
-6528
-9836
-2721
9068
-5470
4158
-9246
-1485
-6025
-434
-5653
9625
7511
-2931
2983
-5647
3824
9385
-9481
-3438
-1593
-2119
9824
1698
-4055
-1833
-9214
1880
-1735
9628
2427
-4920
7465
-7609
-2502
-2389
-5806
4615
-5597
6362
-8137
-3577
9430
-7037
-6537
4907
5210
8448
7332
-5719
-574
3666
-7234
4511
-4499
5520
-9832
-2422
8920
5252
-2935
4571
251
-2244
-7144
4564
-8037
7241
7628
-2112
4151
3925
2598
-933
6832
-8318
-8625
-6724
3121
-8575
-266
-6138
-9450
-4343
462
-4287
-7141
-5542
-5633
-1525
-3753
-9195
3787
7744
-5923
-253
8840
2237
-6947
-6154
6292
297
9714
8867
-5402
-2953
-3143
-9569
494
-268
-1145
-4748
-1934
6275
2088
-1947
6946
3674
-9447
1903
-4882
-1540
8604
5225
8256
6102
4451
-4493
-73
1847
-2726
-8663
-8153
-9441
-8195
-4585
2295
778
1818
-518
6683
-3489
5344
-8544
-5554
-1319
-9087
-8435
5341
-1123
8982
5253
3671
6878
-5192
3306
6075
3777
8841
-9690
4210
3375
-3129
-4445
-5472
5618
2690
5578
-5959
-2272
-1478
2010
5554
-2193
579
287
4028
-7314
7299
3577
-3894
9373
-6945
-9452
3741
-6752
-1681
-1086
-8694
5318
-8301
-2499
2564
-2877
-6721
-4355
-3180
-3961
-9964
5690
-4837
7747
-968
-7856
6282
6910
-8231
-8738
-1260
-8035
1986
6971
3857
-9420
-1408
-4155
-5577
-6315
8815
-959
8673
-3236
2535
-6181
7460
726
414
-8218
-809
1197
8889
-9494
-5830
-6387
5846
-146
-4221
8268
-5584
-8414
5752
-2808
-4840
-1144
1525
9818
-7506
887
-6432
-6654
9372
-6652
-9895
9771
-2025
-7676
-1397
4903
2312
-8507
6289
5750
-5064
-6075
-3906
7600
-3486
-1542
6269
-2703
-4503
-9358
939
-8474
-4047
-3411
-366
9843
4985
5607
5554
5303
-6412
-2785
-3508
8786
-7250
-6392
-1919
7824
2678
398
4897
7689
43
-6395
6573
-6134
-6478
7258
5558
5385
6790
1545
478
-3027
-6025
-3073
-1077
280
4772
3528
5663
4496
-756
-8301
-2173
2307
-8900
5987
3013
7581
-3886
2788
-5253
-3611
-9117
-7780
-1046
3594
-4406
2459
-3397
5720
7222
-7621
20
-8423
7876
-8494
-1387
9633
216
-1192
7584
-9464
-2916
7479
6036
-3879
-3208
-616
-7131
4307
370
1838
316
3242
6305
8629
-3680
9163
3015
-4343
3643
-9126
-6358
8813
-7201
-6060
-9887
6386
-7751
3265
1573
-3760
6920
-2387
6556
-5341
7662
-399
5787
7300
6108
7550
-5535
4070
-6681
-4589
-6819
3456
-6364
-4881
-7495
-681
-3877
1819
-5068
-5318
-1939
8693
1864
6967
3565
-8716
3747
-7050
-8519
-9402
-332
966
-7938
6318
7627
-2013
-4367
-7196
-3785
492
-9309
7291
7696
9061
-394
-1635
-9604
-4522
9105
-1796
5266
9954
-5333
-5293
-5374
-2317
1444
-3606
1980
2461
-6618
-7316
-5601
8106
9297
7247
2162
6396
-3848
8886
115
5416
2341
-926
-9722
-3336
-4398
7218
6985
3046
-313
6721
-4104
4284
653
4322
1278
-4039
-1288
-4686
-5332
-8526
-1785
7163
6009
-5379
6513
8056
7167
-8886
-174
4634
-8644
5376
3285
7683
8400
-5247
1241
5568
-8224
-4113
-9189
9125
-4512
-8190
-7019
-5848
4486
-9484
8161
-3238
-6084
-4640
-8843
-3540
-8191
-3789
3358
5882
-9067
-293
-3071
2632
-80
-4037
-356
-7026
-2373
-7299
-5944
-1549
7042
-8707
-9387
1635
7368
7668
-6528
7007
-9449
-1088
8726
4725
-2032
5973
9208
-544
-970
-5218
-3599
-9322
1375
1973
9254
4401
-3791
-6560
9059
649
7707
7341
1941
3117
-3720
-5292
-7492
-301
-9565
229
5478
-6209
4242
-6913
1842
4556
-4382
-4951
9321
-8656
7054
2674
-4696
-9388
2734
3788
-2923
6412
8459
9001
2470
4177
7516
6078
-9432
1297
-4143
-9645
9622
-1272
-2588
-1142
-2187
5934
6696
8014
-4563
7487
5899
4735
-5029
2197
-3834
-8447
8227
-1701
7544
-9432
-3802
7986
-9164
3132
-3367
1900
2208
6748
782
480
-6739
-2250
-9854
-7221
-3799
1218
-1179
-9216
-1106
-5424
1549
-8050
5703
1243
-8141
9905
7851
-8544
-7264
-481
-9610
4400
-6350
967
3683
8504
-6766
-1442
20
-5639
-5279
2337
8778
2075
251
-501
-3094
4705
-3554
-8276
-4710
-8871
520
1252
7370
5252
-941
-6981
834
464
-1657
-5862
-7969
9528
-4966
-6570
-7527
-5303
-4448
-4987
6213
9594
9249
-899
9786
4076
4031
-7771
7935
-7014
8840
-5358
-7256
7707
-8018
5345
-1629
-8588
592
5466
7138
4339
1816
-4296
3347
8734
-606
-2936
3998
1505
-9615
-7633
8363
7092
-7747
5389
-3017
7395
5789
4551
-4514
2482
4546
-7866
-2733
7647
-7305
-6820
-6258
1489
5220
-1060
4371
-3817
-1248
990
-2253
1935
-5147
7711
2857
-3247
-2435
-8521
-3631
-8782
-4265
-9814
-4852
-5399
-5036
4036
-4012
-7268
6953
-963
-2025
2613
4155
3916
-9032
9019
1577
-635
-9509
-3450
4951
7843
-9526
2047
-1953
8690
4944
8530
7549
-2640
-7345
2441
424
1562
-555
-9853
-9021
-6202
8865
-4213
2389
8101
-4294
-821
1038
-9417
6105
-5149
8553
-8884
-5008
7313
2663
-9832
-8365
7057
9952
9340
-4334
3864
-2225
7613
7361
-8546
5028
-5311
914
4525
9293
-1228
6971
4652
3663
1791
74
-4233
1326
5631
9003
8162
9233
-1200
-2468
3364
-6681
-3827
-7632
5274
73
5239
9699
7552
1768
8249
3759
-5599
8871
-4936
3809
6163
-6853
7062
1484
4948
-3068
2991
434
-4947
-3286
-3912
7933
-2652
-1334
4719
-9114
-6592
4070
-6243
-6129
7383
-6755
399
-493
133
-9833
-9650
-6398
4992
2982
8574
-727
7803
3191
4129
-9210
-4797
5913
7331
6380
6959
-4815
8270
-4797
-1659
-9887
3080
-8055
-3551
-7634
3080
7357
9058
-2135
-4450
8005
-8153
7640
-6076
-2750
7975
8965
1652
8192
2207
-8849
-1223
482
7053
-1940
-2355
-7732
9292
8810
922
9765
5415
5793
-9388
-1466
-2924
-4329
4614
-1238
-2173
-1004
-9720
3580
-2542
-5672
4174
-5824
1143
5981
9685
131
-8555
4627
-4266
-1764
5004
5596
-2999
8599
-3649
6410
355
5289
-3879
-6796
-9044
-5557
-4865
-5742
-7160
-5722
-8660
7883
9857
7805
-1515
8040
-9920
3130
-832
9140
5717
-9945
-1086
-1748
-6291
-788
-3881
-4767
-9317
1001
9696
3715
-211
4480
8254
-4358
-3984
3180
7774
-5105
-393
623
8532
-7155
3916
5196
4350
-64
5730
6136
4851
1135
2560
3560
774
2313
9104
13
1180
8032
-2388
2628
-9916
5372
-1605
1177
3173
1165
6565
-1157
-4531
-5387
-1063
-1190
8428
-3902
-4821
-8138
6336
-9853
5367
-3364
4182
-1173
3581
-4065
3504
5909
7686
8958
-7326
7109
498
6420
-9833
766
1682
-8881
-3589
-3750
8792
4813
-9496
5386
3182
-4837
4024
5543
-9929
9857
6369
-6821
-284
5575
-8679
-23
-1837
968
7926
-224
-8127
6608
875
-5723
2390
1268
-2684
5846
-9081
-1772
7345
2619
8618
-6591
-9128
-1186
-343
9806
-9647
5576
-5434
9238
-7407
-380
-511
-4457
-7299
-1496
5260
-2997
9335
2929
9729
8475
-7240
-5723
-7817
-1033
9425
-6228
-1929
6480
2705
1843
1
-6363
2051
7299
498
-457
-2838
-3679
-1472
5482
1523
-8355
-5301
-8493
6440
5210
-134
3108
8987
-2540
1266
-3173
1008
9648
-4518
1233
-5520
-4951
-5804
223
8805
-8364
9865
-5200
5927
-639
7698
-29
258
-7479
-5312
-7745
-9149
7719
3878
-4476
-1407
-8367
4880
-8313
-95
565
5089
-1140
-5910
3882
9668
-8882
-7209
4808
2906
1068
5977
-7886
-4710
7089
-4967
161
-3253
-5828
7667
-7770
963
8913
-7170
-6170
3511
6251
-4935
1415
856
774
-2320
738
-8603
2585
-6031
4748
3484
9600
-7192
-2892
1788
4614
-1416
2450
2622
7786
6580
1839
-3913
-7487
8897
3439
-6890
-1412
6048
-9295
8677
8264
9118
5065
8442
7826
-1353
4909
-7403
-2437
2259
4006
-8860
3341
-3226
-6376
777
-1952
-6710
-4895
-4163
-3862
2980
-2173
3888
-767
5998
7245
-4503
2163
4572
-3170
4222
129
7584
870
-1992
2266
-582
1751
1099
4529
-1089
-5242
-3786
4189
7115
-6493
-8723
8811
-1303
-4308
2116
-6027
5185
2451
-5103
8841
-9698
3765
6575
9979
6085
3579
6494
4656
6167
-5549
9048
1411
-7311
-4264
1853
664
-1732
-4612
337
9691
5733
-5898
3607
-2936
4855
-7734
2500
-4045
9275
9684
2978
-2520
-1429
-2952
5852
-8606
-5894
-3218
4938
3659
-9327
-2314
8078
-32
-4660
-8799
2133
-696
-356
-8588
6194
1723
7631
-7446
-1471
4771
2582
2156
-840
-738
-3224
-1167
1111
5851
-5761
-8334
-2065
-687
1468
1668
-230
-6751
-6074
8757
1098
-8706
7187
621
5814
9533
1410
-2427
-3654
104
-4897
6706
-8644
2578
6107
2234
-630
-5246
-247
-6473
-4327
-4095
-1808
-9044
-3835
-2606
-340
3594
1377
-4592
8492
-1403
-3679
3263
-7297
3394
1274
-9308
2468
7196
8934
-4294
-4025
-1953
-9331
611
-7342
4103
8966
6215
-9087
-461
6153
7002
-4890
-7420
-1181
-539
-8579
9863
295
-6742
6955
-7384
8472
2653
868
-5307
-6221
712
3504
-8513
-4598
7499
-4286
-6662
200
3087
-5115
43
4064
2416
6043
-2666
-5919
-6238
1726
683
2757
3721
5497
9992
7775
8942
-4856
7815
-2415
-4708
5084
1171
8059
2876
7251
-7333
2502
-5434
6754
-4058
8697
-990
-7639
-3709
7741
6361
5867
-7864
-9224
-488
4775
-4900
-9925
-1579
-4092
-1864
-7004
3170
5033
5397
-3591
1495
-5190
9683
5220
2003
4512
-8065
-7774
-3834
-2986
9564
-5991
4780
2878
9885
-6747
4533
9215
851
1129
-3362
-7918
9243
7965
-7644
4781
8667
-5733
9741
448
-784
2324
8159
-5930
-1776
-8569
-4413
4358
-8543
-9395
-8650
-6341
-9081
3043
-5050
5770
-2696
3049
4880
4713
-9744
4194
-5754
-3682
-6534
-8813
4814
160
-9637
-4217
576
5600
-118
-1932
9607
9880
-5108
-369
6998
4314
7755
1369
-7945
6130
6362
5811
3076
3787
2290
7899
-8050
-7276
-297
8931
-6888
4705
-1821
-8750
1049
-9026
-127
-3221
-4252
-87
8555
5492
-8091
3288
-4888
2607
287
-8552
-2525
-743
3030
-8647
3536
-2526
9735
776
29
2256
-4527
5337
8209
-8495
-4182
-1298
4406
9462
-1224
5957
-8378
-2190
2761
-7592
-3299
-3318
8443
-1685
-2205
-3932
-6526
2448
-1825
3507
-4968
2607
6214
-6244
-9643
2952
2827
4447
2272
7583
2687
6575
-4891
5579
-2324
-5763
-5908
6721
1119
-5584
-1483
4546
2416
535
4648
-6289
7989
-3773
-7164
-1453
3251
-7021
8631
6878
4981
-3391
-7333
-8278
4146
-6883
7764
9909
1733
-7145
-7890
9682
-677
4672
4800
-5831
6297
-6523
3707
-8557
-883
7311
-6351
-3186
-358
-1982
-3888
-2994
4179
964
6783
-3992
-8742
7198
159
1834
4978
-5578
-4719
8550
-6512
9883
-2575
-9377
1221
8956
-822
3118
-4758
-3462
-610
6901
1049
8377
2673
-2256
-8609
2024
8637
-2288
-5240
-7328
1642
-5437
2616
-6632
-4694
9138
-2621
9796
-4777
-9632
-4721
1297
-6560
-634
-9639
4102
2943
-3262
-598
1967
-9546
7896
8254
6606
5728
-4159
422
-1026
973
-4623
8298
-4636
3794
-6759
-3571
9329
9918
5776
1246
5667
4587
772
-5054
5682
-1441
3237
-7610
-9637
4104
-2140
-2700
2372
7493
-8576
-780
1645
-9341
-4065
-6921
3999
1441
2504
-4845
7523
-4498
5244
5520
2184
-8758
-7661
-7617
-9386
-5016
-4656
5401
-9565
-8451
8162
4450
-3596
8991
5506
5522
5794
-76
2028
-9898
5755
-1838
-6408
-3270
-2823
4550
-1704
7874
-5415
8187
4633
-4904
-9990
-7980
-5351
-2545
-1901
1419
-8749
-1263
523
8118
4835
-2561
450
-7582
255
4191
-1285
-4026
-9690
-5028
2901
-2917
-8315
2803
-5025
-16
-984
-6019
-7762
-8684
5441
7480
-8702
9653
-7416
2261
-8696
4300
-1554
9565
-8822
7290
6295
4186
2703
260
178
9797
8761
8213
7038
-217
4834
-9775
3696
-2809
-7897
5074
-5509
-2439
-8460
4049
4911
-2188
4155
-5924
1229
8308
9994
-9233
2404
590
8712
2053
5365
5058
-2893
6273
6396
-1545
-640
-5323
5189
2736
-467
-8495
-7853
4995
-2994
-420
-6438
7112
-2445
-9320
-8666
-9883
-5634
6018
-5343
256
7529
3394
-3260
575
8556
-3045
3221
815
-8204
-6771
9370
-7638
2283
6337
7347
-4761
-7766
1527
-9970
2457
-273
8868
-790
-3010
-6235
270
5611
3120
-4329
-897
-9989
-3887
-2303
-313
3124
5019
-1036
-5482
-4851
4942
-2134
-9058
7161
5828
-9427
3653
-8553
2672
-7852
3616
3382
-7436
-7911
3812
2282
6000
4734
-9294
-585
8270
-3664
6834
4547
-6739
1405
5824
5460
8572
-3071
9221
9174
1406
2297
-555
7951
2063
-8300
1780
5407
9173
-8047
2344
3665
-6874
-3615
-7716
-9175
2939
3438
8716
-7082
6260
-3778
5332
6578
-4335
5915
9872
8821
-1714
1581
3701
6934
-1047
3231
4977
-1144
777
-4902
-2419
5990
7248
-9416
-5624
-8792
-7894
-1555
4495
-9450
-5081
-9946
-8056
-4849
9756
-4005
-3585
-2382
5000
4840
-423
3729
-78
-3573
5192
-2707
-8641
5509
-9914
4553
-7605
924
5153
9047
5637
-7665
5832
-5642
-4530
-7397
-2129
1055
2654
3961
-7313
-343
1243
-9123
3507
-1572
8818
5661
1989
-7710
5270
7046
-6085
7058
6540
2951
193
8809
-8880
-1946
4297
3203
2033
-1467
-7688
2946
3904
1718
8787
5557
4233
-7402
3545
-8497
-7693
8104
-7515
1523
5871
-6585
1541
-8290
-7485
-4648
1891
1405
-9289
5474
8249
4629
-9885
2319
9663
240
-9840
982
7972
6685
-3535
309
-1915
-8836
4114
5169
2762
-4273
-3044
-8917
-8901
-8397
-2089
5381
-5883
-1834
3771
-8424
6493
4073
-1693
7442
5654
-5522
3398
-7101
6884
4102
3529
-4119
2795
3908
7399
-6037
-598
3539
-2762
-3952
-1946
-9830
6554
5011
-474
2130
1378
-1752
-3158
-2829
4820
922
4772
-8925
-2534
5478
-9506
1109
8740
-7147
3555
5802
8170
-6970
-945
-2350
-7307
-2986
3224
8581
6223
-5344
-8322
9491
-8986
-3781
3908
-9826
-6424
2038
-5034
3338
-6409
2237
-5324
-5591
-3872
4244
4068
5142
8469
-1801
2385
4797
212
3753
-3998
4387
9728
7459
1615
-6816
-4656
4171
-6146
1641
-6694
5184
7428
-9658
-4645
4328
8035
-5214
3965
1272
-4175
-6141
-8381
-2956
5932
3821
-6298
-933
8279
6567
7544
-6492
9541
7149
6818
-8453
-7326
-8234
5083
2380
7451
-2957
-8889
-5744
-6869
-2905
7490
-1675
6008
-7788
-8536
-9992
-8424
9149
-9030
6794
-110
624
-3163
-9091
-9690
-2664
3879
-7476
2672
2195
6509
1740
-6134
-5910
4469
-6071
2579
-1890
-6187
-2331
9643
-6095
3327
4308
-8202
-348
8650
5016
-1812
9739
-2870
-8073
-3423
4545
-6640
-7858
-4159
-8288
-1997
-6817
5431
5198
8809
5931
-547
-6880
3385
-2132
-293
-5270
3419
9739
-3364
2229
4095
817
9452
7930
5244
6503
-5726
3657
7624
-5760
848
-3861
-3076
4400
3975
3847
390
-4416
9803
-5674
8212
-742
9615
-6972
518
3779
-789
314
7245
4404
-102
-7393
9118
-3773
4973
-8887
286
9540
6946
-8532
3063
-2080
5085
-6110
-3915
-142
-2792
-3867
1535
6751
-2748
1683
9132
-2485
-5947
-5826
-9094
442
-5875
434
-7081
-3847
-9736
1118
-8725
4838
1906
4685
2227
9249
-3357
2404
-2037
-4249
9020
-9839
3497
1105
-3421
-7282
-175
-450
6145
-2927
1323
-5388
4683
-1293
-4075
-8573
-2149
-6090
4082
3454
6113
-6386
5495
3076
-3648
-4294
-3973
-6464
3275
6516
7638
-5081
1245
-1681
6798
-6290
9792
6140
-7734
-6828
-2419
2626
-4799
-5950
-504
-9999
7030
6641
8639
-186
-1269
-5556
-9488
1633
-475
1594
5852
8617
4526
1194
-5932
1491
3180
-3256
-3741
8430
-8787
-6870
-4855
-9789
-8732
-7031
-2233
-1585
3506
2
5445
-5399
-1171
8860
5452
-9684
1359
-9304
9347
-3275
-1596
910
-1962
6707
-2184
5638
-8144
338
-9745
-6361
8290
-2150
-6036
1566
3493
-7921
-8078
179
-3904
-8731
8966
8470
339
9935
5846
9824
180
-1924
4319
3518
-1583
9525
-3329
2460
-880
1478
-1803
-4340
5483
-5138
8033
233
5871
4252
-8096
8401
-818
-1199
-8872
2793
-3379
7379
-603
559
-4224
7508
-1734
1859
4441
8718
3016
4118
-9681
-9865
-9036
-8532
8757
9525
9133
-6660
-1838
-5122
-776
9130
2786
-6262
5066
2713
-3029
4426
6228
5494
6265
1978
2726
4314
-5631
-9330
-6666
7424
-5813
7748
-6859
-6287
1431
8811
-2667
-6455
-3744
-1440
112
-8336
5685
-1736
3072
-4451
1168
-6085
3325
7541
5048
4523
3445
-2650
1042
-6444
-514
-5215
7130
-2739
252
-91
-7740
7664
-9246
-67
-4009
2268
-3972
7016
4058
-3572
1978
-4000
-8567
3741
5464
-1379
-3022
-2437
251
9863
-2837
8449
2453
3851
-1875
6810
3831
-6420
9783
-5830
2329
-4156
5888
-6164
7049
3619
-18
5940
-9476
-2468
2014
3277
-8735
-4376
5615
-3134
-8784
-13
-4377
6833
9691
-5911
-5964
-9146
-9259
-3848
3439
4212
-8055
9752
7049
-3658
-805
-5151
3586
5125
4761
9747
5331
-5680
6202
-7428
-2730
-9714
-9110
-5525
3968
224
-8954
-7541
1525
1590
2889
-7212
7462
-424
5222
-2172
6845
6908
-533
7761
-1476
-3453
-1270
134
2460
-8635
-6009
3371
-3722
9671
-7179
-6596
3854
5837
9490
-6637
7980
2933
6823
-1337
-4033
4789
5348
1851
6542
1064
9265
7916
-3367
358
-6885
-4779
8860
-2671
-2114
2877
2939
5247
2375
8923
9174
-5090
-895
-5186
-3984
8179
8552
-3944
-3611
3781
8246
-8837
-6043
-7345
7841
-3033
-7029
-5107
-8662
-6072
-8863
-8327
4563
7899
-2779
5782
-7958
9454
1754
-3462
3838
-9329
6888
9813
-8442
-1186
-6148
4568
-7814
9750
4238
-9923
5239
-5536
-4600
-5133
6769
145
1549
2404
-4640
-9403
-856
5712
-9092
2287
-6111
2962
-3685
1280
8125
2652
-9696
-4150
4869
-6976
-455
5066
2276
3263
9748
9564
3715
-8712
-2411
-4280
7500
-4683
9057
8290
-1998
2152
-6162
6985
-6059
6070
-7087
4656
-8538
4270
795
-8446
5311
-6475
-8168
-1251
7472
-4936
2394
-749
2164
-9543
-1327
-9094
8306
-743
1566
-257
7968
1684
-9206
4718
-8527
8226
8092
-6716
8092
3197
2478
3459
-4666
-1667
1579
-1697
2364
6000
-7352
571
-4165
817
3430
-3928
2130
-147
3158
7571
2939
4645
4701
-3955
2793
-9648
7795
511
-6362
-8211
-6830
7625
-8137
-1340
1031
8515
6789
2295
4585
4939
5984
4871
-2908
3057
-9519
8346
-4624
-7019
-9862
-142
-7773
-508
-9855
7176
9438
-8013
-1455
2726
9016
5507
-4080
3252
4431
2105
5321
-7926
3441
-9542
-612
-5575
-4973
-6458
8231
-1545
4878
-8940
526
-9332
9480
-9899
-2097
492
2136
2770
6571
2552
6020
5967
-7478
-5452
7842
7511
-9095
3559
-3244
1894
-873
-3153
-24
2413
-7627
-8294
3286
1572
5988
-5994
4425
673
-8958
-8838
-1978
-7031
-7898
-976
-1636
4771
5099
5938
3593
-7507
-4588
-7183
-4349
-8241
506
-9789
8028
-7464
4792
3486
-7459
-1318
-4448
5645
-6117
-2843
-4979
-749
1777
-2145
-8907
-9753
4729
-8015
6204
2458
-7753
-3502
-1610
-9592
-6815
-8910
7798
-9107
-5957
-4089
2665
-6487
-1866
9405
-5856
-4963
-8319
-9350
2824
-7804
8108
3800
1056
4309
7706
4881
5357
8333
-3557
5846
1443
-3139
-8350
1061
3846
-7132
6373
8833
-8131
5947
3581
-9679
-4139
84
-6017
-9193
8268
6289
-4535
-43
-7939
-6278
-9761
4627
6732
-7005
-2533
3812
-7885
-2827
-9801
-1928
9823
7762
5221
-9978
2122
-6030
-4840
-3914
8990
5355
-2042
9611
4600
-7784
-8462
-2018
7414
7486
-3779
-8481
165
-6993
2675
332
4968
-951
-9362
2428
-1894
-7863
6782
-9794
8275
7251
-1035
-91
3091
-1499
-8471
4505
-4759
6326
2363
2883
-9519
-4081
-5604
-1774
7469
6012
1093
-3540
2159
1604
-8650
8042
-7085
-1291
1437
672
-7776
5400
-856
3187
7095
-6654
6806
-3549
-9772
-8422
-299
6866
-7464
-3165
-6417
-9969
-5876
-6281
-1329
-7039
-3074
6505
-3495
-8894
-8583
-9408
-4884
-1430
5067
-5949
8183
-3681
2406
-5803
7607
-9841
-8931
3627
1793
6017
-2917
4883
5604
-7480
-8870
4704
8035
-3423
-8972
-3287
6475
7066
4547
9565
1875
-6411
8612
-912
-1339
-1953
-1723
-1750
-3351
-5367
-1551
1501
-4887
1470
8773
-5443
-6709
-939
-1759
4491
3353
4106
-7445
6614
2410
-7301
3087
-6214
-1894
-9783
-9307
5942
-891
-6702
-5505
5194
-5410
8775
2489
-5314
-8187
946
6245
-708
3525
-4369
8798
-9215
9217
3478
-543
-4507
-6343
-5108
-2409
5085
-507
8519
893
-108
-9067
-4885
1944
-1759
-5601
1178
-5701
-4957
9886
723
5675
7174
-6358
2572
8894
-5807
3902
-2445
-1465
-8894
-481
-8756
-7312
-1869
6011
607
9420
-561
776
8645
-2124
-5496
-3306
9970
9429
9539
-6940
-9995
-5739
-6031
-8461
9803
-8155
-3040
7325
-9546
-1139
7643
-7872
3776
-5715
-23
-6261
-1790
-4320
7683
2131
703
6610
2763
-7815
1919
-6104
-9292
-4909
3374
-6148
-1108
2624
-5637
5112
-9872
-2921
3632
1476
4078
-939
-1687
-581
8290
-3934
-3139
-3715
-8993
-6405
-8454
-965
1953
-2308
-4096
-7115
-2121
-134
6218
-9316
-1993
8704
-7946
142
-3007
842
-8849
8506
-7934
-2608
-2605
-7315
-1091
4589
8917
3975
-9027
3115
-3795
7591
8001
5832
7430
-6610
-3439
6291
2838
2970
9645
9158
4960
8571
-4226
-7809
6861
7820
-3157
6387
8089
-8015
-6994
-3755
4126
4233
-4876
-4099
-635
4366
9752
2624
7759
1505
-8809
-6568
-1059
-9466
-1594
6420
5033
6187
4010
780
758
-3060
249
-2448
-1189
3863
1706
-9806
-8488
5761
158
-4392
-8314
-1906
5756
8764
1132
-1209
2956
-5878
6346
-3610
6347
-9553
6969
-604
5293
5314
-3921
-4177
-7111
-969
2013
-8392
-4462
-5876
-7252
-8215
5369
8460
9225
1340
-2533
-5383
8698
-6685
-855
-8605
-4844
-6252
6980
9478
1937
5802
2660
-4037
8241
-1142
-4907
1421
-4620
8477
4113
-6870
-5242
-7482
-2600
1305
8970
-6159
-7863
-6952
-3978
2215
4482
-4820
5312
2716
9790
6382
-5813
-2868
5672
-2681
9092
-3424
8996
-9888
-2421
-7071
-8678
-418
3469
-644
-2908
3327
-5308
-5139
-966
-2619
-1759
-1092
3896
3278
5424
477
-620
6720
739
-343
-6776
6871
-3182
-5018
1263
2298
8451
1236
2541
-4186
-6512
3156
-7804
-5288
-4622
8425
-1794
-9050
-1048
8469
3432
5521
9272
1422
1776
3767
9835
4174
4969
-1521
-3118
-5121
3636
550
-6926
6666
-6166
7910
-630
577
407
7665
9654
-1917
-643
-1397
7565
7853
4878
-7095
3939
6558
8716
1829
-1118
825
-609
-5132
-7798
-1682
-9358
-3453
9764
695
-3312
-7032
-1259
7323
-6194
-6649
4472
-3592
-211
-5208
9058
-3085
10
-9506
-8193
6505
6174
-1943
-6032
-8181
-6733
9224
3145
9073
-1570
-4132
1965
-9336
7998
-5308
2192
4459
-2097
-1954
9910
-362
-5980
2307
-739
9826
8465
-4591
-8615
9361
-4155
-9683
-4906
-2921
-4601
-9394
-4827
4487
-9194
902
3419
4969
9994
-8739
4647
9787
-4313
4286
-8687
-795
-5901
-721
-6205
4171
-2309
-9187
-1998
-9200
1195
-8132
-8604
-6517
1464
-7293
-3843
484
-1052
888
8895
914
-1628
-3237
-1517
-8236
3019
1042
-6756
-3390
2605
739
4199
-9701
-3161
3006
-5097
-3299
1218
-9595
8445
8973
5230
628
6846
-6708
7846
2244
-6008
-9136
3403
1905
-5165
-5818
-1700
-3624
9332
-623
-9616
-3766
-5747
2284
1677
-9625
-3665
4381
9958
2996
4381
9361
-5439
2420
4280
3926
6956
-2675
-9474
-569
9097
5707
1827
-9551
3895
2515
3391
-6731
3097
5556
4597
6116
-4198
7840
769
-2823
-2975
7904
-3193
6214
9448
-4690
-9908
7146
-1005
-3357
3570
2676
9171
2896
7198
3881
2333
3402
9968
-7227
5513
-4632
8522
2535
-4568
3807
-4881
-8164
3115
-6927
732
-1506
-9208
3140
-933
-3091
7187
-1439
1433
-8217
-1524
-6125
-6677
7564
659
-8683
1618
2057
-1382
-8038
740
-9857
9482
9808
6324
6626
7191
5136
-529
-7051
1545
-9131
-2063
-7037
-1377
2125
-9099
-7864
-1415
-7699
-5779
7981
2158
-8213
5783
3416
-6761
7207
-6356
-3391
-1649
4368
9951
-2589
-8494
1816
-2592
-3576
2879
-9010
-6671
1215
7718
-1220
-8878
4450
-93
-7479
-2111
4275
4126
4657
-208
-1169
5464
3295
3696
6918
-3336
-5903
-4368
-3106
6471
3961
5684
431
-82
4053
203
-6628
8337
-3643
-9101
-6497
2055
2030
6758
-9269
8201
9097
9393
9054
2085
7634
3691
-7961
1204
-2267
-7029
-3728
6453
5668
-2556
-4868
3715
9957
-5645
-5600
-3460
232
-2927
-2243
-3109
-3909
6291
-2721
-7015
-6586
-678
7691
-2118
-6447
-2415
-7079
-9623
9983
5868
-8402
7630
-5411
7905
2936
8827
-6756
5550
-5816
-1680
7728
2557
-9300
-1997
-3774
-6382
2045
3171
6024
-4016
-9869
-6517
-9395
4146
662
-2992
2495
9655
5961
-7325
9369
5769
-6225
4608
2026
3092
2887
1156
-4193
-4769
8506
2393
7201
-6975
-8968
-6228
1982
6268
-8605
9912
4017
9377
-8870
-395
-2585
1973
-4169
-3151
6128
-7264
37
-4870
5348
4362
5441
-61
5803
-4993
-4398
9632
1728
-1185
-5073
-7067
-4489
-2101
812
-6153
-1815
-5337
-6660
-5899
-4035
1641
-6358
-4417
-3479
3429
-5906
1424
750
-2521
7470
-951
-2200
-100
6099
3685
-7387
5649
3764
2502
-5460
-8474
-4560
-9312
-7053
4026
9238
6526
-5672
3832
-5508
-2701
-4643
-3348
-4164
1609
-2574
1659
554
-6145
932
-7898
-1788
-6401
5214
4285
-4958
6434
-4647
3679
-9732
7361
3139
1125
30
8871
-9768
-250
881
-7959
5834
2565
1930
8742
-4025
3240
4075
-2799
1600
9869
2589
8364
3480
3093
-5142
3483
6438
-6220
-2962
-3190
-9354
-4471
115
-5234
9454
-6404
-6121
2547
7126
-5337
-9226
8484
6517
1288
3937
-5655
-5816
-7053
-8049
582
2992
-2832
-7143
-3419
828
-2677
258
1530
8546
-5761
6524
113
601
7846
2704
-1983
-2775
3242
764
6507
4690
-3247
8340
-3289
1638
7277
-9805
-5741
5780
8582
-6748
9896
-8136
-8723
-4530
5193
-3625
6016
-9906
-6129
1650
829
151
7888
-8134
3559
7948
501
-9842
-8232
-4051
-952
-4392
-9950
-1425
9700
-9798
937
-5348
4987
5415
8323
457
9071
1845
5082
-8091
-2515
-2443
3270
-56
6268
1047
6809
5200
-6786
2765
142
-1360
3992
2747
-5948
4415
5488
-3226
3680
3398
-9771
2406
2017
4987
3963
4253
-5104
-7633
8090
7673
270
-6474
822
-3130
-9340
4107
-3968
-1164
5444
-2530
4427
4111
8897
-74
-5602
-5610
3700
-6230
-4282
7363
1092
7749
-1135
5843
-2523
-5186
-3462
-2283
-6444
8040
-9560
-4661
9636
228
8622
828
-5348
5977
-612
7510
7661
-8002
2559
-4907
7729
6284
-3987
-8046
-8808
-3114
-1165
-1581
779
9904
5973
-2891
1297
4149
2353
-7667
8490
7922
542
5282
3723
4784
4059
6613
-2254
-9608
2907
8642
635
-457
6707
5444
2844
6494
6295
2951
-2623
9293
-8525
-1517
-4127
-5792
-807
-7288
3832
-985
8599
-6972
-4396
-6218
-7196
1951
6148
1972
-1432
5289
5634
-2803
-2059
-800
-6163
-9252
7452
-4893
-3074
9371
2284
-3230
8628
5180
-3911
-8338
-2703
-362
5728
5233
6453
9831
418
-7490
4894
-7302
505
-7788
9408
4803
2167
-2556
-2726
-9336
-6021
-7901
-8697
1520
9811
1219
-2462
6729
981
-1533
-3208
-9835
-4141
4597
-8845
746
3822
7765
179
-3018
-4730
3202
-1869
898
-4967
-3434
-7209
3464
-1779
9598
8383
253
2127
667
2612
4529
-3345
6103
4310
-1537
979
-7176
924
2432
9459
4379
2329
-2548
-2836
-7374
6113
-1213
-2442
115
-7312
3186
-5383
-161
-1853
-1849
297
5380
-6837
4663
-1833
39
-830
6247
2534
5349
-6167
6879
9794
2532
-30
1568
7016
1523
7644
-6873
8054
-4757
-4685
-7277
791
2848
9731
-6747
9112
-7999
6902
-4306
9828
3696
-2014
-1074
7787
7516
4090
5271
-2440
-1647
-5322
-7353
3924
2158
-8032
9462
-7416
-824
-7617
6048
6218
823
-1587
-6474
9844
-6177
-4583
3515
-8599
-2725
388
621
-8580
6448
1005
8389
-49
6599
8068
-1834
-6156
6148
1160
1528
-3535
-9921
114
5418
-1332
5240
-2520
-6113
-1790
7539
3890
5020
-8699
4270
-8031
-7952
-4835
1916
-5341
-4335
5746
2818
552
268
7795
9662
2595
-8924
8478
901
9274
8369
3111
1156
6792
6970
9520
-735
-4706
-5239
-1098
456
-6930
321
6175
-2071
-7448
1724
-1728
3234
-3758
2525
-9534
-6963
-7709
-5019
7281
-1112
6125
4206
-2400
-9857
-9015
-7547
-602
1930
8459
2073
-6806
-2961
6807
501
-2970
-3908
8089
74
4910
3152
5630
3989
-7377
-9146
4431
-6829
6661
6707
7140
-3478
7748
-6489
-7694
5126
7949
9269
-1096
4595
1198
1496
-5194
9049
4523
6639
-1476
2622
-9985
6579
-2723
7500
8765
6919
-7848
-9642
-8061
-6454
-4068
4926
3171
-8567
-3165
-8106
-100
-8030
7484
-6338
-5519
9366
-4723
1449
4510
1417
3893
8708
-3821
-4694
1264
-674
7772
-6792
9452
8951
5542
6271
-5847
-1558
5755
-5859
-2063
2721
-3317
-5888
-3076
-1780
-834
-9040
1410
4591
-8467
950
-9316
-6324
2980
3330
2654
-5934
8999
8372
9072
-7626
-6758
-284
-9499
-4430
-975
829
-9235
-2166
1151
5134
566
3137
6440
4219
-7406
-3433
5377
2922
1404
-96
-5939
1328
-5577
4800
3169
4384
-7681
-2189
8224
9445
5111
-7821
-419
-242
3001
-6473
-7469
7523
7542
-627
4793
5735
-5806
-4413
5165
5926
-8863
8783
-4442
1630
-1610
1448
-4440
-1863
-7678
-2086
-5832
8419
-8537
-3761
381
8343
-5308
-4905
-5011
182
7489
285
1357
-6877
-7297
-7177
1461
8055
-7860
-7383
7167
-5385
-8558
9166
9471
-2377
-3191
-4437
1749
911
-5335
2473
-2362
-8317
2596
-8462
1911
6848
9205
2287
-3607
5582
-8948
-3892
-3463
-6964
8089
8293
469
5239
3829
-6039
4104
-6915
-7031
609
1008
-161
-1142
427
-5955
4051
-2151
886
-1524
2590
-366
5151
-6273
-2242
-980
3027
3482
1499
-9071
9135
-5571
1075
-4383
3985
1632
-8829
401
-6872
9334
1416
9702
-5527
-3619
4511
9961
-3381
-873
877
3962
-4889
2502
5460
4711
-4722
9136
8793
-5734
-7963
327
5251
-659
403
7179
5558
-4553
7219
-6408
-131
2192
-8012
-1226
-4569
-5401
7408
6096
-3372
9772
6153
-9366
5862
-979
-6370
5647
-5176
-9699
-8776
312
9784
-8549
3406
-7219
819
-2106
-3822
-9375
-4803
-3950
-6570
-7690
2323
-3460
-878
-3274
-4539
-2252
-9237
-9029
-2589
8028
-9611
-5063
5619
3354
6218
-3634
-9352
1823
4937
56
-3933
4636
-1233
-3799
-20
7290
-8215
2864
9794
1511
2601
9523
6546
-6214
-2428
-9782
2063
-17
1894
2693
7663
5812
-1373
8618
7345
1761
-7749
-8145
7145
-5308
-9019
-3589
971
-8458
-3143
7479
-5807
5871
5236
-8926
1081
9077
3048
671
4987
5267
8475
-9483
4728
-813
-5132
-1379
7851
3331
-9296
9569
-8327
9850
-5727
-3530
7229
8143
-4559
-9599
-1608
2520
-7800
-9147
9649
5502
-9273
8126
2978
-6117
-7621
4737
5713
8314
-441
-1151
1546
-2342
3845
-4372
-9406
5653
-672
7295
-9180
767
-4682
4460
9521
8759
4357
2539
-3640
-9468
8825
-9276
9747
6901
-7545
2597
1502
3468
7583
1894
-2176
2074
9242
-6638
-34
4884
-4303
6298
2091
2120
-8954
3193
3507
-2925
8000
-3434
3659
8802
5707
-9725
-7395
-6198
4709
-4599
6460
-998
4068
9300
5714
8736
-5674
6318
-6450
7840
-6872
-5730
-6688
-9132
-8179
-926
-728
-4129
-3794
-4545
306
3977
842
-6028
5390
-8118
2145
-9914
-6794
2073
3953
3347
-5324
2952
1926
7241
-6418
-8040
5318
7554
-4313
3895
-6252
8447
6419
-3641
-1592
5512
-5298
9675
6700
-3846
1477
5882
-5027
7226
-1287
8763
9513
-3932
-9199
-5479
7876
7149
-6453
-3529
4789
2907
9990
-3743
2668
-2829
-940
-1421
-5864
4590
-6527
4225
-9258
3038
7933
6018
-389
4200
945
5970
2292
7554
-5820
-7887
-29
9097
3453
4711
-6021
5308
3794
-9024
-4109
-5956
-2328
-1252
-6556
-9363
-5613
7196
8320
-284
4211
-9341
4953
1512
6681
5724
-8585
-1209
7661
1410
-8587
5206
-1881
7173
3802
8341
6763
4578
-1085
-7214
-990
8594
-8649
-1772
-2472
6148
-4352
269
5746
-6333
-403
5594
-8129
-9195
549
-1573
3127
-985
-6940
5807
1720
-4179
9990
7190
1516
-7132
-1245
-8098
-5892
3708
6732
-9888
6855
1724
5628
-3350
6797
6996
-3809
-17
-581
-1653
2680
7838
-1213
-8677
-7651
-7728
-4209
9014
-1156
-711
6362
-2250
8502
7339
4545
-8434
-4345
993
-3086
-5006
1290
-1306
5804
4904
1337
-6467
-940
-3528
-5036
-2962
8603
-4681
-6103
3996
4010
-1088
6412
-2013
9565
-942
6243
6389
3196
1395
2786
6317
-2225
-9294
8377
9498
6901
-3149
6948
2357
-3132
-6366
-7197
4994
-6873
556
-3332
-7325
1549
7872
-5057
-2558
6466
-6165
8019
1082
8574
-7647
-1201
-4241
-7893
-4841
7549
2682
7505
-3424
8852
-5860
-8433
1747
9536
-3485
2609
8998
4884
8416
-8005
4114
1615
9440
-8073
2971
5369
-1148
5262
-3562
8751
-7305
3821
9150
8264
6910
-7888
-5707
-4279
7361
4337
5093
-7642
6556
8959
3523
8829
-4716
5498
-7408
9295
5758
8694
-7547
-4841
6796
946
3095
-296
-1537
8102
2166
-9068
-5227
2964
4134
3711
8078
-930
1837
-8364
9204
4297
7795
-5164
4472
8823
4821
7797
-829
-9541
7502
-2531
-8132
7391
147
5171
-2683
6576
-6853
-3281
-7177
4260
2433
1853
-7823
-4903
4012
6920
-1077
6351
7451
-4218
2855
-5526
-8746
-9816
4828
4353
4505
8916
5074
1168
2724
-377
6554
4804
7843
-4982
5141
-2027
6161
-6483
-7956
-8336
-1812
7138
-5946
6697
9319
7894
5740
-2614
-7465
