11800
5421
6758
-5480
-2473
9077
9697
-5989
-7608
7258
-7261
4272
-5197
6528
5452
-2345
-3107
-2699
852
4453
-4508
2981
-4262
-1571
-1736
4979
7064
-3440
-1868
-8637
-7104
7806
-9209
-6866
7251
-8237
-2365
-6402
-9037
-6530
4460
3788
-8508
-7470
-8642
-1781
-2710
-5197
-2158
8258
-3243
7576
-3449
-2567
6403
-6697
-6726
-2792
8353
-655
5158
2617
-897
-2802
-2653
-9271
-530
-7072
3563
-9209
1048
-6767
-9583
-9617
8087
439
1420
-170
-5513
2839
4698
-7269
9058
-5831
-8813
1974
-2
3230
-1319
-8489
-7150
8055
-2939
8181
-1768
793
117
319
-7254
-9955
4515
7549
-7641
4289
-9549
8585
-4240
-4687
-3862
3701
-2058
6156
-8125
8603
5359
-7821
-7387
4934
7277
-6907
-4452
-3529
-390
3572
3495
5023
-1106
708
2894
-6824
4734
3706
-6510
6912
4957
-130
-5931
1933
7964
-3258
4584
2717
2433
-3207
-6554
542
-3817
-5267
3271
-377
7466
-5264
-5924
-2433
9143
-5546
-3924
-2140
1813
-7127
3187
-602
6574
-8692
-4659
9482
-4818
6813
7436
2906
8070
5963
7551
4407
4482
-4500
9429
-5922
-5308
2356
7464
2931
-233
-7816
4158
-4596
8366
456
-1602
-4379
-8273
-5758
-513
-9667
8169
8962
-1385
3379
-6603
-5934
552
4611
-8910
2614
7363
7668
7106
9989
-2568
9211
7661
-2923
-2487
-8992
-9
2088
2598
-2980
8257
3784
8065
-207
9625
8748
1241
1344
8017
-2879
9571
5601
8181
-7
-8778
-6925
-7541
-7916
5468
2903
4114
7741
4718
-9444
3131
6459
4000
5433
-2713
-6580
-7389
-8401
5591
5024
4532
9978
-6930
-2861
-1718
3690
2455
9707
-3430
-323
-2172
4745
-2032
-5284
-4838
-760
-2311
-315
-4021
-7270
1696
9764
2516
-2633
292
4815
-9673
7553
-5805
251
-7724
-129
6175
4467
1924
-7851
6933
-6655
-3240
8588
-1452
-339
-8167
-7782
6528
-5188
-1912
6447
4365
-9498
7378
-5111
-1121
-7461
-3124
3637
-1832
6067
5830
-4412
8022
3154
3854
7424
8839
3427
-5176
2661
8711
-1239
-335
6136
-2530
1178
4414
-4858
8293
7691
-968
5683
-3213
-906
2204
3146
-8826
-1814
2406
-2005
7210
-6021
-1582
1024
-3697
-8534
-6492
-1274
6971
-9490
2193
-8197
9733
947
-665
3962
9692
4268
-3013
-6940
-3966
-4189
3214
-1726
-1125
-7271
1872
2851
3487
744
-9864
-3312
3447
-8580
228
3502
7498
7366
8063
1137
-7505
4833
-7152
1411
-1758
3574
-4726
-8580
-3740
-3339
1686
6131
-1163
-3584
2114
-2644
1773
-9183
6421
-6664
7259
4438
-3302
-8376
3233
6549
9419
6399
3157
-1677
-2513
2203
8926
-3873
4652
7029
-2301
-4290
-9696
-3639
1896
2549
8083
2679
-3715
7057
-1006
-1335
162
502
2604
3500
8935
2291
5010
8768
8190
-5497
-2256
-8981
-3857
3117
6551
8104
-2463
-6517
-8315
-306
-4816
1400
7497
-8355
-7927
-7571
-5993
-2291
-7241
-2225
1284
-6178
4798
-4952
-9184
-2495
7884
1035
-6238
-3547
-3641
3511
8135
7312
-5063
-3013
-5359
9904
-7029
-8131
7729
8412
4580
3010
5164
2167
5406
437
-6973
-2621
2937
-7638
6904
8130
503
5669
2590
9531
8586
5339
-4843
2391
5177
-8881
26
-4084
2344
7737
153
-9082
6481
8027
9018
8030
6059
3667
1849
1025
7798
-164
-6698
-5114
7162
1131
6516
-3075
7998
-5757
4773
-4565
-8467
-2038
-228
3431
-9290
-8891
8759
7588
-6011
1425
-9465
8737
-2253
8093
6149
8507
5477
-2322
3090
6754
-3830
-8841
-8957
1804
-3159
8498
-4667
7881
4785
-813
6478
-2393
2602
-8075
-9309
-5393
-1028
8840
-1198
-1232
5238
5131
3886
-9935
7034
6891
-505
-7868
8725
66
-1102
4565
6455
-8516
9599
-5734
-2099
7709
1850
3651
8163
8213
3957
-9440
-3728
-3309
-3328
-8585
-9130
4219
-9863
2948
-5957
-4901
-1564
-7421
1449
-6959
7061
8651
4710
-1014
2797
1582
6152
107
-72
-4336
9229
7205
-3775
6870
-4401
-1281
-47
4329
1306
8634
7320
7544
5316
1415
-6290
5212
869
-4955
-5778
-9990
-1281
1552
-7309
5070
-6777
-2171
6259
-851
-8935
-86
-4066
-3544
2596
645
-2555
1035
2250
-7571
6052
6379
-996
-483
-6868
-9711
6679
9261
-2516
5238
-4130
8395
2521
2036
1771
6427
-5885
-155
-6556
2787
5147
-25
-5977
-8879
6702
-2360
5026
-783
9311
-673
-9208
-5213
-1650
1294
3436
-9761
8442
-3515
1777
-1390
4160
9840
634
-5155
8643
5146
-3924
4429
-3645
-218
-4500
-5997
4932
4122
372
2275
-3135
-2802
3446
2739
9966
-555
-1058
2285
959
-2114
2877
6783
-5562
-2430
1263
2196
8775
-4576
-916
-1160
4736
-1116
-8592
-8276
-5946
-8293
2369
-5262
-7008
10000
8300
-5514
640
44
4696
-9415
-3738
-3148
3209
-3717
-6659
-5740
1528
-4826
-6571
4278
-2428
689
9444
5504
-4509
9859
5168
7520
-1513
4086
2612
94
-104
1994
-1678
1983
775
4527
-3901
-9408
7434
3381
6000
4473
6868
3008
7128
-7902
-7692
8059
3185
4550
7585
7458
-4607
-9205
-5396
-2780
-8190
-8478
4636
-568
-3502
-9788
-5342
1235
6003
-1022
9972
2905
9724
2206
-5473
-6012
-4123
-6253
3956
-2505
6497
-1465
7317
2801
-6403
-4603
8135
-108
8821
-5840
-2566
866
8383
-3807
-9454
1271
551
-7965
-3164
8187
1134
2602
-5049
3129
1985
-6686
-590
8093
8523
3719
-3115
-7731
2074
-5107
5781
-2046
-2349
-3250
2093
2564
3060
-8668
-7897
-2354
-7098
-2774
903
-5525
-1257
-6246
-657
-1075
-7370
9383
3938
5031
-2908
-582
5218
-3158
-184
-9780
-5360
8478
-8929
2890
4089
215
-7300
-2948
7289
-6146
8970
6997
3539
-7497
-6030
9243
-8618
-3883
-9401
-9512
3160
-5373
-7804
-4879
-5662
8452
-8841
3585
6452
5074
-5934
-1593
-7765
-6938
7550
-7801
-3972
5530
8198
-4942
-4217
4016
9698
-910
2238
756
-4507
963
5086
784
-9873
9704
-7505
9408
-6045
-5924
-1554
1713
-1684
2382
-4951
-3645
5727
-5802
-8917
-2108
-6217
-1035
6483
-6363
4227
-9998
5101
-344
-6909
1086
5347
-4868
104
410
-9443
-5331
5013
7063
-5561
-2934
3459
2134
3152
-6384
-9453
6414
1163
-3088
-8723
6134
9757
-2405
-4716
-5994
-3740
6760
5618
-7181
-8304
986
7811
6473
63
7339
5588
-4641
-2644
7793
-4454
-7748
-8912
3959
2549
4882
-7092
-5245
-2981
2398
-9945
-8782
-594
-4076
-1142
-7241
-7123
3767
-7416
5300
-1451
3741
-2941
-4729
6785
-1406
-1163
-7706
7038
7675
3756
-5525
-5283
-4223
-5484
-3170
-2163
-5238
-9554
749
4738
3144
173
3035
-1933
9953
-2844
-6751
-7497
7675
-4316
-7469
-1654
-1747
-9785
-2413
7652
-6356
4841
-4686
-1697
1679
7480
-4399
-5420
5749
2348
1348
-3211
-2624
-8771
3015
-95
-1681
-6307
7821
-7670
2504
9682
5999
7255
5892
-5253
-5657
2990
-4866
-7061
-4622
-6140
-8062
-7772
1669
9684
-6205
5233
-6340
-450
5330
-5002
2379
-9976
-3771
-9430
1946
-3111
5978
-6676
6380
9462
5496
9284
3441
4147
150
3350
171
4850
-3346
4983
-5764
507
7842
-4769
-1828
-8220
6101
-6415
1374
-6330
-3404
-3677
1836
1624
-1849
-1433
-6853
-849
-5323
5118
6655
9133
7898
-5251
-8686
9536
-8520
6510
-1109
-2607
8363
7551
5737
-6256
2215
-3766
4472
-1312
7084
-9867
4289
-6940
-5052
1551
-4159
1960
9141
-8329
1158
-6626
-630
5658
-3640
4236
-6197
7739
-8173
-7068
-9492
-3766
2531
7171
-868
-7817
-9497
7583
5261
-3826
4223
-5007
7399
-484
-6655
9705
7988
-3755
7744
4548
7424
-2006
4526
-785
5519
-4846
1550
-5464
5905
3112
4392
3301
912
1269
-9529
9440
-1550
8812
-9675
3336
9841
9214
8936
6489
-3086
5546
-2394
8974
-1683
1714
-4789
8084
1440
-7234
-505
4524
9192
3782
6014
-3173
-1065
-1432
2172
-2734
-7858
5764
-9001
-9671
8996
3780
9320
9954
3428
-5008
-3988
-3896
-1796
9117
-1369
-3726
-2430
-1718
-8660
239
-102
-2491
3693
-5956
5767
4318
6291
8308
483
-2781
-486
-334
2460
-649
-9306
-2406
-3190
-3758
6321
-8812
-830
3707
4698
5897
-2749
-3381
2249
-2184
3339
-8988
-2035
658
-167
-9682
9034
-1689
2597
-7988
-7063
-4830
9842
-2520
2710
2752
-8553
9974
-7452
9362
-1711
-2904
7534
-2282
-8533
5390
-1421
-4927
-4870
-8173
5134
9316
8716
-4262
-4394
5870
9019
-4624
179
2787
-829
-4281
-4634
-9203
-2958
6655
8631
-171
4888
-9708
-7653
7569
3887
8862
2112
-7932
-2752
-9261
3530
-1459
7199
5681
-7861
7957
2411
5981
2769
-6843
1369
-9106
2157
2927
-9489
6344
-3688
-7493
7231
6309
-270
9173
-9609
7045
-2581
-8061
-5692
2238
-8080
-7112
-4590
9919
-6286
-4567
8178
-2876
-5824
377
-2491
-6070
-6545
-4583
-6739
1700
-4515
-7099
5890
-1174
622
-6034
1472
-4487
5114
-9499
-7297
-4345
8686
4305
-6756
-9658
7946
3931
-1186
-7045
3990
-7966
9564
-4635
3427
8911
-4201
140
-3910
4628
5798
6365
-2892
3374
685
-464
7452
6790
1504
979
9274
9682
-2842
-175
-6325
909
-5702
506
7244
5686
-5568
5871
6952
-1427
-9158
8103
-455
4948
-1379
7800
6005
8814
9578
-9414
-79
3510
-9409
-3935
-1795
-5821
-3697
-5225
-7280
-7059
800
-8515
9627
-7540
-5182
-4499
-542
-9264
2275
376
1484
722
3398
-8534
-254
9832
2743
-4252
-1513
7445
7845
4559
-9256
8175
2298
-9002
-9064
9983
3165
9937
7912
9478
-6703
-4838
8535
-3732
-5929
2043
4977
-2348
7329
-4683
-5232
-6120
-6155
5673
-8199
6877
-5190
-2478
-229
8765
5468
4204
-3932
-5961
-8820
5675
-9508
-4689
3560
-8195
-7741
-9632
6305
2778
5235
1649
2152
331
2102
5941
3540
-2479
-7167
8456
4268
-646
8528
-789
-5155
-8930
8196
-8607
5763
-5011
-9878
6069
-5160
5797
4912
-5404
-2124
6274
2067
-5474
-2418
4285
-782
-9979
-1126
-3694
9102
-8388
-6587
-4573
-7091
-9740
-9227
-5337
-8555
5128
-7227
4270
7868
2604
2195
-2830
5777
-1050
6669
-4189
-2170
6854
-9968
-3986
-8301
7352
257
7395
-2909
-5715
5647
-4378
-8659
-4024
-7640
9077
-1665
-4061
1787
3684
-5069
6782
8205
289
334
2809
-6347
2879
-1080
-830
-9294
-6586
-4108
1048
9000
-2184
-3822
-8028
6941
-9878
2456
-1531
-6213
-742
5978
-6226
-8416
1037
6491
-2838
5915
946
2397
5804
-6967
6231
2155
-1341
9341
2926
8741
-934
6851
-2750
7418
7586
3649
5996
-2901
2954
1000
-663
-6537
2529
2168
-1253
-3779
1714
6911
-5307
-6676
-5910
4955
-2052
9005
934
-4910
-5040
-5679
-1856
2010
-2462
-3979
4166
-3533
1777
5990
113
6478
-2746
-7081
-4705
4198
4797
3161
7385
-5839
7051
5577
7451
-7152
8106
-8271
-2885
390
-41
-3086
-3707
-9807
-728
5862
-2249
4373
-4446
458
-7241
3176
1532
1601
9283
478
-9355
1913
5547
2898
-6606
6569
-4895
8414
2131
-4043
6547
1795
-1388
-7993
9915
1200
-2643
6782
-108
-2721
4950
645
-850
8707
-2743
-5459
1424
-3773
1133
-6310
-8783
-900
-9027
-4471
-1472
-8654
-5249
9282
2785
8577
-7921
-7800
7976
-1426
8301
6531
-4351
3163
4240
-7009
-3074
3317
2623
-7428
-6470
7373
2625
2359
-4131
-4907
-2285
5842
-2663
-3717
-9341
5299
4733
2363
1821
-1564
-9424
3314
3336
-5291
-7735
-2536
-8876
5819
9374
639
-5427
3664
-4828
8877
2443
1595
-1256
-4469
-3965
4962
-8452
9922
-9844
-2852
8795
-5953
-1351
4164
-4259
1701
2375
-7315
-9517
-4814
-9111
-7249
-2953
2809
-3469
-2005
-2409
8224
-6143
6309
9926
851
-487
-975
-723
8139
5748
3705
7116
-5092
-4872
6468
4570
6502
9637
9816
5394
-1230
-7623
-3521
5145
-7965
-7384
-3683
-8228
6308
9907
1805
176
-9637
-1633
70
7013
-6815
3084
9686
-5642
-3408
3596
6405
-7521
-131
-8633
4473
-5935
-5720
-7192
3096
20
-3992
-7968
2361
2401
-6499
5586
1088
-5875
3335
-1992
479
3237
4941
9754
-3034
-5426
-2317
-1256
-215
-6713
-3612
-2368
-8511
-1987
-4929
-5656
-8646
2380
-4154
-8076
2292
1060
-4156
-3243
1316
6958
-3609
1594
297
-1657
7318
-3270
-3188
3381
-9694
-8504
5540
-4223
-9802
-6748
-3558
-4562
3955
-7895
-3654
-2062
8075
-8166
-1706
5253
5156
8376
5871
5445
-6290
799
-3635
77
-2853
7736
-7302
4527
-9377
-5038
-343
-4577
651
5896
6968
-2342
3061
4549
2556
-3210
-3492
7934
138
2488
-3687
-4357
6354
641
-1708
-5954
1928
-9156
-1084
-2505
-5982
-283
-3723
6540
-4606
8327
1795
-7652
3818
-7399
4365
-7515
1846
-4185
725
-1867
9111
6186
6654
3890
4389
-4808
6465
-1200
-6261
-2061
2709
-8063
7517
-2111
1272
-4041
7828
4830
4955
7136
2556
-1862
-1177
8070
8602
-9405
6622
-1625
-9160
-6639
-5661
-3244
-6715
-1867
-8134
9676
2392
8649
5736
7446
5971
-533
-87
764
-497
-617
359
6961
4321
-5297
2143
-7646
-7944
-1201
-1370
7011
8533
-680
1903
-2050
-8551
4178
2024
133
7424
9165
4844
-7371
4775
-1638
8312
-8639
7147
8471
-1824
3048
-4539
6094
-8382
9213
3907
-6484
8982
-931
3118
1784
3602
6979
4742
1371
5208
-2039
1046
-1173
-1592
-1073
-886
-803
2908
1975
1206
-8451
-7736
9952
3291
3605
-1009
110
-7160
4526
-1779
-6570
5899
-1403
9548
3717
3444
6743
8479
359
4569
9727
-5801
-5568
-3187
-2514
8143
-6968
-4546
-4178
-654
1834
1938
-9438
-8310
542
-5504
-4858
-1543
6154
-8107
-7096
-4756
7426
-652
-4053
-8557
5704
6400
5017
-3393
-1509
8668
-7224
5090
4181
-2590
3815
-7470
-5915
475
718
-5843
1129
326
7134
-5851
-1506
-9868
-1733
-5855
-4712
3344
-4086
8711
-3556
-9583
-7328
7910
2415
-6986
1249
8562
-9342
-9998
-5514
1711
-9272
-1973
-4582
-8520
2868
-952
1052
8412
7374
-8686
8296
-1221
-4399
8600
7868
-9615
-3684
-6644
2300
4772
-614
8656
8838
1261
-3530
4871
8586
-2143
-2967
5050
-5750
-5852
9958
5768
1714
-1040
-7571
6914
4177
-2674
5677
1757
-4855
-7823
9894
-805
-2906
-5998
-1761
5429
1557
-7398
694
2339
-7946
914
-3104
-110
-8563
-1177
-4311
-9182
6306
-2349
6885
-7967
-8749
-2602
-5688
-7918
-2128
6632
-9445
668
-5662
-1609
-2546
-3585
5502
-8417
-8684
5798
4992
7909
7961
2110
-3240
-7759
226
-8222
666
4598
9157
5437
-765
-5416
-232
-4555
-2035
-1545
3481
2570
8690
2835
1089
2686
8166
-5909
-5419
-6685
8841
3317
6538
-8712
-8472
-254
5042
-6772
-2114
-2080
7805
9094
-1869
-6669
-7726
2311
-1766
-4212
-2403
9974
1631
8794
-207
-8648
-1934
-7172
2895
6796
-9618
-9592
5269
-3102
-5180
1487
-2771
-1629
1857
5093
-3858
1769
-1865
-2725
6900
8915
6765
2300
-3085
-3678
-8217
6591
4570
8920
-6514
6392
-2485
-1423
5292
4926
-3490
3628
3557
6829
-7079
5869
3758
9346
8784
-3152
1872
3984
-2434
8275
-6545
-2914
7985
5893
1340
783
4368
1820
-2607
-9985
7072
6899
-853
3144
2257
-4901
-6457
-3049
6882
-7607
-1279
9693
-9574
-8331
-3899
-2159
9146
-4001
6498
3063
1533
-7324
9924
-8942
-3914
-5126
5674
4121
-1356
2232
-6181
-7412
5087
2047
-7521
-620
-2612
-5028
4523
-4494
6188
6887
-6339
-9342
-742
-5086
8841
-851
-5630
-6591
1561
4832
-7551
-8642
-9382
-6237
-4248
6828
6731
8363
-9321
6453
900
4466
8217
-7378
-6734
1870
3580
-4906
-6133
-505
-3062
1222
-1066
-8120
8628
-7347
4861
-5543
-9833
-5376
-7656
-3805
-8991
-7777
2526
5130
8318
2466
-9485
-6184
-5089
-3309
-395
-3362
-8180
5967
-313
5114
179
718
-9495
1198
2561
1456
4836
8822
9976
88
5865
-5425
-5817
-4385
-3628
8232
-5128
-6862
-1058
1602
-6401
-3148
-5494
-9139
-6441
-9884
-1362
-6038
6968
-5381
-1776
-5851
-4215
-9923
-593
6370
-8334
8545
4907
5309
6977
2924
-5851
-1917
6931
767
-2627
4919
-2785
-9824
-4790
4860
5836
7443
-842
-2566
7972
-5042
3036
-3067
-2642
7774
-5188
-3030
-2428
-3446
9764
5901
-8517
-8848
5862
-4140
1111
8229
-7277
6797
8479
-6230
4412
8244
-5494
-7150
1073
2085
3140
5527
-2429
-2402
6965
4554
-2259
-3865
-9639
7342
2408
9026
-8215
664
3224
2397
-8781
3506
2941
7259
2609
4394
-45
3954
-2064
-892
-1001
7517
-3413
6914
3459
-28
-832
-6619
2202
8320
2387
-1435
1734
4949
-9147
-8800
4246
1278
-3548
6371
-8008
2679
-626
7194
-1241
5804
9186
5503
732
-1501
-6907
-7075
4699
562
1682
9523
9427
5306
992
-8447
2862
-3344
7887
-7116
471
9972
-7073
6257
-1096
-5517
-9346
-8804
-6839
-4515
-3428
2780
-7158
5840
-3178
8479
-1466
-4143
3872
-3850
-8748
1505
8553
4418
-8343
7201
-4914
8041
-8597
-9752
-2399
4570
7041
-9094
5959
-412
-442
1599
-5806
5187
477
1254
3190
-6520
-8967
8239
9397
6837
8884
3877
-8203
-7122
8790
-3577
-1847
3326
3081
-3942
5791
2649
-5804
286
-8582
-4407
-1290
-2333
-828
7872
-9536
1701
-9142
-6073
5256
-9201
-5594
6247
3137
-3013
-344
7912
-6448
9358
-536
361
-9790
-999
-4455
270
6946
8379
-1234
-9540
-7332
4790
-9452
-2826
-4498
7110
-4962
3979
-5597
-9698
6529
5905
7973
7737
8703
5274
-5196
-9040
8589
5259
-3429
5353
-8029
7398
-3909
-544
6025
-6702
3058
3265
4414
-205
473
-7557
-1669
2339
8632
6172
4947
-6448
-6290
-5470
4821
-2077
9721
-3000
-229
5462
-3763
2371
-7105
-2335
-1706
3134
6993
-9496
9637
3772
8080
-7315
1097
-4386
7742
5705
1013
-4211
2036
-238
466
7424
2534
699
8537
6820
-8894
4759
-2115
-3678
-5776
4476
8799
-9119
1570
-4154
7666
7841
-8007
2264
2007
-3373
-7274
-551
5519
-5376
1172
-4940
-70
-6996
5401
5776
-4524
351
7804
-6676
-4393
3338
6810
5462
8587
5962
1849
4310
6003
682
-6673
6796
-9448
-1166
-6723
-1674
1300
-480
-9199
859
-526
2480
-1046
140
-6899
-3483
-9018
8687
-1968
4481
-8656
-9876
2066
-6449
-4410
3843
-7132
4543
7755
-8269
-8654
-5341
-7799
-9060
-2602
-7218
8642
-6549
-3498
2659
-382
6579
-7192
4745
-2924
5323
2667
-5552
1798
4371
-8457
1072
601
-5242
-3806
4042
-720
-7775
-1081
-5313
-9901
5993
-6532
-124
-5973
5260
7864
1916
-7765
-8507
5904
-5963
-8900
6354
-3993
-3950
6587
6195
2253
4432
430
5372
-9615
6043
-9182
-2363
5125
-1388
-2176
-7375
6807
378
7341
-9574
938
-763
8978
9528
-4712
-480
-9827
1354
9556
7073
6346
2974
-2210
6169
9423
5077
-7483
-9802
-7118
1617
414
229
-7565
-2704
-4125
862
-6502
3952
4739
3773
433
-4281
-5791
6013
5976
-9738
2447
-8711
2129
508
-6330
7929
7561
9972
3874
-3752
26
-7911
-8373
3632
-7547
3507
-1421
8768
-8661
6096
2257
-62
7966
-9919
-5836
7420
-1252
-7065
-4543
524
6823
3803
-4330
-2552
8851
-412
9755
6565
-3860
-3994
718
9615
-2315
5443
-5134
-4429
5063
8879
-6848
4750
-8541
-1308
-6816
-5617
8383
-5936
6070
-1149
-5462
-8171
445
6676
-71
3731
8665
-8096
-4513
-3241
9448
-8272
9119
5844
-2508
-3999
-5367
-8441
4025
-7486
2334
7043
6955
2060
6907
250
-9745
6841
-4636
-8215
5650
5827
-35
5512
-4013
70
2046
2315
3836
-7798
-9789
4483
2670
8582
1607
-785
-3199
-9121
-3568
2119
-7047
2997
-775
6680
1731
6923
-7808
-9388
5441
6116
-391
216
7021
531
-8553
-7665
5226
-7091
-1706
1931
8208
-9361
9332
3204
-4300
-5007
-9501
-9575
4538
9029
102
1430
-4479
-381
546
-8796
6859
4590
5953
-8058
-1950
6474
-161
-8716
6254
976
8484
-1111
5878
-6948
-576
-9832
7939
-1369
-6218
-6948
3267
6648
-4916
1259
-9095
-9982
-4446
-4499
-6822
6552
6775
7416
7087
9430
8803
1587
6276
2708
-7617
-6691
2415
2229
7961
537
-1963
-4203
-4851
-4587
-5129
-7436
-4472
4703
8006
176
119
364
-463
5448
-9496
6008
-3096
5187
-2036
4595
8975
1684
-8721
4033
1148
-2396
-5695
6170
7990
5622
9998
5644
-7042
-5663
-9237
-4737
7688
-1687
-9273
-4154
-1843
-6957
126
3688
-3193
4537
2689
-4059
7445
2385
6674
9094
-9541
-9333
4698
8172
8526
1436
814
-8921
1048
5708
1923
-8189
-3607
6067
-9339
-394
1736
1069
7369
9092
-4199
-3256
321
-3300
1126
4246
-9557
2234
-518
-1603
-3761
-710
-8908
6378
6242
5599
-9144
217
2404
1438
3083
-3391
-11
-3132
6066
723
-1871
-5937
-8472
6005
-3703
-3210
1792
-2288
-9233
2418
7313
5133
-9467
-9979
-7069
-4729
-1846
-2710
-5517
1513
3181
-4922
446
-4291
-5772
810
9386
-2964
-2036
-8359
-3890
-5016
1907
5960
6968
597
-6087
2142
-4458
-3410
5585
8772
8713
1220
1284
-7319
-1622
-4895
4292
2045
5659
5153
6934
-1596
-9752
-2577
8181
5874
8281
-5723
-3795
5144
1556
3823
5618
-6233
-4661
4233
3643
-344
3054
1266
8745
3348
9361
8337
-2319
-481
-7267
-8442
-7926
7105
9987
-8461
9136
-6560
-1063
3194
2700
-967
7677
4156
-6395
9711
-4233
-7513
8921
-5173
-2431
263
-3620
-3485
707
7193
9326
-3982
-8076
-3563
-4631
-9093
-1584
3165
-1432
-8272
6240
7321
-2463
9286
25
-6794
-1251
-6711
9606
9159
-9031
-4607
6839
919
-1980
9867
-6381
8818
4036
5796
580
-590
-7821
-3161
-9172
7643
635
179
-3238
4165
6372
-9066
6364
-5443
-552
4155
-6638
4519
6446
6912
8765
4245
-1324
-9353
-2222
5634
-980
-418
-838
-7423
6515
-1962
-5240
-7187
-4195
3667
4352
-2146
3111
-9869
-3589
6682
-4107
-722
1519
-7628
6660
-775
9323
8248
3475
-5662
-5003
-1212
6898
-6384
1358
-9537
3731
-2880
1138
-1137
2867
-3569
-3015
5746
3997
-3380
1099
-7664
-8789
8362
23
4665
785
-1973
-3428
-8906
-3523
5063
4747
-9148
-3451
-3548
-4582
-2583
-7572
-5512
-8508
3402
-6201
-2824
5614
-1827
2898
9354
-9270
2217
-2293
5526
7974
9609
6952
-6837
41
-1658
-7977
-1408
-9751
-1371
3558
5800
9799
6558
-7583
-9708
40
-9130
4461
-1347
-9815
-8788
2919
537
9656
3407
7687
4839
823
-7630
-8822
-8
-5120
-7129
2553
-7519
4744
7634
-4343
5879
-1306
6796
6528
9142
8384
7334
-4084
-4643
-6360
-3426
1194
2365
4173
4339
3991
7206
-9464
9338
645
9481
1812
4415
7507
4804
9513
5938
-8427
4891
-248
3317
9504
7894
7606
-4703
-6845
-3534
9849
3361
7684
-3835
1150
-6406
-9958
3113
-1676
-8537
5954
2784
8430
115
-4727
-7036
6960
3115
8212
7489
-3871
-7629
2721
-3060
9059
-791
2960
-5835
-7985
-6870
-9887
-3978
4787
4744
5124
5334
6357
4893
-8500
-8983
8451
2373
-4856
8824
-6033
7155
-590
-7815
-9372
-4515
6758
7407
-9133
-7810
6344
5434
-8744
485
-4759
-694
-6055
2641
-2906
-226
7293
7207
-7527
2280
-6417
-3165
-1938
5325
6181
-6074
3020
-4263
2988
7949
-343
7129
-535
-2757
-5059
-3956
3550
9672
-7300
2426
5452
4742
6258
-1804
-4089
427
6593
-5921
-3387
-4046
-5637
6012
-5352
-6442
-5890
9548
-1637
-2779
7661
-7852
793
-700
7517
2881
-5629
-7431
-1984
-5661
-5490
-539
-6912
2063
5676
6924
-4451
-1694
-706
-9578
7541
-1648
2174
6621
7094
2304
-8851
4905
8667
1759
1004
-4588
4550
-2302
-9309
-5734
-3544
-2700
-9608
3600
-4031
-6864
3100
-4041
6128
8992
1347
3002
1256
-7606
675
-5945
-6379
7566
5405
4059
2029
-6586
7456
6765
-3789
-3265
-3593
5773
-5545
-4576
4155
-4588
-3156
-7875
914
8488
873
-3835
-4487
-2482
-8062
-558
7083
7625
1732
4159
-1635
8882
-456
-4784
4313
9490
6984
8639
-5567
-8838
5045
9777
6460
2106
-9357
8021
9312
-1562
-7664
-9262
-7733
-4481
2505
-2967
-7046
-5538
-9843
-2959
-9336
3917
4342
6364
7291
2949
4781
1285
926
1486
-6679
2529
-6284
-4226
-789
-4002
9976
-5870
-6404
9007
-7975
2126
26
4960
2475
9683
4224
-9362
1802
8243
402
-590
-875
-432
-2683
9074
4671
-2155
9833
-1850
-9163
9344
-7640
6254
-1350
9658
7524
1606
2335
-7780
-3344
2072
-6549
-7170
1140
8468
-3389
5933
-2742
-9694
-5310
1074
-2055
-5754
8446
6991
-2099
8635
-4096
5731
-2598
-7506
-7680
-8780
7118
-2876
-457
-8258
-7537
-8583
6778
-8280
-3529
7185
-3203
-9678
-9044
-7783
-9556
-1709
-104
594
-1712
-445
9691
2378
-5684
3998
-796
6510
-8507
7195
-8047
7238
-8118
-7767
-2626
8962
1729
-4300
-89
-9510
4367
-1126
-3960
-4363
2535
-7301
-5741
6322
9821
8257
-3485
4964
-7112
-3878
7142
4235
-4187
8750
2369
2083
-7871
314
7668
-1290
5888
-6443
4725
-3337
-3890
1318
1530
308
-7356
6015
-4005
8287
-188
-5829
-2151
-7962
1852
-8619
-7172
3581
6214
-3543
8987
8152
-9069
-4287
-2655
-2784
566
-2947
6341
-8837
-8411
5808
-4982
732
-5958
-8964
-5221
9143
9318
4455
-5384
3597
5175
-9435
9699
2678
3273
6007
7216
-5895
9695
1131
-3932
1017
2997
-1039
5222
8088
-1725
-8659
3642
3022
7877
299
5410
3974
-4143
8874
9102
-318
9867
8035
-865
7547
-9126
-6375
5497
5222
3525
-4294
-6848
-7091
-2072
2853
4
7784
9668
3619
7466
1
-7099
3168
-6560
5416
1454
1439
9477
-7614
2115
-7083
6243
-5566
7395
-9430
3849
-3650
719
-4572
-9836
-9013
2520
-8203
-5500
6655
-3390
-1561
-1625
-409
51
-105
9898
2984
-4635
3369
-4388
-2318
-9125
3938
-9850
5493
1372
8928
-4886
-2520
2592
4056
-7092
2354
1346
9544
9685
8346
2932
-7001
-4052
-315
-2260
9032
-4262
-44
2704
7078
9488
-8634
6601
-1934
893
4769
-6848
5699
9961
-457
-1321
3947
2190
1925
6140
7420
7959
5399
-8218
8706
2390
5076
2403
-4921
-4507
922
-8625
-5359
902
-5017
457
-4333
2594
-6414
-3443
5421
-4150
-9273
-6055
-2811
-4756
1446
9746
-7739
-6738
-8014
1294
3422
1883
-1169
5454
-9304
-6175
9313
-7131
7791
1655
1520
-7813
-2789
504
2307
5093
-8702
1597
5291
3023
4358
4664
9672
9902
3294
2542
-9975
8734
2882
3498
2801
-1323
-4103
-4264
-2312
5243
9147
116
1934
6400
6626
2177
9000
4257
5216
-6066
7651
7168
8286
-5685
-4703
1128
1923
-9489
-9272
4978
8834
4587
5668
5537
6200
382
3040
-3207
2942
-437
5073
-758
-1595
3776
-786
-9240
-9407
7661
-612
1044
-9538
9879
-9563
493
3796
3558
1091
3240
-4266
-6921
6596
8414
5001
2282
3363
1546
1315
5638
2604
825
6176
-4440
3932
-3673
-208
-4971
-625
-2216
-5726
2216
6561
7327
9620
-5421
-3915
1359
-2654
4221
-4654
-324
-6191
7280
8017
-3693
-4860
5392
-568
-4925
-3942
106
-2734
-5439
6120
2812
5003
-9015
467
473
4874
-5696
2398
6187
-7804
-7128
-3518
-7859
-6785
-1239
-2841
3325
2728
-6404
-9764
7896
-1634
1797
3667
8339
-7680
8281
-4197
2921
2926
483
1096
-4330
7
-6844
-688
7639
9663
1894
-201
3978
-8895
1875
1639
8854
1119
-2761
4268
-8906
9588
630
5669
-1893
3861
-9847
-6809
5081
-4413
-5605
-3876
4716
-4736
-4047
-5553
-3153
-6399
3827
-3979
-5658
2101
-5006
-5906
3053
6036
6874
-1086
1796
9129
-1910
2702
6250
9987
7690
-1275
-1296
-437
-4133
-1595
-1763
-7413
-4330
2634
-254
4799
-7598
333
-9545
-3451
-2680
-8213
-561
723
-7602
7410
8197
232
-2827
56
-5835
9682
941
9719
-2259
8569
4899
6364
5355
-4265
-2395
-5750
-8163
9657
9822
-16
-2060
-4230
3279
-2255
8597
-868
-6954
4442
-1419
560
2747
-9388
-5772
-8179
-9734
-9133
-4188
5502
8786
-3881
-7344
1297
-3190
-6573
6666
-6207
4278
2225
-6562
-3541
-3403
7946
-3557
-9604
-6795
-1427
-5151
4806
-4664
5100
-5237
3669
3127
-6596
5476
4193
-7709
-2688
-9075
5102
-8834
7305
5343
-5635
-2445
-3367
8959
936
1922
-6809
-6417
9789
-9499
5272
7489
-5769
6044
-4463
4298
-6568
3742
7039
-5689
-3339
-427
-5797
8869
740
8509
-2955
-5258
-6764
-3253
7946
6736
6452
-9092
1741
4793
-7767
7667
2225
-1799
4880
6624
3986
-7576
-4422
-9867
-1653
-8627
-4930
2203
-8516
4587
-2016
5707
826
-9812
4242
5962
-9398
-6789
-4320
-74
5548
-4917
789
6660
9195
-9829
-6348
4223
4082
8278
9855
7727
-3327
-7136
2126
1224
7820
5622
7598
-773
-6076
1479
-9923
3534
3523
-7073
-5299
-7610
-5223
5174
-956
4780
-1906
-6409
-7271
884
2305
3466
4212
7648
-8379
-874
-2363
-8762
8372
-135
341
6506
-1632
-2613
-9474
3869
-5629
1439
4796
-4699
-155
-505
-6984
-1559
9717
3197
8169
9610
-5952
-1369
1489
9281
9742
-1124
-4566
-2964
-7964
707
-8192
-8457
-4880
-7804
-3637
6924
-217
785
6652
3132
-7646
4977
7646
-2476
-3
-5638
1448
-5390
-9217
-1789
-7118
-3012
-8109
458
-2308
9216
-6430
4685
9365
6069
7671
9965
-4995
7781
3739
-4743
-6664
247
-324
-2389
-8301
941
-890
-6706
-7265
9179
-5973
6467
6603
6601
7817
4916
984
8653
599
6290
-1294
-3477
-3770
-767
-5820
3248
-1776
9493
2097
8693
9687
2487
-6220
5325
-214
6459
7446
-3278
3780
2297
4315
6449
2051
-3326
-2595
-1757
8644
-1354
-7318
2299
-5382
7521
-8494
2641
5967
4540
-5436
4515
4412
2566
3641
-5470
-5340
8714
-1731
971
-156
-8577
-1099
-8648
2145
4272
6299
8264
7484
-2512
-7119
213
563
-4117
-1044
3767
-9551
-5828
-3225
-315
8168
1557
7975
8705
961
-9673
3245
-6047
1750
-2764
-4306
-7514
-3535
6655
3974
8740
4730
4005
9170
57
3714
1575
2139
3103
-2890
7238
-4668
9178
2311
2054
-9953
-83
1603
-7255
-2532
9410
5850
2588
2517
8872
1547
9676
9211
9336
4893
2588
844
-3301
-8231
8975
2195
-5395
5043
-2058
3252
7859
2288
-6246
1239
-3363
-5
-9384
-7481
-3750
4464
-6087
9644
6773
-8603
-1284
817
-6680
7194
-6160
5574
-1744
1462
-5907
2308
-9037
-4743
3377
3376
9739
6352
8065
5256
5285
-5221
-7050
-9907
9469
6655
-9363
9486
4547
-2470
648
3102
-2167
-3248
2742
2568
-2904
-3091
-8122
7858
-166
-1392
278
-8053
7556
-1741
3785
5435
610
3971
-4114
4558
7838
4269
6738
8264
4706
5798
2889
3221
-4407
5312
-4560
-5992
-8393
-100
-2906
-7121
-3983
-9080
2574
-1924
4386
4583
-4421
-5565
-6277
-2080
-767
-4907
7774
5051
-8525
1605
-7391
3837
-2472
7343
-119
-2349
-2101
-5875
1097
1890
6172
-2573
4336
-6064
-3984
499
-3940
-7154
2974
8280
7795
-2595
1272
-6888
-6077
3706
4739
-4435
9118
4572
-918
-8515
4806
6911
-9118
5520
6596
-3324
-3201
4171
-6858
-9925
-9917
7157
6932
-4861
3526
5436
-8400
6342
8858
-8694
-2322
-3084
4349
-6480
-2118
-7556
-1405
8998
4186
7115
4678
-2057
6185
-3583
-8336
6148
2913
-1914
8934
5383
8698
4508
-3329
-3752
9501
3402
6007
-4801
6712
9891
452
-6256
-2994
8735
4327
-4564
8706
-1311
3975
-7546
1086
8928
4606
-2285
-7171
-5764
3964
-1761
-3347
-6523
-3036
-7396
-3061
8388
5355
2675
-7432
-1873
4615
-4007
-1470
-4371
-1245
2379
728
4188
-3589
-8150
-8118
-6613
7378
-9257
7701
-9296
2661
657
-6316
1890
2689
-3624
-9396
194
4808
3247
1136
1693
-3744
-1731
4816
-9962
-2412
8322
-2228
-1897
-3695
-3853
-5265
-5714
-7970
-5548
-7101
-8919
5290
9431
-8743
-7032
-9930
7077
-5467
558
-2968
9195
8297
-171
4164
-7634
280
6004
3569
2179
2926
-112
-9641
-7205
-9218
5054
3664
-3747
-6676
2869
4150
-7872
8368
8434
-1954
-6963
3990
3118
1825
2845
9343
-1413
3151
9107
8391
-9739
-2294
3227
-8377
1695
-7389
8683
7685
-7190
5044
6082
-9212
-8464
-1463
-7917
6786
-5855
-4720
-6176
6535
4522
-3291
-9645
-8430
238
-1197
-5300
4896
9459
-5849
-4035
4810
2151
-3851
1400
5068
6575
-4409
781
3959
-3170
665
-9440
178
7250
-7657
96
7672
-966
4879
77
9752
-7641
3196
3065
-3401
-8285
9848
-6917
-3217
-7330
5663
8283
7173
8495
-3191
9138
6857
-4009
-5328
1398
3429
2825
581
-7978
-4038
9088
-866
-9998
8393
-3626
1443
65
-8623
-2413
6234
-3469
9175
3777
-9792
9772
-9092
9201
8140
2734
1084
8912
-1473
4294
-9407
-3957
3766
-2732
-3331
-2196
-5227
8774
9247
-6979
8774
-8816
-4336
-8822
1290
1403
-3887
-13
601
-2093
4700
3092
-8533
-648
5660
2514
8685
850
6280
-8484
3170
2108
8061
-4051
-858
-9910
7234
-962
-3655
-9985
-4972
3958
2199
-9948
7489
-5503
5839
-8592
-862
-4921
-2847
-1601
-8873
9466
2001
-9403
-9674
-541
9942
1006
5754
-1823
-2807
-6831
-1934
4870
3556
-2949
-6223
9385
-5581
-5518
-5193
2897
4991
9402
4245
1324
5427
1284
6804
-2048
-4329
7897
-9206
-5484
-4074
-7200
4027
3475
-293
3688
9749
-2192
6059
-3460
9045
6116
-6221
-4332
7370
-7494
8041
7894
2268
-2105
-1681
3977
-8123
-657
-5274
-1720
3309
8388
9972
1924
-7078
8170
-4141
4585
4733
470
6989
8801
-4918
7668
4716
4282
-108
-9408
7083
9492
-9212
5150
7794
-1204
5688
9930
6911
-7561
-4463
8356
-2424
-9739
-1959
4085
-3813
-8638
-3071
3320
-2987
-2863
-7730
2949
2908
-9535
-7381
-5889
7997
-5430
-2951
4989
3586
538
1488
558
9338
-4212
5034
-6599
-8856
6095
5385
-7594
-4648
300
4320
7247
-9638
-2659
3574
-9549
-9421
3456
3699
-3184
7149
9879
5668
3464
8747
6150
1198
-2106
5815
-3616
175
-4096
156
-6638
4323
8496
-3516
2181
-4347
1121
1267
825
8654
-5834
8032
-8391
-4544
-5035
-8703
-3568
9543
-2780
8432
801
-3993
-5460
4934
8431
8331
6893
-9454
-8861
-9086
-2104
2875
9789
2968
-2482
-5763
-9104
1432
2510
-5281
6203
7859
5756
-7494
7578
-166
-8419
2484
9283
-9355
8197
2437
5376
4887
-5278
-625
-1577
8759
-944
9288
-8240
7681
-5331
-2993
1385
-8232
5494
1356
7802
6940
-6633
877
-5861
6990
4838
-869
3120
5989
-5097
-4519
7689
-4214
9685
9639
5487
1732
-8259
8681
-3996
-3256
-2390
-3519
1837
712
9448
-5146
-7577
-4553
-3914
8350
1001
-5182
8045
-2173
2451
2943
-8781
-1230
4068
1722
4653
-6575
1770
5200
9737
5996
-4872
-9983
8377
-6768
-4931
-3318
2337
3408
-5274
86
-8429
-8553
-9769
2319
1750
5700
-5134
1884
2637
951
-7898
5254
-7575
4963
-2726
4809
3512
6229
-8222
-2068
273
6250
-8392
-7363
8847
2417
-6260
-2449
8838
-395
863
7535
-1116
-1014
655
5510
5904
-7322
9916
-7103
-7093
3488
2285
-5547
3466
-5860
399
-73
-1679
-949
9495
4744
2238
419
-1045
204
-4203
7850
5644
-5948
-1802
-3604
571
9837
9848
-8748
-7138
-9946
-5160
6990
-1805
4311
-7379
-7505
8264
2494
-4498
-1904
-6171
3716
7050
6785
-1724
-5001
-4063
-7435
-3792
9881
-796
-9837
-5384
-866
-99
-2756
-4362
-2714
7665
-434
-9392
5525
9043
4261
7059
2626
8131
6678
8686
8159
8313
-3860
-5308
6451
-2232
-870
-5630
-6991
-9910
-8422
-5473
-4788
-3
-621
6954
689
-1158
-8294
5158
6693
8741
-4525
-8828
-1179
-2099
9835
-6096
7836
9371
-9545
1425
188
148
-4445
-9350
-324
3409
-6005
-2713
7142
5706
-5147
-2444
390
6123
3747
-6144
4825
-8935
4424
-7223
-2528
7134
-9378
-1670
-1182
-6658
157
5612
3637
6814
7285
-9243
9746
-8951
-9776
5967
-7153
2365
6160
9812
9709
-3720
3207
6455
-7405
9173
-456
-6325
6531
8251
4386
7607
8677
-5249
-3683
-4714
1918
-3122
-1841
4567
8075
-303
41
4342
-1473
8699
4520
5273
-9514
756
-6041
2407
7598
1994
-6740
6824
-5471
1959
-982
999
9221
-5010
8067
-4249
419
-8996
-6356
2657
-820
-4299
-1591
-6664
-7911
-4006
-9387
-1125
-9200
-4372
-3742
-1549
154
-7502
1389
-8324
-2326
-8609
1239
-8138
3875
9114
-1211
9505
6050
617
4802
1161
5143
-5463
489
9478
-2104
7135
-8483
5270
8095
-2495
-588
659
-6912
8601
2079
-5123
1649
-8087
-3931
-9207
3491
2968
6390
128
-5514
8031
-50
-2462
-7470
9422
-161
8774
2004
-4157
6871
-5471
-4699
-3762
1028
7524
1489
4785
-6520
-6744
-4080
-8406
4341
-2602
9085
9075
8807
-9119
-1059
-9001
-4263
-167
-487
9473
5643
4916
8219
266
-6003
4650
-8506
-7053
-2250
-9470
-5037
-8647
3616
-5805
-4794
-4454
-2218
-5437
736
-2428
-2629
-9911
-5704
1753
-7255
1743
5199
-4568
894
-7321
-8197
5246
-3432
222
1830
-2714
-1351
4273
-4106
6988
-1625
-696
9134
4034
5412
2126
-6283
-8062
4415
-5916
5743
2423
6914
-9160
-6805
-8050
5649
9654
-3635
-9521
-8039
-7104
-3130
-4598
8592
8602
7233
1481
-2760
8628
6622
4722
6243
-3036
-4067
3580
6229
444
-3362
9295
2357
-2997
-125
-9098
-7129
6419
-9592
1668
5952
-9450
2420
1932
6997
3734
9557
3706
3392
-9282
8951
-9555
7066
-3749
3182
1467
-716
5083
-7257
-1315
-2698
-3146
843
6901
6583
-4348
-4253
-4029
-9130
3548
4068
7655
9676
5495
5175
-7119
786
-7352
-9605
3650
4525
-9602
-9604
-2587
-2804
-7335
-8717
-7384
-8859
7908
5369
9450
9271
7657
-1081
-2964
545
-2209
7992
9969
1365
1565
-9847
-3672
-1461
-7891
-8845
2371
-4313
-3690
2739
-3483
-8938
-945
-1421
-8705
3590
938
-6733
-6221
3032
-6009
9165
-9739
-289
-5600
-2166
-3579
-3318
-2643
171
955
-8238
-3843
8861
-9092
-6618
-1993
-2653
6066
5681
4342
-2018
-2837
2002
-1270
2657
-5227
-4846
-7258
3140
-6996
-5379
8825
9616
2621
3060
-2921
-3197
3341
511
-9432
3107
7035
1179
-2348
-9334
-9274
-1266
-3422
8687
-3600
235
-7838
-8796
-8836
-8107
-6960
-1741
1919
-4631
-9787
7198
9162
5713
-2464
3054
5524
-1872
-3693
143
6714
4677
-7092
96
-2846
-7471
4263
-4073
7451
3952
7085
3375
-7001
2160
-2400
611
3620
1996
280
5626
1505
-8006
7312
7879
-7321
3821
-8342
4032
7726
8992
9365
9667
-9639
-6378
-1813
-7283
-6122
-6358
-8312
8134
-2196
1167
8424
-5185
-1883
715
1473
1244
-5718
-8621
-6572
-7131
-6220
-8447
823
8272
-4620
3726
-7170
9145
7187
5533
-942
-3321
7145
2194
-3824
-6415
-760
-2323
-4645
2085
4597
8465
-8908
-5347
7913
6368
8961
7260
-1634
-1097
-1058
-5418
8621
4613
-2598
6154
5289
579
-6336
3592
-6513
2947
8242
-1350
-5217
-4879
1498
-3233
-6104
6840
6735
-5747
159
6775
6089
-3574
-8842
-2979
6801
7279
3776
-8591
1606
-6145
-120
-5446
3306
2595
1288
3444
-314
8234
-7243
7690
-1017
-5041
-5160
-6599
601
5379
-3987
-4720
1512
-3115
-5342
4091
3945
4648
4651
-4861
-6960
-5098
-4836
-9526
-3127
1450
1789
944
-6778
-6154
8483
5296
8726
-711
6681
7225
8101
9926
7354
1621
-2931
8556
6449
3896
8809
-2091
-8438
6526
9003
8591
9089
3100
8272
2987
-2295
6168
-1343
4362
4213
3475
-5627
8978
2328
-6495
-2793
1398
7130
1043
-3650
-2230
-1918
4704
-5701
3370
-1282
4078
1312
-3893
-7019
-2047
1962
364
-6336
-3550
-8147
-9873
-2336
-9912
-6421
-5945
-4458
9155
-3545
-1224
-5884
662
-9122
1533
-7720
4552
-5454
617
2721
-9490
3089
-7582
3685
-4921
1938
-3915
380
-8601
7443
-6219
-6511
206
1718
-8150
8840
-6497
530
5975
-231
8632
-9251
-5131
-773
-1902
-4276
2483
-3299
3748
-5243
-2343
-8217
3491
-831
1681
7119
9230
6055
7554
6084
-3436
-2166
7420
-4295
4256
6528
-6124
-7307
-847
-2230
-2185
7690
-2077
-1773
-310
9940
-4148
-3763
-6906
9610
-5083
-4304
-1795
-7485
-9137
-3367
-4440
3276
5766
-5828
-8071
3693
-3375
-8852
-2945
740
-3049
-2037
5827
742
-1835
5222
5623
2196
-3677
-3702
-8390
1948
5230
-4530
2102
7302
9689
9631
-5900
-513
-7751
-4965
1096
9926
-4686
-8605
-6051
-4422
6653
7548
442
-9006
846
-6241
8271
8211
2435
8579
4473
-4558
-248
743
4808
59
6495
1426
696
7237
5353
-9081
-1637
7726
2529
-1927
2135
8342
-9863
9529
-3745
-3000
9209
7575
812
9241
6836
-4286
-4957
-1995
-2881
-8729
-2675
-6350
-3596
-2356
8902
-6409
9615
9424
-6201
-470
872
8366
7600
1130
-2650
8327
-4233
6181
1793
-3462
7017
1422
9285
6950
2529
8399
3544
-7496
-2835
7992
2878
4367
6941
-6413
5149
-2991
-7096
111
-9281
2180
-3563
4271
6377
-4456
8737
7405
-6230
-7501
-3750
-2834
-5011
-8300
1416
-4458
-9767
-4558
5136
4734
-1865
5390
8908
-6146
4319
3901
-7991
-6535
1981
-7576
-5598
-9375
-2441
-728
-7588
7810
-578
790
2107
9712
-2031
1817
1957
-2814
3542
5707
-6411
1627
-3937
-8954
1328
8633
-8048
-5825
1734
1688
154
7756
7677
8249
6178
2647
3427
4425
6698
-891
1307
-5290
-8190
-2302
9762
-8269
9490
1068
6947
-3483
8834
-6670
-2041
-863
-7402
-113
7378
-3756
7417
-7558
-6755
-6132
-8586
3286
6627
7016
8883
-9053
-3928
866
-4228
8680
935
-8312
5044
-7207
596
-2777
8367
-3462
-4406
-3890
5337
6394
-8979
4837
8998
-2560
9399
-7389
4183
9163
6370
-219
7980
-755
-4496
-3707
-2358
5649
-4914
-9748
-5767
-8532
3626
-1185
-3127
-7325
3297
9162
5533
-332
8932
-8775
8835
8754
4494
247
5226
-955
5884
7972
5904
-6099
8666
4392
-2614
-5393
128
-4218
316
-3442
4430
-7455
-3776
6549
-9822
8933
-9708
-2038
8967
6012
-5664
-5328
-9808
2824
2060
3806
-8615
6357
-7258
5069
9376
-6034
-9754
-2546
8107
9821
-5138
-3654
8299
-8113
3847
8778
-7707
-6317
-4620
-6417
-8120
-8772
-1733
2275
6790
-1423
9244
-8860
4112
-7213
-5427
-6189
4199
-1945
-7020
-1252
2311
-516
7554
-6039
7482
8775
4528
-5712
-5122
-7968
-1588
-2023
-7912
-8576
5086
2692
2522
-148
-5914
5265
-7116
2628
-6281
-648
9448
308
-5723
-3114
3793
2945
-5064
21
842
8898
-2143
5892
-4905
540
-7992
3266
-660
-8717
-978
-9051
-7750
-7484
-8674
4422
-4850
4449
6974
-2747
-6144
6407
-8902
-8718
1480
-7706
-3694
1394
-8744
8851
-2449
-4751
6955
7053
5963
-1042
3542
-2340
-3666
-7620
200
5998
1227
3427
-6425
1012
1211
7187
2470
7072
-107
-8471
8347
-1814
3601
-5289
-391
7100
-1380
-5229
3391
-7255
6160
4939
967
-6193
5234
-9165
77
6440
3896
-1146
3070
4330
-8415
-4597
8940
-4322
6044
476
-2820
-6954
-9008
-7656
-262
5080
6921
-6843
-5573
-8182
2948
-1157
-8445
-6556
2907
-1665
-7287
-6530
6778
-3294
1201
-3529
-8377
-6854
-8091
-73
-7281
7885
-4391
-9523
-877
-4759
7052
-7439
-1724
1968
-6011
-6583
-9502
-1281
6180
3676
-7412
-803
-1052
-5399
-1652
-4786
7591
-2629
-7576
2147
3652
-2958
-9891
5013
-1424
-8118
8453
7639
-2341
6765
5638
7692
-579
-1612
-9953
-5510
-5122
715
-2053
-4228
-7242
-592
-2696
7310
-8790
-8326
-4854
9339
1565
-3306
1466
8560
-2802
-2221
-646
-8073
-3434
-9601
3655
-7933
-3427
-9306
4930
9889
7356
-9909
-5056
-3593
258
-5865
5334
-7713
5585
2707
-3981
8653
-3890
-7343
-8155
-2634
8000
7656
-5718
2014
2660
-4460
5613
6828
-606
5965
-8129
-5311
-8811
6452
-6202
-9686
2572
5606
9692
8004
2306
-108
962
-2513
4410
5368
-6698
-5207
6927
-3835
5381
5864
-1007
4200
4813
9763
9742
3206
3427
-1213
5779
-1600
4841
2600
-6505
-7241
-179
8325
-5957
1653
1309
-8248
2404
3722
-5380
-5673
-2485
8251
883
7812
1857
2149
5204
-1523
7255
-9197
-5263
-8241
-5671
2818
-808
2624
-279
1268
5861
523
-5035
-3679
-3326
-7711
5073
-206
-3830
2381
7862
-8247
5552
793
-8320
3544
-8734
9774
8911
-222
-6611
4410
-2088
-4634
4291
5426
-4435
-7523
-3012
1671
1884
-8068
-7605
-7902
2510
9299
3489
-1335
-585
-4946
-4128
-4705
9639
403
1102
-7483
8589
-9822
8647
-7012
-288
-3972
4876
-8336
-6072
-9243
-4580
3507
2584
5058
426
2100
3287
2578
-907
4654
444
4273
-930
-1319
-8954
-9135
7387
2345
7360
4144
-8467
-410
7367
-3117
9034
9136
-3345
3815
-3797
2157
-8400
3598
-195
4818
9847
9014
8755
-2113
-1601
7079
1138
-9640
1262
4741
5236
5289
8528
-1229
5332
962
8475
794
-5658
-6213
1695
-8761
-2562
-1069
-6699
6188
3457
7491
-9676
5029
4600
7015
4574
2478
7640
2195
4560
7356
2917
9084
9710
7642
-6883
5383
-6499
8073
-7863
1787
-7251
-4859
-4360
2183
7271
-6661
8608
6736
1666
8306
-3680
1041
1858
3796
-823
9860
3466
5434
8012
-1104
-1807
-6597
-8413
-1225
8276
4344
9751
6461
-576
3709
-4400
4885
8363
3324
-4629
2330
-5008
1893
5356
-2357
2150
-8048
-1375
-1942
-9082
3484
5335
6945
-8781
3521
5889
-502
2121
-4119
3678
3233
-5882
-4026
1592
-1994
6768
9874
-321
-7965
-3170
2471
8578
6176
-7262
1762
-3590
5801
-9645
5507
-6769
-3576
5915
1116
7977
-749
-4596
-9759
7831
480
3707
8998
2001
-6218
-9527
-4890
5607
-591
7509
6106
3579
-5313
-2459
-2408
185
-1047
4905
-3597
-3738
-2010
8939
8718
5151
-3162
5760
2856
9883
-9517
-373
-8600
-4289
5021
-3025
1484
-3908
-8351
-4025
7662
2641
-9805
9093
3176
9557
6666
-5039
-1166
-9713
7618
3019
-7403
-1636
-4908
2177
1680
4226
4771
-7919
-5227
6265
6506
-3075
6817
2147
2847
7603
2202
4921
-8422
304
-6191
1109
-1523
-5687
5667
5336
-4364
-37
7178
-4598
-9225
-6949
-8528
-3538
-6611
-7331
2340
-684
-140
-1569
-1353
-5782
2903
-6243
1454
-6145
-711
6630
-7935
4276
-1762
-4670
-1185
-3410
8765
-8634
8963
6749
-8393
2664
-6281
-2708
-6634
-2214
-7554
-4118
2262
4145
-3560
2808
-2234
-789
7312
-330
4377
7021
4126
-8830
-7427
2721
747
1070
-8697
5521
619
7368
-6989
2498
2361
-4741
-2597
7674
-7551
3963
1950
34
1465
-2166
677
4823
7127
-3200
5307
-253
9687
1470
7091
8469
-7993
1838
5404
5460
4707
7789
7938
1443
-4258
-6888
3618
9535
-3263
3282
-9515
2564
-8322
-5011
514
2483
-3747
-2620
4310
-7141
-555
-9921
532
-3424
-4716
-4566
-558
-2654
-8005
2049
9156
-1689
-9527
-3456
-7112
-7205
3545
-7892
5368
-8811
2842
-9085
-5556
887
-1446
-8253
8202
667
-3125
2111
-6061
1445
6082
2510
8290
1565
-5762
7137
6749
9794
-7636
-4075
-3110
-5041
-3781
7428
2912
-7968
5025
2023
9381
-8247
8927
-5995
-5635
-9635
2929
2878
-1666
-3021
-3720
-5788
-4077
9029
-6922
-8042
-8759
7350
8865
2795
85
8484
-513
-8395
6485
-7402
4275
1212
-997
7196
3911
-1687
-5590
-2522
-1800
-6936
8162
-9001
-9965
-2625
7767
-2032
-1519
-7597
9759
-3193
-6719
-4136
7713
2895
2056
2302
5960
6022
-8577
6576
4754
8340
-8100
8878
7350
6248
9936
-3152
-1676
-3016
-856
2610
9682
8675
5626
8677
-4376
4265
9906
7180
7760
-906
4542
-9885
6629
5094
-1707
-1475
-3598
-5332
-1872
-1396
-1694
-3324
7933
2281
-3117
2260
7208
-4874
-2185
194
-4372
9739
4335
7479
-1230
-2920
3351
-9538
-4088
-2329
4620
1047
-7950
-9029
-8283
2706
2182
9143
7356
-9212
8797
-6889
8987
5534
-5190
-5872
-5702
-4675
516
-5654
2161
-4771
1411
-3931
-2426
-2178
-4279
-2787
-4070
-8577
-8323
-8877
-9291
-7802
-878
-8638
-2391
-7852
7987
4505
3409
8138
-803
-1515
5362
-9950
4998
9576
-4900
-8580
-3834
-67
1914
2370
-4641
6724
-1036
-684
8531
-2758
948
-8744
-7888
-2184
-1310
-2573
-2797
-4282
-9205
-2965
-3280
6881
9267
-1667
450
1048
7194
-4612
-6347
-6936
2654
5031
2244
5010
9082
8752
-6542
-4154
9872
-6363
-4291
-9571
-9060
408
2073
-6838
-1155
306
8540
6812
9624
-8359
9405
-5629
6743
8497
-3545
9102
6239
-5051
1840
6276
8004
5048
-2433
8910
7813
-6115
4003
-8795
1767
6298
-5932
-4209
-4511
629
-7538
-7587
-489
7748
-5326
-6978
7967
3445
-2497
-6139
-2672
-5177
-5852
3106
-6864
7147
8281
-3250
-1004
-531
7488
9928
-9922
-7678
7691
-3341
-8185
7724
-4097
-7820
-4485
-645
-1777
-6448
889
-1316
-1265
1862
-1437
9407
6584
2136
-7359
7494
-9027
-1253
4506
3896
2580
-2859
159
-6287
-6053
8055
8221
-3824
5095
-5471
3731
-8651
788
-9013
7158
-4590
-9193
5760
7181
-9145
6932
-281
-424
-3910
4002
-4776
6143
2117
8049
4362
6310
9559
8852
-2375
-1099
7790
-4586
-2334
813
3903
-4022
3667
-7021
-5971
-7570
-4795
-2549
-5773
-7775
4013
5907
-1086
8792
-8068
-1856
-220
4061
-8108
1733
5323
-6250
-8889
8627
-6757
-2431
-5633
-8530
1300
-5715
-8466
-8339
1062
9193
-4063
6262
3743
-5874
8269
-3852
4200
9278
-6931
-7361
-9326
-6340
2729
-7449
2699
-5387
-6999
-8741
8065
7512
9557
-1808
3729
9662
-9407
9390
7968
-9873
2221
214
7657
-7530
2244
-3898
-8943
469
-9306
5208
-2035
-753
-1927
7780
-6510
5356
-8029
-5378
7073
1162
-8718
-267
9274
-752
-7660
5421
-5572
6117
-1593
-9445
6955
6486
7829
-7643
-1491
8129
-713
1828
9639
4889
-3684
-1535
-8857
-4581
5608
-5184
-5037
-7030
3291
-7279
-5774
9566
-9828
-6096
1977
-5503
-45
-5354
-8656
6281
5871
-2573
-4852
-3229
-8133
8507
-6776
-839
-6354
-4538
-3015
-2804
9078
8754
2604
4606
2574
-6473
9645
-3175
-3618
-5297
-1497
-5493
-8204
2555
9219
2070
1588
-3468
-8343
-5596
-8836
4220
-846
-4447
-2250
8310
3967
9981
-6051
9319
-4219
-8462
-6612
2657
-6249
1936
-880
5876
8804
-2796
1442
2451
5670
7553
6657
-988
4219
5396
463
-6509
-9169
-6394
-2255
-4977
-3864
7287
-4039
-1810
-3266
-3365
-9697
-5919
6933
-1417
-7839
-327
-2852
7002
373
9521
1022
-4571
-9486
2676
-4923
-5296
2119
-4055
428
-6968
8896
8587
3325
-4459
5511
8142
3941
6927
2834
4973
-2248
-1386
-9983
-9518
9612
-8754
2409
-609
7856
-8752
-2432
2648
-5756
-398
-8575
-6606
-4322
9358
-6403
5467
-3872
1523
-8761
6231
-9034
-2233
-8715
-1477
-1851
-4603
-1642
-389
-8028
4200
5548
8347
860
-6072
3469
-4314
3302
5267
-2850
2468
-59
7893
-3463
-6126
2872
2288
-3769
351
8784
7536
6365
-5379
-3256
1400
-6685
5139
4328
9321
9198
-6891
2037
-3860
7070
-8587
-9814
7196
943
8429
-9268
-4383
-3547
-4326
9516
9924
-1372
-2280
2382
-3359
6276
7162
4833
-8189
-2404
-6399
-6331
1409
4698
-2715
-9140
5810
7217
-5491
6357
-2470
-2961
4464
-5745
-4900
585
-4373
3945
6894
295
-2341
5571
8114
4803
-3103
-6711
-4486
-2963
-6259
-3331
-2182
-7041
1564
6286
5910
-1779
-3983
-6926
-6515
-961
-1460
-5108
6690
-339
443
-7783
-2028
-7466
7916
392
2344
-2606
-7026
7755
3273
-9271
-2467
8436
9585
649
-116
-2194
-6055
-5232
4055
813
4558
-3687
7699
1247
-2219
-2588
2392
-539
-756
7610
3635
-3962
4526
3752
-5360
-1023
-2785
6987
1230
8998
8968
-9881
-5944
5163
9417
-1104
-9953
-827
-1940
2346
1749
7922
-6381
-2479
2651
-2567
5145
-2146
6555
6769
-8811
-1315
3272
-8592
1116
-2024
-9649
-7322
-1650
8255
7813
-6868
-7144
5488
4343
7303
-4764
-4357
-5756
-2373
-3489
-3060
6406
-8487
-5387
482
3765
552
1918
7476
-6633
-9973
-5471
-7020
9669
-5764
8582
-658
-7959
-5650
-3259
5676
5429
-1140
1477
-9147
-7478
6060
-3432
-48
2302
9249
-2037
-7270
2691
7067
-176
2285
-6773
-463
-9963
1517
8948
-2659
-4765
-406
-828
-4910
-3541
-4626
-6311
-805
6513
1762
717
-1727
5390
2448
-2293
-6895
-651
2241
4131
-7932
-6556
5410
4324
-11
7147
-2932
-9999
-4514
3916
-3212
-8287
9781
-6733
1256
-2816
4101
5509
-185
3741
-7105
6680
-2981
-9933
-3860
-91
2658
-6822
-254
1815
3981
1271
-8334
408
-2708
5376
6025
4257
2482
-5924
1425
-1795
-9288
-2263
1780
-1472
4741
-5761
-7371
-5224
6137
3351
-3618
9208
4649
7572
9716
-9904
-1355
3272
2746
-6575
-7112
-8440
-1744
3384
9424
6152
-8387
-5979
1511
5540
3485
6773
5350
-9041
-7614
7603
8637
-244
-9612
-8720
-2265
3986
7737
5671
-553
1496
-359
-2776
8603
-3502
-9989
3972
-9469
300
-8232
3103
-3352
-9657
6994
-8483
-8367
3602
-6481
366
-4455
-8092
-8178
-4712
9911
4147
8047
3387
-7750
-1703
602
-8091
1534
9425
-7697
-8702
5911
7102
1248
-3179
-7315
4004
5144
7273
-6854
5291
-2950
1720
9485
-2029
9063
-740
-6935
2631
5560
9385
1627
378
4820
7869
-9274
-9196
2560
-3702
7447
-9339
-5212
988
-232
-5311
4543
-9324
-2421
4901
-7035
8064
566
2064
9416
-5871
-9738
7442
-3917
4610
-4842
-2171
3101
-800
-3367
-1794
-4225
1247
8813
-306
-9632
-9182
-2061
-4026
-4204
703
9764
-480
-1684
-5084
-8689
-2110
9507
-9262
7626
4834
5139
-8602
-3260
-2528
-1206
-3863
8526
4881
-306
-9800
-3935
1603
-2716
-6163
-3503
1919
-7090
839
916
-4961
-4835
-8710
-6272
6398
9747
14
-248
6867
8828
-3990
7981
-6417
33
-2658
-2541
8853
6341
-5383
7910
-1357
3359
-3878
8692
2541
-9798
-2892
-8497
-3907
-8708
-2465
9743
-1050
1986
-7546
11
-5685
2951
8659
-7
-5846
-8084
-3698
9008
9895
-744
-1699
7434
-2958
-9241
3774
-4489
2631
-1128
9265
-6427
-863
-1859
-6160
-8308
2803
3380
-244
-6363
6522
-5209
7728
7339
-7591
-2198
5983
-139
4426
929
3150
2376
-1999
9070
-299
9856
7634
-1178
-3121
129
-3716
4476
-5517
-1425
-5452
4082
971
-2768
-9780
-1054
9751
-4272
-5102
-6512
5697
7114
-5342
400
-2448
6478
3587
3669
3103
-6457
7559
1195
-3613
5648
669
3560
7971
-7993
7784
-6810
-1729
-7029
4573
7797
-2700
364
-8813
6994
9960
-8904
9695
9832
-2578
-8360
-7887
-6003
1022
6406
-5798
6468
-778
-43
-2727
7604
-629
-7932
-4939
2802
-6350
-5133
4781
-4134
3259
-2028
-4141
-8138
8384
7932
-1433
6532
3693
9580
-8866
9384
-3560
-6075
-3078
588
-6227
6182
5878
-6126
-5301
-9931
-3194
-1837
1799
2657
-6909
2890
-6906
5920
1602
-5608
8633
-4801
2104
-8020
-9213
-9604
-580
-4817
6301
5936
-9650
4308
5740
2321
4287
5690
2564
4243
-4867
9241
8975
3815
-2547
-1348
-6828
-4876
-7327
-2881
-7807
-2750
-1003
1538
7045
-806
-2918
8833
-9803
3301
-6344
-5439
-9
-9589
-2823
1036
9381
-3257
6760
-655
6902
1044
806
8437
-7787
-3700
-7303
-3607
-6446
4179
-8628
-6742
4240
-1267
-4022
2767
6568
4331
6760
-4777
2978
-7391
1110
-8419
-6356
-5061
8134
8801
-5742
-8351
-3947
-9483
-211
1592
-8987
-2390
-4396
5004
5328
4152
1242
7480
-8496
-1515
-8144
4403
9611
-1847
-574
-2322
6593
2339
1054
4299
5098
3059
8360
3203
9337
-4933
-1400
-4466
8387
-5537
6420
-4167
-4577
9561
-403
-114
-465
-9859
9377
3432
-6177
-8626
7611
9411
4424
3819
7408
1284
-1189
-8501
8446
2498
-5306
1673
-9463
-581
1170
2614
-2448
834
-9314
-8710
5838
-2158
-8601
-1733
-412
-5516
-2321
3363
1255
6616
3887
5971
-2019
-4932
8651
-4575
-1875
2170
6479
5951
9522
1798
-6858
-1009
-5356
-7333
-1077
-5144
623
6109
5480
-9940
-7432
6709
2998
-4664
335
-7616
-9919
-7648
-4696
8222
5201
9645
99
645
-5242
-867
-5386
9818
-8547
8742
2794
4249
3050
7235
4418
-8995
-8439
-6889
8128
-3850
-9852
-3349
-9683
-565
7129
-4606
-2216
-9242
4218
-4320
-2764
-7470
-3852
5213
536
-9167
-5117
-4567
3649
-1748
623
9323
426
8575
279
-6028
5473
314
6522
-8410
7262
1265
6000
5753
9814
8608
-4897
246
7588
7556
5644
-3818
83
9630
-9843
1914
5744
-9736
-9647
-7686
7910
7319
-6337
6134
7224
-7951
789
-6909
-5064
14
7085
-9041
-1501
-8944
5440
4975
2813
-7661
-352
1451
-8025
2362
-519
-5108
-2049
5513
5280
1241
2679
-5766
814
-8809
-6476
4435
-8761
-497
-9786
-2213
6288
722
5326
-2575
-5846
8116
-1967
2543
-9214
-160
-9010
4224
-8163
-9837
1154
-5911
-4173
7729
6057
-2386
-5139
5503
519
-9487
-8222
8268
1100
-3213
3899
-524
-5954
-603
3692
2268
-2318
238
6429
-1119
9831
-4751
-5528
4895
9957
7268
1658
614
6655
-1152
6783
5732
4902
5537
-7034
-3519
-8605
2855
-8011
333
-7542
-6695
1980
5796
-2109
6399
9553
-8917
2023
-7455
-1889
600
256
6256
5587
9616
-5647
-6235
8731
3177
7126
-1555
-1234
-3443
9530
-8981
1130
-3573
-7376
-9013
-9593
-2773
-3120
-8517
3090
7467
435
4206
7859
4423
4493
3421
5023
-4559
-1347
-7685
8320
5545
-6227
9584
-7632
-3165
-3270
-5995
8872
9013
8808
3878
3772
8689
-9112
9088
2961
-2611
743
5502
-7642
2850
-3545
-542
-8331
-5565
-6026
-610
-6149
-5208
-2424
5275
8005
-1410
2215
-641
-1352
-4688
-8995
7037
-2164
2371
-514
1308
2356
-4200
8794
884
7460
-1533
7229
9310
1231
-2074
-5531
-6504
-9623
-8628
7590
4828
7906
-8335
2697
7676
3019
1830
-592
-4197
5390
-6658
1382
2976
-7752
595
8900
-988
-8904
718
3740
-7334
945
7470
9136
4292
-7063
-6943
-3169
-2258
6582
-7221
2334
-730
7237
-1334
1814
4657
6452
2642
-5412
-8617
6024
3606
3537
5440
4410
-8762
-9793
458
-1329
-8979
2327
-8042
-4115
-5474
6040
8639
-5706
-5295
-5193
1737
-6806
3388
3900
-7564
-7611
5388
-5442
-1046
1472
459
7310
-8505
1749
9480
-9293
-9692
7529
9666
-4105
2272
-4729
-9178
7028
7911
2659
6365
2627
7556
-5166
2077
1214
6967
-9738
2025
-7775
2443
-6686
-670
-8819
7701
2179
8405
7666
3997
6558
6924
-7184
1867
-8728
-4142
-3549
-403
7858
-84
2390
-6769
-148
-1969
9563
-6731
-1891
-6162
1860
-8763
5529
1117
1281
194
-1407
-618
3338
3803
7950
-8119
-3959
-4072
-8323
-1113
3521
219
-6618
-9440
5240
-9229
4759
-305
-737
2889
-5681
8010
7825
3353
-3135
-6275
2830
-1518
-1277
2622
-6267
7721
6563
2218
6272
1244
2522
4764
-7019
-5103
-6331
4430
6140
-2049
-443
5701
2364
3178
6632
-9460
6710
3770
2402
-933
-6422
-3965
-8539
-1990
-2264
-791
331
6467
9486
7343
1217
9185
-2767
6677
-6158
-373
7706
3766
-348
9394
6856
2893
-3584
-5989
5176
-6040
3296
-9486
8550
7445
-8185
5397
2695
5669
-3640
-6195
5361
463
-514
-8933
7743
-2580
9729
-4500
-5772
7246
1860
-665
7486
-9750
6246
6263
7049
-3295
5128
7534
3727
-1807
2852
-7942
-6156
-5992
9344
-2950
-5885
-6215
-3181
-4356
8485
5565
-5090
1079
5914
3019
-2760
-8599
-2978
-1381
-6108
4876
8721
387
5787
9741
367
-4233
-6227
-1557
9122
-2362
3931
7383
1552
-3449
-7128
9492
7143
2227
9382
-3257
4268
-4213
6134
-4524
-5643
5597
3845
-3942
-7888
5826
5072
-6146
1500
3864
8760
-4876
9833
3770
9900
-591
6282
7639
-1051
-931
6698
2981
5278
9506
6299
8735
908
-169
7301
6928
-2887
7400
-8573
-5844
5887
1085
6236
3076
1950
3788
3893
1531
842
-2307
5253
4351
-9930
-2629
-6506
-276
9049
-8736
-3125
8011
-5842
-6104
7567
5740
-6265
-9788
-7572
-2298
-5329
4650
2856
-322
-5289
-7637
-9648
-7643
7632
-2115
8956
5040
-7062
-261
544
4169
-1532
-1075
7959
2920
-2003
2068
9406
9948
5620
-5679
-7298
1987
-5073
-115
-4826
8969
-311
-9821
-459
3238
8534
-6386
-6775
-5026
8183
8087
304
-5861
-4620
9137
-1809
-7515
-9261
7757
-1199
2756
70
688
-7524
-5189
26
-6763
7213
-8889
-4509
8999
-1075
2447
-5483
-8259
3901
-3635
-4037
-4519
-5447
-5624
-4629
-1241
-2877
-5362
-8563
875
-2102
3798
-4529
5616
-8059
9468
-8533
-4447
3398
-2983
-8259
-601
6863
-7893
4551
-3235
7621
2061
-2640
6204
9228
4631
7871
9185
1357
-1097
-9881
2392
2541
6656
1599
3735
3680
1812
7504
-6327
4981
4413
-2056
9934
2730
5117
6344
-2347
5196
-1429
1640
-2696
-437
-6352
1173
-5534
-2969
5817
-2851
4445
4977
4618
1274
-7667
-552
-3554
-6963
799
3785
3598
9710
5110
2593
-9137
-4059
8639
3678
-6494
-9947
5990
-319
-4903
-4550
7548
3473
6185
-810
-4985
-578
-803
9694
-6930
2643
-2642
6468
1317
5956
8783
-2109
78
-2011
-6695
7894
-639
-6676
9821
798
217
-1072
6316
2114
-1334
-3002
3443
5037
6418
8071
-3438
-75
-1442
505
7194
4646
5958
6530
4537
2944
1350
3608
9541
7299
-4737
3989
-2263
-2809
5311
-4064
1797
8901
-5998
688
7848
8563
-1757
3003
1654
560
-4203
6420
4910
-9164
8191
8969
-4632
9290
4078
2094
-8436
6185
9237
7399
5488
9920
-4375
1206
6877
-6789
-9729
-5989
6999
3871
-5347
79
-4112
3385
-2668
-5028
584
1148
-4360
-5191
-1000
7361
2165
-6059
9819
-454
2769
-7690
3849
9170
-8460
9374
158
2778
-5584
8729
9078
-8510
-5150
-3407
3622
-8826
-4186
7683
-3056
6238
-7532
-4289
1381
-3107
8974
1548
-9464
-9655
5470
1601
-9526
6903
9222
-8595
-5417
8613
3704
3590
7547
-4327
-6681
-9035
-221
4813
-3348
8285
6421
1942
3323
-5602
7295
-6473
4571
6938
4172
8113
-7948
-5877
-5569
5145
-5969
4309
1470
-7160
-3603
-9850
66
8576
4215
2948
2490
4538
-4430
-8483
9802
2743
3396
9699
8785
-9165
5053
7272
1149
5722
-2102
8810
-5276
-8253
5980
6305
7425
-6241
-698
4462
2981
7635
-6057
-8753
1612
6548
2313
-5203
-7204
-6813
-9270
-2095
-4039
3906
271
-853
-3802
96
-8225
-4605
-4594
-3376
-3784
-8356
3015
-5125
9420
7388
-7790
-4825
4697
4132
4898
4276
7314
-6397
8103
-6039
-4217
-3457
-7566
2887
2780
4851
405
1021
-4230
-458
-4398
-3045
-2485
-1491
-4606
6092
-9408
1853
-7261
6093
-1123
-8807
-6607
-8678
-3044
-8301
7920
-4398
3460
-1921
4202
-9629
-2043
3841
4946
-120
5410
-3045
-4315
-4897
-6572
-6244
-8466
6552
1936
-5476
-9834
6456
-2823
-5542
-865
9221
8232
-3299
3573
9125
-6791
5199
4468
8126
8358
9205
-5309
8922
3872
-456
857
6597
-1679
1666
2402
3719
-3754
6154
3573
-7546
5015
-6315
-6617
4729
2618
-2448
-4435
3954
-5943
9753
-1181
-8873
-9747
4635
2925
-7429
1448
7886
4627
1600
6354
9135
127
-8080
-277
2432
2061
-3276
-9672
7926
3015
6838
6275
5995
-5784
1507
5753
7831
6882
4553
-3893
-6920
24
3336
95
1583
4483
642
7769
-2101
8657
-6219
516
4964
-2746
-4958
-6632
9130
5711
565
-3397
-7258
1612
9504
5069
886
-2706
-1886
-378
-843
-3999
-1428
-4416
7253
-4079
9643
5523
9309
-4702
-1426
-3057
8301
5910
2706
7041
1364
-8845
-1562
-8617
9971
-2348
3306
-4979
-771
7977
-7902
-442
-4017
-3956
-8867
-4524
-9563
6688
5003
712
6030
-1073
-1204
-362
-5555
-6973
3102
724
5021
-5111
378
5589
5386
-5893
5858
1804
8952
2314
-6568
9843
-2661
-9002
7180
-7105
7599
7069
8838
-1481
9242
9545
-165
-9261
-6029
9357
6576
-3117
-2958
-7452
3614
4067
-8374
5063
-8222
2567
-4316
2948
5510
1837
-5866
7891
-7841
7145
-2186
5020
-63
-5492
4426
-3828
-1389
-5434
-660
-7702
3879
-6247
3459
-4455
8914
-3863
-5901
2360
-4874
-7856
-9223
2306
3144
-4903
2949
-6060
2157
5611
5615
-4350
-6966
-2742
-111
-4800
-4474
9033
4434
3375
-1590
-3537
4429
4566
-9218
907
-6237
4894
9166
-8159
-9210
-2342
-1935
6851
-5405
9871
285
-1001
-1650
7746
6979
-8586
286
8281
-8470
7266
1655
-485
-6169
-8732
3894
-5397
-4213
-6112
1319
-1742
-968
-5081
-299
-2987
-7950
-1438
-9437
-1930
-8556
9799
-9715
6501
-38
-1546
-2668
-1063
-522
-9689
4388
-2434
7152
-4559
-4552
-5820
-6840
-1772
207
-4486
1981
4719
754
650
-3474
-1252
-5778
8781
-8206
1484
-7948
6938
6459
2008
-2385
1106
-6422
4007
-88
-4452
3133
5270
2695
9684
9430
-2413
724
3359
745
-6533
-4650
-4000
-4417
2602
-5946
4001
7781
-9091
1020
-7508
1032
3155
-4784
-6721
4463
-5755
1448
-6560
-7032
-5747
8960
3241
7052
-4816
5017
-3274
-9824
9390
8088
6224
4167
9302
2667
3634
4071
2613
-9943
3221
5454
4515
-1594
2239
-3507
-2474
-9060
-8542
-4009
3876
8845
-8489
-1380
2106
-485
6180
-224
2533
5235
1038
9331
7803
4037
9033
-6101
3950
-6324
-7702
435
460
1366
1998
9143
3262
8428
2152
4316
7004
4621
-4841
-7914
-2720
4511
-6632
1224
4565
-4776
-7883
-3566
-1151
2213
4323
-9817
-4406
8972
-6806
-761
4004
2716
1876
-3723
5000
8733
-2519
-697
4441
-2823
-8338
-6732
-478
-7959
6672
4349
-8103
5937
-1387
-2774
6252
1568
5569
2569
5684
2405
-1201
-3698
557
-3145
6369
9623
790
6846
5750
-7576
8201
-9889
-9056
-6766
-5542
3558
8086
6439
-5856
-7777
6394
3072
-1967
5252
1445
7264
5598
1297
4498
-8603
-3458
-5195
-5461
4254
7807
-6361
1492
-4512
-3768
-7222
949
-7481
2496
-6954
1719
-8933
682
26
-163
-8374
6994
-667
-2541
-3887
-5116
-5882
-511
-4782
-5670
3991
-710
-8842
7070
543
-6179
-9586
4967
-1623
-5701
5217
-5376
-2271
556
-2434
-5892
4020
406
-6804
-3029
3272
-6690
-3800
4698
-7384
4803
138
-1816
8362
-5246
4316
-5791
1291
-2174
-307
-6432
-6396
4606
8770
-5524
5852
6509
-2754
-990
628
-2159
-5009
-2629
5872
-4659
-3385
-9008
-1687
3934
-6234
9055
-1794
-5478
-9755
-871
-8633
2677
-3475
5063
-3384
8956
-4067
-4706
4238
-4413
-6294
-8088
1321
4023
6627
8036
-6188
-5535
-1669
-646
-739
-5764
-4537
-9056
9927
5145
-7116
-4887
-2305
4216
2842
-1282
-8123
-4442
2296
-3442
143
7910
-3515
8278
3864
-4822
-9992
8430
9409
-5849
-9743
4114
3139
-3790
8524
2429
-9441
-2054
2353
-2744
-988
9005
-6279
2128
-3222
9486
7506
-1102
8003
-4737
8464
9080
1188
7811
4095
-7194
4404
6663
506
-8039
331
-8908
4355
2871
4644
-6332
1883
-4131
4000
8143
5598
-2202
-1967
-5015
-9698
5961
6832
3404
-5520
6681
-5197
-3533
-796
-8634
-3516
8519
6434
1407
2890
4989
5008
-5537
-4231
-5713
-3727
-9350
-423
7165
6706
7445
2999
-259
-6489
580
9379
-4151
-808
9226
5760
-8568
-4387
2593
8078
-759
-9766
-5359
-4619
-1345
-3193
2585
2713
-3076
-4960
-6132
-743
-6174
4701
-4162
-3921
5298
-5136
7878
-8636
779
844
-441
4356
-6677
-2768
8002
4209
-6816
8257
-9486
3692
-1568
-376
5291
798
1249
9434
-1735
-8658
282
7396
7391
8831
-3252
-8566
2160
8292
7416
-7948
-9141
2954
-549
-3062
1798
-4091
8380
-216
-6125
-9507
4997
-1593
3268
-7022
605
3350
6624
2151
-6143
-9521
-8304
7143
-671
-7177
5254
-5450
-38
-5547
-827
-9284
7846
-5983
-2840
-8818
-2423
-5883
7035
4983
-8544
-6626
-3520
7852
-4267
8543
8318
8981
-9263
-6326
-5607
8757
-2509
5188
-1944
4221
1916
-3374
7825
7049
4341
9578
1201
7331
-393
6480
-2533
-2869
4118
-4681
4718
-5074
-635
-1805
-2331
-3074
3217
5926
-5330
7749
-8714
2859
-747
6681
-4186
-3560
9976
3040
5361
2293
588
-2788
7021
-6235
-558
1604
-8293
1455
1164
4311
-8167
-2186
7061
-5934
9712
-4467
1342
-9074
3450
-7585
5139
2198
-746
-2951
-782
9561
2634
9670
-418
6481
9277
8594
-8148
2613
5759
6577
-2353
5325
-8444
-7491
2874
8114
-3823
-6216
-205
902
-4644
1003
1605
-2399
102
-3379
-6565
9801
-5906
1025
-8715
7674
1281
-2427
-2183
7983
-3099
-9850
7553
7071
4686
-1341
-811
9348
3071
4781
2249
6357
4392
-3738
-4543
-2885
4649
-8114
3331
-6922
4970
-9662
4792
-8127
6214
2701
9019
8697
-1609
-1627
2788
7959
67
-1587
-7699
-3368
-8135
6561
-376
6272
5313
-8980
3032
-8591
-4536
2129
-7639
5373
8641
2972
6123
1890
-3322
9121
-321
-3916
-8221
-2864
-9853
4159
-6593
3178
-4013
-5018
3209
-4911
1132
-8157
9395
-3401
-2887
6618
2404
-4765
-8202
-2135
-6339
-1131
-8243
-6455
-8214
-2037
4739
2955
8965
2859
7875
-9306
1928
-260
8139
307
1504
-2333
-6114
2117
5080
2225
-9970
1157
-4666
9125
-4430
-332
8414
-6313
-1310
7451
-2346
-7331
-9641
2470
2050
-8551
4635
-7557
2646
120
3859
8642
9988
4743
-7667
-5649
8816
-1787
-3610
4715
4057
-1969
8019
-5108
-1709
9558
-3881
-5746
-5826
-1265
-3350
-7191
-3351
5416
7906
-6043
-1636
7032
7767
-9076
-8837
-7888
3839
6685
-1666
5906
-9193
8198
-4974
-6695
-8401
-4744
-4656
3644
-3231
7574
1636
9951
347
696
-4524
292
-7828
-9529
7106
5536
8479
4603
3611
-8739
-8750
-9626
3337
1287
4415
-9766
4391
9252
-7311
545
-9510
-7970
-6054
-641
-6442
4183
-890
9270
-9893
-812
1038
-5486
-7427
-5091
5389
4644
-140
-6000
-3163
1102
5840
-6722
-2651
-4999
-1106
-3738
-6455
-9673
-9214
6316
2418
860
6491
3855
5618
5418
-5181
5322
6107
2843
1849
-2260
-3933
-8384
-5953
7772
3853
-623
-8931
7035
-5232
4226
-9240
-7931
-266
2692
3003
-8514
-746
5844
-2624
-180
-2948
7715
3777
4132
1849
9653
-7862
-5406
6978
4305
8679
7932
-614
5492
9661
-9230
-2292
6183
-1960
-7879
-2591
4267
683
-4770
-2780
3628
-4039
717
-1586
-1296
-9782
-1088
3608
-4782
1048
5720
1276
2485
-2882
-3783
4112
-2499
-1609
-1058
-5191
-3215
-1925
-2822
7103
-1593
6346
2356
7854
-2413
-6387
-5746
1254
5432
7308
-6059
6113
2533
1712
-3978
-7793
3326
6745
-6588
6753
5058
-1010
7243
-2832
-4931
-7629
-9585
-1608
-9997
-7838
5246
-1890
-6589
6231
-3926
-5559
1951
-3019
7578
741
6776
-8161
7764
-3054
5079
1472
57
4744
-39
-1900
5928
8374
-7120
9460
9375
-8761
-3520
9978
2054
8183
-7385
-5448
-3359
-7087
6141
6059
2878
8198
5947
6284
-2912
1329
5238
-9926
-8831
-4128
-5637
8609
9926
-451
7258
9820
-9543
-8383
-6640
-7362
-2408
-3395
-3906
7148
3112
-282
4370
-1377
5393
-2087
4413
395
6128
-8916
-3081
6986
-7536
9300
-2755
-6899
7268
-1090
-2283
7949
-3993
6955
-8258
5063
-16
3586
-1334
9569
-2316
1007
8202
-3098
6703
8437
9562
-6279
3962
8206
-4835
6447
4722
6648
8014
-8207
9450
4210
-1676
-5962
82
8018
-2388
-4535
-5811
6221
-9309
8509
-5343
-3497
-4163
1194
7826
-5017
-6247
3605
5876
-1032
-3093
5159
2137
-2871
-6155
6603
30
-9827
2131
-6907
-579
3053
-2853
2518
8523
-4395
-8596
-3857
-2395
4952
-3679
3453
7793
4450
-7156
4745
-3419
-8357
9302
-1171
6068
773
3488
-1103
1204
4939
4957
5238
-5618
208
8079
3180
9306
8197
-7426
-2813
1418
-7611
2863
-5970
-3749
-9968
2327
8878
-1779
7591
3280
-230
-7514
7310
7710
3899
-7263
6559
-2013
7601
-8380
3248
-2754
-7267
-7190
5053
5565
6900
-429
-8888
5596
5856
-8332
-132
7145
3180
7722
8819
4631
-1325
-7520
8507
-6933
-9853
6479
7144
1401
-989
8955
7473
-3610
-4766
-2354
2564
5504
-1254
1380
-5238
-5766
4969
-9259
8947
3191
-624
9242
-5549
6747
9087
5181
836
-2249
1004
575
-6416
5339
-535
5946
1165
575
2175
-2583
6090
-2643
3812
3802
7053
5931
-676
610
7467
-82
-2744
-8510
8349
1732
6077
-2085
2988
1648
-1533
3589
8158
7879
-9825
-4392
-9731
5586
7216
1206
-1890
-9216
-9070
7635
8980
7841
-3148
1165
2978
-9395
-18
-7854
1537
8587
-6744
7711
-1687
-8755
-1008
-8874
-9758
4388
-675
-884
-5814
4507
3278
-9201
-5677
-7937
2788
-5468
196
-6745
-895
-3155
9242
-7392
62
1347
4399
3735
-9980
7531
8045
962
1106
-434
-2488
7918
2990
2895
-7038
-1701
-8834
-6720
8440
7752
7505
5469
-4619
-8926
-9656
-4193
-1062
-5606
3728
-635
583
5404
-4455
-6342
-2585
-1884
6076
-3446
-735
2195
969
7887
-2902
-3291
6863
-6656
8194
-3789
-9916
7445
-5536
5509
-772
5593
-3335
7129
9716
-2339
3165
-8991
7059
-2857
3004
-4232
-7980
-3204
1059
-2976
-5150
2844
-1655
-4577
-8671
-113
-2071
26
9780
211
-9844
-2511
-7055
-3061
-7052
4326
5878
5625
9151
1909
-9562
2314
-5736
-5388
-372
-5944
7845
-838
-5971
9688
4938
-2697
-8655
936
-6090
-7180
4596
1488
-7831
2541
834
6625
1473
-4674
-237
2853
3563
2407
-6448
-6049
4318
-3245
-9812
346
4240
-9003
1019
-9854
-2428
-655
-5058
6746
4441
602
-4370
5597
9193
-7605
1083
3758
3718
-9329
7296
-3876
5313
-2583
-267
-6988
-9650
-2856
-8417
3471
9781
8264
8544
5949
2213
-4655
-5903
-7433
5955
-8508
-486
-1366
5364
-6210
-6859
-741
1332
-4872
1535
-6021
-2731
-8948
-6361
619
6433
6811
7164
2605
6324
2085
8298
-9298
-7891
-4894
5606
-1306
-3617
-343
-8998
-9449
857
6180
-4062
-6378
-2234
2203
-2534
-816
1536
721
-7465
-540
2596
-5453
6309
-576
5069
-3062
2735
-372
4166
-7191
-6620
-5785
4673
2366
-1275
-3106
7097
325
-5370
-7490
1160
4264
-1451
-8853
-3403
5984
5563
-8079
5887
-1676
3674
1362
8723
6871
-5605
-243
-6625
5459
-5259
-2785
-2373
-1859
7902
8648
5985
1450
-8393
278
9597
-9877
8255
-9108
-8025
6168
6573
-717
7882
-538
5307
-6485
3420
-4217
2618
4426
-6601
873
-235
7353
-7739
2347
-4036
1521
-1694
5364
-4824
-3374
-7648
9744
2528
7641
6715
2153
-8135
7620
-1923
-8405
3636
9601
-328
3297
5357
3778
-5627
-1967
-7909
2935
4954
-7647
2823
-7044
-4455
9368
-7444
2828
-372
8577
3138
1
550
5265
-4622
-8037
8155
-8024
-1722
2427
3601
-9955
-6481
9372
7079
3831
5453
-4379
-3568
5149
799
3373
1338
4572
-3664
4186
292
-4704
3313
3755
-4321
-3371
7450
-1757
251
-2475
-5257
2516
3529
830
-6790
-805
-6853
8068
3810
5289
7970
-7728
3023
7361
-5341
1857
-351
-4644
5344
-1347
2393
-5127
-5074
8491
-7447
-4696
-5006
-414
-7330
5801
3182
2075
-6466
4555
7216
978
-7198
-1869
-3152
7816
2781
5371
5041
-6104
-9770
1052
3553
-5576
-8181
1122
-6074
4181
-1730
3145
3141
6010
-7707
-6900
2203
93
1707
7738
6124
-4251
3454
4459
-7244
-1263
-5048
5005
-5662
-924
6493
-8847
6854
-2787
-4169
-3869
-9096
3653
-4216
-699
1577
-4910
-9770
85
-544
-6943
5045
-5528
9179
6869
-8048
-7939
-9515
5414
-7087
