12410
4425
-5182
3225
-9262
-2285
6574
-2923
7534
2072
3994
-2802
4389
5563
-8543
1309
-3511
-7705
8930
-6986
1370
-7928
-3693
9136
-3390
6449
691
-5030
-85
2609
4165
-2381
9852
2478
-586
-3816
8386
-989
3862
5921
-240
640
-5482
3080
8716
4039
4168
1648
5329
-9807
-2334
9015
2439
3591
-7745
-9137
-2940
6172
5302
3161
-7982
-4018
9640
3885
4399
6121
-8180
7381
2250
-1287
335
-8218
6347
4135
-4946
-4556
970
3888
-3157
-4152
-2120
-4919
2708
7572
8904
934
5870
4863
-1592
-9882
314
6593
-1396
-6561
-3294
-454
7672
-3376
-8675
-7661
-3649
7976
3185
7265
6462
-2113
6850
-2404
-4893
3152
3542
-8024
9706
370
5131
-8701
-560
-7512
-8125
-7535
166
-910
-2765
-6392
-4648
-3142
500
4255
-3347
-1627
-7283
-7128
-4777
5148
7385
-7054
-8543
-1165
3423
7672
-5162
-5147
-7680
9543
-5724
-8126
-7568
-8670
8871
6448
8489
-8001
7427
-2183
5690
9682
-42
1796
-7018
-8838
-4520
-400
-515
-3380
2366
559
-4239
7993
-781
-5843
9234
-3325
-369
-7953
-1774
3052
2849
-1751
-5842
-1137
-6352
-7042
232
1767
5295
8617
-9580
1638
-3913
1440
-6967
9911
-8456
8056
7740
-5537
5174
1772
-7026
-9862
6882
-6865
-2413
-7257
9529
-5112
-7092
-8618
6902
2037
8538
646
4503
6407
-8311
9164
-9034
8056
9437
-3484
-7669
8040
7634
6704
-4673
4155
7713
-7631
9755
-4121
3455
-6460
-5371
-3410
9753
2595
-7954
-1424
-1320
3037
6991
-8645
8792
-6717
-6946
-6159
5770
5205
2091
5402
3335
-4084
5461
-6719
1881
-2484
7553
676
8798
4416
8497
9272
984
-737
7855
-1774
-9816
-1522
8092
-3775
6945
-4687
-9499
6255
-6367
4975
-324
-2252
438
1489
-3159
4484
-9694
-9446
3740
-3439
-9201
2230
-4432
9292
3519
2609
-9299
108
-696
1931
624
3162
6568
-8653
8846
6069
-1179
-4304
232
485
5594
6901
5537
-7415
-1505
-9700
2608
-2901
983
-1784
2097
9657
-6997
-1284
-7127
-6443
-9170
-6868
-3818
1177
-1121
8443
9490
8334
-7202
4376
-831
7601
2086
7490
9236
-4764
3556
4199
7645
135
5042
-3553
3652
-5548
-411
7565
5662
6665
-8869
3089
-3118
-6139
-324
6405
4867
4657
3623
3441
7116
5603
7125
-2978
-9443
1843
4446
-874
4277
-681
-3367
-8874
-3131
-4310
-6925
-1766
2887
5086
5112
4029
-2789
315
5726
2340
4104
-6295
-4635
8994
-3944
-1626
8513
7208
6006
-8161
-6158
-604
1776
-9444
4554
7666
2141
-5743
4283
2737
1795
5726
-3757
-7576
-4030
4623
2699
-7312
8017
9376
-4396
5332
-9957
2186
-1613
-8057
-8617
-6238
-8881
-7380
-6821
6530
7808
4596
5621
3643
2947
7228
3271
-9355
3771
-7113
3882
-8092
1507
-2539
349
-2140
700
704
7145
85
-1625
-9544
2425
-8736
-2438
-2020
4455
-9419
-7611
1181
8171
5130
6419
4361
1190
4611
3422
-2727
2604
6891
6260
-5053
-5915
3461
7363
4733
-4930
9827
-8878
2886
2143
-4623
-4767
-1848
-8839
-8120
-4920
5434
6806
-2637
-9642
-2712
8433
4703
2252
-8105
6572
-8083
5159
-6103
-9876
2379
650
-8489
-2481
-654
772
1656
130
-3694
-5988
7902
-5049
-5378
-8503
-7077
5834
5705
-5301
9115
-9624
4813
-1956
-1031
9310
-1471
273
-9526
7060
179
-9720
5740
2266
8724
2785
8429
4561
-4288
9736
-6021
-1095
4298
-4007
-2071
7501
8103
3108
-5559
1635
-5985
4173
-5755
-1573
-863
2136
7749
3489
-7027
2880
-7451
8951
267
-5257
6899
-375
-5268
9169
7658
-8723
3180
8719
3578
-9758
6554
-1867
8346
-4119
5389
-5864
-9771
-8218
8414
3562
2291
-1081
4490
7711
-86
8033
8279
-8404
-5269
4685
-6257
6645
-4596
-3942
9266
-7457
9000
807
-7216
-1780
-1115
4906
6877
3997
-5691
6358
-7741
9911
-2479
-6156
-5601
3202
9062
-5536
4835
-1673
6425
-2598
-3055
-4342
863
-6975
9521
6946
3677
2453
1034
4727
-1051
-6822
-5824
-8317
6483
-182
-3763
-9885
3847
2320
9491
713
-4805
-4968
-9851
6734
-980
-7783
-2141
5069
-2331
5745
-1153
-4713
4348
-1395
-8699
3995
-3499
6275
-8203
-23
3701
6206
-9509
812
2415
-9051
7371
-7145
8954
2385
6828
3107
-6828
-8673
-2505
6159
-5664
892
9817
-1251
-2678
4160
-1600
-4384
-5125
1876
-6499
4067
7979
1377
-3639
9697
-3722
2891
-245
-1812
7571
4148
-4465
-6776
3101
5206
-1620
9388
6724
9638
-1274
-666
87
3308
2624
-9253
8666
-7348
-8842
-9755
7354
398
4787
3224
-2441
-6329
8115
332
-9334
6578
-5549
9211
6628
8830
7909
7390
-5578
-4608
-5622
885
-9517
-1172
2978
-2681
-5994
5718
8954
8691
7988
8254
-7469
-8544
-2682
-8488
1765
-1383
-2268
1522
-6120
-545
-1677
-5986
-3449
-7377
-7928
8640
-3509
9556
-3322
2215
-9185
-5368
7568
-3510
-7582
-5034
-1857
2800
9320
6373
9979
-1820
-9609
-3281
-3280
6868
-3754
-5967
-9158
-6796
1576
-7630
2076
-6633
-4416
9603
291
-1952
-4252
-9216
-3120
5523
7206
3472
1926
4863
-2125
3617
-9917
-5203
5092
3992
8579
8851
-6001
-9120
-6341
-9611
8338
7208
-9329
-4895
8292
68
-5976
-1116
-5789
3495
-9338
-9383
-709
-8586
5329
-9153
8534
4558
-2962
8749
6705
-3033
-6548
769
-6955
-8423
7322
6935
-5098
5419
-9063
-9685
-9113
-7191
7822
-1581
6120
-9666
669
-188
7763
6981
8254
-5901
288
-1004
-3094
-5452
-3015
-3829
-9557
3764
-4804
7344
9349
3101
8088
7132
3365
9203
-4436
5161
3410
5920
-5470
1277
-7442
489
-5338
3402
-8978
-4191
-8651
6412
-8399
-1837
4713
-1798
3622
4901
9739
9604
5531
5337
8754
4069
-9668
9370
-1084
-5139
2771
2576
5453
1903
7600
-4289
3252
8498
6139
-5946
7437
-1606
8907
-3324
-7349
6762
-7392
-2698
7098
-7557
-1632
7684
-6111
9569
8722
-8625
-35
-1200
-3453
82
4586
1769
-4359
-2211
-7161
-2413
7431
-8552
-5027
1720
-5911
-5163
-3328
-7905
5269
1374
-5591
6317
18
-2312
8189
-6266
-6516
-3256
-4257
802
5094
-2456
3049
1262
-7514
6285
-4036
6153
-9838
4894
-8365
-720
3663
97
1112
4108
-7605
3752
-3765
2113
9741
1278
9416
-2849
7682
5466
-4361
-7029
8462
-276
9689
6985
-8624
2209
2416
9178
-8968
-8996
-2468
-160
-3578
-2672
-6345
6863
3839
832
3884
1010
9048
8395
6881
4277
8335
6296
485
4060
-2315
2190
9618
5359
-5652
-3239
3000
3586
4327
1768
-3298
5012
-5997
-1344
-3282
5628
-6440
-167
-4712
-4999
5928
4551
-126
-9915
2102
-8095
-6554
-4033
-55
4832
-6570
6563
-5494
-8830
2989
1542
-9804
4814
3299
-9912
3359
1263
-2849
3237
9269
1091
2147
2705
1305
9546
1514
-8487
-2171
3261
6655
8735
7756
-3382
-1731
-832
3345
3032
-8965
-313
-3543
-620
6373
-3684
-3151
2878
8609
-8942
3782
1184
-8969
-334
-3372
-7844
5430
2520
4336
5698
-2316
2316
-2263
806
6152
-8602
7542
-6983
-6522
-8047
5735
-5881
-5028
-3672
-2651
-3080
7497
-9585
-5138
9551
-3764
1848
-4685
9442
8437
7070
-7445
7244
3754
3994
7328
9425
-942
-3224
-9117
2215
-4132
-6975
5463
5971
5432
8098
6533
-9393
4502
-4470
-2862
-6843
-1724
-5728
3185
-5631
4022
7310
6283
8652
-9403
-6120
-1344
-5325
432
5251
167
398
8927
326
-9268
510
-2574
-69
5244
5708
-1685
3270
9311
732
7408
6085
2005
2140
1523
580
9704
6312
9212
-9712
5962
-2503
-7748
8102
-2607
7648
-2569
5134
-487
7121
-6601
722
-6260
583
1781
7194
-3226
4489
4245
-5166
1466
-6735
8543
9178
5270
3854
-3856
9878
-5149
-7359
5578
8049
8172
5189
-7174
-2959
-7188
-3249
-340
9879
-8147
-9548
-7953
6594
3758
6649
-9670
-7222
1929
-9597
525
-4061
5876
-4178
-4507
-1775
2099
-528
-9311
5447
5590
-6910
-730
-6369
-4839
-8750
-7600
-811
-6819
2516
-776
6049
-4867
-7410
-8211
4925
4891
9783
-4567
2531
1223
-6620
6323
-1560
171
6944
9068
7890
3768
402
3249
-1696
-6939
3616
1640
-5352
7210
-2156
6092
6422
-4882
-5097
1823
2994
-2648
-5429
8564
-9063
-9
7273
6467
3818
4015
1478
-9212
-1597
3885
2500
-8532
7552
6652
-4895
9788
-9779
-8125
-4800
-1169
4935
-9721
8624
-3521
-6103
7723
2981
4070
-5049
-4087
5626
1141
-730
9853
-947
-2819
7635
4157
2761
2724
-7745
-7613
-4913
1236
-9654
-7314
-4118
5451
5975
2243
735
-4109
-3171
4220
1709
8169
8079
-2252
3604
-231
9597
7109
-3686
-1618
-6343
4872
-5586
-3465
-3437
1223
-4497
-1667
-2403
2221
5949
-3071
-2996
-3826
-2315
649
-3513
-9682
-2581
1092
-1914
-1317
-8601
3620
-1335
1074
4439
14
7169
9303
7415
-5302
3140
-8464
9063
6535
3244
-9971
6318
-2020
3751
-5897
6359
-1955
-6425
-6475
5244
-6597
-923
-8349
821
-8870
-9790
-6926
6453
-1847
-880
-9296
-7552
8821
-7757
-8416
-8798
2084
4386
-9680
383
-6220
9569
-8973
9346
5972
-9522
-5131
930
-4517
-9240
-279
7277
-452
-1214
3659
-7847
-102
8580
-9574
8917
2398
1869
-9373
619
2572
-6485
7550
4335
-3591
-1995
8170
7544
-9964
-1807
-7188
-7907
2676
-2676
302
-9079
2398
-2160
-8650
-4171
-7295
6511
-9917
-530
-457
-2112
-6584
-1222
9073
2391
-3968
-1370
-373
-896
8212
2431
-1991
2590
-733
-5283
3391
877
-4452
4831
-502
-4769
3223
2810
3766
-7527
6926
-3449
-4002
-6185
-6833
774
-1404
1010
-2297
-6426
-2874
7427
6892
-304
3490
3955
-6761
-7823
6859
978
-5635
-9421
-4800
8252
5840
-8368
-9747
-806
8403
9878
6948
4068
-6356
-4383
-9493
7302
-948
-1337
7555
9021
-9391
-8389
-189
5989
1430
9942
3675
1840
931
-4878
3990
4001
4055
-3790
3032
9887
5686
-4006
6559
-5898
-8843
4085
-3411
7853
3801
-719
-2175
-9433
1116
6207
8755
-2871
-9967
-1527
-6216
-3842
-14
1143
7152
-5327
-6467
1841
147
-2449
28
781
-3416
-9286
9376
9147
9457
11
7851
79
-3225
-8784
234
8476
6188
9791
3927
-9756
5282
6594
4684
9572
6378
3673
-9301
5059
8009
-1738
-8143
9367
-5315
-8669
2916
6067
1785
-9929
7364
-6689
7969
-6596
-9994
-9327
-4453
9093
259
-9893
2394
-2016
7279
-6505
-8728
-9417
-115
9373
-4225
-1870
-5683
2911
9629
7334
-7990
-9547
-7692
2148
-680
6100
7016
9235
-4117
-2964
4424
9136
1047
-3006
1324
9349
8920
8853
5379
-428
-4866
7355
8589
-7608
4702
-3254
9660
6096
6384
3280
-7199
8096
9215
-6752
9976
-6447
6266
2994
-2434
-3194
2806
5646
-2110
8964
-9571
-5835
-3464
7367
4038
7366
7698
1821
-5589
964
-4039
-470
-4579
-7179
-8663
-1534
6167
-5332
6172
1826
-3688
-370
-7191
4404
453
-6479
-8758
-4438
-5047
-9450
-4254
-6270
8182
-2404
-9458
2396
1394
-7095
3129
9752
-9481
746
-3827
-4588
8036
2083
6253
3134
3240
1715
-7803
2261
-357
133
9872
9804
-2846
-7820
-7602
-7038
4681
-8635
8784
-1748
-5683
7019
-6404
-3503
-2011
7422
-645
7565
-6389
-6
5585
7202
5969
-3211
2324
-222
-2773
1576
3562
382
8060
-7626
-6069
8636
9686
2572
6430
4853
-6293
6018
8083
4497
-8373
-5325
-8231
-2542
-3661
-4712
2514
-7380
7547
-9127
-4544
5194
2534
-6715
7321
188
-7144
373
8088
-9919
3117
5302
3502
-7633
6249
7283
7067
3276
8358
-2482
7311
-5407
5436
1146
3706
-3719
-4035
-5925
2570
6283
3293
-5787
-67
8274
5490
4174
-17
2693
6372
1806
-6776
-5622
-8541
3730
3221
-1515
-8193
5431
5858
8806
9872
6754
-2141
7693
-967
-6618
-1004
3081
-4708
7553
6464
-559
-6749
1366
-3190
-8018
6022
-1460
-5244
1650
-9137
1106
-9617
-6975
-3049
3554
2563
7265
5528
5988
-9219
-2438
5928
9029
4319
-6196
649
-1621
-1757
-2591
6121
1525
-6492
6038
-3708
-7982
-1796
2921
9326
-506
4527
-1644
-2873
6070
-4903
5132
6875
9346
-8678
-2054
-4528
-8287
-8109
5092
5096
7146
7586
-3911
8703
-4624
-8758
-4965
1679
1678
4788
4289
-7201
-1457
-5476
-2583
5112
2615
-1903
-8918
-1689
3568
-678
5532
8647
-1624
9929
-6276
7931
402
-3000
579
8673
-6029
2731
9425
-5633
-3835
5602
-6024
8
-3627
-6788
7691
-2896
445
-1793
4808
-2586
3191
-1507
-2815
-1877
-3686
-4447
-5200
-3128
-2312
-6002
8253
7333
4284
-6294
2040
7970
-24
8076
-7036
4931
6104
-8948
-648
6109
-3434
-2256
8197
2265
-7812
1080
-3347
8342
-5425
-4447
9615
-3467
4898
-8752
-8277
-6168
1693
5493
-1125
-1188
-3198
-258
6329
-1838
-853
-3543
-5687
-9301
-8700
-9436
-5500
-9188
1421
8906
6463
-7001
8577
-3362
2156
-7829
4384
6586
1128
-9411
-3018
-3100
6777
5787
1742
626
6046
4444
-3413
2572
2041
-369
-2792
-5931
-810
-7907
-4835
3233
-9498
2374
-6273
3721
5844
-818
-5129
-6257
-5113
-6550
-4066
-4282
-7191
3799
-8601
-9968
6646
-784
8575
-2430
-3125
-8022
-9381
-1084
5262
6927
-8960
7742
-1932
-3219
-9543
6844
-7703
-229
455
-2139
8483
-8043
6549
-5809
92
-3714
-7109
-9958
6937
-72
5633
-5883
6829
-5298
4900
6307
5493
-4258
4742
5660
7564
7081
-579
545
-2758
-5372
-1334
2354
3820
-5953
-1183
-8270
-7619
9241
6240
7865
8099
-1530
7621
-8783
8643
-9436
-9714
-1610
1238
-8077
6523
9162
-6916
-2444
-4126
-9261
-527
-1307
5480
5685
-7478
-1227
260
1766
-6415
-2357
-6715
1499
-1241
9074
9636
-8458
-9998
-1915
-6514
9612
1319
8225
-2070
-9400
2899
-1435
1660
9520
5770
6053
-7692
-4308
4027
-3065
3128
-9530
8766
-6140
3202
-1743
-8017
-6953
7044
6209
-4077
-5602
3037
-4910
5055
-5952
-5929
7880
-5751
8341
6369
-7892
229
7246
-7496
-6736
4310
-6182
-867
-8991
1363
-706
5964
-4647
4119
7608
7975
7342
-1402
-1146
-6544
9454
-946
-2241
8536
-7432
-4582
5316
6511
-9272
-7747
9967
90
3488
-6520
-1320
-5917
-5854
3709
4250
6923
4797
9983
183
-4073
1425
-7079
6303
-3512
8588
4498
-1121
7853
4984
4079
7265
-6908
3202
5646
5789
-4640
-7450
4970
6208
2630
5788
9183
-4787
-2444
9671
-4189
146
7454
-1182
-9473
1201
5283
6685
-487
338
8132
-4661
3394
-5879
2007
2618
4394
751
7799
-1434
-4638
-9767
-5268
-6625
679
3131
2016
-5953
-4866
-6860
9223
-6696
-1368
1575
2415
-5615
4433
-9074
803
6544
9781
5179
6516
-2913
80
-1222
4213
-3015
-831
-8787
5969
-2964
-8959
-5828
-886
3171
-1130
-870
4700
9807
4271
-8765
-8635
1562
-4783
5698
-6067
-6704
6933
8870
8618
4651
-6428
2040
-8157
560
4574
9872
-6433
8631
-7573
-6620
-4963
7480
-9546
-4842
9855
-8537
-6434
-4109
-6465
-2576
-9478
-4811
-2438
540
5143
7815
1657
-5200
-2877
-7999
3059
8143
-1847
-1368
5436
-188
9372
-3144
-8991
2488
6736
5783
-643
-1008
-1204
-4651
-3146
-682
3030
-100
9765
4053
7742
-8201
1866
6439
3769
242
9264
-8546
-8583
-2028
-8254
4435
7975
4967
-1105
487
-3510
2574
4380
8102
-1777
1535
7223
3624
8393
1749
-9684
-6714
-4077
2757
-1340
-711
2305
-3596
-3188
8192
-2893
-2664
-6749
-1391
520
4089
6196
-1913
6287
4625
-2087
5898
3448
-5594
-2197
-7479
-783
4799
2601
-1
-6847
4979
-1804
-7592
-8433
-3805
-8171
4079
-7857
1810
7151
4390
667
-4183
-3895
-1629
-916
1389
-7143
-8302
-14
-9083
2405
-6117
8231
-293
1449
-3875
-8949
-4759
2941
2642
-2488
7573
-8145
-6131
-1407
-8973
5081
1610
-2379
4058
3417
8254
-8780
703
7879
-9427
9799
2842
7915
-8681
5331
669
-1056
-326
705
8552
9197
3495
-9445
-2296
7884
7591
643
-8862
2936
-2633
-4483
-4839
-6511
3579
-5211
-6127
2999
-8398
3226
-2934
2828
8780
-3401
-8566
9440
3128
-1319
-813
5285
6484
-3924
-7965
5342
-8550
-53
2527
-4281
2019
-8580
7790
2201
4657
-4572
6825
-1340
6704
-214
5429
5950
-1024
6419
-711
-215
-5801
-1173
-1019
1492
-8792
4650
1282
3259
-9101
-5467
-1696
-2632
-2445
7075
-7915
5265
-7443
-8628
6863
4968
-2926
-8563
3813
-5890
-7464
-983
-3835
-5146
-7541
5323
-1656
-4465
-2252
9427
-8654
-4848
7973
1534
-2590
515
-5976
-7174
6349
-6631
8754
-1833
7700
8540
2754
-6180
9353
-4412
-4222
-6452
-6920
5015
-2181
4294
2308
-8627
169
-1820
1784
7134
2282
-3045
7784
4955
7942
9739
-2361
-1941
7265
1599
-7841
-3971
6111
-8269
7156
-4073
7138
-6388
-6097
-3691
442
-8975
106
-6350
-1384
9727
7991
-172
-6002
-2829
9325
-878
-897
4118
-489
-3896
-6372
3523
3169
-6458
4091
921
-3571
-506
4623
6468
-3093
-7855
7160
-3304
1250
-9041
147
-2713
273
-1687
-7899
6909
4995
5437
8124
-5625
-6613
2252
271
-9005
-1524
-9960
-1291
7805
-9711
7946
851
9087
4245
-4891
9572
9178
3209
1273
-2307
-44
6237
-9189
-8385
5154
1304
113
3975
8943
5960
6279
-4597
8482
-1651
707
1082
8865
-7806
7286
6632
4436
4080
-9008
2476
2365
-108
3651
1112
-4868
-6948
4175
7449
-3232
-8830
-4569
7228
7034
9373
7006
9894
7086
-4138
-8373
-342
3167
-9935
371
-2617
-423
552
7954
5278
-4078
4246
8267
-9211
-2154
1014
-1298
3625
2305
-8238
-9566
7727
-5670
8575
5688
-1820
-266
-1119
-4267
2931
-848
4476
-9730
9775
1397
-9492
7470
-9870
4030
5729
-7209
-7459
7689
734
3612
3669
4403
1652
2923
-1685
-1771
-696
1760
-4752
4874
4893
5785
8394
-1789
1257
4869
2942
-3420
5611
-6529
-9402
1767
1134
-9694
-8627
6646
6856
-8926
5018
4419
8152
8117
-444
1501
-6062
-2551
7096
-7765
-9908
3602
-5899
5606
5590
-9258
7462
3567
-6255
2597
-6875
-2801
7260
8602
-65
-6564
-1103
2603
3039
2832
3272
139
1580
-251
-2566
780
4819
1449
1210
7496
6423
-5460
1905
-7435
9532
-5693
3073
-362
4069
-5020
-452
-7894
-7993
3336
-4021
-8801
-6988
7685
5585
4654
959
6638
-201
9428
-2946
4705
6885
2443
8391
-4580
9126
2718
-3086
4338
8130
3996
-4268
-7810
5906
-9220
-5596
-6320
-4178
5719
5166
-892
554
6127
-9116
-6548
-5522
-3422
5490
-3583
-6139
823
1325
-5250
2009
2112
-6042
-6577
4752
3864
2810
1158
6230
5498
-9403
2889
8773
1042
-6432
2635
-2166
3014
-6996
6409
-5721
-2821
4958
3238
1201
4910
4818
-1249
9204
-7996
-9752
-982
-1175
-602
-9344
-8971
-1708
9362
-5027
-8778
595
-3387
-2054
8348
1237
-1793
8860
923
-5661
4612
9684
6550
-4708
903
-9705
6778
7129
1000
-6588
-5616
9852
-1094
9231
801
-4318
-3504
-9477
7622
-2525
139
7400
-6324
6770
9095
4833
-1100
2710
-9988
8633
2398
-4389
3007
-5467
6160
-4330
-1266
5687
-8735
1725
-8111
-3877
3964
-7731
-1498
-9731
1173
9576
-8450
-8742
6120
7501
-1974
-3894
-1909
-3657
-3356
-3114
5729
4441
8947
8219
5756
7285
-2261
-5535
9788
-4467
-5907
-9435
9976
1816
-2871
6233
-9070
-9334
4315
-6807
-6169
2360
5369
8909
-4575
8539
872
1387
-8537
8659
8942
4557
1123
-9922
-108
2183
-7232
-4060
-7849
7647
5593
1277
5634
-6304
9608
5400
6361
-3074
-6215
6094
6109
7420
-8248
-6869
3002
6920
-7456
-9877
8727
-6270
-7148
2085
-5695
8217
2588
-5273
3662
-5030
-3628
3315
-7270
9151
7091
-8592
-6339
-478
9798
-2505
1267
3807
24
6229
-4779
3547
-5381
-9153
7986
3370
-6080
3589
1824
2623
-2443
-8201
3610
8792
-3645
953
5806
4777
3374
-9361
5153
8271
3278
-9116
-2059
9302
-2076
-6166
6249
-2603
5272
7547
9155
226
-5249
-4185
9137
6211
7263
3372
3943
-6159
-8333
-2078
8342
363
-2945
1859
-9190
-3804
-767
-4290
4148
-3258
5751
-1516
5845
-6190
6633
3385
8158
-7179
5654
-1717
2973
8012
-2022
6556
9620
5216
6860
-9252
1805
4619
211
-4493
-5569
8081
4056
8388
-6288
-2447
4788
-738
9880
7759
7959
8070
3689
7720
5179
8748
-5664
2427
3263
8473
1122
-7201
6692
-9351
7615
-4973
8611
4678
-2471
-404
5421
-1141
8509
9390
-5323
-7746
8366
-3760
4800
-5871
-9852
-1527
-1788
-4011
-746
5261
-7906
-609
5311
-9741
-6898
7336
-4145
-9197
6288
-3373
-6780
-7812
5843
954
2417
-6964
6627
-4970
2895
911
1793
338
-2519
4747
5952
-1753
-7923
8526
8007
830
5994
3120
-4926
-7050
-8919
8781
-9166
-1307
3333
4238
9805
1293
-2915
-6682
1077
-5800
3843
-1909
-7858
230
736
3398
-5013
-1936
-70
-6649
1851
-5449
4149
-1576
4725
-3523
-8836
-376
-8875
8800
8622
8117
5298
7531
9168
-7138
-7670
6242
-2386
989
637
-9505
6202
-4378
-2102
5323
6337
7899
-2948
4669
-8946
2957
-325
-180
-2174
-2896
-2505
5743
-1134
7215
14
-6244
-6571
-6995
-5199
-9470
5516
-6014
-1423
-2688
2098
-9087
1241
1029
9995
7181
8617
3319
-2245
8773
-7220
8661
-9190
1300
-6024
-2909
9679
4780
7132
-9741
-2541
-3139
-9390
-6126
6538
1654
7548
-7520
-7996
-2186
548
-4019
-921
-2884
8392
-8813
-4891
3373
-3644
-7451
4858
-8386
3852
2837
4355
7088
-6554
-8430
4314
831
6288
7493
6867
-9176
-8309
-1263
-6484
6490
6620
-5832
-2159
-7097
-7882
-7423
5812
-6719
-2532
1556
-2254
-7993
5090
-3244
531
7395
-1035
-5452
-3415
-5545
-4621
-4960
-919
-1725
-521
4344
-64
-7041
6772
-4648
4457
437
8880
9139
9098
-103
3754
2084
-5023
-3809
789
-9876
1142
9694
2500
-6151
-8012
5961
-5265
3242
569
4314
36
-6795
7711
-6418
5953
4625
-6182
5744
9577
8034
8704
9043
1534
1415
4522
-4023
-1198
9685
-6936
4278
854
-4549
-1654
-9875
8299
5818
-6765
1661
9613
4934
3990
205
-4646
6989
960
9554
8217
-7178
1710
-522
9356
3915
7777
-8175
4162
-6172
5719
-6260
-2450
2332
1553
9764
-5244
-9544
7773
6128
4545
-6394
1719
6613
5447
-6169
-7381
4943
-269
-9148
3515
7706
-4682
8570
-9721
5839
6801
-234
-502
3233
6065
-5183
-8592
1347
-1608
-3912
-4974
-8217
4785
5201
9249
-6453
-5974
6234
6773
-5939
-1276
-3089
8034
4032
521
2388
-6828
-1059
-848
199
-6445
106
-949
900
8551
-3504
7345
6899
3629
-3487
9158
-9870
-6700
9449
-3742
4143
6984
1620
8637
2132
9373
-5347
3698
2381
5486
-9349
5717
5486
1038
-9544
-6330
-3537
8822
-9482
-7667
7739
-6429
2046
7916
-862
-1863
4000
-6357
7637
538
1030
5138
3963
3113
6427
-9202
1984
-236
-6395
718
2181
3516
-3856
-1891
-1483
-8486
-6735
-3580
1135
1622
2651
-724
1005
1008
-4147
9170
2624
7578
-7825
-9459
-3418
-8400
7366
-7492
6753
-4265
-8958
7138
6178
3292
1805
-7540
4051
1938
-3633
3344
4707
9117
2219
3988
3071
6317
1638
2656
4394
-912
6717
2609
-9476
5854
611
-8165
-6145
6274
-8608
-3097
1137
-2383
-2385
4997
-5938
2685
6013
1093
-8864
-5665
-4034
-2449
7164
-4963
-59
2670
-5196
-8220
-1334
6693
-9465
4248
-2659
-870
-127
-1112
-8145
-1733
4493
-9206
7709
1823
-2910
-652
-2453
8939
-5355
1554
637
-3117
9850
1704
9346
6878
238
1596
-853
-513
-731
4702
3579
-897
-3647
-513
-5799
317
911
735
-5033
6785
-9684
-6189
-1424
-7408
-1940
-9827
-1382
8469
-7401
3636
3910
4495
3381
-8700
996
1148
-3276
1278
-9768
-9934
-4675
150
5576
-7464
-3566
3243
9724
-678
-5371
3611
-9666
6318
729
9346
-6970
-1613
1581
7764
3102
-2902
1588
-8401
3454
-8677
-5259
-892
7337
4939
-4597
744
-7141
-6868
4769
-7062
-4408
9264
-1103
5858
2103
-418
-6548
-9195
6243
-2680
2026
-365
4234
8110
7971
3887
8800
2323
4910
-3977
577
7206
7045
-539
-4676
-8304
-1545
-7106
9928
-5602
-4609
-3157
8681
3791
5285
9956
-780
1065
-4291
-7881
-2970
3085
7119
-8780
-1722
1657
8215
1509
7515
-8770
-2509
-3416
6336
-5149
-8468
5037
-7966
4490
-2542
2280
7554
-9825
3143
4723
2709
181
-3864
8392
3838
3
-8830
-3798
3562
4938
-4132
1776
-410
-9972
8726
-4078
1426
6784
6084
-8382
4395
-4765
5494
-2355
5058
-2536
6599
-5187
-2771
6759
7373
7577
-5978
-9809
8098
2270
8270
-9998
8126
1543
3750
4493
-449
5972
-4697
-4214
-7586
3842
6744
-6939
2950
611
9619
3233
-6251
-1177
5002
3666
-739
437
-6715
-1734
-1710
-3629
9842
-7114
169
9583
5696
-4068
4091
-7501
-721
3648
9130
-5728
-1260
9883
-6049
897
1468
-9553
7653
-3821
-1851
-3675
-7996
6218
9082
3170
7647
6656
8768
8194
-9477
3941
-5967
-211
4010
5169
-8066
2861
8574
2589
-815
-7343
-8482
-112
-4250
1815
-8122
-8719
8518
6490
9337
-2221
9408
-7488
808
3996
-5233
6988
-1435
2359
4576
-6112
4629
-459
-3151
9807
-7221
-4512
482
-1698
4887
2932
6314
-1373
4580
9541
1327
4635
-6083
-6664
-1598
-9133
9319
6802
6546
-9664
-8034
2278
5052
7166
-4336
-7611
-3523
-7922
7222
8163
-5950
-4062
-2430
4897
4987
3751
-4319
-6060
-9203
3298
200
9578
-3890
7162
-6995
7343
9479
-2660
9660
-7540
-5926
-444
9778
6759
-5856
3271
2875
2727
7550
-9233
-7287
4684
8517
513
-6047
-5756
8082
5463
1212
-90
-7256
-1012
-8642
9201
1705
-9617
9243
6623
-3805
-2909
-4354
5580
4421
7203
-7341
546
5857
-2080
6324
9327
-6352
1113
-5537
8973
3352
4143
7036
396
3262
-7242
-1863
2664
-5223
4020
-1564
-4398
-3535
1743
7098
-424
9243
-2705
-957
2761
-296
8123
-2134
-3984
-7172
8112
-1086
-763
-2609
9106
-5946
-9416
-5575
5413
-785
-4196
-4609
5425
7418
1977
4466
-6486
1676
-2109
7554
6320
8388
-144
4576
-8765
9293
1128
-8786
-344
9764
3147
-5832
-7020
-7890
3873
-9839
8320
8705
6319
-7459
-8317
7858
2611
-3223
9676
-7116
-5307
1386
-8601
-7199
-4914
8701
-4228
-3651
8950
1852
-4996
8505
802
4373
-5655
-5374
435
-4268
-8378
-2803
-4102
-2012
-232
-2962
1843
-5773
-1031
-1162
8623
7501
-8917
-6054
-5553
3392
-1693
-9746
-6877
-4113
1454
-230
-9242
7394
-2804
7822
-6096
-2839
1867
-7929
-1286
-2669
6197
-9242
4339
-2437
2301
-590
6839
-991
6149
-8556
3392
1423
9203
1561
-4753
3646
-8460
-6055
8422
-8905
-791
-628
8271
8117
5025
9434
-7840
8377
4124
-2962
-7133
-1301
-707
-7169
-5162
6452
8205
3191
8822
-2510
-6905
-7200
7412
6161
-1611
1585
-5674
-2119
2744
4422
-6436
3296
7412
5314
6692
-1188
-4004
5967
3528
3561
8765
2969
4211
-469
3964
-3487
-8149
1028
-2082
2342
1966
-9037
4020
3345
-9430
8040
-9287
-3587
-129
-4173
5685
3258
-5907
248
-8613
4528
-2293
-2369
5790
-8789
2756
-1174
-7336
379
-8803
-848
-9813
2350
2910
-1887
7104
8012
2068
2193
-8843
9170
-2398
3781
-4428
-4972
5090
-3398
-2770
4084
-5904
-6322
5742
9360
-1071
5989
-7174
-6046
7544
7689
-7908
4207
-1375
7127
3930
-5152
-9564
8299
-9695
4310
-5325
-3010
-8591
6626
7396
3740
6510
-8364
-6344
-843
7907
-5011
-83
-2037
9092
2449
-3387
1986
7770
-3121
-1144
9896
9086
-760
-9311
1758
-9675
6661
9307
8831
512
2056
-5640
-9607
8758
3288
-7624
239
4487
1991
-5270
6004
7071
-7334
4284
-8808
4991
3258
5142
6717
1975
3633
-2907
-3260
-5518
-8351
-4540
3922
-1554
-5020
-2197
379
1737
2580
8412
-4616
5470
-6576
-410
2541
-3280
9374
-4754
-321
-7712
-3280
-7875
-3879
-2119
5003
5979
7330
-8612
4156
-3153
-3337
4097
-5128
1693
-1234
-139
9202
-1087
-9173
1311
-9436
3732
-4451
-6196
-8884
-2450
-2475
-6997
-1755
420
-5660
7367
-3843
-7559
4094
934
-5518
1326
9797
6836
-5831
7430
-4819
-6517
-5857
7879
-2243
-4541
-2754
5456
-4948
-8874
2823
7037
-8312
-4238
-3662
7441
8982
6589
3727
6108
-9244
2483
844
4463
1633
-3291
3663
5203
2659
4938
-4034
-4068
-9635
-8781
4039
6343
-386
208
5201
7893
4566
7324
7804
8598
-7307
4420
-8852
9703
2828
-7249
137
8297
4418
-9819
-6437
-5875
7309
-851
8784
4340
-9396
1187
-8140
-9815
-4092
-3230
-9245
-7970
-2604
-559
-6574
-487
-1896
-3834
-8354
8507
-662
9962
-1585
2940
-3146
4118
5941
147
39
7248
-8674
-4502
-7334
-5017
6494
-8522
3357
-5505
2996
2179
1803
-3354
-7039
961
571
7475
-3671
-5923
4273
-4643
7729
7984
2076
9332
-8064
-8002
-6896
1487
-1874
-9650
4634
-2709
7195
1918
-3572
-6585
-4050
1098
8112
-9950
7714
4580
-6233
3957
-2861
107
6270
-927
5285
-444
9671
2993
-1163
6651
4698
6003
2583
-1103
7723
6253
846
8965
4736
-7403
2813
3057
6645
-885
-9618
6333
7857
-7152
-6140
7644
9507
-3894
-959
3413
-641
-971
-9575
-7236
-492
5873
-3065
639
-8111
7532
-3232
9025
2298
7173
5327
-886
-8620
2294
4386
-9400
-2380
-7094
7873
2567
-1671
5819
-9193
9355
8232
-1099
2031
3222
-7907
-1107
-8282
512
-1748
4071
49
6025
6671
-3820
7726
-972
-3721
2674
-9964
6700
5118
-3545
6315
-7036
-9490
-6836
1053
7496
4153
4480
8318
7959
-5157
3554
-3133
-6586
3690
-6314
405
-9183
-2176
7279
154
-8513
4674
3373
-6232
4540
-7788
-7975
1182
-1846
-222
-2617
9464
-9847
666
4784
-626
-5600
-9507
1026
3939
-770
1830
-79
-5803
4491
-2446
-7658
1156
-7044
5273
-2988
1132
-8280
-5943
4760
2039
-5133
-180
3388
-8698
5285
1238
-8084
6018
-8604
9718
-8535
230
-5751
-4692
2889
-7838
-4517
4765
-3872
1654
-5907
6252
-2108
-6747
5729
-4180
388
-6127
-869
-8143
1738
3577
-4359
7899
7131
3434
6641
407
-9585
-3237
8594
-5276
7764
-8935
-3070
-5359
-2540
-1471
3685
7256
-7368
2454
5927
-698
-4333
-156
-1147
4500
-3061
-6747
6803
9387
-4030
5902
4280
6546
-6609
-6897
652
-1296
-3809
2164
2481
-5496
-7968
710
8574
2226
-2040
-2253
-557
-539
-385
2038
2618
-4666
9210
7502
6624
-4678
-3721
-681
8766
6639
7246
-4504
518
3167
3712
-5904
-7351
4706
-3616
-7083
-1115
-5265
-3032
1406
7890
612
4422
1183
-9346
6823
9820
7863
-7945
9620
8836
-3247
4903
623
4446
4294
-2588
-3960
5787
-6455
-7925
9695
-3529
5330
9541
-2062
6196
-8079
-6698
-5977
-6920
9664
-7781
3202
4744
3321
-9898
-5236
7394
5876
830
-2767
-7473
-4005
-9679
2672
1291
-7803
-6628
-5936
7349
-5964
-6428
2153
-1893
1398
-1186
-383
7529
8870
-6653
260
5967
-4576
9466
-5679
-7021
1144
8846
-1915
3883
-8883
-7586
8183
-3849
4609
4539
-6814
-9550
331
2863
8779
9202
8114
-3706
-3679
-5702
1885
-5010
4021
5808
-9684
4753
-2586
8218
-3643
2819
9267
-2439
1642
-4834
-1591
4150
-8614
-9951
-5761
-484
8490
8336
7915
8653
3737
-8878
-1206
-7254
-9793
1910
5617
-778
-8136
-9696
1828
-5192
2220
6650
8405
8532
5725
7423
-5910
-1377
-7840
-9798
4008
-7474
992
-5426
735
6859
-545
-8919
-3772
-4055
-8573
-8538
8493
-2343
-226
6087
-5539
-1235
553
-3055
2843
7935
4673
-8154
3767
3577
-334
-4688
2498
3873
5342
4130
6264
2303
6005
8724
-4913
4868
7728
-2601
-8760
-304
9901
-1793
-7145
-5611
-3109
7351
-403
797
2809
-927
7281
-4053
-3065
-4732
-8107
1317
5098
2234
-8676
7007
7010
9181
-3036
4473
-9965
-9669
2587
-7169
872
9902
-5254
3093
4622
4380
-6762
-3907
655
-7768
3839
2360
412
1297
3161
-8974
4309
-7678
-466
7014
9591
-8102
1835
-108
-951
7920
-7710
4931
-4007
-2084
-7842
-8335
-7209
-3599
-4259
-9577
-1080
282
8878
7172
3304
-4521
-152
-5137
8816
-8461
-4156
-9943
6246
-9243
8539
7365
-2974
-2429
-863
-4460
2913
2773
-197
2388
4128
9450
-8667
8332
-9219
-5818
287
-8553
2342
-6166
-6937
-2495
-6297
-4436
-2803
-1701
3630
3910
4110
8327
6581
378
-2712
1300
-5152
-6148
-5666
8663
4504
-1152
-8503
-7800
6447
-8023
664
-6066
7777
-2737
4282
-5064
5990
-7291
9351
5782
5470
-989
-6443
2343
9679
-1425
8380
9813
1953
-4364
-6919
-6566
761
7132
-7978
-3794
5462
-6741
7054
766
2629
8442
-1860
-5027
-9399
-2669
9838
-7850
9590
-3979
8798
-4956
9924
-3089
9753
-2391
-8784
-4609
-6466
4585
16
-5683
2963
9293
1804
8044
-8526
-3467
3667
-8724
-6564
6734
1530
-4240
-7014
-1923
4069
-8143
-7315
3616
-1467
-1418
-564
-3014
4670
-6963
-6101
5587
416
895
160
1473
1955
2207
-902
3608
9675
133
-6451
1564
8571
-1412
5590
-8970
-5041
-3306
-7630
-6838
7412
-5387
5181
-4845
-2416
-1003
3681
-5427
-6006
-9950
-5573
-2314
1555
9748
6647
-4751
-5741
8642
3410
8012
4126
-6806
746
8214
2751
-8224
10
4192
-6434
-4307
8359
4235
-9769
-6571
7721
-4026
-2438
1988
-5971
-7283
-340
-7938
-6552
-4963
2506
-7420
912
2339
5310
-4157
-1311
4869
1951
-7724
4023
-9159
-3971
9451
-8067
9759
-7141
8310
-5695
9697
9571
1916
5309
3988
-8819
1935
8295
-5162
-9256
9832
-2760
410
6391
-4769
-299
4480
5540
4848
-4398
-3251
-2323
-7011
6369
-5183
-8019
3542
-2214
-1362
2846
7658
3400
2194
-30
5222
-8793
3503
-340
9696
-8867
3332
-8881
-4841
-4159
4801
-3820
-8884
-4786
-877
67
6806
-1996
2362
-128
-4807
-6684
-5749
-4630
4228
-5240
1658
-3468
406
449
4926
2048
3374
-5328
-8468
-5110
-6561
7247
9905
4308
6344
7366
-9815
496
1366
-7432
5238
1270
-2121
5363
-9211
-4525
-6000
-7412
-4391
-5668
279
-2500
5829
5995
5955
1098
-6460
-5326
-8766
-9263
-3587
-3979
9850
-248
1827
3151
-2861
7299
5179
8731
1959
2429
5348
-7765
9585
6532
1242
-9886
4569
2372
5007
9040
5393
-860
-684
-6198
-2125
-1786
760
-6737
2295
422
593
-4332
8349
179
3043
434
5667
-756
-6659
742
-5083
3719
4211
-5087
420
3147
-481
-3791
7851
8099
7003
4323
-9593
-9090
687
2842
9360
-8720
-427
-3401
-2463
-1235
6972
9755
-2204
3095
-8228
7861
8094
-5777
-9527
8554
-9896
440
6497
-6950
66
-904
-3161
9396
-7541
5751
-9144
8116
2745
-6157
4111
4133
-5052
9737
1080
-3528
-618
-3656
-5688
4372
1554
4748
-2045
7710
52
-6743
7369
239
9171
-7955
4834
4175
5492
-9938
-2951
9660
9336
5765
1341
-9251
3826
4605
-612
2133
8185
6667
9032
-1329
380
-5370
8452
-8053
7570
9651
1976
6968
-3124
-8085
8247
-1184
-2623
-8579
8286
6642
9146
-6505
6870
6847
8295
5980
9850
-4062
-349
-3171
-917
-483
-581
-3850
2492
6151
3356
8586
6815
1127
-144
6938
-8968
1531
-2718
-4069
-9949
-8245
2717
7458
7191
4454
5040
8680
8073
4638
3753
2196
6562
-3944
-5075
-9851
-5251
-4501
8960
2941
1010
7472
5591
-7973
8039
-9069
-1952
2757
-7046
9141
6096
-1594
2224
-587
-8287
-8837
8659
-7360
-5226
-1189
2973
2068
4467
-702
1022
7093
-6157
-9941
3013
4907
-9094
1854
7222
-5654
2788
9053
6944
-1473
956
-6931
8362
-3800
1164
326
936
-9175
6142
6461
5440
-188
8265
1852
-6090
2845
-7314
-9226
-6435
-9511
7884
7754
-3079
2307
1934
-2136
-1474
9932
-5217
-5016
2052
-4183
6712
3394
8590
8729
-610
-1947
5552
6139
-1744
-2363
5079
1746
-7398
4508
-6828
9147
-2244
-7869
-5540
1861
-2140
7630
-7547
9990
-5215
-6484
6667
3946
-7182
-804
2399
5378
-3705
-4961
-4403
-3699
4479
-7351
-6749
5036
3103
6028
7964
-2680
-8195
-4667
5572
-7024
-1435
1098
6798
-3351
-5820
-8691
-2145
-6366
-2049
9798
-7409
6142
-3030
6965
3953
-7815
-4309
3581
615
1024
6536
3390
4285
-8807
8036
-9188
-7068
6418
-5306
-3430
-78
9294
5446
-7357
-6992
1495
-8518
6983
-7483
-2000
4282
1004
164
3348
5617
-5951
4329
2434
-6013
-8333
-1894
-1345
221
6739
1857
6422
-2544
4180
2107
-5131
4165
-1802
-7498
-8521
4091
2185
4318
-4684
9199
-9375
578
-795
2237
1443
-1955
-4452
7709
6168
-8957
-7934
9850
-1900
-6704
-3570
-7311
-9399
-8003
7226
-2517
4772
699
-6902
-5726
-2904
-7760
5163
-9913
-1983
1365
-7385
-4349
-7958
1460
-7496
-6332
-2388
-4412
-6827
6375
-9746
-7386
5792
1650
-5085
5926
-2653
-337
4537
-5123
3395
1113
-229
7512
-8793
8432
-5563
-1630
-7006
1807
3285
3106
6629
-4524
1069
4156
-6961
-8809
-4943
-5645
5651
-6240
9792
6708
-8921
-4224
-2742
98
6019
4591
3751
-3293
-5077
2214
2735
-7686
-7218
9582
4730
-5396
-2196
-6671
-3263
4343
-4618
-226
2899
-4629
-3591
-4016
2136
5088
3344
7685
5772
8274
-5246
-5849
-395
4024
3692
6925
-5715
-9883
37
6720
9124
6101
-2474
6335
6315
2098
-7460
5760
5747
7327
-8040
9342
-8888
-6572
-6017
2593
-5902
-2614
-1644
8552
3775
922
3660
7098
-7557
2027
3310
-5317
9745
-7421
6031
-1888
-6803
-8501
8809
-621
1544
-7371
-486
-282
-9448
5438
2305
6932
-820
-9313
3853
6974
9474
1774
-6805
-1384
-9266
-7613
-39
-8160
-5425
-7202
-4851
7932
5674
-7252
-8369
-6068
-9233
-9056
4193
4889
-5928
8053
-2000
-1368
4524
-6402
5466
8353
2393
-2405
-3671
5329
-1009
-4569
5613
-9628
9574
-854
7219
572
-8711
2062
511
5946
1060
-4252
-6267
-1251
3194
-9286
-8197
6846
-7073
-2623
3514
-4096
-1637
-7960
3877
-6841
4338
7030
1084
9793
-2359
-414
6069
-5494
2208
1152
6327
-1247
5145
-4996
-8776
8228
-5968
-8205
-5008
-6648
-9801
2252
-6440
-6280
-7098
-7363
-5668
-9246
2128
9809
7064
8163
4817
2029
1742
9967
-2798
-9814
-7073
-2767
4128
-2252
-519
-6359
-1242
-4191
8791
8576
-7670
4664
1383
7183
9277
-3581
-6153
3226
3873
4851
676
-7805
8738
6486
-9403
2575
-9559
-9201
6414
-3334
1044
3576
9596
-409
3512
-194
9678
9805
-6188
8093
-5889
305
5006
-76
-4103
1504
-7497
570
8102
-6576
1776
-1174
-6514
-8955
1095
7728
-4571
-9245
-1730
-128
2176
5118
4946
9097
-4523
9500
7684
4635
3301
8508
-8639
-9984
6736
-2164
9324
9131
-3799
-405
9299
-5671
3775
4982
-402
-6066
-6435
-1314
-4265
-3571
-719
3477
8877
-561
7152
-7469
731
-4418
-6827
-9796
1393
3456
-7435
6973
-1917
2754
4971
4283
-1616
1910
7772
4024
-3222
-5976
-5009
9577
8856
-638
6564
7093
-2432
-6561
-1465
8624
-6666
1940
-7268
-4159
392
-5480
8280
6936
6344
9549
9126
2663
-8279
-8485
-7298
2414
1251
-3305
-2371
5188
-9333
-7182
-6121
-331
163
5881
3919
8295
-2706
-1808
8819
2825
6904
5812
-6488
3
3630
-4673
4254
8521
7510
-746
-4458
3632
-4262
5587
-5646
-3965
3326
-5538
6938
9426
9037
600
-2216
-1553
-2052
-6834
-7418
6298
2697
9074
9195
7462
-3056
2951
-2255
7674
4675
-8162
7664
-9012
7049
4724
646
-2090
-7137
2658
9053
-2323
-6789
-2332
-486
-5338
7376
4817
6790
4268
5174
4319
7265
-3983
1435
-497
1051
2954
-9634
389
9580
2777
-2455
8367
-3405
-9529
-2114
1128
4552
-6668
4302
4272
-4167
6041
5589
8508
-6722
5077
5330
9608
9455
8255
-9044
-8681
-2785
-7779
-8443
-3
4878
5463
-992
-6192
-5389
6163
-4873
-6714
2069
8596
-3817
-1143
-2144
-4207
136
3893
3189
8368
1083
2732
8547
-8830
-88
406
7331
3109
4592
-9265
4220
-6633
-906
-6960
-6610
-6490
-5273
3308
5048
3760
381
-2737
-6586
-4821
8593
-9120
-1608
7356
-5858
-7652
6591
7547
-979
-8521
7229
4043
-6036
4847
4809
4955
5282
-9066
-8867
935
-980
-1268
-1860
-9488
-622
4813
5055
-2525
2144
3253
3574
-5125
3731
-8795
2820
-1834
9009
-6146
9806
6506
-9382
-9867
-1412
-6735
-4634
-4263
-7400
4249
-9305
-1481
-878
-6132
-9531
-3832
5422
-895
9551
-9430
6428
-4509
1567
-6060
1185
-1254
-2978
9012
-3888
-7054
-5517
-9438
-6894
-3916
-197
1762
5289
-9167
1938
-9612
-697
5339
8923
-5669
-9170
7217
5072
-3695
-4657
-48
3000
-9727
-5350
-7360
-1608
2651
-1677
-6323
-544
-5216
2229
-3718
-3772
-6301
4831
7970
-6820
4641
3797
6952
-3936
-5554
-7994
4635
5434
-8224
-4734
-1108
4114
-9829
9539
5477
-7829
775
4214
10
8157
489
6287
-9207
-5314
-1327
3808
2926
-422
-6782
5877
4127
8939
-7316
903
-1977
9975
-9924
8951
-9051
5753
-6537
-6823
8462
4459
-5956
-8259
-9092
4364
-2646
4071
-5136
-603
5736
5328
-2225
3380
-6643
-6298
-9943
-3574
2648
-8324
5761
173
-1902
5443
3679
1777
2048
244
-6153
1655
-1422
4894
-6940
9507
-3255
1828
-47
5902
9890
8582
89
-4995
2058
7554
-3400
7157
-6102
-5638
6141
-6627
6198
-6077
2676
-2893
5311
-9275
-4705
-2681
-6212
1431
407
-6900
-4905
-5062
-4546
327
-5330
-2474
-7697
2360
6707
6781
-6723
9622
2628
871
4064
2770
7775
8499
-3710
7465
-9187
-1570
-7429
-1160
-6277
-9811
-3453
6542
6615
-3026
-8910
-7129
-3832
6740
-6290
-5604
7488
2938
-6659
1116
23
9868
-8900
3681
5630
8780
-9079
-9124
5417
-8600
6294
-1057
-4443
348
2289
-9122
-9492
-3650
-8849
2002
-9193
6534
-3987
8136
61
7021
-7871
6809
9266
7698
6154
5493
7607
-4270
-1052
-4097
3476
336
-8154
1300
-1996
-4568
-4406
-6436
-4078
4270
2725
8448
405
6032
-9314
7324
2037
5664
-3442
3197
-2723
1683
-8699
-4989
4042
3033
2137
-3668
3528
4554
-8637
8512
-1642
-8480
9172
-1606
-8117
8158
-6595
-8156
8331
-5455
-218
7323
-8967
1194
-4800
4057
-9124
-3831
-6906
7699
-4396
-7930
1310
-3861
-299
560
-7068
9489
5039
5479
-9658
-5280
8912
2153
-1793
8997
-5532
-6000
-249
3464
9810
8911
-9425
-1945
-892
6840
-3008
2655
-1516
-7431
-1958
-477
5237
4973
3257
9347
2903
991
7599
3644
-9117
-9304
6107
7367
2902
-1901
-9843
-5128
4468
2064
-319
1931
5013
6554
-1814
-9354
-230
9503
7986
9694
-6892
-8104
5175
4626
2160
5425
-1195
94
-1166
6028
-5707
9002
4238
6457
-746
-5198
-8719
-6158
5130
-2482
-2679
-8751
1754
4684
-3535
-6012
2843
7756
-8200
1393
7880
9655
-3405
7330
4442
-7980
-4711
-7676
4392
-7611
-1098
-3473
-751
-8492
-1996
3682
-774
5921
6500
7590
2806
9523
8264
1332
5384
-1118
4152
-2166
-2935
8071
4562
-6584
-3514
-7121
-8716
135
-7316
-614
-2546
5393
-3571
4618
-7945
3401
4588
1393
5302
-9315
6464
6424
-6905
4284
7813
-5514
8701
-2590
-9993
5454
-7750
-846
207
-903
8029
7236
-8845
8065
3590
3939
-4965
-9768
-6606
3151
-3937
5124
8640
1826
-1187
1370
5109
-4507
4375
-2863
3988
571
-9054
5121
-367
-9
5590
7010
5243
2570
3998
-4530
7300
4038
7183
-5019
-5439
5851
-150
-6765
6441
1356
-7933
8418
-7652
2470
4689
-5440
-3903
4461
6396
7496
6664
4179
7952
-2868
7117
6607
6694
1386
-1508
-7163
-467
4979
3049
-955
-6043
7897
-5723
2500
5439
3114
-4164
-4545
8614
4719
-6291
5438
-4820
-9145
4884
841
2539
2695
-3153
-4051
2919
4373
1833
3122
-3455
-8746
290
907
5560
3089
4528
7985
-9797
5009
7667
7886
3444
3888
-4119
4273
-8120
-286
8507
-750
-9811
-3008
-5529
-9831
-3376
-8915
7110
419
4263
-2378
7123
6947
-8429
8769
9189
5097
-3184
6061
2090
-5153
9345
3905
1273
1778
6118
3485
5791
-4506
-7383
-6177
8627
-2703
2401
-1603
9353
7174
4456
9443
3701
3666
925
-5317
-9036
-597
-8313
-6866
-5971
-6772
4571
-5588
-522
5590
8061
-653
-4416
8765
1263
-8238
2104
-320
-6098
6840
-8149
-481
4840
-1543
-5407
4402
8634
-8974
3729
1873
2566
-8668
6573
4524
9039
5245
9153
-9746
8977
-1388
-3054
-6857
-333
-3894
2132
844
-7513
-5214
9031
4754
-9803
-1866
-6789
7173
7826
-9023
1349
-7660
-696
1422
6813
1388
-1887
8825
-6978
-1325
5036
-9350
5738
-7696
5363
5696
2634
-9006
5872
5953
8297
3092
1783
-6369
4275
-8747
-1841
8580
-768
2432
925
-5512
-3058
-582
4257
2967
-7619
1252
7337
5790
8667
-6533
-6418
6112
3660
-1329
9270
-1070
-3999
4384
2782
-6712
6712
6655
-9000
1563
8755
3977
5848
-3991
-3591
3522
5328
-4889
5559
9773
1727
-5354
9787
-150
-5684
6375
-6594
-5439
4542
9173
3569
485
-6109
5336
5988
1237
-6644
-1111
-5570
-2959
9821
2676
-3392
2891
1952
-725
-4732
6184
-8242
6779
-5655
-4839
7189
-7888
-9219
-8620
-4189
2293
9557
5104
8954
-5650
-5387
6310
9529
-3023
9867
7383
-775
519
-2017
-1944
-1517
8388
-481
9214
9030
-9600
7967
-2135
-7364
5078
5741
-1529
-4390
1513
-2225
9586
-9169
-882
-1406
310
424
7809
3846
536
-2627
4277
167
1347
-6339
1317
113
-1454
6193
-6135
6412
73
-3542
-1300
-4519
-602
3153
-7386
-9954
-4343
1060
-4223
-3275
9491
3776
-5355
-9307
5712
-7770
-1986
3223
-2912
5670
3931
-2746
9214
-4277
-7036
858
7446
-1339
-2390
-8940
5628
-2507
-8193
-3454
-9229
5120
7700
4146
2677
7749
6778
-8399
1122
-8779
1281
-6836
7193
-8771
1602
1413
-9304
-7715
713
6634
5563
-9245
-3233
3584
757
9330
-3516
-7826
-7558
-3439
-7639
-3880
-6235
-907
-6945
2719
-1002
4831
-8786
1369
9155
1932
-8467
-5205
-621
-9077
-7488
6982
8668
3951
-4503
4130
8642
3205
-5591
-8184
9962
1438
-3666
-8349
4337
-401
2778
6880
-3881
5705
-8669
-8399
4344
-362
7047
-6828
9135
2680
9981
-7607
5348
-2762
8789
-1788
-4454
1214
4693
-7155
3333
-153
5573
3494
7063
-5033
4269
6350
9482
-2590
-700
5393
-4946
-7897
5410
-4279
6310
5182
4510
3142
-9520
-1492
-9483
-9456
-2361
4818
-3667
5155
-8407
1297
3707
-8626
4492
-9172
-8542
5476
4842
-5998
915
5511
-5272
-9349
-8982
-733
-111
-4213
-8551
9550
7400
6351
5817
-2736
-8309
-3643
1855
8489
-5600
2145
-1102
-5655
-1640
-4153
3372
-106
-8497
-618
5798
-1860
360
5851
-5464
4072
-6954
-2310
-2569
-4044
8646
5742
-1601
-9080
7480
-1175
-485
8651
-4014
-9218
200
5553
567
3571
-5835
-1439
-9966
-3489
8026
-3625
-94
2617
-8658
3739
2733
-587
-2107
4893
313
-5195
-3737
-2341
2496
6822
8925
6330
-1624
-6326
-6882
-3306
-1799
4271
-6450
-8373
7153
-7533
5027
-7001
6567
-7247
2879
-5870
886
-9566
-2580
2327
-3388
-4247
8771
4335
-6586
4388
-2854
9956
-8585
4118
-3457
-7535
2009
2221
7002
-17
-7353
9188
7737
6560
-8597
-8332
9270
3550
816
64
2412
8661
-9668
-7737
5209
-9534
2769
8988
998
-4141
946
-4927
-65
-1190
-3806
-7154
1240
9176
-5011
-7564
-4460
-8726
9298
3748
-6523
2733
-7784
-2688
-5738
-733
7162
-7775
-5971
5427
3676
-5021
-5704
-4571
-6924
9400
-7350
-9073
3278
-9432
-9247
-5043
-1246
-6608
5373
-5409
3662
-6042
-6194
3705
-7097
8
-7454
2135
-6456
-8373
7124
5301
-791
8360
5771
2123
8752
-3713
-6806
-217
9515
-6632
-6048
3595
7149
-9073
-5959
8863
7788
1701
6266
-2519
3836
-7099
2919
2402
-8674
9333
-1156
8390
-431
5337
4815
-4350
-3433
-4491
696
-1514
-1199
2269
9242
-4557
-7236
-6101
-7687
-1693
4817
2429
9543
1262
9060
1726
-7348
-8445
9289
-2465
-6473
8263
7257
4913
855
6440
8299
-5808
8257
3310
7609
-5787
4129
4712
-3481
-7830
-9029
-9640
7136
5716
-7069
5211
-1996
3777
1146
-2466
-505
8742
1201
-3188
337
-1707
-4239
1022
-9862
6510
-2901
4226
2705
1494
-4567
3316
-7877
-1051
-3521
-4079
-5934
-7980
7683
7545
-6337
8027
1034
-7066
-8503
-8567
8045
696
8571
-1691
-5922
-2233
5719
6695
-6387
1665
7275
-2005
-1094
5115
-6464
-5417
-5574
4993
1670
1712
9659
1248
-4069
8218
6542
-3783
6227
-2371
6148
7881
-9824
9562
-3298
-6583
3894
-7008
-1917
-5923
-6896
7439
-8415
-2143
1173
479
-578
5747
-7119
-3841
-8280
263
-111
9337
8815
1882
2778
-9603
-5198
2490
6966
7054
7526
-6124
-4461
-4124
-3006
7772
2377
-914
-3010
9739
-5848
-1304
7971
689
-7338
-4295
3100
7782
-1069
9200
3928
6774
-6950
-6764
8984
-2802
-2323
-9426
4980
1034
-6370
3926
-4079
-2891
-424
-4547
2273
289
5609
-5995
9929
-8992
-3623
-7623
-5063
2131
4877
-5988
4924
2727
79
-5942
4599
1879
-2788
2584
-3765
8709
-829
3797
4121
6248
-1835
-5930
-66
8476
-8256
-3361
8303
4865
-3472
7205
-2320
6738
7483
4138
-5971
8392
-9006
2834
-2354
-2323
-2870
4067
2202
-972
-5006
8685
1196
-3671
-6793
3425
783
1046
5706
1072
-5715
6783
-915
8957
7285
-3468
7234
-4416
9125
-2296
3159
-3039
6851
-3032
9350
-3757
3783
4969
1885
7963
4334
-4390
1895
-62
558
-2565
4616
2848
-3531
5449
3837
-468
6470
6038
-4587
-9654
5412
-3009
-1344
1423
2971
37
6613
-8268
-7958
7947
-1483
-1111
3491
-9391
-6147
6264
5262
329
-4616
-6473
443
4920
2615
-8327
4810
-1816
6170
2463
204
-2945
-8633
3054
5902
8118
7239
-5553
-8638
-8137
3465
619
3125
1573
-818
-3454
-1232
5409
2587
-285
85
264
4675
-2799
-6777
7923
-8072
9570
-564
-3074
1045
6146
9624
-7209
-8327
6935
-6147
-814
7656
-7377
903
5190
6773
-1429
6055
-1710
5001
5031
-4231
-998
1624
-3299
5370
-4605
-1579
-343
4597
6440
-1383
-2586
2558
2763
1398
6144
9460
-5392
9582
9833
1037
-875
5013
7530
8194
-3411
-1398
6953
-4388
8319
-8318
7689
-5217
-6863
4515
-4446
-4570
115
-831
2888
-260
2942
-760
8153
-9342
1626
-3787
-1982
6173
134
-5498
1621
-9594
-8181
-8129
-7736
-3285
2642
8479
-2348
558
6270
-2369
-7979
-6563
8403
3204
3108
2314
1353
-4779
-3940
-9420
-5000
8435
-7860
-1651
4304
7164
427
1318
1752
300
8198
-9324
-4342
1256
-1246
6661
8945
-8011
-2541
1084
-7114
2888
-2295
-5816
-8177
4522
-9271
2387
-2093
7780
-3222
1954
-6115
1118
-3282
1704
-6911
156
5679
7294
-9476
-8264
1292
-5738
-6907
-4156
85
-9910
5985
1104
2562
-4572
291
7646
9370
-7254
8379
-1449
-6923
2557
8318
4717
-2699
2270
-9907
3257
2184
7858
-7469
9947
-5242
-1995
8168
-5032
-1591
9232
2687
2574
-1410
5942
200
5270
3914
1381
8405
2285
7897
-413
2876
6500
-5420
5466
-4016
-4749
-9852
-1929
-8679
5573
-9379
3466
771
1824
-3499
-3792
2751
384
2613
7072
5211
-5981
-6987
6148
-6850
-8851
9819
-4296
-1522
3449
-4561
1116
9381
-5604
-6990
5084
1970
440
-6965
5914
-7813
2334
-9036
2480
-3068
-4988
-5000
-8623
-9254
6109
-87
-8564
9531
1345
-1952
-2848
-4172
-5686
-3404
2920
-4256
-521
-837
-7276
4343
-6596
1935
9180
-9082
5057
4772
-7198
212
2408
2041
5246
4943
-99
6046
-6175
3564
-7848
3044
-3822
8714
-1547
1988
8260
190
9598
2852
-3755
-5558
1
8505
4631
1258
762
6551
-6010
6816
263
6516
4744
-5897
-5123
-823
7666
3220
7559
-3950
9392
-4946
4459
-7204
-7086
1658
994
-8598
-8759
8399
-1075
2706
4358
-3369
-2325
9300
8216
771
-4809
-9516
8813
-2563
4373
2120
-8525
-3452
-5220
-6779
7413
9039
8431
-7357
6170
601
2040
-5471
3376
1032
983
-6068
3797
5367
-4622
2538
5156
8331
-4846
-4908
9416
8513
-3003
-8617
-9518
-9652
-9573
5864
-6580
-1602
8641
-4601
2783
-2230
4908
344
3404
1376
-6885
-5839
6862
9214
8225
-5236
5337
-521
-7734
3786
-8888
-2138
5309
-9125
6667
-1393
2670
7864
3983
-5997
-4065
4646
6143
5641
-4411
-2856
299
7250
7381
-774
6321
-1253
1471
9856
8727
-7042
-679
2249
-9363
-9453
-6072
-4229
-1165
6993
-8661
-7680
-9590
-7837
-9590
815
-5903
-1257
-3845
5316
-8646
6202
5684
1727
-2559
2686
1108
7900
-3418
9311
-7819
-4554
4236
-3980
-5613
7574
-983
-6821
-3948
-1954
-6816
-7802
-2302
-1979
-710
2743
4358
-2192
2197
-3525
-5710
-9767
-5745
1083
-6816
8841
-3506
5471
5635
-1316
-7895
8653
-4455
-5859
-2320
-2893
3218
-5351
5218
8030
-386
-3580
-2461
5997
9409
-6844
-8604
6709
-2779
-3680
2540
-5503
9163
4202
-328
-8823
12
-3685
1052
-4268
1381
1403
729
9632
-2358
6893
2877
-9590
7076
-8043
767
-9902
2032
-9855
-9471
-7551
5112
-4844
-9072
3142
-5309
-9384
-8520
-5338
5101
3005
-2064
-4061
-4952
9677
6007
2212
9993
9408
-6468
5390
-9648
1996
-4313
1772
7152
-5599
-4382
-9491
-835
374
-6539
-473
-45
-4048
-4784
-6115
3490
7025
2676
9547
3914
-4151
-4871
2748
-5985
-1436
3515
1704
-1735
6505
4000
7874
1695
-8330
9209
-14
2594
9862
-350
-1690
-4930
-2687
5443
1366
2536
-9200
920
-6475
-947
-1983
4942
4265
-618
9980
6053
-2822
9907
2226
8446
736
-2019
4125
-3305
8370
1249
6885
5528
-8831
5151
132
-5804
3176
-7509
1636
-3020
252
8860
-8407
7512
-2462
-633
-6941
-3830
7715
-8614
-9337
-1233
1729
3305
-8755
-1130
3171
3590
1330
-244
-8724
7400
882
1729
5429
-2830
-4325
4164
-392
1955
8838
-5942
-1178
4979
-641
3306
7651
7415
-4167
-6727
1464
-5758
-2523
5537
-354
1470
-1333
9349
5320
88
-4856
-9722
-7552
539
-244
3982
9735
-3507
-2955
3434
-1884
-5901
-204
-9545
-9262
1181
3247
3263
-2382
-4166
-377
-4006
-8714
102
-1883
6042
-5564
6725
-4633
-3954
8340
-405
7082
3889
-5508
2058
1318
-2109
-7950
-5913
-664
9830
645
4796
5384
4786
-5371
-169
-6476
5172
3130
-9946
9396
9437
739
-166
-7184
316
3954
1072
-7033
-3196
-7228
6488
-3045
8965
-2863
-9624
7200
-5471
8652
8261
5074
6788
1841
-8742
-4680
9050
-1056
1311
9229
9245
-3607
-1352
2635
8183
-1170
-6062
5561
-540
-3971
2318
7478
3521
-5274
4571
2348
-270
7271
-4221
-5814
-4065
9655
1273
-7521
-687
-9337
-1080
-4039
2539
-4820
-5553
-2357
-3674
9287
9758
6321
1600
1647
-84
7539
-9569
-2037
7585
-2390
-1175
649
-9778
-7237
7558
-479
1387
2724
-901
-5071
-9132
4227
9925
2412
-194
189
1378
-3936
-8762
9445
9750
6370
4666
-574
-8152
8695
-6212
8304
-1996
678
-7105
-750
7507
-41
2487
8990
8997
7298
-8179
-115
4947
4013
4739
-5672
-4100
-9890
7287
-9986
-5677
-537
8605
5373
-80
-5691
7959
-4224
9755
2798
2613
-7260
2200
8928
-7773
772
-6685
7735
-6973
9525
3801
996
5350
9780
4796
-9413
4434
-274
6359
-881
-4495
-9616
9503
647
-440
2983
-9227
8140
-9832
7118
-7005
-5350
3875
3880
-3255
-8990
-6897
-603
-3741
-7595
6968
-6509
7975
-2966
-9359
-3961
-6148
-7839
-9765
-6735
3456
-5453
4401
3887
-4059
-5150
-443
5981
-7275
-9095
-8577
8257
-9259
5527
5615
-7227
7630
-3000
3338
-4351
8517
4233
-3653
-9529
-5735
2126
-6936
-8482
-9938
7162
-1225
-1415
1485
-9849
2526
-165
-979
-7327
-8128
-5112
-8868
4044
3757
8705
8745
7230
-443
3486
8124
2947
7749
-3838
-8823
9662
-792
3304
3017
-8743
-9613
-1191
-4687
-8693
-2488
4707
-5537
6717
6399
4851
920
9451
-334
-6308
-4591
4699
-5526
1591
3948
-8823
-9679
8057
-7312
9196
9416
-3382
9309
7192
-7103
2989
-3160
460
-5887
-859
4836
6507
-484
630
3682
-4568
-3012
8008
-2832
3195
2186
-489
-7680
119
-3164
-2017
4549
8131
9310
-2792
-6060
-5220
-5644
9029
-2893
4191
-8094
-8856
8980
5638
-7156
3559
5692
6611
938
3706
3221
-4588
-5404
3724
-6579
2704
-2633
5657
6748
7102
-2803
-6153
-2843
-5325
5523
6182
-1126
1600
5027
-6838
-2019
2366
-1724
-1684
5754
4075
-4733
8393
5227
6262
-7913
5029
-5878
-3364
-5983
-9707
3452
-1768
-3219
206
-5882
-8745
3210
8921
4538
6307
9972
1950
-10000
-8972
1481
-8169
-4962
9610
-4705
-4656
-1374
7110
7966
-9420
4690
-1072
8499
-8882
6656
-56
-725
-9804
-9402
7828
9358
-8215
6955
871
6447
110
7011
1071
3514
5383
-8947
5117
-4698
2824
851
6174
2938
-7813
3934
5264
-394
-99
-1180
9111
-1685
4380
-4694
-4583
-3728
-8682
9880
-865
811
2792
9559
2742
5097
3143
5339
-3529
-270
-2832
-6186
460
3293
-2059
1156
2742
-8001
4260
9791
-5918
-9397
6724
-2823
-6331
6842
-2607
-9948
-1018
7867
-8447
8015
-8130
1401
6529
4716
-5027
-7906
5008
8383
-6263
-6356
-5593
9227
5804
5784
-9429
-7765
-8102
3153
7922
495
311
5110
-3661
-6421
-4978
-3709
1733
-8372
-9498
-7507
3199
-1421
-8149
-8603
8566
-321
-8949
-8203
2029
-9636
-7342
-6262
-9780
-6043
2634
5578
2448
-8317
792
3688
5219
4186
2547
-447
-1076
-9022
7783
6994
-6678
4103
9401
-189
9959
-4642
7241
8200
-8623
-4684
-1736
9710
2004
-9848
-8123
8576
-3789
3947
-2777
-9076
5586
3502
6862
-1349
8117
9976
-9434
6997
-5283
-809
-7976
8965
5239
4784
1924
-7181
5542
-6432
6751
-2880
-5583
-2203
5895
-176
-7488
6182
-9557
2508
-5354
5191
-466
9113
-8197
2021
3743
-2934
6923
-2185
-8820
7460
-3274
-827
2333
-23
4620
-8216
3411
6950
-5364
3794
3868
-9575
5386
-8668
4604
1768
-1939
8012
2723
-1718
3844
-5569
5122
9603
3607
2701
-5871
-3942
4777
94
-3322
9982
6621
3003
8824
2371
-9697
1431
570
4480
-9208
3398
-8618
1565
4419
-5795
9252
404
1318
-3266
727
-653
-7526
1772
-7188
-896
-5567
-546
7813
-6269
-1566
-4858
4171
-778
8256
5666
7528
6015
4317
-8937
-6785
-8183
4186
7398
-4706
8931
-4559
-2736
9468
-327
3443
-6465
-2584
7940
624
2232
3550
-6477
3021
-2422
9449
-8150
474
-3567
-8799
-9230
1808
7646
8374
2437
-8326
6705
5678
1521
-1524
2636
-9176
-2030
-6524
2320
-9065
2831
-5280
2629
718
7923
-7785
2921
5748
-3115
1880
-8828
3084
992
5000
-2935
-2836
-4826
-6585
5943
6155
1601
753
-5776
-5095
-9504
3101
3082
727
-4710
-4930
-9653
3077
5221
4735
-6937
8502
2182
4329
5241
1745
-5434
2227
1866
-1422
5265
-7737
-779
-3971
9410
-2408
692
4874
3892
-4700
-7238
-9673
-4394
5111
6727
-494
-1107
-6972
-118
-7976
2419
-2865
9003
670
5773
-6355
3099
8209
-7922
5749
3145
-7802
6296
8269
3244
4427
-7939
1515
8049
-8851
5864
-7991
-5922
-7600
4628
-1204
-7934
8165
9187
7742
9507
9293
-6065
9223
-6094
-9000
7774
-6522
-7135
1163
2720
7293
-5135
-2331
-1323
5327
768
923
-8018
7110
-8774
1322
9664
-6983
-5579
7018
-7010
-2123
-1785
2815
-7210
9763
-3676
8027
-5130
-7258
2382
2164
5292
5223
-7434
-2115
561
-4151
5297
6029
2350
-3821
-8221
6386
-337
-6467
-1103
8426
-3663
5045
543
4322
-2387
-2215
9012
-8807
1471
-9892
-5418
5080
-7738
-8792
7900
9532
2014
-1501
2521
-20
2440
-8743
4818
5070
-5284
5511
830
5809
4328
-4825
-8751
7282
-7113
4322
-8374
2077
-7776
2853
-1686
-7150
985
-7065
-1368
8681
5872
-2597
-4349
4938
-1790
-2805
7767
-9957
-8822
-336
-7311
1313
3692
7193
-4693
1429
-8785
6907
7648
-8664
-209
-9888
8273
-3025
-5074
-3121
1764
-6760
-2302
1711
3790
-3038
-9356
-6293
2588
-6542
-4172
9733
6066
-7615
1
3782
-965
-9623
5492
2391
484
-520
6865
-1065
1319
-6471
1561
9691
1700
-9849
261
473
-5446
2102
7864
4080
5649
4117
7219
-6108
4215
-9328
-7186
597
4973
9776
7844
1760
-8313
4521
-6235
4806
-2960
-269
-656
4445
634
-2467
-701
5366
3024
-7960
95
-4523
9838
-6778
754
-6751
-5657
-3410
441
-3111
5664
-1275
3218
-8612
5364
-9013
5152
2981
-8687
-4507
-7503
-110
-5986
-8031
-6586
-9740
-4276
-1043
7885
4269
7215
7944
1738
-4753
7503
-8626
2740
-8861
-7222
-3190
-7043
7996
-8064
4106
-8517
-9868
7584
5393
-2892
-1891
3311
-1636
8699
-8263
9278
6863
-515
7712
7589
6204
8255
3361
-4171
9204
-8070
7460
-7768
9332
9145
-3318
296
-4943
8570
-7003
-5180
-6090
-7178
-7227
1311
2972
-1684
-1236
672
1621
-1767
-8559
4459
-9343
5119
-5234
-3995
8691
-361
-8924
-4135
5497
-4635
1741
3582
-2570
3068
-8983
-6954
-2698
1879
9087
5004
-3158
-5266
6692
-8907
5927
-5536
8427
9801
2463
-6442
-7093
-6765
7114
-7888
7584
3177
5810
-1085
6320
2979
-9156
4155
5605
2757
2130
9345
-4067
-2999
-3925
6624
-6360
1201
-1782
9495
7232
-8730
-2201
-8415
-9063
-6464
3006
-9219
-1521
-9384
-3861
4161
-5581
2024
7305
9410
-9381
1509
5784
-3651
6681
3573
6197
9479
3812
-8128
5251
4444
3440
-7322
2138
2740
-7936
4331
-361
4989
-9
-5730
6375
4598
6265
-9148
7413
8766
-1296
7663
-5882
3002
-5793
7363
2103
9770
7554
4887
7925
-2608
8890
3892
68
319
-9539
1348
4138
-9184
-2992
-6711
-3677
-7995
-6489
7313
9912
7365
9035
1309
8727
6709
-9874
-7405
8744
1436
-3234
-1662
4735
9225
154
2980
1419
9328
-4721
8665
1851
-3934
-9462
515
-6270
1689
4829
-5617
5296
578
339
2172
-6939
-1780
-8756
-6343
4287
-3934
-858
-8624
8535
-9049
4947
-1039
-9225
3143
6655
-9800
-7516
-6327
-9857
7724
-863
8612
-2175
4899
1591
7988
-4675
-498
2924
-7076
-8694
-4624
8375
7474
7856
-759
4360
-5439
857
2618
2465
4711
-2632
3426
-9886
-451
-394
-7158
6701
5874
-1677
-8970
-4205
-4495
8737
-9298
8629
-5363
-1369
-2382
7365
-2269
5952
-7701
6139
1999
2878
-4084
-4386
-5699
5409
-1442
7050
-3037
-8186
-6121
-200
5287
-1859
-8030
9119
379
4501
-4836
-1171
-5980
5046
7031
-7351
-9291
4813
-7105
6169
-1446
9837
2269
-560
1583
-4033
-3888
-973
3366
4979
-67
4599
-4992
-9291
4910
9583
6480
7574
-2993
-3456
-2294
6464
-8487
-7279
-9909
1955
-3816
3698
2121
3838
2588
1144
-3645
-4572
-5689
-5631
5295
1908
-916
-4046
-1862
-7601
6392
850
-480
-1733
104
8233
250
-9312
-7806
-5982
3269
7941
-1099
6426
2721
7736
-9729
-9912
4493
-9805
796
-5371
9868
7571
5753
-9537
-8524
-3164
-6836
-2587
-3918
45
-7782
8644
-7999
-2017
-7398
4018
955
-8822
4602
1891
-8200
6311
5758
-5645
561
5648
6122
3245
9318
-4334
-586
-237
7618
6316
-1785
-3498
1155
2022
-2172
6963
9582
-7954
1880
3420
-4550
-1644
3347
-4618
30
6151
2307
9437
9371
5022
-5995
6178
1504
-6667
6794
-4589
8797
6028
-2352
-3856
-4639
7761
-503
-9872
5736
-344
-3698
1543
2407
-719
-332
2414
-7195
9334
718
1453
-6549
1641
-8934
-2956
8978
-6664
4531
1500
1899
-6098
-3243
1423
-3339
342
-792
-690
-760
-1546
2511
-2783
-9986
5794
5608
-6389
-328
3425
-1318
4676
-4953
3604
7898
-5837
8585
955
-46
6396
-3264
4076
-4411
5172
5458
2076
9000
-3774
3511
1496
9226
559
-1766
-5731
-975
6798
5987
-154
9144
-8754
-4854
-6193
-2820
3228
-460
9098
6216
5477
2661
1652
-4411
7105
-4867
7145
2227
-7830
552
-5574
397
-3091
-7946
3200
-9938
-5522
8545
-908
8546
4210
5585
510
2067
5097
2316
5901
3258
9940
2862
5912
4756
8690
-5755
3289
-3640
2968
-4584
6134
4710
-2908
6357
-6007
-6607
3717
825
-2501
8306
8446
-9749
-1335
2407
-2612
-3150
8016
-7912
5659
9914
6826
-2503
3580
3106
1189
2604
6608
-9965
2931
3947
-3685
-956
-9063
8901
-7469
7625
2400
-6048
3874
-7212
-3868
5259
-8159
-9859
4841
9251
-6905
-3012
2188
-9323
-8677
597
-9430
-1383
5935
-8866
-8413
-8579
8192
411
-1125
6793
-9215
-9268
-1231
-5822
5298
979
6413
3686
913
3999
5642
-4786
-5784
-7222
-7065
64
-4902
-8323
-5713
5110
3303
1116
6506
862
9770
1687
-5979
-6115
7548
-4134
2079
4086
-8141
-4561
6988
4805
-939
6327
7089
-3912
1449
-2626
1902
8939
6193
-5521
-6005
-3189
-9261
-5089
3648
5006
-4771
-3453
-10000
5415
-606
2864
9601
-6752
4530
-3583
-617
-6463
-2700
-927
-8968
1606
-6481
-3034
-7744
6875
4437
-7108
-6545
-7540
-4933
-365
9894
-3061
-4246
-6542
2978
-3222
7439
-536
3376
6215
-3559
5599
-4574
6027
-8488
4188
4028
-476
-8698
6349
-4309
-3650
-4416
-4070
-5095
-6103
8928
7043
5214
-7647
-3404
2141
3932
758
4043
7549
-2725
-6787
-488
7420
-2334
-2919
-1523
2727
-9024
6210
-6730
8476
-5463
-1832
9543
-1194
8600
4466
-4589
-6166
-7881
5315
9810
802
-2563
2880
4041
-7621
4109
-2599
-3077
7313
-5402
-5691
-8752
-230
7788
-7645
-5392
6544
1622
-2683
857
761
2888
-9348
-9057
8013
-2578
-7244
4387
-7452
6321
4367
-4447
-8384
-6151
-7343
5382
140
-5009
-2762
-6127
-9350
3697
-7321
-4862
14
-5984
-1150
9556
5463
-3681
1246
3650
1371
1482
7125
8911
-1523
4556
-3050
8832
-4244
-5449
4662
-5907
9976
-4959
-2012
1308
-2059
-4903
3687
2462
-2372
-6914
4285
3449
1984
9170
7868
5416
-1869
5226
8071
2604
-7437
-8916
1951
9962
8706
8761
-5124
-3881
4058
-9986
7832
9217
-7018
-1107
-3616
4301
-322
4931
-1365
6027
3278
1057
-1700
4248
-2297
7158
-6970
-5569
-1042
-6584
-5415
8735
-2616
3415
1027
-4610
-4080
3589
3717
6854
-4097
320
-1535
1344
-4420
-3833
5259
-9799
-7422
5062
963
5048
-6133
-4311
9425
7829
-6598
6024
-5429
158
-8860
9758
-1525
9547
-4540
2236
261
1093
9170
5249
-7428
5253
1222
-2762
9794
8958
2168
4542
-1499
-5517
6196
8919
-4010
-9424
726
-3474
-579
-5682
-8595
-439
4187
4305
-4856
-3334
7363
-2624
-4196
7712
5498
-224
-1241
1078
-7854
8999
4517
4463
-8879
-4560
2862
1945
4753
6349
-3021
-7114
-2128
6506
9099
6790
-9934
-9400
3155
9605
5272
-9835
-2884
-2493
-4113
-3874
-1555
-1215
-6655
2878
6079
-815
-9176
-4352
9375
-9755
5184
-6134
4931
2106
-7661
8110
4960
-6208
7663
-1788
3508
1436
-9481
2684
-4259
7398
5885
-7869
2079
-167
-176
2536
1110
163
1705
3871
-3451
4921
-1138
-1060
-6884
6789
3308
9568
-2430
8032
-1237
-6518
-3686
5947
1216
7171
7900
-1827
2313
5347
-9439
8736
5763
9758
-1135
-2239
-3479
6765
8528
-2102
7184
6956
-7992
-282
-7098
-8529
1369
1410
9695
9618
8082
-137
3581
9596
-3231
1037
-2547
-7764
-905
9704
-4422
-6278
-9106
198
-4010
-1133
1035
9449
-396
-2029
-2252
-9609
8322
7011
599
-4086
-5641
5314
4335
-6531
-857
-5418
-3702
2659
-8015
-3566
-9930
-8134
9366
1678
-9059
-6405
-101
-6397
-1879
6910
-7254
-1835
-7689
-9027
-8868
7545
-7448
-876
1795
8268
-5234
-6581
-5417
4456
6439
-5527
-7211
3986
5181
1427
-6007
9098
3863
1712
4854
-7826
5307
1379
-917
-220
-102
-8794
4114
-9821
-3180
-3967
870
4773
-9836
-185
-5652
-6310
770
3815
3643
1373
-8187
6887
1900
-119
-5866
7558
-4791
6534
7094
-7122
4699
-9782
-1591
1874
6042
-2416
-5051
-5223
-902
7421
1254
-516
6787
4620
-8627
-7033
-3764
-5403
8688
2195
-7032
5418
563
9739
-2763
-9350
7399
4047
4043
-3098
-5248
1660
-1414
-3539
-4129
2603
3939
-2507
9060
-5641
7240
2692
-8922
8970
4373
2441
7872
-9885
3967
-6481
-3039
9236
-2413
-9541
-2947
4588
5214
-5620
5309
-1154
4970
5106
-5476
-6557
1022
-4064
-2480
3104
2024
1948
5352
-9431
5611
2972
8017
-6694
4361
9623
-3015
-7344
-3754
3480
6127
4632
-5907
7998
-3869
6992
-4031
-5899
9191
4088
9665
-6024
9180
-8327
-3334
-5336
1000
-1150
-3718
-8254
-7736
-9258
-2260
-3475
9681
-6680
8533
8630
-15
9026
-4756
3975
-9922
3929
3094
-1551
2983
-3130
7463
8260
5809
9379
-651
-8532
-770
6124
-5097
-8215
192
4513
-487
1414
-1273
-9132
-1564
-5069
-6244
9946
-7648
-8557
-7965
-8964
8473
-2848
-4132
9004
6087
-2366
-1224
5480
1445
-446
8713
-1949
-1564
6789
-8503
2604
-2572
8760
-5115
1563
-1105
1159
2495
-3186
-9535
8464
6688
-7789
-5059
543
4977
-9926
-9945
1331
769
7179
9744
-1545
8792
-1181
1257
-7955
5630
-9930
-2992
6502
5338
-7348
-582
9917
-511
5793
-9364
-8267
-4837
-520
6915
-410
-4543
7205
-206
-6448
8571
4628
-6532
1976
-8455
-595
4284
-6560
-4218
-8974
-6108
-5782
-4133
534
-7925
-3251
-9078
9498
4278
2554
-3633
8133
-3407
704
-7423
-9438
5432
-9874
-6630
1006
-223
-5737
-3688
-3614
-3431
-9616
6862
-3546
8543
-4995
2654
-1278
-3752
8870
6784
-5660
-9658
-4782
-4695
-961
3506
6149
-6105
4805
3694
3611
2203
5826
9635
1386
-3664
1947
4849
5723
-5664
-4745
-3922
-2017
6659
-5093
7348
-9146
8465
-7160
6056
-8630
4830
-9075
3430
3057
-5345
8758
-9251
6307
-6370
684
8238
6270
7690
-770
-4708
-7699
653
7100
-3368
312
6930
-5227
-9088
-6890
-4753
-4966
7792
-6856
-6867
9707
-2417
3045
9821
-6571
4018
8262
8242
7659
2844
477
-347
-1412
7211
-1156
6055
-8834
-4611
-7171
-7315
9344
-254
-5698
4135
-3575
-9640
323
-6934
1121
9998
-3306
875
-7390
-5426
-1022
-2930
-403
-5976
-2422
7058
7385
-128
503
-568
2537
-9992
7967
-697
6887
4144
3043
-3958
-7819
1073
7550
-6114
3360
202
-4530
-7515
-6353
-2785
-4932
6932
6730
-4818
1642
8593
-3329
1731
8636
-2064
6793
-4504
9394
2571
-212
-7852
-45
-3644
6781
-1812
1451
-514
-3399
9196
7228
-1450
8035
-8303
-5028
-4304
-6169
-5082
-5351
-7374
-5033
-8476
-9097
1500
5595
8462
412
9969
-1024
-9211
8172
4043
7984
8257
3840
-6415
-6190
-2334
-9778
531
-8495
634
-9672
3670
4793
-5007
7592
-1118
-8396
-4046
6814
3719
-796
7085
-7371
-4121
-894
2858
5843
5508
-1263
-5733
-751
1494
-7354
2079
1261
-805
8481
6693
1370
9754
-1179
-5804
-9309
4447
-2882
5698
8453
4372
-8728
-6336
-7087
6523
-7908
2753
-4882
5017
1041
-39
6105
9740
-216
-3056
7582
-2986
1791
6944
-5004
-4001
-1427
-7268
-1641
-883
5500
-9359
-1365
8114
2435
1212
538
-1567
-572
9377
2226
8528
-4913
5544
5749
1156
4876
-2894
1672
-8661
-5426
-6979
9085
9731
-8973
2565
-6472
308
7826
5984
-1573
-9953
8523
9448
4522
-9072
8269
8866
7797
449
-1614
-7968
7219
-220
1473
-339
5911
-565
-6958
5038
-6175
3786
-7853
-7142
4814
-2166
7344
2450
-3867
15
-5346
9279
-32
-8575
1166
-4926
-4220
5127
3397
-3807
-6924
5318
9569
-2744
6816
2767
-2496
8428
3473
1297
-5204
-7336
909
2741
-8150
-8996
-485
-3627
5417
-3574
7479
7604
-3797
2755
-5768
-5024
6375
-3858
-6171
288
4942
-2853
-4746
8423
454
3125
8237
-573
-3494
-1132
-7842
-4497
-6729
1259
-8733
-6329
-3672
9373
-3404
9877
-862
1441
-2020
9183
-6847
-2520
-5811
9885
8988
9871
7427
571
-2748
-5881
5756
8723
8355
3528
537
2792
-1776
-3526
-2211
-7777
3860
6174
-7901
3339
-3659
3195
5266
5415
-250
-2966
5141
-3604
9107
4401
6457
-6056
6532
-8055
1689
-2439
-7078
7165
8696
-8988
-3078
-3556
-2429
6545
-2828
9653
-5022
6499
-7821
-6573
7941
-6559
-7818
1497
-3828
-6059
7390
2481
1189
-841
-2214
-5020
-5064
4796
3838
-1625
-9672
-2814
-4833
4182
349
6759
-2482
-8319
-119
5859
-228
-1750
208
8898
-2154
-6676
4198
2841
5962
1880
7299
-8834
-6657
7749
-390
610
-6702
8957
8238
-785
-401
-3205
8254
-2833
9207
2589
-6780
9471
-957
-2682
3306
-1024
-9494
7544
-2298
-741
9292
3806
-1588
6117
9697
-7586
-6447
1325
1156
6329
-4606
-1465
5343
-23
-317
9239
1709
5386
-6187
-9375
-7999
6475
7018
5049
9681
-5886
-9325
1402
-4130
-855
-3647
-7219
7747
8260
9263
9158
4913
6629
7342
-8104
-5293
-4512
966
1598
3633
-8222
2750
-3427
5157
2350
-8327
-9220
1796
-4351
942
825
6543
5747
-6086
-1466
9523
-1133
8746
-5032
-1812
2350
2090
-1850
-5573
-401
4450
-4181
9887
5354
-2368
7456
-1719
-9184
3475
-9203
2069
7577
4196
6222
1097
-7654
-87
2822
510
-9793
-416
-9503
4342
8949
-6642
-7073
6598
9001
-1141
8948
-7494
693
-4094
8118
-211
-7322
6879
-3166
-7738
-4522
8276
4623
-3164
1586
2855
8561
-1546
994
1299
7846
6805
-6064
341
-4983
6263
-2981
-5737
9894
-691
-6697
-9446
9561
9010
-2302
5803
-7654
-1882
-1531
-4517
-6431
-6772
9781
-7323
1528
-1349
-1751
-4540
-2095
-4943
9991
4007
7062
9984
6882
5173
9518
-5311
-2803
-2889
-5778
250
51
7817
4670
-7613
3279
-9300
7955
-5058
-2475
-8300
4369
-9334
5727
-5
-6449
-2059
5231
9232
-434
2039
-6393
3310
6402
4198
2689
1156
-9766
-526
-8775
-6764
184
4750
-7092
-6429
-4147
-1297
-1967
5203
-8974
-5281
2173
-941
7266
-9953
5086
-9348
9504
5836
5449
-7414
-3414
5645
8586
-8054
-4282
5145
6590
-2371
-319
-6222
-3737
964
2582
-4488
1184
-8098
8963
6775
347
8047
7164
-6277
475
7758
-4357
5224
1648
2444
1292
-7953
-75
4305
-6857
2847
-9666
9803
-420
9127
-4280
-5995
6646
-2054
4418
-9444
7639
4146
181
-2188
-8873
-9678
8634
5435
-1217
-3123
-7757
-3862
1867
5722
-747
3132
3709
-3963
8466
-1613
-8918
9285
-2493
-7724
-9296
6395
-5511
-9595
9530
6064
7226
2888
8919
-9603
4235
3260
-8534
-6914
-3361
-7833
-8458
3534
-5344
7057
3945
5464
-9357
-3997
-3446
-8752
450
-2689
8107
4879
-7757
2418
6719
7334
1529
-3756
-5604
1055
7274
8990
-2144
5070
2478
7135
606
-5375
7578
-305
-669
-6642
-9265
3573
-996
2533
1825
7297
-1476
-9038
5358
2866
-7308
3350
4393
-6626
7549
5878
6305
-3480
7609
511
1368
-3306
8914
7672
6232
9609
-6393
6519
-4606
-1783
-7654
7928
-5611
2344
5764
-3371
5798
4297
6013
-562
-8200
8733
8908
-7740
8490
9226
7594
-8768
-4386
-9298
6623
8950
8275
1556
-1642
-3591
9349
-2827
-8543
-9233
6659
7539
-8228
2988
4891
2686
3631
-9385
-3972
-1621
9726
8030
-8862
8323
4735
-6475
-9760
9644
3967
6428
-1104
-275
9284
-7861
-5586
-8262
-6502
-5066
-9224
692
-8632
-3997
2995
-4116
-7776
2486
2805
-5847
-6949
-3221
-9854
445
-6905
351
-3281
-4642
-3473
-5488
-4253
260
-8561
-3603
1409
-3292
2235
6293
-945
7060
-2992
-3728
9809
1735
3509
330
-7006
742
8677
-2709
-5385
-8455
5665
-6176
3286
7790
-7256
-6050
-9418
-6947
9338
-2515
6644
-2167
-6010
6774
379
3767
-3955
877
-7082
1224
-3721
-8357
-3547
-5418
8900
-4510
9178
-1963
-7189
-7180
-3264
-7006
-8284
9050
-7094
-368
1288
8190
876
7374
8662
3197
-2796
-56
1330
-310
-5278
-8636
4604
1243
-2515
-112
-5470
-3290
3510
9144
-6574
4181
7945
-1508
-8300
4940
-4565
3540
-6541
-7977
-9332
-5308
-3708
6837
1117
967
-373
-321
-5568
7912
5546
1346
-3920
8235
3115
1709
3787
2711
2686
-3998
-8105
-6094
-3998
2284
2841
-1508
337
-5804
-9907
826
-5092
6250
-978
-3967
-270
-1486
-4504
-218
9795
-9544
8236
-5050
-255
8164
-138
1013
-6211
3804
9414
-9391
-3845
3975
570
4149
-4381
2581
3800
8445
-9046
8473
-2450
3939
-4062
5790
1824
-2264
8680
4876
1855
6234
-793
2664
-9548
-8534
6686
-5447
-9555
-4319
-7941
298
1478
6243
-5820
-1599
1472
2439
-488
-5610
5432
-8941
4525
8069
-1662
6218
9032
481
10
-8197
-5434
9212
5414
1604
5059
8567
9533
-6917
4116
-6500
9516
-1935
-6367
2224
-4090
2454
5744
-8919
-7091
5935
-9645
-5816
-6235
1795
-3624
6180
9257
3573
8433
-965
-5571
9013
5883
4810
2338
-3735
40
-9657
-8355
8319
4460
1084
9000
-1629
-5856
5199
-3700
1796
-7452
9591
7291
6870
-6392
2908
4301
9325
-5806
-7137
8020
-5171
5498
9257
-190
-5640
-2011
7195
-8723
5416
1371
-1131
4541
1143
-2893
3843
3107
-8927
-8046
8692
3300
-5245
410
-3575
125
-2354
9544
2662
4365
-3937
-244
-7891
-208
-1867
-6320
7397
8011
-5823
5846
9017
-9385
5632
3076
4738
-9030
-3413
3007
5095
-9835
8713
2950
5109
-5417
5996
-3089
-9912
-563
9115
7164
-1790
-1619
9998
5434
6275
1008
-7965
6250
-9692
-7925
-8925
-5299
7078
933
-758
8766
-4209
6440
1654
7356
-8860
9259
-2774
-7743
-2691
-156
1415
6233
8217
4329
9551
-2342
8571
-377
-87
-3803
-6211
6847
3107
-3131
-3787
5678
6353
951
4409
112
-4481
-6386
415
1848
-5798
-875
8695
-2743
6909
-800
5219
-560
2803
-8782
-4823
4829
1724
5408
-7589
-2827
-5977
9360
9532
4368
-3609
-2760
8909
-9926
-7435
-3694
-1461
3428
-4189
-2216
-623
-678
3792
-7437
3969
-840
1777
-6446
1
9459
3273
-9650
6502
9546
-9214
1128
-1221
-2625
3759
6153
4390
4354
-157
-4679
6043
9348
1083
8961
2521
-7999
-3520
-2820
-3009
-2259
8558
7249
3213
3968
-6004
7789
-6054
1328
6767
-4567
3117
8486
5308
-207
-7294
8716
8593
6476
4059
5959
3609
3436
-7481
-8486
-6022
3464
3729
-7935
-9814
4348
9197
8160
-5433
8353
4821
-4764
-3694
-1388
-5591
-6494
157
-7873
6253
-2811
-9682
-7327
-6911
-6475
-5368
-6344
-6418
-9623
6669
4767
8367
6113
8417
9463
1392
1898
9512
1423
9026
-4702
-8995
-6878
-6843
-277
7808
-3052
-7342
6450
-4617
5789
2042
8380
-3293
2440
-157
3159
-7205
-5782
-896
-324
-7548
-4964
7703
2952
-9060
9346
8783
4339
5438
6516
9165
-1807
-531
-559
-3745
9229
5333
9189
243
-6314
409
1283
9375
-570
-8490
7056
5450
-817
9633
-3078
8552
6479
-6003
-4111
9184
-2031
3000
1821
-5187
1024
7098
8263
417
-8455
-8472
-7170
7333
270
7217
3361
-7537
-4848
-4955
8495
2371
2719
-5222
-840
7232
-7000
8271
2020
-6266
5921
2880
4277
-7790
2085
-1655
-892
3724
-5653
2994
-9797
2923
-6906
772
7074
9199
6120
-9399
-4379
-5352
-581
-5146
3879
-7882
-6080
1176
-8515
-726
7854
-5033
-3228
-435
3723
-7063
2471
6171
9237
3463
