16780
9069
-6324
1351
442
-1127
-2690
-8299
3561
-688
-1070
6096
2011
-6299
-1938
-7265
5858
3675
-7502
7913
-6655
-1590
-6240
2886
8286
5864
-9579
9503
6867
7002
-1106
-5275
7821
5655
6785
4119
-1391
6738
-403
-5404
-4665
-9977
9735
-6645
2910
-1663
2194
744
5661
-1907
-4671
4011
6734
7048
2771
2996
6860
-8517
-949
-9338
-6309
3665
-946
-3804
-2018
-7613
8023
-2908
6830
-1517
-3685
-681
-114
-9997
-9700
-6439
2344
-9022
5067
1528
6983
5378
-8081
2650
2315
8088
1813
9789
5715
-4877
6775
2970
6239
6354
4837
1305
7029
4909
8886
8037
-1200
8663
9294
3475
-5882
8474
-4984
7129
-5496
-8953
9910
-6655
-9067
2651
-1681
6184
1513
-1123
-5499
-1727
-9553
-2509
-8990
-8808
-327
7947
9122
-84
1417
-6813
5571
2985
-5313
3304
8945
8631
3667
9119
6868
9024
1892
3424
-4257
1777
4199
-712
-497
-3342
-517
3901
4265
4537
-8120
-8467
-2473
-5226
-7988
3773
-5606
901
5263
-1593
-8294
3420
2796
-4056
-1869
4441
-4482
7098
8545
3867
1651
650
-3797
5663
-537
-8705
7556
-6814
9743
-5904
-427
-2418
8994
-2809
8786
8454
8100
1713
9017
4068
4473
-9035
9022
-5821
3739
207
-2742
-7128
9651
3782
-5389
9993
-1061
-5591
7873
-4710
-7596
-3863
-613
-3580
4162
4784
8714
9583
8007
-9748
-4846
-9673
-1184
1096
-9735
-8572
-5157
6157
-3326
8286
-5489
-6994
5668
4299
-5394
-6242
-5610
-9617
5942
1008
-3560
-3203
1462
985
5006
-7147
5700
7457
6352
-4368
708
-7862
-6627
2809
325
8185
2239
8503
-6749
4057
8259
-7029
-276
-5911
-8497
-3118
-5620
3744
2990
-8221
-267
150
-5123
9360
-7768
-2659
1171
-8773
6650
-7731
1643
-5696
7763
7103
2266
3035
5705
-7628
7611
5795
-9621
-8641
-7471
4890
6573
-2641
-956
-1852
-3176
4057
9970
4066
-523
-1971
-691
-2200
-4842
7410
6920
142
-1951
646
-5237
4466
2346
-9772
-5941
-2027
322
1690
6570
-145
1690
1727
8320
2110
-1703
-2458
1819
-2607
6387
-1298
264
-5806
-9645
-3362
-3203
9792
7066
-7610
5606
6840
-4317
9395
1144
-9036
-4814
-4714
-4452
1864
-5304
7627
6749
-4333
-5213
-7465
9998
-8112
439
3499
-277
6673
-5974
1893
3495
-7533
3982
5091
6258
2695
2175
-8162
-4013
-1512
-4864
2515
282
8432
109
-6877
6656
-5164
-2965
6846
9488
4822
-4526
-4684
8528
1155
-4590
-5813
-9258
-8412
-7566
880
-8285
9212
-43
-6938
-7854
8158
2989
2139
3382
-2078
-3884
8039
2044
5580
2991
9070
721
-1052
9863
550
2019
-7181
-5663
-6040
-956
8724
-7962
330
448
5703
6904
5352
2161
9797
4916
3095
6977
-7706
-5202
-6526
-8893
-8558
4400
8596
-8169
4629
-6151
-7320
1363
4998
5501
-9789
-6537
5189
6399
8914
-2634
-1346
-5793
-8698
4547
476
-9949
-1602
4520
3196
909
6681
2192
-7128
-8621
3099
-3579
-2405
-830
-5122
-6771
9970
7865
3451
3143
-9545
-4779
-4472
-680
-938
-6373
8227
1495
3649
-7485
4091
-5591
3072
6667
2700
1546
-7391
2025
4690
2312
-8861
4020
-5076
9429
-4746
-3406
2510
-123
-209
8084
1115
2974
-6103
5468
1347
-6345
-9381
2907
8404
3089
3237
-7181
6099
-7718
-1107
4525
4669
-3362
-9870
6825
4027
-5269
4012
-3370
-7057
-8138
-7355
1581
-217
-7272
5811
-4662
2274
-4899
4329
5293
-2652
-9705
-6885
-6966
-861
7916
3730
7693
-9218
-6772
-7379
7971
-8414
3135
-1134
-8238
8186
4642
3926
-5385
-8990
7208
-3752
-3302
-7874
7684
-107
-9502
3219
1415
8741
817
5389
-1684
4161
4201
-4362
5688
-3190
-8846
-4367
-5540
-1610
6411
-4274
-2761
-4103
-4555
1812
3858
5522
680
710
53
-776
8803
2473
3921
3902
7442
-5686
-7642
-8671
8059
6711
4584
1670
-763
-3458
5199
2339
-1654
9479
1785
4239
-6103
-5356
-9361
5204
2017
-360
-3404
1445
4054
-5993
6126
5312
8329
3197
-1477
7888
-6221
-8058
7006
9859
-4035
2548
8949
-7837
-2980
9786
-1753
-5972
-8676
2967
8300
-5118
-1358
-7801
9903
-6447
8276
-6980
-410
5062
9647
-4564
-7671
8452
-5071
-899
6623
5520
4546
-5399
4397
-8473
7014
-3079
-5396
9855
2178
3001
-6474
-1159
-4578
-61
-2234
-7114
2825
-8454
596
-9551
-1837
9864
-6814
3759
601
-8825
734
9138
5999
-9776
-9128
-4723
4191
-2638
-4891
2109
-5500
431
6247
4355
6399
-7036
1488
-5205
4470
-1712
-499
2510
-544
5186
6868
-1248
5264
-3588
-9243
-4168
3264
7642
5849
-6222
8733
1762
2936
4713
-5467
640
-3859
7678
1591
506
9338
-6682
-8260
3011
9824
-4886
2304
2670
-4372
8409
-6112
-6773
-5305
-939
9524
613
-7679
-1660
6752
163
-3915
9484
-5914
-9965
-5777
626
2363
6642
-611
8208
-1807
-5468
-5184
-1451
8495
-884
-8424
2109
5204
2289
-5314
-3742
6088
-1116
9318
-6247
2418
193
7464
-7877
902
3230
7937
6282
2672
-4999
-4831
4753
8908
-2983
8206
-7701
-1094
2322
-5573
-145
-3502
-9279
1904
7489
4558
2560
-5788
5526
7624
-7451
-1553
-6975
1427
2453
-1774
-5279
-7051
-5195
-6329
4152
274
1890
-2161
4824
-7784
7412
8511
9678
1282
9680
5075
1315
2719
7866
-7939
4435
8345
-1889
131
4031
2698
2088
-2886
7360
8769
7732
3520
-1991
1283
-7811
-8967
-9430
-413
9756
7098
9574
7499
-4567
9806
-8774
2295
6614
-7313
5731
-2818
6972
8721
-2521
5308
-9246
8620
-246
7593
1392
9562
2902
-1955
-2948
1816
-8834
3705
-1403
-9067
8438
8447
5211
4468
-9070
283
-1659
-200
-8809
4218
-4645
9102
3719
1288
-5633
6992
1137
-8174
-4926
-7063
-1718
-9180
4893
1823
-1159
5072
-9256
1142
-1336
-9765
-7189
9087
9721
-9519
-2125
-7051
3232
-7640
-326
-4068
1313
6927
-8240
9484
-2460
4371
2072
7299
5519
-9603
-4127
8498
2036
-9052
8948
-2984
7158
1558
-9183
6803
7702
6495
-5243
-5068
838
6862
6109
-6902
3300
772
4797
3311
3968
-6776
-6341
-6507
-6012
6679
-5214
-7791
-1257
-8364
-7108
3188
-8265
-9234
7893
8822
-5749
5919
-1384
6623
1147
8084
2749
-4535
5865
1365
4383
-2241
-9399
-4403
-2960
9297
-7919
555
-2809
-4582
8980
-5901
-6771
6345
9604
6232
-3415
-6625
-1137
1743
5997
6879
9108
-4425
9012
-8583
3015
5881
313
-3064
-8598
7565
7423
-9011
6941
8022
8913
-7724
4707
7688
-8123
-4004
5610
-950
8729
-3614
2673
-9751
5467
-4385
-3513
-2475
7341
656
-3323
9094
-6037
7510
6664
5695
8170
-5179
-7979
-5547
3081
3173
3022
-1623
-5628
5169
4038
-9196
-8012
-1566
162
-603
1052
-3248
4887
8678
6201
-624
5367
-4542
-1623
3025
-3057
-1584
-5107
8197
-5311
9443
4559
5369
500
-7172
5319
-1048
-5914
8005
-1412
-1510
1355
146
4097
-3834
-4511
7117
3976
5917
-8189
3213
-6728
1377
-8898
9658
2745
692
9943
-4962
1553
-4348
-8070
-5631
3096
7653
-3071
8183
2116
6628
-8115
-2622
-8619
-5532
6479
-9396
5001
-1476
7370
4823
-2623
2890
-7546
-6402
6101
-7157
-6296
-5452
236
4574
-1918
1895
-9885
-9929
-4244
-765
9350
-7201
7547
-6870
5479
-267
-9525
9578
-3787
7974
-444
-1862
-1184
-5618
-5477
8059
3209
-2851
-568
1014
8937
-7250
-7682
-805
4270
4075
-1828
1746
7810
3023
-2138
-5804
-4163
5082
-9721
6652
5599
-1297
3003
5645
-1795
153
-350
-5935
6970
-588
-7247
-7415
-6819
-3071
-8725
8968
-7985
-2692
1266
-2839
-4075
1282
-5364
-8751
-8972
7971
6634
5023
-9451
-7434
-2050
5136
5958
-906
-66
8314
-6024
-5014
-1069
-3296
-6378
9513
-5528
-8155
-4168
-6639
3545
-2403
107
-5934
-8732
-6222
2383
-6402
4455
2714
-3435
-3517
-7026
-6801
-8765
-8562
1572
44
778
8847
2727
-5910
-751
5217
-4061
2156
7540
306
-2757
-2544
2041
-8728
-9427
-6007
-5733
-2364
-6924
3483
-4684
-3152
2750
3871
-2514
4365
6099
-4061
-2422
-4784
-5450
1490
-7917
-991
6979
-4713
-7389
-9402
9734
-5670
-1815
-2911
-9755
-4797
9951
-2895
-3512
1493
7237
9920
-6859
7506
-396
154
-2583
-9808
3591
5209
8189
-8852
8404
8480
7306
-4912
2327
1558
7176
1314
7496
8608
-5970
6603
-3117
-1798
8900
3728
-3955
1173
-1983
4038
1425
-2377
-1058
313
1091
-9057
834
-5347
1467
-8883
4877
-4578
6729
-3003
8361
1631
3098
3685
6224
6829
-3168
3948
7579
-5521
2717
-673
-4985
-8028
-4474
-4805
4681
9457
-9890
-4146
-6834
3180
-4701
-1175
-501
-7901
8380
-5372
6323
7957
-9076
9682
990
-4209
-5161
-4789
6571
-2870
4510
-1731
8713
-4250
8570
3328
628
-8334
4541
2756
9610
927
8067
6116
4229
8841
-103
8537
1666
7416
3080
-4220
-5521
1859
9778
-3788
-3459
25
2946
-8353
-6380
4913
-5919
5643
-8189
6481
2701
350
6820
9639
4020
9035
-2016
1579
-9111
6640
4854
-8808
2937
7634
-2322
1101
2225
2186
3111
-5945
5255
5384
5463
-5435
-6058
-408
-7076
-5067
5338
-6447
1445
-9987
-2687
-3332
679
4660
-8321
2029
5287
9919
-8477
-2650
810
-2596
4582
3475
-4463
9970
4996
-6132
-674
-6450
6307
-960
-2699
-6316
7722
-3001
6071
2139
-6513
3599
-9227
-6384
-6584
-4351
-5262
8537
196
-7068
2411
5730
5392
-4477
1569
4122
4036
-4728
7948
-8522
4227
4895
-7383
3974
-4602
-9307
6159
7298
-8468
-6014
-764
-9388
-9809
-3622
-2552
1896
-7627
4783
-9495
2300
9211
-2205
3842
9798
3256
-8566
-5984
4467
9316
5835
4475
7695
-5815
8395
-318
5424
-322
-5378
5517
-3127
7861
5431
309
-510
3627
8568
-5872
-9507
-69
-8787
-8976
2465
3907
-2446
7362
-8080
9388
1358
-1514
-8346
4852
512
5056
3985
-6005
5163
-8129
-1974
-2520
6297
5384
-4998
-7607
-9660
-6561
481
-1641
7127
2582
4109
-9268
-2675
-2713
319
8407
-3848
-2339
-567
-2937
-4632
-8019
-1901
8347
-6778
1738
-2908
9538
-932
-3589
-6679
1420
2387
-6134
-7697
3283
-5912
-9950
5253
8549
-4051
-4834
4519
2957
5884
-7396
-8008
-6354
-4107
2934
-7853
-5354
4671
7669
-8631
-2547
-8841
865
-8169
1102
-8392
-6630
-273
-9761
-4050
-3875
-6105
2653
-236
4654
1020
-3140
9514
4439
763
-8882
8175
6288
-3902
-2235
-7580
2449
4432
2259
-1739
8909
-5025
269
-2041
-1578
3840
-5894
2277
8103
-9197
-4837
9256
4120
4159
-2981
6579
361
-8525
-5162
-4724
9397
2570
-4759
944
2182
8829
2841
3878
1753
-2261
2830
5474
3493
-8504
7809
-3201
-4122
-4886
5708
4684
4917
1070
-5718
7257
3118
7675
-1377
7275
7235
-6533
-1253
-6360
-6777
754
-7982
-6592
-2649
9582
-3324
-1831
-4324
6116
-4241
7145
4434
-819
3348
-3127
7135
-6688
-6955
-8299
-9558
8119
-540
1095
589
6294
5126
5924
4134
1616
-3944
-549
9182
-7376
7723
7500
9014
-5776
7632
-1660
-345
-8288
9178
9792
-6733
-7956
-6887
8106
-4064
5522
-4854
245
3923
-5486
-3983
6111
5272
-4172
-7953
6364
-3912
8221
9072
1494
-5114
-4584
2212
-2489
4586
1646
-2501
6375
8229
-2658
5277
-2790
3435
7175
-7826
9938
5164
-2475
5214
6925
2378
-6704
-7987
-979
-2845
7270
-3437
-5353
-7947
3765
-1854
5594
2610
2253
8471
4757
-718
-1466
-8599
-9645
6213
-7551
6290
-9858
-4938
5490
-533
1666
4360
-8450
-5057
-4518
-3933
-8919
2503
-5369
293
-4520
7683
-3739
-7560
-9980
3050
-9220
1028
-1795
-5519
-7433
8188
-3284
1104
4972
-2352
-5645
-5869
9459
-3993
917
-8532
1954
7736
820
5620
-15
2435
2098
1161
-3935
-899
4583
-5697
-2370
-9541
901
-8711
-8164
815
9050
-5688
-4693
868
1194
1615
6728
-6735
3811
8467
8375
-328
3569
3576
519
8150
425
-5928
-9281
77
-527
7765
5965
-4317
106
-5173
-7170
-4645
2489
7620
6258
-2950
3569
546
-8748
-7265
9179
9976
2022
6470
-2265
7262
2118
524
8068
5499
-3463
-2062
-8583
-9507
-7935
-6262
-4439
-4762
-2342
-9751
2277
3740
-9351
5803
-6966
9017
-5624
3177
2176
-7298
3619
4828
-5082
-7734
-1186
3661
-547
-3965
7540
-6276
1210
-1381
-7486
8238
3605
-6945
8789
-1496
-7923
-4961
5071
589
-8764
5381
1047
4016
-7997
4547
-4989
4982
8006
-8971
9787
3929
462
5671
-1124
-6307
9369
3236
-9932
4454
3428
-5986
-5111
-544
5720
-268
4616
3949
-5568
1836
-7818
-7621
6624
-7201
5447
-6376
-6133
5916
-9468
-3565
9956
1434
8599
4703
3738
4708
9491
-7770
-1376
9996
-419
5743
-5668
-3634
-8754
7851
269
4785
-9663
-9443
8329
4688
7996
-9642
-9031
-8230
-8129
-3558
-9453
3496
8254
649
-6771
4105
-5980
8398
2287
4159
2947
-8306
-6798
5068
7465
4398
-4549
-6225
3869
2968
177
6471
-4590
4735
-4160
-8190
9842
-8416
2406
-9950
3071
3700
-9271
-2306
-4641
-1147
1394
-7743
4249
-30
-5655
-2770
1392
3922
-6007
-3529
4768
-641
4566
-268
1895
-1933
-7267
9947
6341
6100
-5139
-9045
1358
9598
-9720
-5578
3789
-6734
-5997
-7870
-6910
-4890
6841
-9284
6683
6290
-4935
-8502
2290
-9130
4615
1749
3779
1615
-8755
8423
-9793
6737
-748
-9393
1899
8177
-377
7477
8618
7957
-733
-9218
4967
497
-1052
-3378
2656
-8622
7091
-9989
-2349
5517
89
5050
-1274
-7039
-8737
-2397
8311
5659
-6418
-1593
2746
-4504
-1861
8369
7641
1845
2509
7244
3290
6735
-2506
-6752
-8468
989
-5018
1438
6308
260
3360
7918
-1983
-2377
-5439
-6415
2353
2730
407
-7049
-7404
9953
-5818
-815
-566
2022
7399
6788
8992
-4542
4961
5452
-537
1453
7866
243
7496
341
-753
8859
-9821
6605
8659
-708
-5673
4371
8189
3412
-1175
-9081
9060
-5776
6412
-4467
186
7996
-5002
5481
2025
8388
-2350
-1078
2128
5223
412
-6027
5936
-963
-6500
-3979
-5390
-5804
6038
8479
-1998
5122
-9320
-2134
8750
981
6770
6210
4970
1998
-1716
9056
-7949
-1577
2017
2534
-5373
-1209
-5690
-5698
1289
-1528
-9986
5604
-820
7261
-303
8923
2523
3991
-394
2423
-6502
252
9186
-6301
-2469
-4836
9880
7527
-6151
4889
3138
6069
-993
958
703
2631
-81
-1009
-4848
3431
8803
-7825
7355
-4727
2713
3195
1301
7280
4505
-3849
1221
1027
9167
-5206
9499
-1110
-9138
-4145
-6063
8324
4698
4289
4113
-3971
-9465
8336
9071
1726
-6223
1019
-1205
9637
-443
-4855
495
-5256
6085
-9371
-7081
1123
9659
-8814
4854
6289
14
-5239
3614
7244
4913
-428
3355
5197
9263
5901
-4444
-5562
-3398
5775
3510
-1566
-5181
1417
-8816
2500
3685
-5772
9612
4338
9550
-1138
3975
1974
-3566
1743
-9865
6477
1149
-7023
-5065
4225
-1467
7385
-1570
6833
9395
607
-8768
-6378
6040
8499
-4155
-9959
4834
-9427
9329
-4276
-4112
-261
-908
-4038
-164
-568
7192
-563
2090
-2971
7079
8004
-6423
2025
-3550
-1443
3218
-5629
1430
-8864
-1285
7618
-7032
-8041
-8875
-9013
-1510
-8256
-8468
9133
8421
-1903
7585
2195
8380
9600
137
408
7078
6936
-72
-2520
-600
2090
-7215
-6858
-3165
-5790
2091
795
-6484
6018
687
6944
6765
391
4632
-2379
-2816
1693
-2732
557
8994
9680
-9845
5478
9495
-8084
-4200
6008
5330
-195
4262
7599
7499
8511
-7579
7066
8158
-4706
6833
-8933
-5162
-2652
7075
-1427
-458
-6701
-1004
3492
-7448
3216
3197
9308
6919
4611
-2245
7375
3430
8155
-9964
-5239
1612
9639
9587
-309
-8469
8984
-2134
4669
-1546
338
-4657
-9174
3568
3696
7167
1911
618
1750
5597
6921
9332
193
-6276
6781
286
6154
-1060
-6496
1761
-6558
6228
-1080
8256
8520
-6220
8508
-6212
-819
2716
5680
3256
3146
-1145
117
9032
-7210
2232
-7932
910
-5486
7423
9834
6365
7012
8517
-1215
8052
994
8840
-4895
1063
6957
5873
2723
-1549
-902
-7242
2970
-8081
-6645
-6011
-5105
-644
-602
9272
-1072
3276
9232
-8781
-3582
7955
5657
-835
-9233
-9185
5313
1538
4303
2161
-1512
860
9216
3435
6853
-9123
-396
-6931
2836
4280
561
1672
3456
8247
-2797
5529
9647
-7296
-7668
-1294
-3217
-353
6502
1258
5538
4067
4996
6588
4338
4289
7473
-8783
8435
290
-9915
1008
-4978
772
4518
7542
1242
-8441
-7190
-5129
-6781
-6374
-6986
-1302
-5673
8454
8589
-465
4403
5568
7635
-9854
-9009
-7196
6994
-9763
5881
-1030
9341
-1538
6941
-9562
9101
6767
40
-7888
5281
5418
-3092
-1767
-5301
-4495
6571
448
4527
1803
6106
-2348
-6204
2853
-3538
-9637
3925
8623
-339
-3856
6619
-2171
-8640
6353
-2768
-7979
9507
2807
6796
5234
620
1104
-4265
6812
6221
-1365
-7256
-8667
-2905
-2563
-7458
-8274
7961
-7500
-417
2876
635
7537
-8237
-4410
-511
-3054
-5359
1414
5008
-3563
6109
7543
2351
-1426
-495
-4916
-7804
-3958
5468
-7724
-9094
-7600
-5600
6214
-1163
-6117
6855
2884
372
4857
4876
-8033
-9150
-7271
5483
6615
372
-8744
6626
6866
5539
-5352
-8126
8075
1163
-4040
-2940
-55
-2138
-8331
9060
-7941
8735
8932
-7887
2178
-6633
1840
-5379
-4039
4599
-311
8731
1397
2394
-1197
-5946
-5680
7734
-5455
-7073
-9507
-4189
-3229
-27
1327
-2788
4064
2209
50
4137
6734
-1802
-7468
-7715
6333
-1657
4303
-8854
156
-6787
-6701
-5027
-6019
-1779
-6987
1041
6231
4623
9741
5116
4215
-8983
9251
4965
-6839
1097
6328
-5683
-7942
-9462
-144
-6750
-1562
5451
9972
5201
-8720
2359
6076
500
8539
1225
-8089
5055
-2887
-8023
-4687
-5523
-1423
2101
9809
-9543
-8390
3962
1341
-1801
-6639
-9874
-4134
8981
-6115
5740
9968
-7364
-9254
-8453
7105
-9496
5007
-6589
1847
-5503
-9033
-5279
3626
9162
-3994
9671
9869
-3765
9357
-971
-1679
854
7064
9771
2878
5183
5130
-8974
-2259
4344
8288
3710
-9454
4638
-3629
7654
-8
7216
1541
6071
-4922
3302
-1316
-2550
3916
8620
8595
-798
-8201
7337
4274
-5280
6463
3213
-5719
6742
-9484
8485
-8399
5503
-9573
392
6070
4314
-637
3278
2631
347
8183
7729
3707
-2369
-5664
9809
-8089
1142
8973
-5412
-6283
6705
-3282
1697
1203
966
-4525
7215
2348
8265
-4499
-8126
8476
8588
-2480
2839
-5443
-145
-6661
3036
-9609
-8634
1566
9736
7379
-8363
-7519
-8205
-4952
4850
-6732
-47
-5989
-6248
-7903
2752
-7179
-366
-9805
-5692
-9407
-9376
-4748
-4107
-3761
7543
611
9557
-8935
3728
-98
-5270
-9504
-2416
-8026
-1728
7466
-7525
-4132
-7135
9932
5904
2605
-5594
321
-7675
-6160
-7288
-9978
-1092
-6013
4714
3663
-6823
-1554
3570
-9607
-1513
-8691
1288
-4748
8990
-3122
-3442
-9448
-3420
-6107
7818
7763
-3226
4465
-6876
-856
-2385
-9746
6462
9214
8785
-3519
-2090
8773
3026
-6155
-6873
-3401
609
-9036
6900
-6639
-3846
8095
9096
5794
9505
8101
79
-9502
-1554
-7402
3701
526
-7272
2852
9582
-2060
6213
-718
-3753
302
-4404
-389
-2523
-4456
-4748
5787
6511
5727
4760
4069
5766
-8305
8748
-6228
-9850
-1815
-5718
3593
5190
-1867
-8703
-5006
-3006
910
-9813
7369
3902
9312
5488
-5232
-2458
873
-8382
-9378
-4293
9654
-7201
1407
4964
3315
6624
4136
7209
-6980
-9790
9499
7355
-8797
1550
2637
-4618
9642
549
-5226
7536
9892
-7313
2855
-2719
-3228
-6111
-480
-1764
7506
6252
-1046
-5900
-3445
-9078
-3029
3208
-2970
-8747
2670
-1592
-694
2179
3811
-2158
-5981
8997
-8433
6700
-2231
1653
-1772
8769
4481
-4109
6112
-109
6917
1478
1925
7884
1414
5644
-9268
-2968
-1485
-6041
-3092
9196
9008
-4462
1561
-1293
-5593
-4870
7249
3751
3041
-8358
3331
7651
7171
1205
1677
6313
5283
7027
-6301
6360
-2442
-1065
9458
9456
-7683
-8741
-2165
-3291
8172
-3767
6164
7913
8889
705
4373
-939
-8499
8539
-7979
3899
-9594
-5563
4551
-8519
-7020
9065
-7111
-7790
-3446
4874
2370
3635
-7380
-140
4744
5225
-7707
6234
-3863
5280
-1307
4541
1000
-1649
-9781
-7239
-2418
-2149
4757
-1737
1714
-6100
-5640
-9756
-8447
-2307
-1403
-5506
1745
8009
8965
-4309
2058
-554
-7447
-2991
4805
-7234
7073
-4801
7113
-7829
8097
8803
9271
1937
-971
-7856
8082
-5673
8141
4775
-2462
9133
6273
9400
-9777
5437
-6424
-2134
-3225
9913
6989
-2795
1706
8740
-8548
-2414
5124
-5179
-9261
4518
-408
-5977
-5308
6089
1323
-6288
7530
927
9888
-3909
6052
-6919
-5209
8070
-6900
-3197
1354
-997
-7362
-5712
-4283
4550
-9369
-5590
-9623
9632
-867
5710
-5189
-1890
-3201
-9333
9818
698
-1876
4349
-6209
5322
7277
7737
-3532
7847
-5336
-7522
-2127
-167
-4789
-7120
-3668
-4275
7836
-1178
5597
-8969
-3785
-2371
7465
-5487
8712
-802
9977
-3126
-9550
-5895
6178
4763
-8731
-8608
-4157
-5483
-7412
4618
3209
-4490
-4740
3052
-4470
7421
173
-7099
-5239
4434
-6980
-4702
-3015
5416
2014
6477
-5639
-6036
-3572
-7785
7844
7201
1178
5946
-7463
743
-8018
1778
-1689
5191
-1795
-8294
7416
1082
-5506
2986
5397
8169
-4183
9802
3818
1950
5340
-9086
-4319
3936
-8026
6460
2811
2255
9512
1809
9992
-5491
4668
7051
-6957
8018
-7005
4679
-8559
9479
7417
-582
7529
-5643
6280
-5698
9578
5206
7296
7924
-4658
-8671
5308
-807
-4453
-3158
5432
5500
-7619
6916
-9404
-1330
-1329
1994
8664
-689
-9765
2259
5096
-4174
-2616
-717
-4747
708
7326
9719
-4395
-5677
-2699
2050
-7780
-6785
197
8233
1135
7427
8084
6180
4799
9525
9381
9158
2781
-2732
2302
-2950
-9950
-1811
8827
-7994
-4357
-2416
324
8137
-2509
7014
907
-3887
7112
8620
1605
-5697
-4832
-2844
8535
-9351
-123
8733
-8061
5791
-6416
-5242
-4422
8890
-7356
1093
-7221
-1691
2270
8859
-8437
7252
9578
1934
1647
6444
-100
8575
2483
-4149
4801
-5515
1983
5912
5105
-9329
1433
3692
-6295
-5223
-3760
3881
2589
142
-6279
-621
-7951
3261
4159
2614
-4090
-2629
8708
4812
-8566
-390
5648
8771
-3775
-9381
5831
9157
9257
-6726
9952
6541
4545
7165
7172
3102
8037
8294
-4616
6460
7390
-1951
7099
4197
-7740
1060
845
4480
1270
-286
-6625
9730
2677
-4937
5471
8078
9428
1198
-1375
2842
-8923
629
91
-7641
1973
-3692
8848
7190
-2663
-726
-5259
7623
7284
2007
-9228
2040
9341
8423
4863
996
4064
-4192
-7128
803
-6609
-5991
8762
6261
8663
-3980
-2248
3980
-4476
-4294
-5586
-6887
-6104
-2561
3151
-3973
1954
5245
1177
1285
6711
-1218
-6049
2066
-1800
-5000
-112
4099
1741
9688
4766
8577
-2268
-9552
-5160
-1591
1760
-6955
3676
-8530
5834
-3176
-5331
-6109
80
-216
5520
-890
4958
7075
-2976
5363
-1533
-1308
8427
9824
4527
1795
-7541
7688
8554
-9644
-9453
-7239
-2754
5625
7195
6856
-1437
-3605
-8584
-9907
-2988
6109
310
3632
6197
6413
-858
9161
2402
1530
-8192
-6393
2617
-8092
4358
9138
-7149
3520
8173
-1066
-7119
7365
2803
7296
5497
-4158
2236
-6031
6346
9887
6436
-4077
-2930
-2367
1087
-2523
-1663
3562
7563
9187
-4075
-3966
-4537
-612
-8666
-585
7398
5855
-8696
3889
-3088
8396
-6503
-3365
6240
464
9888
-3568
9638
7387
-4449
-2630
9855
8982
-7600
-967
9808
-654
3707
-1685
-1229
7571
-8781
4350
6729
-8214
1882
-8160
-988
-9287
-697
5629
8097
-7590
-2999
1075
3890
-1805
9507
-9018
-6610
-5701
8853
8343
-4393
130
5992
6690
1188
-7875
-5623
-8304
-2316
6600
-8246
795
-8198
8214
-9546
-7131
753
1499
-6668
-3745
-9581
4151
41
-5249
-2065
2880
6042
1871
-6524
9475
1256
-6178
-3045
-794
-6320
-6667
5960
-4248
-5289
-9104
849
-2058
-2839
8932
-3753
-9196
-5081
9478
-3057
-579
1818
5956
-5846
1211
-8977
-339
5296
-4092
6907
2214
-3404
5702
-6751
-3663
-5200
-7197
-8459
-8642
9785
3342
3120
9869
-5600
-7570
-8422
3287
6952
3521
9495
-9875
1360
-6240
8856
-2321
1640
-4441
-1732
4867
-9984
3448
4771
-3439
1205
3782
3950
8014
6536
7031
9675
2724
4564
-1154
-9949
-5205
-3468
-9052
6432
-1503
-813
4529
5586
5308
-1576
1942
4167
9995
2041
-6023
-3368
4328
3033
7835
-3403
7177
-7959
-3750
-9088
3011
-5229
-765
-7998
1112
1682
-4206
-1314
6606
9314
-7115
4845
947
5676
-3475
4893
-6925
-6049
-3515
8023
7015
-3320
-2707
-7758
472
-621
6743
-3758
3907
4723
-2799
5451
3769
6159
2553
-5654
-5561
-9831
1483
4902
9637
80
-6392
1623
7511
-7671
-7242
-4432
-5905
-2282
8130
-377
9815
1921
-2186
-711
-8162
7018
-8210
2605
9470
-3391
-5393
-7351
5578
-1173
-9117
6619
-3185
8908
8938
-8962
4868
3927
1965
9596
3753
6648
6765
3501
-7653
6524
-3060
-5836
-5641
165
-2518
532
9304
-7478
5445
-4311
8423
-7209
7531
-6462
9239
-8745
-3950
-7983
-9399
9635
-5193
265
9456
-6668
4919
5877
-9655
-4949
-7086
-7970
1635
7000
-8146
6327
3312
5703
9195
2684
-9955
-7693
5171
-8066
-1615
-1040
7546
4290
5506
-6917
-4032
1162
-1234
4404
722
-1795
2046
-2291
7985
-6173
6653
3283
-3475
-1135
8531
3466
-3448
2245
-6217
-4668
-9794
-289
-9178
-8624
2854
7985
-152
-2564
7866
-4006
-1073
5352
501
-5069
-556
-4230
-6567
9588
5963
-3896
2494
1527
8184
340
-4041
-9486
295
9494
5329
-2656
283
8138
-6337
3508
-5253
2227
-9538
3208
1481
-2215
-4413
6333
8743
7572
6437
7941
-2756
-3986
-5076
4667
4059
-6566
5520
5952
8585
-895
-3573
-2698
4132
2056
8663
-6642
-572
-1799
3758
8207
-2961
1113
3829
-2538
267
-1120
5289
-9991
1253
-1215
-5153
7871
2031
-8965
9019
5294
-2144
611
-6110
-6435
-443
2071
1239
-5388
5069
9519
408
879
6024
2966
3594
7799
4022
-4634
-2897
5319
-9951
7223
674
8100
-8023
839
9728
5759
-8629
4196
-9001
-4642
4301
8622
2740
6515
-5399
8272
-3497
-9863
-5792
546
-8089
5996
-3989
-8626
-7761
8033
9600
1639
541
-8118
-6633
-1499
9529
1268
-3199
3527
2650
715
-4934
-8265
7293
8313
-5746
8478
6275
3978
-609
4164
-6322
6346
39
7138
-4461
4582
250
2955
-2663
6988
5255
-2777
-5399
1691
-7759
6392
-4427
8499
-1420
352
2408
9719
8581
510
9966
-262
-6320
-8305
5604
9032
-1710
5022
4353
3135
-1433
4298
-474
3855
-2966
7297
-7363
-2632
942
-5444
-5299
2280
-9095
-745
6109
3685
-2132
-921
-2989
-6458
-9862
4966
-6593
4998
-1600
-286
5309
8990
6821
-782
5030
8467
2609
-655
-378
-7812
6997
1815
4419
-5351
-2297
-6365
6065
7537
-5619
3379
5627
4529
9056
533
-6458
-4939
-6704
9650
-978
-2946
-4618
-8596
9210
-3344
5919
-9507
-1329
9143
-3729
-3078
7134
-1308
8195
-6549
-7455
5667
2712
-89
5237
-1616
-7628
9268
6674
3136
-8634
1369
4176
8887
-92
-6818
-8617
-5504
-9298
8828
6843
-1901
8343
9723
3168
-3819
3157
-7186
-1655
8409
6593
9230
-3600
-9589
-369
-3788
5496
-7699
-3161
-6476
-1089
6579
4330
-7761
-3737
3085
7115
8902
2801
-5662
631
-5820
-5398
-5955
5823
148
519
-8345
6995
3661
1953
2123
-2614
1492
-8821
-4091
643
416
2160
-3897
-8231
-6167
-9785
-9999
2084
-2180
-9113
-9632
-7331
6155
5713
-5785
7109
-965
194
4234
7986
-2202
-1741
-9459
-7845
-2886
3856
2723
7712
-1730
-1071
5165
-5095
5625
3557
-7423
7384
-2284
-6665
9745
-3237
4638
-8235
-6613
-9056
-2648
-8335
-8469
8658
1353
910
-3296
6901
5512
3116
-5816
9943
-3543
-2509
913
-6807
2827
3072
499
-2257
-6050
2086
-6808
4943
-336
-3404
1382
-9930
-1496
8385
2528
824
4245
556
-5596
-5128
3571
2489
890
9187
-4047
-9632
-5884
5884
-5918
-6236
6812
-3400
-4067
-6241
1197
3809
3410
-1641
1613
5359
5026
2724
2604
2729
-6769
7828
9023
5293
-2663
5619
-6808
9318
4875
-6027
-8246
5163
6661
-9701
7716
4106
-3432
7241
-4163
-5446
6509
-2812
8482
-4319
-286
8535
3153
8317
-6223
-9842
7076
-2495
-2112
3099
2917
5367
8986
-9195
8643
8956
-4713
-341
3638
-3590
1672
1598
7730
5956
448
5056
1912
3553
-8443
8683
-9688
-4356
-4835
9990
-1353
476
-9663
-2062
4903
6651
-6991
7472
-3350
-8965
-4612
-3584
-3665
-9136
2964
-1002
-6191
4861
-6718
9476
-8857
2099
9508
-4179
-5554
-654
5295
-5063
3413
-4425
6760
6642
4449
8391
2652
4705
9703
-5181
3993
-9104
-7731
6580
2015
1061
2441
-845
4895
-2206
-428
-7302
-4030
-8643
5718
-9578
-5252
-9150
-4693
1235
-5197
-3068
-3181
-6165
3294
-1926
938
-9194
2797
-2197
-9759
401
-8835
4618
192
4289
5706
3377
-2402
8932
5363
9516
3512
-3600
-2552
-1331
8007
8589
8563
226
7971
7573
2031
-2245
1237
1278
5364
-7138
-3092
-1860
6746
846
6338
4383
5569
-9903
9970
4009
-9164
5446
5257
9882
-4982
176
-5670
-5867
-6623
-7922
-6822
7935
-7990
2738
3696
2199
-8047
-6321
-6376
-3511
-4873
1868
3141
-736
-6565
-5468
537
6991
-5311
7712
7208
-9822
-1400
-3822
8498
3912
453
-2701
-1087
3975
-7644
5064
5788
-7276
-1035
-2785
6689
-3336
8913
4204
217
9281
1699
9490
1400
6229
-2169
4182
4194
3822
6809
-9417
6293
-4558
4414
-1309
6760
4983
-9608
171
5291
-2180
1451
547
-1319
-9317
29
-2141
263
-4503
3597
-9077
534
-6095
9230
2266
-8424
6526
4942
-3069
-6673
8405
-9006
-22
4777
-2207
3802
-4130
4897
3762
-1493
7392
4586
6591
5973
8664
-6043
3740
-6705
-1276
-9685
7080
-1279
2375
-1739
7125
6772
8795
-6932
3628
-6989
-9136
-5524
-9890
2024
6935
-9932
453
8619
7686
7442
-6163
33
819
-6393
4692
-2877
9561
9324
-7970
9767
2321
4838
-4695
4180
5640
-708
-5704
-4914
7151
3881
-3553
8512
5184
-5095
-72
3186
2512
-6632
4276
-4448
-9817
-4935
-5197
-1275
9264
4596
930
-2668
-4899
5282
-5630
-1455
-4539
-493
-4407
-6732
-3521
-8276
-6382
-129
-9219
9102
-348
3440
-2340
-9453
-1634
4609
-4251
9505
-8718
4332
584
8848
2033
-4569
-551
-8520
2852
-7267
-8134
5419
9142
5729
242
1939
-1725
2031
3619
-9603
5899
-2671
9106
-2647
-3572
-7474
-3796
5141
-584
1597
7658
7362
8173
-7657
6853
1643
-2851
-2525
9864
383
301
9130
-9656
5372
3356
-8537
1120
4144
-7646
-9821
-4855
-3390
-8308
-3518
-3028
7017
-9461
-3851
6870
-9934
3388
-5488
2052
-375
-3465
3149
9017
3375
80
-6511
-5113
9453
5148
2133
8953
-6538
3686
8174
1607
2635
-7784
-6855
-7237
-5995
5300
1796
297
-6649
9124
2148
-3927
-4703
6606
-7040
5050
-1978
-8033
7591
-1401
551
5270
790
8493
-9401
-9552
3238
-5296
-4153
-6387
-9461
6938
6729
-2818
1527
-1170
307
1806
-3570
2508
-9279
-7608
-9300
-1029
5479
5916
-4877
-6312
-1301
310
9001
7276
-6399
-6119
3308
9824
-1811
-8291
9071
9432
7743
7232
-8207
6554
-119
-5951
2439
-9310
4950
2984
5931
-2723
7787
-2675
8561
-8875
1218
7786
-8578
3119
9857
6450
7236
-7663
-8745
2476
4716
-8208
1797
-1557
5570
-4140
-2259
-3303
9398
6787
1988
-4891
-1186
-1687
-6792
-2240
9230
3333
4886
6227
-1064
-9874
-4064
-9990
669
-863
4452
-3385
1838
-7199
5557
-4605
5849
9968
8661
9510
-6034
-8625
-2619
256
-3198
3314
1523
-3085
6390
6241
-9277
-8528
-1106
-1399
-1763
-7126
-7081
-764
7850
1763
3866
-4501
-6045
-8300
7242
-9525
5278
6139
-6173
-2863
-1944
2982
-6743
4139
5821
3507
298
5310
-543
5057
-2996
-7685
-2050
-5934
1631
9671
7724
-7979
7988
-3123
-6713
2549
831
4583
6253
-3842
-271
-4370
-6123
5850
3400
-7549
-7484
5700
8554
9735
737
5248
-5404
2796
-9846
2359
-3488
892
-1576
1764
3282
754
-7809
-3771
-8832
-6657
1186
-4715
2879
-7298
2458
4910
-3810
3735
7457
5909
-1035
3506
-3620
-441
-9607
3634
3973
9768
9028
478
-5124
-7616
-6904
8659
-2469
-9252
-7413
8922
8797
-3673
2582
9511
-5579
366
6438
-4152
3901
8404
779
-2447
-9043
-2059
-4309
6950
-1773
-6499
7098
-7391
-970
-5662
-6993
-8378
-7213
-2505
-8263
-2976
8030
-3909
-5416
-7518
5128
2065
-6970
4717
-8523
-9700
-2687
8021
3904
-301
-4000
-7247
-1502
7845
-2586
1981
-8307
1645
6114
-8778
-1494
-7951
8799
-3989
-6492
-4523
-7939
-8208
5418
9165
-5294
2209
921
-4328
8858
-6473
-4724
-4052
-1400
2066
2602
4342
8437
3112
7803
5813
-4145
4751
3337
-5146
7735
-6636
-2238
2276
-1587
5321
-3974
641
7679
-3764
7783
5590
3489
-2737
-8229
5592
5547
5876
7235
9020
3973
2670
8875
2111
1307
3535
-2962
6846
3600
2015
-6186
8952
-7898
6609
-3514
4687
-8519
500
-1983
-1491
-6148
8626
-1182
-6884
-7688
8713
8973
3195
7349
-9135
7989
-1300
-8878
2164
-4066
7299
-4164
-966
-7961
-1375
4810
4280
8870
8899
3589
4897
-6613
-6022
-9589
4848
-4393
-2485
-9201
5558
7144
8844
-1580
6650
1044
2005
9179
-6182
-5830
-2842
-2881
2427
9704
-4684
-4262
-7027
-1404
3346
-2585
3815
-9788
-620
3975
-5296
-9053
324
-5256
-6337
3930
-9575
4319
-7811
-7312
7265
-4150
-2093
-5519
-6734
5734
5505
8500
-4203
7979
7001
-476
-3309
-6048
-8128
9054
9341
498
58
-6167
-9426
-479
-4955
8241
-8187
-5178
7987
-4179
-9399
-8253
-4425
-9206
3991
-2856
9178
5276
-6547
-8651
-4651
-2086
4946
2297
-9907
2605
-5350
-438
-1181
2024
-4380
-7416
-2169
-4929
-7984
4759
-6801
-5955
3082
-8871
-2197
5562
-1390
2418
-7676
-7463
-1745
-7836
7336
-6473
872
7947
-9887
1784
8
-9141
6562
8501
9748
1800
4410
2338
3951
9418
7054
-2398
7737
-8224
6819
7746
-4181
-1392
-1123
3974
5801
-7570
2726
-8743
-6137
6840
-9408
7000
-1673
8213
7387
6201
-7838
2162
5120
-3010
-5721
-7136
-9566
324
-7199
-87
1283
-3732
9086
-3121
-6381
-30
4493
-8459
-7318
-7066
-2795
-1186
-5244
-1497
882
-7987
4625
8616
-7209
1610
-1632
-6202
-6624
6136
4135
-186
2191
-5495
-1675
5054
1290
-8674
-4707
-8267
-4217
-3890
8238
7897
-654
-7754
3409
6971
6911
1056
2891
-421
-2013
1374
-3774
6586
6001
4010
-2640
-10
-4437
-9102
9641
5409
4629
2481
-579
-2735
931
-3853
-3709
-5286
3510
1922
2326
138
3275
7241
-6468
1049
9357
5556
8039
-1646
9324
2020
9565
7032
-8025
-2716
-5490
1492
-8914
-2821
-1984
-6853
-8836
4422
-679
1762
5167
-2078
-388
3989
5793
-7175
-7535
1733
-4015
8928
-5315
-5830
1520
-4720
413
-4647
-7710
6406
-8927
8394
1487
1232
6543
-5285
7902
8860
9513
-7789
-9995
-9263
1603
2058
-2040
7796
7183
-287
-3302
2597
-721
-9949
-9427
9330
6983
-1
-9273
4173
7665
3562
4601
-6864
4921
7292
-4536
-1385
6553
8356
5421
-8233
7660
-567
-1019
-1145
-5199
4612
5380
9303
-1237
3697
-807
-5760
-1963
4649
-6569
4016
-3649
1215
-851
7460
-2876
9195
9778
-5640
8807
-7584
827
-2776
5341
1026
-1117
1522
-6
5417
-8928
-6263
1084
-3164
-554
-8335
7002
-598
3750
3812
-5583
9925
-1086
8031
-7875
-6872
-2202
-268
-5945
-3849
-9573
-6289
9600
-9498
-4800
5468
7439
-2117
5337
-6420
655
4518
-9859
9217
-6958
6401
340
-3579
9365
2022
7636
6520
-804
-2519
4750
-5136
9607
-2461
-8921
-759
621
-702
1166
-1372
-8412
8930
1206
-1481
4914
8655
-4197
-999
-3245
-3413
2472
120
-8043
5320
2536
-5877
-4001
9010
-1652
-2414
-912
-8910
-2257
-5577
-5968
4958
7556
9962
3696
7575
-3361
-5823
-8220
2285
-3839
4903
5820
1053
-8362
-8457
9281
1966
-1040
4669
4702
1074
6462
-6373
9816
7899
-8474
-8782
-4338
8412
7840
-6996
-2891
7668
407
1477
2144
-418
-2280
4716
8392
7292
6647
3400
-2875
-2901
7564
1321
-8331
-2927
-89
-5897
7054
-6000
-5258
-5622
7133
4321
6911
8020
-7664
8580
8961
1764
-816
7398
9215
-2084
-6513
6310
4290
8000
1465
2919
1877
-5472
-9095
-2699
-8005
-2926
-7769
8601
-2382
-7611
5817
4474
-5164
9201
6872
3008
674
6853
-5719
825
-9827
-4190
-3360
-3704
-1141
-3110
6542
-9681
-9738
-2637
9322
-7641
977
2507
3534
-962
-1186
-1937
9065
-2379
3976
1118
-5342
-5078
-3986
-4751
-3488
-3215
-8405
4842
-7083
4506
5731
7551
7887
-9183
7109
-168
18
1557
7080
-6248
7533
-9694
-302
2517
-1475
9563
-4633
-1670
-8285
7373
6020
8488
-9622
3232
-8456
-2909
-7368
-2189
1475
-8689
-7622
-1599
6276
6745
-5280
-9725
-8249
820
-5962
-1962
-2211
-2851
4430
8816
-2755
8046
-1293
-8026
3843
-192
-9060
6194
-8048
8474
-3120
2296
5737
9684
3144
1985
-4336
-5848
-2157
-6015
-5992
-3558
2823
-6889
-9562
-3581
5995
-2068
9213
-2491
-7640
4070
9920
6785
4294
-696
8098
-8940
-9671
-7954
4328
-4380
6981
1966
-5426
-3894
4467
2462
8417
6423
800
7583
6972
8509
-8897
9615
-6312
-1604
298
-8861
-6682
-7363
-8087
8743
6415
8420
-779
1529
-164
-7236
832
3064
9485
-1252
-5513
7315
-4553
-2408
7342
-2354
7058
4816
-4498
6908
-6321
-1279
9707
6875
801
2597
-6848
486
-615
5073
-3147
9581
8838
-6911
-7394
-6636
4053
-6039
5815
-950
-8010
-9903
-3882
2722
-5618
-7076
2799
4932
5413
-1829
4115
-666
314
-9943
8833
3930
2979
-3256
6883
-3604
9708
9762
-1197
1534
-5701
-5556
7849
3610
4644
8853
1371
4063
-9585
1982
-8026
-8606
-3086
-5065
-8465
3481
-6532
-1979
-3625
5257
2767
8410
-8445
-7342
-6157
-1512
-322
1092
-4180
-8231
-6080
-4006
7763
-8985
6142
2790
-9229
4284
7341
-8514
8997
-2880
-7547
1806
-8018
738
6477
-7487
-8196
1901
-3649
-1081
-3774
-2209
7411
-9760
-8685
-8312
6580
7465
-9250
6078
1113
-9322
-4821
4452
3010
-3652
2550
4578
7921
-6979
7961
1259
-9371
7046
143
-985
-6633
5505
9105
5852
-1064
3319
9612
4249
4180
8006
7236
4561
6141
4808
1805
-1886
-8867
4295
9132
-522
4446
8822
-2691
-471
9428
1325
8875
-7695
8230
-9127
-4543
7887
-6701
3875
-2351
-9014
-944
-5521
6306
3168
-1743
-2895
-1089
7415
-3249
3392
3797
-7057
4945
4782
-6648
-608
762
-2398
-5178
9410
7963
7159
9087
-9471
8575
956
4112
-2569
8762
-5927
-6434
-7822
-1675
-6994
-2763
9244
7907
-2530
-4237
-4110
3120
7531
-9356
-7029
7543
-7831
7514
6361
-1244
3983
-6467
-3586
7549
1429
9390
-7523
-2657
-1820
-5251
-5400
-7741
7133
-9023
307
-9579
-7051
8780
6057
5529
3901
5488
3138
-7132
-4148
716
7075
-5172
-1641
-3066
8776
-570
3375
-6120
-358
9316
-2620
4644
9927
5413
-4308
-2036
-4401
9542
-2016
-6185
767
8905
-1649
2194
4352
-5438
-6517
6273
-2872
-5798
7532
-5190
9371
5064
-5622
1253
8160
-1495
-2859
-2338
2605
1421
-3857
-8031
3236
-241
-7432
2726
2560
6885
4847
-3001
-8392
9718
-6909
-1620
-7181
3043
4443
6920
5660
-3898
5327
2435
-6937
8657
-321
7192
-1136
-982
-1828
-9410
-6575
7000
5687
9335
6170
-9064
-526
-6938
4075
-2243
-788
7338
-5238
6002
9720
793
9777
9015
2779
7820
9590
421
4834
-3368
446
-6019
3803
9693
2324
-8737
9392
-5546
5361
-9484
-1400
9978
6509
3087
417
-2523
-9790
1404
-9963
-5370
4963
8119
5170
-3338
-385
3153
-6290
1357
-80
705
-7175
-5004
-3923
6308
765
-3821
8218
-5854
5852
2633
-8390
5872
8544
-2861
-8355
8882
-6697
-6599
1993
4196
-2982
-4088
5518
-1762
8637
1199
591
-6325
-2272
-8345
-1512
-8343
7095
-9470
2841
-6997
-3404
4580
-2123
-8109
5720
966
1370
5862
-207
9477
3840
-8758
6426
-3533
9674
-961
-4695
-4154
-1996
8743
-9291
2714
-109
5230
-694
4610
-2340
-9996
1814
7875
5244
-7846
5822
-6590
8519
4280
8062
-3438
2332
9397
7911
5565
-4374
-4317
2750
1991
-715
-4233
-5726
1375
-7245
-5792
4232
-4110
3410
-3737
-6348
4380
3809
-2619
-3498
-1300
8492
-2302
4628
1399
9910
-245
550
-5590
8530
9209
-201
-4675
3280
8750
-8560
8947
-5750
-9596
828
3941
-3819
-5213
-3535
-6642
3755
-1924
-3307
-8367
4368
-3137
-2761
-2153
6425
6838
-3767
8979
-3468
-500
8550
1582
-4097
3863
-4259
8026
-2910
6899
-1793
-3348
6364
-78
5062
6060
9773
8783
516
-9355
4126
9892
-8974
5619
-1793
-5654
-3771
7092
8970
8644
3826
-3820
2305
480
1892
-2408
139
742
-5621
-788
-547
796
3407
-6343
2131
1238
4089
3356
5242
-2549
9073
-9381
7206
-7738
2317
-1588
-8416
2121
2003
-5637
-9607
-3386
4894
-2939
1603
8145
2217
-5874
-5497
4180
-4757
1762
2337
1137
3836
5920
-3478
1382
-518
-4057
836
-6644
-2494
5081
8396
-1321
-9273
-1664
641
-3453
-9777
-2872
-1720
5799
2270
-2504
5435
-3198
6065
4844
-1051
-9672
8015
-8485
8925
6835
-3244
2976
-6676
-6131
2475
3496
-5236
8029
-8313
645
1775
-2634
-8305
-8729
-4671
-1395
-9672
5570
4764
5657
-552
1657
-1016
-7509
-3476
4583
2847
4394
6459
-2969
678
7860
9147
9359
-161
-3106
7652
-2550
-9973
-8404
-9429
7156
-2877
1778
-6654
-2544
-5227
2120
-7053
4239
-1228
9866
-1467
5300
8198
-6562
-1293
4589
-723
-6129
9921
-1274
-2353
325
53
-726
1917
6793
1848
4398
-8478
5315
9637
6337
-6937
-8865
8578
4349
-2894
-8024
4497
-4428
-9708
6799
2185
-6213
-2685
-9034
-4296
-8917
6002
-7933
5718
-7449
7936
6297
-2648
-7889
-1410
2183
6138
3131
2755
754
-6953
7846
6480
-2584
9622
-1601
576
9616
3729
1692
-7166
575
8661
1371
-179
4753
-6126
4861
-2893
5471
-7451
-2776
-2781
-2823
-9645
-8800
6243
-9119
8522
-2000
-3606
-2409
1514
-7243
9202
-8823
-1014
-6449
4236
-7046
-4842
-9710
990
2686
-1619
-43
7807
-6501
-9922
-116
-480
5148
1183
8513
8821
-4887
9570
-1578
-7602
-4647
6637
-323
-2618
7521
7738
2463
226
2872
-3387
-1293
-5797
-7188
8592
7330
-1999
8949
-9575
-6845
2351
-5997
-8468
4026
-3020
-7958
570
-4557
-7775
-2461
8251
7949
-5845
6066
-9356
-9423
1490
-9753
1399
233
-6802
-633
-7228
5427
-3706
-6809
9224
-6871
-4459
-3011
-5442
-1592
-6090
7470
3118
-9617
2959
6968
-7889
6839
3716
-1592
-9283
740
8493
7592
3213
-9866
-7549
9458
2207
2906
-1146
-1625
-9772
2851
6743
3715
-8158
-416
-5783
3579
-6164
6294
8720
2348
2213
9255
9598
5378
3875
8051
-2661
6358
-4310
9915
-8178
-2021
8216
3277
1271
-5614
8944
-8892
6870
3210
8461
-7808
-439
-4956
7642
4374
-623
-8837
3255
-2011
5325
508
-7321
4323
-6154
-3995
6450
5963
-42
8318
9599
-6901
-4399
-3332
572
-2904
4630
-5221
-1194
-3416
-3334
2146
-4079
-4354
9122
-7956
8126
6672
3584
-3296
-9331
-2318
-4
9172
-1363
7526
-8605
-8395
-6162
4867
-6075
-3986
6607
2665
516
5239
-7044
-4108
-6056
-108
3882
-464
568
-3111
1265
3006
-8791
-4407
3262
-6386
5768
1650
4661
-667
-8490
-8174
5414
8717
7028
7725
-6818
4906
-6978
-4180
-9962
-181
-4815
5633
998
-2259
-4833
6750
-7686
-1488
4509
2370
5496
-1874
-2615
-1755
-7214
-4630
-1909
9077
6792
-8322
627
5174
-1509
-4482
-5297
6546
9828
-8257
-1704
7108
5496
-3502
9851
-3187
1382
8284
3356
-2385
-2329
-5817
3619
-4631
8075
-1842
-169
-437
-3599
8226
1308
7619
-9454
-4768
5046
4227
-6942
-5154
-6186
9631
-1459
-5559
9711
-4726
2421
-7348
8284
-524
2141
9344
-4561
744
3289
3189
5368
4193
-9004
-3637
1677
-6167
6230
4221
-4256
-5324
-8685
-6368
-9613
2271
8954
-1428
-443
9278
5453
-1870
-2383
8916
-2791
6775
49
-8753
-6710
6565
-9000
2086
-2706
3473
-4676
5075
4595
-5192
-4806
-6418
-3565
-1488
-9718
-8135
9257
-1373
-504
-245
-9423
2393
-5310
-8507
4053
9110
712
461
8411
52
4730
-2822
-5231
-5685
-7704
-7192
2002
-6672
-5245
9776
7241
-2708
-401
1803
8041
-4173
-8693
-1599
-6227
6036
-4928
-96
4312
-4246
8582
-3617
-7967
-3036
9222
6583
7628
-2961
3219
-4093
1822
1223
4139
4905
4165
-9114
-7442
5251
-1209
-4541
3306
-5796
-302
5099
-1539
2722
9719
-1020
5149
-3199
3279
3162
589
-1269
-922
8268
-9046
-6733
-8151
5919
-1067
9085
-5909
391
-1140
5265
-2485
733
4686
-335
-8898
-2099
-4779
3760
-6434
-7239
-1477
-5128
4252
-6012
-5689
-4689
-6002
7517
-5492
872
3994
8773
-1660
-3876
5213
-3247
6372
-9752
-8980
-5345
7219
3929
8096
9771
-2524
-7601
-706
-8658
-1580
-9928
5430
-4543
-8724
-2103
8469
-4008
5389
660
9470
-9977
-1020
-6017
9094
3634
-6937
8469
-8560
2531
1244
-8426
-5194
-7358
-3068
-3779
-8690
-4156
-6448
4173
-7639
6015
-6224
-3620
-6877
1878
1627
-3834
217
7773
-8211
-5901
-6406
3628
-3709
9542
-4840
-4154
4275
6209
5670
-156
-8518
-1951
-2983
-7895
-73
9727
-4897
2931
3883
-4427
-7580
4473
-1214
8747
8841
7378
-2935
-213
3810
-3773
5051
6350
-3719
7939
1592
5869
470
-5175
-9004
6544
9167
7374
6612
2912
-6538
-1250
-3909
-3300
1186
-6016
-9080
7800
8539
-7220
7144
2252
4956
-7258
-5996
8744
-6774
-3049
1513
4270
-1981
1150
-1147
-9734
5221
8992
8058
5072
-2900
8075
3616
-2817
1628
-8153
-8589
-8764
-643
-7821
-27
-4609
-1303
-488
-4766
740
-3884
-4056
-1446
1113
-4784
-7859
468
4001
1554
8224
9862
-4596
-1510
-1226
-526
1205
-8722
-2825
1445
3618
-2064
-5672
-7533
6955
5399
8180
-5629
-6540
-6751
-9359
8103
3769
-6618
4248
-4575
5239
-2830
-340
-5795
1277
-8591
-9308
-5960
7326
5467
-32
-8264
7084
-2663
-6007
6317
-3319
-1910
-1402
7363
-6337
4085
-580
4914
-8840
-623
4480
54
3417
-1379
2975
-8430
-5821
9164
7015
7715
3740
-4291
4907
4955
-5340
-6825
-1237
-1125
-1534
2657
-9254
-6502
4643
-4902
-3557
-2485
9502
165
7541
219
5082
-4746
1678
-9320
-5692
-3153
2530
2746
-5517
8009
3186
7870
-4053
-9078
5574
-1937
-7025
-154
5122
-85
-3991
3386
-8546
9085
-7789
2366
-8996
-8335
-5680
2167
-3187
205
7582
-1738
8288
1920
-6551
2332
9965
-4009
9565
-2245
-4305
7334
-7917
9032
2070
-3946
-2750
6686
-8915
-9074
-3597
-5861
-7965
-5610
4830
6959
9661
-3653
9753
9516
7559
-311
9156
927
-8479
3063
2572
-6546
-4725
-8438
3374
4838
-9483
-842
-2431
-6381
-7842
-1257
1181
-640
-1579
818
-1403
714
9519
-6958
-408
3834
-8130
7068
4708
6457
-9572
5333
-5673
-3251
-1463
4070
-4065
5849
177
2522
-1600
-7356
-4021
6202
4793
-8164
4753
3599
-9534
8754
6227
-8285
-2964
-6819
-6791
-3937
8438
-8525
-1371
5564
-9948
7335
-9252
-4232
-8728
-1038
7794
-3
4929
5323
-8856
-2764
-3500
6403
-9770
-3195
-7848
5447
-4893
218
-5092
968
9796
-9678
1971
-4510
439
289
134
-3908
5877
-1347
4950
-795
-275
-693
-3932
-1608
-5075
3739
2039
-3086
4902
670
-5533
749
8862
2530
3033
-8240
-4536
-9820
-4476
1951
427
2918
8561
-8449
6377
-6415
596
8915
7034
-3461
-8070
2159
-3634
-5266
-8733
6752
8467
2594
-7259
-9475
3878
5492
-3273
-7696
3035
5841
-1169
-8907
-8614
655
472
-9993
1794
-362
-824
5101
-8802
5597
4083
2389
-6336
3998
3950
-2361
3366
-2933
6492
2070
8338
9571
-8344
4898
-9079
-8669
8960
7927
434
6351
-4568
9815
6053
-8361
9746
-963
-466
-2167
5261
-1130
-5810
-8626
-7854
2846
2569
-1281
-8553
-297
-147
-5030
-863
-3575
4257
6946
2073
-4844
-422
-1470
9084
-8030
-5564
-1521
-3937
8224
-9554
8296
3006
-6150
6829
2699
-6802
-758
-1149
2231
-9367
-4527
-8549
1914
3544
-5332
2775
-3126
6871
9957
-3899
2777
2622
4391
5903
-7597
-426
9950
-9423
3188
-4829
5109
676
-6921
-9298
-1491
825
-3340
-9383
-2877
-2658
-7301
-944
7436
9472
-992
-4097
-6387
7688
432
3634
2392
6887
3091
1953
685
9486
-4872
-8078
8455
-9560
6050
529
246
5241
-8937
4625
1721
-6943
7202
3733
3173
-8631
-2206
-210
-909
9231
5961
1070
-2851
9567
1498
1963
-6332
-1616
2458
5899
-6396
9412
6672
3533
-5557
2725
6864
-4033
5176
5127
770
4294
9749
6482
-233
6175
9302
5314
-3974
1836
-4307
661
3222
6948
2297
-7519
-954
923
7911
9489
-6309
-8733
1295
3323
-4920
-5186
-3479
-4760
-5487
4164
-5732
-644
6215
3890
-3853
9374
1812
-7646
-7622
7825
8481
8721
-8805
2741
6333
7995
-892
1915
-8890
2128
-3635
2025
6115
-4499
3978
7423
1382
1341
7884
4005
804
-5404
-523
-8674
-3867
-3939
8045
1119
4610
-7599
5858
6408
-4640
6015
-7107
-8353
-1095
-1165
5503
9516
7715
6765
-1310
8547
-3630
3015
7250
-2716
-9609
-2764
-2316
6328
-6977
-1997
6121
-5163
-6677
861
9389
2164
-8318
-5585
8916
6687
-5079
-9674
4596
1769
383
-3377
-735
-8523
-7770
-1789
-2700
-9474
2665
1824
2058
-1274
-4682
-7908
-4025
-9467
-8832
-5823
8695
5021
2781
-410
1656
-3086
-2310
7967
-3907
-3280
6284
4095
-6592
-2676
548
-9900
-9775
-9017
-7448
2581
1595
2340
3273
6281
6386
298
8053
4565
-435
2767
-4929
8456
-2239
4280
7708
-2463
3052
-5403
1333
-822
-505
3340
-9021
9051
-4105
-1103
-5676
-516
1915
1682
1084
-3968
-9823
-1016
8054
-8747
-2762
-3770
-1600
2184
3070
-792
-9294
7287
-9816
-3659
4505
-4387
-2405
9429
6763
-5656
2672
-2486
6007
7838
4299
828
-6647
3353
-6859
2203
3846
1719
1703
3826
-7408
-4935
-6408
-861
-759
2835
-1713
-1810
2918
7328
-2446
-248
-9446
-1833
4857
-406
9251
-4008
-5299
2093
-7077
-9845
-4005
815
-1119
3911
6496
5843
-4221
4691
689
7396
-9130
6157
-5185
-1446
9467
787
-5599
-6713
-2930
-7019
7100
-8518
5911
450
9007
8717
-2649
-2704
1073
4744
-2699
-1721
-3926
-6547
1838
-2351
922
-8616
-2376
-4560
7338
8209
-578
2106
9605
5599
-1164
3713
640
-4700
405
-5450
-4744
9820
2720
1917
-3493
-5683
-3465
6199
-3407
-2381
-6634
-1967
6373
6712
-3381
-603
9913
-2815
-6085
-4491
-8407
4215
4297
2962
-9447
7524
9238
-9575
-3479
3270
4478
-1062
6144
9794
-7747
-9752
235
5765
3066
-8015
-4576
-3839
-6277
4585
-5509
-3786
5850
-6420
9850
-5710
7207
-6871
-8427
-1585
-9932
5678
-5756
-5987
-7295
-1797
9303
4861
-9730
2471
-9517
1221
7422
7019
7392
-7014
-1238
-5374
7548
5084
2741
-1260
-5149
6634
8731
-798
-2595
4629
1221
2624
-4796
6860
8478
-1921
296
-4003
1530
7745
-8022
-2166
-3839
-6517
-2584
3096
3047
5863
8446
-6069
1633
6149
6896
-4022
5091
396
-2577
2528
-2457
-9332
6508
-4655
-4104
2049
6859
-667
7588
7773
466
-1949
9333
4919
-9147
-1210
-8692
-6314
2154
8697
-4380
9743
-9529
441
-3001
5289
9342
-8220
8549
259
7001
-6634
-5585
2268
4259
-8488
7061
5887
3181
-4970
-5355
-1057
7534
-7606
-7440
6294
-4353
-2560
-933
-6808
-1428
-1269
2892
-4522
1734
-2088
-6371
1172
-3157
1103
9435
-2169
7116
-3502
8142
4442
4449
-2050
5461
-2967
4171
899
2197
-1846
4434
9691
9091
-1516
4755
6202
1026
5042
5100
-961
-9596
-5837
-9742
5664
4462
-6763
2247
-650
-9058
-2300
-1578
-3136
-2823
-5337
-9908
-6024
3049
-7170
3329
-1803
-6618
-6310
-6843
-2706
5297
7056
-586
1910
3603
-4532
4764
-2582
1620
7639
5925
7182
2980
7205
5404
8690
3860
1774
-6237
2853
-7822
2783
7223
555
6858
-8526
-5804
-5867
8818
6792
7646
-8789
9910
-8357
-7411
-9816
3853
3525
6715
-7249
7953
2217
-8868
3741
498
-357
-113
-3141
-3999
-8140
-9663
5015
5977
-7789
4760
6401
6187
3950
-8631
-4597
-7914
-8301
-7267
-1062
5829
-1833
-9372
-9980
-6020
8199
-9053
1895
966
610
271
1030
2546
4498
1877
3902
5203
4572
9069
-2953
-9601
141
-8393
3069
952
1644
-2806
5398
-4824
7476
-1826
9373
3233
7700
6305
-1143
-3715
9352
-8552
4341
8884
-3652
4828
-143
-7489
1064
-8568
-8300
-404
7094
8905
4502
2237
2374
-3022
-3699
-7891
3323
3005
7864
183
2969
-1465
3714
-634
-8825
6181
-3505
-6668
5712
5198
4444
-4555
9563
5839
-1270
5206
-6922
7937
6431
-4547
4215
5159
1706
-5211
-8366
-45
1965
-8864
-5647
-1042
5868
-8821
-6431
-4090
9241
-5247
-2249
-9955
-475
-1093
2590
-8401
-9878
-7522
1966
-1460
3131
155
5409
-2105
-1036
784
5260
-1703
4084
-491
-1874
-3573
3451
-3191
7089
-1581
3655
-6301
7360
-293
-9692
8554
8198
-8489
-9770
-3735
4008
-716
-9787
-9897
-1659
-4736
7983
-1075
-4030
5396
-714
-6269
6788
-2218
-402
-5575
5538
1916
2544
-5806
7910
1569
-9322
4948
-3111
3308
-3012
-9953
-2799
141
-7404
3477
3198
-5785
2369
7809
-9621
7414
8300
964
3450
-9314
7879
-9354
1229
1901
-1905
4172
-416
-3820
7627
3859
-1626
-4793
-9484
-7286
-134
-7723
-9681
2781
7502
4286
8701
9911
-685
6339
6343
2237
8756
-5416
-2104
-6221
-9815
7917
1039
-7444
3879
-1981
-4430
1780
8654
-1010
8463
-3567
5848
4766
6601
-5305
8606
-9786
-7160
7730
-8589
3087
-1222
-7639
6632
-4553
8242
1885
1299
-7590
4044
5365
9019
-1664
7447
-2030
-5164
4473
-1134
8538
-441
6517
6495
3021
-2252
4992
-9125
-1009
6171
4221
-9603
3595
1572
9063
8036
-19
6138
7770
-1890
-4614
7712
-2158
-6092
3409
4185
-4801
-5614
887
5083
-544
-1584
-2531
9604
8125
487
-8602
-7625
-3152
-6933
-676
9446
8170
5722
-5193
-5314
5699
4034
3416
4480
5220
8222
-423
9852
-5043
-482
-7878
9908
-9861
-1774
2616
-9403
-8769
-4802
-2288
541
-3121
-3328
9085
2496
4160
-6416
-9332
4451
-565
6019
-3623
2237
-4111
-97
4409
7835
-5767
8675
-9082
8342
7746
-4217
343
2820
-4898
7478
-7750
336
-2485
-1458
1426
-7375
7310
1495
-9347
5927
376
-5376
-4781
-4718
590
9097
-1687
6509
-9469
6030
-3331
6134
3261
-9765
-4805
-546
-7237
-6002
-7159
-3022
5912
8873
3850
-4777
-3805
-8009
-5368
1119
-5543
-3031
2908
-9227
-5482
610
8776
-9579
917
2660
3795
-317
-2974
-6798
3464
4612
3253
7452
-684
3103
-130
-585
4657
3259
3715
8508
3680
-8667
-4579
-6169
7493
-9744
5235
2012
5532
-5919
-955
1553
-5689
7034
781
-3033
4592
2085
-1584
4026
8631
-9367
5682
-6283
5598
6166
-6127
7076
2650
6052
-7988
7620
7492
-770
-9445
5734
3657
-4226
2339
8450
7499
-9539
-3986
7390
-482
1333
1409
-4972
1893
6620
-4886
-6307
190
-3981
-2786
6604
7638
-320
-3372
5108
1672
-7962
8297
7941
2743
8356
-9345
-438
-9106
4839
3268
-3852
2896
5065
-5766
-6551
-1873
-6999
9708
-585
-4495
8185
587
7331
-9198
836
-2512
5991
4113
-3933
-5508
5743
-2855
1910
-5823
6875
-5267
-7485
-3416
7703
6351
645
1284
6346
-2284
-3341
8927
-6571
8657
4643
8971
3583
1109
-7784
8675
8484
816
-2230
-9511
8388
-5633
-3107
-3185
-1097
-3800
4237
-4860
-1985
-4860
-1983
-8641
3523
5234
9248
-2068
7262
5213
7070
-6772
-4334
-9893
-9241
-2059
-7977
6135
2630
-8315
4166
-9970
-8101
8023
-897
-7486
-4817
7589
-1378
-7569
4989
-9716
-4182
-3573
-2488
8967
4232
6366
2385
-6822
-5401
-9989
-1623
-2666
-6429
-3334
-9223
-9419
8334
-8835
-231
8538
-7221
-892
6109
-9549
-7464
6510
-2858
-2110
-5956
-2470
2114
-9106
-8084
-966
8614
9037
9372
-2734
-7608
3512
-209
-2929
-9986
-3267
2666
-589
-5213
-4655
715
5245
-4361
9994
9285
-2473
8753
-538
-1683
-7379
-5530
-6008
8910
7551
6912
-9868
-8880
-2230
-178
7966
6261
6039
5751
3289
4946
-8619
-7400
-8076
8328
-8611
-1198
-8812
7503
4521
8868
-2065
9971
-4251
5484
6476
4335
-5052
-685
9603
-3126
1480
9922
-6176
-1134
-206
-9898
4457
-4160
68
-3514
-4824
8434
-7980
6422
8123
790
-970
3742
-9112
2070
-9554
7351
-4027
-3384
-3575
6485
5487
4108
-6891
-632
1318
2432
-894
-4402
-3295
-1498
832
-3376
9363
7720
3440
-4544
-6796
-7010
-1266
3129
-7426
-4705
-7834
-3548
-5972
-3990
2248
-1965
-217
4921
-1834
-882
39
7884
-9103
-9777
7950
-219
-8245
9150
8475
6545
6623
8685
8438
-2375
8134
-8864
-2367
3528
1182
-2888
-7458
8794
-9424
5855
-3647
7936
229
-3233
3038
5164
4070
-2274
-4697
6147
-7771
-4138
9427
-6411
4689
-1442
4702
6262
-4083
-6537
-7506
-3679
3118
8348
725
-5382
5105
-4886
-605
-6000
40
-6688
8494
-2341
9756
-7595
7753
-3891
-1980
-4210
8224
4586
-2038
-4883
7391
1510
9574
-7002
4767
-458
-5594
-1172
6421
-4340
3
4954
4815
-6348
1120
-7493
3301
4290
-9827
-7316
1668
9107
-3128
2733
-8604
-1706
1731
9876
8808
6176
2415
2432
9536
1197
-1315
-5680
-2671
5849
6889
4789
5591
7041
8271
-3019
3678
6649
-592
-9248
2242
8192
8674
-3815
-7188
-9838
3775
2532
1798
239
4928
650
9442
-5515
-4017
6744
-3440
8458
7379
-2800
-734
-8953
4274
8234
1507
6903
-1446
-6298
6211
5184
569
6086
8599
3010
1821
6528
-6899
1875
2742
-7922
3445
-1760
1467
9947
6731
2478
-771
-9292
6265
4205
4742
1177
-5199
1607
6649
4862
1059
1598
1785
9411
-1583
3614
-7129
4195
-6286
-5307
6888
9928
-8677
9654
1314
1136
5369
-1963
-1798
-5568
4569
9005
4862
1474
7327
5244
3738
-2381
-7992
-7217
4078
-5451
-2759
2928
-7770
1280
6959
7860
9319
2391
3862
-6194
6283
2674
8244
-7659
-9843
3491
-649
-5391
4750
9979
-7461
4509
566
-1254
-3488
8379
-3138
-698
-5314
125
-2151
3406
-8676
-4696
-6809
240
6334
7568
5983
-8870
-6207
-614
-5259
-555
-7924
-9027
-7573
-5883
-2261
7081
4123
-4686
9584
9150
-4015
5596
-7218
-4331
9936
5012
-3044
-9614
-6054
5760
854
-1649
3845
-7431
6258
-9997
2611
4626
-9070
1147
5474
7741
-862
6056
4677
4792
7348
-4602
-501
-105
8252
-2574
-3691
3122
4753
-1647
5532
-9059
9816
-1866
4916
-9907
-5799
3200
-5484
2236
2158
8260
-3566
5456
-3023
7436
-6139
-9286
6782
9200
-5810
2435
8323
8901
-3928
787
-6324
-3655
2109
-7842
-7711
-8245
9511
-5558
3869
8088
-8397
5268
2079
3712
2552
9604
7534
4279
-8770
5265
1122
1872
-1787
-6248
-9416
8535
-2909
-2266
-7258
-1146
564
-8839
-3045
9437
1988
-3257
4174
-1263
-3673
4573
5527
-6212
-7580
-7843
1083
1708
2462
3067
4508
9765
-4624
8413
-144
5522
-8651
-4622
5217
-5997
-7258
8580
-4543
6248
4168
-8303
2941
5050
-7683
8092
9645
-6651
-4374
-2279
3270
-8090
-7927
-4449
-5851
-5937
2506
-9877
4300
-21
-5624
9039
1251
3079
3954
4245
-1543
-6718
3722
-3910
-5906
3205
-8674
-5722
-7514
7920
9637
-850
-8569
-9136
-1301
2655
-7137
-8064
6822
-5502
2374
4617
2097
752
-6011
2980
9887
-4828
3264
-1551
6777
5533
7459
851
4752
5489
-8404
487
4507
9295
8597
6938
-1301
-5322
1956
-5446
7979
338
-9911
4054
4707
3818
-269
-9578
3577
-5707
-8883
1844
8759
6488
-2565
-8426
934
9948
8406
7020
-5748
-66
8834
-6814
6647
-7376
2675
1423
-8062
-2711
-3767
920
1546
3449
5383
0
-389
6051
5068
2423
5573
3734
-6567
-8478
-3068
2071
4298
-6640
-9047
-8750
1553
4742
1975
830
-5061
3718
5140
-1438
2021
5662
2480
4514
-2378
-891
5529
3329
-9193
5282
6746
-8058
-3605
8043
-1249
-8090
3479
-2279
8373
4028
-346
-3449
8413
7442
3701
-1902
3678
9503
-3535
-1867
9990
-4379
4972
4661
-9674
-5042
-4512
4737
8828
7398
2710
6802
3224
-8920
-3310
-6611
1820
-2601
2323
-6457
1319
-3092
-5624
-1486
8282
5722
-5159
5485
2405
3005
6678
3298
-5836
-2747
441
9920
-1366
1190
-8265
8255
-4116
-5171
-4077
7593
6668
1907
1224
7456
5915
-5189
8914
5320
-3223
985
8017
-2805
2961
-617
3664
-9740
2435
8902
-3056
-9786
796
7999
1309
2811
2925
-2553
-5465
1966
3521
-889
-9613
5760
-6319
990
-4547
-9236
5725
591
818
-2970
-9171
9078
279
-3122
401
-3607
7597
-9016
-465
2349
1249
762
-9962
-9041
-5558
2141
-7352
-8456
-8761
-9522
9354
5292
-7410
3928
-997
-2035
2573
1560
9650
384
2216
-4850
-6674
4075
9559
4227
5545
8361
7230
2230
8214
-5390
8879
-2901
3164
7117
-6373
-7558
5449
-98
5596
-360
-7917
2737
-628
5912
-5001
-7911
4673
-9121
-8732
-9077
-6919
4904
-5991
-5212
-1087
1966
8483
625
9393
1893
-2839
6692
9260
-8426
-9238
-5700
3803
-6022
6864
-6168
5627
-6017
-5701
-8573
360
-5011
9650
-8875
-8903
5996
-2292
2244
-9413
-5633
4967
5855
8300
-6701
-9792
2263
9516
3303
-4986
-4797
2172
2933
957
-858
8589
-8736
1083
-6972
-7417
-7087
-5378
-2692
4147
-9377
7479
5485
-4097
-2743
-2536
-1215
-3840
-5598
1392
-5802
-8703
-4698
8013
-7728
-4813
3353
-6198
-6190
-6831
-5996
492
7089
7558
-7293
-223
6638
9837
-4072
3434
375
-4163
7405
4992
7346
-2612
8006
-6096
5218
-8433
-219
-5332
9202
-9188
5491
-9273
-4808
6830
-151
7440
-433
-6120
-8349
-8122
4418
-7312
-2534
-534
-7971
-6592
-1387
-9317
57
3803
2059
2747
2162
1921
7737
1806
-8222
-3639
-8330
-7634
1727
8504
225
-6690
-202
8962
-7318
-2701
3519
-4107
-6462
-694
-3017
-4693
8439
-9972
1796
-3828
1746
3371
-7473
-651
-9321
-961
3797
7345
6498
-1428
4084
-9329
-6387
-1555
-4746
-8038
-9007
-170
-4229
991
-518
2185
-1460
-3614
3838
8230
5104
-3704
2358
6554
-4836
-7887
3026
-5712
9079
-8786
-6342
1007
2596
-2971
-9239
50
-8642
7986
-6977
3626
-2609
4609
7549
2256
-9968
-5486
8096
9955
7808
-550
-7900
512
6289
4194
4767
-1874
-4344
9360
-1258
3445
-5827
-3955
6132
8892
-3956
-7638
1790
3418
-8011
-8694
9582
-2880
8763
-9578
1196
788
-1455
2704
1275
5960
483
8761
4951
-3444
717
-9688
6110
-6086
-3908
-6374
9227
527
-4350
7448
-9897
-2865
-405
-3339
5316
-8101
-1386
4299
-3988
-3110
-4801
-8061
9800
-1388
-9708
1656
-4878
-6385
-9407
-2798
5933
1030
2860
-4637
5905
-9957
-212
4456
9603
-4
-975
-2606
7171
-77
-7235
8636
616
3849
-7179
9348
3184
3722
-6001
-2964
-900
-5730
9705
8300
4230
6684
-3195
4034
-935
4251
-447
3644
128
1918
3467
1778
-9715
-2894
983
-5126
9024
9851
-3880
-2963
6769
6100
9172
8656
-2474
7232
-718
739
-8820
-5714
-55
2235
-278
-5977
3599
-3937
-9657
-9764
-1242
7528
-5892
542
-5788
2684
4530
-3552
-7386
2556
3496
-6551
-4519
3736
-9254
6352
-8148
-3515
-2377
-2982
-1537
-8720
2524
-4198
-9248
-8904
-6803
2230
327
-2892
-1215
6026
-7359
-2697
-169
-1235
-9309
-9824
-1184
-4972
-7900
-535
-733
-5388
3795
-1445
5323
-1874
-7078
7119
8490
2743
6140
-9321
-9036
2870
-1063
-2542
-7503
-4966
-8756
5547
5504
5171
-1885
-4238
5617
-9561
1800
1194
5203
1336
1066
-5844
3318
-1602
2372
7036
-9820
6992
-1365
-7841
8422
-6304
4780
5008
-7796
5596
8510
-9346
132
-6338
7889
4339
-6633
8841
3316
6913
7374
56
-8700
-1005
3754
6404
7663
805
-2573
-1945
5786
6141
4118
9718
-4034
4821
3473
2869
-4164
-5865
582
682
-6748
390
6792
-6195
2327
-9602
8761
7947
5670
8708
-8435
-7141
-8099
7505
9640
-4262
5146
9036
-2887
-4214
4373
-6813
-9340
-9217
1199
-8928
-7215
-4998
-900
-2946
5973
2553
1912
7535
4484
7342
6104
-1207
-2726
9390
-9502
-1732
-2062
-8867
4473
7692
-3341
-9984
-2856
1037
7907
-6609
-1380
772
-4606
3808
69
1457
-5610
4231
784
-2098
327
-945
3053
-5233
7008
509
-1936
9172
6933
7317
1998
-2061
9103
2714
4082
961
7509
-1351
-5780
3104
-8327
8196
-73
-9143
-7799
-446
-5400
-8679
-8341
3441
3404
-2791
-195
-909
-4528
-7363
-2161
-3170
-8883
70
9166
-4989
-8465
-8712
9521
-7438
-7827
-4659
-1287
942
9116
1704
9541
3934
3871
4794
3471
6281
3058
-527
-3506
1021
1339
4234
-1128
-8340
-8568
2613
2080
-8299
2778
-8121
-1503
-3343
-801
4287
-653
9973
6535
-3017
-4659
-9980
6020
-5096
-3249
7455
-706
-1301
4515
-9595
-8732
-5839
-5126
-6085
-2814
1901
-8544
8228
-4922
1611
7864
-8858
-7608
-4772
-2526
3989
2372
-2909
5099
-4811
-1765
-9369
-2060
6907
717
1679
26
5132
6872
-6492
8252
-6248
5783
8357
-1228
7803
-6320
-2231
-8973
-4836
2038
-4799
9953
-3865
7455
-6779
3973
9453
7588
4151
9260
3686
4994
7690
-6646
-7911
-1645
7754
6100
1111
5225
8252
-937
9030
-4419
1491
1932
-4590
-2347
-6727
7324
4084
256
2958
6404
3632
8990
-6782
898
-5669
9186
5689
7131
4967
428
9375
-5499
-6664
9845
8201
-331
2957
-9933
-2526
-8118
7211
4727
9850
-5214
-6179
-3500
4226
3153
-3989
9930
7706
-4994
-3781
8815
9
-6949
8063
-3946
-4831
6856
-9329
4844
7162
7550
6806
-8580
3226
-3311
-3884
-4750
1585
-5018
-4118
-1798
6587
-1449
-4823
1580
-3468
-6177
-3523
-7870
7481
7138
7397
-7307
-1173
-2400
9942
9230
-8619
6305
-1431
3090
-9814
4623
-1690
6091
-5371
-2153
-2338
-5066
-9412
-3639
1152
1564
1096
5063
-6730
5827
494
-3073
8060
-9874
-3554
3160
7478
8175
-2323
1892
-4147
-5010
8442
5583
7215
-4756
-5418
5466
-405
-5477
-8269
-2392
7145
8366
-8143
842
2235
-5072
7037
7716
7967
6156
-2456
-7091
2748
2652
4605
-9302
-6632
-3420
-4463
-5017
1777
5496
3460
-9587
3122
4604
-3338
-9037
-6542
-9173
9703
-8366
4554
343
-3441
1866
-2961
9802
-2635
-3581
7029
-9550
-1354
8938
-1933
-3871
2408
874
5159
-3846
6695
-9134
3038
-3700
-8395
-9647
-2375
2020
2312
9853
1325
-7210
-7952
-1120
-5672
2818
1893
-7714
1767
-7441
-4094
6651
-5781
-4718
-9619
-6347
2193
-8742
-466
-4668
2569
7016
6611
-8972
7660
-3546
-6972
248
-1605
-3047
8219
-5117
-2472
685
-3473
2920
-7194
6555
-677
-9358
-5926
3779
-4482
-5978
7785
9996
644
-2456
-8842
-8517
-1679
-9846
-8752
7837
2852
1713
8796
-3562
1671
2490
-4239
-4628
-9590
9371
-29
8170
825
2214
6442
-5536
8530
-1909
6320
-5980
-49
9619
1031
6131
-1354
9887
-4935
-3910
-9935
-1126
9514
1750
-8263
3174
2108
-376
-2196
5824
-823
-7541
-2015
-7766
-1295
-3458
2889
-4719
-674
6588
301
5147
-7691
-6707
-763
1238
-2187
-1695
-7456
-7753
4692
-196
8346
5505
-9293
-9772
5032
6173
4564
-6873
-8722
3716
1842
6379
6052
3492
5973
-9361
-9372
-6339
-3546
-8569
90
8321
-8467
-446
3505
-9109
-5035
7275
-977
7863
-1196
8510
-6286
-9757
6681
6626
-5412
-573
7115
8042
-2923
-3656
122
-3075
-3817
58
8740
5985
-873
8166
2785
-6042
5596
-4242
8260
7137
-6354
-1142
-4356
9186
126
9821
-3070
-2969
-886
-774
768
-9683
-4546
8511
-6437
9997
-4346
3710
-7486
-924
3182
-4384
4784
-5721
5655
-1879
-8390
2078
3594
-9209
2667
-9006
5426
3629
-2627
4398
9047
9477
-4466
1949
-6500
-4668
-8277
3830
-6687
-3313
-1083
-8815
8177
-6513
-9748
2111
-809
-2856
-6074
-4607
-5719
9761
4786
3257
9104
664
73
-9251
5069
5910
-4856
-4063
-4014
-9968
9261
-6244
-7781
-3332
-1784
6496
5756
-7602
-8178
-3609
2335
-7215
-237
1908
-3928
4481
-7728
-7405
-2013
-7647
3205
3397
-5106
5928
334
9127
-3078
-8447
-7083
4086
8216
4983
1628
-1023
-8108
-6904
7415
-2146
-4193
3212
-9278
2017
-1772
-855
3857
7862
3377
6210
9376
-1770
4660
-8360
6288
-9462
2296
830
3574
-8013
7182
-1865
9456
-913
2784
7135
-90
-1611
6784
-9072
-8455
277
-1845
3506
2524
-7334
6328
-9733
7008
503
-2673
-7842
1012
1641
-7765
-1002
-7606
-8579
8439
-9777
-452
-4787
5134
-5851
-7862
6832
3229
4719
-5561
-3489
6821
9174
-486
-7098
-2507
-9282
1164
8509
-2881
6006
-3198
-2196
4356
1195
-3049
7573
-3939
1638
3812
4070
-4497
1678
5766
-3800
3613
-7906
-7186
-7168
4198
4680
6828
-5236
-1656
-6028
6354
-19
-9744
1411
-6832
-2188
-9514
7722
4089
-5398
7722
-5406
3342
-4744
-2534
-9983
-4878
3348
-4119
190
-8582
-6340
4529
73
-1035
8596
1940
8250
-7626
-7169
-6449
1231
3099
9115
6335
1813
-9927
1843
8503
6305
-7690
7924
-9483
-6064
-5817
5544
1322
7083
6706
-2348
-4062
8843
-7738
-9320
4862
-9408
4973
4180
-3119
-3241
-297
-895
-1473
6510
-2477
-1463
1892
-1127
-6338
-2302
1310
7374
-2127
-6210
-9693
708
3675
-8836
-6810
-7339
-1521
3894
2936
63
-1893
-3007
-8714
3938
-5012
-8987
3215
3731
8877
3553
3651
8489
-5762
-6919
7225
5794
-2407
-1341
7763
-9778
8540
-7404
-5783
-867
2679
664
6855
-4334
4725
-1741
-2814
-5121
-1449
-9883
-8572
-8486
-7656
1787
-4261
6207
8563
-4631
-2556
7419
9045
-4889
-5760
4907
-1952
9662
-9686
5469
-9591
3818
6427
4028
8007
1906
-5366
-3816
1409
1558
-4403
-1026
89
-5980
-7786
-3639
-1595
-3033
4031
-2751
2152
3399
2580
4751
5112
6603
-8602
7010
5136
4472
-4107
-1165
-5133
-6630
-8451
6938
-2480
3979
-3616
-500
-5292
6458
5908
6825
-7872
7913
713
-1156
-3639
-1186
1141
9308
-2378
-4668
-4101
-7759
-3237
1957
6615
-3301
-8882
-7729
3117
-6465
-2050
6951
-2793
4286
8282
7812
9890
7709
-2924
8046
104
-8992
-3522
-7747
-4647
6485
-3616
-8020
-1753
-7609
-5925
-3423
-1045
7337
-9338
3515
-8734
9480
2379
5019
-60
8490
-1532
-7895
-6525
-3081
2163
-3713
2499
-667
-7389
3521
7532
-8138
5288
-7028
-60
-3842
7782
-9975
-7737
5389
3906
-8532
6441
-8495
1892
8890
-714
-8669
737
5792
-2181
-6316
9982
2192
2792
6079
2340
8102
-8464
9257
-9708
-5736
4643
-3619
1400
9078
-2579
9752
895
9116
6104
1335
3203
4008
-8084
-7541
8666
7335
9985
-2707
-1561
-5352
416
1286
-2199
-1025
6122
-6463
-3135
-8181
1454
8338
-1305
-5874
4567
9198
7304
-8529
118
-6194
-137
9537
8763
5304
-9390
9816
2360
-5232
9316
2510
1585
3895
-56
-464
204
-1444
-4368
9425
7451
1131
-9584
-8338
4559
-7638
6846
5196
5399
3094
-432
-2216
-6149
948
-6722
6786
2555
1305
9652
2130
-141
-7247
1919
-2253
-1165
9818
-8727
-9119
-8700
1796
-7470
371
-459
8773
3669
7184
-9048
9530
7716
2345
2884
-9739
-7713
-1317
-2820
577
2243
3021
247
-6715
-5761
-833
-9587
-7405
8793
7039
7681
4510
-8042
9488
4894
-5216
4572
4936
-5789
773
3513
4066
-4815
-8952
5525
1215
-1820
-9398
7988
-4833
8204
863
8238
4259
9372
7422
8484
5439
8446
9238
2610
7603
7607
-8988
-5039
7223
3934
-8701
-7748
-5819
-2770
5411
-1199
-5727
-1150
4002
-3432
-6091
-9222
-2927
-3672
-3750
-4753
7240
140
5710
6950
8426
-2336
-214
-5012
-3316
-9501
-4034
596
1404
-69
628
-548
9955
5296
8858
7671
-8438
7270
4501
-4119
3915
-3639
1329
-8587
8142
-2134
-6978
3938
6458
-6792
9042
-9137
-5666
8219
8714
-8895
-2125
7009
-4296
8969
-2188
-5785
4511
9504
6693
-5837
1785
-6186
1210
-5900
3827
-5232
6358
-5575
3199
-8019
-5445
1681
5221
-9251
-9604
7320
-3227
-6133
984
-321
6746
9122
-5533
-4911
-6538
-8097
-3353
-9060
2641
-3282
-9387
-2817
6202
1854
1058
-5925
9560
8445
-5103
49
-764
7364
-8283
1526
7075
-5835
-8302
6315
-3223
-7380
-9076
5737
8710
5361
-4487
-1264
7491
-2242
3379
2379
6182
-3782
6435
-2228
9725
1393
9160
6808
-2398
2342
2601
9416
5026
-7763
-8392
-5356
2708
4066
-1430
-2329
-1982
-7878
447
7897
3986
5297
8428
6130
-7347
6805
-291
8474
1892
-6521
-85
1945
-994
-1761
-2695
5918
5625
-8100
5919
-6456
6605
419
9376
782
-5295
-3509
758
2361
-2112
-7785
4940
8647
7118
-1536
5129
2907
7583
9017
-6761
-6510
9371
2733
9791
-9582
5933
-1808
5138
4710
562
-7638
8122
3342
3166
3921
-2656
916
8107
-4113
5176
5790
-6711
8052
2899
-9631
2379
-5775
-7229
3231
6864
8141
6719
-3207
-2486
8588
-4494
2218
-4742
7862
3882
-9816
-5082
-7312
-4186
7286
-5279
-2358
9519
9446
2158
-9978
-9334
689
3902
-2177
-6742
6549
-312
-417
-6712
-1700
2754
5807
-1896
2366
4580
-3074
-7253
9013
-9419
4773
5756
-4010
2367
5747
9052
5587
6177
-4793
5042
-3531
9565
-4620
-458
-5020
-3369
-3625
3611
9189
9201
1513
-3104
1681
-6657
7145
-1044
-4103
-139
5274
1452
-128
-7579
-2312
-8476
-8308
-3751
7937
7248
53
-8982
1924
37
7686
5544
3478
-605
5782
1448
2019
-5310
5422
4677
-3849
9792
2927
-2477
-5044
1669
8427
7434
-665
-7834
-3394
4062
7403
-8273
-4801
8246
-5747
-9133
7522
5706
-2102
2823
8009
4367
-4258
-9162
-8722
6006
641
-1856
-9858
-2939
5351
-566
-1677
-7135
6637
-5435
-496
-6285
-3834
-772
3613
2633
-4031
6739
-1651
-8768
8556
-2117
9383
8894
-7609
4869
-6692
1861
4753
5031
-7067
-1088
3853
9345
-5690
8997
-2769
-5148
-5835
-8933
-7005
-1986
5371
-7933
2277
-2785
-9338
-855
8522
4213
7930
2543
-1424
4472
-6062
-1297
1629
6639
-1346
-1679
-1662
-5906
8050
4004
2558
1937
-5888
-6034
993
-3884
6621
7176
-6943
3725
-7263
-5317
1764
8990
-566
7798
-8407
-8138
-3482
3412
2017
-2878
-6191
-6425
4264
8449
9766
2816
6645
187
4081
-9363
639
-4424
-3880
4104
-2761
-7058
1542
-6518
-3194
3013
5819
6102
5429
-9249
-4786
-4311
-4415
438
-3519
-5515
3080
9429
3840
9143
-4285
-1231
-8502
-4730
-3813
-493
-314
-5739
5545
1661
1559
8901
-2093
7330
-8107
3156
5861
-1498
-1212
-8071
-4080
-981
4845
2255
-2953
-8296
-3715
7648
4367
5864
4765
-5285
285
3830
9202
1874
1249
3084
-1088
-3171
-341
5819
-1376
-8341
-7451
9469
9643
7593
6559
-7392
-8588
3694
-4886
-9495
-3706
8008
7426
3780
-3596
1008
-3432
1102
2030
4169
-9086
-9828
9001
3937
2480
1716
2448
-8692
7933
-3289
7092
8495
9975
4162
-7829
555
-9804
9738
8987
8523
1793
966
-5159
-8239
-7973
-1122
-8617
-4140
-735
8559
-5466
8534
-3214
8401
9330
9900
5737
-8775
1063
3886
539
-1939
9577
8340
1159
1367
-1243
4012
949
-668
8953
2763
-1650
-2697
-3325
-5067
-5288
-4322
4674
945
414
1246
-1973
-9942
-4061
-363
1063
1874
-8444
5227
5310
-6676
6087
4598
9657
4517
-2888
8424
-3765
8867
3399
-3700
364
4727
-4932
2169
-640
669
5929
1202
3883
1809
-4135
-9458
-581
-5950
-9434
-9162
2704
-1794
6346
4053
3619
3502
-7724
5854
-958
7500
7615
2986
2030
8017
-4465
-5473
-3263
-5589
-1922
-1650
-3475
-6747
8231
-6958
7507
-8204
217
4954
2719
-5968
5872
-4004
3747
-6433
-8727
-6035
9994
-3595
-3456
-6788
6965
-8695
-7382
206
-4468
5562
-9587
3268
-7514
-4420
4775
3204
4169
3516
4862
3725
-3740
-3957
-5763
1816
2484
-2876
-6318
3140
3542
5480
541
1038
9613
-5573
-835
-1461
3933
7075
2290
6262
3757
157
3718
-7658
3079
5777
2420
4350
17
-6896
-294
2075
6469
-4390
-8295
1240
9186
5507
162
-636
-941
5413
1003
-2938
-1063
-3281
-2218
-1443
-2045
-6776
7542
4965
-3701
-1706
-4868
5116
-4973
-8386
-2118
7704
-6141
3297
-3346
5230
4928
4580
-4823
-9107
216
-6672
6905
4625
-1845
-271
2923
6640
-4882
3576
1372
-5410
-6835
248
9978
-9983
635
9746
5642
-5523
-1156
5618
-1800
-5767
5635
-2142
-9591
-2260
-4495
8861
-5074
-416
6023
-2192
-94
-9277
-9753
-5758
-9464
-6309
7034
-8024
9238
2521
-3522
4030
-1067
-2945
-7860
3336
5393
9688
-5927
-3560
-2276
-5041
2305
-6255
8166
-3519
1135
9735
-6990
-7048
4618
2021
-3976
9381
-260
-6349
456
-2066
-4994
3204
2285
4646
7940
673
-972
5393
9268
3302
4475
553
3611
9717
-4173
5285
9094
4628
-5962
6483
-7924
-3864
2880
1141
3447
-9554
7198
3358
5181
4478
-7924
6876
-1136
4814
-2944
-7035
-8851
3096
-4583
3073
4305
2125
8395
-5854
-8342
9191
-6866
-5885
-6928
3181
6464
2575
-8756
-6015
-3508
-498
9390
3634
-9981
6512
-5038
-7745
3197
-2449
-7126
-3433
8472
657
4498
-6749
-243
7486
-7309
7282
-3862
-4411
-6828
3649
7406
-1504
929
2849
-3542
-623
-7514
6089
9369
7158
-1036
-3390
-8103
9554
-9670
-667
1292
529
645
1722
-4507
3740
3820
9630
2867
-4802
2682
5154
-3204
-7699
-2334
1184
-5318
103
-9301
5325
-5022
5413
7255
3308
-2128
4049
3463
4270
7268
6347
-8554
3610
6934
1631
-4210
1610
9824
-4315
-268
-7836
6257
-8797
-6504
-4341
-2464
-5507
-4792
4010
9180
3175
5761
3316
295
-3489
9487
-152
919
9878
-1516
9491
1141
5714
-2373
-8198
-1852
-3692
4686
-8406
6734
5647
7123
-5066
-709
6769
-2158
1756
-3274
9862
48
-6098
4858
2106
9480
8264
-8384
797
-7388
-9954
-2544
6687
6099
852
-66
-6249
-7210
-4014
794
-1410
6887
8278
2410
-5018
8457
-5892
-7002
-2073
-9511
4630
4288
696
-9914
6189
5255
3204
-9210
8020
-3662
-936
4680
-4874
6827
-4083
9514
-8884
-1497
-9035
6555
8613
647
-3395
-7400
-2454
9035
-4296
-3282
-5529
9346
-6453
-5135
1852
-9259
-4712
7879
2691
3307
-4514
-4400
8715
841
1900
-8413
-2116
6095
161
552
6704
-1253
-1118
-1078
7151
7501
-7677
-823
-1758
-8977
1712
-7013
8466
2918
-4947
-5009
6856
3054
807
-2054
-4817
-36
-8223
3967
-7263
6480
-1778
7157
-2295
7845
-8207
9234
8654
2405
6884
9568
7049
5595
8889
5813
-5846
-9023
3903
2028
-3675
5819
-4624
4433
-292
242
-2139
-2702
9784
-3346
626
1229
9489
321
5936
4491
-3089
6670
3168
2185
-2030
-2446
-7554
-4032
-9183
-1520
1241
-660
-5020
-1618
7009
195
2510
8830
-9198
1355
8974
-1680
-6728
6833
-7004
-2548
1249
-3273
5785
-1534
-8744
-5730
1605
7446
-3141
-1784
-7489
7671
4651
-5386
103
5938
-4130
-4756
472
-6901
-2435
-1407
601
5441
-1230
7192
3986
-1785
-7950
5814
-6997
8082
682
-1420
4406
-8815
2312
-5949
-2903
6054
-6903
-2423
-6338
-3545
1160
5437
-6215
-621
1681
4305
9959
9331
4918
-3937
667
-90
-4928
2887
-60
9028
3539
-6796
7614
8646
-3936
-5080
3230
6919
-5097
2538
-2987
-9918
6569
-7312
4326
-6268
2784
-4679
6541
-9236
-901
7526
-6614
-8597
951
3499
5544
1745
1032
-4978
-5701
-3358
-4197
1499
7802
-4261
2381
-5662
1713
-2110
6396
9812
4999
8584
1442
1428
-8983
3502
-7004
-4489
3167
-8118
-4289
-1522
-5880
3893
-5698
8736
5308
-6087
1040
-7140
1658
-5808
5341
2125
7799
-1184
1467
8833
1385
-6663
-2602
6793
6210
5292
-3060
-8696
9243
836
-1896
9125
6498
2724
-1715
-2464
-746
4685
-3256
9998
8546
7129
-5422
-8940
-9390
4183
-5242
2467
-1089
1151
-5610
-7118
-8503
7453
-8848
7216
-4683
-9071
-6475
7416
-1696
3824
9706
-1667
3335
-6675
921
-242
3960
3745
84
2391
-386
-728
-3620
-1323
-4274
-4730
2186
-4460
683
4660
9018
-9246
1306
-3746
-8976
-8846
6883
7050
304
2296
1842
-4100
-9203
-1662
-7147
-3121
8
8629
-6608
9357
3223
-1953
5120
-7554
1725
6129
-1464
2261
-7460
-4529
835
-1326
1733
176
499
-7972
3860
-4905
6449
5005
-6476
-5961
-9461
-29
-4869
-7446
-6841
7223
-1644
-8027
-8800
9472
-7253
-5929
5247
5027
4412
-9993
-9684
307
6569
-9409
-3289
-2085
2325
5234
3167
-9834
7837
6521
-3268
-9222
8736
-4142
9258
9398
-3762
8081
-764
3435
-6061
-6828
-9809
8015
-6545
7034
-8352
-9922
1325
4440
8579
-9874
-2578
276
-2557
2949
-4311
8683
-7746
2184
-5118
-5077
-3649
-1943
-2020
755
-5478
-1145
-3256
-4970
4940
368
5681
424
5157
-8854
-822
-7163
-6164
-4297
-4195
-3512
-4257
5956
-821
-6898
-8674
1170
7648
-7044
9357
-4561
-6279
9853
2073
4582
5801
-6125
5338
4189
-5504
-1881
5527
347
-7549
-4134
3221
-7928
7070
1543
9606
5184
-2063
-9673
6199
1322
7616
-7908
-6696
7949
-7683
6688
-748
-9318
-6524
1185
5066
-7504
-8529
5412
-6797
-6222
-8847
-8155
-694
-491
5971
5415
7102
-1716
-6984
7700
2126
-8359
9599
1400
-1528
-7395
4741
3412
3921
6723
4206
6781
5003
-447
-7387
7217
-3283
-7882
-9491
5366
5295
4570
3776
927
1735
-4831
-1490
-4719
4616
-6842
8886
1134
-5355
2957
3072
1028
-9397
4000
8298
-8354
-6266
5957
965
2812
-3078
3601
-2045
6440
-9208
3624
5069
271
-2832
5071
-7868
-8813
5082
-6220
-4837
2116
-4003
-7113
-3940
-6040
1256
9593
-9019
-8962
9777
-1906
-6011
8170
862
2218
-6060
-6400
-4712
3393
2979
9754
-2827
601
-4748
943
8556
-1214
-161
2427
2353
-9716
-8645
-7380
-2108
1826
7078
6470
6225
4653
1729
1149
9690
7132
-2938
7062
1244
296
-7399
-9494
-1044
8027
-1175
-7912
-3806
-7425
-243
-415
-9799
-4125
-5449
9358
-9880
-7215
-2396
445
1222
-3159
-4767
9926
-6461
-8000
-984
1302
-4429
-4914
-9226
1821
898
-8240
-4408
9328
4016
1035
-9121
-7539
-2068
-6599
-5972
852
-2936
9426
-6268
-3046
-6997
6216
7056
-6593
-3592
-1874
-3538
-8829
4136
6705
3894
8169
-7549
5797
-7971
2359
5180
-6697
-2385
-6376
-4086
-2332
9452
5140
-4245
-8344
7741
-9351
-6079
839
2836
-9841
1177
-671
-4814
2095
7715
-5884
-3505
-6984
9692
-5278
5816
-6014
-1132
645
-7967
-7932
2725
-8372
2537
8920
610
-9365
5746
-6168
6792
-4122
-2253
8225
-3221
-9621
-9911
5796
-8939
-9890
-7970
-4575
5595
-3767
-5319
7573
-1938
-1598
-8672
3939
-8978
2429
5877
9205
4937
-3969
-4174
-9122
-4903
-4433
1672
-5038
8111
-2525
-4842
1332
3976
-7131
3581
6675
-7603
5291
-9473
-708
-5726
8606
9865
-4011
-4898
2570
-5199
-3822
287
3222
3001
-5451
7822
-713
3545
-9467
8205
5706
8533
-6889
4897
7084
-1287
-8468
8687
-2603
8613
-1765
5782
9579
-9182
3369
6098
5107
2404
1977
-1094
8096
8321
-167
4545
-1676
960
-4238
-8654
228
-1550
-3061
-1330
-5735
-1959
-9009
-8854
-8834
238
-3856
-1234
-3523
4837
-7946
3050
3899
5885
2437
6693
3367
4816
-7333
-1900
-2771
7035
-3543
-8238
2193
7632
-5310
2050
2507
7832
-7946
6226
9575
-314
-2129
7481
9962
3863
6977
-1065
-4500
7381
-3203
-2085
-9985
4467
8269
7906
-1682
8721
-3864
7319
5286
6721
-3636
-4680
-8374
3833
5637
3479
-8206
-5548
1389
4348
-3197
7149
-1148
3907
-6736
-1413
-3937
5780
-4369
-7662
-418
5623
39
7737
-7025
-3919
-3254
-9108
-6379
4293
4249
7205
-2774
-7548
1688
539
-1833
674
6481
-3814
-2556
6719
6356
8960
-2557
6389
-1964
3338
5958
-8767
-5703
4239
-8122
1957
-9798
2333
1398
-328
-8885
-9293
9708
-618
1741
2884
606
-3945
-9088
8951
4786
3640
-2915
321
-3873
-5468
-2664
-4629
4346
1690
-4126
-1830
5310
-34
8664
4446
-3814
-8155
858
9262
3323
5996
4841
7530
6767
7992
-6444
-7149
-4989
7204
-1241
7898
-939
-7143
-4457
2381
-8308
717
-2963
-1649
3812
-9366
-7715
-1674
786
-9539
6524
-248
8912
7069
7238
8110
751
-176
-1486
3052
-5246
7698
-6579
-5715
-5110
1128
1193
2829
-9807
-4960
-8968
-4685
3317
-5826
-776
-6250
-4049
8489
-9793
8657
884
4022
7651
4730
-1479
2641
7574
-9170
-501
8958
-1583
-1379
5936
2509
-8610
6877
-5497
-686
9099
-825
6170
-7320
-9104
3451
9481
3825
1804
-80
6234
819
-1099
6084
6072
-3675
-7735
799
10
4887
1352
-2912
-1090
8848
3846
-9450
7256
1959
3388
-6833
5006
4047
7457
6011
-7250
4718
2529
-9851
-8146
130
-8275
-7814
-5566
-1823
1158
2174
-7493
-5992
-6260
-8378
-1613
5059
-2399
9645
-1158
-8174
2608
3009
-6159
-6368
1275
3045
-7375
-453
-6217
2568
-7601
2396
1578
-2454
7749
4051
-2260
-1381
-230
5272
-4231
-7247
-9568
-1281
9321
3449
-8854
1382
8015
-6225
2744
4017
7448
-8773
-5518
-6284
-2321
-6811
5461
-160
-3256
5412
7955
6817
7706
-878
6275
-9916
-1860
7946
9353
-8413
6305
-9987
-7952
7677
-2120
4125
-3927
-1214
6728
6299
2564
6442
6054
-773
-1547
2504
7515
-6839
5200
9605
-9682
9731
2762
-6126
-5002
3899
4067
3517
-4426
7689
6630
7593
-5983
-4696
2157
4929
-4511
-1258
-9086
4678
-9294
-6212
8341
-9133
-8626
-9075
404
5093
-9405
5874
-4726
-7327
3092
-2238
7028
-1999
7113
7265
5430
4612
9454
-8959
7214
-4427
2429
-1754
-4780
-8363
2784
-547
1966
2583
8796
873
5214
5056
-3316
-520
5737
2057
7719
4799
-8132
7704
-2631
-3288
7910
2548
8786
-9194
-3308
-1964
-4989
2762
-4683
-1555
-2952
1278
443
3528
-4122
1008
6484
7662
3053
4112
-5831
442
9050
-9020
4473
4871
-8368
-8198
-1855
9774
2405
-4666
2922
-2098
-9970
-496
5238
-7218
-5110
-2416
-3980
-6752
-2743
-4928
-8921
8058
3435
-9069
-7801
-1137
-1702
-622
4899
-3547
-9869
2998
329
6404
-2955
-7967
1982
-5461
2690
-6955
1735
2103
-6720
-1764
1301
4055
-1428
-9915
-4474
-4898
-2701
-1509
9419
-5469
-4001
-2131
9142
252
-6847
1048
5081
4616
1581
2947
2709
9253
-4937
-2859
-7176
8500
-4060
-5283
7034
-1482
-2525
3705
-9012
9995
3072
4704
-3209
-6452
3606
8540
-3043
2959
3960
-9737
-2384
4487
-107
-980
8612
4648
8064
-9078
-6276
7077
2410
1359
9358
6940
-5177
-6843
6903
-4063
4484
-4765
-3725
-7627
6697
-3361
1832
-6394
-5407
-7930
3541
-8771
4060
-5138
-1429
7446
7808
-9426
-2438
-4100
4603
-8170
-2758
-9835
-1098
1604
8925
-8211
7388
732
-5584
-7877
6493
7604
6853
8413
-5427
-117
-8240
8131
-1696
-7836
-7540
-9564
554
5758
-2617
5317
-215
-5254
9371
2184
-5339
-1384
-6457
-2314
7897
-319
2133
-8940
8279
659
-6617
-4405
3791
1250
3391
-7482
-1490
5906
-8190
7364
-5773
6077
-3164
1556
-4380
-5469
-1218
-9802
8292
-43
-4891
-1708
-2710
-8136
273
7569
-1157
-6450
2150
-4519
6616
-8695
-9824
-5510
-4180
6795
-5570
4378
-9668
4267
-6449
4750
-5126
-6103
-9613
-9826
6017
5633
3500
-5881
8463
-5076
-4122
-9799
-5583
5836
559
3823
6180
-2085
812
2931
-4289
6155
8487
-5794
9472
-7862
8969
-5637
4170
2634
2434
2852
-4379
-1580
-2986
-9703
4153
4431
-263
-9351
5989
-4118
3719
-7665
5052
3188
1857
-3561
739
725
2007
2521
2573
1561
1021
3126
2586
-5665
1038
-6882
-3861
-5906
3765
-327
9119
4504
9944
-5417
8971
-3837
-8486
-5593
-7199
-8818
2781
478
-3774
-8682
7408
-5597
-2253
4615
-2197
8065
6422
7350
4473
1283
-2494
7505
-9790
5692
-7245
4314
9892
3685
-937
-2264
-6801
-9750
-8028
-1833
6899
-9697
-2072
365
4879
-240
8757
-765
-110
5914
7579
-9370
8185
-6241
-3492
1841
-5761
5496
4021
4916
2489
-6144
7411
-9317
-9094
8063
7480
-1465
-261
8777
-5030
-5653
5865
-3988
12
2824
-127
-3129
-6938
-3764
-317
-4409
-6369
5350
-9938
-3019
-9626
-7580
-1044
5476
-7781
-5104
-5026
1540
-1950
7423
2563
-2379
1964
-5943
9386
-4955
-8376
9324
5170
-7338
5607
4476
-8435
5650
-6796
-4905
-2854
1479
9006
4921
-412
-5914
-4404
1518
-9829
5206
6800
7492
2314
-1532
7063
695
9518
-8964
8339
4903
-4787
-9073
-3875
-5274
7150
3390
-3963
6495
6419
-3091
4659
6652
-49
5916
-4846
57
1645
-7297
-4988
-9977
-1521
6227
-7093
-3051
3149
5691
-5474
7685
-5998
-7413
-2796
3613
4874
-1773
3965
3056
1140
-7276
-5405
8098
1168
8922
514
-4228
-229
3049
5574
-7022
-9078
-3810
5701
-4245
7630
-8176
8960
1533
6170
3817
-2580
8019
-3239
-573
-8345
2007
-4219
8557
3800
2859
-4120
-1031
-6291
1843
-12
7777
6862
3233
-9831
-9251
-6531
5695
6881
-9036
-2945
-6930
5337
-1138
-328
6728
6755
790
-1917
4342
6267
-4522
-8527
131
-4467
-5722
-6349
8131
-5040
-534
-2722
-1520
5673
-1360
3843
-5230
4402
-190
-5016
-7572
2970
2184
1733
1838
9188
5237
2159
2800
-5633
-5497
3218
571
-4965
-9682
-9034
-5481
6731
-7584
4212
-5802
-7988
4149
-3414
-3242
-3146
7436
8822
-9759
8107
-334
8766
3193
-995
-6181
5587
1966
-4412
-5399
7153
-278
2834
6603
1738
-2633
1427
654
2129
2077
-526
-3477
2679
94
-4291
7798
-2787
8819
-5392
-8470
8628
1393
-9054
-2447
-35
8783
-7880
-7263
-1260
8881
9664
1412
8453
-7153
-1279
-3265
6743
-5432
-3906
-8044
-7215
-9530
2248
-7759
6091
922
-479
-6887
9914
4320
413
2467
-6741
-9021
4306
-4438
-8856
1489
1940
1759
2056
7499
-8692
7887
-4985
1061
-2507
4248
9294
-8021
4634
-1425
5558
8140
3925
-8491
635
515
-5776
4882
-3097
335
-293
-1279
-3455
-5300
7548
-764
-83
671
6691
3631
-5009
-1745
7889
2290
-4105
-9357
-8308
1232
2050
-2344
-9464
-2398
1118
-8094
4551
3776
3370
3784
-5882
-3691
2248
-1007
-5380
895
8554
-3768
3044
-3616
-4998
-6263
-6123
-8089
-2287
-3076
-9030
-3070
5817
-7442
-5046
-9860
-1963
6355
5539
2117
-8535
572
7605
9359
-4562
8249
7910
-2729
-1211
7287
6713
-4522
4097
622
3608
6312
5592
-7657
-4752
-7761
7535
-1938
-970
-4624
55
1557
1711
3350
-8016
9635
7961
340
-8650
4905
-7198
5184
-3268
-1003
-6967
28
675
-7304
-266
9621
4046
4563
4445
177
-3019
-4546
-7000
-2860
-9645
-4392
-1361
4485
2169
4332
-6370
-5733
2491
7294
-3533
-4556
4010
-2318
4435
8734
2033
-7684
-4128
-1786
-6347
7262
-6436
9337
-8699
2695
9398
-4443
1173
-8700
-2909
-7459
-5032
-930
9724
5810
-3001
-3725
7482
3777
-6725
1934
-7989
-2162
866
3187
955
2855
-8434
-6153
-2712
-2411
2024
-7138
-5789
-1199
-6843
-3578
-3185
637
4757
-5219
6859
4043
702
-8233
-4486
-7550
-9754
-739
7874
6605
-3737
-5003
-7621
-2613
-4643
4687
3801
3074
4145
9975
9153
7558
9417
-5986
-9805
6747
9991
485
6696
2801
3121
3277
3086
-444
-5479
-6823
7844
-633
-3325
7146
6120
4882
6887
-8868
2276
2969
-9137
-6986
5802
-2431
-5251
7134
1119
5792
-9688
-4420
165
8191
-8125
5482
-2144
4537
-9452
5488
6517
999
-8738
-4597
1861
-3135
5879
-5442
6111
4617
9334
5035
-2943
-2883
-4024
-2214
5549
9418
-9108
-3596
4110
4467
-634
-439
-3420
9590
6893
2685
6665
-5072
8001
103
7226
3248
-5228
-814
8940
9362
-7683
-8150
-4035
-6261
-369
-4138
3973
7551
-1290
9793
1065
5911
-5535
5762
-4799
-7767
6736
6621
-909
-7563
1444
9432
2125
-2252
-6696
7799
-4422
740
8010
-6811
4077
8133
8388
-1948
-2249
-2838
-1566
-9446
3009
3082
977
-7965
2106
-2286
-8847
343
8455
-877
-8575
-923
7448
-6785
-9551
-8658
-145
-6717
6760
-7371
4127
7902
9425
-3843
-3649
6121
-3473
-9872
-8744
3067
-5231
-9106
4427
-3535
6333
-625
-7667
-9297
-9873
4652
-7415
9867
2090
-3041
7743
873
-1282
-9432
-802
5134
-2272
9837
1678
-9808
-7190
4898
3404
-6534
-7963
487
-8213
6197
-2154
3171
4455
-5512
4471
776
-6685
-8722
-579
5818
9154
9957
-312
6612
6370
-5911
-3285
6785
8196
523
7680
3261
-8734
3730
-6802
-5732
4768
165
6417
3167
3966
-379
-6296
5258
6969
3418
-2881
-6783
-9923
2028
-8277
-8500
-4259
-8398
2467
-6613
-5136
2250
-518
7052
-7889
-542
-506
7859
4808
-3551
-5458
1210
6948
-2141
-4051
5052
-4780
-6454
1007
-6196
-1327
-4356
-2883
-2193
6625
-4080
-3169
-2601
3905
-1984
-9650
8639
9989
4740
337
-3929
-3356
3739
8885
9688
-635
1275
6073
9154
-3480
1529
-3188
-815
-4566
-8502
6192
6224
-728
-2851
1159
-4288
1600
-2573
-420
4145
4749
845
-6754
-9185
8465
9202
716
1681
2044
-4566
-9741
-4105
4311
9094
-8099
-5579
6500
-1907
-4721
8956
-3115
5497
5880
6652
3615
-202
-8468
-7869
-8688
9920
-3640
-5698
-7236
8842
8042
-9985
5448
-6838
1874
883
6428
-252
3013
-3019
8501
-961
-6714
7012
4813
-3878
9996
-7558
8010
-8820
7812
1445
583
8749
-8513
6244
8472
2785
-4645
7427
-5793
-2788
-8858
7409
3501
6694
3502
-4836
9240
7977
3326
497
-3135
9191
-1353
-9097
148
9255
-5347
1568
-3370
9764
-7015
-7223
-7031
-2802
1952
-2754
-6563
-2854
-3746
2903
-5094
-1593
-9626
-8622
-7197
2338
8828
-6985
1305
-4490
-757
-8383
5345
-4928
-5162
3234
2944
8993
-4540
8443
686
-452
9130
788
5045
-5135
-3628
8119
-2516
-9052
4723
7607
7737
-3926
703
8275
-5573
-3307
7795
2720
-8488
-8479
-4300
-6323
400
6542
-2977
2053
9126
-2510
-2887
8545
1006
-6004
7024
-8517
2449
1204
-1540
-60
4558
243
944
3845
-2443
-6621
1721
-5496
-6304
-1637
-1152
-1461
-2545
-2440
6171
-1838
737
4369
-7866
-1979
1031
-225
-5122
-6962
-6867
3124
-3380
3703
-6949
-7232
9589
-900
1918
-2999
8732
2575
5495
4261
-8616
8965
-5111
-4851
-2350
6405
5105
-1290
-3394
-6727
-3067
-9984
209
7573
-965
-8949
877
8381
-8993
8800
-607
2755
1180
-7552
-4085
8320
7767
1583
-1012
-2591
3796
-8053
6963
-4994
-6365
4179
-1484
-3135
1837
-3633
-6718
1830
-3797
6542
2594
-4481
-459
-916
5588
-1796
586
1709
4318
-5906
190
6055
-1551
-1332
8630
-2514
-465
-1625
-3299
5854
7427
8118
928
1743
6778
-5798
-2898
2014
4228
-9929
6443
-7859
-4484
3883
-607
-7885
8491
4465
-4313
9298
1166
-7849
-1101
288
1718
9347
-9889
-974
7201
-5483
-2205
5182
3511
5314
-513
664
3813
-6409
2946
7186
-1861
4586
-139
-6210
-9590
-5811
-8613
-1704
-2914
6281
-3314
2983
3977
1244
-8328
-7221
5796
-1651
7078
1232
-1589
3850
-751
4024
-9277
-5270
-1615
86
5145
3128
2923
8448
2990
7065
4435
-4179
3795
-5281
-179
1604
-5314
-6861
7640
9106
4179
6247
-9863
-7059
1417
-8074
-7739
2930
8395
8536
-60
8753
8574
-1844
-3894
1089
-6709
-4766
-1849
1876
3701
-3747
-933
9168
2634
-1039
1825
9100
8345
8622
-6785
1242
-8539
-5494
-8647
-7476
-4110
-6950
-6413
-8480
-2529
-2535
-8040
-894
5263
4495
7614
4132
4352
7902
6477
5568
-1785
-5430
5338
9481
-7734
1839
-5571
-4556
-7416
-111
-1097
9868
9459
-7588
-8881
8019
2353
-2299
-3942
-347
-8365
4804
203
-7607
1989
-4996
-8896
-4362
-1661
-4262
7672
-9559
1398
-7553
-353
-6487
2588
4076
87
-5463
800
3332
-7050
7090
-9523
-7180
2952
-5218
322
7441
-7058
4560
266
-4245
-4172
-720
-6929
-7105
-2772
946
1974
-2914
4939
-8396
-6784
8535
-8543
6623
5402
4916
9043
8911
-3799
4394
-2144
-8635
-5777
3304
-6032
1803
-7873
-5814
7249
-6331
-9006
-747
-8636
-9002
-2919
9127
-5666
-7582
1693
-2081
-1278
-3333
3322
-4895
-486
-5992
500
-6102
-513
-6040
5891
4722
-8204
2461
1456
5759
-3357
8868
-7035
-1920
3872
-1980
-4072
-7672
5890
-3596
3322
8504
-5867
5074
1449
-1916
-3547
-1938
1327
-5131
-6877
3210
-7871
-8200
4970
-4836
459
-8081
8516
-1094
6153
2008
-1484
6941
7042
3886
6260
-9656
-2051
880
-9314
-4472
-3658
-9061
2476
-1128
8725
-6043
5209
-1415
438
4298
494
-7247
176
2377
5746
7805
-2379
5522
-8
-2005
8814
3670
-9586
8669
6927
-7383
-5795
-4151
-5434
7360
-2596
1689
-8084
3794
-3322
-93
-4620
-8204
3137
6050
3231
7030
-9971
-5616
9543
-7880
3283
9985
1802
8964
4491
224
-844
5258
8475
9187
8347
-5958
-8247
7973
2043
-5216
2050
7607
9408
9232
3368
-1175
48
-7254
-8215
-4708
-3264
2496
-647
8013
-6989
9754
9110
-4903
5301
4848
7803
8042
-4164
-6304
-9979
-680
3468
-7961
-6356
2415
-8513
-313
-8664
-9033
2401
5450
-7102
1336
2181
-8179
-4590
7588
440
-2086
2039
-5286
-8966
2383
4747
-6998
1831
191
-2006
2622
1782
5076
6662
6147
5143
-7405
-6084
-2443
898
3454
6399
-2944
-7592
2317
8797
-6825
4406
5726
-318
6494
-4701
1921
9075
-761
3767
2314
6340
-5923
-5446
4911
-3850
898
-8883
-3756
-8168
1423
-8790
5420
-9915
3901
6323
-4482
4240
5240
5388
4065
2979
-123
597
-6051
-508
-7528
-4497
-7729
-7969
-23
-3317
-7254
5499
861
-2791
2309
1208
6671
3780
-2352
4963
4974
-5459
-333
9434
892
-992
2883
1901
-8779
7453
9512
6117
3438
1598
5236
-6093
-5279
-8554
8317
1991
7364
739
7889
5777
-7604
-9485
-7473
-3423
8385
-74
-6254
3825
5995
-4454
791
-7127
8571
-127
1737
2634
7159
2809
-4869
654
-3218
-7337
2568
-3874
-2419
-1328
-1141
4719
-6100
1157
-2267
1263
-7308
-4731
3694
-7999
6803
7710
461
-8256
6516
-4208
1252
8665
4846
5731
-6701
760
8549
-6335
-4885
-5506
-597
188
-1126
-8334
4228
-6809
-2074
-5531
-9841
-1100
-6998
-7890
3826
942
5793
5948
-9868
-2555
22
969
8376
4876
5876
8742
-6451
4432
-713
-816
-8569
4478
-8138
850
-7341
-332
-6326
9481
-3825
-9334
-4239
-5707
-4508
6381
-8395
9147
4788
-9053
-3086
1019
-4421
505
4753
-4404
8256
5549
866
-7615
-7827
3038
6370
9536
-12
9245
-5541
808
3830
-4187
-6811
9207
2267
-5747
8568
-62
-3390
759
-5340
9903
-522
-2327
-4293
-9750
5857
-182
-1176
-8017
3978
-6914
1197
-6791
654
-2034
5108
-1769
-2678
6618
-3211
-3128
3385
6259
-7702
-8312
-9343
-3679
4701
2580
-3093
2190
-68
8900
3508
2569
-8402
-2945
-1931
-96
5734
-6800
-1655
-188
-4476
3497
-9594
-6820
8701
4365
-9620
2833
-385
-7157
-2306
7225
-2381
-3207
-765
4163
-2706
7655
-7483
3745
-5798
2112
-8014
-3217
3264
4376
-7055
6545
989
1994
7154
-7771
7619
-8606
-9259
8535
-697
-898
-8674
-1386
-8436
-2000
-80
847
-1009
1601
2256
-4224
3140
7851
-7284
-5187
-8103
1816
428
7328
665
8944
588
-5439
-8571
5018
9483
4276
8873
4845
-984
-1771
9874
-7043
-4346
-9628
763
-6049
-3521
-5233
8009
8769
9712
-6287
5763
-9494
253
-1981
1848
318
5803
6560
1788
6566
-5784
-2367
-7612
-5635
4977
5067
2671
5817
-2142
7904
-4434
6499
2783
-5632
8058
402
3495
7938
6288
3544
-8396
-7325
-8863
9852
-7381
-8066
-6871
4250
-3858
8806
860
6490
635
8815
1912
1460
-6375
3609
5146
635
881
2179
-5120
4994
-6168
-7010
-1931
-6276
-460
-2350
-7520
-6206
-7839
508
-6193
-3224
-9732
480
6487
56
-4963
-6165
9882
-4376
-3915
-2590
375
-591
-7401
970
8135
8533
-5850
-1894
7456
-7838
-9205
7377
-8973
9229
5726
5217
9550
20
4515
-5750
-3534
105
3578
-17
8784
-5591
6400
6529
5249
-4059
6870
-7472
-1976
1399
-8685
-242
8683
-465
8549
-3861
7221
-9835
-192
-8817
-18
-314
-6657
9740
9226
-3078
-3457
-9443
8507
2999
723
8225
-487
7688
-3444
-9331
960
-4191
860
-8380
5243
2143
2318
3317
2323
-3680
5664
770
7156
-4590
1529
3557
4533
-6180
8061
-4878
6071
-951
2132
-9191
7688
868
8518
5199
-5688
-4800
5741
6216
-6948
-5383
7787
8138
-1445
3071
-7498
-5811
5230
6462
6100
3676
1347
4696
-9845
2074
7095
-5978
-2367
9226
9778
-426
7584
-8004
5155
-5557
-2153
2336
9907
-4083
-3097
-7102
-1141
5444
1982
6209
-8948
1814
-3132
3036
-1455
5095
4378
9888
2093
-5346
-4512
-3584
-4427
1671
-1377
538
-5772
-1768
-1605
-7994
-4272
2794
1198
8455
1887
1712
107
-3903
-9760
8590
9114
3458
6507
-2233
9924
4266
4332
-5450
-5281
2897
1495
-3620
23
7178
8830
4451
3613
-2620
-1631
-1449
-4542
-9393
-1586
3909
4404
7107
2875
7430
-2437
867
6151
4071
-1875
-4961
6681
-4143
4640
-8296
-6845
-796
-4412
5182
7067
-8576
-633
-3037
7703
-2361
-6756
2163
128
-6526
5733
5725
-2690
-5419
-9009
865
-1977
2776
-8446
-2473
9744
-5237
7200
3075
-2688
238
-2914
-6801
-9915
-9632
-2926
3366
4885
1504
3615
-7660
-9906
-5635
1902
-4732
547
-8606
2373
4764
-8473
-1471
5686
-1361
-3457
1079
5890
-1661
-4029
7792
368
1858
339
7532
-7430
-2263
-9535
4523
1489
6694
-5210
3817
-9543
3656
-602
4066
-9889
4400
-2760
-5152
-8849
6829
5689
6462
2912
9879
-6743
7950
4191
-6532
-4063
6950
3293
7568
-2243
7817
-9219
-4433
-981
-5670
-1077
-8242
-4669
-2301
8672
7861
9546
4012
-1217
5735
-4101
6736
5172
2813
3117
4364
8159
-9711
600
2085
8719
-7552
964
-9925
-7800
4399
7516
-5888
-7206
-6084
-5289
-4158
-7517
-3392
7710
-5550
8683
1095
-8101
-5382
491
5393
-3951
-8266
-7210
403
-6813
3742
8743
-2519
-7859
-9130
-873
-9030
-1958
4362
5585
-4718
-5612
9343
-7865
-5667
-5098
-5426
-3622
9570
-1212
5303
-9832
-852
-6766
-2387
1889
-6303
3232
6430
-6830
-8770
-4367
3315
3716
869
-6612
4274
-8932
7150
-4991
3574
4442
-2994
923
7184
-7224
5763
-8687
-6416
-5536
-8979
1761
-565
2819
2442
-9985
7920
-4685
1217
7591
-1021
-317
4386
-5295
3229
1476
3452
84
-7510
-2282
-6001
-5813
-2840
-2954
8757
176
5601
-9333
9626
8032
-4016
1300
5932
8815
-614
3872
-1593
-4477
7458
-8145
-3443
-227
8199
-9610
8852
6096
5324
3235
8620
-45
8502
4653
-2886
-4676
-1382
-2591
-1127
1864
3923
-619
4729
-1404
-4288
4594
4113
-7131
-945
-3041
-4954
-7262
-281
9080
-8758
-4839
-1587
-8275
-2808
-2246
-3381
7620
157
-3017
5009
-6576
-1817
-1451
8292
68
4028
851
8753
-5802
-7333
3049
8982
-7265
4354
-3709
2937
4563
-2377
1052
-8608
-906
-5931
1690
8060
7166
6931
2959
6437
1601
-3104
2796
-7982
-2961
9796
3511
-7103
-1050
-2159
7810
-2905
-3807
-8183
4745
5733
-153
-2789
-5310
5177
-5513
-6505
609
-4667
-7433
-4456
3065
-8779
1276
5565
5045
-7119
8573
5339
1121
3886
2545
-6567
-9445
-8740
5747
3516
6327
-1604
8240
7460
7290
3091
-769
4753
-6029
-4320
-9141
-1868
4192
-4678
486
-339
-9320
-2411
1093
-82
8687
1479
-2726
8132
7986
98
9135
1363
-9128
8759
-6612
7371
-306
7386
-8179
-1095
-9793
-8516
1385
1124
9691
-8979
9079
4026
8889
-7956
-3951
-5842
3070
-7845
4901
2496
5378
1776
3777
6363
1602
3643
-2736
6752
4515
-2474
-5035
-4016
9948
4187
-6497
-1384
4887
1783
8034
1568
4468
-4862
4710
1217
2377
310
4944
-3610
456
5391
-2707
-8324
2166
7706
3455
-5542
5140
-3749
5784
263
4004
-5734
1113
-2413
2195
-8125
4714
1700
1840
-4283
-9077
-6655
-9067
-9094
-6175
-7514
7103
-299
9860
-2517
-4157
6032
-4091
4983
-763
4561
-4242
-1685
-7677
2103
-2645
3316
375
5879
-7281
-3357
-2130
-4549
-2749
-2555
-7880
5885
5375
-8813
-8118
-3764
31
-1664
6624
3170
-9358
4534
-7017
8559
2777
-6711
9027
3071
-5037
6343
-3459
5609
-3095
8506
-9925
6543
7772
-5772
5699
3945
-2610
-1314
-2882
-4624
425
1580
-6717
-2831
-4368
-8469
4064
898
6406
6560
7248
-4743
706
9806
-2644
7854
655
6166
-9185
-3211
-6057
5551
-2690
9917
3336
9265
3543
1799
-4838
-5385
-9456
173
-4848
883
3460
-9714
-4939
-1641
8504
1706
-9498
-8644
-551
-7712
-7282
6514
9749
1115
8153
3803
3530
-9929
-1077
-384
1045
1145
-3253
8135
9341
-8926
2824
-7042
4404
-3048
5175
2922
9329
3606
3987
-5860
-5619
8147
5818
-2349
7200
-268
279
7739
8783
1139
-6259
6433
3085
-544
2098
-5388
-7715
9687
7297
5707
3645
5670
6408
3202
8108
-4123
4400
-297
6905
1342
9564
8852
-5003
-2085
-5772
-7664
-5563
-551
-1441
7610
347
6005
-5993
-3207
-1569
-8896
5398
9162
-5862
4950
9479
3754
-9090
-7393
571
4399
-8149
6381
-1178
-215
6210
9560
-3268
-7401
3607
7079
-8217
6162
3910
-3333
-844
9872
-5877
524
2751
-265
-8773
-139
6222
-3096
4479
-7972
-459
-4211
-3762
-2563
9101
-2868
-8847
-9703
-5115
-8647
7456
4802
8686
7788
4050
740
644
-4542
-1921
-539
2893
1223
-6497
6121
-8117
-8103
3015
5090
-5778
-4390
-1538
3959
7183
-1558
6986
1322
578
-7761
-9213
8580
4234
-8585
8178
-7659
3630
-2203
-5189
4218
5181
-453
-3697
7110
-9915
-7887
125
-1597
5171
1285
7064
-4044
9140
6709
9245
8395
-9148
2283
3581
9672
9089
5572
-7906
-2801
721
114
7726
8381
-7958
-4831
-1690
-575
529
-5259
-6909
-5069
-2653
-6892
5267
-2679
9064
-7890
1931
-1622
6273
-7832
-6537
-8018
-7786
7708
9430
5569
-4635
81
3250
-118
-3606
8503
5400
-5116
2227
-9612
3295
-5932
7546
7262
-7535
7499
-6063
415
-2161
-8739
3386
7058
9267
3960
9737
-8200
8336
-6897
3665
6608
-4820
4004
-8521
-195
-1553
7779
2430
359
-5530
6666
-2380
249
8220
7849
6721
1171
9703
199
6190
6611
2800
3316
4420
5659
3907
-4
-6845
-6703
-1370
-7929
-373
-1486
