18270
3870
-9199
-1889
9802
-4733
-5878
-7277
7333
2956
-1114
-3070
3706
-1886
8749
-6666
2747
-9490
9553
3268
-6172
-974
212
-6019
-3409
3213
1306
-367
8335
-6314
-5483
3234
-6432
-6974
5946
5202
-6001
-1422
-1431
-7980
-4969
-8240
5864
2771
-9147
3850
-7258
-3135
-3086
212
5831
6116
6743
5315
242
-6119
-515
-6578
7721
8041
-6413
-5134
-9623
-481
-923
9461
-8999
2783
5635
-9653
-8887
8722
-2948
3298
-1993
3173
2383
9328
-8886
4332
-7085
-98
7279
-4025
-9657
-9952
3002
-2525
-6763
-57
-7455
6465
7459
8386
864
-2577
-9762
-8563
-9015
876
-7609
-7942
4236
9711
-5630
1460
-1011
-2027
-3456
-4644
-1762
-6888
-9331
3170
-1194
7433
241
7845
6576
3800
-4435
977
8401
8911
-9294
-9689
5389
6836
-3469
-9134
7789
-87
98
7974
-6005
-4044
2166
-3262
8934
8836
6128
-5306
-4009
8950
-4148
-3339
-7575
-6896
-4704
-6604
189
5055
-35
-4846
-8842
-1284
-8898
-2954
-2779
8528
-3876
-1298
-4928
-452
-7961
1080
1867
1899
5770
-6714
891
-1022
-2307
-4948
9320
6733
3075
-6256
9172
4256
-4038
9036
-220
3338
-1734
1980
3200
4116
-3433
9381
-3049
1419
4969
9155
2629
9724
8316
7444
3494
7702
-8761
8314
-1317
-3826
1143
5691
-4260
9826
-2073
3538
1784
-2805
7656
4611
8801
-3033
-357
834
2430
-5978
-3962
-7576
2046
8395
-6718
-7837
-7292
-9656
-7117
4865
4021
7361
-5924
-9646
-7867
-316
1454
34
-3602
3873
-8666
-5464
7482
-9680
984
1526
4898
2212
1439
2104
1372
8977
-7830
430
2401
-5877
5010
6442
8763
-3080
-2518
4883
38
661
1462
-1379
-7579
109
-7241
-2905
9050
-8241
-9408
-3474
4384
-6993
-5337
6983
-1164
-8700
-9155
-4608
5197
-2768
7029
9593
5123
2815
-4038
500
-613
-9767
7687
-2688
4191
7798
-8984
2112
-6306
3038
2881
-4443
2902
1349
5474
-3747
-5492
-4753
-7260
724
7754
-1789
7080
-3812
4851
7880
-7879
-9596
2213
-7375
-6940
7479
2824
-9827
2113
-4675
8943
3703
4063
-3548
6753
-9651
-4403
2108
-3180
6136
-4595
2720
-3034
-7720
-1327
-4703
-4862
-421
-237
3936
1273
-8048
9000
-4702
2529
-7272
6724
-4188
1904
-9617
-7447
-1748
-557
-8052
-897
-8530
-1791
9376
-1175
8459
4725
-6024
-1573
4551
7650
9475
402
-8233
6510
-8728
-6657
-2311
-8999
-1128
-1979
-2198
-433
-4723
8348
-5431
9079
-5885
-1429
-1740
-2563
4311
3615
4753
1610
-3558
5207
447
-8360
-2962
9191
8701
9211
-1203
-3834
-7649
-6563
2793
2041
3570
9671
-2194
-3713
-1483
4543
-1973
147
-5918
7515
-6117
-6308
6268
-3940
-511
-5335
-8152
-5861
8326
-8822
5249
-1239
-2570
-6510
-5153
2821
-8971
6895
4337
-8336
4319
-2946
6188
8119
1143
-9174
-384
785
1601
3629
-7959
-1800
6109
3526
-9989
-3427
2023
-8201
-5842
-7071
-1932
-2026
5192
-1067
-5547
-2521
-9899
7142
-5652
-1770
9269
9877
-5351
-921
2517
9989
-5388
3621
-7125
6539
-7601
8343
-2724
1250
3697
-5626
-8489
922
-2382
-7515
6709
2753
7084
-7028
5186
-5847
5932
-8222
-9276
3026
-119
1285
4779
-1314
763
-7261
7126
-2769
8288
-5642
5188
6417
-701
2685
-1209
9591
-1588
3972
2102
989
5170
-148
1609
-201
-2415
-7328
2367
4194
-2319
8462
3463
4452
-9352
-2525
-1623
-9008
2242
1273
3324
-2411
2783
9664
1228
2680
-828
5922
8222
5086
-905
-6455
-2028
8771
-8741
1029
-4527
5446
-4563
-5588
6588
5073
221
6029
-2466
9092
4837
6177
-1519
6950
1978
5262
6633
-5554
-4127
1403
3832
-2127
5619
-7219
9929
5019
-7545
-7639
-1622
-1493
-7794
-4122
3318
-771
9750
-2194
-5917
3926
-1638
2839
5003
-6121
2954
339
-4889
-70
-1891
-4805
-8131
-2515
-9988
-4802
-3520
1926
-6178
3798
-106
4355
-2061
3242
1103
-5999
4245
5702
-409
5615
3762
7702
-2548
4632
-2583
2604
8054
-3633
6066
996
1261
5355
4990
-7223
-2829
943
5031
-9252
-6459
2857
7337
-8621
-4567
-1019
6052
3838
672
-9130
-5703
3367
-1312
6723
6757
-7748
-7608
-8586
-7875
-2981
7345
1887
-9657
2726
4663
-2731
5147
9975
1943
464
9678
6450
-9785
5132
8784
8814
8780
734
5320
1341
6008
2089
-5675
-3871
218
-752
6051
-8169
-4980
-9495
-5666
2465
5275
5018
-701
-6471
9686
7354
-1812
-1637
-193
1118
-5082
1457
8004
-6071
9445
3853
2954
5919
729
-7029
-1337
3923
5576
1228
-4405
-6887
-2398
6844
5060
-7027
1191
6328
8067
-5616
-1523
9633
7733
-7653
3169
-6215
-5727
1786
6022
1053
3684
3433
926
1968
-8898
-1963
-6839
-8420
-2791
-2391
7057
-7272
-447
4153
-1275
-2978
-3350
-7732
6491
-7983
-9645
-6321
1210
7777
-1307
-4742
9590
-6518
-2466
1123
5275
-6007
6934
7794
-126
-7572
-707
4610
4182
5319
4724
-1414
6248
61
-8804
7163
-8309
5277
-4141
-9916
-5589
-3942
-706
-3329
4549
-683
-929
1450
7487
7696
2675
7957
6985
-8204
7100
-4720
7088
-7110
-5053
1290
-4682
-5695
3891
-8247
2555
-160
-5188
919
12
-5900
-2621
188
-2417
1862
1276
2711
-4497
9732
5471
-4348
6932
1659
-2111
-62
-6301
-6197
-540
-6145
9164
8400
-2593
8897
-5335
2441
-9924
6116
-3378
1995
5482
-3780
-4716
8996
-7137
-859
-8057
-5592
-7360
7015
-6074
4248
-7538
-6330
62
7092
-2596
5685
-6566
-4958
-7702
2030
2036
7725
7575
-3109
-6607
-6082
-8847
4562
-8530
7355
9618
4645
5706
54
2535
6244
3938
1529
-5418
-4652
-6348
1178
2413
-9509
-9629
8232
6044
4620
-6498
-4564
-1419
-1241
-5701
2542
-4714
0
4061
-2414
-2273
8743
-5588
8634
-4341
-2450
-1066
5959
-7073
-9930
1742
1126
7460
6597
6545
-4695
-6316
7650
-747
-9448
8274
8883
7325
-4504
6929
-5007
8255
-2595
-9791
-7478
6068
2836
-5148
-9034
-718
2148
-3033
6354
-3316
3885
4069
6443
9788
1570
-5005
-2409
-7866
4297
4702
-583
3705
-984
-2359
-930
7822
4429
7229
-2150
-2675
-9079
3169
-2886
-7777
-2409
-4812
-8581
-3265
-7654
6939
781
7660
6925
8082
1572
-3071
9358
-2645
-4611
-7624
3835
4563
-1544
-4196
-1077
-8245
3388
613
-3873
-6834
-5443
-3810
-2083
-6999
3323
-5654
-6038
2771
6668
-3947
-9518
-5458
-1763
8162
1714
9402
-5473
6559
5698
-7933
-6852
-9372
7106
3590
5850
-6970
-7038
4549
-572
-8494
5439
-2259
-6088
8145
5448
-4315
-5617
-5220
494
-7340
8794
-8917
-6713
-1454
-6404
-3187
1644
8329
8005
-4275
532
3451
8655
874
-8069
-8983
-2535
-6701
-2301
3343
3214
1295
-8422
-9002
6424
-1814
-701
9408
-6579
6178
7720
-333
9420
-7335
-8460
-1061
-369
2280
-6435
2837
-972
-2509
619
-9749
703
-3350
-5576
-3725
6702
4426
-1920
-2756
3087
934
-4651
2936
9185
8492
7908
4902
2299
-8589
3170
6526
-4311
-4667
4297
-1405
-9452
-9099
4335
-2353
7295
3564
789
-16
4939
5240
198
9876
-3685
-739
4083
7899
-5448
821
-2490
-3273
4969
-9647
-1864
75
-5827
3897
-2727
1489
2920
6065
8358
-9381
2526
-2073
7526
3141
-909
934
-7666
-8418
1617
-1024
5646
-5106
-933
-4320
9602
541
6748
2417
1402
-4816
-3482
-6984
-4606
5795
-854
5555
-1913
6108
1555
-9772
-5597
9318
-3625
1360
-9341
-9852
-5816
-1978
-6811
6055
-3091
7838
973
8298
140
2144
-6119
7976
9621
1349
-6150
-1802
7923
5573
5823
-3904
4237
4208
2732
8926
4360
1046
6887
8953
184
-8661
4172
4593
-4407
-9286
-2536
1263
-2875
-8458
-6328
6002
1590
-5903
-3854
-421
-4482
4213
-3006
-2526
2919
9971
2919
8158
2251
-3061
2784
-525
-3788
-8668
-2871
-9400
-5739
-261
-7823
7731
-9846
6661
3783
6142
5591
-8247
8159
-1331
3792
-6269
5523
2548
-5211
-9865
-4780
9945
9331
-265
8970
-7307
-2610
809
6092
8141
-297
6999
-9229
-2774
-4166
-7410
-650
9452
-5834
-8863
-2243
3119
-1463
4482
5240
-8467
-7598
2703
-4763
-3271
8129
7214
412
-8495
-9366
-7155
-8893
9926
3985
7810
5551
-290
3399
-1487
3785
492
-1621
-4586
624
-4345
9810
1900
-5832
-5124
992
-7040
-4934
-6130
-6919
2562
4310
9537
5924
1722
4897
6626
5581
3395
-9947
-8351
-474
45
-6689
5251
-568
7580
-5705
1417
-4455
8403
2178
-1779
3798
2154
6007
4860
5868
-8623
-9161
8716
-8620
4350
-8380
-646
-3308
6319
8165
5642
-1057
6383
3981
8893
1769
-429
6348
9790
-1993
3064
-3320
6456
-5473
-5959
4094
9810
2799
-519
709
2715
-6927
8423
9362
-339
-7967
-7130
7832
9632
2850
2000
-3942
1633
-6679
-8850
-7945
-8625
-401
2011
-8634
-9103
749
-2966
7892
7473
9355
-5803
-1301
-7842
-7328
9000
7597
-7440
-9707
-3338
-3323
-5131
9281
9245
-4724
-5417
-2767
-836
-9499
8402
8229
-6773
5573
-3358
6997
-7929
8693
7543
2444
-1651
8953
3491
-6503
-3252
1137
4730
53
4576
5513
-9532
7192
8353
-6442
4627
6913
8403
6099
5653
-3571
3469
-7783
3865
5939
8255
-1308
-9044
-2216
-7211
7200
-623
9862
-9329
2515
4688
-322
-1300
-1934
9040
3491
-3139
-2138
-4614
-2972
2158
-1175
1037
1301
4448
-3476
2389
-5050
8769
7957
-9744
6302
-5117
5015
-2463
4017
1305
-1770
4589
-7349
2077
3305
9895
-269
-3348
-136
749
9732
8
-5341
6271
-2165
-7908
-2966
-5466
-8457
-8489
5143
-6485
9221
-2629
4093
-5671
-4040
-5469
-4488
5423
-8564
-5573
-1832
-4620
6167
6046
7983
2910
-824
-3717
-6297
-1962
3846
204
-5382
4745
-6662
-7730
2552
-5012
-7275
6773
8152
9799
7018
-6509
8989
-5458
-9987
-4416
5648
9296
-3055
-3779
-1107
-8234
-6789
2236
4478
3072
-6310
-2972
3328
1495
6480
2736
-935
3655
-3254
979
-4583
1193
-4819
8588
-8026
-1136
-8203
8619
-7444
-2852
-158
1342
-4895
2263
-9839
1843
-1930
2732
-6315
-789
-360
3024
-8072
-2955
-8318
6515
3770
-2423
5541
-2134
-2204
4956
-9047
-6827
7493
7070
1292
4401
-8279
8200
4715
-9265
2051
8202
5937
4172
6194
1928
565
-3930
911
-6970
-2459
-676
9076
132
-5028
4846
-1965
-8647
-5124
1274
-6428
-8666
2798
-830
6568
-2566
5325
3049
-1504
-4226
-7608
-7549
3536
-6986
8801
-2915
1149
-7710
6540
2669
-8307
9033
-6896
742
-5774
9943
9772
6326
7576
-9585
-7332
-8592
5898
-6010
1199
-6488
-3474
-8677
-50
-6208
-6283
-6525
9542
-7098
-9932
-8242
-5144
-6221
9647
2360
-4132
3711
8804
-9669
3024
-4717
-5167
7035
-6612
-4981
-5114
-3394
2527
-6027
-9610
5480
1813
7317
-5215
-3644
-1381
-9980
-8242
8484
1841
-7428
-5537
864
6685
-5795
-3809
-9123
-6970
4842
-6043
2410
-9449
7286
1878
-2491
-2689
775
-8717
9494
3532
-9554
-1115
8134
-5331
-5784
4999
-7073
-1623
-6007
-938
7957
2554
3516
2714
9216
9801
-4743
-6547
2394
-5807
4924
2197
3801
-5732
7121
6058
-4257
-470
-5121
8745
2583
9914
1194
-1766
-495
8439
7099
9670
3091
4845
-1546
-7292
5933
9014
7293
805
1720
-4803
-1476
9690
-7811
8182
-5346
-787
-137
2291
-7079
7068
-480
8387
-6699
-2521
4982
5399
-1813
-9443
-4899
-1289
6866
-9120
3867
4336
2529
8243
-1872
2485
-7852
-5879
-325
6749
8753
-7302
1485
6905
1663
-4016
-6738
-3657
7026
2889
-8806
9458
7027
8821
-6916
-1009
-6670
-7323
-1914
5477
-1227
6535
6150
5002
-3656
567
-8245
8486
-7522
8975
-5076
860
9813
5863
-679
3894
-1373
1841
8588
-2032
-328
-1071
-1743
-5451
4663
-1866
-6863
-6193
5987
-6625
-6574
5521
1619
-3888
-2351
4933
-1291
997
819
4751
2687
-5524
3744
2530
2033
-4115
5793
-8892
-7182
-4970
7486
8024
1523
1953
-2743
-6215
-3025
-7345
7158
-9651
-3834
-407
-7056
-1835
2823
-1926
7808
-3679
-7492
2461
5676
-6429
6558
-8765
9548
5064
-6266
-8636
-2093
-4124
2737
-4194
-3247
5659
-1603
-9530
6213
8413
-5442
-1611
9629
-3301
-5077
-6598
-1849
-4622
6248
3806
7994
-9127
-4491
-8213
-6770
-9422
2631
8964
-7800
3366
-7209
5332
8512
4869
9282
-9278
-2943
-3660
2310
1495
7616
-8944
-2115
2185
5634
6217
997
2648
821
-4524
-6119
-6283
-5092
-228
-8656
4902
8471
-6591
6206
-8383
918
-7513
6920
-7391
9745
-9797
7128
2504
7109
8718
-9947
-2684
-3631
1063
3736
-6275
7719
2917
6472
-8088
6156
2038
5360
-8386
-6639
-3447
-8574
-9518
5459
847
4457
496
2797
-2997
5224
-3065
-6852
7761
-7349
7219
-4276
-4828
6432
3616
5438
-4112
-1383
-4425
-371
8376
4794
1587
8140
9086
6127
-3397
3442
387
-7352
-6627
7858
-2865
9063
-5653
-6374
4373
-6929
-1604
746
2778
-7076
-3506
5554
4891
-8368
-7666
2985
2827
881
9828
8398
-3110
3674
-6272
-2201
-1442
-4225
2058
-9477
2373
6586
6337
-1560
-414
9021
3771
-5379
1373
6118
8262
6436
759
8056
-5265
-9919
4958
-1318
-119
-7043
5344
-8699
4102
322
-8589
-2918
1787
8216
1278
3597
4558
8324
-1992
-3900
544
-4452
-5449
-7359
9986
-8329
-1867
5325
2018
-5910
633
-5901
-4474
6626
-1405
-9919
4588
-1051
-9056
-7101
-9640
5621
7871
3468
-7524
9029
-2328
-8003
-9193
-7140
-1306
5551
167
4061
8757
785
-6728
-9391
8875
-1933
-325
-4498
3842
7634
2903
-3024
-1802
-3606
-8582
-7894
-7616
6434
-9307
9815
-4224
1913
-1243
7236
8582
-2103
-4668
-3489
-9960
-7598
-9454
-1730
5208
5319
-2270
2486
7044
-6154
3928
2181
9427
549
-7647
-2432
3955
-4689
5235
-7551
1090
-8160
-5006
-5222
5333
1775
1062
3476
988
2850
5752
4444
-5555
-3302
-3294
9993
2419
221
9477
4024
-3894
601
9648
-9766
7009
-5387
-6786
6982
-3484
-5174
-3048
6449
4280
9765
-6542
-7609
-637
-2848
-4496
9567
-1462
8482
-3921
-664
-1177
-7678
9415
3892
-181
-336
9230
5147
-3633
-3054
-3230
-6252
231
-4418
-5825
-8472
-1173
6547
-2231
7163
-193
3764
-7368
-5301
4889
-9817
-3491
-3285
-4712
3552
3795
7700
9994
72
9947
8321
-227
-1128
1707
-3682
9623
-7502
-8029
-5942
-3662
-5038
-3009
-6056
-5584
7091
4224
9172
-6624
-4471
-5568
-864
2861
-3744
-7902
6603
-2549
-291
4878
-8098
-727
-4581
4098
-8320
-8700
-6632
9717
4636
8574
-87
-4262
1568
-2412
2330
1056
-5053
6191
-5273
-376
-8424
-9199
5604
7420
1265
-3207
-1174
1766
4398
-2851
-6418
-4647
4697
-7185
-2160
-2533
5743
-1717
4445
1266
-8059
-3872
5190
482
4503
5750
-3750
2505
1014
-2337
-69
-3700
-5949
9921
5167
1769
-8702
3087
8144
2826
-2647
-248
-8486
-8690
-9430
-7712
-6567
-4806
6515
5132
-8663
-9589
5186
1381
6881
-8201
9852
-7440
-1766
95
-9274
570
-310
-5377
-2219
8500
-5735
-27
8090
-4748
234
-3342
-6424
4112
-8217
-873
9718
9204
-9837
9397
-4764
-2313
-6211
-4059
-3922
3827
-9861
-8202
4474
-8691
306
6017
-2473
-7396
1407
-6453
220
8483
8582
9986
-4542
-9773
8814
-4971
9687
-9006
973
-6288
8042
4621
5085
4482
6223
610
6997
864
1810
-6572
594
-5133
-1265
-2101
7353
9968
-4625
1166
715
7548
-5548
8317
2635
-84
-5942
9248
1366
735
-1353
2002
-17
-7612
6096
7143
7800
9087
8574
7135
1001
-3463
1740
-2789
2807
5971
7904
-5416
-7383
7651
-2400
4446
-5549
9522
-9672
6126
3516
-6221
5664
336
-1861
-8330
-6982
-3384
-3891
7593
9978
-7594
-4877
-8433
3176
-397
-6138
8504
-4841
-2550
-2567
-935
-2446
-9837
-1141
-1653
-3525
-3257
7467
5272
7477
4303
-7854
3588
122
-9397
5695
8825
-6434
-5810
-4471
-3731
-9672
-2489
3050
-6468
-1907
4707
-7454
5892
-3673
-6475
-6548
-3032
4173
-1311
-1782
-1669
9414
3642
9340
-9015
1912
-1884
-2753
6830
-4814
7986
3877
-6672
1482
-8013
-7984
-331
9901
970
-9024
6850
199
5000
-5252
9399
188
658
7818
8972
319
1104
6967
-4862
-9976
7909
4767
-4454
-3052
2304
1726
-7486
3847
9918
-2840
-2694
-2682
-8475
3427
2482
7825
8896
8918
1410
-6141
7208
-1993
7423
-5391
5953
9906
-9329
8026
8078
-3382
3150
-8928
-1511
-8480
8236
8214
293
3432
9050
9049
-4961
-4988
6832
-6478
-8247
3525
6416
-7110
-1819
5121
-7047
-1393
9347
-2808
-8486
1408
308
-8979
-9007
1483
4444
-703
-1749
2785
-3891
-8193
-5815
-859
8769
-2988
-2041
-8946
7186
-6659
-7487
4748
9944
-9148
2832
-1343
-937
8661
7446
1741
467
3962
-2671
789
7448
-3903
-9056
5348
-2201
1869
3575
-5802
2725
-1667
8156
3209
1254
-3424
-9232
-885
7313
-7616
-8576
-4460
125
6438
-4050
-920
9013
4928
-9242
2104
8342
-6819
5767
1907
-7362
-720
557
-8293
5717
-8898
897
2407
6552
-3093
6817
-7532
6121
-238
-3453
7187
3642
9830
6628
3841
7991
-3888
4904
9772
9406
4376
1155
-3635
8803
7532
7216
9664
86
453
-7628
-7122
825
895
-433
7228
-3198
2639
-9773
-3238
-6702
6873
-8184
-8152
-8209
5601
8072
-6453
-9583
-6481
-5830
1881
-2178
157
206
-1875
-1834
7624
-6507
-5300
4085
5191
-8673
9249
-8239
8923
1295
3157
-8431
9808
-5452
4846
-3127
5468
-2695
1735
7236
-2243
-7819
-5145
-5979
-3159
-6275
-6551
-3767
9085
4431
-3969
4712
-9600
5837
-7322
9600
-5204
6036
6408
8459
7365
-3872
-2274
7685
7373
5030
4385
9826
6304
6367
277
-9889
-8057
2941
-8435
9819
8426
8736
7682
-5248
1493
2031
-7450
-2229
-151
5468
5138
4089
-9079
381
1144
1127
-6044
4961
-7389
-8343
-4337
-4223
8590
6060
-8653
1419
4430
535
-8895
-5235
-6824
-717
6653
-3917
7542
-4450
8925
-5433
9743
-1055
-8358
-5663
-4433
-9247
8800
-5055
6062
-7208
-1819
-145
-8948
-9766
-1689
-1957
-3502
1012
9609
198
-2096
-3654
6366
-6033
3676
-7302
-8282
7686
-9623
2533
-8206
-10000
125
-3876
992
4920
-2063
-1471
-1679
5136
-8758
9347
268
-6936
3456
-5608
-7897
8723
4702
9643
-975
-6541
5922
-441
-6333
266
-6399
-2451
-307
-866
2746
2480
4739
8882
-6349
7620
5519
3134
656
8843
3047
3406
8791
-7357
1891
-3496
3073
3014
-5668
2254
9071
-5521
-7801
2236
8359
9668
-515
-7866
6553
-8122
944
-3872
-2274
-6134
-3056
5608
5406
-2776
-4434
2763
8959
53
8999
-2731
-9432
3274
-9534
2553
5845
3013
-1364
-4064
-7602
6199
-8594
3049
6229
-1258
5338
952
7302
5606
-658
4630
6447
-1179
913
-6947
4824
8584
-6225
4646
-315
-4157
-6187
9407
-5732
4926
8362
-2542
-1209
-7315
-1813
4464
6871
2241
-3357
-4095
-7980
6659
4689
5494
7892
-7103
6571
-2276
1970
3076
-4714
-7720
-7100
-1684
9662
7713
-5811
-1067
-4943
-8120
572
-3904
5913
-7420
-244
-1588
-5975
2382
6607
-8457
5726
-4078
-9420
9956
-5354
2890
-8413
7431
7681
2243
-791
-7680
5276
-9972
-6661
-1266
4620
-7031
5305
-5208
758
-9278
8836
7848
-1721
-7741
-5854
9917
-3307
7404
2274
8735
4729
2473
731
3258
9998
-1774
-1476
-5732
-536
8049
-29
2435
-4823
-9215
-856
-3974
9285
-1719
2636
3129
150
-3776
6463
164
5643
9725
3445
6613
6953
-1241
-347
-2660
-2553
7056
-8316
-1947
-6893
4782
-8058
-9941
4905
-9772
5145
-681
-3264
286
9905
3992
-3210
4031
6948
8493
-6947
9428
8558
8528
212
1398
-4295
1674
6329
-2769
-7572
5891
-5713
2465
1906
-8647
492
-328
5398
-1452
-3348
-579
106
6055
1867
1041
3849
651
-8456
-6277
-4379
-4113
9918
-3725
-3180
-7774
-3617
7139
-8811
-4335
9092
-6879
-6836
-1333
-9238
-9069
-1347
-1233
8459
-199
-5618
-3820
-2413
9594
5702
5204
7628
-9350
-4426
-1626
7222
5228
-7314
7665
5777
4949
-5961
-9572
1022
8421
-9165
-3217
-1625
4085
-4292
8639
-8021
-8886
-904
658
9800
2093
-1270
-7314
-2719
1556
-4638
8076
-3822
-4862
6249
7941
1329
7402
-3854
6207
8546
4146
-9580
9245
-8998
115
2764
4655
3940
-6125
9191
7668
540
6310
9446
-3294
8285
5127
-2131
-5015
9193
-7663
7372
911
-1829
4958
9406
-8820
-9742
-4796
5959
-9049
-8473
-2943
-5765
2578
-3746
8874
-8477
6226
623
9350
-7265
-8403
-3855
9629
-7417
7568
5780
-1812
-1878
-9538
-8847
-1044
7937
-4623
1317
-6830
4421
9987
-5380
-8470
-8791
-6871
1882
-4380
2277
-292
7163
-4533
9339
-6979
-2979
3300
3684
1315
-4292
-8928
2741
-2049
6999
-9174
5461
3542
1713
-4527
9801
3673
-7633
-8309
-3349
-9022
7735
-3247
-8750
1223
-6170
8767
9281
-9467
-5444
-175
5336
-8240
-1039
-6091
-5120
-9977
3618
9983
-1413
-8271
6954
2244
5478
9131
7465
-359
4941
1000
9150
6670
8308
-5382
-2565
-7014
4796
5109
-7561
-7247
6954
-7613
-1495
-5990
-5542
-5735
1350
-2962
-4189
5583
5520
-5732
-6687
306
-2529
941
5621
5262
7221
-8530
-6488
6982
4225
4779
1436
-1226
9560
-2674
-7648
3076
-4100
661
4003
-8340
1422
-5474
7088
-8962
-4490
-8188
-4921
-5964
1836
3593
-1690
-1162
-4743
-232
5877
-6012
-536
-2882
-9221
-6510
-4284
-9842
-7433
-9956
7932
9043
3037
-9942
5919
7922
-4468
5063
-8875
3903
1420
-5169
5903
-5614
8163
4496
-4253
-4612
5104
5407
-9528
2454
-2175
-296
2037
3100
4492
6189
9087
4273
9642
-7313
9301
1235
-2711
-1615
3425
8966
-7176
-9661
1623
-6500
-5475
5535
5984
7587
-5644
-1330
5747
-6845
2158
-3001
-2283
5734
3194
971
-3430
9764
-4822
5044
8239
1411
-5082
2700
-3323
1636
9291
-9585
-2733
-5626
-4262
-1190
-7523
-9511
-2978
5811
5298
-4662
-7517
-6914
-4200
6266
-7857
3159
-6777
8353
7325
-9035
3003
-9872
-2940
3773
-2013
-8321
-441
-4496
-1532
-1246
7009
9918
7204
-7554
-1884
-7705
-3067
5349
-7055
2224
2443
-6962
7746
5967
-474
3619
-9710
6861
4376
6709
-2888
-9195
3124
-7345
6410
-926
-8230
-3144
2927
1849
1002
4238
-295
1405
-4618
9539
-9055
-2821
-161
-4280
-7906
8312
-6365
5016
8955
-7258
9225
9160
911
-3110
-9263
4064
596
-4872
-5098
-9102
4561
2020
2015
4991
-9711
-8117
4420
-8507
-1199
-9938
-9530
-9069
-6684
7902
-9241
4832
9791
-2528
9739
-9403
-9302
-5519
-7151
6974
-1650
9929
9402
3539
2640
-8688
1342
-7623
-5972
8533
7780
-3538
3320
-6415
-9373
-9656
8980
-2795
-3376
6823
-832
440
4347
-5379
3744
5099
9916
-2683
-743
-1758
-2669
-1025
-7653
-2894
5692
-3933
124
-6330
-6853
-4730
-4149
-8143
5834
-774
-8573
-2186
5177
5751
-7231
2677
-9654
3818
-5320
-3919
5002
-7744
-3253
49
3892
-3329
6926
-7897
-9502
5799
-4619
-8110
-226
3399
-749
-9070
-4031
-6761
-3103
3289
-6011
-1570
-7240
-2465
5404
-8607
-1080
7598
7656
4887
-6756
-6919
4122
4402
-2690
6661
-1388
-5749
-3969
5838
6790
6147
-2607
-2163
1763
-7055
1095
8314
9921
-9852
-1711
1249
-734
4963
-8716
461
-276
-437
-9356
8403
-2097
-5058
3559
6728
7279
5835
9815
-3415
-2733
4218
7799
-458
3253
-4444
6208
-9405
8882
5847
4641
4185
2537
-8366
3270
742
8427
-3774
1124
-7976
4877
5187
1630
6036
-7043
-4966
6343
3578
-6114
9350
-3245
768
8370
4341
-7517
1218
-8959
37
-4102
2069
9927
8172
-9543
-2338
3446
-7419
2154
2525
5540
-1010
1574
7716
6004
9510
-5999
1103
1598
-8572
6221
2225
5404
-5306
-1842
7520
-2045
-520
2351
-9826
324
5030
-100
2423
4673
-2655
-4872
-9352
4464
-4484
5515
-2294
-7537
1317
6586
-7820
-3455
5962
-3489
5734
9106
-2068
-6775
9439
-6205
6580
2436
-6497
1822
-4892
-8744
2005
-7957
-8545
-8266
7125
-5714
9627
-6718
-7005
-4381
-9114
4620
-1733
6223
9134
3340
4796
652
9014
1521
5917
-7203
-9379
-2986
685
-2251
9952
1719
-4129
9859
1076
7521
-9184
131
3487
-4843
426
-7587
2785
-3208
-8618
8193
-4337
-6433
3589
-5569
7587
-9954
-140
-9007
-8560
2024
1687
-6431
-2037
6188
6498
-4266
3622
-4105
-5346
-1618
-3560
-3489
-9756
-4343
1751
86
-6834
-517
-3067
5912
1399
-508
7842
-4898
-1075
9727
9463
-8032
6292
9805
-4228
-7658
7464
-6666
-4421
-8480
4292
-1959
4612
-8740
-4800
405
771
-7167
-1686
-6755
3127
-6529
5374
-4259
7778
-5793
-102
-2019
-8995
-9564
44
8272
-7445
-4852
5766
6554
695
9534
7641
5500
7069
6134
7403
9246
-4029
5460
6807
3611
-3143
-2612
6305
6030
4723
-2779
-1294
6314
-7229
-5180
4202
9152
2642
-1929
-6221
-6713
-6998
6383
-2273
4081
-3516
4776
-4120
960
4403
7873
-9436
-2333
2920
8698
-376
3191
-8916
6730
7464
-2064
2596
5097
-4893
-7002
-5978
4887
8544
-1677
6872
5888
5674
-7879
-2463
5426
-7563
-6030
2227
3471
5043
1045
8621
9701
-9448
4607
5561
-2662
9369
-1495
4750
-1388
-4009
5426
-7558
9908
3502
5245
-8130
9150
4029
1391
3284
-1993
8358
6699
4558
8541
2079
2151
5535
790
-2412
3440
-4033
2772
-2053
-2060
-2170
4888
5703
-2015
-2583
-7809
5146
4993
5871
9241
7591
3570
-2152
-6690
3216
-995
-2792
-142
7588
-2893
-5648
6934
8120
8154
-2038
-4387
6043
-6968
2740
6396
-5971
-6204
3108
4825
-276
5763
3896
3849
2657
2556
9206
1016
2358
1692
-7028
5482
-3630
1856
-4784
3829
-7308
7962
-3768
-8937
-9835
-947
3752
4813
4965
-9004
32
4346
-2279
4585
-6638
-6634
-4707
8642
-1264
3315
3876
-5204
-8792
-2045
2596
9293
-4557
-2358
7114
9270
4311
313
-2399
768
-9754
8823
4541
-9724
3411
-6918
-6031
-7736
-8084
-326
9229
-9535
-6612
-1893
4048
-771
-7908
9222
-6605
-1541
-4119
-1236
-8847
8962
-9793
-2952
1282
4279
-6802
-9597
-4669
-9822
4978
7727
-3433
-8094
-7273
6737
-2122
-5296
-7214
6247
2292
5250
-8907
-4967
-2319
-2886
2962
3819
-9934
-3791
-5872
-428
-5914
-7195
-5460
-7126
-3500
4644
-5424
-6721
-9310
6576
9409
3359
-5225
854
6797
7898
9447
-7966
-3126
3158
-4684
2589
9234
-1421
243
5117
5234
4912
3696
-4272
6633
4657
3569
3218
-2230
330
-3942
-248
-9183
-4845
4327
-6576
-6027
58
-7975
5410
8385
-1388
7210
590
-3328
1942
9083
7868
-8845
-7590
-3850
3881
9461
-4325
5472
3866
-3091
2886
-5222
5940
-163
1294
2993
2921
3505
-6973
9957
-4919
1343
-3139
9122
-603
-9410
120
2914
9979
9029
9691
-5662
-458
-4357
9517
1284
7347
-5945
2688
-4004
2414
5583
7336
-2877
8638
181
-9320
-9001
4131
8993
4471
9139
8131
868
-1153
8757
8243
-2179
-5563
3839
-2381
-7405
9976
7286
8617
-7073
-9131
8920
8721
-2191
4311
-4768
8649
4111
-1184
3713
7056
9197
-7542
-8985
-4081
-5898
-8188
9254
-6228
-6930
6328
-412
-4016
3632
1626
9312
-9944
-1098
5305
6836
-5334
-9051
-7994
-6821
642
7760
-8142
-8287
1653
8055
1912
8819
5106
8844
4151
-5599
5312
-8980
6273
-2377
-2462
-4321
-2689
1627
-9090
-7353
7873
228
-1324
7553
6344
-4364
9900
2125
-6953
-8429
1966
1811
2672
2158
8976
5565
-5287
5289
-1661
-8260
-1215
-9221
959
-1912
1889
1111
5161
-5968
7777
-3710
-315
-2483
2240
-2789
1637
2202
5312
9690
-8613
7593
-911
9076
7102
-3008
-2448
6469
-8359
-4716
-6860
9369
-8701
-1152
-4865
8514
-9156
3075
1520
-8655
-4300
-3634
-7723
-5379
8499
-9906
4487
-129
4647
3413
6749
8733
-3533
-1298
937
5708
-9999
616
-8075
-8910
2772
-9783
3560
-8144
-7655
6068
1597
-1848
-7961
-5752
-4866
-1645
9324
-1244
-7914
1290
7325
-7864
4517
-2896
-9679
-7667
-8883
5969
-204
-6384
-9721
3466
4335
-8950
-2926
-8551
1944
-9230
482
6501
9395
-936
-9483
-8332
7979
-6004
3742
-7505
4267
-6495
8051
-2299
2642
-9774
-418
-7063
-9304
-1333
-290
-7415
-412
7381
-5909
-2467
-8884
8507
3286
4301
10
-1291
-3603
2848
-806
3831
2012
3593
5183
-5814
-6251
-28
3842
-1273
7534
-7559
-1071
-8770
-1290
-9630
-2685
6631
9651
8251
-3573
5878
8008
-4126
396
-800
-3590
-4061
-4255
-8118
-3458
1660
9917
-4001
-7186
8919
-3516
-1775
477
3861
-2512
-2684
-747
6184
-170
-1838
7382
1570
-8753
7719
6293
-6650
-9758
20
-5692
-8743
-5874
-2308
-8226
-2496
6148
-2997
-5081
-6072
6094
9054
-6186
-4460
-1329
-9914
394
-1654
6077
9474
-1206
-2224
-3637
-8918
239
-331
9995
2406
3092
-8241
-1951
7381
-1487
-3025
-5756
849
-6531
-7528
-9116
-7982
1229
-4191
7923
-6409
-6146
5781
-2698
560
-7001
-8501
-2646
9077
4113
-2203
2701
-1721
-2870
3635
2571
-2158
1330
3496
4873
9937
-6585
4611
-235
1835
-4066
1524
-2498
-6231
5043
9358
-2764
-5844
5271
-9322
-1390
-8656
961
-6320
3361
5285
-3072
2567
-4347
6034
7656
1035
-9151
-4939
-3025
-3258
908
-1144
3140
-5345
1033
7765
-3985
9048
258
9193
8975
1000
-3302
9296
6615
-3226
9515
-4009
6733
-4400
-2002
3068
9580
7870
-9471
2369
7536
3278
6695
2934
3867
-2361
2334
-5202
-7426
6340
1083
1512
5438
-7418
1438
-950
941
8370
4436
3473
-4702
138
3655
3876
1542
9503
-7883
-2989
-8077
-5970
1948
-6253
838
3387
-9685
8227
-9753
-3070
6931
8672
6940
-2053
-2958
2481
6196
-5953
-8896
-3332
-4854
-1609
-8181
-2013
3942
8553
-6188
-1901
-6420
2089
6710
4972
6559
6049
3071
9886
-5298
6770
8183
-74
-4798
1146
-3447
-1698
3162
-5890
-488
-491
-2596
5803
-7875
-7590
-7738
-9617
6075
7829
-8652
-7850
-1119
-2462
8650
6013
8659
3434
5398
-9136
4348
-6235
-5517
-8626
-2820
-6906
4145
-5936
1640
-7380
-157
-6295
-2917
7437
2606
-8748
196
6604
-2401
-2501
2374
9940
-60
-7268
-953
-5628
-5310
7746
1314
8895
6075
-6104
-6520
-1868
8901
6615
753
-3193
1320
7478
-1489
-7586
5688
-9841
-744
8053
6192
138
8808
464
-5685
-1837
562
38
5366
7608
2450
-9548
-4129
-811
3178
2083
2660
286
328
-7470
3357
-9816
-8843
-923
-3032
-5851
-1318
-4908
-8502
-456
1301
-3085
3168
-6340
1884
6909
-9781
-962
-8156
-2668
-6171
9262
-2842
-9373
-9324
-4990
-1027
-3625
3548
-7905
1191
-8822
5979
-463
-3244
1149
7728
9487
-846
7085
4531
-6798
6475
6782
-7997
8467
-1539
9922
407
6543
1367
6392
8433
-7734
-3192
9971
-1547
3686
-2747
5167
-9958
276
-5575
1193
-5494
3030
-6342
-6436
-2862
1586
8219
7627
-4361
5440
540
6522
2272
5814
-7645
8751
-5739
-5880
4450
43
678
5648
-5253
-538
-3326
6538
-8797
-8006
-5649
-3950
6125
5216
491
2392
-5984
-9358
-4613
-2640
1324
4400
-8859
9779
6712
6097
547
-6243
-2533
-8483
5034
-926
576
7556
-9257
-6270
691
7376
-601
8521
-1260
3792
7570
-5012
-6398
-6337
-8413
6246
-2509
6728
7124
-3343
1491
2377
-7121
-2023
6084
-8814
3292
8272
-2090
1987
-9380
597
5366
6616
-8551
8117
3469
-2957
-6304
7176
1699
4070
539
9040
6868
9471
-2110
1983
6335
-2894
-2331
-103
5362
7312
-9032
5901
6946
-9454
8322
9733
4450
-2309
-2410
1458
-3837
9208
-556
1566
5762
5049
5499
6091
8912
8801
6708
-1079
-4763
2567
736
-5072
9176
-3404
3751
-6899
-8942
5646
-895
-7470
7615
-5031
5487
-669
-3610
-2336
9022
-8621
6701
-8377
6982
-9274
8813
8846
-2240
-3653
9421
-5467
990
1852
-1564
-3549
3209
-7049
5569
2326
-3557
3300
8174
-7730
-8861
819
8057
-3391
-3121
9147
9801
4482
8546
4825
-8797
-2193
-9391
-997
-1957
7592
8255
-8639
-5579
-2869
-3590
6744
-9017
5490
6445
39
1141
3484
4760
-4646
1936
-1396
7759
-157
-3327
4078
7167
-2879
1724
2709
-5148
-271
-3387
4076
8309
2394
-6516
5447
-5268
6274
8556
-4671
-1358
5954
-3656
6862
9314
1431
-1326
-7838
-3196
-8519
-1195
2208
-8620
872
5536
461
7706
-6209
-527
-6910
-5820
-5506
-1398
-5142
691
-142
9828
-3849
-7547
2271
-6468
-3430
-5494
2090
6985
7939
-2632
-7517
9867
-8065
7950
2286
5508
2810
-3455
-8542
-5200
-6767
-444
1759
-2242
5281
5358
-3845
6026
-2976
2412
9638
-499
1723
7465
-434
-4447
7783
-8692
-7339
6545
-9145
-8562
-5129
9320
-2882
7400
-5545
-9069
9989
-3301
4912
9421
-7603
9223
8291
6318
4066
-8132
3643
2731
-3568
-3390
4317
5881
-1764
-3315
969
2135
-1908
7939
3480
-7857
7171
7696
6507
3260
2669
-6727
-629
-6274
-583
-9649
-2876
-2869
-4117
-9485
2727
618
4198
-6046
-8615
-2977
870
-5057
-9392
4043
9996
1235
7984
-1123
-6324
-6645
-4589
7900
-2437
4581
-6401
-5318
-9139
-7382
7499
3857
-1883
3360
3300
-1936
-4574
3714
1921
5028
8643
-265
4825
-4574
-3622
1227
-2766
-3647
1398
4423
8399
383
-7313
-267
-4026
8373
9143
6967
-735
9364
-4400
2885
5604
7779
-5190
-9777
8086
-3391
1371
-2080
-2370
2703
-5791
-3790
-2622
1791
-6030
399
-9162
5092
5999
-429
8319
7646
-1439
1881
-376
4256
9080
-8745
-8165
-7212
8147
7368
6321
-8584
1051
-6320
8097
-8127
5901
7708
9581
202
6817
-1650
4766
-7353
2468
-579
-8518
3555
-337
6346
7752
-3301
3791
6896
-8215
9317
-8767
-5352
-5602
-484
-4430
-8027
9755
-5422
-9061
-8293
-1489
9196
-707
-13
-9058
2078
-726
5953
-4262
9278
-2177
-2254
-7267
-6716
-8358
-5851
450
1520
636
-1224
3630
-8008
-1407
-7754
5142
657
1624
3112
-2478
9118
5362
8405
8952
7233
145
3920
-2105
-8717
-4040
8978
-6058
3626
6262
-4074
-4923
8055
4299
2747
-8797
-3650
-1380
-1970
-8579
5227
-3867
2726
4235
4801
3921
8055
-7143
-9032
607
7000
2769
9794
-6198
-8719
6179
-9769
2023
684
-2875
2145
9780
-8973
3977
5633
-6768
-172
-4217
2959
-7836
9097
-3936
-1609
2798
3082
8244
-2184
-1829
5327
-5962
-6662
4220
-5303
2746
-6487
2035
-2121
-2218
3376
6352
-2839
637
-5289
-2156
-5763
-4895
-4879
2244
8754
9371
3599
-6979
6068
1780
7181
-3440
-6517
-240
-9423
7537
6120
-9022
4381
-1744
8545
4378
3905
9129
455
3163
1788
-3196
-5203
2326
-112
6101
9462
9109
2127
-4826
-9845
-4491
-2124
8729
-2731
-9701
-1010
-3916
2308
3401
-2342
6195
-9678
3802
9390
6934
6782
1030
-6871
5437
992
-3151
9234
1918
1120
8394
800
-7562
-8537
-9186
-552
8788
8190
7223
2996
-9453
8757
-839
-4521
-8831
-6372
8444
-2912
1724
-6017
8321
-6981
5946
-7481
-1271
-9653
-1231
-2858
-2466
7459
-1571
7463
-7138
2155
-698
-9618
-2469
7598
-1277
-9055
9707
6235
8671
-8174
-8190
4980
4889
8711
9910
-28
-2879
8418
7237
-4385
6315
826
-6847
-7001
-9843
-2944
5499
4160
-7645
-1207
-4480
595
-708
-3480
-8359
-7128
-3509
-8678
-2625
-668
-5357
-9218
3880
8390
5106
7147
6068
-9715
2764
1231
-5718
-5792
-7291
9998
-2965
-9131
-5952
-4895
-3830
-5280
-4871
8392
-3558
2319
-7065
7909
-129
8426
1881
6887
8140
-8040
6892
905
7903
1972
-3237
1134
-8192
-5631
1169
-1673
-8861
2731
-5140
2975
-7929
-128
-3884
1992
-5253
-7257
-3625
-1530
3082
-1054
-3022
3627
-8429
5194
3849
6146
-7003
-2292
-7536
-5700
5351
6251
-2400
6989
5466
-4231
-2684
-8267
8342
-9087
5164
6020
-7602
-6455
-3692
739
3245
6201
737
7234
-1761
-4000
-9175
-4661
985
-7716
3254
4443
-4764
-4301
-8874
-9443
-2067
-8205
-9273
1076
1616
-2410
4752
8137
8578
2078
5426
-1372
-3050
6832
4622
-3021
-2543
-543
7719
-5443
-9682
-1828
1747
-6421
-2790
4404
1456
3681
3169
3805
4543
-103
-9877
-2874
-3046
-2248
-8607
-9431
-3803
2286
-1251
-3013
7867
-1847
-1590
-1972
3438
6031
-3018
-1969
1895
-7569
1621
6020
-4882
-2489
-1205
-3579
-6710
8511
1575
-232
-3853
-1551
-7274
9238
3786
7179
-8620
9030
-5656
-4721
920
-9078
8163
1749
-6895
6758
1211
6531
-6737
5539
-5800
-1858
7456
6224
-4762
728
4379
-8836
-8344
-1889
-5923
-9165
-8377
2341
4732
-714
3001
7734
-448
175
9656
-37
-3764
9057
-7855
-3014
3508
-2165
6508
-5763
6620
-8990
-5224
-8110
-4391
1511
-5178
4208
-2867
-4072
-6723
2340
-9910
-7195
-1593
-7126
1193
-503
-3509
-7113
4887
-3946
-8196
-5857
5144
3827
3053
4332
7498
-7912
-5422
2094
-6755
-2902
-8013
164
3892
1020
-6517
-2550
1697
1870
-6538
-1789
655
7001
-6239
2575
7390
3163
-4632
8554
9237
8481
2979
-2789
3277
-5556
-2176
-7911
-4902
-3951
5509
-86
9013
921
851
7848
-3971
-7549
-4234
4891
-6712
-1778
4697
-40
-5606
9422
6921
6912
-2930
7996
888
6224
-7482
5790
8911
-2158
5448
-3487
1344
6656
9897
-3410
-128
-669
-1030
-5025
1531
3165
8571
-8935
1758
-5817
-4266
3166
-9820
-4164
9866
-9101
-9907
-7848
-4746
7238
-4095
3519
-6334
-5748
2976
2818
4390
2625
45
-943
6371
-2100
-7780
-9547
-7807
7068
9855
7487
-6639
3919
-8687
-4350
-4152
8982
8901
-1483
-1681
1051
-8964
7114
5194
-3780
-1653
8318
6755
-5581
-4002
5331
4134
6292
-8413
-6005
-9394
-8774
-578
9215
-359
6137
2258
-718
-9849
3655
4600
-507
3106
-6881
7844
4924
4190
-3421
-5109
-6556
1566
4126
-6491
-8780
6194
3650
-9671
169
-3370
9193
1324
-4335
2996
1660
9660
-2216
-7997
730
1795
-7985
9527
-4124
-4648
8509
-8458
-5118
-496
-7115
3196
-9127
-2372
-6431
-5992
758
331
1811
-3225
5449
6420
836
-9936
8488
497
-4629
3925
6519
-2525
4866
-5568
4966
970
6113
-501
-6298
5172
-4143
8278
-53
-6035
-9045
5508
-5366
8370
-103
-3659
-9011
8440
-9455
-7045
-544
-2657
1683
8877
9331
-8857
-5815
-9891
7981
1368
-4006
-4926
-1621
-8091
-7330
1122
-8987
4207
-3533
-4165
5732
-7011
6560
6387
6416
9460
3436
7998
-3684
-1540
4807
325
-2930
-2259
3128
6797
-6377
-8194
-7368
-4006
-6124
9190
-7209
-834
-4595
-6750
-2536
9010
3956
-2583
7719
-2943
4162
1035
-9986
-3385
2744
4797
1987
-2323
8442
2568
2179
-2450
-5327
-882
3430
6438
-416
137
-4583
-730
2785
9225
3808
3039
-4662
-5583
3777
-7385
5333
6099
-5215
-5809
-3274
-8947
6149
-2893
4205
-566
-558
-3496
8198
4248
3728
-6907
2711
-4653
7138
-2524
-4151
4756
-1015
-6817
-3863
-8140
6115
5282
-4665
3916
9602
-169
2103
7903
2717
-6965
-1299
-8925
8933
2168
2352
-8465
5282
-4319
-694
1937
3671
-6081
-6290
-6398
-3198
-9311
2202
-2655
-1808
-9388
-3745
2920
-9875
-9931
5759
-7491
7119
-6272
4953
-5095
-1139
-9003
-3219
6698
8746
649
9947
-294
-1233
-5260
-6627
5484
-9973
-2693
4027
-258
-8680
3459
418
-9538
-4512
-8460
-1036
-2301
6640
-4073
2460
4344
-5826
-800
-9757
9616
-4213
-5705
-2733
5700
1841
2768
-3814
-4691
5483
-3087
914
-6277
-6846
-9433
7192
-5248
-8787
3655
-5522
6091
-2066
4530
-1359
-602
-1258
-4059
7591
-8664
-1916
-3263
9349
-1801
-5748
1166
-8178
-9363
-1926
7980
-6842
-5363
4757
2002
2555
-6331
-1851
-1592
4626
-9720
5283
-2568
-4051
4588
-1828
-7030
9773
7711
2280
-9297
-6537
7385
9580
-9238
-1944
867
-3018
-4993
4968
5350
-3108
6147
-572
9790
-4784
8907
4266
-4307
313
-1867
3382
-6424
-5525
-6448
-4097
9616
4096
2885
-8221
-7205
4176
-3695
9998
45
-2761
3136
-6953
-1309
9936
4788
762
-8159
-9546
-4483
-4061
-6697
5588
4171
-5839
-6360
6178
-3118
373
9263
-8326
-8263
9912
-1020
80
-5278
-3758
-6174
-110
-4457
7800
-6884
-6066
-7092
1390
2096
-1434
-6038
2144
-3007
4241
-965
-9451
8549
-2513
8596
6562
-9412
-5792
-9794
8892
2073
-2013
-7623
-8007
-632
1345
-1518
992
3375
-7759
-2876
-5794
-9091
-1538
4897
-333
5283
9999
2739
126
-5598
-3440
-4177
-623
6641
5733
9904
-2380
-3933
-6727
4318
6674
-2149
-6663
4137
8448
2027
-6868
5270
-5928
-3047
-4606
9743
678
-5522
647
2573
6824
547
-7954
7397
-8256
7341
-5930
-3233
6758
-1595
5119
-3818
5809
5431
6210
-9436
-3912
4944
146
1625
9990
7523
-3444
-9895
-8255
-9317
-3404
2104
-2952
2262
-1105
-7357
6356
9147
2778
6053
-515
-3252
2784
2408
-7319
-9102
-3967
3251
6993
846
951
-9397
4094
-1613
9441
-509
-2142
8598
3295
-9940
4047
-561
-6256
-9084
8815
8165
776
-4429
3594
-6997
5349
-788
-7636
-6250
597
1766
-3234
2418
-408
5431
-8571
1206
6414
-219
4263
156
-2681
-7436
8007
-5070
-1522
-8839
3954
988
-3651
7142
5969
8675
-6311
8158
-3468
-4207
7014
4970
-80
-2690
-6577
48
7366
7524
-4347
1759
5313
-6645
-4559
-8780
7963
-617
8433
-4969
902
-7211
94
-2894
-8790
-3263
2538
-2676
6300
-8576
976
-7104
9532
-9962
-5294
-2360
-4241
-1806
-452
181
9131
-6457
-9615
7829
-2575
-6504
3454
-7608
4144
-6336
-3291
9144
-1191
-725
-727
-9500
-2481
9123
-5116
-5248
4177
-2067
-3894
-9090
-6265
-2879
-4813
8680
884
4232
7340
-4655
-3771
1082
-5384
-820
1929
-633
-6648
-4265
-5289
-3455
9111
7362
5950
-133
-279
-4336
-139
-7653
12
5077
-8288
-9278
7013
-9199
8071
-8032
-8864
-1011
5037
4926
218
-598
5398
8397
4000
1808
-6633
-1496
-2103
-2676
-1876
7369
-1151
671
-9417
5148
-460
8106
5299
4564
2075
2586
4963
70
684
6891
7755
-1966
-4964
1641
-9153
-4020
-3583
-5954
-4272
9346
-1918
3370
5811
-4250
-1137
-8995
4577
5433
-6983
-1713
-6982
-4005
-2139
7712
1196
9863
8280
-8836
4780
-7361
276
-4628
1172
-9421
-7407
-117
-6140
5306
9358
16
-2815
-7994
-9799
-7096
-2512
2123
-1952
-8709
2648
-9996
5037
-3641
8085
-2469
1655
-7854
-590
1701
2236
8258
7666
-6072
-5025
3465
3640
5378
-3657
6231
-8965
-1747
3232
3259
1630
-2851
8225
3899
4150
9899
671
7277
-5687
-8497
-7996
4274
-807
-3094
4004
9996
-2521
-5341
-583
-2742
7461
-81
1187
282
-701
-3958
1782
-6606
6795
1241
7950
-8938
5743
8937
1545
4554
7981
-2203
87
-2055
-6844
-3643
-1328
3319
6941
8127
4144
1829
-9361
4719
-5822
2881
8130
-2946
-2956
4477
-2239
-125
7604
8008
-9306
-824
-8494
1759
2454
6868
-1387
-6237
-4139
-526
-2442
-4821
3475
807
5120
6100
6944
5550
-8150
1734
-245
-8814
-2355
-1130
6431
-5162
-7408
7190
1528
-6233
-7744
-8104
8963
-718
-4938
-3347
-173
7531
-9890
6330
-7621
-481
-2254
-3603
2650
-6694
7893
-4561
-8122
-5576
-7735
-3803
-5453
-6881
8437
-5086
4308
9736
8885
-5364
-2621
-3644
1352
-6744
516
-7910
7124
-8315
-8663
-573
1660
-9607
-4333
-3761
9698
4434
1590
-1427
4904
-3178
4635
-8569
-8362
-2839
-7073
5414
-1985
-4755
5512
7693
-2416
-6758
5955
-7528
4985
7418
3570
7897
7901
3128
-1972
-2686
3665
-5786
-4109
-7581
-6647
2860
-5697
-7691
5484
6116
3188
3030
-4357
2278
3677
3549
-3301
348
3679
153
8516
-3084
-4910
9025
71
-5475
9459
5264
8728
4607
-266
-3313
3866
3017
-9235
4708
9106
7590
-2130
-4248
4918
-6564
-5277
-1872
3489
8991
2404
8694
-9914
6914
-6634
5595
4777
3856
4098
-4526
-5378
5365
-9169
4525
8005
-9056
956
-3596
-6617
-7466
4225
9768
-2891
8808
-4041
596
-5512
4202
2806
-1963
-1755
5865
-1354
-269
7570
-3399
-9978
-9250
-4915
3442
-6491
-9055
-7144
9854
-4449
-1056
9201
-6571
6901
5909
-5142
5242
-1292
8970
-4479
-479
3083
6854
2900
-1431
-7698
8566
3156
-8925
-1136
5962
-6525
-7980
2249
-6601
-9752
499
6020
2211
5575
8703
9888
3903
-7926
-3218
9226
8255
1376
-5414
921
8628
-2925
6017
340
4165
483
-8798
-2846
6667
9590
-6714
576
9616
-133
63
-5759
-5896
-474
-6220
2162
5488
-7568
-9777
3503
1288
5260
8176
-5627
-7061
-8638
7299
-6535
-9128
9556
-7095
-9400
-2777
9940
-4235
-994
-6705
-612
-6767
688
6218
-1821
-8274
-7661
-1482
-3630
3680
-1756
6878
9933
5826
7858
-1351
959
9189
1256
1305
-5692
-640
8569
4993
4644
-6137
-1949
-4521
-7415
3750
-6424
-7836
-1186
-5292
8357
5315
9884
-3712
1563
9202
6548
6663
6862
-243
9953
9617
9384
4243
-4671
1679
9185
6565
4023
7302
-8951
7757
-1031
6696
3487
31
-3423
2882
-1994
4727
951
-3129
-5097
6455
-6310
-2350
5561
-188
3645
4777
-1563
9297
-9777
-6239
-5309
-3792
7890
-9114
-8342
3048
1148
3300
9788
-8953
5445
8235
5752
-3249
2945
6524
-2889
-6243
6946
8198
2787
-5570
-3628
-5850
-6169
-3177
1922
-2548
-5599
-7367
2847
-6039
-775
1665
-1402
-3939
-7454
-1184
459
-6840
-6944
8959
5517
-2145
5752
-998
3981
-6037
9137
-8873
-1626
8314
-4618
1637
-2859
-8450
731
351
2137
-7517
8227
2438
-5530
-969
-8347
-5964
-8290
512
3263
2051
-6807
-9755
-9273
8386
-4331
5827
-5275
-3133
-6024
-3870
486
5351
-5802
7784
4561
5876
9392
-1896
409
3137
-3623
-9726
259
713
3375
9425
-6430
-3876
-5401
-4832
1513
-9779
-9429
8089
8769
1887
-6845
-5630
-1977
-7767
1902
900
907
-999
-8829
-1496
-6052
-5008
7070
9278
9211
1574
-6764
-1233
-6094
-632
-6203
-9696
-5821
3300
-101
-700
-1519
-8671
5361
1766
4333
8198
5696
-7631
-1962
-6161
4111
5746
776
-6042
-5089
5981
-2105
8956
1306
-1587
-3372
7964
6827
-8218
-9111
248
-2867
-173
859
1053
-9061
-390
6598
2208
8101
-4377
-959
2639
-4721
-6250
-9609
5550
-2897
876
2843
-1141
-3174
-4495
-6271
8470
9516
8288
604
8322
-9335
4218
-7561
-8798
-9937
-4892
-7187
4934
-3024
5885
-1311
-502
7446
-4580
9757
-737
2179
-8377
-4261
-8222
3553
4422
164
-2730
837
-956
6537
1296
3748
-2463
-1122
7237
-3781
-179
-9761
2227
-9926
-4456
9784
-2190
-2064
-7695
-8553
6442
-1839
4657
9817
8123
-2834
-517
-1692
3965
9105
1427
-4511
6247
8691
4250
-8085
9591
9245
-7045
1792
-7546
5292
7174
-5402
-4382
3442
-9082
-3186
-3289
-3056
-7075
8861
9273
5871
-676
9522
-3564
3997
-5375
6740
-9580
2105
-6812
-9763
3016
7605
6826
-9926
3691
-3898
5718
7703
-7939
-3768
-3595
-7888
2127
-9546
5182
-7846
6518
3492
6624
9728
-6008
-5928
5997
-2973
5909
5990
-9869
7811
2323
1523
4447
3126
-7403
-3670
8358
-4792
-1369
3594
9805
2692
-9806
2121
-5053
-6134
-6033
5173
2583
4809
-7275
-9308
1289
9528
-7107
-5820
-6176
1112
-8071
2127
532
-8900
4669
8327
-2917
-4682
4080
3701
-4069
-5878
9943
-8702
-2957
-1943
9952
8021
-5459
-9296
4169
-8283
1961
-7145
-914
8096
-148
-3620
3989
-7033
-3017
-3879
-6536
3883
-3048
-9748
4980
7635
-4109
-9608
1710
3763
7366
667
8472
1977
-5939
6831
8935
1716
-3971
-9780
329
-5793
-312
8292
7930
-102
-9119
-8719
8231
5994
-2255
224
7587
-1358
-8585
4137
-5760
4922
-4454
-1110
2292
-4402
-2735
-601
4421
5317
-516
-9406
3144
-7243
-796
5390
9349
5994
-9556
4644
4112
-2907
6436
-8291
-7296
-6222
9940
-4057
-2032
-9541
4
2379
-2239
7690
6126
-1193
4656
-8862
-8017
-3687
-9207
-7291
-280
2239
-5691
-9241
-379
667
116
-921
1132
-1716
8244
-6961
-5811
3950
-4955
-7724
-3885
-1583
-8271
-5018
-7050
-7549
-7985
6694
-476
8393
-710
-2565
-9938
-4614
-5172
8997
6437
4972
-5858
-4374
-5063
-2659
2366
-9131
671
-7234
6996
-6530
-909
-6139
9257
4467
-1536
-4341
2231
-2632
-4134
3280
-3222
-4928
8795
-1520
-1514
8334
-5132
5950
-8887
-7849
1385
-2759
8403
-2131
3389
62
8703
620
-7178
-903
5660
543
-8122
-7249
-6410
853
-7669
5361
8365
2049
-3540
-8762
-9425
7395
-201
5380
6238
-2865
4070
-4047
1360
-7054
-2539
-3417
-2529
2311
8869
3478
-7380
5462
-4301
4358
-2444
-4875
-8515
9232
-5442
6506
-5480
-1655
-6952
9636
-3534
4730
-5886
3914
-9658
4213
9372
-5050
-3555
9977
-2642
-8417
-928
-8809
-7800
-4862
2201
-8156
-1090
168
-76
-9137
2539
-2362
-1198
-6757
8439
-6517
1851
3901
-9708
4838
-5570
-2249
-4816
-9240
-5634
2626
953
1710
7286
-7343
-5203
4504
-4236
127
-7862
-1638
9423
1771
-7969
-1191
-6393
-6595
-7927
9959
-1072
7534
128
-5563
3248
2424
-7846
-2015
-3249
9737
-8333
9097
-3747
-321
-811
6010
-6108
1226
9157
4404
8432
9210
3734
4925
-9279
5007
-842
-1969
8977
7084
4968
-8101
5689
3759
4820
-2246
-4516
-6759
9387
5554
-3432
-3748
-3902
9390
-3674
6748
-6010
-3087
4185
168
8993
2559
-8854
-6558
-2740
-5634
-6324
9006
1537
446
-9302
2332
6602
-2359
6493
-4496
3795
1464
-3058
3724
-9274
-2344
-7044
5987
8458
-6934
-4546
2945
2486
-1785
-4685
4527
-5348
-9661
-594
7646
5212
4329
-5038
496
-729
-2213
-6932
5398
-1959
6902
-3383
4103
-6912
-3981
3558
8464
-7259
-5002
-8948
-1478
9863
-7761
1733
-4619
4586
5791
4828
2359
5485
-9986
5185
7586
-5578
-2466
9220
-1543
858
-376
6079
-6399
-7891
-8394
-6708
6980
7722
8350
-7758
2235
-2412
540
-6866
3574
-1456
-4708
3052
7802
-4223
-8578
-7803
5137
-3388
-1067
3354
-3367
-9944
8894
-6396
3191
-9732
7902
-9402
4203
-323
-1493
889
1579
1792
6775
7559
-6288
-8671
4151
6350
647
-9068
9328
-1953
4300
-2173
333
-5009
5589
6314
-253
-8096
-8395
-6711
-4312
1768
-8880
-1347
-2333
-6608
3521
-2196
5282
-3855
9402
4965
5568
2490
4625
7002
-9284
-6946
4196
-3916
6326
1945
-5946
-5926
6215
-9968
-2476
-2058
2298
-9282
-2383
6035
-3286
-4318
2204
-5536
6673
-189
-5561
-984
5077
-6243
-9060
1567
6684
3613
-5081
-3927
-7131
4050
-3320
5255
-2643
7389
7635
-1358
9430
-6447
-66
-8629
-3486
6594
7504
-143
2015
3130
-7522
-4922
-8031
7510
3580
2362
9076
5628
-4096
6487
8572
4325
4907
-8825
-5967
-2525
-6345
9876
-4835
-3929
6184
-8979
4055
-6422
7943
2884
2651
2137
6230
-7023
7157
-2094
7863
7757
8998
2823
-1960
-3694
-5146
-8180
2001
-7938
-7996
-7908
8329
3736
7801
-2940
5876
7115
9241
-2950
-7521
-7502
4209
9422
-2717
3713
1193
951
9576
-3424
6694
-3539
-93
-8879
8096
-6527
-3786
7577
-6559
3767
-6741
-8876
546
6524
-7138
-785
2711
9624
2352
4839
8026
3019
-9876
-6131
2652
5478
8238
-3290
-8788
8182
4361
2533
-4694
-708
3491
-2190
-5805
-2859
-7454
5729
-7402
-8642
-971
9340
73
-1777
9327
-4933
-3535
-5458
-6005
-4651
1264
-4886
-9337
-9143
-9478
-3412
-3885
3105
-9741
4508
9202
8088
4812
1259
-9844
-8193
3544
-8387
2300
-3247
9775
1515
8402
9692
851
-2415
-8776
396
-6263
6101
-8850
1628
-4317
7021
-3604
-3522
-5295
383
-7371
3142
2113
-1545
-2495
-1432
-8108
-4485
1148
2793
-443
-6846
-726
3881
6086
-527
2481
2536
-9812
135
-7574
-940
5448
-8244
9527
-4940
-4735
3787
-7254
5312
3891
4069
1662
-9168
-6566
-1972
-8880
7005
-9012
917
9998
-3125
1120
8792
1810
2973
5979
-5371
573
245
1395
-2979
4597
-5289
-1425
9089
-19
7076
-7399
2876
-3055
-5634
-6163
2600
-8379
3299
7596
5007
2318
9936
-5413
-3475
-1281
-94
2918
-8619
-6746
3173
-5996
6429
-4702
5344
6488
-5256
-1562
-8981
-591
5700
9402
346
5363
-7389
3457
-625
-1888
-1118
3978
-4022
2216
-9080
-1181
2484
5129
2164
6371
3690
133
1881
7321
-9690
3419
-4212
-1128
4275
-4007
1546
-397
-8907
-4575
-9355
-5830
4915
4442
-6101
-8481
-6047
5376
-8999
893
-799
7980
-9911
8945
-6910
-608
-3073
-5193
6218
6462
-2857
-1801
459
3828
8571
-6493
-1536
-2749
-5916
-2931
-5187
5284
-7916
115
8664
-2896
9488
3774
3699
2557
-2365
-1842
7044
32
6988
5618
1376
-787
9261
-3808
-966
-5244
-2268
3705
3893
-10000
-1648
2580
-1312
3689
-4727
6678
7351
3575
3751
4193
-497
6213
253
1179
1526
-3512
1353
207
-7170
8817
-7224
4689
9258
-4402
5537
1606
5613
6294
4820
7635
4177
-5659
-3303
-5610
-1484
-966
9107
-2155
-3185
-3284
-8610
-3247
4496
1316
-3001
4775
-3091
4033
3997
8380
172
-4545
1624
-1894
-5468
1803
-997
-3821
-9789
6190
-8355
-4940
6582
-76
9177
-9478
4472
2317
-1504
-5609
8076
8619
-7386
-3224
-1026
-5214
-7008
1609
-1064
4464
-1033
7034
-9825
-5819
9458
-3337
3845
615
848
6907
3677
-4182
4421
-6554
3085
-8878
8006
3606
2566
-1379
1985
2323
5795
-5172
8271
1332
-8939
7597
4357
3824
-8678
-9123
-3960
8103
2959
-113
-1657
-3613
-907
9841
1561
7429
1441
8682
-9495
3109
6985
-9813
3779
8793
3190
8247
-2237
-5340
-3086
-1410
-7616
-5060
-4202
-4407
1304
-9518
6608
9392
6708
5296
-1611
-5614
2372
-2096
122
7024
4214
-8459
6562
-4539
5336
-6299
-8293
3963
9710
-9997
-4116
-7235
6770
2529
-6339
-2718
-8227
6526
-8421
-5626
-2123
-8206
-7720
-4693
2374
1679
-1676
-8504
-4155
6781
6006
1970
6255
1054
7001
7007
-351
-6981
7455
5316
7986
-1740
-858
4211
8741
-7362
1233
1398
-6790
-9533
3412
-276
2990
-5524
4496
7237
4940
6284
-5970
8265
-8210
-2846
4444
2153
6534
799
7449
4764
-8170
-429
-7079
-4231
5075
5178
-8456
1916
-9282
4730
1387
9368
-3080
1435
-2145
-2930
2630
4473
2514
-9397
-8603
-1649
-1311
4643
8309
5557
2406
3396
959
4861
772
4274
574
4888
8611
-570
483
-4536
9395
-8145
-3612
9748
-2836
-5669
-1039
-9967
-2954
-5336
1209
-2877
-4578
775
9273
8862
8490
2033
8634
2903
-5830
-6934
-9447
-8391
-4341
-529
-7627
1430
-4288
-5895
2822
-8154
-9904
36
-5783
-1837
-3114
5556
-2719
-543
4191
-7873
-3109
-4473
7549
-1592
3117
3791
6897
553
-9032
-6133
4254
3164
7042
9502
3358
-9590
-2972
1880
-684
-5990
-3000
8609
-8373
6760
-6460
5432
-5336
-5788
-6126
9012
-3451
-92
4056
1615
-5360
53
-7347
-7321
-2451
-6402
-3311
9762
-2443
4971
-9637
9319
7838
6229
9516
-2602
-520
6435
8893
-3704
5984
-2896
2802
9609
-8636
9461
-7384
-3955
4361
6986
604
-7945
-1161
1159
1067
2581
-6803
-9521
6470
-9804
-698
9585
7697
-7103
5077
5759
545
12
-8919
-8185
3455
4082
790
-2108
6625
564
7451
9810
-2084
-4568
787
-8666
-1089
1332
-9843
-5427
-4106
2235
-5922
-9078
-6939
-1168
-5792
5120
-8102
1709
454
5787
-8390
-5741
3650
2366
-1829
-4139
-4458
-5655
4738
9824
4986
2464
-2953
-4727
7961
-6537
2540
-4893
415
-5379
-7150
-4183
2337
-3
5269
7143
5133
9754
9038
-5154
-4304
-9013
7616
-5672
8507
2363
1960
6433
5134
-157
-6237
3999
7075
7426
-5091
-5860
-6527
1704
2117
-1821
1347
4931
6344
2247
-440
-2758
-3836
943
4867
-8596
1319
8469
1903
1343
-8391
-8580
217
2862
-5916
-668
-7745
-8262
9550
-6176
-6390
8526
-955
3574
4355
6207
43
-8577
3495
467
-9656
4211
-6858
-2973
5181
8787
1942
-6754
7430
-8233
-4837
7028
3552
-1522
-517
-5146
-1441
-8634
6724
6404
2055
8857
-3886
4343
7567
1433
-5607
3736
-8434
-331
6504
4
-5432
5624
2692
6665
-722
2707
6712
9844
7577
5101
-3718
-9512
-3086
4924
1410
11
-3146
1237
2863
9652
4323
8990
-8289
4917
-1711
1517
-6669
-8524
5325
-8661
-3804
4243
1580
-4301
9394
5561
-6443
4124
9463
6222
4469
1109
-4767
4949
-5920
1172
5222
-6977
9083
2548
-3162
7849
-2821
6852
-201
-9821
2901
5354
-8551
-1877
186
5788
-9174
-4283
-5007
3872
-2424
4241
-8918
-7155
-7889
9408
-7564
9149
-9622
-3624
3757
-9365
-7381
-355
-2807
9722
2350
-2146
7492
5639
-8196
-454
-8275
8579
1158
4299
-3456
4160
-1559
9928
-8773
-5760
4953
-1045
6880
3135
-9641
-8718
-411
-5853
3058
-3003
-1617
2015
8637
-6441
-4440
-4331
8732
9553
1233
7232
5586
-3867
-4363
8830
-1369
-1332
5798
500
6514
-3891
-7905
-8943
-9337
-2833
-3310
5565
-7003
8651
-4032
9776
-111
-588
5525
-1096
5012
2266
128
-4885
-1753
9152
-5190
3694
9877
7208
8294
2699
9644
9221
4426
-7646
-4690
-8054
-5445
774
7234
4612
3582
1238
-5263
-5606
2533
-5252
-6664
7428
205
3967
7995
2059
-1449
393
4865
-2233
689
6519
-7268
-1183
-2466
1915
7941
-9836
-8350
2448
938
-5029
-6620
5234
8622
8829
480
8461
-2504
-143
2593
3789
-8609
5733
-9967
-6097
-1352
8203
2583
-4312
9605
-742
9691
3016
2766
-5618
-1510
-2449
5250
-5371
-7599
-1023
-1461
-942
-5098
-7424
-9943
-9623
-2168
-3678
-6619
8158
-5513
6838
-4561
-9421
-2677
-8244
8545
-7093
4928
-2610
100
-1144
-5742
2780
484
-2382
-9523
4538
-2465
-7901
-5737
-9952
-1811
-6381
7829
8757
8260
-6387
4014
-3483
-35
6970
-7960
-6993
-2748
-3412
-7952
9962
-7066
-7621
-7299
77
-5546
-7066
-7553
442
-6786
5161
304
3926
-5781
-6400
-6872
1609
524
-3041
7605
2591
1817
-6166
3067
-6177
9673
-9416
-506
-9356
373
-8709
-8139
9426
-4961
1898
-2973
-3221
-9243
6680
7693
-874
-8481
8056
3572
-5262
-5537
-6909
-7562
-6465
2517
8025
3041
1363
-4902
3635
-5311
4099
9884
-5576
570
7843
9860
-8224
318
-5209
250
7353
-796
214
3132
-6818
3989
-7586
-5911
3497
-5057
-7413
513
2517
1419
5079
-2082
-5776
-903
5586
3827
9680
7455
-6767
6896
-8772
-4000
-2455
2738
-2312
8764
5816
1495
1829
-9559
3856
-5295
2576
-699
5294
5335
5651
9482
-1715
9248
9208
-2861
-4150
5664
6381
-7286
-2299
-1553
503
-3290
-448
35
5637
5033
1299
4311
759
6309
-1732
6650
-140
-8198
-5022
9419
-4204
-6730
-1499
4584
618
-4509
9143
-3257
-9005
-7520
-5463
-3790
484
-8515
-6778
-9149
-9932
9280
-5889
282
-8771
9725
-9479
6885
-3141
-5857
29
2349
-8811
-5690
-7989
1398
7373
4073
-3750
-8132
-5816
3163
-8485
3477
-6624
9448
9733
6614
-6348
1140
-3250
-4526
-4133
-1544
3130
5716
-8344
3094
5970
-387
9479
5184
4836
-5867
5924
-4000
-5691
9854
4344
2587
9723
-4838
2536
-1515
-5797
6854
-8559
3872
3307
1748
7523
-3005
-2522
1667
4079
326
3014
7830
-6169
7979
3778
-6838
3631
-9065
-96
-6833
2597
1122
-6439
-523
9440
309
2275
-7085
-4705
-4031
8515
-1605
246
-666
-4133
6836
9936
9334
7910
5789
-911
-9383
-635
9190
3144
1682
-8148
-7418
-4227
586
-4598
-1628
6916
-454
5942
3240
6622
-5615
-3633
4191
-2972
-3249
-1825
-1086
-4278
1098
8282
8435
-8461
6469
4326
-7152
3321
-2258
8247
-8913
6188
-1806
-5583
-8371
869
-1437
5265
-8502
8868
-7368
3584
3505
9293
7487
7316
-6717
4395
5602
-3414
921
3455
-9817
9966
1626
-3109
2441
-3654
9343
-4470
-5506
-5978
-7844
4489
-4579
5328
4726
9054
3725
-6922
-8719
-3379
-4131
3470
-7972
9503
-9029
6348
-9268
-8658
-8062
2148
7935
557
-927
-2268
2772
-6201
-2941
-2365
8401
-2678
-5681
3842
-5974
-5686
4453
-9837
-4159
4910
9207
2903
-6588
-1787
-6963
-1419
-1998
-9369
2317
-659
7344
-6387
-2064
5441
1878
-5703
357
3469
2197
8364
7854
-2658
-741
-4967
-7426
3390
-7723
-1445
-6256
-6072
974
-1565
-6388
-5140
-8192
-7329
6776
3941
1644
-690
-4596
-6787
2761
6679
-1878
-5978
2878
3166
6171
-3386
-8580
1950
-3763
8569
-9706
-9742
-9274
1060
9027
-9023
-1236
5178
-551
6296
-9615
9593
-1197
-5956
5491
-9268
-7754
3485
3255
-2018
-4626
7867
-5678
-8409
9850
-3318
7551
5122
8194
-7299
-3569
6631
5172
-5793
-9486
-6181
-8474
-8070
-6306
4854
2176
-8249
2365
5936
-2296
-2700
7020
-7187
1584
-7325
8876
7084
7425
5551
-8313
-9496
-1376
9302
-3294
-9107
-6582
-9716
-1987
368
9123
2490
-1876
5619
9348
-6734
-8807
-9654
9257
-2156
2009
-601
2816
-8281
-1296
9608
-8621
269
-1848
-5295
5187
5693
-1436
4620
9154
-6106
-2568
-6858
2914
-2564
3672
8464
-7218
9910
2031
6262
8743
-2550
-234
7006
564
4805
1494
-5137
1570
-8407
-6539
-7598
4388
9973
-7421
8922
110
9286
-3853
3772
7347
2079
-3113
6352
908
-4231
3255
-208
5041
-571
-7199
-4590
4613
-4427
1911
-4609
1307
-6920
-8096
5398
3667
7950
9637
9775
-7975
-1112
9595
67
5128
-4478
-4850
9931
9588
8322
-1437
6498
5342
7501
1595
1136
-8591
-3133
-2658
8478
2500
9974
476
-7311
-6745
9740
2740
-1132
7782
-876
9725
1524
-2561
-738
-8192
-3572
2876
1895
-3833
3733
-8408
8825
-2274
-9180
6372
-6612
-4144
-6839
2831
9699
-8772
4174
6429
-7747
5592
9186
6359
-9240
-685
-363
4569
-783
3510
3204
-3461
4254
4317
2525
7084
-9518
9120
9359
6027
-5159
385
1817
8598
8130
-9579
6419
4301
7939
1700
8424
6944
5310
-5021
-5840
1284
4667
5858
-7917
9688
5742
-4628
9854
-3327
2545
-975
3533
-2260
4728
-2741
-6024
9195
-5928
807
-8318
1669
-3660
7106
-3216
5026
-9090
-8307
-1356
1942
-2243
-6412
-3929
4323
-848
-2467
9047
2642
2988
3425
6484
-6274
3680
6568
4105
-183
-8172
-4210
5436
8322
-2654
-318
2732
-3890
-653
-5008
-4866
-5141
-5597
9183
-2831
194
-4900
-7916
6423
-9005
3910
2537
9777
6758
2249
-1377
3626
4987
6442
5310
48
1764
-7469
-2554
4446
5623
7554
9084
4250
-3006
7377
2138
3697
-4176
5350
9818
4693
791
8204
6300
-4620
5074
-2759
-9234
5032
4608
5147
-198
3490
105
-2030
8626
7461
-1045
7723
6563
3302
-1465
650
3221
4857
3209
-6119
-3994
-2690
-2945
6437
-859
-5980
3624
-5642
-8492
-4962
-6561
-4698
9353
-1193
5004
443
3647
-1903
-4292
3176
3298
6935
-5176
-4443
7931
2759
9000
-2754
-3723
-7359
305
6147
-1363
9619
1269
9606
-5314
-8470
-2783
-7016
2299
549
-7413
4007
-1344
269
-2064
-4232
-4011
1183
4332
-4595
5338
-2200
1666
3687
9248
1999
-5149
-8337
1158
-5661
-9477
-4128
-4960
-3120
-3473
-23
9824
-4177
2916
6862
-5911
407
-3882
-5098
-8123
-6522
2393
-3690
-4728
-858
7402
-1649
-8701
9830
-6618
-6925
-2693
1650
5968
5715
-3784
2367
-9544
4603
-8193
4099
-2009
8758
8546
4676
-6835
236
-9423
-2498
-3501
4393
2628
5082
-9497
-6205
7923
-8294
-7392
5510
2402
-7719
2184
5141
763
2275
-5484
2674
-3812
-5561
5348
2210
-8964
8468
-5675
6691
6323
-2712
3030
5841
2235
-9213
-6306
-7173
1939
-2461
-5393
9123
-8943
-1272
-1701
-3669
1915
2091
-8892
59
-2637
535
2684
7765
-600
-1397
-5579
2669
5430
4327
1355
9989
2082
-5329
616
3723
1298
-9471
4218
-7210
-3562
-9210
6095
2456
-1940
-9372
5226
-907
-5963
9477
2842
8813
-9150
-6382
-6334
3293
8321
8539
-8777
4372
7888
-1912
-8336
5401
6720
-2617
3267
-2282
-6016
9597
-6177
86
6672
1377
-9816
-9702
1947
-2143
358
-8401
-2780
7290
4372
-7216
1778
-1402
-1977
1575
-4051
6533
-4632
3104
-5655
-4622
-792
6435
-1466
4771
-2774
-8732
8059
4810
-925
9284
5561
3659
-6840
9371
2739
5131
3904
-8280
-154
-4517
3968
7792
-8462
9533
-9435
-8220
1779
-1675
6224
-8384
702
-7902
4198
-9266
-6293
3954
-6369
301
-4138
-9269
810
-255
8533
1742
4082
1806
2822
-1755
4848
8786
-1115
-3267
-7508
7684
5996
-2279
-7566
-4298
-9674
4089
-3968
-9917
2584
-7136
2699
-2791
9633
3169
4056
-7531
6498
5058
-6654
5845
-406
-4881
8783
-5862
2293
-614
4054
6634
652
358
256
8756
2832
2387
-2572
4285
1401
4517
4400
-2387
-4768
-4824
-6579
621
-3222
-8199
3631
-7673
5162
-7207
3237
3788
-7737
5165
9521
8533
-4847
-4920
7644
8666
4908
3281
1354
-9838
8152
4387
-9872
-1788
-1983
187
734
-8568
7631
7463
-4577
-2096
1226
-2631
-9576
-7024
-7818
1512
-1969
7067
-9136
9043
5647
6462
5626
-8389
7413
9520
152
9795
-6923
1940
8306
-8422
-7410
9463
8699
-3732
2102
4456
-9756
8770
3834
6345
-9330
2753
-8030
1139
3004
-432
8767
8926
-2643
1955
-2183
1148
6454
-9059
-4214
-1654
-3181
-7426
2140
-7035
210
3817
6835
-4335
4490
785
-9788
9530
3301
-9367
-6577
-4232
3463
5299
-7107
-6469
8592
-8534
6871
1976
8145
1815
-9734
-6319
-757
-1060
8317
-8930
-629
3182
-9868
9476
-8302
1651
6431
9963
2102
7641
-4893
-3669
1731
1735
-9415
-3240
42
2845
-696
-7168
-1869
8075
-4763
-5140
-135
2951
-3414
-7854
2095
-9336
8584
7069
-7866
9082
-2341
-9660
-8093
-831
-7257
3730
5745
-7884
-8530
-9389
2422
7463
8723
-9705
314
-2910
-4073
-6594
-6389
2945
8201
-7600
-90
-9963
-6671
-7149
-3905
-1881
-7004
-7772
1523
3970
5114
6283
3793
-9684
-8557
-8186
7666
-4026
4391
-9125
-675
-9641
-4757
1733
-5089
-2865
-7579
6066
1839
-6152
7671
-3248
-9589
2863
-8802
-7281
-5574
-4291
-9697
-8826
-897
-1784
-701
-243
-3058
2002
7425
-9585
8450
7757
-642
-3580
6241
496
-4500
6808
-7271
-8689
-6122
-8875
-5675
6564
7996
-440
702
1900
6972
5789
7220
233
8628
-8647
8369
7794
-574
4456
5435
-2574
-9079
1489
6871
-6565
5286
-8170
-3802
3683
-1354
-4083
-1569
-6999
3160
-1429
3291
-3873
-8205
-792
1564
-5141
-1448
8239
-7022
613
-8355
774
9564
8343
2107
7121
-981
-4809
1768
7760
8350
-1546
-4019
-2506
-3098
1487
7892
-6578
385
673
-9999
-2205
7629
8226
-67
699
5233
-876
6955
3269
-8644
-7888
3418
8546
-479
-899
7956
-2441
8726
-9426
-3154
3192
-4049
4333
6664
6467
-2238
-166
6844
524
-1668
6856
8485
6151
7723
7513
5078
9111
8060
-6851
-2588
5757
-3358
-9927
206
9517
5035
-5840
-7701
3975
-7408
530
-9036
-5580
-8825
5953
8281
5687
6848
-9285
-2264
7828
-5262
-7560
-7956
5142
2065
-9701
-6567
8055
-9911
56
-7620
-6050
2517
-1739
-7102
-3066
-7723
-5824
-5914
4523
-3676
-6961
733
-9050
1869
3078
-4435
6047
4561
-6467
3606
8594
4850
8870
952
2244
2669
5794
2350
-8420
6157
6452
1548
7926
8044
-5630
-4009
-4903
9880
1781
-4049
-6507
9576
-948
-788
2974
-7957
3
17
826
-5959
-5988
1575
7365
4763
3032
-3473
-5633
-8747
2020
8271
-747
209
7569
6686
-4612
4343
-7761
2454
-2922
-1008
5362
-2077
9779
9995
-4237
-8203
9832
-6379
6057
-6818
1587
-9245
-2431
-1704
-1007
251
-3151
-1919
5570
1249
965
-6066
8151
-8327
9399
-3595
1876
-3582
-1503
-6573
-7414
-6551
1714
-5116
4339
5924
-3792
8838
-3454
-1080
-1605
-3919
3403
-982
-8700
-1919
4828
3906
-7277
5202
7301
4240
-7428
-5886
9524
7168
7125
5152
9815
-8066
-2615
8874
-2056
7631
-276
4018
726
3058
-9399
-407
9288
1765
9112
-1602
-9984
-6751
5626
-3218
4256
-4248
-1035
8919
7922
-8008
2467
-9078
-1897
5002
-7547
-7128
8360
264
5236
-4522
-5989
-9809
-6050
5720
-1773
-7105
-5773
4037
-2289
-5901
-2719
6463
2808
3686
6440
-9830
8405
-4955
868
-2531
-9578
4070
4582
-3709
8734
-3195
-6620
3690
-97
4057
6156
9363
-6968
5848
-20
-6193
-3106
9641
-6751
6591
-9048
4890
7547
1595
3318
2049
-6027
7363
-1504
5344
7201
-8638
-6838
-1317
3283
4496
2604
9039
-2624
-3961
-6180
3889
969
8040
-6206
-2898
-4154
-5190
-5153
-2412
-2360
-9370
5504
-5551
-7370
-3684
9023
-448
-8711
-8883
-7497
3526
-8614
-1453
-3227
4578
2435
-5043
-7703
-6559
-9892
2200
-4244
5864
5832
3346
-4135
3314
-6962
4668
-1041
-4836
2574
-2394
-6076
9388
-5620
-8228
-6685
-1611
5922
9302
30
1857
4806
8737
-6548
-3448
-6035
-5436
4256
5770
9987
-3343
2335
2693
-5550
-3251
-7495
-1039
7556
-1109
5288
-7819
-8824
7768
-6419
-8929
4882
8156
-3657
-7060
-3422
-8021
-5756
8092
-7160
2212
1964
-9355
-1627
3712
3753
6039
-3331
5609
6538
-3323
-1009
9989
-226
-5159
-9533
-851
1039
-5670
-6112
7813
3902
1919
5547
-8404
1585
-8070
7097
-7011
5710
-9450
579
-7882
-1758
9914
8868
5204
-669
-8687
263
6609
-9516
4106
-9803
1194
-748
-866
-1385
3688
-4346
7430
1372
3517
-490
7445
-7615
-4648
-7791
-4767
-2368
9329
3655
3214
-8230
4027
-5813
-1740
405
723
-819
8374
-2942
-4760
-2115
-6699
-5576
-4342
-2883
-2479
-1763
-3546
9721
-1957
-7284
-800
-9750
350
9637
2077
9100
-4067
4724
7701
-5903
8530
-4911
-5659
3789
-7888
9352
2112
9475
-235
-2989
2873
6894
-725
-2879
5261
-6672
1356
-9597
109
-2157
9473
1728
-6083
5437
-7329
6270
-8345
3596
-9061
6277
-3663
-3321
7853
-9858
5224
-7208
-7145
8639
4002
4979
-4264
-2876
2427
2909
-6834
6512
-7383
-6521
-7683
4588
-9217
7379
-9745
6015
1520
-4011
3736
7881
5537
8166
-1810
-55
9806
5908
-6571
-2070
-5870
-2027
-8525
-2027
-4961
3901
-1205
4218
-336
-4101
-5315
7065
-2682
-2316
-9731
-3437
4156
-491
7466
-7504
-6477
-4909
3480
-3648
-5704
-8372
-6316
9151
-2024
-371
9123
3999
972
8516
-5115
1927
5383
-7458
-7359
7292
4763
-8525
2288
2512
-4757
5574
-1042
-3459
9879
-8884
7912
3542
-2629
-6907
-2175
-9904
8040
6698
-9198
3542
3300
-8343
53
4870
8176
-5806
-6438
8542
-6011
-6299
-4923
-7380
-1717
-7027
6290
4288
-4564
-1558
7050
-1651
6404
3973
-5478
7077
-1125
6167
-721
3990
-3210
7949
-8216
567
8107
30
-2348
-36
-8248
7554
3720
7055
4249
-447
-6547
8665
1503
5027
9815
7753
1684
7774
-4065
1087
-9718
-7282
4524
9929
2751
7470
-8000
4805
4463
950
543
-6474
-9084
-5647
5473
-3644
9507
-5550
9685
8544
3357
-8010
-4332
-3710
6688
-7421
-1951
8747
7130
-5041
-2492
-7014
7296
-8813
3942
-332
1047
107
2243
-9502
1740
-2641
3372
-9132
-8442
-1264
-9075
7557
-816
-8229
-6089
-9533
-6189
4561
-4314
9403
-9758
-7958
-9452
3750
503
-2702
-8710
6354
-9639
5774
7642
-2951
-3351
712
-7203
200
2989
-3387
7997
-4814
1865
4186
-88
-4071
-7972
-8729
-4942
6765
8911
2322
1067
-5484
3991
2898
-6404
2189
6056
689
7449
-5345
9120
-3345
6265
-9847
-6259
-3310
5516
-3241
700
8437
9519
-5429
-2298
-5994
8570
5630
1047
8831
4815
3082
-7210
1045
77
2016
-1419
4254
-978
6777
-2888
9506
841
-1946
8531
-2536
4356
-1208
7111
844
6248
-4459
9107
2828
-1965
4537
-3999
5718
8231
-2439
-3288
-4489
3882
8580
-9520
-8277
-1713
-1320
9339
-2968
-5788
-8626
1113
2785
-7290
-5503
3494
37
2019
5781
-3183
-5211
-5165
2129
-5397
8388
9090
-2826
-8972
-7029
4843
-3023
-3061
-9773
1229
6475
9302
-5518
8949
-10
7008
-4767
8114
5454
-8873
1991
8018
-2978
2171
9599
-4954
-4222
2849
-2596
6699
2149
9012
3057
1483
-596
3194
-6764
-8143
3320
-2947
-758
6595
-6191
-363
6014
-4197
-1777
-6062
8248
-3103
9694
-5297
-4744
4943
-7599
-8058
-5305
620
-3448
-2212
2082
-4799
-4053
4561
-5699
3769
-7764
-342
-6235
2811
-9848
5547
5967
-3330
6224
5788
-7021
1005
9010
9082
-2684
860
-6483
-8859
7456
-721
-4899
-5422
-7808
-2009
-5463
3374
-8214
-1077
5054
4825
6238
-1990
-5906
-1198
-5560
-2347
-7820
8682
2480
-8991
-6168
-792
1144
1251
3636
-1491
-3718
-6265
-8488
-5191
-3690
3373
489
-3307
221
160
-8323
7016
-6669
-5116
5018
7251
-2909
-6912
5402
8503
345
-5837
-3780
-1533
8974
-8802
-7213
-3867
-8097
8243
9940
3209
2939
-1909
2513
-969
8072
6587
8364
5152
1970
-9716
-9967
2350
8565
1481
-7473
-8699
4688
4123
-7765
5937
5151
7482
-5671
-4793
-4186
-3407
-2771
-7815
4451
6791
9303
325
-9631
3688
4962
6185
-8560
3613
171
-5967
418
-3650
-9810
5916
-103
2140
-4713
-2050
-8445
-7123
-9986
8069
7327
6394
-8611
1144
333
4656
3310
-7700
4372
8096
-4323
-4220
9769
9557
232
-6980
3185
-5250
-1853
-660
2886
1488
-7987
7821
5568
7144
7234
-172
7580
-4111
3454
9709
-3215
2651
6094
-5705
-1627
-402
2844
-934
-3284
-1358
9704
8404
550
-4034
6497
-7639
-4152
1700
-665
-1031
-8044
-2479
-16
2397
3596
-5629
1108
-9255
7384
-1545
8283
3852
-5675
-8367
-6736
1444
-6058
9047
1644
-3854
-1751
3731
5812
-2664
4846
-9690
-1915
1902
9193
287
8970
7143
-7304
1665
6384
6285
-8944
8536
-8111
-3404
5122
6083
9192
7114
1433
9358
-3092
4622
5997
9433
-1969
3814
-1901
-1447
9743
2384
6766
-3905
-5570
4480
5258
2113
4072
5803
9730
-6752
6038
-4660
-7469
4650
5152
6704
-5695
5524
-7785
9801
2385
8416
-4781
-1022
-6658
9938
-7995
1164
9432
4564
2221
-2254
4720
5486
-7846
6051
323
-8293
262
8427
-8058
-401
-1930
-228
-1736
-3979
6643
-2176
9531
-8909
-6158
3063
2766
-3902
-3761
-936
-4898
-7726
-3482
9539
1862
-3803
7280
1930
3849
5417
8885
568
3176
670
-4623
2075
-6183
-9627
6447
-5620
-2903
-6964
-5109
1666
-479
112
853
3129
-7378
2168
-9833
8781
-8166
8768
6808
-5587
-2034
6271
-8196
-1325
2654
8058
2705
-7421
-1940
2427
8106
-5500
-6078
7253
-6730
4783
5330
-2716
9784
9925
-2777
5457
632
5014
7174
4818
-9661
2546
-5786
-4323
6352
-6870
-9715
8744
-9485
-7753
5100
-5917
-8966
7654
623
5902
8532
6048
3648
6049
-6407
-1646
-8539
4791
9635
732
-1817
-3245
1418
-9041
131
5436
1518
4851
-1306
-4976
2429
-9391
7759
881
9177
-5613
-6589
-7725
-809
3555
5266
8610
2217
7413
3597
4709
3305
7586
-5741
7332
4634
1057
-9689
-8745
-824
-328
-9137
-5167
-1939
-5024
2709
-3360
517
214
-4747
-5608
1632
-4674
-6796
-6141
-5988
5227
3744
-8832
-8605
-8720
2990
4848
-6474
-3639
9320
-5643
-3452
1313
-8410
-1686
-92
3377
5690
-7209
7120
-6255
8900
8202
-3057
5974
2368
9187
-269
4925
7423
4650
6259
3906
2075
4218
-4426
1763
-9267
5269
-1743
-1774
6196
-4878
59
-1870
3063
5688
9815
-3249
8869
5972
-7854
-5569
-5040
-3549
3612
-1319
-5236
7677
5887
9936
8409
-2141
1168
-3655
9138
-4149
6849
-7924
-4304
-2777
9491
1678
-4146
3992
2873
3255
7342
-7426
-1157
-7545
1743
4865
-6864
-4654
-4622
5909
-8273
-2873
-1275
3239
-3832
-7412
1032
6644
-2758
4298
7816
-8525
-8627
-748
-8907
595
5480
8530
-6127
-9480
-4877
9716
5885
-9743
4060
9252
1667
-6727
-610
-3433
-7630
5022
-4438
2530
-6980
-9338
-9183
6208
9161
-3573
9561
-2763
-1496
8682
-1738
-7961
-685
-8385
-3855
-5840
1562
-7138
8116
-2250
-8716
-5065
5089
4114
6231
-6596
4102
-4737
3092
-6142
6900
-2874
5902
7060
-4704
8301
-9248
206
6892
1406
-9053
-1200
2805
-3865
9951
-858
-7180
5742
9778
7588
9055
6093
6201
-4765
-5595
8809
7533
-4724
4426
-2720
-7464
1821
-7050
-5892
2371
-1257
-2862
3697
-7006
1448
-207
1761
1289
-7639
653
-2578
-2444
-2807
7216
-9588
604
2323
8201
2912
-52
2589
-9517
7069
8033
2134
4235
-7727
-1668
-3484
5192
-8316
-5200
5964
-6657
6750
-2788
2583
-1565
-3318
-2917
-5203
-1225
9416
5833
6980
4648
-8060
1331
-9019
3740
4097
3842
-8120
9560
-8584
120
-5549
2490
2571
2808
3693
5147
746
6940
-6721
-9777
-2927
-7721
1068
1311
6176
4777
-7795
-2895
-3939
-4743
-8791
-6325
-7525
1901
3456
-838
-154
-6356
-7634
-5348
7460
7710
-6643
-5981
825
-5921
-2557
3303
7271
3433
3827
-2992
6422
-4508
344
8287
-5961
8387
8804
6307
5090
489
787
3297
3580
-8879
-2557
5322
8901
-5254
1923
7726
-6633
-7449
-6924
-9881
9971
9219
-1837
-4014
-3058
-1025
7628
6633
8105
-2581
2484
-3126
-300
-8911
9930
-2405
1720
122
9185
4128
249
-3786
5281
5603
1634
3607
6592
9124
9379
1049
-4919
132
2266
-9399
9070
-3083
7585
-125
1928
-7842
-4826
-5533
-3688
-3683
6531
-8287
6797
-7485
9789
-3621
-317
8003
8499
349
3095
5452
6416
-8507
-2156
-1767
8397
-7660
4145
-8514
8769
-3489
-2326
9342
6189
-9107
1162
-4524
6293
1029
-8771
-3883
7422
-6374
-90
325
-958
832
2056
9399
-9338
1767
-4183
-3338
9309
953
-145
1045
9183
-4448
-3964
-2654
-6700
6354
8950
7121
3142
-1132
3066
6353
5992
-4123
-4359
4817
476
8144
881
4025
-3807
-5212
-1483
-2464
-801
209
-4973
-1126
-9434
-4306
-632
6161
4331
-6346
2795
-3976
3766
2447
-2457
7481
5792
4299
2904
3454
9649
8957
5455
8417
-7740
2607
-7984
-7481
-3099
-2550
7429
834
-8953
8329
282
-3658
-2511
2753
-9758
-2038
2578
-9517
6000
5834
-5473
-2510
4837
-6142
-6454
1001
-2485
-647
4885
4820
8566
2280
-8548
9310
-6045
187
5490
4436
-7723
-664
-4784
2416
-9606
-7653
1212
8401
5047
-8454
-417
-8675
-6659
8420
8820
5237
2295
-2935
-8583
3972
-8298
2001
248
-2502
3370
-6294
7700
1080
-3735
4910
-859
7909
9473
-2461
-8637
6296
2133
-9456
-3297
-9917
7542
-5239
8804
918
-1706
8799
6850
-202
3162
-7016
-3392
-4599
3422
1348
580
1442
2503
-1776
-8413
7707
1044
5939
-6645
7226
-6172
9069
-7523
-7358
346
-7137
-1336
-8969
-3058
4745
9250
1808
2436
-9745
-7319
-9622
-4989
2516
6400
-859
-2028
9139
-5007
-8380
-7077
8551
-2043
-1053
-7387
6488
5031
2101
5418
-861
-1258
-6577
2624
-7437
4031
-1016
3625
-2716
-2845
-6741
3711
5268
-8325
6389
-7728
5332
-8088
695
5353
1414
3512
-2118
-2752
262
-8939
2138
9701
3271
242
9932
9735
-7286
2730
-1683
-8567
7338
9915
909
-2115
-89
-5500
-1650
2420
-6062
-6024
-9977
-775
1289
346
4559
4888
-1323
891
6090
-9320
4514
3873
-2081
-5775
6541
7898
9609
4179
3198
9946
-2847
-7900
8484
5761
5057
-507
-1551
2798
8809
-9282
-3401
5382
8524
-8745
-7479
8682
-7644
6342
107
-2637
-9503
-6449
8038
-1757
-6351
-4546
3697
5255
-3503
6337
-2873
-9680
7674
4399
-9821
3440
-1170
-9873
4541
-1903
4477
-1672
-9373
-5709
1779
-6075
-7119
6972
1423
6841
8655
2395
7586
3430
-3778
3080
-4559
-4347
-1653
-7742
4972
-5744
3826
7024
-3883
2435
-6252
5654
600
-6495
4793
176
-6647
-6799
-9764
-7872
3156
7903
-5657
-4517
-7092
-1940
8503
4191
4264
-9979
4794
-4649
-6994
1218
7693
-4876
-9602
-1115
7213
-6798
-7879
-4278
1998
875
2553
3911
2935
-1389
7225
-3481
7598
8036
-1238
4800
-313
5496
-2622
714
7121
-7189
7805
-1913
4608
-6289
4847
-6711
-6074
4668
-1490
-2511
-1107
7535
2114
7126
795
6823
3564
-6636
9403
5989
-5533
6686
-1955
-1308
815
1836
933
8390
-387
-5618
7555
3878
-478
-4707
9679
6720
-7520
5602
1
-1545
-3934
10
-3028
-2602
1316
-3316
-4081
2405
-3436
-1893
-745
437
-6377
-5
4929
-9590
-3794
6737
8050
-8782
-5183
492
-716
4592
4988
-993
2749
-2272
-4601
-4610
8442
-7563
9245
1205
-693
-6804
-74
881
-2332
3177
3901
4433
-7904
4310
-7559
2225
2393
-417
-1786
8946
-4310
5488
-8415
-6365
2304
-877
-2894
8474
-3292
-8368
-6132
4436
-5802
-5877
-2719
-6537
-596
-8810
-6013
-6398
-817
51
-5391
-5872
-7072
-8693
5421
1790
5047
-4078
1503
9228
-3517
7409
-7820
-9141
2325
-1201
-3102
3448
4349
4528
2187
959
43
-3578
6310
7043
5046
8474
-836
-410
7659
-1133
-7453
6625
-3899
-1873
-9526
-8751
3224
-5058
-8658
-1986
-5491
-6827
-8992
7889
-361
-1944
840
1264
-1837
-2186
-1870
-2893
8408
7566
9350
9877
7551
6717
8962
-8349
-4694
-6232
7029
-3758
-3321
2835
2434
-9417
7594
1412
2144
-676
-4494
-7015
-7699
6134
9620
1256
-4939
-2186
-2078
6115
9349
6854
-4967
-1817
2041
2377
-6962
-3155
3661
720
1229
5724
-2916
-5809
4480
6527
-9111
4703
-3048
-5847
8836
2549
-3490
8863
7192
4209
2257
6818
1668
-4072
5072
-3833
-35
76
-6466
4012
6694
-3941
5244
-8723
-8041
9484
804
4516
11
-6003
-2042
-7989
-4299
-4217
-2466
-2944
4534
-3648
-8534
9670
-2211
-4254
9039
-2170
1336
8210
6716
6847
7521
2649
4066
-752
5223
1855
6622
8993
-267
1692
-8020
-9922
-3193
-2816
4348
-4677
-6590
-9301
8036
4332
482
7253
-2605
8476
2994
-1203
7696
9232
1656
-2158
-8189
6483
5089
-9805
-1750
2059
56
2749
8327
414
-3907
1966
-3219
-674
-9934
3224
2519
-3490
6497
-5563
5733
-3164
-749
9358
-4076
2228
-662
-1648
7799
541
-1962
2644
-9002
-7401
7005
-2527
139
6718
5957
-3949
8955
1423
2248
-6056
3180
-8112
9356
9901
-8796
-3996
6897
-4573
-2256
1873
9953
-9035
-9130
2089
-9694
8438
-4366
-6931
528
5138
-1440
2770
9137
-7438
4346
-5086
9126
1396
-3610
3213
-6971
-1030
-5435
9280
7685
1804
6960
3391
9151
802
-6399
-3582
5779
1559
484
8412
8473
5029
-5306
-3156
3105
-970
5072
-7016
1026
-2800
9451
7813
4559
9125
4479
-3874
7437
4911
-3672
-9563
1300
5269
-2542
-8941
-3071
4639
-4844
817
-6948
8578
8068
6982
1485
-3116
-8839
2450
-9280
3207
5074
-959
7940
-2666
6543
5869
-1072
8695
9431
5464
-7645
2254
4759
3361
-1741
-9455
-9936
6099
-8696
6412
3159
2918
6966
-2413
9992
-1534
-2274
-3571
-5227
-2667
-2447
-2509
-586
8942
-5559
-1932
-92
5342
-1701
-3615
5090
-6830
2406
2167
8983
-7946
2967
4142
-3259
5089
5445
7478
7049
-5126
7416
8571
-6377
861
1006
3223
5016
-6821
-8782
-6582
6098
-6747
-951
4168
-4575
-6341
1234
-7896
-3526
-5546
7863
-8171
-616
-696
4450
-2831
342
8611
-8973
7473
5940
-4269
6392
6264
6534
7823
5352
5785
9035
-3750
-8325
-6019
6915
6701
5221
154
8272
0
-5228
-5826
-6595
1321
-1634
7497
7708
-9982
-7016
6048
4090
-4078
-7476
-4677
-4344
7237
9404
-3144
-1700
-7367
-4683
-1255
-1146
-5033
-3730
-3783
401
4884
4761
-8764
5538
2997
9107
9281
346
-8994
9411
-2936
1719
-7258
-240
-2199
-9934
-2440
-5769
-598
4892
-2827
9260
3133
2619
9961
-4955
-1541
-408
-6578
5147
-6675
-7854
-6079
1777
5354
-670
5537
-3107
9438
7065
-7006
-9995
5659
-142
-4784
-7897
6133
-728
6548
-3447
1483
8713
1328
2743
-5635
4844
5982
-9955
1509
1487
9767
-275
2537
5169
1329
-6172
-3457
7389
1770
366
-9790
3239
4932
-7955
1784
-9706
3475
-6785
-2473
3546
-8086
6462
-8497
-5674
1452
6913
-3312
-7566
-9809
5672
9486
-2608
758
7460
3593
983
2985
4359
3373
9037
3880
-3896
7493
-2694
8605
9343
-479
4246
1930
-4735
7479
-2657
1353
1735
-1094
5809
231
1662
5435
1521
7009
1500
3061
-6717
9070
-2773
-4940
-9948
-7777
-7436
7318
8589
6224
-5381
6792
4345
3983
-6011
8614
-2141
7943
7293
-6064
6346
9788
-5801
7097
7024
1843
-3296
5680
-9532
2293
-2205
-6370
5750
-2336
9066
9339
-9944
-2915
-9657
-8781
486
-9567
-5698
-2114
-8097
8378
7946
8155
1560
9142
5148
-1174
-6118
-6563
-9569
-4079
-1974
7335
-7181
8521
-7972
-1035
-5672
-7032
-4966
1472
8168
1660
-2892
7456
-9745
1157
-376
6465
7550
-4169
-2906
8344
-5508
8819
2367
7277
-7998
-5642
-9466
3690
-5380
-1764
1150
-1594
-2963
-1420
2489
-4483
-15
9300
-2484
-7825
-1355
798
-2823
-2971
-2213
2042
-8109
905
-8541
4138
683
-7840
2870
3215
-4927
9923
5801
6609
-4951
8932
6523
-8499
-3853
-5749
-1963
-8899
-8495
-7023
436
-5330
2590
1530
6200
-7977
-4128
9257
-5855
-9155
-452
-9488
-2259
6094
-5781
-8949
-547
5488
9004
-8221
-2921
6950
4735
-3987
-3774
-2149
-8714
4768
-1837
7587
4541
2293
9608
3066
-8080
1468
9680
3212
8023
-8842
9287
2053
-1800
7290
-9539
-876
-4158
-5202
8780
-7570
3530
-7500
8786
-6931
9305
5062
-4385
-2169
4584
9020
6506
5838
-622
-1410
9359
-3653
2411
6570
8443
-4911
-9097
-7944
-1365
4569
-5149
8640
6961
-411
558
-231
-2224
9523
-8320
1598
-6112
3121
4912
-580
-9393
6831
2979
-9461
-6278
3145
-9235
5510
-6723
-1833
3458
-7038
8550
-5293
3047
-2130
2158
-5904
-8878
-4650
-1092
2399
-5176
8313
6809
-234
8686
6549
-377
2194
-8266
8397
-5109
5523
4115
4139
-2624
-9532
4562
-7251
7981
-5556
-6401
-2213
3485
-909
-5678
-1321
6002
-3988
5685
4526
6877
-2168
-4090
7718
1085
-6445
-6620
7391
-2642
1480
7525
7928
-9365
-2696
-8173
-2978
5298
8116
-2370
-4001
-7475
-9518
6092
2613
-2203
-9798
-3552
-391
4579
6186
-4647
-1480
6566
-1009
-8406
-3609
-5712
-7895
-2201
7095
6539
-5063
4464
1041
6711
8425
6539
3368
6289
1751
-5740
1229
-8956
-9098
-7362
-4794
-7446
6034
-9083
-5426
4222
6087
4286
5595
3969
1814
7964
-1615
4089
8819
-7970
1651
-9365
-8102
1393
-5827
3091
-3257
7169
-155
2779
6297
-1171
8451
-2918
-2789
692
7959
2986
3447
9047
-5670
-4742
-2013
-7726
-154
-1940
-6503
-8919
-6018
7610
1653
7311
-1115
-479
-3216
-8561
-5323
9875
-1985
4194
-8247
8003
-866
5702
-4380
-1255
6217
4742
-5047
7648
7024
4015
8438
-3326
3737
970
-7163
-5861
-3018
1940
4326
-5329
997
2330
7831
-3270
9555
7927
1582
-9392
-9836
-3280
-5604
-5542
7153
9949
9216
-8819
-2333
6105
3473
-7350
2615
5706
4807
9358
2384
-1016
5389
6368
-1073
1655
-334
9237
-8339
-6542
-6368
8338
-901
3026
3495
-4542
7764
3516
-2793
1042
793
2062
-2197
-7481
-3248
-2369
295
-8107
3121
-9824
-9985
6641
-5941
2059
-4147
-7334
-1285
9730
1370
-5898
799
-7792
-7559
2844
8105
-1060
3118
-5240
9402
9171
3904
4509
335
-2756
2555
-3790
-1342
1554
1253
9643
-9846
-9564
-8751
8633
7270
-4959
-3540
8046
-7241
5686
-3364
-9554
-2721
-891
2194
-6297
2164
-7509
2470
9665
6227
-4787
7014
8185
5801
-8768
-3774
-5965
7295
2239
-8184
9555
1416
4223
1552
-700
-3566
-5745
3169
-8114
-1763
-6938
-5645
-6893
-3511
3395
-6983
-1522
8454
-4658
-6748
-5791
1140
287
4664
-6111
-4738
3355
-8479
1239
761
-4559
3716
-8774
-5176
6504
8547
-8542
6421
-8983
-844
-994
2719
363
-6447
-5422
-9234
3615
-2345
5047
-5288
6194
4422
-3625
8523
2581
1918
9127
1799
-9134
6596
9299
2559
3948
267
-6245
3079
242
-1627
4820
9317
-4914
1332
203
-6525
7676
-8347
-8099
-1598
7907
-636
8589
3103
8178
-2404
-9005
262
9190
6934
-225
-9778
6437
767
6144
1353
959
-624
9871
4318
9334
-3915
6676
-2273
2992
-4459
-8405
7572
-7012
-6330
7243
1442
-1084
-5605
8302
-7803
6753
1091
4821
2637
-8447
-8408
-7226
708
-3475
3170
-4199
-7743
-3592
-15
-4482
8972
-4723
872
-8150
-5468
3397
2194
-6265
-7368
-9774
7714
-440
-225
8695
3192
-7460
6465
-2249
-9218
341
2298
3814
-1174
1644
-107
3579
-2001
7433
-4266
-215
7018
4700
-3814
7981
985
1965
1789
-2102
678
8639
4597
3429
-5148
6977
-4420
-2803
8504
4554
-9096
-7995
-4579
5605
379
644
-675
-9461
-1484
9469
-1844
-6104
-9670
-1845
1249
9404
-8146
-6024
-9734
-7208
6042
5525
2453
5793
-4031
3836
3947
-4449
-7680
4742
4547
4088
3512
-6762
8015
-3198
4061
2257
-1300
-4399
1091
8299
-6309
223
8718
325
6067
8279
-8307
8786
-5872
4491
-828
7371
1262
592
2352
8059
-8918
9286
-9363
4725
-1450
-1925
-1527
3588
-4445
-6224
5830
1726
-728
-5580
-2233
9836
4651
-3085
-2812
4620
-8526
-4494
6474
-882
-2330
-8378
-5487
-390
9484
-8426
-1657
-8857
8549
7724
-1642
-8015
2144
-9544
-2860
769
3922
-5741
6757
7619
-6222
6680
-697
5618
9671
-1769
-5544
8547
1863
-7765
5266
-7330
-2647
-4412
1456
-7102
-7931
289
7396
-535
5022
5563
9996
2793
-8458
-8600
1744
8997
7206
-2819
111
-852
6832
608
5812
-4855
-1153
9967
-8015
4522
-1039
-6614
6090
4914
-4826
517
5248
-5004
-4247
-7424
-4093
-9816
-4239
2565
3690
-7700
-52
-6410
3041
1436
2288
1757
2959
-1933
-9722
-2808
2201
-3786
-5778
-3001
5715
-4606
7358
-4413
-3278
-7073
7848
9975
4072
-9707
-7727
-3722
2332
-2493
-6872
-1420
-931
-9754
9405
-9634
-4311
-7226
-367
-8956
5101
3699
-1259
-2359
6021
-9318
2000
8036
-8719
1276
6624
4911
270
9117
627
-4466
-8037
3882
-7030
3370
5490
1130
2236
-231
55
4692
-8696
-4821
-1523
4850
6284
-4597
-3012
-3999
-7460
5743
-4786
-943
4040
5981
-9324
9966
-6254
9874
-4750
5957
2028
-1596
6103
-1823
-1494
-6920
325
3641
1491
-1936
9036
1781
1586
-4380
3100
-1410
-9932
2862
8944
7403
892
-8458
-9503
-1135
7269
5777
-2975
-1119
-708
-9347
-3190
3799
2458
-7773
206
-860
-3102
-3402
1061
-8456
8809
-2683
7817
4744
-2218
7086
-4835
-469
2182
-6010
618
-7373
-9923
4235
396
1591
-5702
-8612
-8122
6526
-4131
-7098
-4186
-2114
-8423
7363
-2711
342
521
5921
7769
3906
-7706
-5995
7976
9155
-2057
9281
-3612
9058
1923
3253
-5015
-5321
-6761
-1273
-568
-990
-6333
9432
7315
-3165
5640
364
6201
-5264
-576
9399
8050
5316
-1383
9187
-2074
3609
-3342
5235
4826
-1445
-4501
-1554
5164
7209
-3576
-9372
2633
-2947
3087
-1854
-3075
4077
-3853
-5137
-9706
-7193
4484
-6522
6499
-7886
-364
4966
-9651
-9821
6043
-9891
141
-1458
-1501
-4402
8902
4287
-3748
1600
4375
3613
8359
-7250
-3104
-4431
8163
-1263
5361
9233
-5396
5314
4312
-4289
-8513
-2790
-1533
9903
1270
5875
-7153
-2446
-7615
-9382
-933
-8392
-4164
827
5286
-5834
-1931
-6021
5092
6597
-6105
-5802
-7597
1235
8706
6421
2294
8289
4142
-4985
2275
-1523
-9861
5006
-540
8216
-3316
4197
900
9754
-6851
-429
9367
5684
-7134
5898
-2148
-9554
-6207
-9081
-6310
2771
6669
-9613
8008
-925
-5544
-8227
6094
8676
-5962
-4851
-4916
-171
2670
1937
-2852
8362
5370
6711
-5365
5401
-3362
2662
7570
-1219
-6003
-735
9195
-5651
-8879
7644
8816
9852
-3550
-2814
-567
5048
954
6149
2780
2354
7473
-9289
-2724
-1347
-4011
509
8255
4837
-6814
-3432
5146
6062
-6724
7254
-7734
-923
-7034
-3580
7748
1624
-896
9702
6368
-3991
-6730
8068
-3960
-1292
-8733
2832
5503
239
1578
8825
3115
-8730
4475
-8295
-5693
2875
-9970
-3428
-9508
-8557
9525
-8461
-4914
5881
-1772
-4275
696
-706
-7738
-4686
-402
-9173
72
-8007
-9881
7759
-9428
-8019
-515
3434
9819
-9605
9934
-2103
4276
6897
-2497
-8900
-9011
-8279
-5381
-4187
1607
-6384
-9310
-5264
8832
-2016
-1708
-9571
6587
-847
2535
-5499
7473
-6905
-8606
-9991
-5475
1119
-3135
-6731
1921
2380
1807
-5144
7324
-587
-4579
4120
-1754
9530
9572
9932
-1412
7204
9630
-3261
-9548
-7146
5479
6007
-3354
6464
7393
-812
8114
-6027
-4753
-663
-2845
-5331
9164
3035
4001
-9391
-9463
5284
2121
6965
1792
5348
-4175
4347
-3016
-5704
4030
-3519
6942
4069
2756
9323
-7051
-1583
5496
2505
511
-7579
7691
-5781
-7593
-2762
-5688
4175
3551
-7845
3260
-8669
-8037
1053
3273
7458
-7276
-183
6720
5136
-7372
-9657
538
-8506
5432
-4329
-9306
4809
-2276
4462
-9770
-3432
-7278
-1884
6646
7898
3752
-4022
1968
-8398
6195
4640
6864
-6728
-3776
2094
-3641
-6174
-9834
6361
-1989
-86
-3856
2823
-6695
-4009
-1665
-263
-4352
1430
-4312
6423
-8409
3249
7172
23
7923
1426
-5386
-1111
8368
-7112
-9431
-2716
-5427
4671
6684
2742
-5100
-2489
-3574
1900
2949
3608
6570
1491
2641
5636
898
5185
2465
-1509
2863
-4126
7468
-1434
889
6428
-7303
3396
1457
8630
7043
-4417
2710
1739
3226
3569
9503
2130
-249
-4765
8055
7037
-7434
-9337
-5767
-8467
-6745
-4028
-9071
1866
3033
5934
1385
303
6281
-7786
-7033
6653
8960
-5784
5265
-8900
4036
-5818
2734
5478
2829
-6906
7358
-2860
-1677
-5609
2497
-3184
-8062
-1745
8926
8523
7964
-6643
-4316
2701
4842
-4927
3296
5713
1594
1306
-4622
2179
-5871
-9472
1606
-4984
2714
3298
-7521
-8899
-3411
-2579
-524
9865
7687
-3382
6350
305
6852
-3019
8866
-6443
-7377
-6810
4089
-102
9108
-8413
-4878
-5687
2808
2645
-4908
2355
4417
-5390
7773
3215
-9901
-8789
-8055
-4935
311
-9594
1278
134
991
-8285
-5238
-7717
-4601
3056
-5665
-1112
-1949
593
-8891
-7378
5189
-7291
-1831
1803
2806
7772
2160
8736
4224
-673
6068
-1367
-718
4054
-1923
1264
3466
-3512
1925
5795
-5989
-4968
-2002
5593
2795
-7980
9487
-3997
2938
2915
4068
-4513
-1164
8221
3508
-528
-614
1785
7579
-349
-2050
-8521
-7793
8672
5680
-3394
4469
-3308
-2333
6609
-8833
993
2862
-9845
-2756
-1084
-8528
9935
8903
2889
-5342
-8120
644
-9501
8821
-4934
-270
-7068
-8269
-2692
9463
-545
3449
859
-4482
3294
7768
5811
2238
5009
9011
-6088
-3531
-7494
3052
-4282
1391
7003
6156
-1926
-9119
-7235
-3923
82
-4791
6081
-7747
6843
-408
8760
8501
9903
3750
6752
-8418
-8637
-1701
-9738
3519
1724
6264
7395
231
1228
-7489
5822
6002
1538
1083
-2313
8015
-4453
-4724
4918
8035
9737
3564
5653
-4827
-205
3144
-6245
-8702
8553
8481
5182
3619
6255
-9754
-2418
6937
-4644
4284
-1166
9904
-5371
-2397
-3628
-3786
5420
8340
-3422
-9939
-7301
-6992
-3539
1632
8662
-1265
4993
7952
5053
5802
-2640
6015
844
-4122
685
8012
2226
8931
1233
-8063
3357
9336
6261
-2346
-9755
5688
-5605
8232
-6613
5606
-7148
3090
-6626
-2364
7451
6082
-484
5491
133
-5936
-743
2105
-4201
-220
-7273
6378
-1
5946
4490
-5912
-890
-9217
-3982
5816
-786
-5059
-7385
-1114
-3728
1814
-8201
-2467
2874
817
-6170
-5337
-6993
9018
4980
-7220
2344
-8566
-9637
-8583
-1470
1387
-1934
149
6421
-4444
-3733
-3512
4365
836
-5561
-3353
-8572
-8668
-6135
1301
2631
9989
-7799
-8789
6266
3062
8487
-7070
8063
-3856
8657
2243
7531
-8915
-7147
-5294
3499
-5113
-4020
119
101
9951
-6302
-6307
-5734
-7362
-3126
-5277
-7093
4272
5868
-9654
1417
8124
6440
1466
8043
-8334
9222
-1864
-8247
-9662
-6335
1335
6200
779
-1558
4504
-7844
5905
8407
8846
2862
5300
-8522
8034
-7154
4067
5454
-2196
-3753
1716
-3930
-7498
-7422
7723
-3158
-7844
3618
-6084
-279
-8710
5187
9524
-3549
4407
-4942
9833
8337
816
-7307
6145
5351
9873
-9052
1928
9669
8638
7496
-5438
6823
7431
4601
922
4764
4328
7969
-1309
9081
-1283
-3550
9245
-1721
-2657
-6813
1052
-2195
2635
-1108
-140
1305
5571
2073
-7006
8912
-2017
2061
-3642
-3568
-7629
6348
-476
2346
-1471
228
7024
2560
-6601
-6711
4108
-5053
3747
-8070
5194
40
-7901
7119
-2349
5443
-4968
-8541
4188
1022
5174
-2634
9453
-2869
7880
-5388
-3791
2088
-2792
530
3028
-5842
1072
8616
4196
-7231
1429
4877
8723
-962
-3053
-5424
-3398
6345
-210
5646
9383
-2050
3346
3484
7238
-3645
2016
3598
-3803
1687
3213
-2220
-8505
3973
843
8377
9577
-4811
-2499
2262
-2871
-5461
-4058
8797
-1187
-2919
-2529
-175
-4886
2550
9963
-978
-9986
-8377
-1244
-9610
-6628
-3901
61
-2596
-4658
1110
-8303
5787
7478
8907
-3579
4181
6927
-3141
-3761
-6001
-2888
-5862
7330
-5490
-7135
-5082
8314
7378
6095
-214
-9984
-3613
8288
8609
7022
-9099
4132
-8203
5196
-6818
-2543
1695
8837
8769
5708
-5933
-8403
-6805
1726
9827
2968
9287
9548
7294
5167
-8463
-8527
4347
6282
6274
5133
-1214
-5914
-5284
3157
4697
-396
-2151
-8740
-6810
-4293
-9128
4151
6352
9673
-8385
7531
8285
1609
8700
-8324
-4765
1379
5933
-3497
-9505
-9571
7309
-3652
3228
2512
-598
-2001
6217
-8876
3400
-4830
-244
7766
5453
91
-3646
4058
4375
3794
1500
-3604
2074
-4060
-2045
-6569
-3112
-4798
-6038
7086
6287
-130
-4415
-2277
-1584
3242
-6193
9325
1132
7800
5023
6005
-1128
525
3300
-758
-8545
7988
4857
-138
2968
-4750
5208
-5025
614
-5856
5454
1719
1709
-562
7280
301
-7185
7309
1752
-174
7574
-7514
-7189
-635
-7144
8985
-6606
6888
-9541
-4905
-606
52
-5725
4610
3615
-4221
6074
-4861
-5714
-8890
4525
-8247
4089
7409
4104
2398
9666
6536
-6419
-486
7885
4100
4784
8227
5667
8901
-4882
-6788
7542
4403
-8387
5457
-6647
842
6887
7276
-5236
-9470
-3482
-9877
7527
6559
9969
-6469
-510
6994
-5320
-2548
9114
2139
-5599
-6443
3047
-5815
-5017
-4045
-7286
-6784
-1600
1904
136
-9368
-7559
-3970
-9421
-8610
-8402
-1437
5071
-1660
-437
1166
9692
-740
-2055
-6489
4436
6255
9641
-3670
9038
-4729
3007
9860
-8377
2366
7696
-5317
8402
9868
4241
-7589
5396
3677
-6865
5496
1649
-8350
5047
9114
3583
-5985
-520
6797
-8761
4508
7232
-5372
407
-5056
-406
-1661
203
-121
6936
-2919
9942
5757
-7613
-1251
4117
-3497
-3474
5064
-9776
9490
1280
-6382
7041
1742
-9639
-441
6134
3024
-6864
-7694
-4849
-3548
9271
-461
5766
-3142
4748
-5225
-7788
3015
-8534
-6328
-2705
8873
9661
-9941
4200
5222
-3096
-6957
2392
-8460
8985
3152
-3374
968
-6624
2664
-6231
-6063
9150
-9997
-6589
-7636
99
5556
-251
-2331
-8699
-5527
-5559
-605
-5644
6776
7646
2928
9435
8961
-1853
-71
288
-7944
9792
919
9400
-9437
-8210
9735
-4864
8303
-8784
-8677
-943
-7311
-1744
9047
-6863
648
-7140
1275
9082
-9747
-2379
5326
6653
1964
-9811
6980
1425
1289
5450
9806
3837
2571
-5379
9513
4600
5348
2639
1396
5845
2536
-5129
-7688
-9199
-3752
1903
-5191
-5731
-2912
5081
5456
-9509
-8928
9044
133
1572
4290
8558
-9688
4694
2874
-2412
-201
-10000
-4457
6151
8874
-9081
-7676
4315
-1019
-9321
2350
-6695
-2701
8812
7096
635
-9337
4818
6839
8144
-5160
4350
-8453
-2096
-1075
3920
-7104
-1308
-389
3723
-5175
-8040
-3183
-6970
-5757
7108
2023
2252
385
-5997
-2827
-7128
1352
-9341
5396
434
3914
-3539
-4797
1471
-3585
7817
-3696
-4596
-3886
5051
9807
5500
9172
6468
-2842
-6767
8154
873
-5368
-1112
2216
6737
4486
-8202
1938
-3799
-3853
-5146
343
-4599
1986
-8265
4828
1469
4047
9213
9070
2905
8138
-8734
-5751
7309
-5585
-6723
233
389
-9216
-8396
-7980
824
8996
5152
-9511
8214
-1269
5140
-6798
-5592
-5463
2915
-4149
8742
3268
7556
-9041
4423
3864
9971
-7232
1237
9516
-5810
-8632
-495
-6332
9081
1556
-9573
1889
-3936
6506
-1606
1527
-2066
-3183
-2208
-5745
6611
6763
-9347
-1792
4697
4592
-2927
1013
-2221
6599
-8950
5740
4735
-9988
-9073
-7553
-2051
4804
-2104
-8903
5892
4975
-3914
-1285
6812
-147
-7331
-5185
7403
-943
6020
-8455
-9234
-350
-6046
-5319
1947
-3432
-3421
867
4333
-3130
-621
2259
-7399
4086
6470
6261
6494
1473
-3025
-3489
2202
4688
5278
-3288
2705
8290
-6466
6907
3964
-9021
6509
-3768
5932
7532
1049
-5425
2459
2650
-7298
3235
6386
-5494
1871
-1614
-4802
-7637
-4864
4928
5583
2675
5492
6441
-8060
8527
682
-8779
3378
-3685
8507
-9388
-8627
-6904
6184
7645
4811
2023
-674
8339
5514
6793
-1248
3606
-6089
-2416
-8744
6847
2133
2042
-3695
-4946
2040
-8245
7739
8280
-2750
6778
8311
4522
-9785
-7832
-1305
-712
9317
9281
-8010
7428
-1512
-4723
4229
5332
-7179
3317
-8735
490
3703
4353
-3492
7343
5067
-4564
-5776
3117
-1464
-1628
-6323
-5046
703
-830
9645
-3351
3099
-7258
75
935
-1840
9884
-9342
-6380
5910
-4836
3999
856
8151
-3285
2827
-1692
681
3677
4062
-9244
2320
-9755
4712
5416
5564
-7231
-3296
8191
5569
-9070
-89
8056
7164
7425
3539
2958
4031
7800
-1760
7074
2788
-4359
1032
-5735
-3022
4708
-3188
-1868
-2562
6096
7788
2702
-1181
-3422
-2493
2664
-1460
-6833
-6729
-1126
-7644
9177
1793
-2837
1253
8900
-5693
-3598
-3208
-3093
-5879
9254
-6832
-4193
585
-6912
63
-310
1872
8911
-1937
-2051
-6959
1246
-2534
-249
2135
1451
-519
4291
-8630
3449
-2428
-700
-7448
-2185
3743
1041
2236
8102
9651
-3862
-2483
197
-2874
-5365
587
-4158
-120
-6435
5593
-8009
5027
8599
-2148
-7392
8411
-7445
8557
-4290
-2335
7457
-9052
1528
3307
-1902
4716
8032
455
3329
-1906
7162
-4985
-5334
5691
-9906
-8561
536
962
-6028
4392
9108
-3962
-2080
-6237
1614
2847
-8203
-6880
-950
-8031
7985
-3583
5323
3915
8435
7797
-8447
1918
1929
9166
494
-2246
6495
3238
-5445
5529
2289
-2046
2409
-2210
7996
-4773
-3199
5146
9382
5478
8073
6
-5702
2622
-7423
-40
-6697
-1719
-9213
403
1593
-7538
-6662
-5491
-7891
705
3231
-5977
-1141
1416
260
-3785
9484
5532
7319
-832
-9833
-6102
8881
6493
-5960
9835
-5980
-8726
-2149
1537
-9959
-2194
-8640
9989
186
-9929
8347
8671
-9730
9148
-6582
7804
-8997
1080
1582
5293
5495
-2868
-306
7317
4280
1544
-9866
1210
-2471
6840
1459
7021
9010
41
2776
6298
3934
-2549
1409
8004
-9909
-1501
2366
5879
-5930
-3589
-3660
-1744
-6999
-1632
9718
-1498
-5354
-8459
-2003
2754
1830
3427
-4721
4131
5787
-4766
8449
-9993
-2168
-5200
-9257
-6531
-6646
3406
-9545
-2729
7870
7615
-7308
3320
-20
8340
6797
2292
-238
1948
9169
-5977
-9907
-2770
6727
8110
-5082
2350
-3832
441
-6986
644
6769
-9003
3796
-1446
-4510
-6655
178
-6451
9997
-5561
5119
-7467
7358
-1121
-3147
4491
1682
-6853
8329
-6121
4299
9712
1352
-4474
3332
-3286
-116
-3929
970
-1750
588
-9005
-5034
185
4199
-9922
-3333
5259
5458
-966
-7897
730
-5469
-9971
-2376
3639
-291
-7010
-2854
4554
-8532
-6964
-3043
-9122
8849
-5320
1813
3120
944
1077
-5553
3615
-9474
976
-7114
-6063
7543
-2264
7837
-9356
4645
-2308
1414
1613
-8612
5299
-7065
7839
1214
-7019
1817
-6298
-7438
-5864
-578
5774
2109
-7363
-1173
6132
-4419
-7706
9175
5007
5197
-2779
-5414
3600
-5866
8216
2323
-7016
-9551
-2935
6289
408
590
-6198
7783
-9474
7659
9164
-4979
-6302
-8627
583
5701
-8827
-2204
-8708
-9054
2099
-2226
4098
-9591
-9839
-2383
-2493
9390
9259
-4248
-4303
-4985
-9478
-56
4597
-1355
-4421
9367
-1773
8515
-7859
6541
5489
-4513
6992
-4910
1279
-9474
-9262
3224
3435
9190
8752
-4268
-8195
8218
4817
-2227
8052
4740
-6588
-335
-7096
4587
4017
5967
-7809
-5409
273
8049
-9536
4085
7287
5949
9418
-1021
1418
4753
-5044
-6385
-3146
-8593
-4713
-3937
-8122
-6319
514
9328
-1411
1573
-7240
-6278
-5706
4724
-2173
9756
6614
9063
-4900
1220
8815
-7986
-7514
498
-9433
3233
-4558
4461
-6366
3949
8533
7660
-8347
-1446
1425
-3078
2664
-1130
-9483
5327
8402
-1122
7961
4695
-1438
-565
-1649
-6571
6811
3363
-2848
-5635
-2565
-411
1926
8992
6406
4663
-6470
-9938
-4737
-9768
-2108
-3839
-8414
1648
5898
2909
-6482
971
4430
-2860
-5542
-6171
3968
-8972
3026
-7585
-2007
-7734
-218
6690
3493
6898
6393
1333
-9926
2938
-2651
-553
-1874
-8957
581
-5800
-1459
1541
-2059
4898
-2804
-8570
-7643
-7806
-8394
-1433
2931
7117
6505
-257
7478
-5329
-3840
7189
-9244
210
6023
-7901
-6184
8549
8712
4109
7848
1063
7536
-2649
-8179
-4063
1930
6625
956
5336
-6874
2042
-3601
-2945
-33
9341
-3603
4017
-2797
-8200
1800
-4464
-2524
-3269
6433
9290
-6411
9065
6251
9583
-4468
7908
4754
-1644
-3442
4861
3049
-4915
9124
-7724
-5950
-4576
-4050
-9259
3036
3298
-5554
6225
-8223
8727
-2737
-1152
117
3155
-4081
145
904
-1302
-3789
2914
4455
-5475
2421
-2721
-8249
-7762
-7148
880
8629
-2539
-8664
-4452
-1188
9120
-6039
7619
5090
72
1104
15
3695
-9984
3569
-1203
6380
-2988
506
-8231
-7463
-7097
7025
-375
9600
8936
2555
7680
-6223
-2596
3533
-3777
7810
8822
-4327
-3433
-7643
-313
-9005
8890
5271
-6111
-7544
-4680
-3581
-4940
-198
-7851
-7763
935
5779
-672
1134
-6062
-5896
-6504
7688
5120
-4794
6243
-3654
-5290
-9083
-2121
8618
6108
7137
8916
-9968
9367
-4565
5757
-7892
-2512
1071
7848
8584
-1194
-1409
2895
1320
6924
902
-7109
1943
3125
9871
-455
-8250
1131
3425
-9080
9999
224
-7155
-8481
7825
-3762
9862
-8984
-4944
-5220
9173
-4688
8653
-5931
-8045
474
581
1530
-5552
-4402
-1782
8952
7631
3825
3227
1228
-6282
5073
-5718
-6224
-9603
-8801
-1752
6366
-9008
-2147
-6010
-5607
-5426
7733
-3785
-3029
3353
-5477
5971
-4643
3218
-8551
6636
-4490
7840
6780
-8919
7401
1451
-8526
-1862
-5839
-825
7847
-1165
9657
-9916
-5757
-6420
-220
-4050
4870
203
-1603
-8863
1404
-2828
124
1833
6119
998
-3355
8197
8299
-3856
-9562
-3205
-9231
4974
8747
-4039
8253
7625
1308
-5368
-162
4528
9399
7831
-3558
7684
-5214
-7636
1117
-9832
-8092
962
-1488
-9679
287
3586
4545
-1329
-455
9397
9060
-7142
-6427
8677
5211
-997
4710
-8554
-1834
9220
-5977
-4026
5267
9120
2074
-8218
-5087
-1935
0
-1068
8016
8952
-8783
1081
-5698
-3324
-1190
-9457
-2928
-7872
7092
3452
-5445
-8701
-5059
-5158
-9868
-8010
-6945
-1287
-4792
-4476
6201
-8962
3633
6961
-6249
-8670
-8330
2996
-5714
7238
-609
-6729
8682
-391
8041
-6486
6843
7212
9445
7115
-5122
6303
-5323
-7726
6591
4985
3762
-5704
-7428
-8202
-8708
-2441
-4262
8717
-6755
-9653
3719
9372
-6186
-7682
4281
9280
3567
-644
509
8258
9741
-2308
7420
1228
-7677
5468
2842
-2778
2825
-2674
-6583
2287
1343
-6187
5897
-6400
-5265
6794
-2724
-1380
7374
-5277
-179
-2615
-481
2809
-6687
-5205
6549
3091
-7918
-2462
742
-281
-2076
-3787
-9564
5385
-1728
6454
-471
-2409
-3417
-1930
-3280
-6302
-8880
6602
8192
-5253
-1192
5884
9269
-1933
-5734
-2281
9567
-2663
-3813
-5861
4518
-7941
7810
-5053
6911
5866
9616
-9883
-9352
9035
-7772
-3215
4354
182
1896
1630
-1280
1981
-1395
-1771
-1556
-1045
6722
3573
-5027
8351
1185
9107
1535
453
3308
187
951
2036
-555
-1590
6290
-7927
-6709
1851
6332
-809
-6013
-3521
-6794
-8590
-5730
2930
3998
-5686
5919
6075
347
-9805
-6836
-3809
1547
7654
1448
7650
2925
-7295
-5491
3653
2834
-1090
6075
-8600
-296
-2279
1784
-7809
-4609
3865
9292
-9505
-9395
762
9762
2937
-5313
-7072
7885
1527
-9648
1970
-7900
-1060
-7899
8163
9658
2602
5246
-6904
-3857
-271
3840
6018
6378
-8527
7744
-6703
91
-3724
8122
-2148
8186
1318
-476
-5318
8461
4643
6273
8109
-4895
-3527
8743
2214
-3945
-5964
3460
7518
8293
-272
2950
-283
-7126
-1916
-9163
-269
4774
9098
4551
-8502
2479
6458
-6656
8711
7187
-6126
-9527
-6445
-3940
-3407
6591
-5435
4126
-8745
-3209
9405
-7372
-4595
526
5503
8909
-4812
3425
-580
-4262
2800
9233
4291
-6136
-7634
-3219
7286
-4824
-7636
4208
-4886
-4039
1222
4202
-4424
-4291
6895
-5385
482
-1375
-6790
-6208
6421
-8846
-9954
-4044
-9148
8699
5357
-9788
9346
-7001
2234
781
7018
-9773
267
4551
-4733
-5868
-1913
-4580
4715
-5070
-5874
-5128
-4238
-29
3837
-6447
5838
3945
-1731
2415
510
5712
8507
-7381
3975
-1198
-2630
-4682
8622
7811
7437
-9939
6455
-8869
8938
-3877
7643
-2161
3720
1746
-7923
4854
396
-3461
-7422
4124
4736
-1432
199
3857
-8144
7915
5941
-5344
-8334
-7611
6402
-1892
-7915
-7250
-4629
4225
-3191
-8406
8098
4427
3421
-2179
1857
-3851
-8262
-1861
4034
2784
-1523
-2812
9427
836
840
-3070
8925
9600
-7051
-9823
-7590
3584
-7005
-4600
1192
-7742
-3924
-4417
-1684
-6550
1309
-7430
-1540
5899
-8449
762
9778
-8704
-3009
-1075
-9955
-1498
8900
1584
-1956
7200
-1599
4980
-5391
4322
-3077
1699
70
3269
5752
2860
9462
191
-7447
-5478
951
9465
-947
4924
138
-4152
-1202
-5462
-127
123
8006
-7737
-3056
8727
6562
9908
-7422
9595
-7306
-2689
4023
-5383
6024
-1013
9111
-955
-4279
-6728
579
-8610
-3510
-3904
6526
-3100
-7324
-4834
1456
-6694
9384
1594
-4314
-2521
8868
1843
-6640
8610
3919
6124
1706
8889
-5284
4520
3453
1708
-7452
7376
581
-1862
-878
-2939
1774
7869
6394
531
8738
3269
-964
-2334
-2874
7173
5150
-4794
1592
-1494
7081
8837
-133
1600
-2465
92
9133
2886
8630
-5094
-6373
-9976
-2819
1860
1872
141
-6233
-1208
-1374
-4374
507
6059
5539
190
4406
-4926
-4010
-9692
1162
5165
-718
-3962
-1167
-1432
-3731
3905
-2595
-9442
2880
5552
1125
-1938
-3479
-3135
-8170
4290
9807
-3002
-8127
-9160
-9121
8870
40
-6457
-3285
-3836
-4959
1686
4996
9368
5468
1543
8382
-2328
9115
-4174
9345
-9968
-1829
-7011
3665
3244
-2915
9528
2228
-2552
9130
3559
599
-5045
-1401
-6374
444
8311
-3809
-5770
9688
-2061
-57
2193
2553
-8287
2097
-3946
2758
2902
-3633
8328
-4240
-4722
-4311
-2170
7125
-9217
5797
-7757
9815
-7358
-3661
-8344
-7480
4516
3282
-6844
-3339
-8981
2790
-321
3015
-8440
-3581
8592
4550
-415
7804
-2061
-3871
9049
-8819
-6749
2923
-4389
-7035
8220
1017
7868
6900
-7757
9307
6707
-7478
-3861
-7613
-4384
-5920
9123
-1303
-4964
-994
-9794
845
1658
-8842
-5395
-2051
5701
9441
-2576
488
8017
-3854
6821
-1940
-2079
2638
-7457
-8256
-7498
-3052
-3017
7736
-7436
6163
-1456
4179
-6672
3493
6263
-7950
4960
1721
7256
7668
-2525
3293
-339
1567
-9136
-2284
-1723
-6930
818
-2272
-4888
1759
7999
5023
-5660
3027
-6353
-8262
-6024
-5166
-1790
6492
-4136
2610
9526
-6574
8931
-1497
691
-240
2826
5985
9603
2457
3619
-8205
5143
8777
7628
-1671
-9562
-8330
5693
-3231
7298
-3174
-6520
-8655
-1289
7898
6254
-9980
-3758
-4209
5001
9062
4151
-8137
-1755
503
-8411
-7252
-2208
-1278
9902
-7298
-1468
8872
2954
-9691
-8880
2732
553
9231
4791
4347
2013
908
653
-9497
7221
-6342
7898
4754
9914
8172
-7742
3088
2882
-8516
2919
-3278
7367
641
8431
-2978
-4863
2532
3761
1433
5553
-8910
-6410
-4599
-1620
4209
2895
4216
-2593
8789
-7930
-9013
8867
7093
8271
3730
5542
9966
5379
875
-4370
8514
-5137
-5549
5878
6882
1068
-4679
3410
5139
7467
-7269
5629
1019
7270
8257
5701
3989
-6150
4725
-6527
-4162
3300
8821
-5294
-162
-4832
1321
9606
-1311
-8472
2784
-2297
3268
3954
-4428
1762
1239
1758
-6341
-6651
108
7574
3602
-1638
-2339
2490
6496
-1068
9119
-4399
2527
-8258
-1324
-1798
3095
662
6740
2381
7013
-1709
2718
2629
-126
893
-401
-4443
9709
5190
-1302
9315
-3572
7020
5563
9100
-4376
253
-4140
-6158
7241
7937
-1410
3109
-8128
8126
479
-3972
1150
-6776
-686
886
-5291
5293
6135
4237
-9141
9644
2023
-7894
-535
-4900
6802
-7127
-7877
453
-4098
1376
-253
7030
-4420
7857
6789
-1061
1130
8026
219
-9677
1118
5906
2034
5519
-8829
-4403
2009
2749
7551
-6098
2170
-5285
-7869
158
8267
-4932
-5377
-8104
-3503
-9557
5690
1511
-302
7792
-2083
-8273
-389
-481
-2547
8534
2619
5294
-3097
6814
-1498
-3944
-8860
13
-9900
-1627
-6405
-4146
6703
8294
-896
-902
-1620
3634
4718
-108
275
-157
3170
-4341
7933
8905
-1279
-4155
-3495
519
-2112
-7223
-5694
8127
-5307
-1848
1494
588
6636
5435
289
-9445
-1364
5263
2396
2210
7750
-6673
-13
9972
4395
1800
5068
3469
-1353
-887
7182
3702
425
-6746
5629
5644
4176
9244
559
6206
-2469
-7963
-95
2007
8391
-4851
-6442
-6159
-5738
2310
-9915
-7393
5441
6039
4143
876
-3070
1966
4196
1039
2104
891
-441
-3963
-3283
4164
321
9511
3632
3761
-4691
3707
8506
-7276
6155
3907
-4961
2162
-4023
1694
9227
1098
4081
-8159
-8540
-2352
-4996
2462
2360
-9818
4447
-2930
-9070
8726
6873
-7273
-9969
-1278
5929
4208
9598
5470
-3327
-7267
2695
9241
5030
-5151
6439
-9549
-9821
-2309
-9972
-3088
-2707
-2859
-8127
-2768
5070
-7486
-6938
-3101
-2722
-6303
6896
9
-1760
6598
-5317
-8631
287
-2779
3429
3211
8071
5196
-3266
1290
9331
-5506
-5128
5333
-7634
5655
-9458
-6686
7149
117
9921
8521
-6725
-6697
-7139
2649
-1281
-7960
9735
-184
3364
1317
-9139
-6727
-1655
7503
695
2216
3784
752
-5191
254
-3243
-1374
-288
-9744
5624
-7156
9007
-9858
6480
-3806
-2309
-8016
2137
6514
1154
1992
8091
8589
-3687
763
-7282
-1794
3273
-8677
-8888
-4023
-9900
-7781
-8102
9663
-6723
6021
5874
-5641
1916
-1398
2730
7945
8404
-5476
-6523
5959
-159
-3706
2706
7884
9683
9655
3222
5062
-3769
4905
6642
-174
367
7151
-3638
-6370
-1408
-2542
6225
-2450
981
7727
-2115
-1205
-3920
1176
-3565
-3414
2416
-4955
7023
4283
-551
4615
2120
330
6009
-6494
-3584
-5235
5381
7360
-7800
-6322
6519
1222
7588
5417
4710
-4210
-5785
4810
4624
5866
-4256
4978
-3871
366
-8578
-2141
8620
4690
-3238
-8595
-3463
3808
-7152
-1639
-177
4738
1506
1757
-4305
7417
965
-8936
-7273
-245
-6021
-7682
-9777
-3532
5296
8292
1053
-6824
3965
5077
-8647
-4651
6297
-1807
7746
9948
2960
-4761
-1697
9339
6851
-646
-5182
8352
9280
8896
7228
7305
-4549
3826
-8806
-5833
-7574
-2171
8446
-276
1534
-6995
1485
1611
1093
-3344
5181
-7250
151
-2559
3069
1504
-712
1176
-6935
-6812
4534
-7123
3012
1028
3181
-7608
117
-5493
-4951
9209
6043
-3789
9811
-3523
-9870
-6760
-8191
4477
-3128
-5326
-8112
-6440
-1577
3269
7063
9905
-1796
-5362
-6811
-5216
-5348
9957
-491
-8937
-1491
7400
-749
-6372
5955
-2814
-9811
8418
8943
-8451
2179
-2110
201
-5728
-8830
1705
6828
1489
7776
-4596
5202
1299
-8142
7914
-1838
7413
-5941
-7520
-4965
-8118
6022
-7615
-2898
1992
6558
-3814
-6861
-1929
7836
-8541
-3706
2363
-7422
5597
615
-2080
-2273
7407
2875
-3757
3114
-6071
7114
9680
-6740
9434
1144
697
1807
4968
-6209
7857
-8458
-9698
8017
3496
5713
8955
-7959
1665
-9238
3005
4100
7436
1960
-8551
9577
-8528
7034
4397
-889
-5423
3838
-9034
1025
8734
-8621
-9589
-720
-7150
4281
3292
4108
-9354
3971
-1152
-9508
-9456
-5706
-7608
7238
-6454
3796
3325
5611
5544
-4084
-1154
2794
6662
2249
-4706
1307
3072
3866
7534
-6827
-7005
-8791
5784
5623
-205
-5821
9598
4473
7944
1043
-5384
7674
9140
8816
-1194
-6848
-5768
-7769
-794
4565
6224
4842
5857
-7374
-358
-6834
8563
