14900
-2391
5319
-3270
1009
-3727
-8566
-5115
-8340
-3642
-9193
9897
-4230
9540
-1670
3683
-9529
3206
-4032
5439
9648
-634
-3954
7221
5667
6592
3001
7797
-1178
-3112
-876
839
7882
7700
8952
-4151
-8383
8081
-3781
6990
-3488
-1693
-8144
-8925
-1156
23
-3760
-7373
3859
4604
-7479
6864
7201
-1617
1786
-8475
-1570
982
-8033
-6250
439
3740
2772
-7188
3768
5022
-1696
2540
7643
5856
6470
1595
3726
-8818
-1177
3988
4123
9717
-8255
-8883
-8978
-2437
7538
1526
9441
-8528
2681
3924
-1955
-3170
-9977
-5171
2265
-9234
-4701
-6566
-170
-6498
3742
7297
-4806
4989
-3363
-8858
6384
1589
-4510
-6490
1887
4322
9760
83
5639
3978
4358
-5357
-3453
3519
1221
8093
-5807
-7013
3837
-9059
164
-7587
570
5326
-7265
2806
-9963
-1656
7079
4218
8784
1644
5294
-1949
-904
-2034
-5864
-3612
-7472
-9328
-3783
3986
-2084
-1711
-7490
7766
-1311
4005
5672
-9514
5903
1231
4682
-9222
691
6623
-2377
9001
-5933
3272
-9665
-7971
6484
-549
-8770
8408
7658
7094
6236
4063
1047
9111
2548
3406
-8863
5587
-9694
6296
6872
-6664
-6844
2187
-8584
9651
-2296
-4302
-4373
6018
-9724
5240
2090
9945
-3741
7216
7741
7595
2470
-1913
3958
3401
-2895
-6561
-7113
-3378
-5141
6161
2959
7391
-760
8714
2317
-3230
-724
3287
9452
7666
-8467
9493
-7026
-8429
6956
2123
-2625
-2886
5609
1279
4562
-2895
-9235
8644
4970
-3425
-5294
-6117
-5849
-1095
-9712
-9895
-7059
-3444
-9594
-1480
-45
9261
-2702
9324
9086
-3307
-637
-8364
-4791
4744
-1430
-503
7676
-7520
-7258
-8089
-9412
-435
-4191
-1895
5984
4774
9871
-7424
7923
-5296
104
8660
289
-9450
6319
-6048
-9307
-1168
-4733
-8178
-7325
-1282
7308
-5610
-5802
-9788
1482
-4216
-424
1829
3587
-5682
-8942
-3182
1555
5513
-5420
-7274
1689
1644
3440
1390
7672
3407
5691
-1359
-3400
9266
8076
9899
-868
-2316
-6523
-7490
-1791
7910
-6328
3133
-3104
4391
-8548
3130
1388
-4379
-5209
-8147
5749
-2844
-8018
1632
-1303
-7726
2275
-1447
9631
-8457
8139
-2575
350
3956
-1338
-7884
3378
1534
-5320
1735
-9055
2754
-63
-1228
479
-7307
1158
4070
3514
7327
-9252
8159
-6480
4671
9387
-6126
-6963
2363
-7761
4149
-9988
2759
4986
9269
1655
-5602
9056
840
640
4919
2988
-261
5395
189
3480
-348
-5825
9022
-8384
502
-1219
3365
-1008
-2545
4287
2343
4361
-6708
3994
-8513
-3809
1987
-1144
4766
6190
-6624
6758
6334
-5399
1566
-1479
8791
-3003
4968
3294
764
7322
-6111
-693
7745
-9651
-4792
4069
6593
3632
-2555
867
-8783
2358
-1257
-9566
9806
3014
-8095
-1293
9898
-7141
-7268
-3064
-910
6835
-2961
-9603
-4953
7930
2672
-3001
-1629
-891
5060
-3416
-6426
5465
-2323
-793
4676
-4799
58
6858
1703
9738
-7953
6644
-8461
-111
2524
-7390
-5400
-486
8008
8346
5900
-9255
-2242
4920
-1969
7518
9907
-4995
2194
1135
7014
-56
-9577
4568
-8581
-5838
4538
-4567
-5964
8919
-8980
-2467
-8824
-4533
1734
-1161
9259
-8385
644
2596
-5848
4181
-9983
8244
2686
-2863
332
-8888
8514
3884
737
5448
-2599
963
4433
7320
-7997
2680
9158
8603
-707
8194
-8276
-5181
-317
-5148
-5220
4012
-9023
-7857
3243
3228
9007
7553
5683
9638
-8685
-8929
-7793
-8213
5812
-6338
-9871
44
-7296
746
-1058
2250
-4296
-7236
9918
3870
7694
3842
430
-9218
-9491
-4650
8104
-2870
-4496
1607
1812
714
-422
5900
3815
-1303
519
-5463
-6768
1270
-1392
-5441
3506
5244
6551
-2745
-883
-8691
7123
1003
8967
-5152
-6531
-4118
7895
-2949
7705
7347
-9808
9218
-3996
-6625
7668
6630
-3103
-9902
8692
-9810
-8188
-1218
-205
-921
-9831
9851
5684
-523
8016
-5417
-5858
7910
3276
-5677
-3934
4429
-148
-6500
-5491
-3897
-262
-5212
-3105
-2487
-8076
-3045
-3215
-6880
-4675
8795
-2965
-8832
-7847
9404
889
-2986
-4245
-6049
3585
-1752
-2092
957
-8813
-6953
4910
-4872
-4953
-2579
-7293
8949
9347
2129
8537
7988
-2149
3256
-1673
-561
-8982
5601
275
-9469
9743
2049
-4058
-1638
-2331
-6914
-3094
7868
-1513
-4976
-1265
-7226
6360
472
4247
1855
-8789
1930
-5063
9667
7582
8681
3351
2364
964
7753
-8072
415
1339
-1789
-9283
-8050
1642
-2563
5269
8057
9799
1927
-3825
5382
-2439
-4984
5253
-4595
8120
-5434
1018
7022
8570
-4419
-2932
44
-8721
-855
-8427
-9479
-3430
-6754
-8408
5914
5185
-6622
-5217
-899
444
-474
3713
-7865
-8018
4244
-4339
-4538
4301
-2906
2408
-4145
-8130
-9206
4740
8038
2003
-4062
-2779
-6346
6962
3764
5706
4535
-8197
7101
-2260
-847
2672
1697
2906
-5163
6699
-8307
-7325
6788
-4167
7809
-6230
-2650
2159
7577
6023
232
-4138
1273
6376
-7072
-1672
-3777
-9523
7011
1470
4368
2230
7989
-2938
-146
-2319
561
9410
6467
5290
8146
-9365
5730
4149
-6171
3533
1718
8953
135
-140
2316
-1965
-7197
8443
2112
9717
4327
4363
8205
5368
8977
-1288
-556
-3655
-1823
9544
6873
2184
-4971
-9157
-9414
8365
5333
1096
-9208
8342
-4251
-4412
1575
-2850
9393
-927
-6015
-2340
-7591
2843
-9033
-6680
2644
7000
8428
-8767
-9572
1719
7363
-8879
-8953
-8443
5664
3476
-4873
472
1889
1567
-2553
1447
-3598
-6001
2332
947
3340
5784
5453
-1858
3084
2715
-105
-9665
3394
-2464
2426
-7184
4008
6910
7274
-9319
-9553
560
-250
5621
9900
-2766
7888
-5532
-1974
-8597
1038
4495
1335
-9816
-8285
2971
2352
-2314
-4846
9614
9219
-3429
-4232
-3622
-6653
-124
-9485
-1931
6959
2517
8264
6530
-4618
-4449
-7857
-1605
1903
1124
484
6101
-3826
-9169
-6652
6427
2027
-9614
2523
-8860
9387
-5355
-161
-9870
-3388
-42
7255
6742
4299
129
9395
-4946
8899
-3764
-6857
6140
6611
-7366
-1188
5798
-6311
-5214
-4403
-6754
-4078
-8130
8652
8071
-8620
8144
-8702
7574
8895
-9917
3481
2916
3242
-7166
-5940
7882
-8208
-8796
8709
-6507
1330
-5545
546
7145
1787
993
-7685
-4037
-8494
-6829
-3902
2370
8958
-4121
6169
7880
-5174
7410
8948
-4399
2466
-2306
8384
5624
9247
6135
1593
8107
1999
5118
-6364
-9583
-3479
7829
5655
5517
-1387
2844
9850
-537
-6033
-1216
7536
3641
-2345
-6306
-3544
-2529
6644
-7672
5755
-3822
-458
-9512
3301
-4473
-1542
-4264
-5753
-3646
4692
-5597
-4115
-7617
-8836
-9770
7597
-4558
-8056
6553
-5285
-229
-7376
-8875
-7234
9671
7639
1883
-8478
-9249
6907
-577
-2679
2875
-7222
2857
6001
80
-2003
7991
-9299
7833
-1532
7520
-8333
8057
9113
-379
3756
-9960
4847
-4759
-4560
8362
693
-5185
1034
4022
6532
579
-7776
7341
5414
-2024
9744
3223
8350
6392
-3749
-3141
-3099
-3590
-8383
3693
760
4377
6044
6119
745
8440
835
5180
1011
-3388
1633
2094
6009
-892
-7572
2358
9959
9585
4122
3262
-346
958
6259
-2720
-4092
-3016
-9594
-8361
-1115
-8468
-1996
5147
-2792
6485
-6992
-9757
-5970
220
-4054
7104
-2129
8217
8221
-3902
4943
-9932
-4427
-7681
9646
4920
-2136
-6179
-8405
-4641
5057
-4824
-5625
-743
-3491
-8155
9399
786
-8678
-8484
-8118
-6712
1446
8256
-4119
-6211
-2883
661
331
4704
-5544
-1795
-4911
5979
-838
-557
1758
-7441
-644
-8131
7660
8199
-4170
-6472
5764
3083
4321
3976
-6713
-4461
-956
6279
2841
-3799
-6552
5841
4593
-4064
3289
5831
4735
9896
-4458
-1975
-4396
8801
-9855
821
5736
5332
-4433
8869
2531
-7035
-2778
8936
-2861
766
-5766
9527
-4712
251
2867
-3068
2672
-7833
-9984
-5759
-4316
5787
-8970
-152
5611
-4005
2544
-7111
9371
-228
3807
138
6825
2366
7867
-9653
-6160
8483
-7307
9269
9087
-7398
-7408
1249
3618
4032
-2486
5360
8801
-1512
-8169
8896
6911
-9248
6717
1514
385
7141
4207
-6494
-9371
9772
-273
-375
2129
5968
2533
615
-692
3354
3343
1369
-140
-5242
-9531
-5441
6711
925
8307
-7251
-2692
7148
2340
5472
422
7542
-3218
9600
-780
3099
2738
4999
-9645
-4785
7058
-6880
-5238
6291
-8290
553
1936
6189
6950
-2181
9778
9732
-9994
3016
7851
-1063
-6660
9476
-3217
-1682
5424
-7443
6077
-9918
-3756
-5388
4900
-9893
3993
-8351
3618
-7371
7013
8248
5656
-5208
-4414
2171
4621
4679
3147
8792
-4573
6455
3657
-2467
5945
9863
-4485
6684
-3595
5322
4084
6378
5175
-4021
1325
970
5407
1875
-9035
711
-7690
-8304
-6926
-3825
5194
5786
-5237
-3599
-4438
-2054
4783
50
-7722
-5813
5334
-9734
1131
4237
7368
-7095
8210
-2384
1918
-9944
9584
-1285
5576
-4649
-3861
-7114
6056
2656
-3104
-7598
3853
8607
-9463
5292
1725
-40
6930
7630
-5798
3900
-4334
9878
-7847
-2938
-6778
-9547
-6573
1773
8956
8100
-3740
4628
-2497
8256
1200
-1904
-2280
-1882
7984
-5343
400
-1529
1271
-6397
5112
1418
-4849
-2395
-9289
4109
5815
5242
-1837
1324
-3091
-3379
-5665
6291
-6754
-8440
7043
-7797
4873
2597
-2907
-5115
-1288
4949
4509
8983
-6499
527
-8043
9270
2906
709
3454
1284
-3025
-5816
2631
-4953
-193
5802
-9997
-2834
-5389
2292
-5627
-8929
-9510
4326
6889
9963
-3555
6514
7940
4117
7729
-2607
-9574
4452
8679
3268
9359
3721
3403
-4703
2589
9070
-2580
-9585
-1090
-2016
-4969
-1400
-5151
3152
246
-1945
3761
-9841
-6648
-1256
-1808
1083
1279
3182
7540
-6831
3099
8610
-366
-6907
5989
2011
8926
-2027
4059
-5463
3724
-9592
-9872
8910
9794
6622
-9536
-9475
-400
9852
-9620
-9354
-3691
-8993
-2812
-2215
2694
-3055
6735
787
8019
-461
8919
-4652
7370
9444
-9035
-5774
5315
-1862
-8922
-2329
-906
-6596
1966
-8842
-9172
-7180
-1513
9100
-6514
2678
-7379
-4846
-8932
2144
3775
-8955
9254
9594
-8181
8611
-2564
-2010
4682
-4723
5467
-5056
-3267
989
4134
4315
-47
5690
-3274
-605
8417
-6236
478
-9866
-6115
-5441
9364
-945
-3681
-3268
2757
2923
-8382
-687
310
-2406
-4564
-3752
-7178
-1621
3912
-3133
66
-7062
-2475
-4818
-240
-6126
2998
5205
-8180
8890
7142
8501
2753
1197
-2566
4041
-7792
-8600
3557
-3827
3599
-6204
-7440
2427
-7784
7295
4853
8183
5054
-2894
-6900
-4500
-5145
-332
-9407
5241
9384
-1255
-86
-5012
-3441
-5216
-5454
-3684
4487
8068
4790
-1162
-2168
-9250
-9452
-7274
8517
2453
-4143
-1405
-7221
8285
-2750
5127
6948
-5870
-5447
7391
-5288
-2857
-7444
8862
1728
4913
2166
9136
614
5245
8525
1749
8940
-6107
-7549
-8404
4197
-3034
3188
4824
-2475
-6762
-967
6967
-5607
-8634
-8509
-8373
1563
-8865
1676
9341
3867
493
5580
-9523
-9738
4987
-7285
3479
-238
3018
-5197
4511
-1153
3040
9713
-8834
-5055
8453
-8525
5238
3447
3895
5917
-6032
-934
-5961
5052
9891
7569
-6705
-8543
-8682
434
-1327
5692
667
9396
6502
-4233
-7247
-5052
9291
2695
5261
-8561
7677
7007
9813
8023
-7574
-222
7320
3744
9504
-9652
-4269
-1621
2555
3132
7901
-5588
-3192
6967
9574
6239
3086
-8594
-6020
5543
1115
-1962
3008
-1320
3088
8758
1342
-8552
-7418
-1731
-728
4761
4901
-504
-9505
1160
6497
-2722
-9326
-8697
-7322
-2139
-8040
6711
-9775
6097
-9447
-7725
-5188
-7719
3124
8651
8261
1061
3189
8768
-7695
-9486
7571
4135
-3806
-1995
8933
-7682
-3714
-7102
-3277
9763
-8092
-5547
7066
-1134
6857
5356
-5577
4979
-4144
9450
3176
3079
3170
-3
268
6907
-3797
5425
-3352
-2479
2530
-2771
-2120
3483
1431
9255
-5240
-5792
9063
3790
-5243
-3021
-7516
402
224
3069
3532
3007
-8776
6613
-3860
9566
-4349
-6286
-5433
6088
-479
-8189
6142
-371
9062
-8422
-7474
-5501
91
7987
516
2254
-8507
705
7466
-2411
-3376
-7428
752
-1709
7537
-9496
4264
5088
7293
301
-6851
-808
9781
5251
3079
349
3719
-8352
5496
7063
188
7521
-7507
-7676
9222
7913
-2234
-3491
-8009
404
-4247
-1542
8923
-8174
-4365
6850
-8355
8
2340
-938
-2952
3402
8749
4358
-1991
-5785
4428
2103
-5752
7244
-7849
4187
-7531
-6631
7776
7682
9973
-803
846
6578
-404
3231
8449
-1516
-6885
9732
-5513
-7232
8407
-8359
3549
-8830
2319
5270
-5392
9193
9365
-9127
2560
6150
8577
4138
-9383
1539
2564
9511
4528
-8194
-5523
-9827
6090
-3181
-5374
-5186
2643
-2970
-2821
-5186
-5964
6488
-1879
-5158
3337
-3036
6147
-1042
-2769
4524
3421
8184
-4862
-8797
7074
-6653
-3523
2941
8565
-2227
-9036
8725
-1667
-3620
-5451
7769
9672
-1841
-3501
8786
1984
-2109
-9574
-7877
-2822
9640
6880
-133
-5668
-7237
9128
9747
-4695
3756
-7967
7588
-1315
-3292
-6789
5082
6607
6983
4995
-5628
3246
730
-89
-1694
-5462
-5764
3996
-5700
7678
-2320
171
1219
-6913
9270
-9965
-1471
-5205
-352
-2893
-7420
2408
-2750
9889
8883
-5034
6625
6145
3320
-1305
-6419
-858
-6836
4824
3190
-1990
2173
1842
1421
6803
-2462
9979
-3223
424
-4498
8414
8115
8814
2291
298
2530
9264
4402
1752
-8336
4683
7406
-6216
8142
9475
2665
-7441
5551
-539
5525
2227
-6371
6331
-1210
4053
789
3780
4242
4776
-4387
-1884
7325
3118
3218
-9596
-7270
-9284
7950
-6708
6679
-8018
-5428
8777
-6433
-4090
-5093
7272
-7058
-9702
-1848
4282
9386
-2278
1398
1177
8548
-6928
1105
6985
-639
-4450
3311
1709
3276
1887
1049
9892
-1205
-834
350
1798
-6092
4584
-8097
6266
2149
-5833
2604
4813
3544
-5733
-2608
1120
-7251
-4206
9960
-8564
-5393
2885
-168
180
3360
6596
-2670
-224
9827
6858
6220
785
7422
7812
-3981
258
-5127
-3453
5771
-9054
8010
5819
-2943
-7144
5855
8783
-4638
4858
3257
-9296
-706
7497
5612
7168
4938
9281
-2437
-4302
6496
-1334
-1552
5185
8555
-9797
141
-9795
-1952
7796
9953
8799
-281
5633
9765
4155
-9649
4307
5272
558
2499
-4012
-1360
3873
3677
8916
3269
9787
2028
-8576
-5911
8692
2088
-5352
-8530
551
3136
-7757
6673
-6446
-1130
-822
-4952
2737
-2139
-446
6610
-4472
5801
-9417
6389
-1813
-5007
1485
4757
2445
8957
8422
4722
-977
7350
-5039
-5484
7998
2812
-1759
2025
-4923
118
-3812
-1880
-8801
-4620
5711
1430
-4079
-6003
-2469
7383
6048
-4198
9577
-7281
2796
-1940
1466
2479
-8578
-1577
5690
-2978
6403
-6884
-9792
-8822
9292
5005
5411
-362
9450
-2896
-896
-4729
7378
6556
6459
-7759
1996
9077
-7165
-237
8819
-6243
-885
5004
575
-4919
-2281
2960
8645
-3247
-1944
-2946
461
6606
2184
-6562
1208
-5139
-5882
-6164
-9525
524
-1490
6751
-2468
7938
9112
-2387
-2304
8807
-8802
5156
-1503
-1510
-2802
5251
5680
6334
-2929
-9372
-4537
4310
1047
-544
4679
-3764
-4116
-7810
-2
-7995
8376
-2630
1942
-2010
-5481
8839
247
4166
5076
3309
834
8516
9741
-4316
-2743
1875
-1303
9325
3902
-81
9384
-5805
-9673
1184
-1137
-212
-143
-2857
-261
-4618
735
-2850
6662
8065
-2412
552
340
6592
-7594
-3751
-2668
-7365
-9453
8140
6038
1603
3456
-4036
-9466
2630
-8551
4537
4715
5873
5316
-635
-6661
-6167
8395
3194
8927
8052
2296
7606
6865
-1941
-7058
-3194
8980
-2164
-6279
1407
-5354
-2039
-7189
-1247
-8935
1407
5949
5761
-9487
8514
-4460
-9261
5850
2484
-2486
1309
-4972
31
1310
9235
6587
-9594
6003
-2339
8036
5321
6063
9765
-3286
-2877
9015
3929
3315
-1915
-8370
-9536
741
-818
-4250
-6197
6713
9883
-576
4065
-45
222
-6980
6291
-7220
-802
3341
-667
3309
-4234
3348
4051
3464
-6195
3190
-9389
-889
-6311
7162
-2863
9827
-955
-2821
7992
-1783
-7698
9583
-8251
-8860
7617
45
-8598
-5708
-1189
6730
-8338
-4460
3232
-4142
-8844
6548
-531
-715
-3942
2185
8847
8735
-6065
-1855
-4918
7391
-9721
4024
9060
3533
2894
-7415
-7056
-3702
-9926
7693
9673
9656
4871
1775
1581
6989
-1634
9681
8928
-904
-1681
148
-9993
733
-3419
9592
-8752
-6611
1727
-5279
1891
-213
1777
2311
3679
-5051
-6838
8537
7107
-4512
2508
-5707
-1521
-7444
212
9166
-897
-3068
8393
1940
-4029
5971
9299
975
6995
-2024
-7972
-4264
6873
161
2732
-8000
-9704
-5386
-2955
-661
8775
7622
1974
1375
-2995
3988
-4048
3063
6856
9975
-9621
3543
-4567
7422
6855
-3085
1898
-5599
-2103
-5100
7851
-219
-7426
-2585
-636
-8133
-2157
4742
-9595
4993
-119
-2259
5131
-659
3490
1078
-4475
-7934
8328
4649
-4051
2128
-9995
-7517
-8802
-174
-1749
-3578
-7744
-3132
-5741
-6416
340
4943
6079
-3735
-5434
-5159
-2925
2364
8516
1359
-1514
4532
2805
-5425
-5707
9278
7718
7371
-8255
-6977
-1430
2691
-4839
-79
7545
-7244
-3089
1938
-5273
-2710
3034
-8054
-4825
-6619
1780
-3023
-6832
-3858
-4496
111
-4027
-1550
-3713
-9258
-2981
6661
-5575
-927
5377
9159
-3848
-4327
268
2378
-4606
-5546
-3322
-129
9926
-225
7414
-5003
-2425
2910
-5038
709
-9727
4412
-1224
-3725
3535
9577
-9543
1666
-3364
-8877
-9466
-2681
-9132
5567
1431
-5518
7499
-8725
2648
-5184
7944
-3122
523
3584
-4777
3476
8408
5421
-6636
2250
-4513
2193
2885
2199
-7789
-447
-1516
-8093
1863
1130
-69
-2346
-8907
8860
-5436
-6942
-1000
8605
2846
8296
-4815
-1469
-7339
-2957
6436
-9276
7847
8606
4143
-1708
-2350
-9156
4352
5451
-282
-3714
-5667
-3730
-1339
2206
4143
9480
3771
-355
6299
2686
-1508
478
-1106
1143
-7901
-9
9718
5208
2808
9691
-829
-4613
6509
6156
9990
2131
-36
-7932
-3143
-8792
-5141
6943
2706
4700
-6240
4269
-4196
7300
-2985
-5153
6494
-4431
113
4895
-1844
455
-8777
-4525
-9475
-364
-7381
-4813
-5367
-2450
-116
188
-3081
-9423
-5949
6363
6360
-2014
7591
4414
8860
4619
4206
-4548
3943
4406
-8791
-8883
-1100
9093
-2820
-1326
-3085
2679
6869
-4994
-4273
-3175
-6323
8418
-5542
-9759
5786
3687
-3161
4781
5213
9108
-3830
1773
-5360
-5970
-5973
-2159
-2970
1234
-2981
-2140
-6602
-5510
4252
-7994
541
651
6545
7989
1645
9234
9872
-8233
6941
6306
-6622
2502
-4645
-8149
-361
-2017
9826
1761
-4290
-3449
9368
-2170
-175
6742
627
5959
-6060
-3373
-7585
-4051
1878
-7321
-1224
2667
-8775
-155
-216
680
7052
4005
2119
-7720
-3851
1821
-3059
217
8112
9297
4234
8688
845
3082
-5452
2694
-25
4219
769
-3453
-6482
-8632
2277
-7190
9825
9060
-6894
-6864
5877
-1360
-2558
-9345
-5493
3700
6183
-6953
7042
-2556
3633
8020
-2304
4837
8373
2728
8090
2879
-5482
2588
-9130
5495
-315
6436
8123
-4047
8998
9082
-1929
-9318
-9942
3891
4985
-7364
-7144
540
-1155
4659
6541
580
-4697
-4176
8051
5471
-7103
-737
3260
9574
5300
-4343
-8619
2959
-6538
4425
652
2999
7500
-7405
3714
3484
-4871
751
-1611
212
8608
-698
1757
-1705
-5423
-2878
-8572
1324
8057
7054
-5243
4626
-4877
-6061
3785
-5616
-9333
9960
349
709
-4132
-8119
3453
-6832
-1116
-3645
-8189
2855
-7008
5409
9304
-2942
-5057
-8590
7868
-796
-1710
6673
9977
-75
-5678
3635
9484
2473
3152
-1245
7155
9375
-2276
1169
8437
914
2400
3805
-2467
-274
7678
3611
-5038
4455
3809
-6633
6966
-3108
9286
-17
-4103
9724
7393
1799
-3861
3518
-286
-644
8515
8290
8656
83
-5504
-4872
244
-46
-2089
-5203
-5726
-2545
-4460
8950
533
9068
-8317
7468
7139
-4034
6012
-3482
7926
6192
6419
3188
-3698
6090
3246
7573
1023
7510
8139
-7278
4909
-4320
9125
-2253
1530
-7816
-5138
2472
4656
7946
6591
-417
-7587
8407
6930
-1508
-64
-2969
-6023
-6265
-9870
-5439
-738
1520
5103
4868
-6810
8427
-9846
-4890
8143
82
-8282
-7144
6269
-2693
6510
5380
-8885
-2136
7673
715
-1218
-5699
-3848
7921
5046
-3194
-372
-4949
-4781
2432
5281
9340
-6296
7444
-6575
6218
2947
9752
6049
6136
-575
-6533
-7551
7156
9419
-4941
3210
3348
6567
-3662
9381
5278
-9087
3732
7400
4449
7200
-9413
-9046
2808
5946
6432
6836
-4148
-8018
-3703
-3526
524
-9324
704
6275
9240
-944
-9759
-3365
-7116
-5717
8638
-8706
-5423
2857
1054
4472
-8952
-6928
6007
-8780
3670
-5946
1204
-2549
-5074
1397
468
1954
-8105
2812
-5844
1193
6771
3982
5703
-5685
-2358
-3599
-7411
6214
5323
-4741
7688
4818
6196
5769
4273
-9224
-9876
-7952
1257
3230
8634
-8475
-3911
4595
-8262
-2760
8306
-64
-1830
4624
-300
-5028
-4
-8500
2975
4288
9315
9174
-5876
4600
5458
2048
-1104
6207
5546
660
-9909
-6732
6754
-3467
7530
-1165
9122
-4660
9377
7445
-3771
400
-7758
-4181
504
-1319
7395
-9736
-3409
-5962
-8452
-5657
-2411
812
4867
6284
-9737
1932
5561
-9214
-2928
3018
7210
-8674
-5348
9910
-6493
3786
-9310
-5817
-5667
-4282
-1012
5117
-6909
8240
-7748
9719
-6910
4995
8791
9391
1071
8891
792
-4924
761
3584
-7059
8143
5372
-5318
-2028
-8297
-4007
4534
-1331
6550
-4438
3493
-7368
-9844
-6005
1262
-459
5940
7500
8308
4297
770
-1131
2143
1373
1859
-173
8886
6816
-3145
-4933
-6538
-9712
-747
-3912
-5283
3513
-1590
-7846
-2083
6364
-7850
1508
-2262
-7460
428
-3970
1525
1148
-4983
-5977
-4078
-2758
5231
-1747
6903
-6471
8861
6908
8154
-8828
-5845
-80
5506
9289
1710
6032
5939
3353
-7248
-9225
7977
-6715
-2158
-483
2598
9672
4180
-7967
8637
-3664
4586
-4119
7321
-7328
-9183
-1669
-7983
-1909
-9843
-618
-3709
-8752
-4321
-2715
-6141
-9204
6059
-1028
-6068
956
3917
-5535
-1122
-7118
-6641
1949
6234
-9147
-1899
7433
-1054
5079
-7341
-4111
-7791
7632
-5338
-4238
-2728
-2454
709
7306
6787
1016
-5896
-3130
-1408
181
9769
-8656
5922
-652
9802
8277
-2454
5268
9088
6529
-404
6755
1122
-5548
-4573
-9065
2816
-2210
-4813
8557
4652
-8670
1172
-9925
-3666
-1760
1576
1467
-4454
7432
3416
3478
9815
-3419
732
651
-1079
-8987
6468
-4793
9888
235
5114
-5850
-8275
5862
-3180
-9283
9353
-5996
-6397
4468
4980
-319
9870
9860
-3064
-6808
6010
-360
5566
-4053
-1869
2728
-1064
6847
8857
6512
-8521
6813
-2993
1526
6276
6814
3889
-9256
-3218
-3347
1089
5638
52
-3011
8444
-9139
-4579
-1364
-4227
7406
-549
6326
1209
-8986
9012
8779
-1023
4581
-7812
9870
4232
-445
1043
-1306
524
3322
8838
8646
-4846
-1675
-7086
-5522
-381
5006
-785
-7839
-6961
-492
2644
-5722
-9209
-8135
-3691
8227
7545
421
-5221
-6479
-8747
-9025
4980
5506
-5443
5357
-4847
-7627
-8437
1385
655
-5712
-2135
-6172
-2476
-9516
-639
-9643
-170
-3362
1642
2167
804
-1163
7329
7679
-1685
-7999
3338
-4303
-9959
-4227
-5795
5780
7218
-9023
309
4910
809
-5581
-8770
9245
1962
-1177
-9699
585
5099
-6906
3826
-3682
3730
2113
-1527
2956
-3993
-1823
2278
1929
-8568
5049
-9606
-8178
-4970
-6934
9834
7380
-3566
-6673
8671
8919
-2232
301
8118
-1090
-3368
1860
3726
-7164
-4706
-7007
8089
1595
9538
5651
8831
9234
-9050
5804
-2261
1780
-7806
-2947
-3303
1947
-9618
-6317
-8261
361
-6678
7132
8893
-6206
-1941
4976
3315
197
-4824
2478
7371
-4812
6230
-8975
6065
-3937
-3086
-7732
1079
-200
-4392
-7074
7255
-9966
-2190
261
-5008
5803
-535
8776
8620
-9760
-2210
-5782
-709
7422
-9552
1779
3870
5288
-6424
4971
9959
7881
-3360
7023
7207
-8771
-3532
9614
-679
-3259
-4240
9880
6738
9505
-9244
-2283
-4284
9050
8569
3470
-3666
-213
1443
2046
8381
-7874
-3817
-2197
5994
5556
-6275
4316
-8794
-4801
5313
7455
7598
2457
-5044
4706
-7141
-5103
6578
-4691
-1798
274
4343
2845
7032
-7551
-5135
5321
1554
-7071
-8339
-7359
5188
-2631
2342
-1042
-1576
-675
-4269
6983
-6286
2660
3067
7468
-931
8071
4487
6901
1852
2846
5029
-6693
2500
-4370
-1421
-7344
-3858
1871
-5514
-2582
-118
2764
-1421
-359
397
1285
-8176
9526
740
1180
-7392
7487
1343
9872
-7288
3937
-8799
1269
-3384
-5732
-4636
-4297
-6813
3800
8256
1340
476
8771
2336
-1118
3967
8939
4539
5898
4318
-5936
4067
6504
2379
-2943
6933
7687
-3849
9754
8025
9794
6139
1226
633
3686
-2984
3058
-4878
395
-7526
8258
1532
-3813
5634
1312
6736
-6958
-7692
-9171
-887
8260
-1406
-1754
9507
6775
-8483
355
-6540
-4839
-4616
9910
7950
7276
9515
-981
1978
4581
324
9283
986
-4937
-725
-8228
-1467
-6606
9268
2849
-6527
-2015
6509
-6854
4110
-7224
2506
2517
7361
-780
-2840
-4415
-7524
-7780
-8164
-9914
1691
-3721
9161
3995
-2556
-2181
-3288
5520
-9746
-8796
-5523
-5251
-2207
42
-8515
6232
4540
-2577
8686
1573
4715
7016
8906
-2058
1857
7796
4427
-1725
-2796
-5051
7632
-7745
7759
3822
-5028
2237
-6188
5183
132
-8029
5536
-9256
5028
6213
9015
-6961
3036
-9120
4884
-1745
-3936
-3338
5495
-3416
-9641
7668
4334
-3140
-6393
6477
-7985
6473
3499
-6360
5255
-2637
9443
-2384
-8289
-1438
4133
-469
1222
8233
-9427
-897
8477
-8180
3997
2121
9530
8775
4942
1110
7942
2999
-4649
-1871
-9050
2330
-7743
-5338
-3980
1323
5096
-5219
4211
-5345
-8303
-6452
6633
6730
249
538
-6732
-2475
-2341
-302
9117
-7157
-448
6640
-2101
-2976
4296
7262
84
-2145
7442
-7996
-5386
1886
327
-2980
8787
-1578
1732
-3279
-2166
97
-3960
-4285
-2822
-6223
3442
-5260
-4358
-2250
-7449
-8431
2478
8758
4532
-6903
6004
5848
5475
-5091
-4299
-5648
6618
-8547
793
7503
5416
3123
4918
148
-1315
-4990
1511
-8464
-9865
6263
9313
-2791
-1565
-8068
-2701
4604
6700
-9377
4706
-6506
-252
9284
6714
246
-8895
-501
-3285
7704
2994
-336
1686
7430
-8373
-7931
-3231
1363
55
1663
3836
3574
-8862
-1054
-1582
-7079
534
-8767
235
-5470
8065
-9023
9643
-2497
-9596
-6955
-3972
-1501
8116
680
3881
-3327
5604
9852
-4795
-9825
151
8642
-5195
-3574
7631
2598
-3996
-1307
763
6968
3429
-3384
8588
-6443
-8740
-4448
2894
-286
-9377
8079
-7372
-5913
8502
-962
2682
7275
-1371
9792
-9564
3567
-1808
-3810
1909
4511
-1315
1229
-6332
-5958
8041
-9053
-9152
-6701
-7431
-5262
-3326
-7657
456
-5769
7727
-8616
8209
5329
7771
-5042
6127
8017
8346
1267
-1632
-8091
3947
-8512
-8817
8690
-241
1938
5958
5028
8630
5293
6762
3094
-9592
-2879
4751
2879
1212
-6321
-1255
-9092
7623
-5843
-5583
-2297
8323
-2935
1581
-2804
7856
-1278
1862
7000
-5569
7420
6725
4526
4798
570
-5641
3079
-8656
-7365
1319
-9709
-3186
-3618
267
-1838
7086
6547
-5906
4451
-3345
-9747
-6107
5731
-3711
5869
8247
-9322
-3293
-7762
-9148
-6384
-4513
1809
-2361
-7057
8290
-2908
-8544
-4193
-1637
9695
2864
-6226
-9022
-2188
1227
3267
-5258
-2603
-1608
9503
-4705
-9471
801
9937
6178
-8100
-2511
-1778
-5905
-8771
7991
3387
-4566
7318
7880
2469
1239
-2555
1765
7450
9597
-2951
6188
-7447
3423
-2185
-6747
-3283
7885
743
-8385
-6452
4873
588
4516
-8558
-2127
8875
-7018
-4311
-5744
4210
-7736
871
-7938
-1095
-7429
-3956
1194
302
5257
-6007
-5405
9525
9301
1699
6925
-7114
9171
-2411
-1020
4301
-6275
8041
-6865
-7469
9905
64
5095
7590
8686
3450
-4405
3211
211
-5736
839
1350
-3090
7264
-9474
2162
-1074
5914
-842
-941
-2752
5573
-3493
-6065
6072
5572
4668
1786
-2137
-2187
-8979
7571
7039
-3480
7473
-7368
9285
2620
8867
3823
-9922
6802
-2238
2746
-6211
3359
-4262
4515
942
-9069
1419
-249
8110
-8657
5758
7524
-8833
-1481
3957
-2586
-1510
4746
509
8491
5456
-7007
-1835
7827
5383
-9423
-4361
-1248
6210
-3031
9758
-6787
9568
-9824
-7956
2918
8287
7091
-7475
1487
-8917
1082
-3402
9385
9625
3888
-4790
-4308
-6842
2264
5791
-4534
-6479
6045
-4221
523
1620
4259
-2110
299
-357
-2564
-6672
-5434
3874
2663
7250
2368
-1623
8934
8853
3001
6615
3110
199
9259
9428
-6869
8038
-373
2022
-2160
-4430
952
-872
8615
9716
-7506
-6834
-6642
-5323
-267
9253
5085
8477
2060
-3607
-2886
-7344
3960
1258
5821
-244
-1961
-2027
915
-4150
-8150
-8907
-1639
-449
2900
3400
-5451
4706
-771
9732
-790
-2947
-6012
9082
6950
-2350
6217
-9220
7665
6753
2542
-5198
-3657
2844
-1463
-7244
-2428
-951
-9912
-1712
-7235
3729
1278
6899
9590
-6283
-2376
8315
-2856
1740
3643
5333
-7926
6844
8530
-7540
1874
6096
-633
3038
-6741
-7986
-1595
-1242
5518
4414
-7858
-2652
-2549
1852
-4724
4079
1559
-4191
-2871
-7304
-4982
7985
-5494
-3607
5042
-7805
-5481
-7013
5410
2449
8488
680
-9791
9524
7848
399
3130
2068
8777
-7071
-6053
-3894
5213
-9379
-3653
2148
7228
3977
-4428
-4739
3724
-9073
6574
4020
5895
8966
2698
-7289
-9051
8077
-7134
1625
8214
-9399
-6955
5155
8028
-1869
-3609
7961
-3762
5294
7458
3533
-8703
-619
-3861
-1049
-9881
9870
-1391
-3297
2214
-8746
-5109
3086
-2534
-314
-9746
5832
-9810
6390
4896
8558
-249
9513
-5999
9781
893
-3811
-6560
4986
1410
723
9879
-1533
1794
5982
-6708
771
2191
4681
-4615
-8254
4456
192
-648
-3460
967
-7533
-6309
5063
-5497
-2647
6326
435
-868
-9717
7964
7208
-2140
-9357
-3343
5235
8186
-1164
2659
-3817
6874
-7425
-4
-5144
-6988
-7800
-5226
-9714
-2250
-669
6690
6987
1670
8484
630
1910
9264
8059
7042
-755
7402
4246
7271
-9925
3475
-6810
2306
-251
5201
9131
-8030
-9849
5515
-2807
4038
-9125
-7671
4899
-8115
-8125
3741
2088
5406
-5874
-9671
-7235
-6465
-3079
-1522
-3340
7618
4914
8916
-6054
-1505
9473
7140
2053
-2233
-1651
-1959
-1574
-1397
-8790
3047
-4216
-7110
3059
-6756
2619
7969
-7233
-7634
-9976
-2669
9077
8100
-2805
-2382
-7109
2033
-2998
8596
607
-7100
-9548
-9579
-5693
-3784
-3638
-7243
606
2453
4954
-8355
8207
-4484
6100
2692
681
-7863
-2493
1196
5972
-1471
6365
-1044
-526
-3293
9995
-347
-4154
-9227
-5044
7506
-6817
2540
-3246
-6628
3591
9308
2921
5089
-6919
-3266
5818
-5622
9548
8884
-9628
8029
-5496
-921
-7446
4448
-4100
7178
-7945
-5277
5098
-6896
-1181
-9548
-3995
-5923
-1556
978
2401
-6154
-228
448
3228
-5757
-603
-1563
7610
2171
4459
1208
1357
3198
2443
-4718
5460
4138
-8437
-4049
9195
6189
7123
-2358
-6304
-1238
1617
4720
2480
6842
4821
1639
1299
188
-6416
1920
-7650
-4624
2265
-1103
-3326
8708
9784
-8968
-7087
-7568
6643
7149
-9917
3320
6442
5570
1373
-685
-3129
-2364
-8960
-3382
-2597
-2185
-2298
8289
2154
753
7573
-6602
9366
1697
-3747
-309
-7014
-2896
5083
-696
-249
-3090
2414
9707
-6732
8850
3408
6772
-9032
-5024
3203
350
-6906
1292
4989
-5961
-9188
-8953
-2219
6333
8498
-1042
4104
-5339
-132
-1069
-9892
-9513
-2212
-817
-5556
6956
3864
673
2367
-5708
9045
5417
-5905
-338
-8926
-875
250
7647
3413
-3280
3970
1748
-5524
-9069
-8260
1367
6588
-7632
-9214
-6857
1398
-3671
1440
-9265
3902
4487
8952
5895
1799
-1246
1824
-8432
-6413
-4509
-5962
-2201
-1920
1803
-6943
5841
7588
6346
4719
-3078
-4958
-4633
-5734
8148
-7868
2492
-1180
2266
-5146
4291
7396
8399
-6720
2091
7717
3824
-3041
3828
-7291
-7309
-2940
-7353
-2348
7780
5359
6790
-4237
-7589
-5648
275
9527
-5264
3194
-71
9734
-6897
-8246
89
-5437
3899
1921
-1012
-1341
1889
-9123
3080
-7521
-4858
-9554
2714
-1059
7412
-8630
9124
-6221
5100
3625
9444
7944
-7418
-10000
9235
8705
-3511
-6498
2682
480
-2947
1129
5012
-3911
1121
2855
6749
3969
-6999
-7676
878
-8756
2921
7934
-285
-4930
-5042
-549
515
-3234
-939
-357
360
9832
2855
-3940
7136
-808
2189
-3240
2985
-8652
5402
5758
9876
876
-9055
-8287
4140
-7110
-6147
-8384
1256
8487
5992
8484
6594
-2576
2649
3250
-7107
-9640
-7935
-1153
-4193
-8572
1033
-331
6735
514
3743
1519
-5716
-4820
9246
-2473
9206
-5912
1545
4235
-6655
7395
4754
-4321
-3158
617
-1369
-1906
-2430
-9622
4835
-3774
127
-7056
5612
7698
-338
9460
-2895
7864
3771
6940
8296
5551
9281
9950
3014
1103
8497
6559
-9752
-4533
-2841
-2247
2488
-2137
3253
9206
7895
-7011
-4997
3865
-7817
-3437
-7090
-3952
7490
5621
860
-8664
2588
595
-9208
-8492
-4052
-2162
3141
-9793
-2851
9188
7441
-8966
3186
6038
-2657
7647
-6449
-3154
-6198
3473
-560
-529
2892
-332
-7648
-5166
2894
-2377
-4563
-7107
-7834
-9754
-6272
-1509
-917
-4393
2790
8232
3862
-8369
4384
-7468
-9151
5423
-3453
4087
2519
-9194
4693
-6725
-8221
8611
-1273
-3834
3537
4188
1877
9372
6992
-1739
3368
-3062
7095
4733
1085
627
-5791
-1371
5934
-4497
1112
-3335
-359
636
-8389
718
4093
-3007
3159
-6156
8318
2563
1991
6905
-8845
-5924
466
786
8852
-6836
5832
7239
-3691
-8534
-6977
-6181
-6970
2884
-7105
-8656
-6692
1225
5589
5043
-2546
4930
-6493
-5426
-2603
-8201
7786
1904
1911
-7710
3512
9438
-8028
-1632
5876
3255
-1773
-1043
2261
-219
1135
2586
4933
-9814
3773
-1046
450
3246
5585
3472
-1458
-5097
815
-8277
5414
1030
8197
-7060
-6419
-7291
5554
405
-3623
-1311
-3883
-7413
-3750
5781
8897
-1407
-8510
-4659
-6833
-6101
-7253
7656
-2318
4105
-7444
4577
-9892
-4116
-9896
2657
8650
-6637
4515
9110
-2978
8308
-3044
-9018
-5398
4565
3600
-7392
905
-8543
2724
-1338
3390
-1354
3830
3653
-6434
1612
-8249
1987
7366
-4720
989
3941
-9890
3216
4823
5963
-5474
6516
-7892
9609
-1744
-9846
3617
-2875
9047
4765
4808
7802
-4758
-2620
-3375
-3786
1070
-4290
9560
7368
-4058
-8587
-2949
8685
5014
6843
9522
9268
7801
-6845
-3109
-4951
936
-6410
1807
-8238
1811
3544
7285
9467
8146
5246
-6767
-3502
2534
-7283
-2019
504
-30
9190
7382
6344
4585
-8099
4504
-785
-7804
-223
-1384
-8500
-1652
-6665
7562
4316
-221
-4811
8764
-2567
3513
4582
-2440
5413
-9849
9553
8770
-5344
2556
-4574
5572
-3539
-7237
3155
7295
1166
-4861
-3147
-9503
-267
-2925
5134
-9413
6000
841
-1330
-4455
5447
6853
8195
-3936
-9064
317
4861
968
1737
-6547
-8176
-121
7619
-4201
-6012
-8475
-7988
-8308
-6918
9038
5508
1524
-900
-1060
-6891
-3386
-6986
3903
983
7506
6910
5965
-1025
326
6046
8504
-5242
3614
3405
1060
-8696
-9118
-4843
5455
149
-9206
-2233
9701
739
-7535
8372
-6207
-600
4185
6319
2471
3741
-6202
7333
-1439
-3718
2420
-9923
-5660
3521
572
-7913
4470
8338
3775
-8841
-1678
598
-1858
5323
-1095
-9951
-2297
9804
728
3992
1619
-935
666
-1560
-3607
2631
-2509
7987
-9456
26
-4908
-3878
-4390
3598
3348
7779
9284
-3920
72
2115
4605
8970
-8428
-6580
2522
1095
-5080
-7873
-2917
722
-331
-7655
-3567
7475
-7265
5795
8795
6634
-4314
-1925
5492
7630
-4575
-5598
8618
5998
3767
3313
3590
-7024
2515
-4873
6052
-2174
5372
-7693
6676
-390
-9115
-894
9611
-6908
639
-588
-5782
-5096
-8698
-47
-4393
7401
-5408
2572
5869
845
-6047
-8113
9189
8755
-4689
-7456
-303
-2059
3850
-1761
4120
-7262
-269
-1812
2152
-6715
5045
9023
-5731
-9603
-771
-6247
8857
-4512
2092
8708
6744
8066
-9175
-1025
6456
9578
-8951
7846
-2560
-7064
1415
78
-2636
1019
6461
-1165
2126
4485
-9714
-8580
7817
2950
2376
-6132
-650
2797
-4698
1080
1313
-5924
4937
-6229
1703
1572
-5961
838
4887
-75
2621
-3125
-9855
-7558
6674
9610
967
-5757
7704
-7337
-4016
-5037
-3770
424
-1093
6965
-5114
-7145
-650
194
-6110
-2105
6107
-8285
-8739
2900
-6600
655
-2282
1177
-1254
-6661
-4265
7141
-5958
-7996
-3600
-6578
-5642
8451
-8253
6809
7788
-7928
5832
-8001
-6015
548
-9611
9759
7785
-7827
-1302
6466
957
-9846
-9541
-7375
9566
-3920
2460
-7959
2244
-9188
-1663
9355
-306
-6958
2722
5844
650
5270
9661
-5013
6115
9471
6075
-1702
-4988
-5237
2797
-5921
-34
-5037
-279
3750
-9585
-1860
-7212
-2325
-8077
177
2115
2626
56
8649
9408
-1020
4948
9454
-8542
959
-117
3555
-6046
7361
-8179
7298
4299
5041
656
-2142
-243
-2590
-279
-6624
-7543
-9660
2324
2641
-1412
1100
9398
-7610
7796
-1115
1515
-7074
-4542
-8107
2974
9254
-687
-7355
-9183
1020
7234
3009
-4161
-2459
-8650
-1615
6816
42
-7606
-8413
-6765
8381
-1560
5554
2061
-5453
6875
2104
-3481
-6055
8161
2963
-5942
-8052
8707
-8193
8162
-7459
2336
-213
6436
9925
-8169
-6672
-7807
-5938
-7076
1194
-4626
-7009
2886
-2526
3406
-8547
-1600
6855
-2734
2403
-7723
8505
-2828
2820
57
-300
720
8255
1161
900
-3868
591
-9393
-9628
2301
-7805
-8652
-2069
-9981
-5115
-394
-8179
-3220
-5843
8892
6299
-1561
-8697
-9563
-9139
6713
-9794
-4457
-1587
206
-2869
7974
6807
-2711
-3396
808
6593
-7016
-9122
8053
4252
-3135
1291
-2463
-3846
-7832
-7409
-5042
4916
3315
-225
3632
7261
-5997
-7943
-2893
6809
3177
-2495
2297
9947
-5675
-2613
-7068
5548
-9368
-8325
-4679
-1118
-1216
-2555
556
1442
-8241
-9379
7472
-7402
-1757
5054
9059
-6058
9414
2097
8653
-1868
4080
-6659
2590
1749
4462
-9419
4130
2374
-50
-5185
790
9967
-6958
5659
9215
4777
9535
4904
5689
1299
-7699
-5738
4710
2787
1321
4001
-8213
4270
8731
-8191
5720
-8578
9670
2033
4869
-731
8704
5173
8904
6678
-8122
8078
-6976
2794
2439
747
-4573
1493
-5448
8206
4545
7958
-7726
5859
3509
-8963
-9326
-1920
-8544
1263
-7504
3612
-3256
3268
-9390
7562
9207
-7592
9566
-3024
1907
8423
5551
-7623
-4873
144
4634
-1205
5674
3483
6443
1311
2817
6999
4853
5285
-7860
2844
9367
5617
-8545
7339
5415
-4662
75
9372
4441
7813
-1895
-8118
-845
9475
5041
-8508
-3692
-306
-6844
-2875
-7675
-9418
5887
6559
-7959
4281
-653
-1725
4347
9470
8251
-2692
8117
2499
-9434
-2247
-9235
-5563
-1505
-4414
-8919
-7265
5680
8357
-6065
8547
-8094
2540
-4659
-9164
-5977
9334
2186
6280
8037
-5048
-8123
957
-8732
-2056
3628
-6267
6787
5550
-5415
4659
-5688
3847
-8360
6888
5573
-7129
-9081
-3532
1640
1181
5849
-3021
-4986
7385
5712
-4623
9897
-401
-7296
5840
9272
2269
-5897
-1174
4360
-3631
-7495
807
6897
5699
7867
-5450
8324
-8315
6264
1732
4048
3449
-7288
-2395
9974
7051
2297
8493
-7038
1668
-7584
-1221
5718
9483
8942
-972
1418
4634
6140
-1205
3644
-3290
4116
-6290
-6254
-4278
-4752
2882
7085
-8163
-9474
8097
-5732
4451
9571
7715
9421
-3856
-5470
212
5005
9463
4074
-4395
7294
9477
2364
-1889
-404
-7020
3911
4627
-2263
-4344
-3017
-6581
-3670
4675
8757
-8281
4018
-2878
-7701
-2681
4581
235
3543
2309
5833
9752
2126
-7724
-750
-3627
1608
3204
-6994
5951
2985
-5863
-2699
-7834
-7769
-2038
-4018
7178
4216
-5360
6526
-2648
-9640
-8218
-799
2272
-9544
-4144
-8867
6936
2209
6311
9419
-6930
7661
-877
1677
7514
-6524
-2564
-5001
-9021
-9619
8142
4211
-7518
-4885
-2527
2842
5349
-7178
-1763
-2906
5110
3137
8910
-5990
5625
4966
6127
-981
-504
-6402
4876
-5644
-7021
-5507
7678
-3321
-8513
-3607
-7991
7947
-168
-3746
9123
9334
8225
8614
3190
8980
-8675
-6001
411
2476
904
8016
-7178
-142
4647
-8896
-3991
-8554
-211
-9559
-9766
781
4591
4123
3345
-2180
-2351
3659
-2716
-3041
-355
5395
7499
9895
9946
1303
-4875
-164
2295
-3431
-2642
-8410
9031
7053
-9431
-9943
685
9758
-3626
6274
2042
-9617
-3054
-9249
-3971
9261
6940
5673
-211
-1004
913
7510
-4525
1533
-2439
7961
3421
-998
-7940
-9294
-208
8873
5100
-2366
-7232
-8759
-9363
-649
4904
-504
6691
3556
9964
-9032
-7590
619
-9855
9760
-9369
35
4596
5280
34
1760
2385
-8370
8193
5555
-1047
-3740
-35
-6329
-9021
-2537
-5141
-6914
933
-7215
-3125
4015
1717
4517
6428
8824
7525
-7848
8087
7745
835
-8736
4895
7981
9927
-8977
2698
-3686
-2281
9593
7174
9890
-7737
-157
395
-9737
3359
2950
2473
-8391
-1445
-4421
-4121
5720
-2040
2590
-8876
4914
-9126
6955
1267
7686
9718
-7854
-922
1068
1832
-2615
163
1247
5550
4168
-5714
9251
1287
-2757
4793
8808
-2183
-2379
8686
8623
2307
-4029
-1525
3816
4566
-2566
1152
9018
-9198
-926
1384
9319
-4325
3837
-7141
4730
-6144
-7302
-4914
-4445
1046
-23
-604
-6423
-1981
4603
4456
-1539
-5488
4401
-6472
-5705
-5587
-1702
1750
6451
2038
4335
-5421
-3295
7356
-7464
-2679
4323
-6413
-6996
8500
737
-9750
6661
9777
-6301
9449
-3852
-7320
9313
2983
3249
1394
2683
-8854
-5872
5738
-4554
-9026
-9708
1722
7371
-2680
8095
-820
4714
-7452
-6482
-4446
8059
-881
-4511
-7631
-9557
-7437
8907
-2793
-2856
5581
-5675
1251
7778
6496
-3648
-8195
-233
-7112
-6125
-5101
9922
7061
892
9675
-6227
5800
-993
-3561
728
982
-9205
8844
8535
17
8423
2800
6605
-2284
-2671
-2034
5997
-4061
6400
-2171
5039
-7070
-9494
4104
-9090
-9197
9432
9670
-3543
-8022
-2413
-6373
2586
6097
2448
-2075
1027
-5959
5816
8951
-3186
3140
-2291
6904
-3601
6419
-7242
2116
3395
4084
8337
1928
-6235
-9379
-277
8480
4996
-1795
-1675
3131
6497
-5827
8749
2290
4834
9242
-2117
2524
-2329
-6979
-9664
-6802
4759
-9697
-2942
-4948
-7249
8978
5283
-9394
9644
-713
9031
5272
-3305
3370
8656
6041
9129
4991
-7508
-9576
-9563
4510
1094
9793
4031
3004
-7956
-3069
-5589
5493
-6731
2127
-4543
-4089
6514
1747
1030
7306
4418
-4327
-6354
5039
-3701
-9195
7370
-163
-7442
-7049
-3048
-5733
-9375
-170
2374
-8008
-2977
-1781
-7141
-8684
-6169
-4151
-4215
-205
9981
-4288
4001
1872
-2539
9287
6814
2269
-863
-3645
-6453
5654
3833
-935
5580
-3893
4956
1477
5580
-6353
4150
3312
-2777
5862
-7787
-5103
3091
6797
2559
1846
-3117
-2825
-3333
5431
-3258
9383
126
5489
9097
5786
-999
6446
4460
959
-9071
-2062
-6627
-1104
-459
-5533
2255
-8749
3761
8050
9120
3332
1861
-8282
8791
9465
-4240
-7551
9030
1516
4176
1602
4479
3651
-1333
4258
2847
-5486
-376
-9053
-9025
9134
-4444
12
-6463
5042
9798
276
-7124
8027
4636
-7315
8617
7858
-6118
3622
3686
8353
7274
-8189
-3550
3544
6743
7068
-2680
-5523
3573
1410
177
-4536
4001
-5190
-1920
-6253
7053
-970
-6230
6821
-3756
-4455
-6680
-1925
-8000
7398
-9105
-478
7436
-5042
-4993
4402
-1058
1696
-806
-6192
7719
-1435
-4082
995
-2897
-4313
3489
6875
-5236
2033
-1002
-6599
-9957
6012
-776
-1448
2732
-2755
-598
-8209
4427
-9002
-5499
5818
2013
-76
-894
9042
9859
8758
8817
3124
-6520
-4276
-1368
-4941
-490
6726
4383
8475
8213
5625
6853
4664
-9060
5424
8052
5794
4439
-8321
-1848
6281
3606
4332
-4579
-7222
2172
-7371
-7593
5088
482
3953
5340
9325
1547
-9361
-1174
4613
-9375
-857
-203
-634
5604
3484
-5443
9127
-7164
98
6235
4343
-244
-8852
-562
4176
5783
7363
-6412
4664
-7275
-4976
-2631
1462
-7269
6947
-8997
-1492
-8694
-916
5822
5754
5803
3947
-4400
-4109
-3030
6065
653
-8691
-3320
-8545
1246
-8251
3966
8051
4211
-1376
-5293
301
9262
-8173
1492
50
-576
5777
1559
-6934
8653
3147
-2512
3379
8358
7264
1250
-806
3015
88
7565
2133
-4937
707
2175
-5830
1421
-3535
2197
-3952
-5871
-2920
-834
-7024
-9368
-6897
9199
-5762
1162
-7511
-8881
-2854
5276
-6315
-8173
-8607
9151
1843
-4074
-3035
9438
-3246
9585
-4632
-9807
7494
4843
-6825
-4325
5037
-1427
-7573
3092
-4855
3798
-4748
-9650
-2978
6122
-1857
8298
-9693
-171
1834
8387
4201
86
-7030
554
-160
3030
-767
7237
-3167
-2255
696
-579
356
-3211
-5747
2341
-2714
-5605
-8739
9182
7540
-5846
-7905
9776
8318
-2228
3359
2524
-2021
8580
1466
904
-2006
8698
3264
-8920
242
6393
-4926
-1332
3075
1359
8083
9063
-5528
-4589
8402
-9888
-4160
-6551
4475
-136
-8984
-1625
1368
8438
5974
-4191
-5748
7512
9431
4691
-7093
-2928
834
-2140
-8347
-2696
1499
333
8092
8444
4621
-1082
-9536
6978
1345
5981
-3098
4459
-3157
3779
-1512
6960
-8632
559
-7355
2208
-9433
1218
-6815
-1248
2848
2046
-3803
8997
2852
-6960
-333
-4236
2826
5813
-9334
-2834
-6694
-2205
9064
-1098
-8292
-3167
7260
1017
-3752
6553
-7738
-533
-8596
-3695
5417
-8007
452
9672
-5253
4615
9216
9448
756
5255
5001
6830
9858
5525
5856
5248
-4295
2770
8865
-7718
-3036
-3990
239
-817
5172
-8982
9041
-3570
-1086
1886
-1983
-7599
-5117
2062
9441
6513
8097
2418
105
-7097
6695
-4254
-919
-3950
5442
-6417
-7731
-616
-9381
-1414
2735
9213
-6243
6141
5029
7025
-1800
-9212
-1533
9601
-8143
-8712
-7477
-3407
-3254
2753
580
626
-3224
-835
-9830
5279
-3343
8856
-6302
4762
-5831
1407
483
-2926
-145
-4224
-8446
9249
5097
830
3204
1844
1971
-2309
2148
4193
3217
7081
-8393
-3342
4292
-8947
6026
-9240
-575
3208
-3285
6523
-9435
-8421
4082
-2704
4338
2361
7408
5692
-7458
-3587
-7202
2322
-1205
-5989
-3087
7228
8611
-9237
4181
4521
8313
-1968
-3319
3815
7146
670
1142
5177
8563
7437
6174
3664
5979
1843
-7011
-9404
-3348
3285
-4990
-4484
-5480
-9713
5990
-4956
-6273
2994
4673
-9282
475
-7508
2591
-4146
2587
268
-8654
7129
8806
764
2992
-8043
6793
7928
-321
-6009
-3257
-4012
6474
-4605
8210
3179
1690
4198
1414
8954
9033
-4176
-8790
407
-2440
-6829
7842
9218
-7774
-2842
-6385
3267
9307
-9432
-9810
-5365
1236
-8895
592
7626
6004
4795
3496
4482
-6026
8990
4390
9723
6735
-9049
574
588
-2067
6236
-6749
9111
-725
2478
4730
902
-7414
-4342
-8036
-9291
-7548
-4877
-9480
-7804
-1794
7113
-8867
9460
5292
-5297
-8791
-7515
-5849
-74
2006
6163
6153
1991
-3557
-381
-4360
4146
817
-4287
9438
1202
-6413
-9107
4725
-6571
-8548
-5358
-783
1606
5438
7553
2764
-9413
8353
-7006
2623
-5947
5317
-7279
9128
-3894
4975
-8548
9504
-57
6196
-8382
1102
5233
-6889
-9449
4896
-1995
-5173
-8407
-1177
-7337
-2485
-5729
1611
-9971
8690
9904
-1363
-865
-5771
6431
-1893
3645
-7500
3187
-3848
-4503
8260
-2402
8630
6773
-9725
-5704
466
7486
5025
4892
-401
-5946
-4391
5053
5722
-9065
-8462
-6422
5123
5296
2909
5020
-8120
7460
-4367
9296
2234
652
-1219
6524
8931
2499
315
-6318
9282
-3317
6961
4811
-4155
6705
5370
2099
1771
-1820
-7853
1352
-1092
2107
-710
824
-1021
9418
-5292
8719
-7568
7637
3970
-3128
562
8380
-1230
-2868
2784
6572
-4084
-8123
-2365
-9733
-9969
9698
-932
9360
-7559
5604
7920
-6657
6407
-2323
-3558
3439
-81
5425
-7272
-7126
-2433
-2414
2467
488
9794
-5259
-3752
2434
8063
-8187
2485
-665
-1763
4566
5280
9719
5495
-6213
-966
-1803
7736
-8531
-111
5433
6041
-2223
3225
4795
7812
-2294
-4272
-4361
-2118
8597
5849
2845
-6458
9948
-5421
-8505
-8502
9100
3967
625
5922
9466
-3073
7244
3879
7573
6928
873
-6052
-5585
6546
-6917
-4351
293
-9965
-8942
6121
6303
3750
664
3503
-2301
-8556
3996
3607
-59
9537
2668
321
-1219
3380
-6300
8134
927
9642
6080
-3710
1901
5861
-1128
-669
7662
3026
-6018
-3294
3644
8276
302
-7069
-1762
3560
-9173
6132
3556
-5265
648
-2978
-6430
-574
3985
8868
-326
5394
4973
-1461
6710
-676
2056
-543
6957
-5948
-2468
1720
-6597
-1144
-8284
-7853
-5355
-7489
2063
3941
-1344
-5011
-7831
3301
-6288
-9658
2652
-5425
9947
9177
-2828
1968
-6624
-219
-2680
2608
7786
-4497
-7878
9458
6356
5817
239
8193
1813
3628
616
6596
4283
-5432
-7308
-6786
-2557
-807
1272
8189
5814
-7366
4010
2466
8451
-948
-8518
-4504
7183
-7776
8329
7987
7624
-672
4889
-3226
4970
-6208
-5540
3718
823
-6767
9929
8338
9906
-5916
3971
758
-2228
6799
-3071
3245
3566
-9499
2624
7883
1761
-2713
-2483
-992
7489
9516
986
4013
-9077
-1911
8141
1693
-155
-6732
-2516
5362
6045
6711
-424
7044
8544
2685
6827
-336
8840
-253
4200
-176
-4083
-3644
-4411
-4302
-643
516
-9013
-9928
-2110
3694
5141
5178
9668
6664
4594
-992
139
1320
-606
-3926
6541
-5079
-8408
-3616
-7752
-8642
-4190
-8349
8204
6561
6461
-9170
-9479
5313
9330
1063
-643
-5449
-8515
-5048
7132
-9365
-1083
7234
-9582
-5973
4667
-1003
308
-4733
-2544
-5025
-5861
-57
3844
6284
-7719
8591
1872
4
4483
-9137
560
699
-930
-4254
8302
-9002
9632
3442
-4205
-5544
4334
-495
1224
-3419
-8106
-1741
4553
4755
-6644
936
-8597
2770
759
7950
9062
-5335
3952
6405
7252
5150
404
3636
6461
7497
-4826
-5450
-1662
6506
6576
-6454
7352
-8756
-6170
2147
-3003
-185
8013
5622
-3906
-8740
-9720
8202
-2466
-4181
2730
3249
8128
-2878
-3239
-9206
5216
7018
3842
-2967
-8673
-2244
-2319
2392
-2500
3911
-8296
8640
-5858
9759
6720
4662
4435
-4172
-5819
-4532
-2072
9698
6774
-1267
-6800
37
-4775
-6293
5108
5204
6196
-2414
-5766
-4052
-5585
6710
-9625
-5695
5095
6015
7416
-2123
9063
-6852
-1733
-1197
-2335
-783
6085
5104
5915
-8878
-6490
6583
3520
-5855
-1661
4682
-9140
-1637
3734
6057
9813
-5400
7071
2605
-6253
-8432
-2520
-5248
-6627
5592
8317
-9243
9177
-9200
1881
-5211
3398
8298
-2107
295
-5154
3564
-3409
855
9001
5283
9041
-1160
881
-7011
5906
-9404
2342
-2468
-8611
7469
1384
8493
185
-7514
6978
-5523
260
3431
6098
-8343
1684
1546
1285
-8875
-4385
8052
-9191
-2650
-6708
-1983
-9325
7334
7852
-2281
5060
-521
-7462
3571
8936
6160
-3389
-1433
7461
8614
-6227
867
9660
1345
-1717
-7953
8132
-1241
5836
-2103
-5131
-7373
9074
8867
-8528
-1531
4835
-4550
-6796
7455
-4416
-7664
9589
-4272
-9440
-8392
6183
2531
9733
-7812
4470
4919
-5223
-6834
-6886
-166
-2135
3605
9226
3941
-9479
9972
-5777
4295
8076
-1780
8154
2520
-630
-2943
8846
1313
7192
-2372
7965
-9011
-28
2177
9298
3024
-2623
6006
7370
-6932
-6227
8095
-1347
6793
3370
7355
2568
-2531
3904
-5900
2412
2261
-9036
8054
3737
-9945
-9671
-4282
-3949
6293
5823
5953
9420
-3973
-5319
-8451
-4497
9397
8043
4681
-3060
9846
7278
-9711
6061
-7988
-7001
-4524
-4284
-3927
7034
4927
-2246
-758
-1656
2919
5682
8921
-2758
-7639
-6551
9836
-1292
-5689
-1812
-3463
6933
5434
-8841
-7913
-8932
7461
337
7951
-1436
2122
-5771
5197
-26
8771
-7
-5193
-7349
-5121
-9073
416
6192
8482
6175
3572
2082
8916
232
8505
-345
-2981
-7009
-7683
-9456
5324
-6996
2032
9558
6691
383
-9842
6822
3241
8202
-7635
-7169
9204
4865
-2553
9062
-4353
-9743
7036
-3419
7550
-4118
-5565
-7467
6172
-6673
6418
2186
6231
-6074
-658
-4102
4232
-4792
165
8194
-5629
-3473
-7885
-49
9951
-6080
2170
6754
-9797
7392
447
-7502
-7662
-9427
2032
108
7977
7230
6579
4891
7506
-1015
2181
3229
3099
-443
-499
5971
6149
-4308
-7479
-5340
8368
-7989
1925
-7450
-2740
-1126
9508
-8151
-6088
6823
7688
-7857
-7932
-889
-3878
9129
1274
-1926
-4912
3225
7984
-6152
5665
-2290
-8769
3248
-3373
3114
-1709
6715
-4488
7060
-8137
4114
2143
-6
9142
2279
-7548
3323
5951
-5143
8571
6068
-553
-4416
-3724
-401
-886
-5146
-9132
6676
-4656
5778
-156
3637
-6497
-7603
3423
-8884
-1483
3364
-6890
6787
-1668
-3407
9550
-2368
7913
-4467
-1821
6633
-7799
-4859
7538
-2190
-8675
-1391
-1404
4568
1274
6457
-616
2606
7633
-236
292
3331
-1127
6232
8952
1121
2502
-9951
2459
-6802
7152
-2658
-5543
341
1340
-7132
-4328
-5340
-8755
-9005
4338
-2528
5582
8654
-5039
-462
240
-254
-7899
1790
-2973
-5182
5863
4457
-8785
-1462
-5847
7369
1249
-5214
4873
-5169
-5276
-4865
-3898
-6202
7973
2352
453
2442
-7888
1783
-3603
-3917
-3890
-8136
3101
9624
-297
7997
3836
-4775
-732
9477
2641
-5732
9195
-7126
-4901
9675
9944
-3800
7384
-7659
-8587
-8223
-4693
1354
-9417
1625
-9832
9314
7910
7608
-2798
-1337
-1480
-1385
5952
-8604
-8654
-9721
7904
3485
3587
-2941
-4019
3549
-5574
-5144
6471
-2935
9073
-1235
-4960
3414
881
4306
9063
-2128
7432
-6911
760
-1273
6907
4205
-8318
-7601
-3362
-295
478
1381
6216
-7541
4412
-9656
-1280
4696
-5739
-9114
-3113
-675
6415
-3123
-4783
-5503
-3290
-3821
3727
-8005
7974
-6288
-2411
-6928
-7478
-6217
3816
-2804
7789
2846
-8758
-8297
926
7298
-1780
-8379
1242
9329
-1400
2770
-7842
1607
-2384
483
8797
-5265
-7384
7327
1283
-3038
-7264
5287
-6788
-8012
2068
5632
626
4141
9213
5599
-9195
7312
9672
6517
-9032
862
9640
-8358
3994
6039
1420
7343
5229
-1146
-7959
4190
-3529
-2346
2206
-6459
7483
876
1717
5968
-8683
2065
8643
-2347
-6412
5452
-3440
-3333
8076
2915
-2312
-5420
2215
-1274
2288
-865
2438
-8010
-7375
-1749
-2183
8283
3324
-1192
1031
6520
3737
-7544
-6790
-7447
8797
3270
4703
7904
-3679
8040
188
1857
7198
-4989
2733
-280
-894
-842
-8936
-5264
-5384
-6429
7116
6689
-3786
-5780
5476
-3012
-5383
7187
-779
-5659
4228
-7584
-6499
-4757
639
-9145
-1806
-4544
8320
-3140
-9942
1482
-9113
8846
5653
9202
-9029
9318
6685
1290
-8159
-2304
5114
-1552
-7584
-784
-620
6555
-3171
-5457
7864
-8700
-5219
-8321
-282
6698
-2862
-8745
3915
-9185
-1183
9933
5143
-4167
1021
-116
9851
3759
-8328
-249
-1094
4680
-7667
8465
8101
7007
3564
-8285
-4861
4171
-3309
-7861
4221
6443
-578
-7621
-6486
3661
-5866
-9727
1207
7710
5983
6616
-122
-5839
9381
-6956
-5402
-270
8361
-3570
4613
-3500
-5418
8838
517
-4568
7222
-9538
-4282
1120
7597
-2562
-3422
-5569
-6797
-4073
9887
-9558
6875
-3429
3062
2250
99
9028
-270
7667
-1534
3169
-24
6747
147
2450
-1475
4904
4271
-2737
6337
2230
8224
2232
-5716
4367
-8393
-989
8626
-8021
-2378
-4098
-7395
694
-1343
-4253
4442
-1210
1493
-7439
7167
-4536
8758
3073
-3549
6301
6931
5863
-6777
8366
9445
-1787
1550
9120
2974
-6254
-8615
-2714
-3273
3373
-5957
-1792
-7822
-5003
203
-4722
1305
-2030
8692
-6134
3153
-5909
6998
9791
-9886
5300
-5729
-2017
8492
-9110
-3930
6915
-6634
1571
4326
4464
8084
5080
6172
4655
-459
5176
8749
4887
-8085
9676
6335
-1117
-7029
-1073
-8497
7888
-7704
-5859
7925
6134
8500
1902
-7890
5827
7093
518
-7879
-5141
-5488
-7162
-1571
-2364
6367
2050
7990
9207
1699
-1684
1411
-3172
2751
-7544
4357
-4256
-507
-893
6277
-3935
675
-8249
-4717
534
6452
6006
-200
3099
2782
-3465
-4651
-2762
7889
-2718
-672
6374
-3027
7220
4805
64
1264
-1850
-4796
-501
1447
1297
2280
-7372
2817
-484
2662
-2519
2056
2306
-122
-5684
337
664
9191
-3294
-8061
-8139
6668
3418
2403
5647
-9124
-3558
8441
4821
9517
-2666
-1892
-1299
7430
3392
5076
673
-3626
-1184
-1536
8084
923
-3094
1722
383
8050
-1283
2279
-7172
2891
-6064
-4902
-4932
3320
-5133
736
4492
6946
4617
-8538
2898
-4350
9355
-7334
679
5398
9445
-1758
-8756
-6787
-3808
-1220
3680
-4971
-8250
-279
-6735
-7230
-6912
-8521
4925
7442
-7178
-7016
3253
-1656
-896
-9441
3321
3272
-8195
-3915
4859
-415
-3962
5944
-371
1426
-4105
-5124
1754
-182
-248
1194
-8727
-9463
-4416
-8917
-4343
6682
-7009
8954
-6434
3272
-156
7866
-3315
4172
-6800
2523
-8283
-3946
-5496
1878
4419
5190
-8142
4542
4728
-6725
7801
7808
-2164
4368
-960
5170
-7745
185
-1614
-5484
-3577
2246
-6146
5127
-8497
1558
-4284
-5761
7266
7679
9665
831
-8714
4656
434
4397
-7248
1774
8345
3175
-28
-1628
7488
7810
2476
-6301
-1558
-866
-5732
9279
2572
-9845
8198
8385
-1378
7362
42
-4548
3240
8517
1409
4054
833
-418
8657
-2887
-8344
9660
-9202
4353
-1335
3784
-805
2357
-9097
5562
7918
-5775
2320
8170
-2341
-5767
-3242
-4919
3677
8566
-5059
-8321
4580
561
-1057
1891
6843
-8190
-9128
4632
-9076
7146
-26
5222
6161
6407
9087
1607
-4653
-5796
-6232
-2595
-4629
-5169
3058
7817
-3899
6149
-4851
3836
-1541
-6453
1638
5781
150
-5622
-1390
-186
-2709
-6672
-9375
3526
1006
-1242
-5462
454
-577
-7133
-7279
1252
-9071
2762
-4717
937
-7513
3203
8918
-2870
-1009
7126
-1337
5907
2568
9526
9478
9191
8427
-3445
395
-440
-700
6467
9457
2002
-7542
-6033
-2770
1004
-8642
-2834
-5172
-9962
1493
-6529
-3450
-3144
-3672
-1257
-1110
3245
-9616
-9760
5217
3747
-5014
-622
318
-4856
-8465
2093
8712
-8400
7546
7620
8039
-6467
-2585
2189
-5319
-1504
985
-128
227
4877
-2936
-6082
-3609
7056
-17
4768
1212
-448
8096
8954
-5330
122
-3177
2962
-135
-9207
-2552
2596
4062
-7165
-1671
-8457
4607
-2350
-4783
-1411
-8783
2807
-4875
-9442
-9417
-6039
1388
7537
8431
1451
5903
7924
596
184
-1040
-5424
-9185
2436
9079
2357
8067
4045
669
-7884
-6397
-1288
-8990
-286
7973
1452
4753
4374
-2804
-2003
7188
-7154
-6117
-7680
1059
2793
-5538
8061
-3583
-811
-7618
9511
-7666
-6483
9565
6616
-924
-2153
-6672
4041
-1622
8066
-3776
5096
5227
5420
3513
-4484
5915
-5559
-6608
5819
-3163
9583
8754
1622
-520
3996
-6552
3470
-7359
2301
-2777
-7365
4756
-2003
-8088
-616
-9486
7289
-76
-1423
-7631
-3792
8825
-1312
-3507
-3035
-8098
1638
6598
-9822
7103
5747
6407
6114
9544
-866
7407
3498
9072
2760
-351
5786
-1471
4389
9409
-3570
-2450
-5838
-5575
7445
-1208
-6042
3253
8682
4269
-9327
-1444
-8273
4061
-9549
7403
9600
-9809
3694
5009
183
775
4582
-8730
31
8061
8963
-3178
-9106
-279
-1072
-2853
3330
817
6325
-3737
6684
2229
-3867
-4522
8788
6582
-2363
-5698
9386
3857
-7683
-6027
4644
-1372
-4428
-8320
8392
6959
-9521
-812
9913
-5985
-7698
5743
8914
-3624
-9700
3639
-6826
-6128
8779
-300
-5449
5047
715
-5050
9735
2234
-8902
-6488
1937
1507
8373
2598
5716
3468
2455
-1166
8266
-4392
5433
7685
6690
6887
7714
-9012
-3602
-4564
-2142
3486
7040
9820
-5745
7863
-7982
-4372
7159
-3106
-797
8015
-1809
-8988
3456
2870
-3104
-4327
6654
809
-3105
824
3827
-8598
-3967
-4239
-7314
-3266
712
-907
335
-7229
9078
-6060
-1228
-2216
-7471
2688
-9273
8718
-2928
-7964
569
4141
8069
2865
-1188
619
-4333
-7245
3603
2224
-1077
-1180
-9435
-1024
-9743
-3549
-429
7859
1338
1586
6449
-5052
1928
-8229
5940
2438
7952
4672
2378
1251
515
-3057
408
-1477
-7877
-7354
-7093
4620
1486
1276
-4424
8549
-6843
-9832
-2937
-340
4402
-9116
1291
2434
-6049
-9390
-5680
2674
-363
-8392
6197
2006
2155
-5036
-3825
3600
-6269
4256
9646
-9412
4483
-3895
-4563
3007
4971
4050
1567
-1084
2316
5032
-1347
5166
-2082
-1665
-5634
-616
2112
-7421
2504
-6041
-6771
3992
-1710
9289
-5776
-272
-9060
6524
-506
380
1450
7665
-9639
-9386
-1995
-3518
-9213
-4110
424
-5517
4462
-4709
2504
-7877
-5611
-5709
3388
-8062
-8025
1753
-1085
9229
-1933
2917
1703
-7606
20
6125
6456
993
-5622
8885
-2242
8255
5450
9544
1520
-8134
-6767
3532
6794
1913
-8419
-2360
3096
133
-3558
-8094
-1279
2507
-432
3103
1373
4740
-6240
-7393
8905
58
9311
2266
3889
3177
-5406
-5967
160
-9631
-6703
-9813
4637
-556
-8287
1766
3769
-2644
8441
8894
601
3781
4548
9012
-2326
1893
-6213
565
8077
2525
9714
-2345
-8542
-6559
-3713
72
-8499
-8042
-783
6151
-6860
5851
4440
-4608
7893
4432
-2541
-5289
-474
5262
-788
6734
-4776
7838
7242
3325
-7064
6291
2007
-7272
432
8285
-4109
230
-2633
1994
-1140
66
-2440
1620
-9660
-2930
3567
-3892
8871
7279
7508
-4195
502
-6376
2766
-9047
-4138
-3729
-7718
2783
2256
-6728
-3092
-3160
6927
1118
4191
3922
2319
-2311
-6795
6777
1594
-9546
1024
-144
-5836
-6673
-2468
710
-2404
-2083
-6242
5012
-573
919
3014
5439
-5496
-774
7934
-7687
-7253
9526
-1581
5356
-6799
-3391
-3142
5586
-8223
9137
6775
5479
6734
-7852
786
5565
-6284
-1202
1120
-5430
1904
504
-7381
1979
-4534
-5580
-5232
3807
3393
6396
-5259
6268
-2223
2665
-7272
9168
1035
-6561
58
4927
7862
-5640
-5714
8879
9495
-4401
3016
-9191
6750
-2972
-2771
-6534
9362
-3601
-3868
7126
-6317
-8505
8099
-7582
-1505
-2914
-3323
8559
1456
-736
8837
7235
-6283
8203
-9741
-6001
-6951
-5569
2106
1369
3076
4165
9380
-8762
2514
9093
-2371
-1483
1917
1866
2470
-9097
-3618
988
-6711
6621
-3782
-6828
-416
4923
-7151
-9150
-9226
-263
4624
2061
4611
-6877
804
-9105
-8800
4548
9798
-4734
-7353
-3704
5453
-6871
3346
6038
9740
2279
3031
7119
2711
-6579
-9170
5889
-1916
-2121
-7167
-2964
-1002
1129
6350
-8555
9617
2339
-661
-9
9043
1481
-4450
-4366
8184
-6601
-8008
-6346
-5193
2002
148
2370
9033
4766
-932
-1925
-9459
-7636
5511
748
-1611
-8860
-8115
5174
6159
303
-3484
8870
7941
-7265
-4839
9513
-6704
7280
7249
1544
-2484
6159
-2378
-8364
7417
-1865
1534
-5470
-5200
6544
-6495
5808
9784
9595
9473
-6143
6304
2355
6246
-3968
5558
-1159
3861
6810
2752
-2557
-8082
-3646
-2455
2070
557
-9860
5014
5280
-6305
7628
-8822
-7813
-3255
-7928
-9633
1624
-9972
-2697
5508
2162
-8660
-5642
-6322
6522
1312
1199
7525
6720
-8266
8497
525
-7802
-8872
5370
-3092
5580
7492
895
1345
5065
9807
-2795
3371
5446
552
-6369
3907
-2833
1598
9950
582
-2321
-8110
6606
-3403
-3594
-4852
5604
-8501
9404
3580
-2811
3025
-3199
4162
-4305
-1261
7683
-2326
-5287
-5769
5285
7021
-8975
3663
-1850
-8651
7013
-2418
7474
8974
9437
8818
-5168
1795
581
-7168
4871
-5292
6120
8481
-434
3886
1908
-7988
-8783
-5420
-3847
-3987
-7630
4354
152
4464
-5888
7248
-8224
-809
9205
-5053
-670
-7909
-3907
7451
2139
-9963
6956
-3959
6969
-8111
-3884
8867
9606
942
9273
5269
-5571
-4959
-7324
7096
-8131
4989
10000
-7456
-8705
6192
-3748
-4869
-6437
-4907
-5862
-2729
4298
-3756
5999
961
1609
6579
-7233
-2342
-4844
434
-6696
7389
4890
109
-6027
-5641
8511
3307
560
9868
-960
-8740
6271
-3178
7016
-6651
-8700
9108
5586
5623
-2405
-9922
9803
828
4997
-8693
-9506
-6519
749
-8159
4702
-9947
2373
2587
-8643
6006
-1091
2837
-1804
6618
-3965
-4913
2763
3019
-6532
782
-9746
-9586
-4260
-1472
-1241
-9686
4705
-1588
-3790
-9011
-9657
4349
1123
5075
-2046
9054
178
8486
-1109
4682
-8295
-7111
1537
7140
2320
-7327
-4677
-5360
6652
3291
-6779
-8847
-7368
-6075
-8540
2077
9617
-3295
-5839
9914
5988
4478
-1023
9112
-5092
-6363
-5483
3265
461
-3160
5582
7049
6256
-1370
3568
4316
5496
-89
523
7900
-3869
1860
1151
173
5346
-5511
1815
4633
9477
-2999
9676
-7619
945
-1456
5251
6634
-7372
2367
-4722
7938
8153
8017
-1189
3177
-5332
-8190
1111
9746
8285
7831
-7488
-7788
-8310
6035
4764
2560
4758
-2903
1949
-7126
8198
-869
-6408
132
6370
9679
5882
-921
9299
3449
8238
487
-7349
901
-963
5606
-3916
-2334
-6659
-2609
5214
-2451
-7532
8640
1700
8893
8070
1452
-7845
5727
-7259
-2781
9932
-4788
-1697
-1794
5419
8300
-4731
3127
-1144
2238
3332
-479
-4771
-6395
933
-4665
-2891
-8929
-841
-3471
-1682
6189
5458
-18
-4796
-8995
8821
-3965
9497
-5212
4954
-988
-6057
6506
-2338
-2407
470
7982
6809
4862
3760
979
3477
3736
-2120
3302
-1305
-9916
-2425
5396
5953
2937
-6609
1179
-5755
5885
9695
8321
-2008
-4759
6612
-6026
2412
233
-565
581
-4739
9032
-506
5731
-7626
-6878
1563
-8151
-7759
-1485
-3950
9678
4298
457
-2729
8368
2233
-4963
1099
-5455
4422
5801
-5914
-1379
9063
1932
-5773
1264
2293
5
-8103
-7311
3763
-4853
-1991
2228
6444
4843
-5511
1072
-6949
-309
37
-637
-525
-9365
-7991
-6598
-1028
4932
8082
3689
7930
4929
-5473
-8673
6151
6615
-7116
1198
-296
8586
449
246
6213
4131
-608
-111
8195
-9966
-5055
-2202
-9191
-9752
8292
7394
-6170
2522
-2373
-9056
-6376
-922
5614
-7366
3780
8291
-2882
407
-4878
-6929
2906
8500
-9571
0
-6280
-8613
-9308
757
231
7831
6992
-1171
7163
-4366
8791
-105
1712
2430
2372
-1469
1899
-2444
-4353
-2018
4696
-8810
2545
6087
4680
3172
-3884
9299
9679
7218
6921
2586
9278
-6821
-1628
-6987
4491
6540
315
9351
8352
-5113
-980
6948
-6076
-4262
6764
-9275
5084
484
-7614
-9335
-1482
-2589
266
2652
2055
-9391
-7817
2838
9144
4124
6907
9204
4947
-3582
3429
6453
-7137
7717
-5287
1413
4297
-3261
4020
5663
7096
-9197
-6514
1581
6461
-4830
-5774
-425
5182
-5123
-4647
3477
-68
-4777
4032
2091
-6303
-7974
-5001
-4540
2130
-8287
-9836
-5273
-6986
8808
6281
6865
-3571
2485
-3625
60
-3441
309
2866
-4531
-7285
-7602
-348
369
2008
-6962
-6427
3691
-1198
7546
7262
543
-4831
-6044
7477
-8070
3751
697
-9591
-4543
9420
-256
7326
9700
-8330
6422
5792
-6778
4124
2832
3743
-6970
-618
-1720
-1071
-407
4119
9757
3717
52
-1283
7311
3971
8983
-1210
1185
606
2623
5475
6517
7145
3726
-7736
-5732
7928
-3694
5588
-7797
-7158
-6758
-1181
-6497
7781
-9847
8703
6569
11
4877
-3930
9976
3501
6691
6088
8180
4317
186
-7963
5919
-5862
4458
-9415
-7844
-5167
-5279
636
2912
-2768
-3665
-3910
5604
-2171
-567
-2804
9180
-2919
-1987
9874
7063
-9229
3623
-3845
-1010
-4212
-2965
9361
4955
8212
-8445
-1537
-6450
-826
-5991
-6140
6731
-122
-8737
4826
1577
-2732
-4223
9213
-9313
-9880
6888
-4918
2067
2833
3843
-6304
212
683
-6232
8626
8652
-8850
-7502
1353
1565
-6471
554
-6058
1555
-2777
6630
-8942
-9080
-4555
3273
6901
-5759
-5952
-2526
-2695
-8724
9094
-3513
9534
-4345
4340
577
-5053
-1112
-6309
8445
-4690
-6105
5812
-2914
-8097
-3045
6661
-1211
-724
9422
-308
1126
5258
2465
9981
-3506
-567
-4575
-2302
1528
-759
2956
-9120
-1938
-9215
-3562
-6674
5483
-5278
-3623
9681
8617
7218
-7136
-8748
1765
8947
-4060
-5814
2675
-3140
-5218
-2574
5844
9806
9199
7449
7505
-7228
8335
2550
972
-8338
3051
-560
-3667
678
9903
-50
394
8762
-7908
-4908
-8214
-3257
638
9679
89
-8613
-9915
4895
-5670
-9579
-4278
2617
-9615
-338
-9143
6716
3756
6531
-4656
4973
9838
-554
7045
6838
1577
4856
-7859
1194
8895
-9162
-9955
6664
-3696
-7022
-7065
8108
9888
-3702
-1087
7320
1818
5697
1013
-4196
-1467
436
4015
-5380
-4399
-6854
3915
8729
420
4136
-3466
83
-8129
-5220
6421
-8200
-9046
-5221
-6973
-692
4313
8439
-1085
3415
-1175
-1031
6673
7047
-8235
9856
7202
-1189
5044
3344
-7417
6266
-1688
4577
3736
-6652
-3516
-9270
456
1255
5781
3131
9943
-1305
-4428
-2833
9530
-2788
-5686
-5484
7240
7472
1181
5852
7934
567
-1740
-5067
9223
2075
-5298
-242
8539
-6861
-9970
-7960
9752
5738
-8110
938
-8024
2524
-2605
-1081
1050
5156
-9469
2354
-8442
-2144
9125
-9491
6068
2796
6103
-3652
4402
-925
8783
-6386
3368
-45
6369
-7525
-9297
7116
2933
7804
-9466
-3317
9825
-4982
8138
4719
-9133
-7224
-1917
7614
-2461
-8640
6849
7134
4375
-5844
-3484
-1354
1326
9757
-5144
-7814
-5489
2174
-7058
-7695
8150
-6436
3903
5389
-3189
1239
-3090
7047
9170
-7249
403
5966
116
-1149
-480
1746
-8613
5322
9703
-3244
-4762
9152
2986
835
951
-1290
-2372
-743
4466
5296
3249
8901
9746
-6687
9759
-7060
9274
7428
-6158
7737
-3877
8198
-6176
6737
277
6011
-2165
2898
7198
-1930
-6774
1815
-5250
1687
4930
-4368
-9855
2694
-1639
-1302
-3707
-2958
-9116
-5927
-6062
9996
-8807
-7905
-868
-5776
6058
-472
-289
-8794
-1266
-9089
2064
-3171
-2485
5139
9223
6185
-9836
-5459
2039
7522
4573
9672
-3676
4526
-1115
9113
-7901
-6934
-2534
8110
-534
-1458
-2225
8388
-8551
-4708
3246
-5760
7660
7911
8988
-9115
-8798
-4308
3707
-6467
-6558
7350
6049
9873
-6038
-5925
6399
5840
8959
6330
-7986
4652
-2637
-9156
-1663
-1924
1171
-7212
-6455
8432
-8434
8989
-2322
2546
7868
-3181
8268
-5430
9373
1848
5315
442
6953
-1655
1423
-1723
2538
1805
3686
5069
6779
-6304
-8368
-5986
9875
1912
7259
3321
5805
6520
3058
-6070
8133
-8572
-8696
9056
1885
462
-9521
7447
1934
7213
-9937
-4965
-8624
7047
5345
9206
-3981
-8822
-5555
2031
6396
-8843
4558
6011
-1582
-7973
6919
-7946
1155
-7715
9113
8951
4146
-4835
-43
7637
3194
6026
581
-6936
3410
3028
-731
-8054
6452
-5737
-445
-4469
-8976
5397
-5661
6185
2287
8569
-5082
-2425
8195
4847
-6517
2306
-1899
5520
4985
-5294
9337
-4605
-7810
6989
8985
9968
4462
-7402
7279
-6186
670
-8561
-1261
2705
-9207
-2637
-1536
-7431
2135
1160
9416
-5504
2077
6617
-2361
-591
8326
-8648
-1703
3288
-6125
8164
-3472
1572
-1446
2388
7965
-3750
3449
-8476
2037
-8952
-9837
5463
-4208
-2105
6259
6889
6393
1449
-4381
610
-271
7802
4611
2691
-3263
1775
-4567
1654
-9568
3303
-2442
-8575
-7392
-9225
1873
4862
630
-2296
-3108
8889
8576
-242
1280
-9553
-4037
8405
-8929
-3005
7952
496
-4209
-418
-3090
2561
-3918
1355
9249
-9840
1308
-8895
-9747
-3411
-5282
-258
957
-262
1806
-1856
-3722
9178
-4338
7668
205
9770
-7292
-6050
6093
-5483
2374
-8289
5455
6098
-7287
-4281
2723
-4852
9761
-8796
-3211
7783
154
-7953
7288
-7901
-7538
-2952
3743
8965
-5859
-3171
2699
1108
4410
-8145
2848
-3644
-7292
5689
2582
-3723
-4046
5806
-2159
7464
-1191
768
-4526
-8571
9504
2574
-6708
6218
4557
488
3491
734
-840
2719
6161
3753
-2347
2237
6021
9343
6319
7903
3968
3108
2183
-8558
9713
-9204
-257
5249
8122
-3333
3217
2296
-4836
3776
4374
-8453
-4199
-4785
7938
8174
7922
4392
1993
-6575
-9141
6498
-8638
3282
110
4065
602
9989
120
-4503
2494
9255
-6432
-9516
-4064
1864
5667
-8010
-3128
8197
-4595
3903
1217
-9279
7257
1419
1207
8729
1184
7772
-1122
743
9828
-6126
1623
-7411
-4298
3035
-5362
9692
891
9410
-9504
-9495
9484
-4706
9974
-5695
4498
4224
-5159
6526
-9748
75
5423
-5577
-9139
-9915
6935
-1764
2422
-5943
-8271
2564
-5138
-150
-6566
8079
-966
-4239
9450
1420
2257
-818
796
-9529
-2943
-3349
-7815
-4434
-3503
8183
-8677
-1792
-439
-5792
3513
8040
445
6288
3943
-725
7319
-3709
5144
-4489
82
9817
-6182
-5674
-3551
-4621
-3141
6364
2836
5859
-6174
-6220
961
3802
-7793
-8734
-6899
-7340
6251
-8724
8484
5055
-3451
-746
-2135
5041
-6089
-5915
4596
-3359
2262
-2305
2425
4735
3563
6339
-7574
3816
-6092
210
-5080
-6478
4817
-6260
-7303
-3431
-8090
-6046
-7981
9569
6498
2857
822
4906
-4830
9311
-8688
7084
7477
-127
-235
-7716
-8347
-3412
2601
-4957
-9564
-2429
7896
-4740
1823
6886
5241
-4663
-8100
-4466
3724
-827
-8937
-3028
-4874
-4624
-2766
-8430
5253
5572
-8995
-9543
4343
1493
-9093
-5361
-5469
5317
8736
-4211
1764
5262
-1047
7692
2294
-6966
8996
-1356
2301
4770
-27
-4512
-325
4830
-8886
560
-2328
4745
2084
6583
1058
1858
-2242
6674
-4159
1264
7933
-2073
-1464
-8037
-3364
-9490
-6819
645
1579
4033
-9059
-1989
-5236
9069
7620
2383
4126
-7035
6996
-556
843
6841
6634
6952
-759
-855
2762
862
-4822
-1874
9719
2152
-488
-1641
4967
-1151
3048
-7633
828
-4660
3535
8578
1949
2301
-7201
-2032
5404
3182
8174
7878
6486
-3677
-7424
-2218
5195
-7389
3185
-1879
633
-528
-1489
8919
9779
-5971
400
2405
6344
-2024
-9258
2288
3625
-7662
8151
-6202
8376
2859
1693
-135
-6261
-1096
362
-8610
1618
4662
1677
2513
-5676
5328
-387
4153
565
872
-9662
6213
3139
750
-8317
1613
-6968
-5982
1848
-1210
8940
-9260
6801
-5702
8620
-6933
8779
-7964
6909
-5423
-6889
-6249
-4920
-1187
6039
-7525
-7423
-1280
6237
-770
3907
-1341
-6996
9866
662
-6105
-9234
1809
8631
9775
-1073
-4926
2084
5277
-172
-2039
658
3214
8110
-1312
-7472
261
-2024
192
-4614
-4093
8725
-6238
-2031
5485
-3732
1709
-6390
-9914
-7161
9371
-4855
-6989
6002
-2268
2358
-9325
-5881
9708
-6410
7823
-9573
-3865
5118
9982
3657
-8808
-4424
8817
9672
773
-755
7570
7610
2554
6642
-6594
2032
-75
-7655
-6424
5771
-3271
-8452
5873
-2770
3983
1598
-8183
2247
1672
9060
3758
6785
-5354
-8562
8409
-9381
-8706
8528
-1939
-9733
3771
-1576
-7963
-8138
-2146
-972
-241
4821
8124
2236
482
-5830
-8051
1308
102
9434
-5350
-1036
-5427
-5231
3428
-8013
-5431
-3560
-5383
-685
2873
-7374
6973
4168
2507
8357
-301
-8215
-1644
8649
1683
-5313
-4310
6069
-7400
-7415
2148
-9764
2555
8600
-587
-8015
-7046
-6403
2389
2869
6823
-7064
-822
-5874
-8276
-2286
-4113
7402
-8956
7880
-2879
-3678
-4821
5026
3507
6699
-4520
2176
-9282
9036
-5797
-8893
-5001
-6913
7549
9927
1412
-2193
3865
1459
-9089
9059
1761
6065
-3113
-186
-491
-800
4795
517
-3286
-9718
-1225
-6679
5645
5653
1914
-4499
-8772
5916
-6831
6788
8781
7364
7524
610
-9065
-3055
-5686
2819
-4099
4983
6156
2797
-6165
7072
-2241
-3671
5318
-2098
-4415
1855
5376
-3036
9975
5774
-194
-894
3734
-5682
-8472
-9333
-9690
-7129
5164
2806
6360
-9587
9829
-7620
-1738
798
-6547
8649
-2772
-1445
-6803
2515
-9997
2181
-3016
-1069
-8725
-9781
-9834
6051
-2830
5458
-3688
3340
-8277
-5019
5280
8454
9132
-517
-4040
3117
5284
-6729
-3155
2744
7573
-8420
-4834
-2223
-4952
2344
-7929
-3518
-4403
5107
-8518
-1132
-2330
-2490
-1514
5734
-8812
-3308
-429
5532
-8436
-4764
1152
9436
9040
6482
-5173
1644
-6783
-7480
-9697
6205
4187
-9186
6494
9207
4764
-7897
-2230
5149
9395
-7241
6285
864
-1946
-2250
7335
3705
9670
-8237
-8154
3707
1102
642
1984
5683
-1246
1812
-4723
-7388
3374
9577
-7145
-4249
734
11
-9056
2247
3081
-7048
9852
5581
-4181
1829
3418
587
3665
-8048
-4949
-5578
333
-5659
3972
-6447
6966
-2696
-5652
840
1978
-4788
7874
-4509
-9151
-2006
6993
6450
1385
5344
7386
8723
-8521
8307
321
256
4655
-821
2395
-819
-6579
3420
4694
8427
-8997
9537
-2846
-5557
-8466
7728
2445
3877
-5408
3719
6867
-7904
4252
9375
-6123
2358
1416
-1071
8599
-7984
9025
-7445
3351
6650
-6411
-3337
7838
-6648
-2933
1229
4927
-8780
7274
-188
-623
22
5657
1602
-2536
-5589
3514
9401
-2629
-8646
-1149
9454
-2025
441
-5965
-3005
2949
-9043
8328
-4055
-7085
-8545
-4401
8711
-2647
-7774
8528
5786
-4289
-138
-2690
-8982
7809
1330
805
-4858
-4942
-2591
-5689
3528
-1979
-3486
7584
-7835
-9670
-739
5362
4516
1348
1769
3801
3491
-5922
43
8055
-4758
-8145
-1965
6062
-2696
-9775
-4559
-2771
821
-4720
738
-7121
-3831
3138
6960
-1913
-9042
1753
4058
-1670
-7539
-119
-2991
-8497
-1494
4220
-7221
3561
9026
1083
-8709
7626
-5498
-5827
3498
3597
7093
63
2431
7493
3085
3836
8102
-4034
-5582
2305
6854
4267
3863
9299
859
1814
1607
-7207
5602
-5800
311
5441
7326
2462
1458
-2419
1953
6656
-6918
3088
-7731
-6312
-2774
-237
-5474
-1279
-6751
-6670
3898
-348
7939
8928
-1021
5603
-402
-4237
5663
-5534
4754
5122
178
-8354
8639
9581
-8486
-4410
7125
721
-582
2819
-5306
4077
-6045
-236
8541
7610
8920
-531
3772
-5822
4829
-5416
-8421
-6644
6252
-8184
6503
-7284
689
-1249
6363
-7214
1544
-1375
-9792
9378
543
-7353
9384
-5061
-9359
5553
-6235
188
9099
-3057
7248
-2067
-9866
-207
-9429
4957
-6872
9182
-6092
-5406
8974
5131
2757
-7629
2460
-5002
-3482
-5413
1341
8356
-5510
-5
3454
9952
9005
6554
3960
-3521
-8422
8529
-3767
92
-3717
-1380
-7657
2750
-4395
6074
-110
-3127
-5878
5589
-283
-7581
4044
-7165
-2321
4220
6109
2950
8257
3020
2488
2082
8780
-2522
-5399
-9814
-6041
-2568
2996
6863
-611
-9973
6307
-5331
-1325
8520
2136
4377
907
-4611
-4950
137
-887
5716
2070
8725
-2430
9555
-5222
-9316
7614
-6003
1032
-4754
2282
9652
7374
7159
-7520
2684
5075
-6271
-6696
5081
7566
-8071
-6562
-4539
-3496
-6467
-8071
4739
5660
-8636
4920
-2653
6951
-6771
-4568
2627
3184
7651
7526
281
-6701
7703
-5689
9927
-6956
-9392
-5196
5010
9338
9356
7375
-4089
2941
2537
-8434
-7842
4428
7250
5901
-1265
8632
-1466
-2883
5172
7264
-1751
4850
5734
3889
7270
-3182
-7824
8688
2814
-6318
-1108
3408
-1175
-4252
-9374
-3177
-3830
1035
-6099
5495
-9633
-9232
-1454
9641
-357
9183
-1165
-9296
729
-4699
-2000
-780
4226
1984
-2376
6957
2567
-2696
-3154
8000
-8116
-5284
1106
-2626
8167
-4909
2171
-3264
6923
3391
3969
9583
4643
9285
-4431
-5899
1912
8903
-3456
-2933
-3389
-4543
811
6935
3451
-1990
2304
3045
5257
3737
-3370
4270
8359
-3562
-1814
-7271
2733
-134
7129
-3387
-279
3359
-5467
860
5771
-9463
1904
337
-9628
-1331
5373
3158
4305
3349
-3387
-9197
8855
-2628
-3827
3196
-1786
-6251
6569
2942
7751
-6283
-6099
1484
7727
-4502
2220
5060
8503
1122
9994
-17
3867
-9732
2689
-366
1675
-7403
1955
4900
1286
-7729
-8729
8994
4632
4237
-5467
4711
-8175
2510
2670
-7385
-5433
2098
-3132
-7599
3713
-1315
1247
-1974
-6049
-6546
-2890
3595
3302
3208
-119
9268
6038
-7223
5768
7569
-5392
-1513
-8913
6786
9318
6229
7073
5284
-3269
3645
6483
8167
25
8677
1209
-4728
3885
2703
5419
-1136
2265
8076
-4683
-6538
8308
1868
6645
-6917
-9698
6367
7936
-3636
-1494
3355
-1725
3673
-4560
961
1621
-4959
80
18
2007
-9346
3124
868
4994
4102
-4992
54
-7313
9288
-9746
-1241
6193
4811
1461
1944
3026
4670
2519
5000
-3218
8181
4335
7184
4621
608
2749
8928
-1675
-4937
-6319
-8322
1284
-5581
-9464
-2029
-7636
3625
-4806
-2816
5461
-5941
5709
-5377
-6571
-2279
7121
-3730
-7928
402
7582
4510
-2527
6532
9087
-8886
4442
-3311
3391
2488
8640
-3342
6529
-6337
2735
3329
7911
-7946
-9317
625
4835
-222
-1122
765
6082
-2241
-4659
-5987
-1839
-1026
5113
-5351
4095
-1165
7941
463
8361
-1876
-9179
-5643
-8061
-5188
-6866
6762
7258
-9557
-7949
-4742
-4545
5664
7820
4286
5705
9171
-1007
-9021
-4663
1075
3701
3143
2408
-663
-9843
-6853
6989
1846
8245
9496
-2166
-6293
6594
-6479
7514
-2630
7448
-2720
-9192
4642
-5129
9371
-8665
5172
4361
-8649
-6977
-6125
5922
-9929
4747
-6461
-6912
4257
-1989
-7386
-8331
-9432
398
1433
3992
-2600
8238
633
-9073
-5497
1336
-763
-8028
-3974
3252
9599
884
2064
-134
2705
6328
-7037
-4594
651
-9047
-1649
-8955
-9612
6727
7310
6067
9422
-4613
8588
-4278
8536
-1797
-3574
-8617
-2484
-7549
-3410
-3382
7054
1758
2406
-2169
4208
2254
-3718
-2648
9190
-5988
9840
-9291
3114
7130
-8952
-6136
1011
-5187
-4518
-895
-5765
6743
4550
-989
1182
1619
9307
3955
8243
-7103
-4330
-1765
-2944
3162
3726
8269
-1085
-3944
-4067
-2994
5431
-1422
-4941
-9940
-8975
4331
-4509
7857
-2389
-9667
-1461
4009
-1561
-246
-4936
-9649
7677
2905
-1905
-8324
-4538
4934
8533
-2490
2737
-8376
-9511
-2639
-8219
-2294
-6970
-1460
-2554
5508
-2279
3409
-7614
-6496
5208
-254
7797
-7075
9092
3490
-5269
8920
1413
-9752
3684
4276
4046
9889
-1910
-3339
7643
5819
8573
7592
4551
347
8766
920
-3870
8005
1222
-3389
8202
9017
9947
-8544
9526
5754
-7661
-9456
2267
4781
-3229
9423
-2476
-6761
218
-7924
5142
-6829
1875
-7020
7451
2063
193
8383
5002
8418
-5465
3341
9745
3472
-8882
-9591
-1066
2304
8495
-294
4041
-555
4869
3360
9761
6083
-6757
-506
9398
9529
-4001
-1825
-6868
5544
-620
8945
-4595
-3937
-3264
9535
-6329
-6492
-6441
-5600
-1054
-7276
9330
-3413
-5476
3101
-5548
5964
-9735
-8333
-3225
-4048
9456
3608
5656
-8546
799
3514
-7833
4023
2691
-1028
1194
7863
-5277
-8152
-1075
997
9061
9156
9130
7992
-6003
524
1779
1814
4585
-7414
5350
7194
-5407
8594
7800
-5230
-2801
8910
8690
-1933
-6215
-7449
-8076
5817
8950
-227
9681
6624
449
8418
45
-3176
7426
-3507
1655
5450
-6333
-8398
-1504
6413
-6277
-7986
-2519
-9292
-6646
5275
-7694
544
3079
4185
5626
6718
-7839
6385
-3861
9701
5172
3653
-2547
6777
2372
5628
-4473
-9082
1786
-8755
3918
-251
-8358
235
-8743
2746
2785
-2351
-5839
3285
-8969
5557
9014
6415
9518
-5788
1297
9598
-8345
2701
-6516
-3072
2727
2699
-6591
-2355
9410
-4693
-1454
-2812
-4199
-3983
-7356
-7201
-5575
7992
-1198
-5200
4601
-6865
-4917
-5066
985
2696
7508
-3815
-2003
-1011
-283
2799
7399
-3285
-7490
-1997
-8721
1996
8297
-9683
-2433
3009
4085
-3557
-1544
-8863
5792
745
-8856
2320
3305
6703
-4854
8651
-684
1626
-6971
5174
2528
-5251
6362
3592
7579
520
-4603
-8885
-8965
-6141
6390
-7351
6219
8427
-4533
-1161
-9193
-5826
4323
8823
97
5717
867
-3822
-4566
5581
1106
8533
2815
-2439
-2267
-8165
-9587
2387
-1884
-2284
3532
9399
7707
-7753
2171
-9111
-4909
3200
-7940
-4617
-6404
-2047
2278
6190
-495
-9436
677
-2412
9937
-1892
-7046
-5084
7968
-4962
1531
5565
1546
5176
-6384
-9208
2859
-3075
9381
-6525
-9904
229
9117
8738
-7031
-5990
-6157
1142
6154
-5232
-6606
-8680
5132
7878
-2957
-6887
5090
4029
6865
7236
-7806
-3218
-1768
7716
-5599
7596
-4884
4816
8536
3841
-4103
6415
-8514
568
-6205
-6953
-1026
-7218
8234
-5430
-6105
7692
5460
-4784
5585
-128
-4509
-2886
-2175
-1179
-9804
-6762
-6004
-6749
-5554
-8337
5113
193
-271
-4639
-7987
7648
-4138
-1462
-1196
-6706
-9921
8118
-3000
7226
-9781
7852
-4256
2521
-8643
6956
6937
-8734
-5184
-4559
9281
4778
85
-8149
2159
1627
-5165
7739
8989
-2810
2482
-3084
8520
-1999
-1244
1684
-5632
658
9778
-5103
4617
-3553
-8694
1888
1033
8796
8974
-1779
-8485
6599
6638
-4972
9850
-9788
1096
-6496
-1697
2036
-1942
-1300
-9051
-7032
5245
-5300
9914
4810
9316
8766
-4442
4380
5225
853
7211
4754
3067
5493
3036
5157
-1709
964
7897
-3043
3148
5980
-2986
-7573
4618
-415
-762
71
2147
-3175
-9829
5716
8574
4377
-8291
4693
8632
-4449
-4169
-782
-1747
7871
-8821
3055
-9052
-1025
4110
10000
6472
-3521
-6154
-9518
-6934
5854
-9805
-2999
-7847
5031
-3648
7029
-2164
2146
6301
2667
422
-353
3085
3465
4826
5648
2496
4100
-544
1035
-5921
1469
2494
2531
1606
3758
7146
622
2560
-5346
-9616
-9872
-7192
-7432
-6121
4993
-3620
-7972
-1606
-4149
2497
6723
-5055
7089
8614
9653
-8085
6939
-159
6412
-7981
-3665
7994
-8603
6722
2949
2770
876
-7186
-9441
-7855
8191
-2622
9526
6774
-61
-6024
124
-3223
1239
-4843
3588
-1647
2644
8291
3641
8891
2283
-4108
-8621
7250
-8790
-4183
-8884
2408
283
-7870
3768
-3680
2826
-7325
2877
4447
-9895
3620
-5293
199
-3725
-492
3546
7421
9014
8955
-1546
8840
-8712
5657
4804
-2219
3932
6246
-4630
-5762
-6520
8259
-1266
-4067
-4823
3633
3038
-5751
-8517
3515
9159
-273
8733
-1874
-4954
-7586
-5776
-8295
1542
2348
-5486
-3758
1456
-9435
7028
-7671
3845
4577
-1415
6034
3050
5935
5625
3765
4013
-6379
9741
6864
168
-9877
-1968
-6651
-4744
1572
3862
-9070
-5913
5969
-6509
-3432
5567
9503
-5229
-4524
-5821
5316
-8624
-532
2036
5535
931
2671
-7278
5807
545
-1130
-1719
5945
7757
-2828
2042
-7299
-2337
7713
290
-3360
-3524
4441
-5314
-3510
1589
3958
4662
4686
-1508
8253
-8820
734
5793
-5017
6427
8151
4194
7365
2796
-6563
-6016
1023
-7989
-4221
-2912
9669
-8086
-2984
-326
-758
-1675
2905
2044
8865
5287
-272
2862
3608
-4883
552
4916
7502
9943
-447
4356
2529
-2307
6235
-1419
-8039
7220
9399
-190
5447
8966
7731
-409
-6389
-1227
-197
4403
3548
8257
-2817
-7317
-3527
3246
6749
-9182
975
480
-5931
-2425
-554
-4740
3968
2412
1716
-50
5567
2493
2862
-9618
6755
9221
-875
6039
4359
-4192
-6371
-5748
7394
5534
-6027
5597
-7038
1210
-9880
1621
3155
1310
8541
-9221
9492
-4179
-6179
-7683
974
3041
4741
939
838
-508
-7810
-4925
-6440
9195
-6615
902
-1751
9718
-3167
-3400
-4948
4958
-28
6918
9007
183
2549
9937
3284
-2793
7285
8214
2987
-9705
-2509
1365
-2743
-2537
-9269
-4979
5806
3538
8052
-6580
-1161
5421
298
-1042
6677
1526
6221
-4269
6612
-1181
4549
-783
-4014
6463
-6344
5599
-2238
8437
6374
-3141
9343
1210
-2292
-5040
-6002
-9704
6101
-5773
4543
-8065
2975
850
-6271
-5093
-8783
-9145
4647
1942
-2075
4315
-4607
9984
1911
-5684
-5738
-9950
-8256
-6446
-9297
3124
-7428
3633
128
1328
1935
8418
-4644
3718
-8478
-6741
-4402
-6701
9020
9052
3608
7240
3480
517
1493
-6918
7171
-777
-4314
-5051
2590
-6613
9944
3978
1579
-5807
1481
-776
7563
-8149
-4110
772
161
-3505
7653
8319
-5851
7743
7146
7025
6782
-6732
1445
8903
-5992
2741
9100
-108
2511
-6622
-3371
258
-9101
-8667
-8420
122
2334
2006
8818
5449
5378
-5270
-6435
-9762
9148
1758
4229
9286
6512
-1634
9228
-4253
-6019
-3539
-1565
5064
-9485
9930
8394
-8944
-2396
-6163
9034
9380
676
8909
6923
-4437
-9363
-6986
-89
2451
866
-9547
8036
4621
-4144
-2297
5265
-8639
215
-6315
9421
-4633
-3447
8264
-8782
5362
7610
6438
-2320
-2038
-4001
5269
3650
-9295
-8820
3503
-951
1986
-9156
3259
-3249
3965
-1335
-3467
3979
-8462
-4841
3504
8821
5173
-4375
5076
-3598
-4169
-4983
-4154
740
-7353
-3590
9899
-9020
-4297
7093
818
-8362
6323
-8850
6858
-95
8355
436
-1373
1212
-8558
-4548
5463
-8562
-5404
1171
7248
8582
-2369
-7786
7930
7518
-5392
5444
-6262
-9899
-1158
6000
-8605
-8047
6293
-9467
-9697
9040
3776
6739
-5615
-1458
6754
9013
-2239
4077
7725
-746
4444
461
6030
7315
-321
9598
-7473
-1773
1706
-8103
-6439
-4680
-9583
6016
4368
-8881
1881
4948
4837
-9892
-5609
-9730
-1827
-3460
1863
-9160
-9385
5700
3120
-3391
6891
-3489
8551
671
-900
-1977
7480
-5454
-1047
921
-579
5154
3517
-8328
7264
2814
8655
5034
1051
5541
-7510
-1367
4555
-6595
-3577
-8441
-6259
-1803
-4936
-9403
6101
4192
6062
1775
9669
7856
5463
7698
-2947
-9956
-3166
-20
-324
3701
5149
-7427
-1465
7263
4240
-2895
697
-3099
3571
-2615
-9691
-1505
1798
-7615
4477
-6094
7162
-4750
-5905
2392
-5862
505
5399
-857
1086
-4158
5968
-635
-3566
5270
3480
-9296
3841
-5709
-5003
1457
-5227
-2817
-8157
-6325
-9877
7009
3724
-7006
1258
-8334
-1201
-9787
-3911
-5987
-7608
-1957
-3815
-2250
-7055
-2664
-200
-6080
5907
-7806
9238
-8898
-1014
8327
-496
2683
-4491
-3017
-1543
-9180
-2604
1420
-4690
-5773
5078
6245
-3447
2628
-2896
-8338
2072
9604
7810
-8676
914
6520
-1850
-6810
5414
6170
-9931
401
3900
8144
-816
-1153
-6014
-5852
3584
1965
-4409
1644
1553
-2146
3388
4102
7374
324
6171
-3534
-4807
-4043
-2582
-7499
467
-8297
-326
7722
-8762
-3083
8891
-1437
8819
-3717
-19
2091
-8989
8621
-7862
-8736
2428
-5086
-4711
-4116
2739
9933
2919
-6624
-1945
5859
2006
-3088
-1000
-3412
1308
5977
7399
-2738
5050
1669
-3671
-3269
-7239
1749
3075
6290
228
861
1276
7872
670
3462
4438
-8581
5320
-1836
-4509
2532
-7174
-5277
2321
-2533
-3718
4837
3284
-7979
9339
-9296
-8019
-9221
-9739
6477
6530
-2818
-9095
-7343
-3140
1962
-3474
-6379
3876
-5959
2357
-6994
6112
2400
1430
6147
-4997
-836
4083
6197
-3326
8539
-3703
-5812
6588
8290
8959
64
6088
4639
-1522
3205
-1349
4232
4923
2627
4237
-2473
-6145
3011
-5676
1252
-5217
-8077
2864
-1311
-8367
-9593
8450
-3881
3513
5323
-7168
1093
1695
3867
-2191
-8569
6876
-8333
-6055
3172
9887
-5285
1020
-6828
-9868
4190
-8679
-7442
3174
6873
8841
5260
2665
5702
6011
-1399
4488
-9902
1053
5750
476
333
4173
9321
-9900
5188
4347
-7180
1786
-6510
-7829
-8040
9232
8612
-158
7409
-9933
-750
345
-1608
-1963
7921
3437
7277
-1084
-1342
-1378
-2751
8649
-4466
6362
1838
-3618
-1051
-8495
14
5408
-1317
-5331
-4795
1431
771
-8468
704
-2958
6125
-3948
8590
-6134
-9749
2365
-920
-8771
5614
156
8350
7086
-4860
-4276
-912
1434
8973
6258
-6904
5594
5645
1848
584
-4367
-4455
2509
4884
6234
9395
-4483
2052
-7890
7662
9061
-315
7744
-4101
1730
5491
3277
-8883
-939
1493
8022
7483
-1178
-6120
-6846
-9491
5431
-2031
-8445
8408
-8599
-9952
-2236
7796
2583
-4077
-6523
-7127
-6448
7833
-3750
-7785
-8251
454
4959
9519
-1973
2967
-8530
-2352
-6334
2546
2540
9809
6561
-8656
-8004
4588
-4005
4520
7823
9906
575
3046
-5303
1289
-7958
3803
58
974
-466
3893
-3676
379
-7793
-3772
929
6502
9185
-2925
2176
-7376
-9638
7411
8542
5459
-2330
-2254
7600
8502
-342
-8271
-7821
4357
-5384
1239
-2027
822
-7554
7432
6057
-4866
-5439
5134
-3331
1923
-906
-9770
-6228
5397
-7624
5157
3850
7601
9828
-5620
7352
-580
5695
9287
2185
1240
9451
-9430
4905
-7502
-5750
9517
-3577
6958
263
-5604
4895
-6336
-6732
-6202
-6413
-7510
3075
1884
332
-575
4037
-6042
4254
-4218
2667
4036
9
-3090
-7952
-6201
-6240
-9579
-7220
-4849
7183
1037
-6414
-5054
-9087
1132
-7126
-436
2331
5131
-7474
7113
9317
-8769
2357
758
1737
4421
-9247
9694
-7786
-6990
3487
-5006
9059
1274
9947
-106
-3403
6042
5299
7417
-8781
115
7045
-4809
9094
1592
-3826
-9675
-8909
4930
7568
1442
6599
6276
7431
-9395
3729
5463
-5880
5376
-4365
-3977
6105
7194
319
948
1808
4958
-9362
-7902
-1159
22
2305
698
-5125
3356
4273
8955
-165
9726
4705
-8861
8510
683
-5338
1428
-9156
4987
7114
1098
7965
-3401
8367
9954
-9156
-9255
4932
-3097
-5443
9747
-5501
3225
4308
6394
-3861
4937
5216
6898
2531
8961
478
-9109
6174
9539
-5218
3430
7683
392
-5429
180
-8765
-3048
1850
7116
2371
4039
-7264
5863
-1669
-4208
1189
-2134
1830
2415
1453
-6649
-7315
1092
-6966
-7229
9829
-1113
376
-5825
4365
-8448
8754
3629
-8158
-7172
6208
-2548
-7601
5249
-1336
6734
9146
1094
2012
-2859
3425
-7943
-655
-9475
-1892
4113
-6601
8280
-6939
-9390
-6967
1400
-1592
602
5535
-9629
-9923
9811
-3687
-4142
1628
-9400
-4221
-9671
8675
-5272
-9989
-3403
9167
7992
2859
-2606
3207
6129
-2191
6828
8758
5786
8398
-2975
-7614
4392
5032
-6058
5033
6461
7004
-2725
-8970
-4595
9189
-2636
-672
-7297
-1552
-6019
-1079
-4375
5450
3960
7843
5184
5687
-4791
1298
-1747
-5720
-7199
4833
-636
1347
-563
5395
7225
-5553
3054
9468
2047
-3664
8529
5956
-3418
3115
8485
2427
2203
386
-4635
-5112
-939
-5810
-4678
1364
8697
2218
1740
2096
8162
2270
2112
-2102
-6970
6715
-6713
-512
-8595
-7332
6911
-3664
9089
-6898
-7265
-2327
1461
9576
1553
-5773
-1873
1963
-8124
1002
9824
8983
6155
-2943
-3131
1048
459
4351
-8659
-7161
7034
3173
-7210
-6681
8975
331
2609
793
-6279
-3956
9943
5089
-8925
-5663
6806
4160
3864
4116
3966
909
3336
3665
7022
6499
-45
-4994
-4804
1116
6663
6069
-3297
-3477
-9797
9055
-7982
-8105
5160
-4988
-5473
739
3590
7813
3642
-777
-700
-3378
2869
-5333
-6778
-9096
-2870
7016
6580
-4861
-5461
2911
558
-9720
-4852
5789
7903
-2576
2220
9989
-5603
-9991
1158
567
-4658
6251
6499
-8196
1270
6684
742
-199
-122
6625
-1806
6437
6591
9955
9873
-1151
-3584
5352
8000
463
-3837
-7847
-8042
7613
2411
1015
7441
9430
9831
-5773
-1624
-2196
4214
-9109
7283
-3492
-7214
-932
-9887
7656
9754
6415
-9240
-9000
6208
2412
3561
-1694
-1893
