15650
-775
-4486
-6753
9645
-7218
-7410
8550
4405
5136
-4640
-465
-4045
2220
-8405
6607
2126
-2423
-3239
-2943
-9466
1755
-7081
5958
-7608
6413
1360
-6048
-1542
-3411
9922
-8258
4381
5157
-6923
-8144
-8136
-738
9584
-2795
6687
7899
4866
-7340
-1414
-3766
6531
3490
2688
-856
7560
-8337
8405
7415
-7012
3736
5090
-1285
6519
7075
8382
6408
-218
9530
951
-9087
-3957
9337
7613
-1005
8729
5990
-278
-758
310
1241
3221
1841
-6548
4029
3143
-4453
-1331
554
-7947
2699
7436
-9765
2739
-7123
960
9346
8701
-1532
-7293
233
-276
1238
-5636
4557
-4743
3715
7939
8881
4206
8019
734
4425
-9760
1106
-6762
-2301
-8609
6649
-4285
-5669
4136
-1506
-9204
-90
9952
7522
8276
-9325
6725
5082
-6184
3951
-4195
-7397
-3279
2904
-6187
6839
4795
4807
5646
-7221
4487
9915
-7876
-6836
-6476
-6227
-7020
6001
-9397
7877
-486
-2455
-5563
3081
-6620
4991
4129
2837
966
9417
-973
2149
3421
4413
-5452
-6395
-372
-9628
9663
1335
-5891
503
-6627
8062
6058
630
2803
-3649
-1474
-8549
6927
7892
-3725
-5482
4883
5601
2980
7834
-1203
5381
-4870
-1800
-9078
-4239
7948
-7735
8308
1123
8641
9376
8388
270
6255
1353
-2119
-2184
9301
-9167
-3366
-1918
3178
-7965
-2199
-7334
2756
-7008
-7551
2612
4258
-5074
-5785
-6725
-6105
6539
951
-8603
8478
-7489
-570
3681
7684
-4045
-4307
9063
-8809
1632
-6809
-6507
2682
499
-4856
375
8964
7342
9442
-4874
-907
-1472
-979
-5274
8660
4876
-1537
-1622
3181
-3330
-6718
2639
7044
-6035
5507
5067
-4694
-2147
-991
-1243
4810
3136
3520
8685
7427
7897
-3076
-43
85
-6833
-318
274
2023
-2801
-7986
844
-3136
2992
7538
-9813
1869
-6194
5256
8564
5685
-516
-7361
2641
9367
3281
8727
2034
5308
7918
8455
-30
8298
4065
352
-5514
-9375
9764
914
-1686
3031
3530
1026
-5187
-1499
4288
2653
9769
6205
-4899
-478
-9260
-8612
1508
-2986
-3288
-6659
-806
-2641
4899
-8030
-6366
-9852
9514
-7516
2756
1450
-4353
-8386
-2164
-5379
6244
915
8714
-9562
-6409
-3600
-4012
-8504
5368
6202
-8740
-7995
-5474
2334
9193
2259
5644
9899
507
1000
-4499
5683
1139
-4667
-1668
-63
8559
-5169
-7211
-9217
1406
-9478
4705
7736
6600
-3834
-1814
8066
-312
8160
3106
-77
2798
-1691
-2993
-423
9640
-7563
-8424
-5830
2395
-5680
5752
4288
7249
-1076
-8786
-2917
2920
-6600
-8856
-3619
-4508
1051
-1170
83
-7704
-7329
3236
-1836
-272
-2082
3370
3836
-5466
-8870
-2820
-4664
-5002
-6144
7260
9977
-8420
-8737
-533
5995
-5610
468
7754
-4569
5509
-8349
-2659
-1013
1543
4099
7458
-8165
-981
1804
4154
-2384
5955
-7816
3681
7451
6033
-82
9557
-1068
-1586
-3301
1362
286
-5604
-4139
9259
-8445
8161
-1883
-282
-4534
4173
2753
4618
-350
4890
-7156
-9209
-4766
2110
-700
652
-1681
219
6401
-1811
5076
-4514
3904
-464
-5216
-4193
3780
6057
-6869
3281
-7693
-9286
-2194
1951
7874
4880
6520
-4703
9678
4415
7227
-3776
-1798
8135
1906
-7806
8226
2241
-1095
-5360
-8794
-4601
-7430
3375
-4473
2624
2639
3000
9185
-5347
7673
-5780
-5039
-3296
2572
-7504
-5783
9812
5977
2851
-2833
-3915
1858
-3324
-5316
1637
3228
2248
8568
3935
8314
2819
5895
7916
-6423
-7823
8015
-9392
-3465
-8503
-6049
1808
7711
-3594
-1749
-2293
-8909
-9985
-5003
-5053
-4256
-7091
-3877
5647
766
-4119
5153
-7587
4157
-9809
-9427
-3176
-4931
-8276
9629
1930
-5870
3321
6375
8528
-5664
-6404
-2755
-8859
4033
6189
-9499
-9058
2230
3783
7926
-7125
6498
-680
-3243
7327
4572
-7269
-2374
-7717
800
7029
531
-2138
-210
5776
2314
-869
6025
-7066
-7149
-6932
8728
6570
5312
-6293
4405
3018
3084
-5618
-4012
8949
2411
-7057
-148
9459
-167
-8872
3236
8618
9047
5203
6405
-6195
3600
9913
-4929
1707
6124
5433
-2631
-4809
1109
-6410
-1247
6245
-2468
-5949
-1765
-3766
2635
6898
5770
2650
-7485
-3325
-618
5226
3552
-8680
-985
-8729
-6497
413
4581
-4949
-4563
-1116
5062
-5005
-8706
-5506
7739
2450
-4256
8722
9666
-8758
6564
-7235
-305
3055
-3933
-2851
4209
-450
3187
-9494
-5512
-9827
-462
-5555
250
905
7769
8867
-2649
-2536
-6771
8808
-8223
-2988
-8527
5181
2736
6719
1109
-6785
2389
6937
7205
-1942
-5781
1922
-7337
6538
4402
939
3885
-8699
9795
6112
68
8258
7204
-2193
8074
1063
-5651
-8234
-6500
5751
4211
7230
-1906
3205
-8848
7526
7114
-6630
8643
-9080
-9387
5360
-690
-8826
-39
1190
9199
1770
8373
-253
-7605
9933
8387
6508
-3346
-3080
9057
1341
4193
6273
-7377
-7441
-3233
9773
6513
9686
4608
-8755
-1318
9910
-2702
3355
-4933
7620
640
-9523
7239
8911
-2411
-9273
2103
1503
-5666
-7251
121
-936
-9602
9526
-7895
-4071
-7496
-5272
-3478
-5328
-2767
2326
-4751
8955
-5597
-7751
3960
-3818
4752
-6275
-4382
2653
-6164
9965
1125
-2876
-4819
2452
682
-1320
9629
-4099
-468
-642
-2590
507
5562
5200
-535
5502
-4985
4356
7378
5215
-3101
-6717
-4261
4974
9809
-7973
6776
-7964
-1570
-2116
4392
-5768
4450
-1924
8293
3124
6398
-3065
-2538
-76
-9478
4339
-6761
8282
6179
6001
-4867
-2940
-9233
-8695
2199
6548
-7108
-6423
6570
-3049
6683
-1428
4536
5825
228
-7360
-90
-2161
1357
686
-5384
3934
9780
833
-6952
8683
-1755
-4377
-7580
-7341
1084
-8724
-6894
5878
9355
3771
-1101
7096
3682
-7969
6784
2532
-8434
1692
5423
-9036
-7149
9068
9502
-7817
-2907
9266
1220
3190
-6978
9514
-7841
-8202
-1129
-910
5832
-4074
-4964
8171
-6230
-6733
1062
3023
5817
5184
-2415
-5986
4575
3726
-6675
-1672
-8186
3813
6095
-5830
-1822
417
-8344
-7711
48
7311
-9795
-710
1388
9382
-4435
8238
-3718
-570
-5379
1890
-7042
-4249
9280
-3739
-8181
-1902
-4060
6240
-4867
-8395
-5968
1412
5236
-3075
8715
-5317
3726
-7685
518
-1322
813
-50
-7822
-2902
-533
2619
9540
-7714
-6851
-8129
-3036
119
8778
6663
-6238
-5937
7338
-3132
4870
-6337
2865
-9117
195
-3525
-3813
-8790
4205
-977
-7531
-1202
2966
-3100
9333
-5431
3251
-2668
-7314
1537
2
-5508
529
-9393
2959
-7760
-872
3173
-8088
-1635
-4751
8165
-7729
-5659
-8009
7719
-7573
-9482
-9499
4876
-7629
6376
6878
-4874
-4151
-1558
-3499
3545
5048
1038
-7756
-7527
5461
1444
-3594
-9746
-8714
9971
-9491
4516
-876
-4542
4186
-573
-2472
3940
471
7206
9988
5055
8126
8227
6119
-220
1902
-8459
-1358
-1705
4631
-6494
-8170
-1095
-2242
8208
-3180
-8996
7013
-3591
-1479
4155
1346
-9552
2583
7560
-9499
-7998
4924
7523
5292
221
6489
-6079
-4905
5250
-8659
1052
-7273
7006
-1350
-3967
-3743
7470
7350
-4922
-1753
-9565
-7736
4400
-5368
-4034
-7293
1698
-2452
-1864
9004
-1213
914
100
2808
4366
-2189
5766
-1738
-2569
9360
3277
4049
-5322
-4930
-2176
5299
-6786
-3412
-3339
-6931
-5054
-3609
-669
7817
1877
3985
-8873
-1065
2138
9397
9687
999
-8222
9497
1149
4469
-9653
1446
-1826
-9346
-7496
-7655
-7037
-9425
-3218
9828
3337
-7389
2111
6921
3904
-4552
-3711
-5231
-8268
-9330
376
7392
3426
2815
-4660
-9081
8821
-8119
7785
4782
2005
2306
8699
781
8730
5306
-6844
6709
-4397
8391
6138
2878
4761
-7202
837
2039
-8872
-2675
-4529
1005
-9720
-9765
5822
-9354
6993
-3176
-9031
-7895
-7814
-7656
190
-5189
8160
527
-7571
2425
224
-7072
7748
2824
466
9397
-9597
1292
-2293
287
7149
-6464
-6106
-8150
9477
7494
-4621
-3919
5404
7093
2447
2548
-896
-2450
9761
-3129
5926
8541
-990
1896
1695
7869
6714
-2666
7189
-729
8583
-3527
1871
8158
8739
6900
-7144
9650
-4502
2436
-6546
824
3455
5847
2935
-6019
1284
6133
-474
-6386
6625
5825
-6016
5109
5748
-4724
-7648
3413
5971
9326
-1991
-3322
-1694
-1812
-6854
-6267
946
-3810
8479
1783
-6549
3293
1240
-9887
-7470
-9188
-8523
5087
989
-8331
2471
-2614
-6718
9345
6653
-4019
5668
5540
-7445
667
-6903
365
-6796
-7228
4090
3175
-10000
5538
-8437
-9885
-4253
9488
3338
7744
-5095
-4914
9813
1268
-2191
-4834
-7988
-4681
7930
3132
-1351
-9920
7631
-2397
1630
-6869
5417
-5601
2212
-1522
-2212
-8070
-8125
1290
-9936
-5483
-3419
6840
4485
-3598
6393
-7261
-8770
4876
9654
-4366
1866
3499
-8824
6119
719
3167
-8193
5479
-4046
9282
7122
-9250
5421
8186
2529
2203
6540
1575
-8232
1117
-449
-7712
7343
2194
-613
-631
-6118
-3608
8214
-6179
7602
4987
3190
5511
-8236
3516
5919
-5537
3118
-7267
3466
-6289
-3509
2591
4517
-763
1755
-6321
4829
118
9368
-405
-3982
5712
513
5354
1868
-6319
-1160
9366
2798
7016
-3504
-3869
-9633
6853
-9991
-3843
1134
865
3277
-9456
2606
8691
-2572
5880
-5617
1168
2798
-8828
-4961
6925
9079
-9232
6234
1760
9607
-2975
-4787
-9600
-6169
6180
5864
-5970
9972
2156
-3586
-3275
5197
-3739
-5198
-2611
7708
-9481
-7435
7076
-7011
8327
6741
8561
4446
5299
-2209
2574
6730
1229
-4631
5666
7455
-5858
-9528
9884
-6529
9333
7499
8208
-3940
3773
-660
3011
-4727
-6329
-3241
-1393
7000
9846
-9295
1710
6114
3017
4710
-9563
8384
-5219
3150
5450
-5512
6809
4564
7429
-1329
4091
5093
-1643
7839
9940
8289
6607
9329
176
9291
4382
3119
3311
1958
-3556
-4676
9268
1631
9442
68
-347
8202
8581
7261
9228
-7902
3468
1399
3009
4172
-9630
-7496
1880
-6796
9301
5589
5009
5825
4868
6392
6512
-5504
5789
-8550
-3900
-2299
-2079
982
363
2458
1780
-9722
-5665
3345
2523
-515
-4648
3260
-699
5537
-3286
5034
-6363
2178
3993
-202
8815
4068
-6711
-5046
7214
-1183
-2740
-8441
-4793
8911
5216
7192
-586
6970
4313
-7799
3864
-7025
7290
6823
5988
2947
1137
2164
-3824
6033
713
9475
-2849
8089
2777
-1378
-5109
-9188
3753
2458
-5913
3542
2253
-7613
5267
-6044
2614
5637
1484
9459
1868
718
6355
-2147
-3394
3529
9253
-5658
-9013
-5831
3742
9674
316
-8357
-5410
-1187
-4433
812
8759
-612
-684
-8525
3856
9119
5083
-9515
286
6079
-8999
-1381
-2462
8687
4692
2359
-757
-9516
-3555
-6431
3995
9881
-9845
-4373
-9216
9320
-7801
6765
-7441
5312
-4427
-8655
-4308
-4499
5304
-34
-4390
931
1651
-774
8911
-226
5172
371
-4167
-3678
-1495
7224
754
-5826
5364
-9054
1086
-5161
6934
-3614
9915
7306
9715
8018
2385
3455
2823
-5864
-562
5097
-4266
-1539
-7400
4938
-4536
7392
-2446
-9296
-3083
5854
-5382
-2400
5765
59
2404
8446
-9060
-3022
1201
2365
-7686
5840
1984
7000
5450
-9994
9642
5470
-7069
6725
-1128
-6497
8624
9598
-9890
3199
-389
-5284
7994
4267
4040
8218
-7590
-581
-3087
3782
-4933
1374
-1912
4684
4427
-6154
-8696
6240
4716
-2122
-9477
6078
-8239
-1379
9286
-3080
5712
6647
-3120
6642
6876
-8079
6852
-759
-7782
5997
-3098
-5644
2383
-1197
333
8845
-5422
3340
-7065
1638
7058
8691
-67
-5351
-8232
-351
7930
-1895
-4600
-5485
255
1291
-9057
5121
6255
2173
6681
-4695
381
6608
-116
-4486
2947
-2002
2524
-2331
-562
-6419
3723
-7813
-3952
-3612
427
4624
-498
9707
2257
5793
-4760
7083
-6901
9837
-1837
9075
2858
8181
3717
7943
7776
9182
4857
-2320
-393
1317
9168
-7383
-899
2269
909
4548
9556
5668
-3986
4697
-2293
-1032
8492
-8686
-2847
8804
-407
7635
-825
2121
-4823
-9857
-842
862
-326
4780
3320
4798
5090
2585
-6926
-5939
2352
-508
-2476
961
-8455
-5551
7901
5567
9118
-1291
2757
-5479
-5664
-1416
4110
-1184
-7487
-6846
8196
-7841
2978
-6098
-9753
-1226
68
-4725
-1039
-6181
-5518
-2877
-43
-9406
-1666
4116
-2751
8017
-4222
6619
-5126
8882
8958
4537
-9029
-4553
-9772
8070
255
8777
-6108
-1755
9887
9612
3768
-8100
4386
1960
-112
-2714
-9547
7216
2253
5634
6742
3237
2575
608
-2838
9608
1572
-6126
7271
7902
6890
6548
-7000
-370
9222
5761
-374
1766
-2301
5039
9746
-4445
-1434
-5052
2989
-4178
6515
-2830
2156
-4345
8195
-935
5074
-8158
-6833
2549
4140
-66
-6842
-2215
-7335
2759
2004
-9757
-6067
-173
-1876
-2353
-346
-7011
2689
9150
3520
6127
-4274
6911
3428
9027
-6101
5519
4806
2024
-9097
501
8306
886
-479
3262
810
-5127
-5001
-9382
-7987
-5184
-7669
-4153
-3476
-4387
5690
-678
4837
-7515
-5597
-3872
-5649
5852
3517
-622
-9769
-3549
5392
-440
-3162
9219
-559
3536
-9792
-2255
-3568
-3575
3348
5630
1332
-3785
-5883
-4261
4765
7647
1634
-5251
-1784
-6285
7247
5141
7702
-6245
-7913
-8410
7776
6753
-4924
-3487
9834
2446
-5837
1391
1709
-2526
-2340
-7022
5460
6501
-6957
-1696
1516
7314
5265
817
8296
-6341
-6537
-6844
-9184
-2591
-6745
-4069
-5868
5209
302
2583
1956
-2114
-9934
-5732
7405
2136
2120
1457
-9350
-8015
3626
-5653
8085
-7358
7809
9042
-4860
9449
1155
-115
-6032
-6732
-1789
7861
-8011
4746
7135
-8660
-5575
3230
6320
-3961
934
-5071
451
-7937
-7052
-491
-53
-8530
-3076
3354
2346
155
398
695
2619
-4449
-8863
-2437
8855
6941
379
5806
-5408
-1083
6214
-74
3628
3032
-7115
-7510
-3660
-7200
-5585
7526
-5627
-7725
1905
-548
2831
-9188
9421
7515
8135
9203
5823
4348
-4964
793
-902
1152
-5466
-5323
4459
6263
-4485
-3127
-1588
5672
-25
-4744
-3225
-8738
6568
5269
8344
-5510
399
4861
2736
3186
-8409
-5281
-7357
5982
7536
-5126
-9745
-5939
7657
4332
-6089
-3381
5799
338
-7593
8350
4656
1612
-5277
-9763
9799
-1852
-3677
7986
-2327
-7254
-5363
1089
2261
-2776
-2723
-4255
8459
-4923
9701
-1476
-3422
-7001
-289
-9952
8303
-9387
-3169
-3635
3337
-7929
-8082
2658
-5069
5810
-7110
-263
-5441
9814
848
-1288
-2282
6668
-9329
-7593
6279
-1357
2907
1550
6142
-1525
4427
4640
-1313
-6832
-1685
512
9193
4086
6247
2198
9361
-9432
2421
51
4203
-3056
-4872
3057
3334
-6199
-1247
-3928
5855
1342
-8150
6789
9658
-646
-6609
-6637
2613
8726
2040
1470
9137
-1699
-5077
2370
-4502
-4899
-8449
3872
-5524
-446
6962
-2993
-3635
6359
6854
824
-9976
-3939
8352
3871
-5066
-7403
-5448
4627
48
8841
-8770
-6216
8434
6452
-5553
4745
4000
-6941
5493
7594
-8088
6075
4336
7386
-2102
-3537
-2595
1255
-2626
1061
-528
6705
-3140
-4190
-9833
4562
2644
956
3289
-1500
-2761
-6831
-4240
9051
1389
-5282
9040
-311
-2456
-8156
-3209
9798
-7830
-797
1062
2438
1225
-8536
-7103
6131
-5858
-7473
-714
9970
-336
-3207
-9910
-3172
1667
-9869
2839
156
-5317
6110
8341
803
-2710
6768
8923
3550
-6399
-1342
8974
-7249
6
7330
8671
-3142
5408
8391
2521
-564
5379
3015
1451
4203
1945
-9711
3273
-1083
7694
-1123
-2872
6491
-288
-5531
-4121
3452
-5891
-1561
8889
7310
-28
-3603
5302
-3403
5881
4667
-8336
-29
4368
-7949
1469
-3989
6601
-6736
8263
4529
-641
1794
-8814
-665
-4372
-8063
-3680
3045
-7089
-9425
5983
1699
-3234
-2593
462
2824
3237
-8041
-6155
-5775
-465
-1898
-9840
6590
2709
-927
-7106
3747
-7107
-1461
6130
-4624
-6165
-3648
6053
5016
-1558
8052
1251
-19
7470
-2215
-2839
5985
-2968
-9644
2845
-3365
7049
261
-1308
1777
-2285
-6611
-1441
-8338
334
-1688
-348
-7456
-6350
-7052
768
-3307
-5116
-2977
-8136
-2674
2110
-9433
3459
8445
-8288
8324
-1797
4544
-9652
-5364
3456
-2396
7431
7355
1345
-3724
4653
9774
9931
4915
8091
-9358
-7736
-3931
7809
-3291
9333
4200
-6718
5264
-2008
-3269
4018
192
-223
-1305
-1922
9387
-192
9842
4142
4322
-5448
-3568
2231
7700
-9294
-4175
7614
-3045
-7472
9563
-6712
-4814
-3143
4749
8304
-1931
-110
1041
-4227
8175
-6114
5865
-7689
3938
4672
1350
-3886
-8387
1968
-7336
1791
6848
-1036
9346
6099
-2843
6646
7167
-5226
-4197
7241
4569
3810
4099
-4327
-9420
-2434
-9489
3561
-3805
9344
8825
-7772
3912
7635
1552
-7112
-6285
6786
8351
9233
-2518
1465
-6173
-8193
-8080
6030
9118
-9944
4964
-2076
6981
-461
-4821
-2885
511
7339
3995
7278
3800
-3742
245
4054
-84
-8935
-1833
-7539
-6220
-4452
-8169
-6072
9510
-4006
-290
-7900
-7540
-6112
4105
2460
9245
6250
-2582
2634
2301
-380
-307
-3950
-2705
3445
-6099
1286
-970
-1977
9639
7244
5527
2312
6718
-462
-1854
-9661
4610
-2156
-6219
5629
-9206
-5275
-4307
8576
-3602
1593
9809
-9764
3805
4086
217
5147
-7428
-4196
-6987
1562
-5233
-8409
4715
-515
6287
5905
9724
7173
8738
-9584
-1792
-5592
5178
-1020
-3285
-8389
2438
307
4191
-3267
-2971
7901
-5057
-5060
-7344
-7653
4027
-8993
139
-7951
4932
-672
847
-4558
-1205
1635
-7314
6629
3074
-1483
543
-6235
553
4504
-7672
7552
-3244
-755
-2746
2624
7414
3784
-5451
-8159
3689
8897
3557
2664
6799
6194
7037
9644
3993
9282
-4099
-9415
925
-4935
-3989
-6426
-6308
-9761
-3049
-2759
5943
9822
1441
-7797
3236
8725
-8705
-6347
6991
7118
3086
-1874
-2587
-4063
1170
7549
-8038
8263
-3551
-3133
-4971
6974
2918
8548
-3519
-9901
-4828
5805
-1139
-7158
514
-6635
-5262
1472
5592
-1302
-4648
4147
922
6720
-7831
3321
-5690
3797
-9484
1859
2710
6699
9120
9832
4751
-4842
-3399
24
-2126
-645
-6425
-9547
-3184
396
-2344
-5010
3758
-47
-6750
-4752
9114
-8236
6715
-2111
1199
8310
-1775
7289
-5991
-1275
-3632
-3381
2185
-8664
9071
183
-2501
-108
3916
-1208
9501
-4224
1920
-9104
7140
2262
6280
192
7773
-4610
-5535
5178
3111
4275
-8080
9495
5414
6169
-8345
8
4475
-8492
6868
9113
2082
4962
-1420
5990
-9716
9813
7855
-6019
8283
67
-2204
3319
-7547
-5512
-7379
-6127
1720
-2833
-9747
6122
1500
-6770
-5061
-6249
5498
9493
4900
-6671
-2416
6898
9663
8776
-3915
6428
-8347
-1095
6850
-7456
3113
-723
3063
-7443
8892
2255
1383
-7917
-2297
2802
7560
-7246
5280
8963
4820
-3588
9941
2812
-6735
-4535
7408
1149
-25
9875
-5298
1672
-4318
1046
-1446
1321
740
-3018
1137
-152
-6357
-9454
-7987
80
-1753
-8447
-9949
3836
-2547
4930
-2613
-4668
2117
9916
-8403
-8751
7997
1986
2917
3209
-3741
9014
-6379
4642
1882
7795
-4477
1005
6772
9438
-3285
5499
-4259
9382
-8377
-8616
7245
-7056
1861
-1064
4230
3474
-1461
2416
4252
9504
9348
7134
2922
4396
6807
-185
538
-9909
956
-3377
2144
-5352
-9205
1472
-7081
2815
-6916
9321
7174
3050
-1467
-4590
-5647
-396
5651
1085
6074
-6043
6101
-8682
-8584
1469
-1384
4472
2028
5590
2725
1422
-3935
432
-7239
4852
-9225
-8513
5193
-3296
9648
-986
2200
475
-8152
2745
2784
-845
-9927
-6004
6981
9944
6903
3639
2154
-3136
1128
2987
4146
-26
8930
280
3781
434
3433
-8376
5632
-8197
7589
2113
9088
938
-8452
103
-2523
3320
-56
6547
8645
9483
-2963
8663
-8219
-7833
3285
1258
7064
-7554
-160
7270
-5010
-8409
811
-9445
2309
-2319
3254
8355
9482
-6848
-6191
2882
-2955
-9542
189
6875
-4785
3265
-4283
-3167
3519
1581
1270
-8559
-4462
-8147
-7620
1256
-9268
6973
-7236
293
-5301
-631
-6411
6935
3556
4791
-5934
-6105
1401
8587
1248
-8186
1159
-1399
3215
3344
1319
3325
-2993
-7783
-9663
5454
6843
5653
-9221
4362
769
1511
-7384
511
-2120
7875
-7942
-9110
2238
1523
-2892
-6973
-2624
6373
4394
-5252
-4463
9243
4580
-2907
-8172
5858
6084
2468
-5663
4698
9513
-1584
7987
-7301
6683
-9098
-4076
5711
6387
-4095
9112
-9903
-4267
-9031
-1773
-9903
-4281
7064
9810
1207
-226
4024
4853
-5438
-2200
-346
6757
-8009
-9128
-9575
-5371
6740
-6093
-1560
-5519
9289
-335
-3092
304
7930
-7979
-6457
-5622
-8259
-8800
82
6231
-557
-3729
4003
5692
-6923
7590
2202
3833
6343
6589
-136
-9927
1772
-236
-3598
-7852
-7561
7625
-4397
-1315
2735
836
-6248
-7024
164
-4255
4849
-8080
-8703
-6126
-1865
-3930
379
-6078
1294
7826
-602
-6292
6857
-3130
-442
-8544
-1754
-4230
2206
-5862
3955
-8311
9384
-8597
5439
-8505
9461
-8012
-9403
-1978
-6393
-3446
-5634
-6119
345
-8071
982
9810
-7630
-8473
9783
-1154
9908
4572
-6527
-7459
-5748
6622
9150
-4933
3841
-5792
-7014
8306
-1538
-8483
3861
2464
1767
-7737
-1666
-1459
5790
-698
5406
887
-7973
6723
-4061
1125
6677
-9319
4533
8099
8762
691
-2214
8355
193
-2068
-5220
936
7193
-6369
9847
-501
-3735
2155
-7846
-8972
9242
681
5253
8780
4070
-6610
-7122
812
-4508
6825
2004
1570
-9357
-9778
-7762
-5481
3963
-1189
-5212
1785
7479
-8814
-4433
1329
4605
-90
-1662
-9928
-6384
-3767
5464
4115
-4352
5013
-3623
-9972
9409
2191
7652
1435
4241
-3345
7754
-4873
7493
4564
6055
9210
-6901
-966
-3280
1241
553
-5942
-5297
251
3645
1267
3361
-576
-8058
7340
-3287
7615
9480
-637
4620
7542
-1650
5958
8485
5399
2236
8217
6419
-2972
4783
8216
2072
5325
-1522
7638
-7023
4153
1127
-5090
-1362
-114
-6342
-5004
-7112
1330
2726
4671
-7244
8958
-8682
9319
6011
-434
-6216
452
6392
3610
722
-3457
2384
-8545
9362
-7115
-9469
-3811
8135
-420
7157
5644
2692
5879
-5968
-9058
-8007
6693
2764
5641
-1136
6358
9544
9433
7407
4532
5155
5043
-5914
6384
7924
9865
-4731
-6716
-837
4908
-7342
7581
-5344
6833
-8795
868
-1856
1828
8969
-9099
-9040
-1060
2206
-3053
3153
6269
-648
-4800
-2191
8175
-5992
8893
-5779
5249
4870
-3997
-2167
3406
1855
-9004
6007
-1195
1556
-2221
8836
527
-6952
-1112
5452
3091
-9470
-3834
15
1764
-4368
-676
6220
-9090
825
8556
-6027
-9122
7398
2086
8885
-8122
2830
5336
6302
-6330
8850
-6459
2107
1399
-7411
6087
1593
-5494
5371
3018
-9850
2990
3273
2542
8724
-4583
3700
-3307
-2487
8744
-1860
3272
3680
-896
5507
-3467
1411
9091
6095
2928
5373
4653
2906
2384
8781
3125
7985
-4524
1097
6872
8576
534
8489
-6681
-7821
-1912
-9129
7334
-8948
-5949
2150
5182
9508
-6530
-7806
-3695
-8862
3254
-5152
-4722
1155
2439
3002
9045
-7685
-2561
867
6941
-9251
9316
-9426
-9386
6815
-5674
2157
9204
-462
423
9209
-4536
8289
-7257
6702
-9856
4126
-2517
4368
-363
-2526
7247
-1695
-1103
4122
-4304
9275
5617
-5990
-6406
4309
7980
7115
-3327
-6319
-1028
4189
-2415
5134
8881
8674
7116
-2658
-8334
6688
4786
-1723
3454
-126
9191
7477
167
-3479
-5177
-3701
2882
-879
-9686
-3909
-3105
641
7000
8589
-2565
8016
-7632
-9224
6840
-1016
901
7540
3939
-1870
-5377
-8792
-9997
-8834
6387
-5699
-1838
-88
7645
1594
1672
-8710
-4140
-435
2109
-3722
5456
780
6851
5769
1833
-2777
-542
3211
-4097
5468
-9584
-2998
-2773
-9534
6193
-2923
-691
3588
7797
2588
-5279
1075
-4836
-2707
9652
4501
4650
1316
2715
5941
-2811
-1684
-7355
-5391
6939
7649
6372
1983
6045
-7780
-1180
-1537
-249
2150
-4834
5361
-7777
4088
-9734
-8983
-966
2052
9864
5614
-9177
1814
-9768
-3664
6350
9503
4931
-9980
-4143
1058
-2275
-4225
-9565
4682
14
3485
-8028
-3471
3582
-6107
-619
8115
-8354
-534
-8675
4086
5693
1825
-8499
-3331
-2814
-2231
5077
-7179
5051
2850
-7125
-1145
-7565
3162
-9637
-8447
6033
5399
5287
6099
7050
-931
-2851
6884
3038
3237
-8500
4304
-922
3454
5397
-198
5195
7674
5464
8449
-5592
5775
1223
7466
6176
4155
4209
684
-7807
-9526
7770
8041
-3704
1146
3736
5829
-8373
-7527
-366
-5833
-8183
1703
5093
-4576
-8176
9920
-123
-9013
9378
7801
439
7723
5249
-4490
2826
-8669
-9453
-2998
-1970
-9931
-2280
-1273
5381
-9397
-1167
2522
-941
-8041
-4715
1734
-6281
2972
-9991
-2256
6102
4217
-902
7915
1985
-8590
2540
-8886
4250
6059
6836
4043
8633
4136
-3796
-6514
-3561
-8628
5762
-5839
6353
-812
5958
69
-1460
-2855
2358
2176
-3578
-9614
-1778
-6331
-3809
-7689
7902
-1513
-1498
8493
1497
-1718
7752
-9243
8835
-1426
-3703
127
562
3452
4156
459
-400
975
-5595
-5800
5793
6743
-8899
-44
-5256
4481
-7809
9378
8434
220
-1551
-6464
-9430
-2402
3793
-5299
7244
-2365
5305
-4834
8014
7566
-2054
-2070
9305
5767
-7511
-5919
-3427
-4566
-3772
-414
214
8166
-30
-2089
6274
4868
6092
-4485
6425
9158
2405
-5333
-7739
7569
2253
-9779
-3205
2110
-9898
7035
9337
-302
-8730
-2515
719
5638
-875
-4551
8862
-3066
-9409
5925
-5283
7056
-5141
-725
4513
-7223
5902
2778
-9259
2932
5630
9871
-1835
6973
-51
-8152
-7821
8642
6374
6356
-5097
-9144
5945
-2019
-1650
1918
-9436
2855
3427
1053
-5598
-8546
6887
-2000
3526
3396
7233
5368
6801
3778
-1128
499
-8404
-3672
1728
-6520
5032
4690
1986
6129
7670
-5778
-6622
4254
-6641
-5919
7421
-7085
988
629
3575
-9789
-3645
-8851
-2094
-953
-7906
2530
8457
-3538
-2109
1218
7339
-1067
4953
-6302
-8324
1962
1774
-6378
6912
2685
6165
-7863
8631
453
-343
5393
-4577
8324
-5633
-5476
-2596
5016
1916
4836
-1081
-9214
4896
-6154
422
-9311
-8184
8498
8257
9318
-128
-8189
2430
-8801
-787
-6565
-2728
9699
880
-8433
-1527
6632
-4229
7810
5342
6233
983
-1090
-6788
-234
7191
-653
-4097
-5032
-7007
5724
-3930
7937
-2744
-4637
-8988
6970
168
-7608
8401
-8855
3521
-1152
-5881
-8191
-9028
4902
2290
2860
-6575
2709
-4431
-4501
8642
6024
2483
8904
7190
6907
7828
7852
7712
-7109
3399
-7213
9339
1108
-7225
1410
7893
-2670
834
-5039
-1574
-6951
-2999
-3465
6831
2558
-4247
7103
-4279
-5408
-6455
-5012
-5732
-3229
6999
-2350
8751
6306
7410
-6296
4427
-1340
-9898
8020
-638
-8755
-4686
-5590
-511
-2601
5446
7888
5363
-9287
9782
620
32
-1432
-9942
2633
9629
-6651
5771
-4699
7420
-1714
-8552
-5168
5098
6015
2653
9315
8147
-8985
1445
3429
-9564
8980
-9701
7011
8855
3568
1510
-1520
-9242
-4008
3569
712
-6519
6862
-3706
-8472
-1865
9527
6502
-3661
-3802
4385
127
9268
-4063
3948
7671
-5097
-1926
-2534
-2383
7576
-8940
9561
2949
-8071
-2034
-9343
-7969
-364
-312
9059
-208
5993
6512
-7972
-4988
4792
-7337
8556
8060
8725
-8679
3259
-5746
-4447
-3249
-4225
-362
-6832
7553
8994
4095
-178
-6962
-7224
3823
937
9298
-9647
7313
5953
1925
8286
4427
8584
-9720
-4167
-7396
-3167
5154
9031
4120
9313
3711
1419
-263
-3253
-9472
-7329
615
9904
-2181
5832
-1288
-1409
5634
6812
346
4923
8648
8034
3676
3540
7383
1780
8399
-5995
8170
-7207
3474
-9084
2596
-4554
-7147
548
1159
-6151
111
-4307
5906
7394
-1986
1467
-2822
67
-1348
-5745
-3812
-5750
5564
-5156
-1734
-6038
-6504
7175
4585
-9628
-4673
-958
6549
9719
-3229
5410
637
-3998
-9826
2023
1746
-5101
790
-7613
2046
2360
-3330
-7569
-7808
-4254
1899
6530
1490
9434
9020
-8999
-5307
6197
-4195
-3912
6949
-7558
-9695
-1693
-1017
4883
-3230
3366
4672
-7187
2323
1348
1974
4539
3610
-2376
-8448
4748
6596
-7610
-6703
5694
-9146
-436
-1634
5537
8541
-5387
6245
-2470
-9094
-8998
8340
-7282
5963
-8108
-3932
-3846
-4451
-273
3290
4954
6249
-7624
2781
2270
-6313
-9056
6742
-2611
-9089
-2333
5959
3942
-8699
9161
8752
3199
4685
9286
6318
-4050
8178
262
-3105
9621
3817
-3387
8518
-797
-9530
-5646
5429
3931
4533
8370
8503
-6429
-1622
-9494
-5012
-7320
2042
5865
-3558
8585
8324
1348
7271
850
3542
7303
-2067
-1909
-8426
7047
-6514
-2161
-2012
-3660
-2599
-8845
5249
-629
-3246
7235
8120
-3919
-1337
-8409
-9559
-8484
-6662
8156
6520
-2494
7950
8400
-8928
-5064
190
6725
2940
1196
3083
-6361
1040
6584
-7590
6144
2412
7513
6761
-627
9646
1177
-3980
2099
3468
-6313
-5028
9404
7061
7809
-6046
1055
-5117
4669
8444
3222
-178
112
9523
-5911
-1313
2258
-3715
-9219
-4153
3263
-3980
4046
9799
3757
9099
2803
4132
5926
3798
7135
6563
1868
8693
-4475
-4305
-2165
8137
819
8064
-7126
5249
-6694
8928
4867
6641
-118
-629
6499
-2273
4286
1697
-2288
-4368
498
-2589
-2721
-5658
-5272
-5221
-4430
-6357
-9482
-6777
-4792
4202
9743
-326
-7350
6329
-1369
-8688
2872
7770
1550
291
-6804
-7797
-9779
-582
4289
-9214
-1746
-2232
-1211
-1274
-4164
-8285
4415
2595
-2937
6033
-234
-725
2862
8932
9209
3589
6159
7730
9708
9239
-3806
877
3954
9083
5263
-5932
3149
1581
7816
-1919
-247
-5580
2916
-2634
-8947
4122
4750
-173
5922
8767
694
-8046
8033
-3389
-4490
-1287
-1486
-9996
8977
-7731
-9602
-1977
-4532
-8890
1182
8909
-1681
9047
-7467
6160
-408
2925
4925
-7567
2564
1399
2755
4590
5947
-9070
-5929
2327
9115
-19
4480
289
7063
5065
-6167
-882
-5446
5574
-907
-7401
-8301
-1615
4922
-5966
-4913
3985
3002
-7509
849
-2533
-3207
-7230
9420
-4174
-1641
-7810
-861
9583
6424
-3602
8887
7225
7745
-1834
5791
-9752
5183
2184
4583
383
-8494
-2814
4728
5570
-5830
-2363
-5073
2304
5761
-209
5161
1460
9131
2802
9729
-4128
-6616
3407
2617
-1805
8366
-7527
-4846
9564
-8191
-5635
9534
7397
9358
214
-4043
1916
-3435
-940
8116
9399
-3121
-1026
2499
-8993
-857
-7109
9129
7564
-8637
-9528
-8531
7912
7914
-1342
-5240
-4646
-370
4757
1532
9709
-6446
8978
-6087
8338
7752
8882
4140
744
-2840
-3867
9553
-9564
-2170
6638
-673
-6356
-9885
-2323
-4601
7145
4098
2894
1798
5295
4123
3487
5811
-4566
3697
-502
3313
-949
-4940
2384
-7537
-2280
-2647
-950
7186
163
-5481
-3812
6054
2853
1190
-7243
4729
2321
-5980
2584
521
3221
7617
6595
3945
-2217
8251
-1644
5243
-4283
985
-3590
3991
-3690
-5918
7094
4569
-2943
1820
7821
6970
-5955
-5592
3390
-8303
6692
-7832
-9473
-7009
1280
6817
3082
-5337
-8444
2052
-4250
-3093
5825
-1943
6718
2694
7766
5596
614
8374
-3536
-1162
-8395
4369
-3013
7530
-948
-7288
6585
-1944
1477
8997
7078
4429
2933
2479
3310
6579
-8844
4897
239
-7447
4792
4320
-5472
-4678
8184
-3323
-4806
5921
2542
-1300
9590
2432
-4411
-4387
-1997
8592
-3097
628
8523
3750
-7814
-629
9303
5089
8090
-5711
1032
-4950
-9905
6110
3524
-1193
7513
-6065
-1655
-2566
5509
-2742
-6124
9936
-7582
-53
8311
-2929
9871
-4182
1534
-8007
-6380
-4931
-2903
-2058
-3360
1879
9174
368
-7015
-6350
-3783
-4275
-8024
-7751
-7577
-8831
9345
2353
-2268
8955
-7544
-9186
2468
3197
514
-5130
-4521
9166
-4895
9304
-6165
-2097
-5889
-1492
-3134
2623
9094
232
-461
-9759
-1777
-7054
-4710
2410
-318
6727
-1038
8782
9989
-6040
5408
4314
-3471
649
-2548
-6694
2164
-7143
-2052
-3844
-7771
9405
8130
-2199
3729
-7733
-2287
-7273
8815
-7149
3645
4726
-8720
8455
1083
-8869
3107
2739
-1962
552
2778
-164
-1216
4635
-3799
1734
-8189
-479
-9560
-4851
-8455
-6237
99
6803
-1596
-6592
-3062
3909
-5561
1838
-9181
3205
9284
2717
109
-5274
2658
6156
1780
3444
-4441
-3536
8782
-9918
-8569
4150
-345
5747
538
5827
954
-7871
-7109
2153
-7649
2323
-997
3399
1332
2153
7411
-9537
-7182
8565
5661
-2562
-1273
9801
-1562
1185
4879
-6337
5611
2674
8516
3068
-6610
-7109
7175
7021
-4942
-2499
394
-6174
6780
5954
9243
-8682
-7125
-8845
-5698
6462
938
-8209
2479
-8537
1024
-7014
9843
-8876
9168
3023
-4898
3386
-1271
5108
-406
-1719
3677
-7285
5220
-7188
-8478
6463
3594
3909
-3336
2983
-8448
8026
-8812
-3569
9777
9367
4343
4205
-1649
-7512
9269
-3651
7060
-6336
-5471
-6782
4979
3847
4218
476
4508
8857
6304
-9202
-2465
-8804
-6033
9933
-5847
-7062
8685
-6389
1594
9853
-6564
-7341
-4885
9558
-9816
345
5566
-3439
6982
-4542
-2148
-444
-9257
2075
5867
-9572
3565
-1471
5866
2329
9673
3244
-8694
6991
-6818
2259
-6106
-9603
6549
8608
404
-8192
-5355
-4306
5624
4435
-2392
5483
2220
2102
2526
-2306
-1493
-4937
3886
-1708
-3039
-6615
-5755
8739
-2733
-5899
7800
2403
9229
-9066
5779
3853
6068
4162
3119
-7923
8079
6653
-3844
7198
-715
5794
-1232
786
-8201
-9534
-4253
-8490
2699
801
-3563
6665
2451
-9793
1639
-1658
8456
3212
3278
140
8137
-4995
8180
-5612
8015
-9528
-8623
4743
7885
11
9483
7237
9055
5539
-9962
9363
8723
9257
-948
-8085
-1733
-5697
-4965
-3710
807
5847
9992
6239
-8505
-9338
9880
4985
7696
4454
1973
-3413
9852
-8452
-7794
9584
2597
-8147
-3603
-5533
-4277
3436
-6391
7561
18
-5327
-829
-188
5898
-3594
947
-5623
3124
-8585
4176
-8281
8305
1847
-8600
3153
443
6051
-7280
-1082
9274
1842
8355
-2259
3891
-4721
8250
3318
2035
5299
-2417
6385
-8735
-8536
-776
-2212
-8262
-4017
-848
7938
-6942
6295
-174
6025
4926
7790
-9335
-2242
5889
9542
-1992
3153
-5513
-5150
-4839
-6831
6658
-7516
-5365
4385
885
-4448
-2584
647
434
-1698
3546
-620
4080
2469
9073
-9509
-8408
-2526
210
-2580
5752
-6667
2206
7065
7810
-2370
9694
5368
8966
-2838
-6821
-8298
784
-1006
4406
-468
-2260
-7000
-2863
4292
-5912
5594
-968
7939
7945
8972
8353
4721
-5572
7878
-3694
7815
9081
-1828
-4622
3720
5006
-4907
7432
-9573
-3039
-5661
6621
5358
4997
-958
-9030
-2229
-1161
7829
-4050
3656
-2376
-9129
-4689
6435
6641
1518
-4084
-1994
4297
-8843
-6510
-8499
-2037
5232
-1226
1441
-6264
-3826
7844
-5679
-6052
3360
-3618
-9528
6221
8371
2299
8715
-4354
9054
-93
-8834
8753
-8518
60
4985
-6876
6297
-1725
9026
-4253
-1557
5561
-3735
2135
-5274
-8200
-4748
-1136
3461
8523
839
-46
1955
3533
-3664
-2746
9953
1403
8762
-1766
-7051
-9458
-3685
8399
-6983
3636
-523
-6772
-5568
3324
7166
-5148
4801
5413
-1082
696
-1220
-4541
4988
3512
-8577
-276
9385
6380
-4653
-5529
-3378
-250
-710
5981
-9041
-4251
-6523
-6374
-7290
1256
494
-7161
5853
6098
-7236
7827
9425
8739
58
2463
1391
9294
1090
6773
4937
-6389
-8189
-6071
3717
-8658
8352
-1091
6658
6961
-9050
-9216
-1655
-7075
-3103
2192
-9684
9669
2976
-7864
2522
-2774
2788
-8761
-8445
-8019
3002
-6317
-65
-8051
-9612
3333
-1263
-6461
-5693
-9797
9149
6349
8730
888
-7686
-6349
-6606
-8871
-6595
-942
-2811
8283
-1419
-2103
8963
-4791
-5272
997
-1731
7932
4475
3241
7387
-4590
-2768
8142
-4436
-7329
7236
-7045
-1552
2675
7677
5778
6461
-1962
1633
-6565
-2379
5638
6498
-3332
-8178
6841
-1609
-7197
-4116
-9013
2596
3170
-2085
288
3357
8377
-1045
-9970
8677
5701
1377
6196
1823
-2816
7601
-6021
-2927
-4091
3139
133
4352
4673
1784
9492
-8390
-7260
2103
3078
-9037
-6823
-8020
8876
-893
7777
-8275
1927
9204
3382
-9990
5322
2760
512
-1215
5777
-5473
-6129
-7491
-9415
1113
1709
3299
-8757
7829
1023
-966
-1669
5109
-4550
2149
5266
9128
9001
-7844
1526
3207
4569
-8656
4128
1803
337
6297
5496
9337
4306
3324
-3436
8049
2247
-3220
3753
-9436
-867
2123
5289
-3504
5406
5742
-9009
-6079
-828
3546
2651
5340
-21
6753
-9561
9499
8610
9462
-9790
5273
9678
6189
-6195
-6001
-167
-8341
-1994
-8130
-7883
-6545
4399
-5443
3325
1720
-5490
-407
-2270
-5550
-9730
-8427
4075
213
-9928
6132
-5261
3196
-4200
4270
4269
-8982
1771
-6011
-3835
-1540
2121
7705
2989
5693
-4091
536
977
1861
-1209
-907
9697
8360
8509
-6674
5495
5045
7444
1816
6950
-1041
-447
3843
-7414
-1036
7691
5515
9003
2771
2719
7582
8909
4196
8093
-9135
1556
-9867
3355
5792
-5985
-8817
-3383
4982
6135
-8283
-5898
5023
5246
7734
-4422
8761
-723
-1481
7834
6548
-2626
2798
-4476
9619
4073
5632
-5063
-8263
-5690
7782
4113
-3245
-8882
-25
-395
-3454
1040
-3767
5949
7658
4156
2034
-4653
-2894
-7621
9096
7820
7078
-5623
-3306
3183
-7188
1294
-4353
-9117
3657
-7083
-4776
7332
7760
-3342
-9350
6610
1513
9696
-2983
-8232
-2079
-4071
-5739
-3226
-2086
8912
5466
4702
3822
6690
-3872
-8522
-4565
-6159
-6698
4839
-3796
2148
-6032
8296
1221
-9831
1444
-1440
5978
-2719
8844
-3447
9284
4053
-8887
-1067
-1869
8214
-1443
3038
-2467
1427
5811
213
4181
1008
-9814
-3201
7743
522
-8844
-3218
-3545
4373
9946
6576
4551
-9536
3823
-3237
4102
-4507
4520
-1041
-8405
9377
8726
-205
5384
6727
-8291
-4582
4186
8863
-3609
2924
6759
669
-8986
-2398
7235
4658
3122
9386
-3735
-7082
-6274
-1432
-4158
5828
8195
-2696
1238
-3263
-2680
-4617
6717
7313
1504
5528
3506
9679
-8273
5159
8157
-7471
945
7736
-5985
-6514
-1881
-6643
5145
9505
4018
-6596
-3419
5616
3970
-1665
8787
9974
-224
-6141
-568
6175
-2307
2429
-9652
3366
5909
7514
-6689
-9470
9171
-7348
-2900
-8587
-268
6438
2000
-199
-7889
6462
6453
-4754
2592
-6029
-5546
7966
-1262
4770
9392
-1027
3462
9576
1902
1340
-4827
8539
8065
-6108
-2433
2238
1618
5407
-5473
-8876
-8884
1891
-6633
-7848
-3470
8599
-9189
5600
92
-9838
-3801
-9439
-1485
-2292
-3876
2560
1133
2396
3323
5763
-3174
736
1961
-7568
-1557
7639
8674
-7309
7382
-8664
5214
4063
5352
649
1731
-3354
-2520
-2960
-8725
-7035
-8753
-3367
7109
5725
3341
-4194
7232
-3515
5634
3220
7732
6065
-4120
5529
-7460
9561
-6085
5149
-3423
-3903
5749
5588
-6356
-8744
-2976
-4917
-1419
-3269
2513
-4120
-1366
5693
1407
3100
7113
-8272
-1112
3992
-4314
-6498
-411
-9289
1792
-3530
-8543
-9414
5650
1325
-9852
-44
-673
1614
7494
8867
-9757
-5029
-398
3034
-9267
2637
-2278
-6169
-9358
-3620
6346
7739
-3409
3486
-6982
4302
4364
-2440
7808
4261
-5732
9468
-5086
-1154
-8306
1603
1450
-4278
-5697
1538
2077
-6106
8264
-9937
7414
5692
-448
7906
422
4777
-7824
1834
6379
874
-1026
-1699
-4113
6260
-4040
3636
-4179
-8157
5241
-9486
1760
3053
-7408
-4542
-8358
751
5497
-5387
-3017
-5755
-999
8529
6457
-406
-9842
-9038
-6022
6247
6611
-3277
-7620
7459
-6359
-2163
8030
2575
2380
-683
6978
-8841
-2949
-7844
7771
-2839
-2193
-7474
-7771
-7004
3098
229
-7495
-1832
-4314
6632
-3279
-338
8356
-8888
6069
5958
5318
4990
6381
8839
-5758
-656
-4425
1330
5268
3755
4543
-8276
-9827
2593
2642
-8666
-6622
8725
-8373
-1637
-6699
3419
5805
5800
6315
-9404
2432
2583
-7778
-557
9639
-1674
-8071
5144
-5512
-1912
7991
5728
2908
-6026
-1028
-1256
-1349
-5988
1823
-6581
-5150
-8465
-3620
3867
-6419
-5865
976
-3174
8567
-8260
5219
7158
7318
1686
-9196
7796
-3807
-103
5119
-3882
-7370
8905
-5454
-7562
1769
3165
6273
-1725
-7905
1325
2681
3872
7150
865
5795
-3268
-6554
5831
-1745
2378
8320
-2664
4126
-8597
9926
3311
1118
-5112
-5851
-8170
1761
391
1421
8298
6224
4565
1726
-2870
-5753
-7900
-8187
-6391
6079
8773
868
8387
-7570
9326
-2007
-9614
-1885
-6975
-8399
-9267
-6211
4391
1925
1956
90
8143
-3460
6707
6237
-2981
-1344
3803
7005
1978
-7299
-8081
-5708
-9859
-7128
6900
-4369
5739
2482
6241
4546
3968
6319
-8420
8338
9561
1392
-3018
-9963
-4843
-2575
-3072
5690
-6281
-1919
4117
-2338
-5468
7000
2404
-1551
5727
-5793
1053
5744
-7955
-4634
1102
-8509
-1858
-2960
3482
2437
7965
8676
-9187
-2826
-3503
3511
4662
-9396
-2869
6138
315
2573
-2331
474
8241
-7956
-7981
-2817
1869
-1777
5622
-6649
-6822
-6274
-1427
2154
-7571
-993
-2897
-4451
2606
-3738
1176
1244
8853
-797
9566
-2737
8881
2904
-1416
-6157
-2698
5721
224
-4950
9767
-1182
1605
4468
452
9703
9654
-2004
-375
-3250
8835
-8
294
-4061
-5145
1321
-6016
4944
7881
8371
614
7444
-7064
7891
-8996
4297
5440
-1898
-4835
-2128
-6847
-7630
6086
-9054
-2365
-7305
2033
2783
8210
8352
-8180
9282
6505
-4518
9513
-9820
-6813
-1466
-6145
4435
-2174
-8484
-5701
-3598
7189
-8241
7122
5344
-9202
3236
2215
-215
1621
-5401
-8082
98
5433
-1204
-4324
-5050
7289
3743
3523
5042
412
-5012
870
-1549
-4865
-1300
7259
3947
-1249
3628
-5465
-3478
3173
-132
6574
-5258
554
2043
-5076
2000
3598
-6984
6397
233
6059
-6313
-8632
7451
7715
-8093
-145
-278
-4844
-9189
9785
430
4789
-3115
8027
-1091
3090
659
8487
1926
-3306
-8074
-7199
6510
6294
-8766
-8237
-5253
9600
9085
-4769
3399
-2900
-86
8980
8135
5846
1237
9793
4682
-8556
6252
-1828
-4039
1707
-7643
3243
1440
-2107
4220
-216
4338
-2864
-7350
1821
-8359
-5069
3601
8806
575
-3973
-6597
-3391
5029
3836
-5080
-8932
-6726
-7670
2891
-6969
-8882
2628
-4606
1188
2559
7239
-4094
-1631
-3046
5949
7731
-6845
589
-175
3616
-9062
-9780
1912
2832
5255
-7420
7800
7318
682
-1813
6816
-3241
-4378
3302
1445
8987
5699
-5715
-3143
9064
1379
-4106
9763
-1061
-5783
-3663
8409
-2376
-2146
-7877
4959
-1663
8751
255
-478
3033
-5518
-4963
-2309
-1757
2768
-703
-8771
3072
-680
-5807
4201
-31
-5512
-5757
8432
-1924
7918
5531
-7184
3906
8716
-6002
9581
5248
3981
6434
-381
8108
-3717
-948
-3223
4808
5434
-648
-8563
-4249
8661
-7160
3009
1599
-1256
-983
-2126
8031
-8489
-3218
8184
3024
5134
-3714
5022
685
8116
8800
-2726
-7885
-1627
1774
1673
1765
1776
3178
-764
-3604
1621
12
8306
75
-2008
-3976
3116
790
744
5943
-3875
2183
-3321
5844
4904
1239
666
-5765
1427
2898
-8013
-5196
-1536
6103
4128
5805
-656
977
-7650
239
-2014
719
-5564
100
2469
-3906
-7865
6237
8554
-9448
-7824
372
-2108
-4772
-7517
3001
6369
5605
7303
9036
1682
-7919
-4217
-3519
310
4012
2665
-8106
1428
-6891
7023
-2155
151
-9480
-4946
3655
238
2286
-2594
-9922
-8608
-8210
-4444
-1171
5702
-6663
295
8586
7351
-2299
-6309
2332
-7908
281
-2049
3312
5574
5527
-3388
-7990
6499
-1133
-3272
-1400
-6484
4646
5141
-5223
2386
3860
-869
9413
1637
7572
-9001
5548
2098
1674
-4166
-7812
8974
9207
8149
-7736
-6549
7699
-7837
8998
-3246
-6786
-933
5458
-5935
6792
3322
-894
-4052
-2302
-8292
9839
1798
6562
3194
664
-1217
-6531
-8722
2544
-4313
1956
-1364
-1572
-5158
-4750
7847
-4294
-8365
7103
-6135
-8099
1845
5415
-8832
7428
-1753
-3097
6733
-176
7896
-5783
8177
7916
-507
7141
5111
6112
-6179
-3530
8060
-9612
-3881
-6483
-5974
-4635
9992
-3367
6453
4216
9558
4140
9266
-4155
322
-9743
1168
-4581
5852
-1184
8067
5089
-1413
1580
-1233
8693
-2712
2222
-8594
-4226
3039
-4797
4957
-361
-6568
-4949
-3960
-6992
-9716
-8358
5186
9212
5238
-7074
-7080
1491
-8530
7984
7292
8370
-2981
-6389
2730
-7054
-9153
1850
771
6320
7302
-1150
-4943
6905
5826
710
678
-6488
-3049
-5451
3758
-4526
-2564
-9851
9925
-1299
-5607
7839
8064
-1310
-4898
4453
-2260
9388
5081
-4493
-5996
-2292
3414
234
603
-4605
-23
-9612
-8439
-1851
7375
-8000
-4860
-8123
9248
-2392
-1792
-3788
-5116
-7928
-8426
-7911
4891
-3864
1588
2240
826
-3339
-5973
-8514
-5391
-3828
-7777
2402
-9234
5277
6149
6439
8916
-1162
3119
7696
-2674
588
-6306
-6869
-2464
-5435
-4082
-1078
6130
1670
3895
192
-499
-2187
-3108
9202
-7017
5455
351
-3561
7688
-9613
-4526
-8678
-8887
-7402
-7760
-8558
7271
6163
-4913
868
9506
-6934
-7385
5197
5104
666
4128
-5372
-8160
-2582
-3300
2853
-4619
-658
3568
-5900
3643
-209
4372
4631
2369
7529
9422
9916
9473
6314
-5885
-618
-8546
-9776
2193
7752
7698
-4531
-7726
1977
5938
341
-5913
6423
-4530
-3135
-8459
5967
4061
5074
3146
-4150
-2897
-845
-8365
-242
5988
7603
9633
6097
-1284
2606
1935
-2547
-8509
-7199
7224
-749
1215
2577
-2699
-3056
2471
723
-6435
-8394
5395
-2979
-2051
-8783
-1747
4989
-9783
8049
4811
-5648
-8106
-2445
9519
-2126
-465
1955
-332
3129
7024
-3597
6862
3341
-1120
7476
-5320
940
-943
3770
8572
-4640
-9928
-1858
6671
-1260
9665
183
9609
-38
7429
-869
8767
-9289
-5409
7467
-2846
-2229
-9799
8203
5240
-9927
3174
-7986
7296
8805
-718
7716
-1786
9047
5775
-9660
-6161
4020
3841
-1520
-3010
-3999
-3868
7768
-9142
319
-2517
-4621
-6859
-9097
-1133
-5077
-3652
8935
6053
197
-4634
1835
6026
9141
75
-8889
9795
101
2432
6487
-1996
-4931
3354
-2761
-1032
-2739
-2296
5276
9329
-7445
-2579
5306
8945
7022
-7236
-7397
-3514
-5943
96
-2351
2865
-3827
9639
7851
1693
3471
-5389
-8056
-959
7974
-4273
2632
2385
-5505
1609
3127
-7244
-1101
6615
-418
-6553
3830
-5614
7652
-7381
3559
-954
3928
-3866
-9087
-5018
1042
-9010
-6035
-6345
4315
4718
2792
7503
4841
6893
-3529
765
165
7269
-5204
8942
-596
-6195
2883
-4081
2052
464
-9500
-3886
-6599
2905
3677
842
-7812
8107
3238
-9113
-1568
452
3739
7088
-4221
-6570
-5288
-827
4874
-3484
6943
7723
698
2904
9049
-3884
-4283
-1090
-2694
4356
7745
-9255
-5849
2747
2301
-2964
9423
-7655
-7662
4169
-2270
6075
5689
8405
-4419
2770
358
4271
-3586
3522
-2461
-4979
-3592
9047
5450
-6386
-8726
-2301
5176
2
1262
-2727
-8400
-8568
9950
-3632
-4951
-4328
-792
1253
95
7259
-7851
-2326
9633
-8636
-3862
9614
-3749
3915
-3154
-8122
6919
-1319
6947
-765
6167
3042
4639
5178
-5935
-1740
7639
5123
-216
3181
-5872
5480
4090
1245
-8044
-2125
-2615
-4912
1739
8174
-3070
-9568
9
6293
9943
-4901
9934
3710
-1461
-4882
7082
-8759
-7337
-9518
1241
-4584
-4461
-4428
-7935
-4684
-2998
-6831
-5579
3893
3730
-8764
-7046
2746
5593
-5824
5162
-6326
8752
-8023
2525
-2529
-5039
8313
-6643
1807
-6914
7020
7683
-1327
616
7354
-3591
-9811
344
-1350
2468
2448
4346
4573
6502
-3203
-168
-9121
2010
-6832
-3541
6151
2876
-4957
-3472
-9352
8579
5002
-9412
4246
7100
6990
-424
8752
3437
-3338
-7649
-2519
-278
4547
-6059
9459
-719
-2215
-6969
1769
-9844
-3411
-2741
7665
9104
941
-2670
2207
9063
-2710
1342
-6747
-5940
-7719
-3285
2418
-2414
9357
4116
3959
-5310
6390
-7522
-1591
-5957
6850
9086
-6586
-7723
7484
-885
3486
1351
-4480
-6175
8724
7083
-6092
4127
-9992
5267
8965
7648
8323
-5851
1582
5919
145
-7099
-7869
8313
8446
5131
-5324
3278
7434
-6334
7030
6682
-8098
977
4577
-7525
-3632
5154
2927
441
-135
6454
-7511
1932
-5311
-9683
-3943
-9140
6547
-7593
-4700
-4793
-4368
-1076
-3843
2934
-9433
3199
3439
7353
3558
1355
-7921
-2195
7493
4301
-4994
-4009
-8381
-3088
6623
-9709
-2141
-379
-4101
3491
1231
6569
5150
2961
-2494
-5545
-3829
-2579
-3249
8920
-6068
7264
-7062
-7428
-8161
-8813
9334
-9293
-8272
8101
-3286
-8335
5466
3778
-7363
8542
-1932
7263
7365
5869
-2040
-2350
-6248
9659
8325
-4031
3537
5600
5946
259
8672
3076
6334
766
5975
-9363
-6105
1519
-6191
-472
8445
3811
2298
-2517
-385
9402
5745
-6760
5420
-2973
500
-9338
9761
698
-2313
-1207
-9842
-8507
-5203
-8092
-9267
900
4579
-9700
-3172
-2389
-3850
448
2756
8017
-4972
-9048
-1049
6413
9272
-4545
9986
-9201
-1897
7190
-8272
-6864
9087
4667
-3907
-833
4589
8882
-6071
9493
-8277
-6812
6017
-2372
-1580
-2579
-132
-2793
2062
-4119
154
-4706
-5447
9698
4473
-5488
7784
2390
9919
1403
-2121
506
6476
1056
8693
6123
5920
-6627
4822
-4752
9546
-7450
504
5532
-5216
-6343
-12
-5408
-8103
8766
4517
-6436
-7437
-3347
-3998
-8616
5879
-7316
171
-8604
9472
-6379
9429
7484
51
-2291
-3141
1652
9494
-3808
2656
-440
3815
6057
4292
-7957
-9918
1372
-7934
-1290
1724
-1033
-6528
-4145
-3456
8485
-138
3089
796
-5861
-1904
-6473
-6162
4010
712
5947
3450
9219
-8924
8966
-9613
7140
-9063
7283
1616
5776
-1802
-3484
3443
-4503
31
-77
4359
319
-6629
6417
4699
3639
9855
-1358
2128
8798
-8622
9571
3527
4577
164
-5674
-4135
5494
-3708
9412
-2102
-7060
5175
-3672
83
7730
-4712
-6117
6501
-3376
-338
3148
4490
3277
-3795
-4203
-2526
9248
7211
-2272
6344
-4492
2348
-933
-5629
-3115
-4674
-9279
-9740
8868
7739
2795
3175
3284
4997
6404
-5248
-2450
4760
3014
-299
8921
7842
2317
-9450
267
5961
-7060
3891
-2774
8365
630
7116
-4598
-9620
9703
-7073
9739
8077
-1242
-1201
175
-9024
-3309
9541
-1248
-6046
4108
5708
577
1930
4932
-109
-4188
8069
4811
-6631
6962
-6138
2401
-4975
3762
8496
304
-8781
-6582
2322
-3853
886
-748
5509
-9268
-6849
-3002
2944
-4440
-5721
6399
3403
-4335
4574
2561
-3585
-876
-14
-4569
9218
-9076
-4706
-9890
3524
-6324
-707
-6752
-2136
1451
9727
-3507
6342
-6837
4316
-709
-3413
-784
-4590
476
-6931
756
-253
9836
-5579
5501
3986
1955
2742
-4854
-8174
-8123
-2286
7672
1352
2241
-6576
-3035
7827
1250
1676
-1108
8865
7046
-8461
9649
-5907
1526
-5452
-6130
4889
-9229
2349
-5463
9081
-8612
-1980
-3691
8689
6003
3390
-9500
-2569
4488
-2507
-1602
-2884
-2543
9590
9276
2228
-6373
2574
5011
4480
7815
-5766
-4133
4682
1487
2775
4071
-643
-5985
1991
9104
6655
5702
-1719
-9343
-3747
5572
8589
-1884
-7427
3395
5032
-7192
-5398
4623
969
9043
-342
-429
929
6558
-8355
512
208
-5515
-9498
1090
-4307
-9759
4291
-3826
-6723
1133
7523
263
-4441
-8587
-8084
-3290
-9003
-3973
-7726
1228
-2020
489
370
-8798
361
-240
-7730
-731
3126
-615
2489
4837
4739
-4451
-5649
-9281
-5088
-4348
718
-2908
-6914
4261
-7826
-3284
8757
-5215
-3054
2412
-503
3020
1240
4356
-7788
-4701
-2640
-263
6312
-390
-3527
4028
9193
-5002
541
4122
4623
2977
1991
9712
9280
-8980
2930
6125
8595
4590
-3799
-2093
-710
8909
-1456
8325
4285
-4616
98
9790
4056
1145
410
3599
8263
-9551
-4001
481
-4735
-8420
3897
7589
6463
4453
-1310
-2650
-1362
-1332
-4673
-1297
8744
9924
-3963
540
-2115
-6649
-2262
8989
-1553
-6750
5382
1619
5665
1873
-9367
-1717
-2592
7283
-6225
2862
-2925
-5651
7623
-7146
-2864
-8833
-9184
4282
5382
9345
-6650
3932
7163
2512
2179
-3775
3158
4823
-5434
7414
-4806
-9274
9077
-8872
-3021
-4294
-8777
-9659
1288
8695
-2416
-8940
-6329
-5425
8690
-3225
2821
7126
4412
-5890
-1484
-5083
-6275
3295
1933
-2885
-3608
-1113
9787
8016
-9839
5974
-7289
8358
-5909
-9250
9616
849
6169
-9031
4679
9096
5411
4534
-8862
-4505
-5408
-8201
-8375
-3150
-6703
-2058
5660
5439
7316
8707
6013
6656
-6298
9241
4428
-7073
4252
6351
-5129
5027
-7061
6624
-7772
1841
3525
8527
4524
-2838
4679
6124
-1787
3408
164
348
6209
7186
-4373
3389
7934
4956
5304
1427
-1362
-8837
2610
-9989
5525
-8221
-4269
2505
-2037
615
9110
1556
5907
1174
-9024
3602
5169
3034
-3661
1397
-4299
9233
8716
4220
589
8084
4883
655
-5748
-4190
2699
-275
-6135
9555
3280
-6550
7106
3930
6385
1656
1022
2952
-2303
-9482
-4939
-6551
-788
5704
7056
-1322
9580
-8955
4957
-2619
4696
7825
-7605
-1644
2462
399
8585
8997
-1327
-5331
-6658
7449
7201
-2328
-7223
-4315
-2219
7873
-8136
504
-8735
-9796
2825
-2860
-1921
6435
-3515
-8579
-7550
9230
8737
7
-8235
-8031
7072
-4542
1188
-2939
31
8204
-5385
8452
2436
8232
4919
-7726
3964
3793
911
837
4177
1425
-4295
-8624
4581
38
-704
-51
7408
4151
7392
8737
756
-3347
8376
8479
-2686
-81
-5318
3168
5772
6984
142
67
4294
3530
6565
-7849
-9219
1487
3668
4019
-4943
-9832
9832
3287
6458
-9459
-1734
2869
1664
-4015
5386
7080
-3145
-2364
7121
-5699
-3156
-5367
4285
4598
430
5976
-8380
8158
-2738
-1463
-9917
192
-6361
3664
-1399
3175
-8378
-2228
4612
330
-3825
7607
-8663
-5602
2869
3322
-1568
-1811
1807
-8078
-640
-6243
-6654
-1913
-4506
9180
-165
-8011
6586
-585
-5727
2695
987
-5350
5533
-6118
1582
-5910
-6752
2294
-7406
-6269
-8261
576
6842
5479
-3671
6903
4612
1270
-6576
-3398
-6676
-1597
4676
8757
-2354
-6160
7048
7593
3789
-8084
5650
7556
2126
3316
6991
-8463
3541
9281
-4025
-5272
-9654
-1030
6875
4758
-1523
4925
8491
-9940
-9526
-1794
-7319
6610
4507
7746
-2442
7786
-8265
3697
-4618
-2026
4505
8734
2148
2033
-3539
-4061
3766
-4893
-1696
272
5954
6805
-4594
-2098
-8264
-2884
-9479
-2170
8899
-4228
-3918
3239
3825
7382
3363
6320
-8164
431
-1372
-9524
-161
-6880
-1490
-7359
6874
7390
1357
-8688
7102
3028
-3789
-5205
9656
-7967
2936
-6505
-8262
9887
-8007
-6041
9300
-7348
6652
8152
-8613
-863
-3499
4703
3477
-9700
-4541
-1539
-5153
-6878
-2105
-203
-8973
7225
-2581
1633
-2674
-7394
73
1827
3802
5462
143
-1636
-975
-8342
-486
-4563
-658
3196
9925
-7152
-996
-2702
-3086
-476
-6185
7143
-2288
9479
-9471
-127
5907
-786
-94
-7199
-8177
3602
9044
2132
-6309
-8552
-1443
8839
-8135
-5109
-6421
-1990
-8744
1044
-2229
1789
7479
-6068
4465
5772
-8630
-2310
-1768
8011
-4620
-5703
-7452
8299
-341
4294
-6389
2956
4477
-2558
-8831
7343
4979
-7888
-6981
-2001
4568
3660
-6844
-1178
-2526
8310
5537
-6905
-7055
-7202
7135
5873
-764
3424
4642
2236
-1531
-4192
-3972
-7134
4890
-3550
-2423
5990
1659
-1226
-6877
6787
-5190
9907
-5002
7901
-2143
8028
-2261
-6403
-871
-5483
2361
-6327
-2249
-2791
-6141
-5972
-2214
-6216
-3222
-7382
-5424
-5581
8485
856
-4516
1267
-17
-4621
-1305
-2865
9323
575
-8137
-6111
-6671
1601
-3184
4143
2995
2139
6663
-4803
-2219
2657
-9000
-9374
-3997
-4529
-192
554
-6775
-5851
-5657
-8335
4551
8624
-6461
5898
-4059
9001
6151
-2951
7724
8939
958
1957
8148
4659
8420
-6398
-7654
-7256
-2850
-5117
7830
-2096
1508
9144
-5563
6347
-6917
1656
9032
641
4513
1238
-3920
-2615
-8699
1053
2795
-3986
1252
2646
2142
-2760
-3389
-1288
9398
9946
5458
462
-3482
-4274
-5148
-8189
2314
-571
-8591
-9012
2495
-5587
7995
3483
6231
5060
9545
6873
839
-639
5351
-1389
-8310
-9496
-4242
4093
-3041
4450
-1272
1134
-103
2953
-4786
2527
-3661
-5121
7382
2761
-9871
1661
-2064
-4536
-5887
7137
-4458
-5410
-1421
8884
-8398
-4556
-8819
-97
7439
-5203
-5719
4214
-771
4212
38
-5599
9341
-3567
-3404
8253
225
-2024
-8645
7218
-9927
-4633
-546
-3345
-7153
3132
4387
-6384
-528
9798
-9054
1322
3365
4157
2417
1465
8749
6887
-3634
4114
3032
-2378
1808
853
1008
-4440
3718
6559
-2518
902
-346
-7170
-2019
-1765
3115
-9109
7880
1167
-4037
-6174
-6886
-1367
-9367
-5400
2712
-239
3255
-2514
4462
-1469
5318
791
8682
-7604
-5722
3331
5203
-6085
8206
-601
8473
9867
-7137
-1000
66
6946
-7498
2291
6917
-8456
-1736
5964
-7951
2821
-5812
-3918
3260
-2482
9641
-3333
5878
7596
-2745
5111
1564
-4586
-1123
-2796
-2503
-2214
5961
1233
-8603
3169
-5688
79
-3039
-2352
4311
-4477
936
-5921
5212
6955
8878
1379
3092
-3793
-1481
-6878
645
75
7895
-3231
7174
6321
-8976
4474
-7918
1604
4628
253
-1330
1809
-6899
3029
6825
-5950
-9332
-1889
9225
-8696
-3736
-7952
7948
-4512
-367
-96
-9394
-9239
-3515
-1072
-775
6087
2328
-5930
-1825
-3076
-6665
-5927
2049
-6116
2953
1975
-9432
-7738
-2251
-4577
-6594
-8969
3693
4676
-7073
8951
-4372
1648
-9819
7603
-4068
7870
9158
-98
-5179
3058
-3120
-6366
5817
-9891
-5929
7375
2414
-1612
4690
-552
2419
-6807
-9460
-7322
-2752
-2702
7752
8566
9081
9067
-8691
-9890
4921
1849
6977
7711
-1616
7773
7719
3324
-1376
6561
1218
-450
2353
197
2891
3954
-9714
-703
502
-161
-7595
137
-181
5338
-2708
2109
3538
-5529
-3589
5349
-1033
-9640
8361
-3453
-6863
7283
-2667
6079
-4712
-9221
-2963
4614
7315
9630
-5059
366
5873
-3652
-1078
-5320
-4326
5316
5145
-2454
222
2060
1796
-5090
9770
-6446
-4242
-1444
-6230
-8759
6647
-4984
221
9496
-1214
-3713
7653
2054
-8476
8546
2221
5806
5857
369
9705
-6407
9777
6603
5138
2900
2101
4114
3298
7250
7641
-3506
-3559
-489
3838
-2422
3672
290
6298
7113
7754
9564
938
4100
-5924
2225
-4323
-7366
5346
-541
5754
-2552
-1656
6589
363
-5553
-6853
-3067
3226
-3355
-8860
-9034
9935
9454
6690
-32
-1775
-4864
-6319
6348
457
-2190
6034
-6173
1187
3883
-5082
-5268
-6672
-4901
2023
7918
5113
2910
-5765
6602
-5273
-4850
5201
-9825
8984
-5962
-5503
-4403
6298
-4144
6143
7772
1109
-97
-9863
7287
5605
9336
2054
-6125
-9033
5369
-7676
684
2092
2564
-3644
9998
813
-3254
-846
9389
1134
5465
1198
8676
8511
86
3179
-8028
-8661
6567
4315
8597
523
-4853
-7605
-198
-4299
-9352
-6513
-8898
9343
632
9064
-7348
-5915
-712
-3943
3029
-661
7737
-971
8167
-382
-243
1266
3177
-3548
-2451
-5019
1543
-388
-4947
3081
696
7478
-7843
-8854
7830
-245
5670
-9440
376
2835
4321
9036
-66
3697
-3786
7333
5054
-503
6518
491
-674
-7484
391
-3343
5023
-9535
3175
5799
-1928
-6562
1057
-3860
-6658
2139
6458
-9254
-5343
4785
856
5603
-5587
-5944
9914
-5000
7354
-2419
-6767
9297
-8340
-7442
36
8789
7039
-8679
-4674
3238
-7467
3659
-5433
-8694
-8949
1341
-758
2578
5475
9590
3190
8204
-4999
3715
6390
-3717
-5770
-8939
6548
1948
-5102
52
-8003
-2251
-2241
6663
-628
169
-5236
-4712
-1503
3456
9018
-9171
-4350
-2201
408
-3829
7520
-442
9898
-6973
-9064
-6796
-6183
-7936
5177
5398
372
6262
-2309
-8646
3759
-8192
-8810
-427
-5300
5930
-8847
3731
-4297
1010
2447
-253
-7356
2911
6217
-6181
7893
9937
-1631
7189
-7846
-5794
9388
-1080
-3624
4722
-6764
-9205
2614
-7799
9729
2790
-8375
31
9580
-9823
5950
-6840
8908
4766
-5408
-886
5794
-6507
1062
8267
-8808
4645
929
-6751
-8707
-3321
-7004
-2418
3190
7985
-1336
-89
-7037
-8617
-2927
-578
-347
-4741
-1558
9756
-9
3485
7244
-7126
-9881
-3365
8585
2496
-6717
3724
-7831
-9803
5371
-1784
-629
4593
1814
2915
-1672
-679
-6374
1433
1820
-6587
769
9581
2170
2403
-3702
4265
9555
5726
-4617
6096
-453
-6811
-1433
5701
9757
-6852
8190
-8534
1044
754
1131
-8651
-2331
-3323
1443
2078
7410
-9596
1158
-7215
4708
-8304
2491
2768
248
-5663
6423
-4544
-7583
9304
-2741
-4605
-6691
-542
7397
7075
-3860
-907
811
-4849
-3727
-7800
-3130
282
2351
-2308
3505
-7669
946
-9125
-1991
-9213
3964
2293
6806
-7415
-3775
8100
-6553
-8645
6397
-4595
8412
-2200
2131
9970
8207
7617
7470
-3769
-1250
-6025
8931
2511
2397
-8764
-8104
2651
9183
-4510
6055
5817
-7089
6999
4034
7261
-2805
-1416
-1382
1083
5524
-6504
-8475
-2037
-7799
7397
-4995
-3685
-5437
-1517
-5346
-8030
-4878
-7428
-5506
8859
-9076
9625
-4750
-2705
-2341
1168
-6598
7396
-8772
-7820
2739
7328
-3463
-4595
8880
541
1942
6441
-5428
4557
-5287
-2987
7602
9819
5622
6664
9202
-2874
-1275
-4487
-6284
-9808
-5984
4396
6726
-7003
-9751
2151
-1562
-5203
-4725
-768
-858
4395
-161
3270
-9023
8753
-8144
3063
6085
-3360
1870
-8271
4869
2827
6797
-3415
3432
6058
599
-6658
9982
7804
-1468
-9201
2597
6354
9304
8844
-9112
5998
1076
5454
2839
7913
-8078
-5903
1143
-9235
-4994
1905
-4392
-4791
4390
6994
-8547
-2560
-2261
1620
4499
9806
8897
-426
6402
-8221
2282
7290
-5977
-8571
-9397
-6368
-5213
-7858
1462
5150
9622
-6380
5185
5340
-5645
6307
3094
-9429
-2957
2421
4401
-1637
-8170
8170
5839
-4078
7795
-8077
-8029
5951
2874
8800
965
8864
681
3897
7082
-3592
656
6441
7937
7137
3247
-6253
-4366
8186
255
2465
1581
-3863
9641
-2334
-886
-5013
6380
-3061
5864
8557
6277
-1634
4984
-8708
-8545
2062
6139
3249
4370
-2559
-917
-3159
702
3719
-9266
-9737
-2249
1575
-4966
-5572
-1834
-2301
-1429
5445
-7996
-3845
8214
-357
-7296
9941
912
2281
5181
-6590
3924
-207
-88
-2284
-2217
-4810
4455
-3901
9794
734
-1627
3659
4771
-7868
3717
6402
-8867
-8313
-3885
251
3650
-1846
-2955
682
7305
3232
-800
7385
29
-866
-279
1027
-7395
-2779
670
5316
3810
4761
9901
4865
3421
6017
8280
962
-8383
-8305
7941
-9148
-9023
-1378
-4295
-1609
-1867
531
-333
-6339
-9208
847
-6106
3979
-6772
2552
7774
-4393
4943
6714
9939
-1804
-5175
-2829
-4979
-1879
-7087
-5090
7682
9660
4908
-6175
-7798
8820
1085
2035
-696
6274
4048
1875
-3113
-2547
7149
-9897
-9479
2056
-7764
-8192
6059
-4254
1356
6812
-582
6492
-1931
-499
-5386
-6504
-6525
-806
-9587
-3808
-7397
7226
814
-1554
-4330
-5274
2388
-4374
-1584
-2729
-2715
2134
-6763
-1791
-7805
9210
8645
-3590
-2686
1804
-8864
5327
82
-4988
4623
-4624
-7978
4918
-9287
-6392
-4542
-7148
-4355
4088
-1939
-3280
-8491
6531
-153
1723
6372
620
9514
2331
-6136
2559
-4041
1116
-8537
-7799
-9568
-9149
5565
-2973
-8642
5099
8971
-485
2930
5297
8569
8024
188
488
-279
4802
3530
2694
2137
4832
-746
1406
8009
106
8313
3320
-4290
-9196
-9249
-9664
1274
4982
1901
5629
2562
-7011
-7244
-5400
-691
5691
-6202
8251
-7792
-6590
2140
3567
2073
2042
1579
2135
1883
-948
8203
-3393
-7930
-2442
-3476
7539
2765
-3280
-8605
6587
-3331
3939
6122
7923
2915
9609
-8047
-3901
-9387
-317
-5052
-6733
395
3096
5001
-8149
8327
5299
-896
-6168
-4433
9382
9165
367
-9629
7468
2640
8997
1106
4279
4591
-6571
-1630
3378
-3911
4271
-9524
-6019
-7322
-5920
-6668
-4993
-4880
-9800
9497
-4154
1910
2560
-2481
-8681
4494
6148
3874
-3105
1592
-8789
-4956
-6421
7513
-2004
3563
-9934
-9644
-496
107
9924
7062
-3664
-7729
3793
3986
-9533
1819
9485
5014
-7500
-1919
-1058
-4077
-2975
7116
-5271
6883
-1761
-9978
-2204
-7952
-892
2340
4353
7182
-2679
4165
9980
-531
-8649
-3109
-6266
811
6570
-8305
4134
9177
-8012
3626
2173
6784
-2616
6412
1413
539
-4938
9977
6983
6510
1467
4255
3470
-9007
-4063
4808
6088
-7750
128
-6722
878
-6690
-3470
-7330
6463
-9068
7197
8160
-5770
-3066
1776
3926
3507
1078
8818
6664
8047
8684
-92
308
2345
9603
2264
4148
-6901
1394
-9083
5831
-6460
4071
-1744
6561
-8485
-966
-5344
-173
5662
6444
-4026
3487
-6122
1247
-5118
-9788
-63
-5507
8492
-6994
9037
464
-7424
-5859
-7174
-609
-1048
-4506
-4333
-7413
1207
501
9009
-2053
-3106
-5834
-40
-4081
3590
7428
490
2545
-5131
-2103
3635
5486
5642
7212
6690
335
1590
6086
-1741
4863
570
-6397
8697
-9574
2809
8492
5811
5646
7576
-8487
3414
-2505
-5142
-7325
-8616
-4447
2185
8067
-5287
-4992
-3147
3220
1713
-5637
8332
-7086
-8714
8784
9237
-3852
9742
-8379
5599
-685
3273
4531
-105
7965
-4652
2010
-8412
4686
6392
-6382
-1241
-2707
5917
-2148
-5818
-4000
6949
-818
6649
-7154
-7685
7773
-6260
-2538
9724
5894
-4359
768
-4038
-2019
-4190
6700
-7762
-7787
6208
-8719
9957
1499
-9217
-7576
-1378
9549
-2699
5590
-1070
7998
4048
-8570
-4336
3050
4122
3778
-6054
9334
8371
3318
-3669
-8443
-5132
-2144
1666
-4840
-3165
6762
3710
3197
4005
1468
6868
-3457
-1910
-9354
-3013
7838
4665
6363
-9596
-5713
8171
-4885
-2709
5670
6816
7323
2296
624
7218
4166
-6270
-3673
-7001
-3086
-528
-3006
-6874
1408
-797
1146
-3898
-6740
9414
-9667
9267
1647
4854
-2937
-9199
-3487
4300
3670
2874
2404
6521
1301
5488
-996
-1888
-7953
7380
928
-598
-4480
7295
-838
-3560
-9971
-536
8164
6206
-2500
3641
5887
9223
4772
4727
266
2221
9788
6855
-3572
999
-2589
1157
496
-4406
-8549
1179
5284
-5060
-7575
8693
3646
-7774
-4766
4454
-3083
-4557
1704
-5859
4458
-6156
7536
-5281
-5269
-5271
8112
4010
-2710
971
-9842
6648
-9313
1822
-1559
720
-2501
-1381
-8146
1368
-8636
-2281
-7612
-4482
-6809
6468
-3327
936
-3919
9574
-3307
-6129
-8894
8940
1931
-715
-1548
602
5260
3475
5587
6620
-5062
6008
496
544
1667
-2877
-1288
-4203
-1119
5557
3313
-656
-1805
-416
6928
-4227
-5118
-5767
2394
-7788
4877
-6125
-8025
-8035
2900
8650
-4716
4056
-8769
4122
1427
360
568
4498
-5996
-4526
5109
-3336
3383
8545
-5346
-2358
-7481
5832
3503
-2525
-5612
-3375
9595
3267
6080
-908
9573
1058
-8083
-3219
8471
7071
9025
2535
-8265
-3789
-2663
2496
-5303
-8658
5873
-1688
-6060
4483
8702
4722
-4082
-2842
3125
-7536
-1809
-955
-9921
7636
-8438
-7096
8210
-771
-2596
4081
6424
-8874
-8760
6875
-3481
-8953
-4532
9676
2564
-9750
9804
6033
-6966
4757
-8064
6771
9114
-1440
-5323
1358
7490
-2941
-7008
5381
-5928
-9882
7914
-9794
9847
5457
2604
-2141
9655
-734
-35
8585
4964
5222
-4435
8908
-5971
5805
42
-8611
-4822
321
5298
2257
4674
-5890
1212
-5090
7135
5273
-213
5960
-7695
-2489
3471
615
2390
4173
-2736
2669
-5741
-1661
4746
8109
5440
6047
-9958
-2967
420
-370
8306
8042
-2314
-3258
1976
4855
2698
-9314
-7738
-3927
6513
4144
8119
-1628
9321
1219
-8687
926
-2085
-6201
-2711
1914
2181
-4216
-7181
-7970
-1584
6237
4369
3145
-5128
-5741
4003
6945
4493
-6267
-101
-6649
-872
-9273
-2755
-8891
-9560
-2405
-3611
-4030
6690
5363
-7662
5972
5538
98
6885
9820
1543
-1426
5579
-6916
-5174
531
8791
1417
6312
2130
-9666
-9466
-2594
7743
-1448
1850
-5771
790
6893
-5593
8831
665
9126
5172
1422
-7430
-8744
4715
6266
-2797
2122
9427
6030
-9233
8049
9887
194
-5584
-6888
-7160
2378
-3540
7703
-1178
-345
-9600
-7185
-8756
9800
4425
-339
5040
-4739
5872
-3736
2768
-8425
-5758
9824
1172
5219
1395
-4418
-5630
-8932
-6113
854
6767
48
-7504
-8880
-7911
-4970
2044
1715
3651
6874
-7528
2241
-3506
5794
-904
-374
7841
-7052
-5426
-7546
-972
8626
6153
532
-2889
-5857
-5273
-6020
183
-2972
8071
-5547
-7802
3546
-3538
-6225
-5230
2348
1621
5062
-9454
2736
1303
-4352
-6539
3334
-3328
5651
2426
-2761
1332
9888
-3428
4342
7774
3825
-1043
-7323
-8545
6361
9761
7227
-555
1137
-4541
-6554
-9804
3062
4040
-6922
-6510
-3178
3462
9936
5089
4490
-2516
6523
5920
442
-4132
6797
-1981
4592
3618
6677
-5045
8022
-7341
6617
-3036
5937
7990
-8476
-8998
3479
-7325
2781
-9790
-9619
9894
4296
989
1665
-4872
-8175
550
7031
-3426
-4407
-3818
-4541
6731
986
-3079
-5478
4080
5517
-4205
-9803
7305
7217
3122
-1150
-8461
-3341
-5014
5040
-9525
-464
444
8368
-4480
-2383
-5467
4512
-133
5546
9992
-4406
-7107
7540
9779
8798
-7185
-8866
-4773
2192
5890
4064
-7121
8270
-9147
7899
995
4671
1898
-94
-20
-9800
-9294
6347
-702
-6551
5607
1601
9656
-9903
5525
-2900
-8401
6748
-3941
-3954
-3705
-5472
5041
-7248
8952
-3317
-6367
-4800
-5824
7840
9878
-6122
-2164
719
-6486
-3374
-8047
-553
-6619
6810
-3416
9891
-1937
-4623
336
-6493
-1062
-9310
5652
6493
3416
-5259
8549
4386
1400
593
-5722
-1105
-3609
-6659
3941
5927
2225
-9780
-8785
1871
271
-6260
7472
6568
8584
9535
-8228
3594
1973
-8450
-4706
-429
-6557
3690
9295
6939
-4811
-9
2990
5266
9907
-3996
-1469
-3973
5916
-7267
-6112
-1977
1709
-2837
7588
-3757
9015
-1642
-3712
-6624
1049
-7233
8840
-9959
5403
-4394
-7990
2610
-7400
-4745
-1308
-2748
-7384
3209
-9748
3093
-209
2166
1546
-4183
9513
7215
5622
-854
-1748
-6128
308
8978
-9148
3565
-9771
-4407
7387
3909
7123
-4172
853
974
-5703
4253
-6244
-6189
-1206
-636
7790
-8988
-1416
-2205
9730
3967
-2131
7149
3659
-2715
-6900
1525
-2622
-4924
9147
-9989
-725
-3191
5602
-6240
8890
8618
6348
-8211
-476
9213
-5597
-6073
4482
1577
-5356
1278
1880
-2021
3185
-1518
2680
8438
-81
-8192
8480
-5110
-6401
-1015
9537
-6085
3601
-9916
8694
-2397
-4583
8744
4655
7944
-5914
2760
566
-5274
-7631
-1657
-3375
847
-8401
-8352
-8065
5490
-3805
2642
-2171
6497
-9977
1371
4672
-1924
8232
2364
1287
8320
-6296
-4428
-1944
-938
6445
-9286
8131
-4235
-619
9181
-791
195
8907
-4255
-4033
7087
-3499
-6769
-1931
9495
-7981
-5562
-2091
-9501
-9828
-8122
-6647
-4498
-1936
5852
4362
967
7783
-4004
7842
1464
9303
-65
9241
-6200
-3940
-1596
1342
-2242
331
8854
4525
-3356
9845
-1471
-7707
-437
-6074
5426
-6265
1623
6617
-7301
-3769
7095
6068
9982
-9288
5277
-4501
3148
-8927
1824
1287
768
7074
3909
-9375
4448
6923
-4062
-569
-5222
3324
3300
-8791
-501
9633
4901
3211
-3873
7556
379
2814
2298
-9502
-4666
8942
5623
-6923
-7561
-2082
3602
2774
1672
4085
1169
-2757
2589
-1918
647
-5522
3878
3543
4815
-3747
5784
8236
-9022
7998
-2639
8780
5435
-8832
-5903
3509
-5074
9664
4989
5708
349
356
9988
-9337
-9449
1321
-2464
4770
-267
8377
-6628
-8255
8172
57
427
-5069
9772
-8703
-5275
-6046
196
-1312
5528
7051
-7306
2671
7967
-4688
-8606
3921
-5256
-4658
6561
-8209
-9511
-1281
-9559
-3448
-7006
3767
-7935
4686
-4979
-1211
2173
4251
-8822
5162
-6700
-7576
-1853
-8974
8732
9546
-3435
-9703
-7435
-483
4430
9077
-7625
1748
5732
-8935
-6324
-5277
-5352
3453
2193
-7432
-3158
-7272
-1297
4331
7441
-2362
-4522
9426
-3816
-8910
4684
5961
-1919
-6593
-6060
-782
8140
7850
-5256
8957
-4569
-9580
-2045
502
4454
4365
-8038
9924
-3440
-132
4838
1079
6458
6713
-6112
6555
-466
-8613
-4181
8530
9140
-3639
-9227
-7686
317
2236
5237
9536
4423
9636
-8860
6895
-20
-4146
-5251
-3799
291
1575
-8831
1369
5328
9379
-9109
7480
-4327
-8385
7740
3394
-2736
-4104
5680
9189
1061
-5568
7733
578
-1528
2232
5777
6664
-21
-8532
6025
4367
-8957
-9960
-8201
9851
-4469
-5074
-3842
1169
3906
4051
-8521
6287
5816
-9607
3950
-5497
-5091
-4172
1264
4784
2135
-1498
-8081
2643
6694
4499
1003
-4012
-1282
-1674
4091
-7676
2773
-3343
4754
5770
4452
-4290
-2774
-6157
-6049
5014
6639
1436
-2154
-4121
-7562
-7669
2618
-3315
2462
-5578
6269
1756
-3850
6224
-6325
-1213
2891
5647
-9603
8870
9727
2549
6511
2505
7229
-620
5889
-1166
5303
9388
-561
-4466
5674
-8124
9628
-2808
813
6590
3213
-4431
-6283
-5162
-1197
-9711
7294
-1126
5678
379
3014
3856
2086
-1119
1601
1214
8609
-5333
-6125
1757
-5603
7742
-4774
-8773
-1390
9244
-1768
8025
264
-2980
-2540
-4520
2490
9791
-1449
-1828
4352
7235
6201
-3787
-8219
2714
2663
4623
-4812
809
-9268
-287
6744
-4714
-4903
-9105
-9466
-1034
1488
-1725
-9316
-5603
-6695
6179
-5361
6809
8769
-8400
-7403
-4029
4671
4873
4932
3874
-7429
-3218
-456
1883
-368
9911
-3117
8850
-2231
-5794
-7007
-8352
4140
4631
1684
-3653
2668
9430
3635
-3807
-2008
-3880
6531
-682
2181
-5615
321
7013
547
9575
-8764
5564
9095
8550
7300
8724
-3763
-904
786
6089
-4781
1382
-6791
-7970
-5183
4740
-2487
-6624
74
-2039
-7476
-6343
-772
3531
-2360
-6166
-9146
1557
-9077
-5210
6596
946
8021
-8990
-3591
696
4251
9269
-5511
980
5252
-2223
5300
7613
-6952
-4946
-2240
1785
508
-1632
-7436
-4207
-6877
-9280
3322
-7741
-8619
3780
-6155
-8749
-8631
7730
2824
5804
-9651
-5304
9187
7745
604
26
-9524
-8656
210
-2981
3964
-2848
5784
-4728
-1289
4404
9975
7828
-2118
-8977
7237
-7217
-7702
-7372
645
-8701
-5098
-3582
-1925
7639
8063
2039
9434
-8121
1680
3166
-1597
5595
-8561
2804
-9868
2434
-5554
-3341
-8161
-4904
-9923
-8367
4163
5406
-7960
9477
-5770
9054
-9372
-4833
6397
6109
-3884
9385
-1884
6341
-3010
-9048
1683
2723
194
9512
-8415
3356
-8480
7916
6054
-6591
6474
9356
3697
1413
7780
-4625
-9381
-9050
-6317
8978
-5677
187
1300
-8620
-885
-6901
-6450
8337
2118
9068
5949
6834
-6539
-501
3476
5443
4809
3101
-183
-5653
2935
-7622
5992
7282
4748
6339
-6341
-8957
6732
-4550
1842
-3268
-8243
7324
-5882
-4131
-1232
-6094
-4951
-2449
-3721
152
-2553
-7506
-6538
-8315
-9955
195
8495
8208
-8319
6327
-1769
9007
1218
222
-8867
2159
-4796
-6855
-367
-7255
6544
2418
3014
6441
-8851
-4835
2387
7503
-9312
3278
-9466
-5654
4612
8398
4017
-5112
-2162
-2123
2401
-4179
5849
1153
3447
-4950
-1493
2742
-6505
2015
9461
-5551
-9893
8976
3302
6092
-6002
-2709
-2569
-4531
-3992
8962
-5424
-7043
-9777
-451
9738
-3795
-7722
5563
-8863
-5158
-4408
3318
4278
-5565
8215
5832
198
-5524
3344
-9004
-6188
-3352
-6974
5349
-9217
4992
-3153
8341
-3870
-6131
6544
7094
9494
4666
-3616
-6585
676
7212
-8000
-2103
116
-1172
-3997
-5089
8836
-1046
-2190
-4732
-109
9323
-8935
-3462
-1645
-339
1215
1691
6347
-1128
-7985
-717
-588
-2480
2430
-8117
4220
-9604
-2462
-4724
7139
3466
-969
6861
94
7329
-2345
-5957
-2190
6894
4016
-2492
-932
2578
-564
-515
48
-1473
-5194
-9988
9133
5721
-9520
8029
3372
5738
7542
-8256
-6232
-2049
-3146
-7181
6682
-5524
-8787
-1570
-5275
4618
2303
-3938
665
1703
-4342
-5187
2925
9053
-5837
3764
5502
-400
4994
-9975
9825
7639
4220
-8260
-6794
-4914
67
-111
9063
-7573
3624
5376
-792
3374
-3119
7811
8782
-2552
1644
6600
-95
-4495
-7038
-7581
9077
9007
-1409
-236
-4149
-9041
-8162
960
-4494
-7006
2864
77
1588
-5851
5689
-2976
-3568
-8839
5080
-9417
-7397
-3481
-2772
9352
-590
-691
4756
-2675
2005
-964
-7050
-1626
-6637
3258
499
-7736
6447
9476
-9494
-8032
-93
-5065
3468
8748
8529
-1362
-2734
-7327
1365
3943
-6636
-2696
-7777
4407
2422
-5472
9973
4760
-2695
-426
5018
2678
3716
2160
7894
2244
2094
6481
-786
-2849
5984
-3762
4724
-5255
442
-847
-9156
-383
7395
1095
-1737
-8146
8286
-7254
8068
3165
-2733
1728
-1823
4105
5329
-3344
2883
-2407
-7265
84
-6150
7927
2280
-6529
3471
-8565
-6433
9073
5213
5921
7624
5917
-459
242
-8429
3105
7496
-1816
-2720
-398
-5990
2316
-2272
2344
-5988
-2910
8507
7417
-7553
5841
6308
9246
4668
8368
-2821
-7740
5958
13
2551
9253
-8127
9043
5149
4338
5076
9097
-1748
2937
7114
2859
-8406
5724
869
-1561
3970
-4695
-4755
5800
5306
-7101
-7532
5154
-6396
-2906
70
3776
-2141
-3440
8806
8809
-9569
349
2189
2177
9695
8189
9752
3477
4053
6089
6272
2837
6465
1470
9812
6599
-4303
8564
3428
-6988
-2270
1938
5345
1627
-8585
1590
-9511
-5253
-3686
8494
-2666
-9910
5691
-3228
-6760
4889
1699
3553
6318
-8932
-8286
-808
-2319
-5682
-4942
6268
-4037
6714
-1069
7050
-366
9931
-4332
1523
-9874
-4565
-2960
-3326
5547
-7828
-2151
3951
-8130
-6778
-6083
8356
3472
-6357
7503
1343
-9695
-9148
-1944
-808
-7226
-3801
-6995
-2033
-8287
2344
3321
-8101
-6372
909
6150
8548
9091
7373
1248
-2170
5815
-226
9440
2646
-7809
8462
-8176
9776
8562
1576
-3507
121
2757
8493
-1811
7088
6716
-8384
1843
8055
-6629
-2121
-4513
-8009
5295
-8914
-7328
3626
9033
-7598
8119
-6031
6360
-9888
-8414
3602
-2539
1299
-9808
-6434
-2885
1335
-4981
-3590
7208
-2076
4531
9307
-7795
1999
7131
-5623
-1187
-8713
2056
-8029
3336
-3049
-7476
-8472
-6665
2496
-6582
-5910
9474
-9130
7840
-4686
2345
2336
6528
-4378
4822
82
5046
3500
5303
9261
-9173
3744
-6705
1604
9639
-8429
-4051
6939
-6721
-7067
4394
7701
-6588
3458
-7372
-954
-7850
9773
-1306
-4351
-5743
-7104
-9839
-3770
1573
5852
3482
-6332
-9273
-4597
3282
-1383
-6779
-8987
-1209
6870
-6772
6597
-5476
9576
7153
-7763
-4147
-984
-1625
-2475
-5670
8354
-2780
-9184
1500
-7443
6056
-5523
4593
1026
32
-1094
-421
-6383
-4862
-6416
3429
7978
6840
307
-3288
-8429
-6314
-674
5247
3406
2512
-7427
-3830
-7387
-651
-6829
-4079
-3568
-6662
556
1209
-4923
-3712
5964
-9444
7169
5668
-2051
-1422
-8833
-3244
-3531
-9882
-7800
-9029
24
-5865
-1387
-508
-5184
-3400
-5299
7305
4437
-630
-6339
6987
8630
5
-6883
3739
-6247
-4381
5252
8341
-227
5436
10
-5858
-4733
8508
-713
-2232
5478
-8260
3175
-9724
4590
-3887
-4076
-8339
-3482
-6223
-1348
677
2953
5679
-5837
-4629
-9264
3188
4195
4487
2626
-3315
7087
5191
-9736
-5355
8219
-1391
104
8916
1003
4233
-7329
6201
3729
6974
1700
-4398
9200
385
-4112
946
7361
-2684
3675
-4162
553
394
-7538
-2524
8787
3377
-2774
3400
-5704
-2170
-7846
5551
1866
9117
-882
-1493
1045
1791
7078
3333
5876
-5178
1888
6136
1924
-5465
-4878
405
-5314
8394
-8366
1520
3688
2291
4694
9225
8954
-5116
3657
-1781
6595
5830
8673
4744
-9788
-4800
9562
-5483
-5478
1952
6958
-3050
211
-200
5118
1218
8591
-7879
-5962
1372
-629
2739
1695
-4200
3097
-7079
8394
7125
-7911
-5706
-785
8875
-5143
2078
-8558
5843
4736
9431
-3555
-8713
4746
-8650
-9710
4830
-6049
5410
8433
-7569
-5233
-642
8351
-7232
-9555
3353
6726
-6827
-9893
3033
2864
-9163
-1987
-4154
-8670
-6683
6332
3951
-7555
9504
8405
2315
-8516
7839
-188
2386
1319
3412
5475
6811
-1654
-7534
9143
-7619
-3783
-7899
3844
-4187
989
3973
6730
7627
2586
8901
-3666
6172
-5531
-6926
-3738
-8788
9748
3765
4354
2448
5566
5533
8963
8307
5567
6553
4123
7337
-5544
-1138
-2054
-4713
7646
-9216
-7674
-408
3819
-5606
-5808
-2648
-2798
486
-8339
-6791
-9187
-8591
-4163
7377
-976
-4707
-8604
-8458
-3327
-8592
-3309
6516
3422
4692
4256
7088
-4012
5245
-9302
-7666
9707
9388
1299
4157
-9397
-8755
-1121
5572
5362
-3753
-7368
7676
-5435
-7540
-8649
-2813
5882
-1776
-604
-5619
-2362
4883
-3817
-2510
-9441
6897
2313
9695
-9879
6957
746
4844
2670
-4964
-3129
-983
6723
-8456
-1539
-9872
667
9935
-7441
-9596
4997
9086
-2727
8151
-1580
86
-8550
-3952
-1118
-4650
-5876
6554
5545
-5150
83
2296
-7937
4180
5783
-1013
-9686
-5144
-9751
-8230
1593
7548
-3600
4567
-1277
8612
-4659
7461
2345
5287
-1654
-5359
2778
-425
275
-328
-6783
-5169
836
-4394
4382
-1836
-5147
-7305
-5657
-6054
18
5965
-4130
-9831
-4986
4453
4613
-6634
-1618
1392
162
8307
-2780
-3111
3734
9425
-543
-2554
9374
5494
3191
-5359
-1578
-6078
9170
-2925
-4439
6383
-1599
-6582
-2646
-4529
1929
2250
3572
7842
8709
-1861
-3439
-5709
-6783
-9200
8972
4480
-1789
773
1924
-173
3628
-5511
-1508
-1746
6268
-4862
6004
-5980
-8154
2227
4973
-4759
-8848
8699
-5737
2831
-9426
-8434
-5804
-6930
6546
-2663
-1830
-3568
-221
6955
-5165
1530
6214
9521
-2120
5844
790
-9435
4434
-5281
8881
6836
1167
-8994
8780
6793
-6767
-6498
1087
-4331
-6721
-4018
-3614
2110
-2838
5463
-648
-2436
-672
6026
-8755
-2321
9990
-6707
3233
8372
5107
-404
-8342
-3048
6370
-3009
-6716
4280
4714
3852
2180
4987
8868
-5430
3548
9713
9014
-5199
6144
-5213
-4853
-3160
6548
-284
-4005
8726
323
-2697
-9424
7341
-2007
-3678
6554
5321
-8573
-8230
4112
2628
-5667
8671
7792
-9136
6969
7088
-2947
-8912
-8480
-5480
5089
-7369
6678
3730
-7984
2276
8346
1477
9452
-3228
8282
-4487
-349
-8037
7350
3508
-2775
6492
-1356
-8475
-1
-6498
5725
2211
-8523
-1401
8781
5077
-740
-1326
499
1704
-9008
-1875
605
2241
1913
-8909
-2922
-480
2079
7423
-4432
5575
9598
-2553
8154
-8460
6999
-4842
7759
7008
-7134
-7143
5032
-5832
-6394
-5082
-1450
-2683
1271
5468
-8908
2296
7480
8438
734
-8419
-3063
-2864
6217
-622
-5443
3295
7203
2162
1160
5515
9173
7552
6469
-9318
1525
6998
-1896
-2062
-3997
2596
-1139
-3754
5986
9953
-8812
-5510
-5959
1552
9824
1102
-1300
5011
5286
-708
-5235
-6002
-7066
2863
-3311
-1145
7454
6798
-8535
-4674
-3128
-2983
-3575
3838
933
215
4380
-9634
-4339
1495
-6925
-5159
-8713
-8045
4635
5903
7342
4706
9687
-4861
-9444
-2165
3440
-9708
-4802
-98
64
-8295
-5042
7238
3487
-716
1665
4333
-283
-8846
4628
7738
-2139
985
9790
399
-8172
6027
7356
9408
-312
7427
3369
8711
5101
-9329
-4369
7286
-7132
9622
9107
4696
-705
8923
75
-7347
-5467
5329
-9819
4856
-328
2562
-1870
2086
-3542
9153
-549
-3597
9034
3798
9266
17
5860
-5124
-415
-8442
-1712
4161
-868
-8072
6893
1699
8657
6920
-9185
-9536
-5652
-3649
4091
8062
-3586
-3577
-5350
6381
-862
-2588
6201
-9157
1000
2107
-2378
-7764
-5747
3871
-7107
6633
525
-9073
-531
-829
8704
-7149
-30
6144
-368
-275
9224
-1904
-7438
2361
-8652
-588
-5676
866
1116
2800
-9029
-4672
-8223
4148
-2615
-3193
7796
6833
-1055
-6768
-8162
8685
9482
3909
9381
-7497
-2423
-9810
-264
5646
-6133
-1612
807
9169
2425
8602
-3230
5980
-2916
9203
8816
7434
-9555
-6920
-4601
-3457
-1432
-3383
5989
-6132
9165
5091
-6681
4462
-2892
670
3390
4664
6639
-332
-1668
-6203
1138
-3265
-2033
-1517
-7551
-9711
-7813
-9881
811
-574
-5797
-4854
50
-9427
-7293
-2208
1745
9317
121
-2023
-7768
5857
-6135
1262
4458
1564
-2883
115
310
-7572
8610
4218
-6770
-5509
-1934
-4202
-5142
-5086
4164
-8028
-3217
7942
-4700
-193
-9881
-7622
5704
-8933
-5907
5510
2213
-1295
-2549
-2395
-5053
1760
9502
-9938
8017
7665
5288
-3636
-6458
7494
-8208
-5044
-861
484
-9694
2381
-3189
-2808
1105
810
-372
946
-3629
-7976
-3580
-8503
-3195
-5757
7744
5148
-7589
-9803
9568
-2800
9781
9372
4582
7654
-1567
6338
-6273
-7049
799
4414
3389
1436
9443
3318
-1624
9260
8514
-3000
3032
-3331
3223
-9537
-5324
932
-4243
7816
2321
8822
578
-719
-3921
-5796
-6786
7777
-3634
4642
-6407
-9174
-1021
8326
-8035
-664
4634
-1431
6427
7985
-4276
-3821
-1628
-2392
3426
474
-1504
7809
-1910
-7611
2643
1130
-5896
-7678
-9596
-2414
5749
4864
1330
-6746
-690
-7330
-3618
-5058
-369
862
4651
-738
8202
-6101
2336
1783
8723
-7740
-5438
4690
-1264
9621
705
1229
8544
792
-8827
6485
-1671
-9085
4376
-1753
5057
-9309
1452
3891
7590
-1319
-8401
1485
822
9563
7037
6836
-7644
-5769
-7924
3205
3015
9485
-3183
3939
-3289
3271
-2308
-9616
2607
-7621
-9345
-826
4904
-6754
-6316
6818
4884
6197
-4987
9403
3102
-8894
7098
4998
8190
-4634
-9998
7220
-7515
4994
-9069
-7376
7886
3264
2165
8148
-1206
7288
4665
-6748
-6701
5339
-2374
-2316
-7240
-1308
-1725
-5235
5925
4805
2559
5930
8334
1468
-7497
-2024
-3269
9025
-198
3752
-5611
3313
3221
6558
2888
9987
8919
-5704
-4287
-4981
9759
-8105
8750
997
-6459
-2932
9784
-977
-2403
-8055
-1370
-4681
-3393
8804
4464
6032
-4393
-8713
1137
3513
-6287
5571
8151
8820
-6107
8912
1528
997
-8295
7485
-819
-3065
-8425
2656
-9057
-1322
41
-983
4599
-6223
6521
2052
-9762
4274
-3691
-2365
683
6232
2755
1631
-4543
5307
7793
-9183
-5805
-4156
-171
-2119
-7259
-9162
-7153
5819
-2503
-4353
3371
9793
-7371
-1659
-3515
-3744
-5299
-8631
-7753
2179
6167
4740
-4368
-5457
4576
-1323
9491
-9696
-2654
2870
8488
8078
-3179
2232
-2920
-5353
9812
9396
595
-2212
-1575
3324
-7867
-8708
1793
892
-1782
4354
2555
-5127
939
3321
-9923
-2659
2901
8559
2383
6054
-2562
1795
-154
-2374
-7884
-1796
-6937
-483
-6122
9880
4830
7915
2927
-8862
8600
8767
-9499
-1350
-5460
3456
-7176
-4726
-3908
7419
-8619
3871
-7575
-7562
-3146
-5655
3120
-6266
2501
6639
7516
6110
-3116
-3477
-2942
5475
-8757
-3612
-4376
-5472
-2674
-7305
5619
9503
8086
-7517
-720
1295
-6505
-5051
3330
-1653
-2341
7878
6144
6562
8034
7804
9587
-9764
-851
2210
7672
-9145
-2923
6118
-8413
-6316
-2071
555
-8546
3617
-9083
-9789
-8690
1392
4973
3585
-5239
-6097
-6998
3625
-9886
-6241
4533
-4232
3895
-4754
3787
-1405
9207
5545
3299
-942
1743
4043
-9350
-6197
-4135
480
-7334
8706
8798
-2944
-7194
9125
8471
-2342
8229
-859
-3069
-1430
-1292
923
-3097
-1448
3358
-456
-5248
7144
6530
-170
-3244
2413
3670
-2102
4649
-472
-7884
-5671
4841
3961
2891
-4284
974
-8976
-6988
7144
-2804
-8242
554
-2150
-1139
-6199
-1457
-4676
5530
-9187
-1230
8623
6635
9506
9680
-9154
3061
437
5141
-2087
-9213
6867
-1462
-350
4512
2047
-304
8633
-1797
195
-2084
675
5800
-6004
-1642
3242
4560
-486
6062
-4745
7740
2232
-9746
4504
1929
2405
-5556
-9062
3251
-5323
2325
7269
3329
-6530
7103
-3794
6872
3476
4826
2142
-4659
6256
-7710
2726
63
-9812
-3850
-115
389
8579
8151
1667
6448
1121
4080
5832
6371
2288
7285
-6391
2703
9988
6816
5263
1354
6855
4052
-1853
-7533
-1126
-1235
-3047
4423
-8698
7417
2748
-9808
1192
7844
-7718
-7753
5262
638
217
1012
9077
7486
-2721
-4678
7617
-6484
-9001
2933
8773
3404
-3351
6926
-8781
-9509
8020
6442
-7147
-4444
9127
2943
3572
-6488
-6727
-7032
9413
5524
2239
-8431
3542
689
-4714
-7485
-1849
-5120
9711
-683
-5665
1980
-7573
-2153
4263
-2584
914
4459
9398
6476
-5284
6458
-993
-9481
-4769
3362
2099
7441
894
9329
-7307
4416
6533
1611
8287
-1006
-9627
6037
-3456
6375
3285
6322
6549
-1987
5832
-8945
5173
6697
9528
2732
-1770
8721
-2465
7942
-8359
-817
7271
-7180
-3880
6271
-1825
-476
-6509
2715
-68
2662
-9244
5848
-5574
9358
5593
3094
1366
4231
-2653
-6301
2870
-8243
-3121
-1395
-1034
6752
-41
-5828
7565
4965
2809
-4619
8408
-9751
7756
-5292
-3736
9987
1444
8329
1938
-696
9477
8366
-5347
-6935
-1522
-1101
-8998
-1
-7478
426
948
7540
3747
2762
2942
8213
6009
-1299
-6746
-6844
4774
939
8504
-1827
-8775
9266
-4320
5969
3429
8178
2360
7680
5352
3028
4786
7907
3845
1207
7787
-2751
-6781
3885
2579
4574
-3778
-59
-419
-2401
3753
6524
-1726
-4265
9201
717
1564
2628
4417
9676
-6404
4052
8370
3729
1112
-7456
-6072
7219
-7634
2898
-5683
7111
-3724
4085
3388
6370
-5692
-6260
5947
112
-229
-6428
3662
-1937
-2686
5171
6004
4838
5747
-3233
2784
-8392
7361
-4764
6372
-960
4969
1174
1493
5352
-5884
-5216
2540
-6288
2516
4730
1558
-5279
-4028
1967
-7237
-8708
-5842
4745
-1885
8424
6682
3576
6927
272
-7549
-2269
4
9064
9921
6818
-3184
-8576
1851
-1958
7521
-6738
6728
6826
-699
8197
-1298
-6490
-3064
6903
1186
2881
5689
-6948
-1399
7495
-6004
7245
-2153
5703
-8978
-3190
-4002
-7806
-6891
-1514
280
-2685
2749
-6246
3934
-4742
-6391
5184
-7603
2333
8639
-1561
-3145
-3793
-4201
-2195
-1902
2080
680
-5143
4173
-8280
9742
-4171
2096
-1116
-5566
7239
7436
6907
3137
4537
5026
-3131
5651
-6829
-9653
4570
1087
-5998
7430
-7360
-105
-539
823
5143
9610
-8362
3422
1839
1799
3581
2713
-5973
-8069
-9421
-363
1834
-8355
3748
-9266
87
4811
-8236
3623
27
4884
9767
5945
-7350
5691
-6849
1498
2718
-534
1419
-4973
2279
9519
-8209
1000
-2949
-2697
1149
-4837
-2415
6531
-9826
-6422
6219
-2530
5921
5545
-326
-149
2973
-1163
8726
-6697
2085
2039
7748
-3323
-6915
1833
-6117
-8739
2017
3912
6323
-6630
-1595
-1523
2520
6335
-7306
5900
5248
-6108
3524
-5052
-6622
-381
-5667
-4688
4251
521
-203
-6664
5070
-1689
-953
-7768
7599
-8626
-671
-4849
-2986
-4736
1560
-8624
9299
5403
1142
9141
-6736
-6540
9256
4009
-4293
-2781
-1360
7790
2441
9358
-2896
-1361
-9883
3138
-8009
-9003
-4979
3702
8362
-4217
-1822
6949
825
3711
8489
-2505
1274
-3468
-8124
-5628
-2674
-2709
-289
7801
-9574
6970
2651
8646
-7021
-3902
-3696
3290
8776
-9564
-8276
-7605
-1090
6198
-7249
-2993
-1915
-1291
1238
8364
-3718
8483
-7412
1167
-2191
-3491
5157
-4866
9242
-8789
4126
3755
-9288
-773
-8336
7875
590
-1758
-568
-1370
-7019
-9316
-6956
-9978
6568
-9869
7246
581
3535
-4224
6946
-7925
-8609
-6635
-3459
3831
4535
-5709
-4380
5400
5367
-5543
2028
3066
5090
2069
6853
6380
3787
-7657
2192
6219
-9794
-2257
3200
-3727
-7039
1954
3574
6566
-4981
1276
-3719
-4854
4265
-2893
8338
5319
-7915
5877
4638
-6823
-9202
-7767
3902
8889
-5323
-6470
2153
5601
-7817
-2176
7975
-6418
-4776
4476
-9550
-8771
-2498
-6339
-4215
-5834
1516
8842
-5002
-8101
7613
-3587
5033
-9505
-6446
-1717
-1241
-4902
-8156
9638
-8586
8905
-1933
-605
6429
-1046
1197
789
7998
-7687
516
-2708
466
-5527
-6818
3487
-2125
2957
5627
8893
-2208
-273
7750
-306
-3744
548
-3764
-2905
-6694
5340
9136
2579
-4324
268
3406
8270
-4403
3309
-1159
3874
5367
-4416
-704
9692
-3976
-9571
8362
3402
7574
8594
-4217
8336
-9960
8797
3285
-6823
-8008
-5574
4569
-8097
933
-9078
8076
-3978
-5563
-4166
7211
6587
548
6970
4169
-266
-1696
-8057
-8305
-3081
5991
3895
2390
-4958
6940
4668
-8782
-2941
-4952
-3157
-7820
-1349
544
1216
-8001
-4057
5637
3187
4792
3603
-8648
1973
1723
-9225
5703
269
-6385
-1117
-96
-6447
7870
5897
-2136
3145
-4477
-4283
891
-7656
4331
-9978
6989
7986
-7505
5958
-7161
-6170
-6312
5031
-6847
2476
2064
9591
1523
-7201
7714
217
8886
-2555
-4463
-8556
-8569
-3607
9562
-6216
-9631
-549
1677
-4121
7690
-2547
5560
7397
1369
9017
-2384
6512
-9493
-7056
4462
5865
2971
9974
1348
1970
-4437
-6941
-1720
652
-4857
-2445
-4695
-2696
4175
9037
5075
-9763
6740
-7721
7567
9721
8177
-167
-1137
-1486
5833
2051
7684
-3352
-6120
2918
666
-2407
8217
5341
2132
-3199
2234
2358
-5205
-2853
-8811
7850
7251
7815
-9213
9066
-134
-3515
2655
-4276
-3065
-4089
5049
9139
-51
231
2096
4737
-9686
8132
-3604
-9846
-8415
4181
7929
1220
9732
-7193
-1266
8116
-3529
-3910
-4244
-5553
338
7743
9078
-2037
-2065
-236
-7404
3296
7483
-3641
-2047
2743
-5218
-6610
1959
3610
-139
4728
-9004
2019
-7286
4553
3748
2951
580
4496
2952
-1939
-5196
-20
3254
-6884
-4609
-5574
4351
862
-9109
-2888
2839
9861
-108
6946
-5653
-1151
-1848
-2498
-8007
1239
-5905
7325
1311
-6877
-4825
3779
9499
-4151
-4657
4802
-4294
5288
3727
1729
-7474
1589
-2454
-9468
-787
6868
2063
-252
-6491
-6009
376
6860
8066
5776
7595
1325
-449
-6348
-5945
9941
330
9831
6209
2015
-9740
-3784
9438
9807
-7831
-780
-1605
999
-7112
-52
6207
-5715
-447
674
-8086
-6613
-9791
1641
-9456
2708
-7852
-1023
7662
-3897
-9987
-1974
-6937
-8949
9121
4024
-9130
-8693
-576
-2114
-5186
4743
-7945
8559
9580
-9372
2651
-3972
9031
4445
5269
7257
-3696
-4875
-3811
-5127
-586
5231
-9396
-7880
-6461
-9949
1517
-149
-6717
-5109
250
8162
9324
8365
-7612
-1191
-6608
7279
-1261
1776
9719
956
-2240
-5035
-407
8123
3025
1504
-2248
-1913
-7101
3193
5130
7093
-4745
348
-873
-2698
9389
-4891
-7174
-2934
1801
-9355
-5877
-6216
5228
9739
7535
4736
-6790
-864
-4347
7652
7527
-823
-6289
1042
-7900
-9516
1079
-7053
7221
1756
4430
-6794
-2309
-5632
-8272
8613
6579
-3820
4664
5759
-4176
6575
-7567
2449
-6390
9203
6106
-1312
-6104
-4365
4112
8140
7518
-6808
7497
7316
-6070
-6713
2491
-2259
890
3688
-342
-6171
-5051
102
-2799
8687
1189
-3588
-4858
4026
2052
-7082
8734
555
219
-5800
-2460
-3860
9064
1380
-2553
8073
-6411
-5870
2382
-5884
-4157
-5148
-4857
-2324
9703
180
3611
-3799
-6970
4983
168
8827
-7038
-7615
-4131
-6996
-5701
-6740
2094
3670
8220
-9017
1619
-1
-1409
-7387
-7236
3467
574
1354
5873
-608
-4660
336
9139
-4702
-2788
9564
8155
1258
-6908
6502
-315
-4881
-6626
6321
-8908
2863
1835
9460
5021
-1899
-2244
-7321
-2731
1592
-5009
-3410
-5307
-1201
4618
-6866
8395
9621
-5450
8637
320
-337
-5626
5023
-4670
3510
-1265
3125
-722
-943
9766
9637
1351
8135
4135
714
-9173
-9357
-4387
-6719
-2019
6710
3000
2414
-5455
2743
5981
1310
-6402
5045
3078
-9890
4386
4642
-9531
4326
-1794
-3619
411
8420
3835
3103
-6255
-6931
6315
-6454
-4334
-9032
5186
9284
-7875
-1392
-3263
2138
6180
1888
-8744
-4200
5584
9352
5535
8860
-2247
4710
612
-5683
9825
-865
9558
-9321
-2225
-9328
-4556
-4849
-5449
9642
-8836
9488
-5719
2856
4175
-909
-3180
-487
-9247
-9687
-9371
3676
6948
-2304
42
5616
6816
-87
-3524
5352
4259
415
-4013
2532
-9250
-8290
-9904
4941
7141
6236
6258
1458
-464
3421
-8199
6360
5198
-7351
4551
621
5579
4271
1475
-574
7588
8862
-2446
7155
7333
-3476
2118
-9612
3932
7499
-3711
-7245
2357
-8657
3518
-4726
-3444
166
-4715
-4290
9084
-946
1568
-502
-6773
1071
-5260
387
-2964
-2776
-4713
6215
4432
8776
-4213
-9914
9492
-5065
81
-8104
-5918
5572
8231
-702
-9083
1394
9540
-978
-15
-9004
-4055
8776
1911
-9264
-3447
-7945
-4890
5305
-5797
6162
-4247
-5593
5496
1627
9326
5593
7026
-199
-5905
-4140
-9676
283
-8451
3244
-2864
-2275
-8726
3393
-164
1186
-681
-5881
6736
5350
-8312
-714
-1375
-2190
-4027
-715
-1011
-9430
-1506
570
9056
4327
861
1377
6715
-1327
-5812
-7510
-3542
-411
-8291
2157
20
-8154
9156
-4853
3879
4590
2971
-9653
-4913
-838
-3684
9562
-4892
4236
6756
8754
8220
8718
-5719
2387
1926
-7817
1847
9086
-1675
6124
6074
-5736
2261
9287
4738
5883
5671
-8984
8900
-2
-9346
-3511
-812
-924
-6134
-1630
-1534
6600
-9313
7744
-6023
1718
-5920
-9412
-9466
-3937
2829
-9063
4241
-678
7024
-5648
8420
-5292
-3423
7501
2445
-3739
8192
4257
1458
3768
-2758
2342
-4972
535
7857
8362
7984
3718
-7956
-8144
9201
-5487
3556
2328
-1957
-7086
-9873
3361
-7341
1974
-3749
-8918
-5634
1235
-2748
1375
7672
-355
4797
7147
-2085
-6386
-1111
-6008
7010
6325
7090
-5111
5233
-7983
3663
9359
579
5353
5301
9770
-184
-1196
-1056
8282
3874
-910
-7065
3523
8179
9038
-2414
-1396
2332
9867
5269
-7450
355
2446
3858
-3923
9745
-5669
-2564
-9806
3677
-2022
4363
9694
2249
-9993
-3005
-2307
-9359
-7
6477
-2404
-9229
-6747
-8652
-4449
8360
-8663
-645
-5202
4165
-8383
-9746
-3743
-2283
-3907
8806
-3191
-1097
533
440
6803
-9322
-3116
9789
5494
-968
-7083
-7035
5091
71
-459
9839
-454
8177
-976
-3104
6771
-4860
1894
-7237
6591
-3989
3223
-8321
-1446
81
-3722
-2516
922
5286
-1518
-9200
8018
282
961
6514
-3241
-4655
3894
1813
1863
4290
492
-905
1360
9789
4998
-6225
5769
2716
919
-450
-9136
-8386
-4768
2049
-7826
611
9849
28
6128
4468
5221
-7771
8484
3822
-9912
-9121
5478
20
3027
9276
-849
7234
-5012
4314
-8977
9588
-9699
-3407
437
-9552
3459
4729
9085
6434
9563
5690
-6914
3740
7123
-7575
-682
-9589
9303
-1391
1028
4573
-1058
-116
1972
4619
-9220
-3319
5817
-5215
2029
7543
-569
2228
194
4306
-7041
-9759
5291
7509
3814
-2379
1362
-8918
6736
5231
-3060
-9884
5007
7895
-2995
-85
1854
-3678
3785
-327
438
4437
-7539
3230
9944
-8506
-2368
-6349
8277
-9576
3749
7895
-6482
-4827
5224
1660
6258
4662
-1253
-3170
-7577
8287
-2001
3323
-2580
-3906
4284
-2012
-9202
3596
-7687
6940
7085
4360
-9551
6427
7659
-9761
5165
-344
3380
2167
-2000
3752
6788
-6565
8923
4472
-2013
8342
-7582
3917
-9686
9869
-7068
-7982
7613
-7225
3226
-2236
-4993
-6970
1723
6963
-2485
-1763
8287
-8171
-4240
-9200
-3726
5394
-2882
-8052
5642
44
8019
7731
-9297
5740
-5032
-7236
132
3376
-9164
6798
-3548
-1843
-2094
4020
-1507
7133
-1856
-6937
1998
-2626
6975
-7391
-3021
-3143
-3651
6203
6223
223
7542
-6734
-164
-9350
-1334
-9385
-2759
5228
7551
-5626
3832
-3718
3650
6250
-1123
-4158
-6481
1332
-3460
-4440
-6855
8327
-8115
-6293
-1303
8106
-4415
-4838
-9910
-404
3888
7140
-6610
2377
-5146
-5277
2151
-2974
350
6026
-810
902
-4064
-7300
-2500
7612
-1833
685
-3601
2711
4836
-8449
-8162
-2273
3391
-8289
-6365
-6045
-8579
-6719
1748
-4757
-3588
-5107
-9602
2362
-2167
3965
166
2508
4975
8974
3400
3672
8991
6513
-1818
-385
-8206
4411
-5231
7941
8512
6394
-8959
8797
-760
-7174
5717
7893
7750
3397
1510
-7961
-1941
-1705
-5143
6667
-3574
-6090
-142
