13030
-1229
-5678
4504
4796
9224
9135
-513
301
-9359
6788
-7231
8105
-9775
1320
9882
-7074
9258
7138
4555
-851
1968
6357
-9885
4464
2177
-6244
-8975
4316
-4925
-7998
-5772
-100
5903
5698
844
5550
-1497
3951
-6837
8335
-150
6383
8067
-8728
-9836
7274
-3303
-3928
3104
7510
3762
-1286
-9096
5659
8540
-9328
5488
6894
-7084
-1698
-8241
4239
5626
-4136
-1113
-8151
6863
2183
-1605
-6924
6684
7421
-7711
-6067
-7599
8182
2833
4181
-6444
-9014
6618
7498
-2859
-9214
5649
1767
-8475
1814
-6275
2407
6317
1737
3431
-1303
-36
7192
9314
4121
-2305
-9622
5762
-2615
7763
9804
3926
8904
9134
-1294
-9507
-3857
-6213
-9913
8716
8316
-7103
-2939
2139
7948
6718
1139
-1163
9574
-8079
3711
6345
923
1952
-3864
5028
5314
-7848
816
-6428
-8408
-652
-767
-2430
-6277
-7856
-7282
-8156
-7651
-4289
2666
-8315
-9056
7978
-7989
-6867
-5738
9392
1008
2881
-9882
18
-1015
6452
1711
-7346
6260
-3238
4804
1765
-6050
-1128
-3590
-7724
6938
-2146
-3138
-7422
892
-4277
643
-3862
9705
-3436
2763
-5968
-9920
-5261
9156
8910
-1531
4562
7412
-2663
-306
242
386
6681
1822
-9234
2175
1984
9672
-8230
7536
6628
4106
-5270
695
-848
7419
-4252
-4515
7314
-2187
-2729
3647
-6074
-7897
8013
-7574
-5707
-7252
-7925
1477
-2588
-7760
518
-3966
5324
-5729
4508
-7766
7738
-1410
8631
-8138
-453
-2801
-300
-6816
5198
7996
-1868
-7348
-8635
-6583
6298
-1561
-9550
5880
-3054
-1004
-1992
2551
-2179
2846
159
9601
-9256
4477
-8526
-6003
9747
-6855
6764
-1363
282
1928
-7235
1976
-8755
-4442
4544
-3828
4024
7397
-1508
9322
-2383
6159
2923
9443
-3358
-474
-1223
-5600
-8688
4346
4975
-8486
5016
4410
1879
-7959
3611
-9764
-7821
-7398
-5848
-3203
7363
-3829
4377
3088
-4488
5475
-1814
4157
7798
2548
4170
5380
942
-1136
7214
-273
9012
7316
8579
6556
1192
940
-1831
-6780
2165
2738
-4397
-5074
8139
5837
6459
8533
-2343
7427
8541
-2594
4235
283
-5376
4513
-4741
-5649
4736
1630
-2767
5536
-344
-3190
5740
-4224
2692
1352
4157
2315
-9786
9294
5102
-6645
9951
-4139
-1591
-7680
-3602
-3615
5474
-2951
-5866
602
436
-2478
2730
9830
-1335
8878
-4821
2502
-2845
-519
7046
-4684
-4782
-957
2276
-7709
9619
8452
9350
4352
3358
-9441
-9470
2111
1568
3881
7225
-1758
6731
-756
9275
-5674
7398
6498
8786
-2381
-6026
-5249
3316
3482
6872
243
4448
-7318
1657
7609
8764
-8974
-4883
5772
9007
6336
8901
2556
-8325
2352
1225
3796
-3826
6439
-7027
-3556
9426
3443
-535
4762
3649
6868
2722
-4241
5018
-2809
-8890
8882
-455
7312
-117
9336
-6562
-2855
7077
8336
4
5343
6690
5202
32
1370
2652
-4502
-9299
3471
-7533
-166
1313
-2942
7212
5779
6935
4959
8029
-9640
-4617
-2383
-4563
-4805
-582
-6882
-8493
8545
-9037
-3380
3794
8311
2509
-9119
-6204
-758
1490
1903
8738
1099
-3053
-2859
-664
-5057
-2400
3526
-9475
6422
8
3637
6219
-7390
-4522
1472
6061
-2798
5358
1703
-4494
9371
1614
4883
6943
-6191
-5316
92
-2064
-6748
464
4340
-5294
112
4949
5616
-6683
-3020
-52
2134
-4791
-852
-7049
9240
-499
-8057
-8735
6198
-131
-180
3391
-7117
3405
-2479
-8287
5747
4095
-8467
4000
-8658
-9776
-4323
9562
-3217
9110
3642
-7425
-9383
-5165
-5003
-2469
-4376
7712
3184
-1341
-6400
-6244
9289
-7227
-6297
-6937
4542
-4810
1959
-1805
-1670
-4893
-2046
2806
-5592
9213
200
-8926
4803
7047
-7135
8599
-9198
3195
-227
-7133
1103
-4383
-6858
8739
-7345
6761
-5879
-2716
3949
-1726
9367
3494
1792
2515
4428
-4282
520
-1367
-9016
-8679
4555
-9144
-1501
1012
1921
7107
-56
-7531
-6176
-4117
-1487
3102
9244
-6132
6933
-6988
6078
4725
1681
-6410
-868
-305
-5232
3621
-8852
-979
-4760
3158
-6944
-7977
1573
7926
-7136
-4442
4689
-1271
437
-9324
6544
-4090
4964
-9635
-5001
-5225
-2108
2170
-5516
1867
1660
7864
-6845
8708
9909
-5628
-9516
-7727
-8751
-7163
-9559
1201
56
-9050
7511
-491
6093
-5304
7292
-7554
6464
6493
3994
4835
8695
158
-1785
7244
1398
461
-8528
-5720
-5894
-601
-6230
3524
-7050
7728
-4459
-6722
647
7380
4200
3274
-9169
-9666
-7473
-7373
6315
3454
-8929
-3368
1697
8872
8104
-8027
2749
9677
-9981
-8410
-3159
-1221
1088
-9407
-8179
-4445
-5083
-9158
6350
-712
-8840
4966
-6977
5337
3286
7864
688
-8444
1323
421
-8575
5555
-6616
-4256
4025
7702
8050
5059
-7785
-7178
-6919
-7043
-4141
5833
6178
8567
-5094
5257
3117
-9379
-5876
7283
1318
7115
-6384
2252
-8227
1710
2277
3133
-3529
642
7392
727
-1491
8950
1182
-6844
-9703
-7232
6370
-2915
7427
-258
-3603
-5050
4061
-1714
686
-2168
-3924
418
7788
1024
-6173
-8264
9073
9440
5240
4467
-5296
8159
6432
3579
2056
2584
5100
-368
7545
-7857
3419
6817
-9248
5636
2898
4308
-2870
5452
507
-2380
4650
1650
-5517
7863
-241
9094
-3838
5918
-7359
4788
-6383
-4782
571
-1612
1864
7565
-4003
8961
8060
-3682
-1422
-4704
4584
-9500
-1216
5595
2257
-9798
9377
4894
-562
-6024
4441
5449
1133
-9365
7735
-8011
-9184
8461
-4032
3105
-1463
168
-7384
6912
-1665
-1695
9672
2218
8097
-5146
2224
-4169
-1747
5064
4872
-7051
-3281
8068
-7859
-3562
-163
-5515
2690
-2722
4911
8774
-7208
361
5198
4243
-2982
-3005
-8678
9359
-6783
2448
-1987
-3931
-2270
9766
-8289
-4526
3081
4073
9987
4382
-693
8421
-5482
-6366
1964
-7171
-8217
9239
-5478
-1058
-7502
-2363
2750
1478
8063
8124
9738
-8632
-5907
1076
-3654
-440
-6392
-7574
-4826
4745
-604
4388
4332
9909
117
-6636
-8180
4223
-8942
4079
7672
-8787
-3381
-4572
-2286
266
7655
-3601
-3893
-638
-2565
237
-9318
9201
5756
-1024
1259
677
1918
1860
-4794
8709
3617
-5302
-4615
65
-1593
-4238
-9623
5082
4359
-8324
-4065
-8961
4285
7028
-3766
6944
-5261
5994
-3161
1451
-9623
-8952
-6871
-6598
4620
-6243
6059
-3774
321
283
-8535
-594
3907
-641
5121
-5287
-590
7429
-6183
1937
-950
-8812
-2329
-2852
3277
9724
-8747
-698
-2042
1130
-4066
-6982
-2375
6585
-3658
-9674
9066
291
-8513
-1141
-9382
7078
-6255
7038
1960
6128
-440
-7963
-1440
7662
5800
-525
-4792
-4652
-5163
-4455
9360
-8764
-9710
-8010
-8194
882
-728
7816
9474
7618
-4021
-6040
-4394
7911
519
-4866
1825
-5290
-9060
2911
6261
-7802
8173
9368
-1168
3257
-6655
3002
-9544
6766
-7807
9769
-600
-2132
-3514
-8130
-5220
-548
-2400
2821
4545
3311
-2714
435
-3785
-3987
3478
-7924
6793
-2666
-5550
-6171
-6585
2804
-7262
6610
-3706
3854
-9538
-1198
-6735
5463
7586
-182
8717
-4604
8023
-4083
8827
-3744
-3949
-5316
-9917
8505
5702
-2985
7920
5671
-962
5608
1812
-1340
6214
2715
8068
-7907
-7176
3304
-5028
-876
8423
-2123
1946
2397
-8812
8174
5811
-5089
-925
-4577
-4220
2024
-2678
7145
-2321
6296
-1024
-1864
1271
-5338
4487
-5795
4980
6493
-3810
74
2270
6953
-4679
8670
-2069
5225
-254
5078
-7258
10
6016
9673
3216
-5752
5926
1867
-591
2733
-165
6075
-2636
-8000
5204
7176
9431
1332
1689
4800
2873
8491
-3450
7185
1949
9896
-4417
-8490
8902
-6507
-455
-9051
5474
-2764
-992
-9320
-6882
-2112
-8526
867
-5215
-3501
9057
6037
598
-3080
-4748
-1687
-133
4090
1388
-5347
-8277
9091
3509
5067
9529
-127
7196
1352
2586
4095
-8546
-5757
9338
9765
-3619
-4261
-8609
894
4546
-3129
-7300
-6269
9163
-8147
-9308
-8617
-8778
-3366
-890
8019
9283
-6426
124
4631
6801
2741
7121
-780
-2177
-458
1899
-8535
3742
-6059
-154
9415
-2335
7055
-8241
-3273
-7555
6024
-226
-7570
-2033
6471
-8774
-7743
-2148
-8360
8650
5751
-7829
-610
-7485
6639
4544
910
5803
-2328
4579
-1014
-2437
-9830
-1636
-2835
4109
-9183
-4212
-8913
-8485
-2795
6201
6785
7762
-9586
2598
-6163
6088
1785
-8370
6626
-4186
8359
9969
7329
-8689
9788
1549
-2251
-4004
-9507
3891
-59
7294
6387
-2416
-1681
3320
-2677
3490
-2530
-3599
-3876
-2903
3095
8296
-5396
-4019
3091
4038
-490
8642
263
8205
-3099
-1632
3659
9222
-1545
-8002
2704
9448
-6262
3964
9717
-3859
8366
-6528
4780
-5997
-9447
7200
-7783
-6448
1789
-6567
9869
9603
-8689
-8172
1296
-8603
626
-8645
-5121
-7850
1254
-3201
-6342
-2538
-714
-6416
-9394
-8845
-5988
-244
-690
1797
1146
7918
-5729
8834
7096
-5544
1894
8039
2086
3276
-5421
5707
5394
2385
-9938
-4406
6333
8257
7490
-4442
4241
-7108
-8024
-8153
9352
-1511
6552
1869
-3390
-7481
2402
1872
7638
7894
8897
9079
-1683
-5758
4130
-9510
5797
-8956
-5193
1529
-5965
8871
-5811
-3331
-4533
9806
-9970
3408
9493
-4221
-2411
-3143
5846
2815
-9035
2062
2759
-1306
2147
-9124
-7570
-8070
-7634
8628
789
2636
-2893
-5138
4245
-9382
2354
-4533
2047
-4712
1626
5165
6562
-2928
-370
-2361
-7857
-8596
-1618
6026
-2125
1775
-2393
946
1184
-60
784
7918
-8536
6405
9607
2920
9363
1766
9506
957
1993
2320
-3964
1485
3335
4408
1805
2033
9226
1387
1897
3038
564
7822
-4052
-462
327
4270
8253
9691
-2593
4657
-7257
5724
-6606
-7830
-9306
3018
-8700
3441
-9163
5728
5490
-3116
-6674
3848
9460
6604
-2622
-319
-7831
6662
4738
1001
-8332
1556
-9181
-9937
-8067
-3432
-9836
8113
2423
5899
-1373
1957
6756
-5939
-3283
9062
-2805
6753
-4068
-2654
9584
-479
2298
-1944
6617
579
-7094
-8820
7232
-2333
6843
2952
-2632
-7098
9782
-8556
3544
-6644
-736
-5611
-8621
-9888
1174
8639
-7562
7012
-3273
3225
6821
4607
7658
281
6553
-3415
9846
-6157
5997
-5220
-8780
344
-5132
3555
-4358
6328
6689
-8198
-5227
-1554
-629
-2637
-2419
-6751
-6574
3008
-1085
-9433
-5437
-7503
1415
9882
2196
-6339
3719
8736
-6319
-6455
365
-3098
1879
-439
5746
9947
8737
-6924
6131
-6213
3145
5561
-7951
8876
-6144
5319
-7504
6422
924
3704
-5565
9401
3792
-6655
-9489
3319
-7731
9575
4865
819
-7420
3510
-5943
8297
5006
-1116
-8163
6861
-5069
-329
-9221
250
-1681
-5224
-6003
-4466
7860
7934
-6302
-717
543
4339
-3035
-4671
5554
-8991
-7612
5933
9710
-2432
-9193
7095
-3484
1651
-1492
-6113
-767
5105
-9201
-6621
2892
-1681
9476
7944
3918
4725
5640
9738
-7998
-4887
3095
-2967
6867
-3279
9214
9189
2747
5938
6673
-3213
-7887
4450
-6942
1836
1719
4151
3557
4475
-5316
-9465
-3510
9432
-5926
-2319
-5790
1740
-5630
-2541
-857
-4322
-1404
9069
8276
-5013
3497
2122
8031
-238
7008
-4967
3466
6192
-9614
-1362
-8203
-2131
7226
-6120
-5573
-8703
-4984
8799
1857
-3419
-9194
-7267
5488
2380
2519
-1361
-5577
-6048
-5032
2779
9178
-239
-181
-3488
5258
-2096
5999
1905
-1459
9173
-2035
-591
2464
2971
-9708
-3282
7065
-5799
3445
3172
7097
9601
555
-9711
-3056
666
-8014
8237
-9796
6447
3624
-383
5251
6138
6833
-9666
-2770
-7472
-9946
-7558
-4006
8345
-6831
-2785
6173
-656
6404
7971
-6671
-7225
-5927
-3508
-2751
1984
-3237
7478
-9044
4408
-5418
3769
290
2688
-3061
-6082
-4276
8229
241
-6199
2481
6155
-8965
3242
-8494
170
-7734
2940
9243
-8704
-8938
-2539
2589
-467
7087
-6941
-7626
-8961
742
3824
-1813
7110
8012
-5766
7960
-1854
-4310
-7010
-2744
1187
2129
-4526
-6811
-5717
3291
-3786
-1629
-3949
8096
-9474
114
8935
-3556
619
-5906
2041
2517
-3581
5448
7542
7844
-5056
-8651
-6803
-5835
2790
1276
-9107
-5734
-753
7619
254
-3732
-1706
-4146
-2482
2513
-6146
3247
-8898
5218
6795
2405
-2662
-3935
-5513
5038
-1824
6069
-2457
-4388
-5403
-5410
2994
874
-6103
7179
3526
-5986
5573
-4406
-8493
6817
-7572
-5003
8813
76
-1221
2573
-2405
2335
1821
359
-3767
1300
1599
-1029
-630
-6601
4517
2369
6041
1089
6035
-1159
1148
982
-7053
7728
-1136
4075
-378
-7082
5910
8460
-4436
2424
5530
-8955
-3747
-7655
3639
-2418
-4368
-1591
-7513
1786
2994
9280
3214
-2091
-2338
-1221
885
8109
1912
7215
8348
-7383
-4871
-2550
-2867
8739
3864
-7522
-5830
2712
1214
9687
-4186
4205
-2068
6591
-3864
2281
8303
-9215
-7668
8215
2953
-688
-3171
4617
-1939
-9708
8866
3134
6543
-7022
6735
1250
6706
3696
-1765
-9700
9508
-7393
-9854
2127
-3818
-9152
-6598
-1417
-8565
-5053
-4104
-5971
101
-5650
-5399
6519
-9041
8769
3228
-1223
9367
-1811
-1900
1652
1370
3785
3407
9515
3878
-175
-3508
-7772
8572
8758
-3841
-1210
9324
-3411
9694
4552
7289
-7578
-3737
-5698
-7357
-8694
7609
3823
7835
-47
4059
-705
-8498
-4347
-2789
-5547
3279
-5307
5047
4375
-9609
5330
9942
7704
-5194
7155
-38
957
8241
7671
-1175
1664
-4944
-8489
8970
2635
1892
201
2020
1100
-7994
8307
-3928
2146
-5832
1143
-1323
-1793
-5313
-3181
-2908
4915
4670
-9621
-5580
5073
-4936
8939
-9897
9059
6041
3255
1492
-1648
-6827
2243
8272
68
4533
5764
6026
-8824
7376
9504
-9331
-5485
9050
3568
-9789
6710
6724
63
9919
6873
2011
5733
-6757
-1551
-712
7095
2153
7471
3477
-2107
7898
4671
-9428
-8988
7597
8310
6468
-2004
-9034
4329
4042
4949
6579
170
-9780
23
-5222
-5120
2047
-422
7610
9327
3514
79
-6078
-596
-8999
1894
225
2500
6865
-5289
-3189
6175
8194
1495
4791
3700
-7118
-9616
-9234
-8673
-6553
-2858
3398
-5804
-3040
-8888
-4382
7111
-5289
380
4239
-5526
9391
7881
-4926
-8867
4747
-2178
7343
-2361
-3503
9282
-4739
-6170
253
6535
4052
-2800
9814
9774
3560
9171
-1819
7467
-5404
274
1566
4910
3445
5920
-6887
-235
-9079
-5936
-4021
-3815
4466
-3905
-4356
-6288
-2323
2618
4199
2973
3362
6780
7798
-6137
9596
-5427
-6604
9856
9538
3276
-4551
5755
-4068
5490
3656
1563
5577
-6967
-2120
8753
3775
-6982
4138
-4662
8138
7020
5066
7360
9009
6449
5551
4170
5917
3919
-8870
2136
246
6782
-9349
-793
-2460
9297
2156
4696
-1077
9273
8242
-3337
8020
3222
-6830
-7850
-5111
9581
-3526
2978
4591
-7298
-8195
2107
-1537
3800
-5500
2234
5918
-1141
-3341
-5802
5323
6563
-4232
-1243
487
-8482
-410
3434
-1285
8182
-4861
5463
-1093
519
6337
9539
-3371
641
3379
-6102
8017
-5669
-1652
1117
5411
-164
5469
-5277
-2731
3933
4593
4891
-8428
8752
-7420
-99
-9694
-3937
-6617
8536
-7720
-9363
6714
-9125
-7217
-94
-2031
-9940
5676
-9100
-1297
-2832
-8678
-9507
5532
9787
9888
-4157
-2270
5872
-4029
-820
-460
-9857
9981
1660
-8903
-6380
-238
7310
9141
8103
7018
5854
7124
-4477
-7693
5274
-4623
-5774
7234
9880
6070
3413
5552
-2565
-9183
-3376
8775
-2750
5892
8025
2083
6749
-925
-7878
-671
8771
2859
-4194
6311
400
-9346
6501
-3453
-9646
-775
178
-6660
3820
4868
4059
-6920
7070
-2486
-6722
-2048
4944
2626
4758
-8257
4421
-9151
6820
-4818
-171
-1972
-3290
5914
-6236
4723
74
-6756
-7691
3190
2986
-1705
-8395
3931
-9906
-6920
-6501
-7420
-5031
5826
8560
-8432
7615
-5147
-8110
-5411
4602
-7806
7289
-4555
7377
-9014
3466
9766
-8530
26
-7664
2594
-1903
-1247
-5607
-2696
-6392
1440
-6604
-7300
-6646
-7023
2038
-7624
8030
-5836
9859
-6555
5365
-28
6790
9670
-3574
8977
398
-1168
7938
-3746
-33
2225
6888
-825
7869
9865
3443
2261
-5196
2247
4864
6445
269
-11
262
-4575
9406
-8304
3734
-5109
5261
9219
-2161
3494
5470
-2447
855
7655
7713
-489
-4982
-6673
343
293
8793
8300
452
1374
-4022
3684
-6007
9992
-2610
-7885
-4644
-214
5283
-696
-2538
-5080
4620
503
8775
630
4464
-5830
-8812
5939
9013
735
-4394
-3145
-2015
-3734
-7160
5302
-1654
7382
-7058
-3385
9435
-1493
8841
5773
-2146
1116
-7567
-7594
7222
-7727
4378
2219
-883
-6102
-5032
4592
5369
857
4743
5603
-8759
4557
-5369
-6118
951
8408
5770
-3762
-7983
-5594
-618
-6272
5848
-5825
-856
354
3674
9959
-7304
4206
-5149
-3084
-3054
-2416
3297
4887
-5281
111
6916
4263
-8890
-1065
6647
-9578
8932
7837
8861
1166
7334
9602
-3777
9903
-8798
7213
1214
-1652
6471
-1821
1440
-3700
-294
8649
-7202
-5526
-4419
-2284
9966
3528
-2076
-2833
8527
5914
5297
1826
3916
-567
-3470
3374
-3310
-7369
7918
-2903
-9142
430
-9536
-3389
2116
35
1561
4103
-2676
-4459
1737
-9792
-4503
9119
-9879
-9096
-3296
3717
8366
-2218
-9692
1142
6235
1436
-3412
1724
5997
-5588
9366
6494
-3276
9283
-3364
-7711
-1195
2333
-1058
4154
224
-4145
-3296
-9296
2407
6513
9818
-7552
6962
5891
-2219
4149
-9153
-337
-9946
-2305
620
3556
-8549
9076
-9848
-8046
8572
1601
6832
4467
6572
-1846
-3506
-886
-417
5196
-1413
-3320
-2007
409
3593
4937
-6934
-3166
-6298
-8234
-7060
1359
-5854
4427
-5002
-2901
-4302
-1854
2476
-274
-5791
-6763
3001
2440
2909
9614
9163
1453
5458
1345
4218
-2704
4397
-5153
-5814
7397
-7330
4316
-1831
-3014
-3305
-666
2976
-3963
-8006
7666
-4797
-9156
6954
-6241
-7373
101
-2343
5187
1520
-2520
1224
8096
8260
3324
9357
869
637
-4454
2486
-6963
-9668
-579
8304
-7280
-2716
2119
3286
-1883
-3801
7787
-2389
8718
6909
2832
-4517
3532
6426
372
2029
2769
-6539
-7204
8626
7625
100
-1635
2812
2724
-3997
9412
-6040
-8228
-6946
-9949
6334
-2699
-9816
-6513
6207
1602
-4735
-4522
-3355
114
-5987
-4670
1283
-3346
-1137
-8086
9429
2934
3316
6406
2684
891
7919
9107
-7833
8451
-5381
-3755
-918
1990
-1560
3423
5778
-9397
-455
-8040
-3096
-3554
-2825
5932
9324
-2869
1454
457
-1705
1132
6251
-6021
-7119
-6717
976
1692
1333
6396
4639
-5674
-5755
-5673
-1747
-531
1936
8549
5872
-4999
-3587
-3371
5093
2065
7461
-2429
-3942
127
7105
2709
-8029
-1800
3131
1538
-6606
-9150
6304
926
9042
1744
2163
-3974
9989
1392
-189
-9637
2806
2301
6021
-8024
-5516
-296
-9296
-1808
6025
2629
-3517
155
-9556
-2022
9908
1397
-453
-4034
-8645
-1964
2599
-3891
1633
2587
-4751
-6636
-2565
-1375
-4373
-3680
-5382
5929
3592
670
-8671
6993
-5136
7243
-289
-4189
-5321
-3345
-7978
4289
3976
8444
-4808
-1756
6465
5586
-9880
8733
7715
-3954
3246
-5713
-81
-89
-9524
5215
9715
-4804
-9860
6350
2084
6011
-644
-9927
4648
1524
-7757
-4152
8179
-6751
-1355
-7529
-7926
2375
-7617
20
-3636
9876
2485
-7766
7811
2876
8664
-2196
-8530
7656
1050
-4010
5593
-7299
718
9110
-3701
-5320
-7515
-5500
-9130
9004
-1190
-6779
2464
5787
7242
2420
-1677
959
435
-296
-3837
-2477
-5432
1815
-2754
-1509
4818
-4919
-3886
-5697
503
7652
-3812
-427
-2095
-9984
1741
6433
-8740
7811
-459
-144
-2976
-8759
4363
-2595
9014
4036
-5891
2293
-2747
-7929
1946
-3708
9585
-2633
-1674
1633
7713
-4315
9442
-744
6682
3691
-1236
2194
-4742
-7857
-4690
-873
-1138
-475
783
-2107
4191
5644
9473
4587
-416
2285
-3104
5660
8783
-6365
-8803
-5730
-6144
9316
3419
1476
-7869
-9352
4793
-7824
1185
8477
2443
-3635
-5666
-6859
7982
-2447
-6180
4780
1960
-1502
-720
5017
-758
1965
-9581
-5998
-3147
8753
8253
-2080
-7273
-219
-8468
8316
-9284
3713
9406
-5025
-8327
108
7436
-7886
8618
4191
987
-5330
841
3180
8464
9171
-9340
598
-6106
-2079
4536
9200
6127
-3235
-7336
-2813
7986
5467
-414
-7355
197
5876
5362
1087
-1444
-1197
7693
-1488
-6341
-7881
-7030
-6405
-8183
2173
-1565
4339
-9727
2
-9899
6984
-6690
-8028
870
6938
5850
3342
6529
1409
7578
3997
1884
-8293
8559
-3961
5639
-3154
-1166
6822
2257
-6766
-6507
-4355
-9737
6998
-9496
-969
542
-5392
2156
6604
-6315
-4680
2072
-3484
5295
-2897
460
5200
-5647
7379
9892
-3871
-9212
-4512
-824
8051
-5761
7531
-9887
7372
1295
7003
-3511
-6641
7945
-405
9647
-128
946
-6450
-6653
-4912
5867
5701
-3259
-5718
3847
2634
-8116
-2
6804
4269
-5948
6693
-6286
6701
-4036
334
3605
-6911
-3162
6322
1663
9721
-1669
8168
-2928
-7693
8695
-3023
-8601
1089
1890
2778
8998
6803
-8908
4355
-1204
-1291
-7231
-6467
-3431
-6844
-9549
-617
-3917
240
9296
350
4724
-507
-2930
7829
3012
556
2503
9733
847
-6311
-689
4555
-1892
-3767
-5805
-9780
2962
5006
-9800
-7187
7942
6312
-8265
940
8690
7637
-3148
6538
-6031
-3263
-8221
4306
-4737
4873
-7770
7331
-2600
8960
-7231
4912
9720
4010
3105
-7993
8475
-7109
-9417
8872
5457
-2459
3486
5934
6663
-9424
-9687
-8103
-1236
-7401
-4397
7102
9304
-1610
-9924
1583
7455
7041
5089
6732
-1575
-6720
761
3995
93
-657
-2990
-870
6085
-377
-7849
8290
3650
-7883
-7603
5644
4777
-7818
8246
-9818
-1225
3462
-7047
6026
1408
-2209
8805
2339
5674
53
-5049
-9325
-1017
-3755
9144
9138
6857
1642
-8332
-4991
3251
-2570
-8437
-2677
7033
1410
3152
-5851
-537
6527
-9171
9242
-1120
5316
-8565
5852
-8928
-2403
-286
-3867
4702
7208
-9909
-1064
5475
-1978
-4977
8379
9237
-3657
4717
-2688
-1028
-8262
-136
9928
-3120
-2219
3571
-6107
-1894
289
9824
-9524
-3341
-5778
-7106
-4788
-6843
3247
-6410
3869
2658
6236
-6273
6105
7495
-3689
-1993
3120
-2796
-9944
3042
8666
3362
-4985
6813
-5107
7829
-8552
-1231
-4863
2018
4363
13
-253
3451
-762
6
8169
-8802
-6659
-2195
-6527
-2736
-5074
1470
8542
-1539
1529
-1330
-131
-4247
1531
-8158
8446
5307
-1080
-4387
-2358
-9195
-3732
221
-9367
636
-4062
-6601
-4718
-2242
4767
5371
1177
1520
1160
-5518
9180
3333
4937
7322
-8714
3498
-3349
-8071
8653
6692
-2689
-9533
9146
9295
65
-5616
4350
-6853
2050
-8399
-887
-8439
4208
-8610
39
-3398
-901
5380
1778
7230
-8965
-1166
9866
-1804
-3545
-1507
6537
-2281
-8493
1761
-2244
-1916
-1724
7858
-5129
-1664
7959
2099
7514
-7962
6462
-7931
3984
4574
-745
61
-8141
7923
2275
2917
7614
-9344
3410
-5099
3694
-7160
-366
9957
9893
1453
-114
-2989
4394
-6162
4053
-3558
-6340
-8813
-4633
8007
-4676
2735
9800
1687
8980
8045
-3119
2769
-426
-6458
1265
-3726
7770
-7758
-9522
-2720
3941
6422
4296
-3309
-7536
6550
1041
7665
-2184
2638
877
-2523
-2270
-594
4672
-9317
-70
2210
7495
3218
-1293
-1337
-374
4137
6367
6960
-9180
-3427
8522
6482
7966
6984
-1219
224
7898
-146
-3524
2744
3264
-8711
-7474
9017
6122
-8434
846
3284
4079
-1108
-2381
6376
7288
-9958
-4777
8393
7896
-3700
8955
-4079
4675
-5253
-2062
-7918
9413
8769
3419
9878
-3949
-5567
-731
-8807
-6103
-8707
7220
-1854
-1192
5396
5641
-4396
-9448
7241
6022
539
9482
7350
3949
709
637
5291
-6296
-4521
-3208
3775
-4920
7404
-1194
-1023
9934
8378
-4587
-9405
-5215
-7456
7124
9822
-7946
1019
2560
8719
2232
7109
-2903
-6598
5054
-2449
869
1779
-2369
-3824
1093
6169
352
3975
-5474
3409
4175
4864
-2307
-6521
9950
4860
9341
-4320
9385
-623
-8766
42
-4879
-2999
5084
-7552
-4526
-4595
8876
-1017
-144
-6126
-168
8598
-1356
-1874
-7517
5180
-481
9940
8321
4801
6601
-4946
7165
1110
9121
-6543
1315
-5223
-3699
-9751
-8427
7092
6585
-6872
2735
4612
-9026
-8028
-2090
3958
-6129
8775
-6694
-1906
-6152
-9969
-2411
-824
4926
2780
3792
2560
829
-620
-9547
834
3314
-669
8451
-5653
7250
-5222
5381
5159
3453
6386
-1769
9486
4443
9563
-8778
6901
8792
2053
4213
4402
-3499
-1016
4856
-8849
1668
8811
-6693
6122
-7925
-3831
7793
-3791
-1822
8080
-6070
-1829
-5918
-7179
-521
-231
9219
6960
8339
9026
-3830
-1672
-5514
8087
-8494
8583
3140
-7354
-7791
2533
5685
9996
4850
-9198
595
9421
3447
1847
-2172
2007
6528
1939
9531
8909
8750
-7681
-5167
-9926
-7884
-2627
-6972
-3224
1266
1443
900
6644
5482
7570
3686
-9367
-8737
-4592
-5255
-8600
2021
-4717
-6150
448
-9620
-3786
-323
8279
-8099
-2197
-3272
-9721
2265
-9634
-7689
2647
3642
-1976
8283
-2898
7617
-169
9068
-6933
-8260
-6445
9401
5460
233
-535
9966
-5636
8636
346
8471
3229
2061
-4436
2908
-1084
-775
-4822
4112
3691
5660
6140
93
-756
-2649
8473
-3489
-5515
4493
8569
4804
6163
-5743
1803
-3032
-2584
-3013
7678
9579
-9366
6743
-1054
-7919
1118
-2155
5762
4946
-457
-6833
9123
2229
6748
-144
2604
7310
9786
1752
7007
6678
8268
-5594
-2202
-8772
391
3460
-5130
1406
1253
-3606
-6600
-4285
8347
9122
-1241
7690
5739
136
1734
7420
-397
-3487
-2974
-5665
8663
-1797
-8592
4934
6462
9610
7216
7000
3661
-5880
-9547
865
-9217
9305
7162
-2066
-4766
214
5703
-5418
-9514
-4596
-4354
8882
8392
7696
-5257
1154
9501
-3926
1735
8843
-9797
-7603
9859
-5410
-4834
9426
5242
-8101
-6127
-9106
-456
-7285
-2537
-2284
757
1940
8752
7166
-2874
5639
-9238
1562
5547
9306
-4853
-5387
1215
-6809
-3416
-3835
9863
-96
5019
3126
2648
-10
-3299
-9529
-2536
-9699
-96
394
5310
4212
-1605
931
-7881
6313
-3357
-6833
3951
9396
-6261
-5243
4035
3650
5103
-6312
1873
8709
2496
-652
7585
-2765
-8393
-6061
8018
122
-3275
7598
-4551
8471
6144
9361
-2816
1518
5879
4829
-6682
-3101
6033
-5976
6073
-5708
6720
-6030
9701
-1995
850
3654
577
-576
5338
-1068
9413
-6976
5619
1653
-7221
9136
6970
2951
-7886
6903
-5387
-2226
-7264
-6229
-5188
2875
-9032
-9411
5194
-4981
4757
-7319
4767
1385
1259
8355
-7018
-3634
-6925
-2582
-3312
3628
239
-1239
-7715
-4706
6613
8641
2266
-7049
-5841
-8411
-7325
-5848
1181
4527
724
-5674
7604
8758
-7368
-7639
433
-4155
5834
6456
-8284
-38
-4135
1502
8822
-5238
3653
-1945
-2782
1613
-2303
8340
-3029
-5461
-6287
-9797
-3907
-8173
8351
1274
108
-5542
-1246
4666
1352
-3149
1411
3283
-8238
9053
-8152
2113
957
-8851
2111
3060
2179
7447
3849
-1298
-929
-2305
-2566
-1493
4051
7235
9466
9102
2615
1989
1433
1193
4583
6625
-9873
2757
-7059
4700
-3240
-5754
6913
2240
3934
-5304
-3997
5223
1324
178
-7587
7755
-7476
8004
-6842
-9481
2248
-3021
-6815
7501
6477
3545
-3673
2748
1760
345
6800
5670
5512
1418
1641
1628
-1907
-8896
2564
6098
-6900
4239
6092
5907
4057
7180
-3412
7275
4197
9070
6957
706
9022
-8949
2119
7278
-8520
2465
-215
-56
8150
7232
5122
-9075
9255
2604
1328
3466
-2770
-8895
-934
-2846
-5047
565
-1744
-8521
7033
3713
2773
-1572
6330
-1658
-6423
2076
1186
-3357
4747
3032
5743
-2880
8702
-6508
-7743
9697
-5076
-3642
-9763
7945
2234
4455
6753
6026
-53
8352
-6011
-1872
-1267
-7041
-3721
7602
9468
1280
-9159
-6309
-951
-31
-6684
3482
8201
6135
-7068
-5135
7698
-6076
8822
7103
-4519
-620
-710
2457
-3708
3618
-370
-4694
-5928
-4728
-8765
6600
9586
4642
9270
1418
5044
-4713
-863
792
-4465
9452
8764
5291
19
1524
-537
3420
-5060
2487
605
6811
391
-4471
5918
-2189
-3185
7378
9487
-832
-4721
-8227
3553
360
-8941
7749
-6778
-4828
4175
-4690
-1882
501
2422
-6213
2322
8221
-8379
-1278
9409
207
8769
-8201
2761
7685
5115
4173
-3371
-9826
8039
5790
1098
8156
2727
-6791
-4915
2026
-8305
9982
1716
-3074
-7233
5508
2747
2344
8668
4
-4005
7450
5649
3414
-7797
3625
-17
7382
-8956
4825
-2185
6792
-2563
8707
-2818
7235
-2422
-5939
9107
7791
1581
8465
-1976
-7547
2238
2745
6184
4341
2934
-5421
6747
-5220
5859
-775
4952
6278
3470
-3381
461
-442
-7757
-4508
3184
1258
-3486
2100
-9525
-6738
-508
-2221
991
-8123
6055
6059
-4021
-8004
5546
7738
-3569
-9248
2921
4462
8394
-2258
-4002
-9152
3809
-2512
-207
9591
2613
-6470
1590
-4086
2869
9300
8311
6703
4654
1244
4852
8576
-4388
3340
-414
440
7406
6513
2895
-5102
-4552
-8781
-2239
4794
7355
-5871
-2915
-5341
7953
-876
3817
-7212
3798
7093
9051
6595
2017
-9408
764
3360
7576
709
-693
-8647
-9424
-5837
-6941
-4970
2342
-9166
1416
1837
8155
-7483
-6285
-1586
-9012
-3640
3899
9284
1725
3229
-6883
-569
8131
8717
634
-4364
-771
7108
-24
-8114
-6764
-1947
-8760
-7968
-2368
4334
-5978
2003
6482
-5140
6070
-2700
-9851
-8298
7378
-988
-2357
7692
541
-630
1179
-3923
5265
-2334
-9829
-9009
8304
-3868
9233
3222
-8699
6185
3379
-9165
2600
-2218
-1953
2740
-6520
-8711
165
7213
9575
3392
-6706
-2829
-7682
8148
-9255
-1152
-9980
6992
-9485
-1316
8633
848
-9730
-3576
3299
-2760
-1104
-3776
5593
-3814
7356
-6808
9248
-4447
3531
9332
-8330
6316
-8174
-9235
-7845
-8031
7885
8870
9730
-5022
-8866
7337
-7668
-4988
-5074
2345
-6729
-336
-8044
-2259
1166
-7015
-2307
-9897
-7010
-2375
4669
9482
387
1870
5578
-9529
2247
8900
8427
6632
-2602
-5267
-5099
2481
-6848
6952
-4130
2178
-4701
-1297
1707
-7695
-1303
-4960
1707
2725
-2372
-1163
5546
-2571
2078
-9497
7161
-6989
4321
9521
-2008
4301
-7580
5887
9406
-5734
-3990
-6565
4099
-6845
-4011
9866
7360
-927
-3229
-9261
-926
2385
-7605
-3056
-5354
-3212
6465
-2125
1869
-8433
-5100
8997
-1763
-8698
-298
9054
-6767
-9667
-5620
-1958
4648
-4770
-5697
4242
9648
-8909
-3602
-9291
8834
1327
5596
-5573
4223
-7110
9389
-9811
-4814
8046
2382
-9038
4868
-3111
4926
9115
-4791
-9426
-1708
-7213
5327
-3743
-461
5265
-2633
7004
-6754
-3686
-4884
1538
7024
-6136
8788
-6457
-9072
-668
-7657
-9332
-9948
7015
-7621
3875
3702
-7546
-5603
-3763
-7985
7586
-8213
517
7787
7065
-2738
-4419
662
5938
-9910
-2590
-8204
-5907
2226
-7735
8503
-9830
-1897
6621
7182
-6894
1187
-7931
3526
4735
-4154
-9649
-2004
8333
-7703
2172
7162
2999
575
-7562
8774
-5996
-9216
-5000
9337
132
5490
1553
-2723
-6137
8134
-4439
-9643
-4906
-2769
-252
-4750
979
-6522
6592
-9933
-3856
-4491
9976
-7540
-5878
8705
6615
-2708
2362
5767
91
-5542
6369
-9252
9317
-152
534
1046
7907
6471
-1276
-7752
-4649
3496
-6907
-686
-4176
-2447
4149
-6561
7599
1113
9473
8391
7477
-4092
-6196
5130
-1205
2367
-3212
-4341
-2812
-6164
4347
3057
-7564
-7395
7166
-1168
-5986
-6598
7173
7568
581
-7730
-5224
-7379
1559
-2015
-5380
-7331
3087
7278
203
-2679
-691
6817
896
5369
6309
8099
-923
-3885
-3332
-2728
-2192
2173
7976
-240
3078
-9766
-812
-1521
-8454
-3109
-1250
-1739
-3248
6056
6596
3568
4238
-5946
-2345
-6426
9972
-946
122
1261
1003
9793
157
-1598
2752
1437
-4515
3278
7178
-8172
-9687
9838
773
-8592
-9692
-7522
8914
-7457
4150
-7299
-1053
1105
-4862
-2793
5802
7834
-4831
-2261
5954
5761
-3053
-9982
-977
-103
-5093
-4630
3281
-6988
-6583
2703
-2112
247
9506
-4695
-3296
-9344
3881
7173
-1320
-7632
-6993
-3601
9503
2374
6201
-8595
323
1177
-1184
-1386
6981
7235
-9338
-3964
4357
-7902
-5839
-5119
7561
-5968
-538
8577
-5106
1680
-1795
5638
-2796
-7121
6947
7195
-9675
-9436
-1793
2031
2641
7936
-6137
-4937
-9399
8738
-3448
-192
-6712
-4174
5135
4597
-1019
-9022
9591
16
3182
1604
-566
1084
-8744
415
2247
9969
2939
7535
-1145
6161
3996
-5946
2235
7598
1480
-4643
-8241
8043
-4087
-9366
9950
2193
-4303
-8442
967
2416
-5637
-9283
-8721
-6021
-9043
3149
-6681
-404
4518
-5361
6320
-741
9402
2979
-3258
-3359
8671
4818
-3561
-9878
2235
8321
9647
6205
7141
9638
4265
-2979
-2194
-3198
483
-8971
9318
116
-9112
5557
1765
-3291
5386
8500
8840
-6324
2510
-1976
2108
147
-7220
-9238
-2443
1412
4756
4913
-7799
5166
-3721
3570
-9130
105
-7566
-3933
-1550
-3012
-920
-4724
6860
1386
9215
-4057
2922
-8295
6340
-5230
-8389
2293
-4314
7568
5487
-7205
-7740
-6524
-5675
6804
-279
9787
5662
6367
-4778
4301
-5290
-2727
-9825
-7389
5692
5899
-2715
-5820
8908
257
-9305
-1137
6131
9168
-1918
8348
-7035
-7723
-7760
9944
-1780
3487
2760
-2374
1467
1042
-7361
119
7280
-6196
-2899
-2791
-255
6460
-3489
4002
8323
2118
3710
-1684
-6903
-4183
8210
8831
8957
-2464
419
-3262
-3345
2250
-7527
9814
-6052
7084
8915
6858
-5384
-7170
-8760
5849
-9961
-1053
9054
8461
-767
2359
-6636
6247
-2941
-3598
6849
-3812
-8107
1336
4014
-868
-4548
5691
9491
5120
-6212
2567
-3672
-8442
-7639
-4239
4672
-1746
-6774
-7096
-71
8307
-5125
3987
-2417
304
3112
-3083
-557
-387
2667
2410
9548
-4762
-7531
-95
7011
-9456
-8592
7803
-1189
6936
-4558
-8640
-9329
-6641
490
-5521
7616
-404
5792
-882
-6796
2540
-8403
8301
8890
8367
3707
8748
-5915
-4710
-3081
6507
5803
-2574
5920
267
2150
-1469
4249
-3669
9871
6068
-8865
1259
-6089
8047
-2020
4317
-3916
2413
-3201
-802
9921
-2664
4231
168
-5711
2238
-3407
-4236
-6498
64
4169
7448
5481
6367
7737
-2454
-6412
-2074
5917
7611
-721
1038
-6067
-9769
-3817
4272
-1299
2259
-5013
-2503
-4747
-3139
2440
5566
-908
7176
5489
-3917
-4514
-5860
-8402
440
-8849
-2947
-8492
9566
-9163
-4477
2575
-7400
1227
-4459
8396
-6582
-5359
5148
2935
-9864
9553
-513
-8070
-5039
3274
9345
-570
-1155
2444
-9283
-8196
1274
-5530
2224
5297
7801
3919
2385
4967
-3640
-5563
3378
8856
7410
8507
2606
-9222
3469
9630
4980
-9258
3567
4518
-3535
4254
1619
-9892
7097
-6316
3927
7889
-4239
9242
-6088
1343
-9709
-8209
4025
6232
-1173
6533
6701
8477
-464
-950
7917
-8897
-8128
-7621
-4001
3011
9142
4088
4015
-4864
-6035
-2220
-9393
-7601
-4255
3603
-8393
-8639
6934
792
1883
7255
-7408
541
1287
-5012
264
2839
8584
-7864
7328
-4738
4714
-8824
9417
-8812
5084
3134
4644
8490
7700
4943
5949
6216
-7428
-4079
-9574
-6282
2810
-1483
4152
5592
-6798
-1148
-8584
9130
-3028
-5222
9422
242
4156
-3416
8372
-2386
-2181
-8425
-1814
-1602
4930
-9194
-7590
-9142
6595
5843
-1787
-2891
3097
-1580
5023
3097
-679
-665
-2838
1934
-1420
-8083
6099
5817
-6339
-6748
-1060
7838
4653
5975
5912
3465
-1622
-8567
-5302
7171
-6314
7817
7743
-2777
-1522
-4951
5921
-6662
-7009
9085
-6803
-5913
-8374
7984
-4182
2797
1986
2957
-2408
7536
2730
2517
-791
-6807
-7959
-2508
-3009
-5855
-7105
7255
4450
-3787
3583
630
6706
-9384
3736
-5468
-3226
-1399
8742
1069
-4318
-2531
3318
-7884
4404
1437
-5606
2378
3984
-4306
-8267
6325
6652
-1515
-1374
-7226
-2705
-7068
7291
3372
-3934
-4698
4283
9195
-2941
-9711
-1903
2896
-5113
6635
9419
300
96
-9201
-3124
-6272
7840
1029
1042
-200
-9656
-7137
9082
-7829
-9141
-2483
-9744
1119
9732
-1917
3864
1596
-9772
-2222
-7191
8706
-7396
-971
4436
8789
-2663
-5203
9608
88
-454
2754
2274
-8709
6921
-6710
-6476
-3405
-4146
-1647
9210
-6109
2589
6694
3085
-9285
-5593
6378
1149
4010
3204
5207
7864
5499
-9307
-6062
6807
-3343
-9305
-9487
4635
2919
-1756
5993
5458
-9711
-446
5160
-3304
7228
-8914
-2256
-2208
236
7250
-2388
-5273
5339
-6045
6171
5183
-1807
-3721
-999
9687
-3593
1370
2514
7537
1036
-6229
-9088
-6071
-6731
-9425
-9084
8380
-3727
-3555
-4457
-4644
-8567
7961
7748
-9250
8814
-9943
-4744
-5250
-8355
9802
-3712
-3215
4492
-1614
7444
2810
-977
-8171
-8010
1001
7830
4896
8014
-9628
-5963
2248
8497
487
5408
54
-3328
5367
7392
-3111
6975
7050
3058
-2788
-2730
-4779
-7623
-4099
9166
6093
4563
-2847
9609
8074
1699
3783
-1863
-9026
-827
9342
-3469
7905
9270
364
8116
6926
-1694
-7941
7568
-658
3944
-3297
8618
4032
-4746
-8924
-768
6300
6230
4256
-7274
5783
-820
-8352
2885
1622
-3377
-8688
7896
-2160
-3042
5108
-4100
2222
7834
9468
-2208
3135
4341
-2994
-633
-9694
3976
6149
-4173
7264
8468
9799
-793
-6402
7286
3111
1632
2504
7431
-9056
-8056
-3687
5813
2036
4357
1770
4877
-6906
6121
5723
-5719
-8584
-810
-4906
-7165
2586
3558
-2347
-6678
4075
-3114
5054
-4553
9410
-675
5040
1362
-2765
6926
1196
5009
5569
1560
7019
7545
-8632
7135
-8473
4997
7884
2549
-2375
5216
-6167
3719
4005
5392
9833
9911
6167
5007
5409
1712
-3360
-4413
2157
834
-8376
-1984
-725
3210
2978
7141
5111
7969
-2167
-4766
6120
2320
6427
1296
2093
9061
-7259
-7666
-5745
3307
-1552
-902
1448
-8436
-4818
-3774
3784
-7275
5757
7604
-3349
5475
-8745
-9860
-5714
-6684
-5650
-1760
-5463
-3338
-162
-1847
-9902
7357
7557
-6521
1833
-5351
9775
7105
6304
-6545
-970
-994
-7336
8667
-2418
653
1949
8508
-8479
-9961
-668
-7386
7966
-5750
-489
-5642
5217
8183
-5792
-5962
-312
3465
-4126
-7797
5089
-5070
4994
9541
1671
9295
-9753
6064
-4269
9697
-3873
-4083
7745
-8227
567
5708
4287
1874
2489
-6072
5257
-2044
-6396
-244
4939
-7247
-9736
-5649
-1375
3762
-1818
6141
-649
-2060
-2046
-8710
3885
1119
-9066
1163
5141
-7923
8485
9668
-8670
-1205
-887
-8340
-4527
-416
-5633
2563
3749
6467
-9981
-2121
5463
5289
-6730
2245
2209
-9460
-6715
-3979
3610
6513
-5372
-5076
1608
4266
7687
-188
-3456
-3625
6545
-240
-2463
9470
-3674
3088
-1848
-7535
-2973
5436
-2584
-3402
4268
4839
521
-5069
-131
4512
6343
-2748
2979
-9585
-6821
-9172
4001
2902
-1868
-2190
-1206
2686
-8726
2251
-3984
-7104
1508
7076
1019
-8040
-7644
5210
-3274
7366
-1669
3041
5917
5174
8335
1514
3023
-3462
4631
9922
2748
-2951
579
-2829
4048
5378
4539
1747
4715
-6213
3157
-1557
-1140
7503
4167
-2872
-4375
1133
7129
-4577
7914
-4305
9872
-2853
-8344
9718
-7072
-6465
2203
5532
7275
6241
9662
-4021
-6899
81
-6673
-9634
-2440
4027
-8900
8401
-3133
6025
-4297
-9114
-7470
-6016
-4448
3036
2038
9940
-4191
-5768
-1968
3586
7432
9325
-1676
-4467
2524
8448
4246
1530
1677
6082
-3991
-8629
-196
-2941
7242
-8752
-9280
-1271
-2226
-7136
-8140
3300
5228
-5250
1258
-5095
3622
5484
-8732
-2601
9737
1225
4755
-8650
-4446
7516
2325
9251
-5628
8465
-1900
3360
-7359
-841
-7831
-9953
-9335
4869
-1080
-929
6924
-7184
-3974
-752
-6582
6892
-4314
-2000
3988
7424
5015
-6068
-5783
-1954
4708
-1562
-9513
5371
6801
2522
5765
-3353
-7825
-5327
-7297
-5572
7623
8260
1412
-4370
-1531
8716
-6769
-9354
676
8400
-3180
-3113
-5478
5354
6043
6027
-6266
-1380
3896
-8911
-579
7355
5193
3577
6609
-5950
-2637
9498
-4006
4992
-6583
-1265
4882
1465
-418
-4164
-4468
8053
-8963
7705
7789
367
-7367
-5300
-6468
3744
3156
-9735
-1166
-20
-4747
-7359
-7723
7594
-7621
-1773
2245
-2808
-8236
3314
3286
7215
-7247
3832
345
-6080
-6780
-6590
-2744
-6182
9005
-9893
933
-4537
4955
6170
-9509
-8590
-8662
-620
9725
-8225
-709
8229
-2428
-6092
4640
-4461
-647
6972
1872
9893
2277
884
5335
-34
451
-3955
2150
8833
-8617
6550
-7829
-3625
6053
7108
-337
-1915
8255
-7322
6370
-143
-2184
-9767
1
-5983
-4272
4460
-1272
-8809
2107
403
-6529
3377
3534
-80
6235
4429
8932
-3040
-6654
-9105
-5480
6455
-2829
-4192
1526
2661
6207
5470
-9667
-564
6773
2269
-5036
-1785
-3033
278
-7156
-364
2481
2539
3514
-160
6978
826
-3841
-4917
-206
-8875
-418
-8354
7153
7441
7514
2455
-6016
7548
5979
9110
-2662
2188
3810
-8664
2818
5462
-1637
2774
1804
8671
-6286
-9763
-6417
-4409
9310
9350
-669
-9957
-1625
-2810
-6395
2556
-4607
9323
-8299
7080
5139
4454
8181
-6895
1760
8036
9096
-2178
-6324
-6629
6893
3698
-7492
-6813
434
-8505
2288
1607
-9191
-2356
29
6484
5089
-1523
3292
-8654
-3151
1383
-9298
-6295
-4751
849
-3858
5501
7968
-2888
2746
747
1406
-2406
5838
9623
-9146
-857
-3436
3654
7082
6664
9930
-5713
5158
7855
-166
538
-5581
-5605
8004
-8775
-1150
-1897
-2074
-7516
7026
-1626
-3526
4630
-8825
-6557
5944
-3696
3506
2285
8435
4796
-8710
-9202
2873
-4722
5813
6895
-3728
9951
9877
6032
270
-2854
2127
-8808
4554
-9292
-44
-6428
2202
4966
3540
-9408
-2154
7479
-6842
8610
3305
-8046
7006
9933
-9708
-9008
-3222
6927
-2085
-3206
-702
6938
6101
-7453
9821
892
8972
422
1290
8288
3305
-6346
-9103
-484
-2974
-2828
6096
384
4170
-5756
-2889
-1827
-2396
7987
5960
-4442
545
4080
-2566
9301
-9498
6698
-2001
5155
7301
-3652
-2195
6148
-2806
2208
2595
-9274
-4032
8715
-6667
2274
-7200
-976
4753
-6718
1436
-8346
5910
9417
-9109
-5216
4636
7882
-1080
-713
4642
8529
-3364
-4770
1377
9862
6696
9404
9417
6852
7967
8503
-2478
5621
310
-1824
-7429
-6145
-2696
-1888
1209
1760
-6752
-9692
4689
5104
3856
7501
-6530
3420
-9355
-5066
-1313
-9909
-4343
-1720
1660
223
6979
-1869
-6263
3369
1869
1449
8291
-8175
1989
2657
-7098
5989
4854
-7756
1095
-4566
6951
-2833
-3851
7060
5392
-5652
9227
6500
-4348
-3098
-8723
-7348
8071
-3131
-9429
-9490
-224
24
8712
188
-5391
-8942
-1394
-6550
-4123
-4087
536
6294
-8438
-1228
-2520
6891
-726
8385
4470
1952
-9816
3071
8578
9279
-2343
-9820
-5143
-2839
2316
5615
5053
-9134
-8670
-656
-3986
-6753
-955
-3340
-8378
-9600
-1469
-1609
-5437
1185
-4339
-4455
-1452
7005
2279
-823
-2429
8731
-7892
6595
-9116
9942
-5739
2901
3226
8159
-3234
5111
9178
-2004
8887
8107
2656
-2018
125
-8774
4772
-1326
-1227
6828
-729
2814
6956
-3058
7498
6556
5226
-1415
1417
2453
5344
-9517
7970
-2816
4804
4557
9988
1083
-4411
1250
-5086
-2448
7415
7709
3825
8849
8635
-4433
-8497
-1856
-2888
-8197
-9463
5685
5183
-4894
8475
-2057
287
5815
-4309
3505
-3002
6687
-5579
9319
2354
716
4562
9212
-5976
-5043
-660
486
8816
-5342
-3140
-563
-6330
-1412
-9595
4369
9530
-985
-4116
-348
-6703
-4787
7135
8514
-5408
472
-7241
-5761
753
-3461
6364
1113
712
2280
3365
461
-9163
-8501
-4501
-3779
6169
4448
-603
2020
3653
-5273
-6915
-9546
4253
-4726
-8789
-3147
-6740
-5116
9074
3204
8708
7378
1341
-4598
9334
7475
9887
9340
404
4277
3290
-2807
6959
4341
6595
-7300
-2090
1312
6395
-8165
-742
-2515
8542
5723
-9300
-5242
7302
8683
1362
808
-8473
4995
1043
864
7749
-9542
8821
-6805
6284
-4669
4805
399
-8427
-9605
-1572
-2036
5512
-2893
-7889
-4912
-6480
3332
-3686
1387
6657
4320
-4263
4390
2427
6644
-689
-9796
-7394
-9334
8178
7026
2947
-2409
-1915
8253
8244
3276
7369
-4493
-5695
3742
9033
668
-8994
2706
-8193
8281
1029
-3666
2934
-1636
-6174
5154
-7002
-7882
3480
-1608
6915
-4861
389
6089
1026
7727
472
9189
-7507
979
728
-3882
-7520
9182
6936
4847
-7594
8494
9773
-2198
-6745
5232
-3979
-6212
-6602
2338
-194
6710
5812
-3500
9692
976
1052
8776
-2406
8682
-1558
3828
-9963
6605
3532
6573
7798
-2449
6850
-9044
1913
-1232
3428
-4408
7530
8493
-9226
-357
-9391
-4852
-6140
1462
-8622
-553
-3862
-4853
4628
-3476
6107
-5819
2000
148
4904
-6234
6744
-6060
-5476
2165
5552
4520
9554
-5796
8651
9049
3442
-1246
7256
2933
8198
-3745
-2226
-5860
1422
7344
4572
-423
1022
513
155
232
1391
6358
-3315
9434
3988
4789
6732
4251
-9425
-5532
-3172
-9703
5681
6106
2554
3435
-6295
9516
-3473
-3520
-8822
-8892
5844
1687
3552
-9945
5455
-6249
-7565
737
8019
6722
8522
-6058
-2547
3196
-8163
-1485
2642
-9432
-4457
-422
-8230
-2980
9888
4703
-998
-2858
7901
4509
8726
-6107
-5121
4968
-331
-707
6866
139
-2853
-4360
4395
8958
-9735
3716
3227
-4704
4422
958
-4872
-4383
5509
-5208
7368
7046
-7120
-7518
7254
-4229
-8126
6229
-9795
2222
-7916
3566
8338
-409
1588
3871
208
3953
7432
-2317
-8186
8144
3344
-4031
-2166
-2166
8826
-4585
6380
7261
2790
-1836
-6388
-7976
4551
-1389
1321
-7731
8350
8771
-6472
6009
-3268
-8380
7832
9147
-9336
-7118
2027
-6006
-29
8151
-1850
9612
-2197
9525
4521
5692
4679
-7851
5465
-598
4405
67
-4923
9534
3433
6811
-6792
-2480
1262
9858
6249
-675
-7843
5114
8715
3074
3600
986
3171
-4300
-2887
-8649
-4631
-3071
8718
1564
-3174
4872
1910
2866
-5597
9804
-9761
-3496
-9106
139
7795
8373
564
-2676
9293
3240
-4303
-5092
6288
8555
8165
7328
8955
6052
-4284
7310
2320
3571
-1510
8751
7086
8316
4669
9361
1044
-1197
8030
-8047
-6431
3602
4841
-4488
-1944
3269
2153
3288
3595
-7437
6214
-3245
-8296
758
-3679
7918
-2921
-9832
8416
1152
-974
658
2228
4968
2562
6603
5345
-812
-3049
8324
-5674
4245
-361
-7168
9366
-7726
-809
2952
9185
-6500
-6794
-9470
-4520
4694
-12
-4106
-3074
-7630
3151
-839
6396
3355
-9134
9019
-6972
-4397
2909
-3892
-7465
19
-8228
-5220
-8391
-5889
-3593
-4705
974
-3014
-5264
466
-6130
7731
-1454
-199
-380
-1509
-4255
4721
-9707
-7884
9533
-2312
-6418
6998
4702
-2785
9420
9516
-9033
-2339
-3135
3757
2625
5825
-9566
4885
6689
7471
-6764
-930
-1925
-9940
-5808
6334
8541
7432
-8632
-5215
5985
4510
-9468
-3239
5139
-9311
-435
9132
8913
42
2812
-6037
4110
1069
-6208
777
2500
8970
8222
-6724
9974
-5926
6324
-7372
-6676
3966
2804
7376
851
-2445
-8332
3941
4213
2267
-1571
5530
2712
6800
6968
72
8119
1668
2606
4476
2314
-848
4327
-1169
-4287
2241
5300
-6504
-1122
1912
3187
-6184
9752
6226
2180
2007
468
-3270
-5813
-2735
-4207
-7538
-975
5473
6878
3301
3522
-5548
1717
-6396
2384
8046
-2810
149
-2872
6685
-991
5583
-1405
7546
-1182
2353
-5072
-1252
-6936
-3339
-59
-7468
-1100
-1234
7552
4450
-2987
962
4748
6840
5775
5533
1457
9539
3587
4401
-8682
-9001
-6177
2651
-4974
-2164
-9979
9993
706
-972
-8478
-7080
-7287
-6857
8489
-4938
1514
-2414
-4210
-8521
4430
-604
992
-9434
-7334
6191
-7125
4782
7808
5086
5866
1836
-4499
-5319
-1089
-4957
5274
3531
1513
-7721
-3241
1973
-8541
-5125
8716
-7003
-4939
2693
251
2297
-7113
-8896
-3663
8148
-7353
3568
-6301
-4527
8465
7706
3016
8526
-2419
-3486
2812
-2825
-9614
1980
1974
8385
7256
3790
2658
-5393
8055
-179
659
697
2010
3312
-6055
2973
-2103
-6349
-9156
-7697
7279
3572
4685
-3244
8075
4592
5633
6780
3391
2224
2282
-3343
3802
-4752
-823
1953
-893
871
6936
2286
-894
5297
3060
-5332
-255
-9269
1202
2689
-7107
6762
-1750
-5583
4033
-7956
1482
7647
-6007
4716
-8958
2711
6119
8981
-7401
-6496
3655
-6761
8858
-7290
-7885
3946
1737
3669
-1090
8890
-7163
-8027
3066
-7903
8670
-4701
-8965
6053
-5573
-4114
1565
-1961
6190
3203
6083
-6353
-3311
-6436
1683
-6953
-94
-9896
5011
4970
4716
-3290
8377
-721
102
-9061
6779
-2739
-3064
-3552
6767
-3890
-684
7876
8408
2603
5160
4668
-6848
-1349
-3047
-5157
-9455
3503
-7886
-2312
5661
-708
-4062
4600
7405
5204
6887
-5311
-5305
115
-9059
9819
3464
-9344
-3309
1754
-5235
906
-6243
9333
-5902
-3515
2287
-7897
3268
350
6
-3
-6200
-5381
-603
7104
4223
-7382
3402
8464
6039
-1209
664
-3900
2976
-7397
242
3806
-9266
7976
-317
8047
-628
7722
-4265
-2517
3401
-7703
1590
1885
-28
-2839
8506
3033
-7040
-4107
-7727
4485
8023
-9319
-2059
6756
3289
3288
-1133
1242
2996
-6210
-4106
-6798
-3003
-7667
4670
-3243
364
3864
8865
7061
-392
-9153
154
9561
2691
-9612
-5157
2646
-3412
-1404
-3251
1984
-4582
7277
-6744
693
2118
7830
-7276
7890
-3147
-2247
-4633
-7541
9638
-4495
546
3540
-5477
4491
-9940
5799
-8477
-1084
-4047
-3310
-9120
-9675
3950
7315
-749
-5418
3086
-5823
-5943
-2865
8646
-8907
4493
-7115
-5108
-2857
-1282
-1051
-3790
-1923
-6575
2443
6529
-2574
-6522
73
4778
2775
-6067
275
-8872
-4892
-6010
618
-9591
-9157
6935
5907
-6536
7922
3242
-8908
-5949
-788
2809
8305
-3485
5657
-1078
-8465
-8197
-4656
8955
8082
-8353
778
7990
503
-3496
9784
2100
-4503
9124
5709
-5110
-5856
7887
5649
391
260
5749
-5542
-1697
-5965
1800
-8617
4576
2042
2858
9177
7405
6665
-5108
-8515
4905
-9590
-3765
-4204
-5999
5261
-328
2892
-7465
-7384
-1141
-7861
9725
-5889
-4687
-7169
1545
575
5852
9175
7848
-6669
-6656
5224
1624
9416
3304
2190
3798
4357
-9954
7427
9278
4924
6921
-5631
-9136
-8004
-7031
-42
-6575
-2459
-5084
4622
-2603
1461
-2848
7046
867
4889
4327
-5737
3396
5409
2369
-1706
-5354
-3097
-3062
-7130
4956
-2936
-310
-320
-5263
444
9210
-414
549
-5754
-307
1652
7255
-1112
-3076
4932
769
9575
9124
7662
-4391
-5168
-1794
8093
921
3880
6332
2080
-2421
-1570
6173
-7903
8261
-420
-4048
7584
-7540
6857
-7958
-5354
4181
-9422
-7507
1968
6278
-9429
6146
-5304
9997
2224
8552
-4225
5179
-7597
8808
3466
-1830
4578
4248
-7836
608
-6063
-7947
-2018
-3827
8749
-7889
8010
4131
8425
4912
-508
-6278
9115
-7514
9952
-3366
9671
-9344
-4236
7801
-7133
-2606
1892
-939
5174
6933
-4146
-4300
2058
-2643
2977
-666
-5164
-5721
-6999
2030
9942
-5336
550
497
-7096
3785
-480
-1789
4667
4872
-1032
-9034
-9094
6372
-1352
-6790
-1455
-8879
6344
-5605
9096
-4509
9992
124
4941
-5913
6117
-8421
5358
6118
-4395
2890
-8509
-813
-2584
-9888
-3883
-1850
6273
-955
-6286
-1447
991
5235
9825
1725
-8159
7946
1931
4857
-3353
-4200
-132
1468
590
6052
-2585
-746
6912
-9134
8706
-754
7035
9098
-9725
7218
9305
7660
4420
-4515
-5520
-7237
7044
7451
-8925
5177
-833
-244
-5102
-730
734
7841
-3712
-6623
4648
-8088
-7220
8092
8574
-5701
-66
-2598
-3028
2145
-914
3144
4572
-6769
5999
-6671
-3295
5079
-1692
4363
-1835
-3607
-2491
7148
-9192
9727
-9711
611
4602
8297
3756
5752
955
7935
2980
2764
-2062
5278
-9633
3472
-142
-2190
5663
710
305
-668
7086
4699
2490
2533
938
5267
4252
9318
-558
-6338
2218
-3878
-8302
3922
-5543
6998
-5490
6429
8548
-4167
8125
-6137
-7151
-6677
6824
4211
8912
9815
-4587
-4621
6280
4244
-4570
-9112
7681
-7753
1565
-3519
-199
-7060
4670
-9388
-2934
-34
79
-5699
-3668
3058
5687
2168
-2492
6930
1182
-9345
1011
-3398
1011
-5474
7613
810
7627
7758
6451
-5951
-3586
6074
-2336
-4964
2675
-8619
-4380
-2511
-5137
-8800
2354
-4786
1559
-4354
-6340
-1258
-9427
-5975
-7371
-22
2205
2562
8831
-7173
7121
3200
-3504
754
6558
7229
-3627
8610
-6224
6741
-7004
-6469
-3068
757
-778
-8015
8918
5029
4918
-5572
410
3048
6562
-1662
2812
539
-8325
-1653
-3016
-6178
-9380
-6976
6322
868
856
2915
7958
8675
3313
3829
35
3286
-8642
1740
9619
-6672
-4940
-5405
-704
-4114
9825
4838
2445
-1560
-2654
-4174
2196
-8062
-4425
-3925
2965
6998
-5697
5999
1616
9232
9238
-9390
4516
3800
6964
9976
-2331
-5147
-6731
8681
7372
-9589
-1374
5022
2762
2130
6701
7500
-2381
-7207
-7958
-2891
-7697
999
4532
3561
2427
4015
2951
-2465
6560
2303
2188
-1534
6842
-633
8109
-2115
7174
-7655
-4165
-4188
9437
-9466
-1815
-7801
-6190
-5335
1408
7034
-621
3694
8782
-3183
1793
-540
-8683
5885
-2880
9800
-627
-5048
-8668
57
9525
7386
1516
3430
3329
-4648
-7412
-7790
-2217
-7438
2072
-859
1469
-4984
9719
-1802
-2318
-7960
-7738
-8959
-1382
2453
8308
7913
9791
-8761
-164
4914
7468
-6428
-3284
-1375
7666
-8773
-7159
-3457
4266
793
8258
-7687
8910
-3264
-9894
-3017
-1459
-6484
-7620
-1262
-4979
2936
5833
6450
3318
8831
6180
1857
3750
-2481
-3052
7022
-6346
-3926
3933
4631
-3559
-7109
-38
-1358
-6698
-8443
-8504
8475
5939
-5195
1353
-9166
-609
-3601
-6765
-1087
-4949
-5433
-1231
-7687
-1317
-7408
1079
1510
-2565
-3785
786
7511
1757
9965
-9434
-7334
6316
2554
8896
-3395
6216
9225
9587
7471
1045
6849
9197
-563
-2651
9126
-210
-434
-7520
8840
-9615
2492
5473
-2689
-7106
7113
-5851
-8415
5431
2794
-553
7200
-8215
2162
9084
-8365
9698
6708
-1706
-6633
-961
-1360
-8646
9554
5807
-2891
5233
-9203
-4361
3846
2140
2239
5407
6863
-4425
4583
9004
8920
-3615
4904
-706
7889
-698
-562
6256
-9481
-5099
4400
-247
7676
4077
-1637
2060
-9320
9986
-3302
8122
-4472
-2639
1284
3866
3397
389
-8940
-2450
2569
7310
7376
-6851
5171
-3690
-3357
3850
-5219
-4559
-3215
8152
-116
-9611
-5587
8970
2503
-8653
-6466
-298
9717
923
-613
-6440
5205
8580
3978
-7144
4971
-2300
-3967
-6704
-3350
-6770
-4271
7261
9754
-13
5008
8958
6950
2697
610
6740
-6515
7995
-3709
5154
-9906
-6004
2967
-5956
-3508
-8208
-9696
6025
6792
-7932
-2458
-5407
-3511
9617
969
-409
7045
-6818
141
-7632
5933
7208
-5826
-3907
9361
6887
-9703
-3639
3872
-9049
5384
-6562
3724
551
5466
-8308
-3935
1657
-3480
2077
5633
6237
-3109
-9260
2596
2248
-2023
-3662
3596
-9642
-9545
-9922
-5591
6452
5690
-4141
3291
5455
-9457
-507
1705
9678
-5769
-9594
-9426
-2840
-3409
7303
2792
4071
1574
-9278
-3949
-4563
1873
-47
3564
46
-3769
-630
2700
3686
4275
-5545
-5178
-6005
-1543
-8590
-8301
-6709
5891
3568
8387
-9315
8819
-6372
-2312
5319
-1448
2401
-9328
-4504
9896
-5247
-3931
-7137
-8502
-6633
2618
7544
-9905
-6192
92
-2827
9677
5406
2846
-7132
8201
8775
6989
-6472
-9479
-4003
-4720
3295
4492
5091
9530
-546
7262
-3493
-9427
-1667
9987
4279
-9797
-5284
245
-6443
4854
5243
8320
-1179
4808
-4398
-9449
-9705
6308
9931
6090
-3074
-4805
-4898
-8588
-25
-2428
-2639
3603
4477
9903
7166
6584
-6692
7722
-389
8461
4287
-658
-7907
-9301
691
1372
2717
-2188
-3336
9763
1249
-2279
-5726
-1941
-8950
-7678
-6731
6812
-9713
3395
6391
-3405
9125
4634
4554
7013
955
-6519
-9879
7606
-2226
9865
7930
-308
-3396
-2596
-5702
7646
-2064
7231
-3481
7432
1821
-2983
7388
-4411
7474
9204
1736
-3349
1454
8941
-7784
6773
1191
-6382
-6078
1864
-8548
7603
8692
6542
-2516
7006
964
8497
-1744
1408
-9553
-5456
2
738
-1118
6353
-5490
-4495
7640
-2150
-9230
-4428
-2413
-6561
-6576
8738
-1773
-3981
-7274
-3980
4585
-2847
-5866
-5481
3175
2334
5749
3199
-4203
5022
4359
-8634
-305
1638
7625
8854
-4853
7049
-4215
2015
-3019
-4236
-2996
-3646
5139
-1377
-4685
-9953
-4260
-3553
-7201
-8218
-1624
977
5828
3691
3432
3931
-5853
9434
1248
-5561
-3904
-270
5870
3479
-7107
-707
-9002
1321
7682
6836
9780
1526
1261
6978
2776
-4745
-7305
-980
-8651
-890
-3940
737
6058
-3184
5920
-3753
9591
8215
-7587
6333
6038
3401
-808
-2028
-6080
8005
3906
3154
-1177
-908
6347
-1160
-7466
7469
254
-2042
-3540
-6247
7234
-4612
6073
-5074
1338
1290
9879
-1670
-6922
660
-9231
-271
-2040
8425
-386
-2109
-2328
589
-9289
3988
7314
-8425
9766
8238
-4320
9242
4316
-9714
7415
5034
4747
3764
7357
-137
15
-1329
9034
-3316
5708
-7412
-3022
-3567
-3975
6617
6039
-8778
8240
8196
4439
-1524
4947
1865
6235
8122
1171
4574
7598
-6789
-4752
-7346
-1713
-8887
-2703
1209
-9749
-5525
-6976
2200
1634
-6387
1691
-4657
-2847
9610
287
-6553
4821
-2914
9705
-9292
3222
1353
-4110
-3454
-750
2644
-7852
2258
-6461
-6763
5478
584
7456
8746
2331
5192
-5932
-5594
5096
842
-9238
-832
3285
1866
7180
-4570
1797
7580
-2226
-8983
5595
8948
5692
-348
-5113
-2341
-5071
5326
63
4332
5349
4573
8123
-8161
1470
9852
4809
-3533
7976
7952
5693
-2392
7811
-9819
-975
8267
2233
3252
-5859
-149
248
7436
5999
-8830
-9014
7595
-340
6669
-5906
-3565
1424
2137
-4395
-9845
-3051
8955
-3559
9200
6948
2696
9662
-6026
7540
-9213
-2245
3543
1991
6427
5642
-9575
-8856
-614
6372
-8080
7830
8
180
-9848
-1791
-3075
-2171
-1009
-5935
-4265
-6048
-1151
-5263
5887
-4775
8545
-4005
-7473
6479
-5832
4915
9616
-2189
-1998
2198
4274
1907
9967
9780
-6711
-4253
4879
5115
-7941
843
106
-4547
-6877
-9922
-3144
-819
-1717
4035
2057
-4099
-3525
-1121
4797
8815
-4247
731
2143
-4094
1597
5802
3367
-1588
-2180
9021
2020
-1298
4626
-5982
1784
138
-5785
-4150
-2289
-9003
6194
-4709
-7121
-5123
-1386
-8532
6677
-7182
-4963
6411
-3515
-7460
4293
-9612
-9418
-963
4489
-5301
9016
-5537
2594
-9367
9188
-1271
-8282
-616
-6379
9619
-6284
-6969
-9755
288
-2115
8048
3102
5108
4895
9656
8913
4366
7022
-6780
5366
4917
-5222
-9058
-2236
-1939
1913
-1839
-3235
-9827
-1493
593
3011
3655
3254
-5584
749
-1481
-3811
-6480
7973
-5219
-2213
-7624
8101
4697
5433
2853
8691
9900
-9499
8637
6183
-4051
9997
6437
7839
4598
-1092
-9190
8200
3568
9332
723
85
7721
-5392
2145
-8433
9915
7625
5804
1746
1156
9009
-4280
3452
3749
4812
-5698
7023
-4335
-1680
3798
2241
-6528
-4924
-9823
348
-7042
1149
28
2582
-2592
4826
-6095
9890
7208
4495
8497
-4087
5672
7341
6078
-754
9693
-1236
8446
706
4364
-9872
-3252
6554
300
6192
3881
4933
-5500
2175
5111
-6698
-3244
4189
2414
-2436
-6334
3769
914
1513
8900
-4873
-2381
4678
2260
-747
-9942
-678
-2110
-8414
991
4150
2138
-1342
-1117
2552
8668
1110
-1476
-24
-1434
9911
3938
-8228
-6495
6251
-3018
4181
8338
-7063
2105
5810
-830
5198
9968
-2922
-7114
-2115
5188
-5382
-8654
8284
-335
6411
-898
-8004
-3391
7702
-489
9060
4721
-6785
289
-9593
-6890
-3426
8090
-1850
3166
636
-8402
8662
-9601
8079
-3070
1542
-6095
3223
4365
-6353
4551
8334
-6595
9105
1477
7795
-2916
-4851
-6509
2608
-7176
-6997
9886
-8732
3796
3805
9616
6469
-5940
-4579
-7459
5630
7203
-4843
-9478
-628
8540
3518
-2724
-9152
-7955
3977
448
-775
-2829
9394
9283
3904
-4475
-1999
7850
-1991
-3233
-6463
-1109
60
3162
-1274
-3229
-145
8431
-4203
-7507
-704
1999
-615
-5158
-2909
-3902
-8859
2183
6217
6743
1765
-7154
738
4695
-6099
1231
2983
1544
-7703
-1609
4678
4443
-1563
3844
-9837
2421
2440
1499
-4885
8317
-1673
-3977
-8932
-7874
-4588
-1576
5807
3269
5404
5963
3326
-2707
-1653
-7547
-7083
63
-9870
-2441
-2185
-5541
-2327
9191
-6022
-7070
-3802
-5254
-2056
-8560
-820
-4172
9822
6653
3304
9484
676
-2462
4557
-9114
6
9096
8604
3811
8540
9002
-932
-2138
7505
7380
8285
-5378
2296
-7185
-2926
6205
-3843
9644
-2408
1347
-6341
8652
-3218
8250
129
-8241
-3131
7944
9053
7163
7231
-6528
-1334
-2227
-2121
-2579
-3263
4136
-1244
3809
-2980
-5695
-7283
-7340
-7566
4924
5795
-5170
1758
3892
-8241
2565
-3431
-5800
1938
-3490
3610
-4915
7669
-1133
-5388
4371
8813
-3566
-6415
2479
-3762
6672
-5831
5153
6330
-8350
8136
8403
-9213
-8948
-9456
8646
3810
4345
-982
-1588
7044
3035
7593
-8077
-3691
-9130
-4350
-1707
-4877
-1423
-8442
-723
911
5061
9837
4178
8561
-6302
-6079
7512
7039
-6948
5736
-9632
5142
8522
-3627
-4336
-8753
-8639
-8606
746
-5140
8962
-6458
8168
1942
-12
-7194
-3136
-1011
977
7967
6216
-6805
7622
-1316
-379
-3534
-9971
-7313
3501
9000
-7994
4136
-7200
-9222
-1989
590
787
5612
-9191
-4147
-4691
-174
7632
-829
-7271
4453
-8438
1729
4965
6072
-5123
113
9970
9479
9519
4041
-595
-528
-9548
7290
-7615
-5004
-908
7483
-8425
-6963
1011
6290
4825
-5377
3221
5664
-8825
-999
8373
-8001
6084
4015
6129
-6982
-2784
1960
-6856
9781
4836
-1040
3302
-4004
9973
-578
-6831
1647
-9186
-2866
9104
-4641
1297
9816
-4590
7662
4297
1055
-4013
-8636
-712
8004
7381
6996
-1895
-676
2387
-4908
4295
8623
-9758
9325
-6189
-2478
2016
6876
6784
-7527
3780
7320
-7251
2944
-2924
-7344
5115
6288
-827
8801
5819
4974
-9628
-9547
1377
7463
-7333
179
-4281
692
-8651
-8169
6460
-9903
7572
-9888
-1629
892
2966
2815
2192
2605
6850
7461
5735
-7230
-1297
-4720
9445
8031
-3922
8265
-152
-3553
-2470
-1727
-1018
7729
8630
-424
-2230
9682
4717
2462
-5673
-8614
7968
260
7078
-7373
-2357
-4331
5418
1087
-8691
4107
-8852
-5778
2078
9923
5335
-3139
-4176
7487
-4553
-3733
139
-3737
-3368
-5599
-6715
-5706
7805
7821
7648
-4547
8707
1807
-4039
7902
2316
-5254
9868
7820
9341
6964
4696
-5700
-8994
-3215
-7363
6647
-7493
219
-3039
2325
5442
1397
9784
-9023
-2768
125
-1430
8439
1460
2391
-763
4107
-8701
-6862
4308
9943
2068
-2211
3387
-7145
-3897
-9832
-6760
3765
-7536
-1012
8281
7481
4983
8601
8033
-7166
1079
-2172
-3698
4652
-4104
6893
-6314
3267
-7962
-4708
9719
913
1198
3595
1822
-6039
-3769
1039
6689
-9384
-2389
-5827
-2935
731
-6147
7179
942
-6257
837
6818
-9776
2394
-7585
1634
-3074
8937
-3583
2331
-5441
9319
-191
-9911
3766
-9168
1304
5290
534
1965
6007
7600
5963
5907
-2628
-5699
5670
-8054
-519
334
7832
-6282
6941
-11
-360
451
-4688
9317
9206
-9665
-4814
-5755
-3799
-6636
-5308
3821
-2548
7951
-7620
-1945
-1773
543
-1668
7264
-8125
-1505
-6876
-574
-2126
4886
-8207
-4953
-2837
-2992
-1283
-3189
953
8512
9396
9057
3446
-9395
-8382
2629
-3264
-3881
-2221
5725
684
9860
-9421
-5379
5190
-8490
7540
-971
3699
-7101
-4747
6941
9694
-8574
-4237
2
911
-3695
-383
-1328
9854
3661
7628
3868
-1956
9343
5025
2333
-4528
6766
6387
7916
8504
4786
1373
4193
8856
6210
1652
-3909
-832
-2020
8283
9572
2940
-4875
9498
5634
-5809
2245
992
6163
-7639
3537
-6293
-5253
-1172
-2286
4971
-5858
6902
-997
-8046
6750
-4094
5185
-6570
662
-8895
-1132
-1319
-4894
7169
-9297
1579
-6613
6221
6393
3659
8534
-2333
-6046
5748
-7527
-4017
6799
1874
3702
-950
-4658
-1500
-8869
2977
2040
760
-4103
4326
3052
2869
-67
5472
9360
7544
6384
-7161
-8486
5079
6463
4031
5912
-4122
1849
-6558
6557
6951
-51
-9279
339
-5613
5409
-7692
-9539
7860
-6500
-422
-3291
-7500
2322
-7782
-6624
6835
3241
-7925
-3114
4073
-9166
-3951
5325
-1173
-9816
-567
5706
4362
-5567
-4613
8332
-1663
2691
-1222
-6368
534
2223
4487
-3410
8824
5338
4660
-9661
-9035
515
-4224
-5848
2906
-8568
-1868
3027
-6003
1842
-2310
-6824
9963
-6074
-9859
6539
-4456
1376
-6484
2758
-3526
-126
3796
-3596
-8018
6804
5000
-6617
-4824
-7262
-3555
-1874
-4356
-5145
-3539
9405
6471
1598
8977
428
-2053
1515
-5686
-6759
-2198
1126
-1661
4366
-3989
-5111
7976
18
-1874
-8601
-8841
-6589
2085
9090
-8869
1285
3534
-7199
7944
1236
-3148
378
1319
-2027
8824
3043
1142
7522
-6199
3721
-8521
-5960
2042
195
2356
3977
6882
3033
5730
-3697
2429
-9266
-3235
2153
1130
-4878
1580
9114
-1796
-9401
-2907
9843
-7157
-259
6714
6596
3056
5464
1373
3761
-4363
953
-8152
1844
3187
-4098
-5065
-9297
8487
3871
4090
6104
7363
1270
-8549
-8593
-6518
-4484
-1944
5966
966
9684
4594
2541
-3607
1713
928
8870
-5877
-6161
-9296
-811
-8926
6985
-2276
7844
-2158
-9129
-9906
6667
-1154
-9445
-9810
4867
2733
7217
6788
3654
-2526
3610
8426
-9891
-6244
600
3911
-6115
5849
-5591
8533
2276
-1911
-5819
947
-5862
7340
-4864
3295
-236
-5227
-581
4171
-9678
321
-5700
-1584
-7823
9000
7865
-3061
678
-7543
-6933
-3794
-6785
8804
2273
-69
-9742
1975
-5698
-6530
-1892
8067
-2589
4175
-7799
-8278
1384
9789
6336
-5335
3612
6534
-6879
-8572
3938
6146
8258
5736
-142
-2022
-9882
1092
9026
2548
-8652
5633
1685
7333
3199
9883
-6515
-3863
2196
-6792
1693
4960
-6340
-8793
6991
4769
6492
2893
-8269
528
2649
6282
4114
7577
1397
982
2917
-2733
2459
-2673
-1300
503
9496
4379
-2920
8538
-2575
5744
9432
-9712
4832
8796
-5853
-8202
-3511
-499
3320
-503
-5351
-6030
2637
-6166
-2983
8769
2574
-1658
-6336
-2771
111
-7548
8169
1972
3313
-5040
4510
-7593
753
-8282
903
-1321
8900
7171
1764
9482
-3111
-4592
-7995
-4731
-9836
534
-6431
-1273
1065
2852
-1171
6138
7075
-1825
1389
4993
9585
6104
4064
3981
6055
7974
7575
8619
9199
3122
-8444
-3968
683
9162
-3524
-9105
-1663
4559
-8462
6195
4819
3109
7083
-3366
3324
2829
1651
-5328
-6453
-4283
-2802
-313
-5120
-8053
-2943
-280
2417
769
1132
-1296
5412
-1817
-7301
4007
-3591
-8270
8887
8128
-9740
-6487
9710
7375
-1361
-237
8767
1458
-8183
-9493
-651
-8715
4994
-8598
1692
-6382
5126
1632
-4903
-65
1806
-7579
-7430
1795
-7397
-8898
-2932
-3790
-9037
-5557
-8368
-5015
24
-8862
-3981
-4941
1417
810
-9647
1394
-5261
-5165
839
5963
1465
-5727
-1197
-1553
2885
9521
-3710
4097
4392
-8057
-6951
-1235
-240
-9630
-9539
-6148
-8812
301
-5847
6638
-1851
-5392
8801
2783
6690
-2521
-8577
8552
-5828
7158
1553
3227
7752
-6121
-2942
1427
9736
5490
5786
-7158
-7558
-4808
-7110
-7370
3987
5489
-9932
-5611
-7954
8636
5021
7137
4679
-310
-4310
4026
6163
6454
-3359
-2934
-8856
123
735
668
-7994
-9077
9573
-9220
2222
-5649
-204
4805
-9372
6125
691
-5010
-6661
9144
4234
6015
4337
5076
6670
9214
1793
8672
5080
-9404
-6704
1102
1460
-1428
3140
-309
783
3606
6728
-2695
5675
2656
-1387
8960
-6679
-9428
3920
-9677
-4205
6098
-187
8935
1208
-8252
2116
-5948
1586
5775
3141
8999
9536
838
-2764
608
-3246
-6094
-1858
8836
-1532
-5396
-6179
-275
-4487
3723
9275
3928
-8657
-6938
-204
4507
8790
5198
-1231
8565
64
-2773
1109
7235
-3881
-1709
3820
9886
5177
2065
-4117
1503
1457
978
-7400
4487
1276
2546
-5031
-3218
-5926
-4316
-7251
-7769
5568
5368
-4553
-6173
8119
4804
-1664
8397
-358
-7245
9114
-9150
1952
-2900
-3725
3440
3264
4946
3318
8858
1899
-3431
-271
-5231
-8814
2987
-9032
-4144
-868
-4996
-3056
1934
8256
-5957
-4241
3848
2771
9441
5020
7020
-6314
7753
-3489
9061
5602
-241
-9889
-8254
2019
-6870
3928
4695
8275
8445
-2826
-1514
-5974
6296
1559
5681
-2814
9123
255
-9576
-5320
6042
-5917
3216
-944
-2160
7201
-1287
313
-9814
-9540
4977
355
-9214
2562
3552
5261
8269
4018
5844
2307
8210
4820
-3778
-4268
-9993
-7553
1201
8658
-8572
-7219
4061
169
-8484
-5510
-4864
7656
-2826
3183
-337
-4346
-265
495
6401
1212
6541
4306
3683
4173
7940
-9314
5485
14
86
-9801
7608
2816
929
1004
-3308
3033
-123
-8156
-3668
-1401
-2232
-2115
-898
2497
5231
-5899
3622
-4253
4134
-3466
1415
3978
-9631
-960
2506
184
-121
-7799
5799
-9783
3140
-567
-7476
-3118
8357
-1391
-6166
9831
-9169
-7709
5633
798
5731
-1119
644
-8291
-7496
4475
5801
-6094
9769
6939
-6664
2462
5056
-1893
500
9587
-4577
9777
9302
-2451
4325
-4911
207
4176
6004
2598
-5556
6933
-6175
-2019
-9538
-3054
6848
-9601
7465
-2553
2983
-5463
-5595
6207
2840
-3173
-7313
9476
2869
9838
-2751
3652
3879
7250
-4127
744
7517
5933
-5706
7333
5274
8080
5176
-744
9864
-7604
4844
5253
-8976
-2703
-4281
2718
3475
-7087
7005
-1133
-5835
-8280
4369
-2223
-869
8748
-9859
-5169
8150
-9253
7362
-5819
-2795
-2622
6482
6852
-5665
-4705
9158
7512
-4027
-7060
-4050
8952
5208
328
5010
-1805
9176
-8060
-8441
4903
7538
6503
-198
2523
2766
2155
-2779
8807
1961
-4867
9541
6448
7671
6686
284
-3621
-9931
1901
-161
-9196
-9215
2252
1239
-8135
-6965
-3687
8928
-9495
-2439
8924
-6738
6775
7283
6376
-6734
-1114
6616
-3233
9608
7945
1807
4069
-4621
4335
803
-4555
4977
1457
3011
1036
-1905
1934
-5051
-6402
2248
3407
-111
7817
278
-5532
-1493
4029
8801
-6895
-9398
-9455
-9784
-6869
-2825
-3238
-1477
3454
5671
9512
8106
-4985
2719
257
-1925
-7971
-961
9403
7420
6301
8356
997
8267
-1467
-9757
-1196
7829
2814
7764
-5762
872
-1899
-6892
3062
5725
-7083
-4045
-8309
4105
9249
6864
6314
-5291
-9738
715
-2366
-5355
8849
-1633
6634
2522
5327
5661
-1431
-1533
-7718
1257
5815
-6103
-5832
-8302
-7163
4205
-1167
1700
8775
-5734
-3466
-3345
-8495
-7599
-3996
-6729
-1091
425
-1436
-5603
835
924
-5376
643
-9855
9924
-6168
3096
2067
-3955
-1412
-1504
-8189
2487
-6859
-1318
2663
5506
3762
-8991
-9419
3607
-7889
-8093
-4543
-2831
-6582
8327
2636
-1894
-5017
-736
-6787
9810
-7753
-4549
2934
1101
3343
-9039
7453
-912
-7203
191
7583
-329
1376
2760
-6052
-6046
-4607
570
4915
-2021
-3257
3101
9855
-7492
9858
-9995
-2410
-9058
-4749
-5461
2283
6594
-9305
-8856
-8792
-5558
9032
-1067
9793
-185
-6176
3052
-3527
3060
-8227
5654
4069
-8215
3191
-2452
4947
2167
9357
-6528
-1788
5521
2477
8626
-8968
-1820
9115
9201
9255
3903
6681
4690
-9433
-1446
7741
9123
-7953
-4051
-5026
2959
8862
-301
9953
847
4009
7964
-9999
8469
-5736
1349
1795
8777
-1501
2990
4936
-2707
-5503
-4220
-615
-5134
4136
-3195
-649
-9598
3474
8776
4529
1635
9210
-7892
-956
6624
1107
4362
1710
-8320
3677
-5790
2536
-6414
7129
-7820
-6696
4306
6061
-2911
2843
6569
-7705
-1547
4097
9945
2563
6637
-4649
2279
-2563
-7395
1759
-2751
2701
-3138
7122
-289
270
-1720
1201
2199
-4717
-3376
-9213
7073
7339
-3190
-9128
-2467
-2933
-3396
-4948
3204
-6653
-2982
7579
1347
-878
-785
3768
9442
-8548
1002
6725
-2323
-1594
3921
4765
-4753
-2833
7110
-3050
-7664
-9140
1380
-9290
6732
5621
-4391
-17
-1055
-2012
-4371
-9447
3159
241
5365
-8360
-8749
1604
-6254
551
2187
-8537
-7382
-7576
-916
-9109
-7725
-5614
2067
-3542
3844
-8692
-7130
-8858
2761
-8357
9498
-6647
7500
820
3963
9702
9256
3619
7577
7188
8039
-7153
7776
-6583
-5231
-6897
5291
7987
-3645
-4258
-5701
-4319
1893
-4107
-8599
3884
-6997
-5543
1098
95
7340
8114
-3625
-9430
7353
-6830
2480
7758
6706
-1556
-4685
909
-8305
-9119
1933
-807
-3806
-1832
-2657
-3866
-8515
-7980
-1421
-9479
-2687
543
-3313
1528
-4676
-5707
-454
-5831
-5467
-5891
2184
6667
-1651
-229
2474
-7893
-1914
6059
-730
-9389
-35
3402
3216
8324
-3450
-4380
-7678
-7784
-6207
-4334
3251
5114
799
9492
-5947
-9394
8042
-2812
8956
9488
-5729
-8060
1732
9092
9641
1565
1987
-1379
6656
-6655
7778
-3243
9245
-5754
4652
3191
7047
9270
-7353
-1237
-8665
-4136
-8526
-6327
4573
7168
-5667
9273
-372
5757
-5630
-398
2631
5115
4990
9309
8326
72
1625
3961
-9071
-8241
-7720
3745
-8475
-2931
-7735
7366
-6782
-8295
-4330
-1678
-2495
2737
5518
-1651
-7864
-2838
-5974
-6442
7909
1380
1952
4773
3943
-7541
3044
-2125
9571
-7100
6187
8229
1300
9804
-2053
7938
7311
3204
8397
7804
-9920
6803
-1162
-4028
581
8183
9566
-5387
4987
2350
-9324
4613
572
1293
-8271
-6052
6492
-867
-7196
-1001
1851
9542
7885
-7741
386
7738
4062
6450
8722
-3088
8068
-9211
-6530
-8125
837
-9593
-8938
8306
7480
1563
1018
-3461
-3482
-6103
-8393
-1330
-1404
-1335
134
-6934
9663
4401
8384
9191
-2798
-6996
-2624
809
3634
-8876
-3330
4538
6233
5262
8479
-9900
-5657
4296
-5398
-654
3623
3435
-5908
8664
4746
-6991
3461
3135
-8546
7813
5951
-6991
7187
-8156
-7434
-318
8527
-4322
-8468
-9186
1488
-3706
-6994
5524
-2066
-4700
-8894
-1115
1697
6991
9166
5870
1249
4002
-3336
4988
7515
-7112
7662
8333
-5010
-6754
-444
1538
7916
-4124
8113
-7435
-480
-443
-1512
-1982
3618
6541
-8667
2371
-7017
-5163
-1461
4144
-4579
7447
-2623
-8914
-6511
329
-4923
-4364
-9090
7512
-9307
-2712
-3536
-6886
-5460
1575
3136
-262
-6692
104
-2984
-428
-5633
2424
2034
4193
-2205
-2907
6694
-1657
-7837
-9253
-3584
5237
-1168
3407
-4498
-222
2277
-4206
5845
-8978
-2141
-9536
-2344
-8119
5310
2798
9518
1859
6025
-6530
5379
-2457
3350
-9852
1319
4279
6693
-8804
-4340
-7477
-112
-2384
-1798
5596
-4405
9103
-9629
3877
-4599
3330
281
-3520
-8778
5642
-6582
-503
7815
2522
-7194
8078
-9856
2886
-6661
-83
6251
4038
1085
9647
2197
4883
-7827
-7212
-4669
-5333
-5060
7834
6760
-8500
6290
-6300
-3494
8267
-3887
7234
2862
1289
-4319
-4787
-3118
3685
-4379
9226
2585
1929
-2686
2918
-4246
-7512
619
-2807
-5511
7169
4536
-5083
7781
5815
-4817
-8485
7871
8736
-2993
5846
-9888
4542
9119
-3761
8721
158
9985
-2027
-3664
-8546
-516
7116
-6895
8655
8361
-4627
8139
9596
7321
-9185
6635
-9309
-7011
-9532
-3596
-1127
-3535
7424
-8307
5317
4857
-92
1995
6003
4411
-9765
-4714
373
-7086
-8519
-7867
9956
-3106
-5098
-7983
2101
7766
-7594
9208
4627
5879
-987
-891
2596
7319
6401
-7075
4468
-8219
-9593
-9004
3652
-1791
5687
-2780
-628
-9527
-8199
-1115
-1368
-2899
-3452
7924
1923
2694
5489
630
-5303
-6424
4717
6828
5278
-6119
6804
6955
-8905
1303
8492
7085
-4394
-8916
1848
5580
-6082
1010
7499
-6101
6812
6005
6870
-7930
-9189
5561
8885
4760
-9257
1626
-2008
-5283
7548
-5399
-7864
6111
5786
3037
2054
-5521
-6443
-4629
-1839
5499
-5375
5956
7582
-9407
3192
-5632
-8219
-6769
4288
3003
2945
4543
-3073
-8990
3067
-9243
-5122
5606
-1486
-5311
7759
5799
-1448
6136
8601
-2231
-9422
-7974
-5134
-5431
3102
7082
-3159
2524
8212
6847
-1907
426
3246
5695
1206
-6776
-6521
3772
-1068
-7120
4789
7003
8911
-7593
-1167
7886
-5701
-923
-5523
1303
386
-9337
4212
8756
4110
-1212
-9924
9241
-4215
-7716
9539
9694
-3487
5565
6718
714
-2319
-2177
9866
4763
-5471
6258
7831
4827
4288
6917
-3436
4666
-5059
-3844
-8679
7219
-3610
-9141
-5656
9205
1084
9408
-853
1046
-8183
-1405
-2148
9882
-6044
-8549
-4440
-6049
3882
-9350
1906
8442
5335
-9579
-8707
4492
-2413
862
-9519
-3951
-6007
8623
3405
7552
-4839
-5319
-6216
-6156
6133
-4891
4236
-9233
1156
8561
5330
-6473
383
3938
8231
5349
2064
6769
8900
-440
1609
-9921
-6959
-3348
-3764
-9015
5870
1239
-4173
2347
-6440
-7102
-2482
2434
-841
1289
8093
8942
-1123
8138
-2388
-8468
-857
-9065
-5528
6606
-3650
7020
-3679
572
9735
-5129
1835
-7569
-1491
6954
995
4990
-4141
9999
-6460
4289
-358
7849
2414
3338
339
1512
1625
-2098
9473
5570
-3073
-87
-2317
-453
4770
894
-5383
-2454
-4748
2616
5367
-5929
-3602
-9099
-339
6745
4704
-6040
-9357
454
-6038
-9372
-1383
3056
3978
4909
-5850
-6966
7382
-7030
-2210
-3434
6036
8378
-9841
7768
-2308
-5739
-1095
-4216
2823
1044
7928
-3749
8533
-4637
-533
-4345
1043
-4262
-6856
3489
3758
-3994
-6336
-587
-224
6178
6647
4820
-757
-6544
807
-84
-7013
2228
-1285
-523
-8129
-9528
8542
-3360
-2600
746
3569
9202
8054
6199
-3540
-7322
-1508
1118
-1638
-9089
-4133
699
-9911
6214
7791
-3526
-9679
2047
-2189
7281
-3258
5223
-536
-9973
-1493
6931
-7542
4871
8609
864
-6234
-6719
-9855
529
-2201
8917
-7860
7136
7481
7379
2447
-2263
288
-8192
-4435
7465
1520
-6230
-255
7185
-1754
4355
2577
3962
2278
5581
-5832
2796
8613
-5118
-4168
-221
2685
5105
4987
4007
9768
1915
3488
6944
-6193
1399
-9017
9415
8990
-8072
1272
7150
3264
9724
5300
-2997
4499
5838
-8586
2987
-9488
-3043
9030
-5083
-8785
-8561
6750
-6161
4959
-8029
5526
-3572
-7733
4510
-3795
-2417
4875
-8111
-4820
-6589
-4260
-8538
-5372
-7778
-830
5434
-2852
2435
-7465
-4466
8519
-9581
-4746
-9713
9826
3939
-9124
-6852
812
-9004
6558
-4335
-850
157
-776
4084
4818
-1170
9933
8442
1470
-6851
7423
-6006
9572
-4158
-6822
-5236
-1909
1201
6516
933
4922
-6604
4780
6250
3913
-3918
-1815
-3915
1911
811
-9576
-6664
6955
1207
-8048
-7718
4439
-4148
1991
157
3602
6997
5340
9425
7329
7475
785
-1805
8522
-3019
4085
-3344
633
-1185
-3314
7682
-6350
-605
5234
9082
5008
7214
-4035
-3926
3570
-9792
-9073
6203
-147
-1933
2917
-748
7995
2963
3726
3720
103
8431
7751
-1327
-3538
-7578
-3532
-9653
-4077
3362
7995
-1059
-395
9686
7660
-1890
-8257
6065
8156
1142
-7449
1349
-2313
-4290
8211
-9521
-6759
-6229
-1861
7320
9704
-6676
-3314
9030
2339
-861
-6525
2541
7153
-6377
-9898
-7357
-4135
6067
2447
-3022
4357
750
6717
3828
7073
2365
-3677
3701
-4532
3999
931
-1266
5947
4353
-1749
6136
7086
1033
-4640
-2797
-8874
-9614
5562
8593
-8380
6842
-1546
1494
-6578
5738
-9464
621
702
5313
-5872
-5645
-5944
-4188
3370
8032
6151
5341
4253
1614
9007
1141
-4914
3747
-8916
2679
944
-5177
321
-2747
-1117
8448
-4280
761
8052
3178
-8958
1346
-2883
8394
5873
-4930
-7626
-8944
918
-1335
5035
-7439
-1248
-5864
-5000
8681
4218
-7935
-379
-9921
9825
1334
1685
8439
-4518
-6918
-3840
1605
-787
4869
-2214
1783
6395
8982
796
2215
-7924
-9293
-9703
-9960
9996
9793
-8818
-7052
-7705
2640
-5614
7251
-9533
7208
-8011
-3586
-5909
8341
7957
7053
-8430
-1580
-5428
7823
4069
2584
6811
5435
-3928
1864
5200
-1236
3458
-2940
-4942
7197
-4768
8609
-9267
-7492
-4625
-6919
7959
6155
-9545
8333
-6287
-6623
-7194
-667
9384
-1153
1849
7503
-478
3124
7155
-7344
2969
-2368
-4224
-2532
-122
-9930
1050
-7832
-4563
-2018
-5752
6617
-29
1372
-6479
7733
4290
5542
4707
6742
1321
-8989
1007
933
-4930
2113
-7550
9880
-1637
-5600
8464
5675
5183
-4330
-5084
-8366
-3497
1353
633
9372
-5208
-7025
-7104
-5635
5984
-7209
5971
262
174
-8704
4223
1544
3089
-5175
-4082
6483
2490
-33
746
8374
5687
4595
544
3922
-5659
-633
494
-949
-7290
4889
-5082
8121
-4917
9622
4463
-4426
-4387
4080
78
6998
6867
2662
-7099
-1307
9313
-8052
9890
-7745
2228
-5352
-333
1546
-1603
-6759
-5885
3725
8222
1976
-529
-1489
1791
-856
7527
62
7398
-6510
-6046
5841
-1538
3215
8466
788
-7694
-3492
2717
6072
-5773
-4633
-2534
-7269
6042
9810
-8053
-2636
-1824
-7238
6045
-7266
9731
8526
7899
9325
99
-1501
4210
-5789
-6570
4622
-8571
8934
-7545
3816
7952
6085
-7090
-4798
2962
-6654
6374
-8093
-7527
-6001
-6517
5689
2573
-5779
-7652
-3118
3308
9692
-2995
3402
-6943
-8985
8270
9824
-3539
-438
7086
-192
2053
-8719
8850
-9176
3714
-4153
-6178
-6938
-4489
6603
5891
-3725
-7708
-9662
-4286
3005
-5413
-783
-1459
-9817
-8151
7225
934
-2225
-6934
7739
5277
4043
822
8607
-9912
-9902
9041
5938
-3364
-2366
-9941
5140
-6089
-5532
-4341
3136
948
6021
-1331
8049
3041
3122
-611
-1341
-3721
-598
-5615
-8296
-8925
2065
-4450
-8646
6781
2842
-2887
5321
3283
-285
6378
-4025
-6510
-7352
7628
2059
-7505
7603
7686
1505
-6681
-9871
-1527
7961
-2654
-4439
-7750
1927
-410
-9864
-7960
-8418
9071
-928
2903
-8358
4461
-8044
5122
1319
-3307
-5784
-364
-7507
-7104
-4774
3429
2251
-8088
-2722
-5964
6856
5185
1855
8787
22
1441
-9008
-3566
-6451
2569
615
2013
6002
7498
-2732
-3883
5119
-907
9153
-4352
8940
5486
4805
-1955
6020
8803
-285
8176
-7926
3284
-2641
2000
-8350
-7366
1747
-1368
-5820
-8512
8421
497
-3107
1133
7894
6198
-9363
8674
9892
-4282
-5732
-7043
5443
-9765
-252
1184
9615
-6502
9861
-333
3595
-6302
4001
1004
519
6346
9889
7564
3590
4503
-8663
-2536
-2772
-2462
-2941
-1378
2510
3612
9802
-1274
4667
-1308
-7265
340
9781
-484
-9280
6422
8997
-6762
-5001
-6412
876
2449
3002
7040
-2623
1094
-9556
-8695
7750
6792
7596
-5234
902
8058
2687
-9866
1691
5031
2138
5727
3912
8479
8068
3232
-338
5093
-7528
3321
8373
5359
-313
-7059
2003
-2536
-121
-4229
8514
6985
-7902
2017
1914
1228
4616
-3558
6003
-6632
-8529
8038
-5490
5584
-6494
-3256
-4728
8673
-4116
2231
-8809
7083
2611
-7095
3005
5986
-1719
4237
3530
-2538
9089
1651
-2034
-6648
-2464
-5396
-7609
-3399
313
5854
6719
9423
-3101
6637
4258
9665
4950
9014
4631
5170
-236
-7923
7712
5825
-8852
6041
70
-8522
-6607
-6981
-3431
