14680
829
7824
-6421
6645
-5303
9917
-1151
4513
-2976
7238
-3185
-8701
2215
-5874
-6633
-2202
1043
-6678
2726
9416
-7253
917
4668
9396
7717
7397
2357
-4065
-6165
-1845
-8892
-6196
457
3258
4316
-5618
-9808
6800
-3229
-2005
9622
-3777
-9552
5880
7689
-9619
-8642
-4307
-1410
-8911
6399
-3691
-9285
-8644
-3215
5558
-9853
-4600
7112
8309
2568
7704
4988
-4326
-817
-7763
4629
1296
9321
-9234
-636
-2019
4389
-1537
7359
-8362
8977
1781
-9914
138
3830
6339
3115
-4338
-749
4171
7363
7762
1360
6327
-5586
-7032
-6734
-1717
-6306
-5066
1477
1601
9969
8847
-4587
-6923
-2634
7977
-2257
-870
8219
9327
-7813
2705
-9482
-9135
-54
3073
9646
-2930
-31
4666
-1069
-4465
-5234
1958
-505
6985
155
5515
9896
-3569
-8466
-97
7633
-9768
5700
1402
-9626
-8644
-9876
-2177
-2254
-1759
-3219
7482
-9517
-3376
893
-7389
8722
4655
4407
9863
-3101
-5410
8264
5005
9865
-5822
5286
7978
4522
3114
-3613
9592
-6768
2220
3770
-1518
9462
3228
-8610
662
2606
-686
7486
-5058
-4435
-4403
-5739
6036
-320
1841
-1033
-8805
-9608
4455
-6704
-108
-5235
-3288
3446
346
-2076
-7368
-4995
-8119
-9176
-855
5117
7582
1292
-9468
-1128
-4021
-3946
-9197
-9424
-7293
-1384
-1776
-7123
-2591
8994
-1810
-2234
7678
828
-3481
3905
1022
-262
-5735
-2368
-1527
2610
-3660
-7834
-9695
-267
-807
9437
563
-422
2194
-7810
-1962
-5738
4525
-1141
-2034
-8582
-7630
-1601
9593
2434
4326
1373
-82
-5626
2923
-1472
3802
6054
4649
-6031
-7329
-1028
-1232
2653
7525
-724
-8178
-6427
5426
2741
-5045
7774
-2708
9146
-5676
2379
1339
8847
1045
1329
-2711
-1217
-2926
9009
9833
-58
7046
5924
8238
5520
3658
9900
-4986
9634
6005
-6882
-7975
3438
-9617
4973
-5980
-3474
-1209
12
-5300
-5668
-1648
-6117
-9961
7480
-2194
8067
7551
4021
2538
-4825
-5262
4095
-5971
-6873
-8806
5046
-1211
-1252
-5096
5234
-4622
-5916
-1252
346
1388
-2145
1241
-7023
330
2713
-9556
2664
1184
2530
-6564
-3751
523
-1822
3985
-1359
7961
3075
7024
-1711
2779
3393
6489
3986
3060
1539
-1624
-6911
6174
1567
6393
-3744
-5041
-1611
1705
7202
-7426
-8327
4733
-2263
-9024
-4758
-194
3859
-2509
-9076
-691
-1104
4672
8809
-3934
-474
271
-901
-3619
6844
-1156
-4388
6358
-2867
4416
5811
6726
6417
-3146
3787
7192
7006
-2750
1606
-4745
8958
-9320
7467
-5303
9859
-7180
5961
398
2799
-4640
724
7717
3957
-1224
-5623
-7082
-695
-4177
-7354
-3708
2393
-733
9352
8262
-3228
1966
-4019
-8006
1094
-5675
-6973
-44
-8124
-444
1571
-4035
7459
-8560
-4636
-3375
-4454
-1939
-7281
2071
3676
2415
6782
-8495
5479
5587
8974
5899
2989
7847
8539
-6319
-1142
-275
-7694
5527
-9473
-1583
-1488
9062
-711
-1332
251
-4169
2544
6813
-6884
1106
-555
5126
8939
4046
-9548
-5084
4502
-3250
-6464
7550
-9754
8401
5918
-748
1548
3027
-2612
8290
378
-3731
9322
-6082
-7949
-433
9748
-8152
7773
-1715
6292
8923
7980
-8597
-9124
6016
6608
5811
-9968
-531
3441
-1909
-6149
4587
-6299
544
-4281
1978
-7264
-7765
-5760
-8504
-2727
-8659
-3680
3033
-7665
-8541
-6796
8148
5333
706
-4891
515
2693
-1409
-9497
-1417
-1323
4473
-1144
8958
-800
-8270
-367
2471
5232
-3577
4600
-7200
7934
3389
892
1404
8274
-2511
-3905
-6770
5133
-1832
-4464
-3465
7074
-867
8761
7417
-8717
-7617
8470
5686
6378
2000
2989
-5066
4026
4497
-3515
9946
4074
-7729
-6183
2400
9087
2850
1329
9189
5617
-5745
-1177
-5164
68
5705
2956
5672
-4556
2519
-7430
562
2638
-4439
-5151
-4380
423
-899
-896
-3054
-5786
2277
2751
-3814
8763
-4110
-4301
-9937
-9121
-2294
-7291
183
-5883
-8694
65
-7465
-726
857
-6269
-2673
6594
-8993
-8179
9954
-4991
-5251
141
4799
32
5716
-3898
-4600
-7553
-15
-6209
-1442
-6820
-2104
2475
-6640
904
-6768
8798
-10000
3014
-1013
5646
-3804
-6231
-347
1896
-1649
2518
9962
9568
-7707
8086
2432
9791
-9218
2778
-891
518
-9604
-4098
-6783
-1283
-1596
-8648
7885
-6509
-1488
-7291
6353
-127
-3624
-7512
1350
-2100
5496
5884
2879
-3164
3801
-6507
-4591
-7369
-9669
5282
-5472
9369
-8910
8117
1957
8849
4397
-576
-1929
4810
-8852
-4917
7204
9051
-4420
4813
1634
-4685
-6128
-3530
-7024
2425
-9748
-1455
9010
-26
6402
4537
5389
-9947
-5789
8261
3174
8791
3870
332
-925
2306
-9985
8255
8090
-4204
326
-3402
-4823
-6502
-2176
-1889
-3013
-8053
-4374
-3128
3285
-8984
-8734
-8314
-4109
-782
9123
6347
8830
2114
-3469
2868
-2285
-1499
6503
2324
2984
1075
4682
-7460
3294
-1685
-8303
4789
8486
8692
1867
-4313
-3905
8211
-2325
422
-2126
-6630
1695
-1768
-9792
-9248
184
-9782
-8703
-2681
-4582
6315
3748
-7177
-154
5432
1637
9615
-7806
6045
-5836
-5318
-7132
6162
-9901
-1270
262
8480
-1730
-8196
3589
-2872
-5380
5690
-4881
6710
-4453
-2659
-7430
4885
-3704
-6033
-7095
-7748
7413
-2928
-8469
8412
-6349
1901
-3482
9174
4283
6218
1112
1985
-7125
-6405
7176
319
6556
-5585
-1908
8004
3063
-813
-5015
-1842
-7666
-2456
6137
-512
4668
4998
-5676
7104
-6402
-2245
2674
5008
-903
-2679
5551
8468
-8733
-2062
-5433
6575
3002
-8863
-4448
6692
9947
796
-5251
5869
-9029
-2438
9287
9344
-4824
2471
8817
-5539
-6861
-3536
2812
9038
-1201
7204
-5201
8354
7911
457
-8889
-7461
-2310
1452
9569
-5263
4743
8135
4039
-7474
-6790
-9714
9101
9967
1980
-4243
-9188
355
4108
-4568
-9403
3911
6898
-2773
-2344
-86
4234
8134
-1187
-9334
-4881
2182
-7230
-9817
-2656
6243
7874
4895
-7421
5495
3495
-2357
-1800
8172
-2162
4815
-5228
-2067
-1168
-9527
-1986
3138
6121
-5776
-9643
-80
-2521
5097
-9543
-3677
7105
-7346
3025
-6137
5964
-5526
9248
4956
-7794
-3368
-2731
-8303
6076
3185
-7322
-4844
-8157
-7889
3232
-3775
3958
-5697
9627
2312
-1054
-727
8421
-739
8806
1963
8800
1545
-9138
7766
-1922
-7117
2699
1092
-8884
9147
-5426
7183
1847
-2103
-1119
-3461
615
2155
4946
2977
5778
-2680
-6956
-6829
-9134
-6663
7978
-1308
-2304
-5403
141
-927
3099
3665
1588
3502
-5318
2369
8089
5256
-6871
-6343
-5491
5938
7366
3060
7876
1858
7107
4965
-7395
4896
-202
4900
-8368
1610
5350
5055
-822
-4745
-11
1543
-4283
-1345
-7305
8143
-4564
-3999
3819
-4603
3198
-5019
-6556
-9187
1670
4423
-5423
3333
1899
-2798
1527
8158
6829
2143
-7125
-9925
-352
623
7047
3202
-1472
5690
8473
-7177
6997
-4755
-8903
-7923
-9264
1709
-8178
8208
1632
-1814
3154
2422
-6189
8875
430
6576
824
9224
-4735
3524
-8412
-7524
-4132
6079
-5378
9531
-3500
-7843
-4309
4658
-5935
6913
3532
-7093
7604
-3981
-1828
8827
1905
3109
-1671
402
6655
-2897
-6037
-1409
-134
388
-3304
9584
3363
4190
2287
8866
-6283
-7635
2193
1992
9373
8997
6013
-142
9338
-8844
-985
8372
-7615
-2
-6482
-5839
-6503
-8137
-8574
1893
-1679
7227
-3870
-1731
8566
9118
-3324
6074
-4833
7331
375
-4094
-1057
-6276
-8665
9286
4020
6207
3687
-6030
-428
8745
917
-1732
2751
-7542
-1994
9970
1662
-4042
-2071
-4391
-45
-2171
3402
7981
6120
-4473
4915
-7600
7411
8231
-494
-9318
-7313
1778
9829
662
1103
-9577
-5658
-6649
4269
8077
-8217
-387
-5870
1154
-4428
-8048
7538
998
4896
44
337
1780
-1335
9474
-5036
7721
6888
-6673
3536
957
-4902
-7658
278
423
-5224
-3570
7455
-8634
4432
-6716
6545
9626
8672
5288
-5515
-9367
3052
-2425
3146
-4297
3393
9137
475
327
-7225
7199
-9837
3982
4179
8365
6714
-3207
976
4789
-1213
-4440
-3799
-576
7338
-3500
-892
4347
2686
-4038
-603
3872
-1962
9321
4739
4123
-3835
3882
397
-8536
-410
3848
-7149
9471
-935
3210
8143
-2513
6476
5681
-9121
-9403
9861
-7765
5602
65
2118
-3151
4307
6028
58
-9778
1446
-9389
1818
-2929
-5914
-598
-9399
-3681
2405
5893
7097
9322
-1871
-5893
2725
5424
5159
-2132
5029
-251
-1442
8832
-2738
5141
3883
-6578
7639
-4604
438
9709
-4934
5098
-8922
7494
4534
-1032
1335
2979
-1675
7604
-2138
-9376
-9353
-61
-3860
-7122
3324
1159
4390
-3954
-2218
-4106
-7795
1212
-2667
8649
4418
3994
7416
-6047
6772
8619
-7793
-2601
9922
-1531
-5720
-2492
-1552
-9311
-9462
8068
4911
-3388
8808
-2651
-4495
2677
8136
1683
1314
3194
9106
-9036
2880
1956
-6682
-1356
-2986
-4600
4262
5672
-3651
-1546
-7289
1970
-3589
1534
-904
-9662
2819
-4874
-7479
822
-2971
-7027
9452
-9570
-3146
-1056
3670
-3262
-2527
-2223
3608
-8752
6990
5917
-6560
-4071
-5162
-6623
-2960
5716
-2720
3855
-8925
9892
8764
-8104
-4419
7782
-5909
-514
-992
7941
-7324
5494
-3529
9926
748
697
1662
6846
7301
-3862
-1804
1838
-7385
-7728
5609
-5943
1577
-7688
6552
-9809
-5127
8702
-6266
-8939
5998
7105
-8130
2460
-4293
4764
-6117
-7598
2230
5035
1230
-5506
2996
3643
-2263
1897
-1440
-9552
-8540
-1690
9458
-7403
-1678
7498
-6163
9719
19
-4917
380
6719
659
8716
-7355
-2652
-9597
9372
-9968
-4290
9895
-8312
-5363
6610
-1478
-7394
-1913
-4163
5266
2308
-5998
-5554
599
-9752
-7111
-8888
-2192
-4821
-8927
5903
-3894
3530
999
1666
-9906
-6856
154
3045
-5454
-3638
-1489
1355
-3119
7684
6875
-9321
-6790
-3890
-5450
-6499
3856
6779
-2575
-746
-9560
-5476
-2310
-195
-1741
-2897
4852
3520
1669
3196
-8157
-936
-3855
3797
9376
2357
5573
6134
4929
2142
-2226
-634
3775
4946
8012
-9064
-9411
5676
4484
-3258
-9601
764
-7747
8961
-3162
-251
-9433
-6298
5232
6730
-2042
4529
5632
6114
307
-8039
-1908
-7713
5590
-6255
1013
-2660
-6416
2556
-7054
6803
3784
3407
6615
1463
8336
-2499
5024
2022
-6000
5922
5431
8456
-3143
8195
-7818
-7792
-5614
-7009
-6568
-6197
5863
3417
3795
-3889
-6282
-4001
4949
-406
-4365
6255
-671
7441
1980
2780
-647
5159
-8612
810
2002
-7866
-4010
-3510
6228
-8662
-9228
-4163
-9968
-7604
4124
926
1960
-2419
955
1728
-635
4212
-1897
-1133
-3738
4939
-2167
-8969
-6061
-9534
-9771
4637
-8850
1298
-8534
8182
-7259
-3620
-7665
7984
2367
-1861
899
9553
-48
-7803
5441
4747
2452
-2331
-7872
3874
-3406
9684
-3929
4065
-2272
1950
-7552
-4849
-6439
-9698
5746
-4400
-4520
-3487
-5726
9095
-4824
5266
-9298
-7145
-3529
1292
1728
9758
5814
7911
-8409
5362
-7358
-6021
-2767
1703
-8025
-3706
-3080
400
-2524
-9541
5055
464
-4940
-9450
152
-7615
-7055
-1809
-9766
5617
4750
-3624
-7672
-313
795
1045
1466
-3086
9852
8896
1534
-4219
5723
-9158
2374
6378
-2354
1015
9965
9647
-1418
-7528
-3452
4272
4577
837
7885
2997
6051
1634
-446
-7463
-3685
5338
8991
4513
1692
-7457
-3161
-7540
8833
-9718
3209
5611
-3333
-8153
7214
4032
-2743
-4142
4927
-2845
6818
5117
-4521
-7469
-1220
5513
-3144
5966
-6824
-7184
5557
6537
-2043
9456
5616
-7444
-9475
3002
5011
-4169
-5231
-508
-7212
5923
-563
1664
32
7241
4480
1051
-8004
-3507
9299
104
2430
2915
-8932
-915
-6111
9026
-4184
-1124
-4123
4389
8361
-4684
413
-3685
7247
-729
-8753
8685
-7097
1733
1984
8808
1025
7685
-7453
-4124
5827
-8093
6622
-375
7407
-5953
5531
54
8185
9874
4933
-2708
8331
-4641
9416
-5293
8188
-8692
8179
2070
7968
6873
-969
5970
3297
4501
6282
-8685
-7747
6921
2439
-2516
-3522
6030
3041
-8586
2874
1382
9248
-6995
2170
8573
-4304
9447
4983
7937
-7942
-7549
5863
6557
-1563
7396
-1778
9417
4280
-2313
8673
-2494
4354
4738
7850
-6541
-9056
-623
863
-1218
-801
9412
-589
-2924
-6086
9836
5326
6275
-2475
4013
-4401
6546
-4198
-1414
-8586
7645
7730
-9090
-442
2912
9373
-194
-7979
7798
1390
-6068
-7280
-4435
-8328
-7400
-8506
8145
-3464
-6195
-4048
-8769
7932
5595
881
2607
-4673
9751
-4426
1676
-3311
8831
5369
6956
5386
5764
9522
9673
3765
-8536
4513
8378
-9342
-2335
-202
-3570
6927
-5340
-1130
1905
-6856
-8745
-2912
4666
9820
-3544
-681
-1199
-8628
9938
-7769
6504
-8993
5100
-5556
-6081
-4172
-6326
-367
-6576
6593
9569
-627
-2011
-6367
6279
-81
-53
-8646
-4955
3077
-9450
-3580
7931
-4767
-2862
-136
6705
6748
-1413
8074
479
-137
-3457
-9711
5035
8417
7841
9513
-6482
8256
491
-8028
-957
1810
5146
-3195
20
-8452
-4457
6298
-5237
-8668
-1088
-6252
-6492
5359
-783
-384
-8093
-584
-5082
-2829
-774
-8770
4353
-5143
4152
2662
2713
9334
8368
-9396
1392
-39
-5303
8866
-1283
4630
7471
5131
2229
-7212
4438
5951
3342
-8281
9868
-3962
3723
-8863
3197
-830
4963
-2205
5479
9697
1666
-4641
5893
9631
-2848
6418
-6793
-7594
6851
-1957
-1840
-3784
4304
-7879
-7788
5603
-2196
-5353
7933
1775
-594
-1885
7644
1522
6060
9309
9305
7671
-7635
2517
-9024
4359
-4867
-7629
-697
-213
632
3969
5103
1727
7758
7522
5488
-9571
6094
4532
6932
8753
-5361
5897
-29
6007
-6770
-932
-7028
-5783
-5947
5964
-203
4564
-7623
1044
1944
5873
364
228
-741
6415
265
-8464
8902
1918
-918
9307
-4931
2493
-9892
-2221
4991
-3211
8826
-1977
-3200
4925
4754
-4778
-8716
-2778
4016
9690
5040
6182
333
-639
4010
-6948
8094
-1734
-1283
9934
-7332
-896
-8205
-1321
3907
-6994
-3560
-8976
-6368
-7500
5064
1305
-3
-7786
-5232
-4038
4832
1358
-4979
-8218
581
-4108
-7930
4400
1557
7060
-3126
-6360
-3042
-680
7581
-1080
4508
-6760
-6916
1294
-9346
9479
-3415
-5290
5709
4435
-9688
-155
-4951
6103
-773
5413
8658
9766
-804
7068
5080
3432
354
-4997
930
5162
7113
1866
-9519
-5233
-832
7655
-7152
222
-4089
-127
-3880
-8665
-9380
-1380
-4835
-2462
-2843
-4955
175
1907
-4983
7602
6928
-1559
-2406
1917
8110
2624
7050
913
2451
9299
1926
4505
-3606
-7538
-8586
-5403
1970
-9563
6656
8569
2847
-9808
3142
-8749
-1976
8236
-4623
4312
-3401
5898
-2063
-7770
4735
776
-5323
7134
5451
3723
4535
-5543
4057
-2343
2680
3284
-6114
6265
-1265
-975
1769
-1002
3263
1141
4034
-7689
-3624
9499
-5453
3316
4520
3302
4436
2834
8084
-918
-8913
8819
4542
929
8246
4233
5876
-8411
-5751
7012
329
2427
2121
-218
4281
-5295
1873
-1251
-4112
7853
-8470
-9496
7344
-1534
-8333
-6566
5041
4077
5000
5498
6545
5416
7366
-5516
228
598
8245
-8033
-9914
7430
4773
-13
-8341
8796
-4141
-1917
1625
-5979
-3155
-5987
-7942
3675
9383
-5116
7406
8956
-8325
-4438
-7314
8727
-30
-4156
5787
-1342
3547
-6463
8018
-8901
103
2677
8073
4623
-1436
5417
9181
726
-9268
-1952
-9234
5966
55
-6163
-5296
-3733
8525
-5393
9874
2544
-9541
9653
-7888
960
6316
-292
9990
-707
-6395
2414
3507
3066
-6758
627
-2430
-5867
-8240
-3230
1540
900
7155
-9928
-2452
-2381
617
9952
8336
7834
4596
-6462
3850
9256
2252
5354
8162
-5358
1478
4175
-5103
2522
-1620
290
-3621
-1201
-7028
1251
-5020
-7181
-8913
-2112
5166
798
4288
6265
-9398
4609
-9192
-5274
8153
6588
-5373
5055
6397
9249
8011
-3769
5143
-7244
-7632
-5273
3852
-7924
3776
-7173
3464
-300
-3929
4306
9689
3977
-9159
3866
-7181
-1827
6556
2536
5993
900
-1000
2806
-5439
-939
3426
-4015
-2872
8508
5764
-9524
-4638
-2183
-7626
-1752
-7855
-8907
-3663
-4170
-8184
-9269
-7492
-8387
-8279
-6450
644
-7796
-3322
-9636
-274
-5348
-8145
-1668
64
8988
-1539
2636
-3723
4992
4709
9835
4327
934
-1137
2525
-7804
973
6719
7046
6445
-4211
716
-9656
-1554
5112
6088
3937
-1239
-9123
-3189
5113
5348
8806
2167
3294
1347
1125
-2053
-6513
-1073
-8381
-2125
5633
4983
8165
1442
689
-3848
340
-9400
-8858
-6853
-9371
-5570
-1028
5739
6426
1661
444
-1898
-2588
5026
-5046
4150
-8743
-8033
-3519
-8671
-6169
1895
-2927
1069
2236
560
-6709
-4961
-9981
4611
-5628
8753
-6089
-6232
4885
-369
-4495
9398
-9617
2611
-7838
-3003
-8974
303
9350
7562
3203
2072
6841
-1266
1794
3858
5245
3373
5441
-4233
1605
7217
-8156
-2291
1612
8451
2833
3015
-4230
-6414
4572
9455
-9388
3019
4450
-266
714
-2501
8379
7272
-3117
-8005
-9209
5807
2401
-2086
213
6630
-730
-6209
3722
3584
7010
9417
1908
-6200
-246
-6047
3961
-7489
-4956
-4045
-458
-9583
-4902
-3727
-8521
7739
7392
3474
-7947
4762
8921
3372
4216
6314
-4737
-684
-7924
3015
9256
-5409
-5525
-3870
-7432
-1152
2280
-2008
7807
-9368
-531
-7182
-511
1287
4448
7798
-660
-8221
-2751
-4464
-2104
-8099
-604
9160
9833
9684
-1618
5549
-4621
8290
-3407
-7964
6255
-6415
1020
-5191
2595
2866
-666
-1464
9754
-339
-2597
9555
-1097
567
5644
5165
-369
-5046
-9738
-2709
-9974
5679
-6848
3776
-1485
3230
-6430
-6004
-325
8310
-4165
6024
2903
9958
-3319
1856
5455
-6462
-3527
1684
-6101
5931
9694
9322
8517
7846
1755
-704
-3209
9475
-9169
3357
-3022
6794
8071
3456
-8656
3499
-9741
-4078
6710
-486
5523
5997
-3391
9907
2894
5087
-4082
-6544
-7224
-7383
3661
-6723
5608
955
4167
-2810
-7566
6454
5205
-8138
9982
-2022
8525
-9199
-9132
-4711
-2062
2627
5127
118
-4046
2448
-714
4521
6661
-8483
4580
5757
9844
-5933
-491
6082
1873
-2864
8148
3743
9786
-5350
6841
-8431
1984
-8900
3655
2404
-5275
-4790
-627
4811
5343
-6968
-5862
-7564
5311
739
-4858
-7252
1993
2090
-3251
-4994
6119
8556
3488
-4659
-559
7093
7254
2968
8804
1968
1608
5809
7915
2047
6815
-1839
-3552
9272
-6870
835
-8597
-2789
3415
7861
1233
3313
1474
89
5213
-2804
-1995
7077
-5243
-1064
-8338
4700
3020
6706
8187
9653
-2615
575
7043
7538
6607
2847
-9631
5325
4331
-8808
-9053
6893
8358
6908
1229
-6569
6900
-5433
2422
-1475
6016
5557
6001
-4863
-1941
-6861
3152
-4319
1728
9363
603
-4261
5642
-9606
5578
1555
-8525
6403
3469
-8969
9374
7207
8420
-6670
-253
2353
-8507
1405
8783
-977
9896
4226
-6304
-438
8843
3978
6963
5221
5302
-768
8213
-3290
1263
5870
-2790
6872
-7252
-7804
-6218
6191
-2186
2841
6512
8451
-7102
7835
-872
-9969
7647
-9854
7799
4169
1116
-6292
8840
-4922
8156
6184
9642
5901
-3093
8921
-6043
4166
7482
6193
5252
9829
-6278
-8301
7730
5518
-8883
9276
747
-5131
4251
-2020
4681
-2722
1114
-9694
-4031
4537
-1911
3114
4107
4633
7203
-4206
-3891
-1853
1563
-5970
-9939
2083
-386
-4199
1084
-1092
9674
-2736
732
-1084
-3418
-7333
-2905
2659
-3241
6970
8125
2631
-1909
-1725
-9549
2293
7579
1054
3603
-5405
9794
1995
5988
-2574
7012
9766
7662
8837
-8818
-215
7036
-9076
7852
-3073
3992
-1384
4004
2181
1674
-2825
324
9146
-8182
-1568
1228
2597
5885
3230
-4195
4819
5354
733
-7943
5656
378
-2709
-763
4987
-8503
-681
48
3378
8140
1642
5987
-5983
6596
2117
-867
4588
1543
9246
4601
-3698
9728
696
-1715
1789
3568
-6841
7526
5103
1293
-2362
5940
8843
3386
-9998
-5211
8490
342
-5039
-4270
-6448
8820
8242
9586
290
1053
3604
3267
-8146
-7866
1900
-1332
-7941
5017
-7007
-9940
-3141
9996
8780
-754
-5559
7225
7471
-805
-290
7995
-7931
690
3192
-2859
7176
-1265
-6000
-5824
8539
-6018
7910
9729
6022
76
-1284
8571
1624
8469
7448
-9417
9005
7408
2718
-5955
7998
255
-8595
7908
-1066
-9730
3254
4661
-9737
-7955
563
4925
-5249
3257
-6204
-8210
-3184
-6593
-5479
-3812
5069
-3576
5758
7589
8727
3408
6061
697
5779
1216
3852
1035
9106
-4240
1906
-6720
-1112
3879
-4681
6671
8949
2950
-2252
4117
-914
-3464
2647
-2507
4152
-6471
-5125
1631
-8515
-7983
-1273
5402
3278
3169
1056
-8158
3759
8954
8177
7175
6310
-247
736
7598
165
-3837
7283
929
3168
4601
-1172
-7991
2004
-7700
-7350
-7943
-4254
-6364
-1485
7516
-4973
337
1619
-3250
9188
5840
9417
7855
-1847
-9636
2011
953
-4431
-1726
3770
1489
9642
6478
-578
-3699
7448
-8846
-9413
-2196
-7439
3039
9790
5082
-3449
1450
6506
2203
-1096
-2657
1938
3031
-9171
-1112
7358
2295
-2816
7737
-906
-2770
6001
-9520
-2934
4263
2705
-643
863
693
2183
982
905
-9082
-2424
-7399
6893
7098
-4723
-363
-3780
178
5172
-3016
-5455
8174
-9771
-7432
7301
4710
-7315
-1140
-6495
-1780
1320
-7894
8220
-7038
-1495
-437
-1890
-1373
-460
-3740
6043
-9632
4748
-9988
-8354
294
-3084
7695
-9375
-7691
6078
-1106
6730
7609
-6803
-3816
-2882
-4560
988
2514
7318
-2085
-8819
-4135
-5687
-5981
-2387
-5562
-6872
6902
-190
-8891
-4429
-2395
-1334
5073
5668
433
6516
-4503
35
3493
-4782
-1470
4977
7971
-4430
2315
3719
-427
7665
-2897
-8312
6249
-4038
-5884
6039
1962
-7963
-5048
-1518
-1072
20
6687
8740
-8855
3726
-4571
-593
3352
-7034
-1682
8913
-8912
-9634
-7089
-3402
-7818
5580
-1842
-1614
-9767
-9794
-578
4958
7661
-7559
9647
172
393
8547
2456
7307
9476
5590
-5029
-2152
750
-6796
5809
4691
-4226
9594
855
3954
3327
8647
8649
-1729
3313
2392
-9934
-4160
3357
1446
2405
2720
-2009
3459
-9276
465
2462
9967
7658
-4468
651
-9853
685
-1431
2095
-7811
-9686
9307
3337
807
-4080
-544
-3094
-2458
-803
2911
4236
6769
-4059
-9047
4531
1703
-5987
8543
8584
-5341
2896
3152
-1302
-4661
9091
1503
4262
-4582
9444
3103
454
-8444
6879
3440
-1727
-8699
-205
8368
3571
-8588
2107
1211
42
-7088
-7402
3186
-6707
-3649
8193
-2864
-2040
6606
3699
-4699
-601
4874
-8525
-8781
145
-4162
7515
-7727
-6541
-2590
9994
8497
-2595
-2636
-436
-8146
-6028
-4244
-8221
2514
-7445
-9913
3338
573
8752
8225
-3170
-4830
1365
-6512
1962
-4826
8652
7316
-9732
7118
-204
-9496
2216
4707
-7142
-5705
6446
823
5252
7326
1261
-6036
-5110
1342
6240
9214
-4014
5532
2690
-8779
2757
703
-7207
9663
7056
-7140
-833
3097
5476
-3473
-8862
-4114
6386
6948
7380
-9983
-8078
6225
821
-140
-3051
9941
4003
7511
-9337
-9058
-388
-6834
5672
2200
5600
-5228
9934
-3010
-6178
-113
-6247
5941
8337
8159
6080
2363
471
8275
-5658
1212
631
-9506
729
-3868
7372
9378
-427
6418
7960
-3753
5826
837
8017
8885
-7694
1967
3244
-1147
6871
-8511
2689
-469
8174
-8848
-2023
-7547
-7567
-9841
-9924
5277
-7574
5683
2976
2718
6102
-8596
-1096
8047
6050
-5243
3915
-9145
95
2796
4631
5772
5542
2538
5024
-6719
-3595
-8011
-860
-791
5071
-6753
885
2788
1952
-116
1185
-4442
8217
413
-4804
-4710
-7644
-5860
2967
-5869
-7823
9248
8956
6796
-1461
3795
-8055
-680
1714
3361
-9391
-8591
-258
5622
-8236
5073
-9408
-9460
6377
-9110
5480
3032
3577
-3405
9499
1531
-479
-6636
-4498
-548
3856
2214
-4839
6537
3613
-6096
-9663
-3634
-8676
-8720
-8822
2684
-6362
-7489
1585
1874
965
-7909
73
-5981
2134
2752
1814
5932
8701
-8364
-6060
-9837
-5404
5773
1527
9734
-2938
-1388
3698
-4400
-5306
-4381
-5130
6245
3560
-7
-7014
3059
7
-8752
-4111
2812
-6632
-1668
5205
-9330
-8747
-1914
-1710
6065
-4169
5990
6068
150
-8227
-1279
3550
-4771
2144
-1961
-6846
3246
-9194
6674
7854
-8625
2950
6354
2937
6593
7785
-4304
-4065
-5612
6616
-3230
4729
-1811
-323
3061
6133
-8424
-8453
9170
8627
-7289
-9554
-9339
8596
-807
578
9642
5259
9607
-2710
-3207
6978
8486
369
5070
-1760
3448
-7030
-1635
-6307
-7265
7275
-1426
6764
7878
-4052
4271
5937
9792
8997
8167
-8278
-5978
-7494
-9162
-4258
928
9029
-1698
-9780
-3982
-6783
7084
-2840
3783
9770
8272
-9068
2661
-3594
3086
-40
-2233
-2750
-7082
3919
3061
2685
9047
5822
-3022
4646
6120
7147
2010
-4688
3263
8433
3465
6846
8989
-5203
-8242
-2489
-5149
-1442
4437
3207
1383
9710
6729
3038
5765
-2303
-2133
-1420
1622
-3364
-2484
-9825
-8937
-4067
9265
-9409
219
-1527
3331
-9389
-9910
1162
-9832
-6755
4302
-160
-1187
-2349
2558
-3427
-5588
3879
1811
6270
-4579
5783
-5895
2365
-5489
-2967
554
-6574
3252
-5577
-5421
-6666
737
6632
5398
2441
4117
-969
-4890
-9104
7866
8958
1894
7165
2991
-9901
1170
-8852
7517
3394
7661
8181
-8384
-855
-2458
3939
-5033
6330
3348
-3566
4956
2520
7876
7672
-9641
1746
7430
950
65
4277
-7278
-3348
-6320
-373
7924
5158
6030
7927
5403
-676
-17
-4647
7339
3773
-7739
-898
1290
2634
-9075
4484
5289
8760
-3489
-182
-6472
5563
-7906
-1819
6712
7942
3527
-2563
-1610
8895
-6340
-853
-1072
7532
3004
5784
-5034
4148
1140
8260
269
3703
6472
1912
400
-823
-124
-6334
5351
2494
6089
9860
4505
-2090
8199
-4312
-5318
6552
9943
9997
7948
2136
8276
-6920
6581
-1100
7034
-367
-7306
-5310
-4124
8940
3368
-195
2203
4084
3572
6987
-9197
1443
-2641
-9626
-8259
2551
8085
-7137
-2728
-3035
-2071
9274
-525
2909
-6099
3354
9233
1186
-467
5764
-6916
-5228
4602
4186
-4162
5020
-8462
-8092
2380
3245
8047
3770
4617
-3539
-5006
8024
-1964
-8320
-2691
5232
3934
5521
-1549
911
2003
1843
-9135
6135
7422
-4666
-1827
-6224
5944
-9366
-3405
-4787
-6249
730
-9014
3790
7434
1222
-9419
6239
9395
-4065
1126
-1087
-2199
805
2989
9838
2475
332
2256
7166
8828
7831
9109
-2915
660
1533
875
-5556
1200
5747
-9411
6783
5557
-6503
9166
-5558
-5358
3554
2651
-2560
4726
5134
4020
2761
-8716
-6745
-5274
-5997
-431
-6597
3883
-7606
2856
-7942
5309
-1929
-135
-2682
452
8928
-8022
-5365
-7880
-6318
1983
-9963
-7528
-6577
-6077
929
4012
-4642
-9308
-2752
-5478
-4778
-3220
8754
965
-2672
5324
-363
9939
-2008
-4570
-7560
3132
-9831
8004
-8395
4369
1918
4368
-8897
-368
9737
-6127
2107
9994
-8493
751
4578
1144
3546
2248
3882
7854
4379
-283
2440
-2801
-2986
1852
9442
4464
-8486
4908
1269
5389
1907
2989
-1948
5542
7736
1109
-3543
4460
-2055
5489
1890
-7285
2649
-2512
6276
124
3418
-6206
-6010
-384
2398
3024
-8534
956
5467
1190
-761
9576
300
8319
-7158
-3740
-3442
1134
5141
-2363
-9499
6060
-161
6806
2219
3669
-3343
-9860
-9974
6187
-259
-8284
-6013
6078
960
-8978
5886
7788
-7032
-9873
-4141
9198
2012
7011
-3053
-7599
-2384
9255
4672
4668
5416
-5245
400
-7079
-882
595
5981
7802
-974
8599
-8756
8856
3347
7139
-7292
-9001
7064
-4502
1645
-985
9718
9887
5921
-4921
977
7940
-4878
474
4343
6941
-5860
2124
-279
-2521
-2743
9013
-9407
-5478
6633
-376
3284
-7230
-6466
-1199
-253
-3738
3117
-9952
9777
8687
-851
-6825
-1240
-3145
5765
-9037
2418
-3879
-2516
-6831
4760
9372
6290
-3020
1986
6253
7736
-7784
8178
9286
4988
-1716
-3188
-567
6393
5694
-2795
-3159
-9499
-2567
-8410
7493
9284
4611
1346
-7095
1128
-3001
8320
1900
-1338
-4272
1018
159
-1614
-3887
2377
782
-8758
-588
-9697
-2640
1714
-1161
-720
165
5171
-216
9361
-8645
7246
57
-2738
1921
-1628
7118
8174
5207
3609
943
-5051
-1197
-9026
1513
-8030
-6114
-9244
-1976
2765
-4849
2572
-4399
-5394
-4091
-1286
9343
-8620
2756
7884
-9243
4330
-1225
3099
1968
-8445
3870
7770
-1053
7200
-3346
1971
-7020
6005
4536
7063
-8908
-7495
-1760
3072
-2214
-5246
-1021
7364
5052
-2370
9969
-8077
7873
-9537
-7127
8647
-4900
2998
2701
8960
5372
-8108
-4849
-9564
-2089
-5251
-7566
1188
9578
4663
6473
1942
2794
-7651
8160
3672
670
-1153
4643
-2202
-4977
1370
386
-9128
470
1112
9778
-5903
9157
3168
3518
4906
4719
2616
3006
1978
-8102
5359
-5685
-1341
7738
-9485
8410
-9732
4995
3860
9623
520
-3009
3875
-4513
3623
4127
1536
4468
1997
5594
-4626
9192
-8231
8315
1989
-7453
-9544
1696
-8150
5652
2037
9909
1135
9781
-1828
4700
-8992
5475
-9466
792
-2196
5035
-1637
5627
-2262
2871
2933
6545
7949
6221
-9576
1592
141
-8134
-5836
-1676
7396
-1502
6169
-2536
1575
2279
3065
-9435
6927
-674
-6097
6270
-4942
-6436
-8841
-501
-7062
-7834
4899
-210
-8642
-5894
7218
-9262
844
-2779
8043
-7459
5555
3251
1426
-8899
-8770
2176
3172
8742
5180
-781
-4016
8087
3373
-6699
7202
-5607
-3309
4919
-3613
-5556
2999
-5413
-335
-2677
2544
5949
-8180
-617
-4638
1741
-3253
6857
-2267
-4382
6518
1054
566
7892
2012
7191
6964
6344
-5049
4667
-3943
-7665
-6875
-7737
-8461
-2389
2091
-7089
3646
7965
5278
-1151
-4845
-5832
1204
-6713
-4936
1075
2428
1483
-8471
-7280
-1323
-8651
-6238
-2169
-3621
-5360
6065
-3475
-332
-2638
7548
672
2183
1020
-2648
691
3854
-3674
380
2453
5715
-1695
-1125
7378
-8161
-6203
5630
337
-3843
-2697
-131
-2829
-7798
-9758
5988
-7115
-7206
-122
8978
-4197
-5920
-8640
-7190
365
-2135
-3519
-622
6845
-5138
-320
-7899
-1561
4986
-2677
-1851
-4268
-4027
-1005
-8898
5786
4008
8030
8217
-1127
6325
-3354
-4168
-2975
-5701
3639
-2408
895
-2493
2737
-4087
-2434
-6327
-7212
2800
3934
-2867
-6697
-4325
5787
-7615
-141
-7110
5207
9324
7068
2130
5274
-9252
6335
-6924
-7001
7475
-3473
7429
-54
2868
-8612
6570
5893
6711
-7112
6492
3083
-5039
8597
4035
7639
-9883
7364
-1108
4498
-5225
1180
-5319
5515
-3143
-4410
7147
3705
-3293
8354
-8682
8579
-1578
-7825
-2998
6153
-8478
2443
-5229
-613
-9889
6127
-9739
-4085
-636
-6212
-8879
6188
1367
1546
4665
-5266
5516
7746
3735
-6618
3277
1901
5312
-2666
-4901
-8299
-8322
-6245
-5142
-7617
-6139
9634
9225
-6195
570
719
-350
-7306
6555
-4865
1017
-5102
4351
310
-3591
-9160
-6221
7555
-6302
-5043
-3146
-1374
2943
9282
3400
-4667
6170
1243
-9317
-1320
1380
6389
9941
1845
7885
141
-5015
3300
-6388
8710
-8209
8938
8308
-9507
-2694
2816
5177
7118
-8105
-6113
4804
9636
4191
-3802
1049
-2898
-2559
6377
8914
932
-7109
-9393
-2581
-2653
3419
234
-5099
4387
-7228
-5393
-1306
-5569
1381
-621
6199
8350
-5869
-9438
8137
-3089
3581
5437
1919
5731
1746
590
-6091
9263
5379
-2760
7045
-8470
973
4112
-1199
-5995
1946
359
8534
8954
-2321
-9394
-7674
-4699
-4711
4685
-1648
9580
1970
5664
-1949
-10
-9033
1480
-1602
-2653
-1507
2883
-9121
-849
3621
-692
4798
-5644
2565
9382
-2292
3230
-71
1938
-2948
-954
507
-5896
-7053
-3325
4069
7748
1345
7233
6969
-9762
2378
-5724
2951
-4359
-9461
-8265
-1921
5653
6693
5715
-2818
9977
1647
6229
-6318
-16
-4818
2713
7377
-9508
-516
-9734
-6813
-4235
-3038
-9031
-1427
4984
-1070
-3005
-6753
-6068
2323
-3145
-8966
-1470
-8178
3805
9483
6148
8453
-7220
8687
-3165
-6485
6321
-376
-6349
-9367
-5327
8343
-7011
4719
569
-8796
-2084
3461
9169
-5486
-7444
2167
-812
3852
-9652
7730
-4626
2680
558
879
4876
3184
3733
-5838
-3171
477
6908
-5541
-9892
4310
6912
4428
-4093
9391
6261
-3498
-7843
-4824
-6569
2634
-5684
7125
7930
-9936
2572
-5320
-8295
6615
-9816
5415
2822
-5407
4326
-248
-8303
466
415
-3358
7002
-1174
-6964
5021
4453
3455
-7035
-7547
1682
1866
3992
-2069
7706
-8426
-8618
1873
-5610
5370
2418
-5668
-660
-7791
2378
-3087
-3566
6221
8374
-8849
-2881
-3387
-5028
-2049
248
-7040
6538
-7675
3809
-1802
-3275
8059
-6004
1687
2238
-157
-902
-4213
-9351
-5695
6504
9353
9554
365
-2676
-7790
8069
9802
1678
519
-8665
-2451
-8242
5490
-4517
3868
-9681
2655
-6264
8539
-6108
9427
2591
2039
-6199
9429
-3217
-8594
-5575
5513
-3766
-9021
4544
7925
4648
-1527
-1435
1517
-5768
-5734
-5820
-1398
2261
7755
-6504
-1089
-1315
7484
-7478
2735
-8713
-7938
-782
4290
8832
9740
-7060
6745
-1151
-5930
5175
6493
-545
2897
-1056
-4682
7803
8639
-2032
6714
128
582
1490
2211
7672
787
-4477
-4078
-4869
6785
-4435
-1277
-2566
756
-1382
-912
-8597
8917
-4848
-1389
9784
8551
-706
-2419
-5969
-7687
-224
2482
-98
5174
463
-197
4335
9064
-5108
1496
1862
-7472
1007
8739
1761
-1834
-7095
-486
-8157
-8608
-2045
8576
-5060
2805
-9529
-8843
4290
-3907
-2765
-1701
-8285
5958
1212
9589
-2179
-5068
7240
-180
-6242
-1396
-1105
1561
8114
-8190
-6748
-9577
-8770
-2065
114
-7028
-6852
-9894
-4884
-1990
3676
-8971
-8113
5606
-7406
-5937
-3643
2661
1224
-8200
1351
-5999
5290
-5028
-2767
-6144
-6591
-1486
-606
7533
837
2728
2253
3655
9429
8012
7002
-5810
-5334
-1534
-3960
7363
-1893
-8025
-4814
3020
3842
-3071
3982
-4074
-8773
7407
-2487
3485
-146
-2590
-4992
8700
-7688
-7329
-2795
5280
3411
2492
1388
-2843
8163
-947
-3975
-360
-3451
3177
8464
-2131
-3180
6774
-7324
-9586
5842
-5937
-9209
5390
-9748
1063
-7951
3277
-1809
-1856
9591
73
7329
-1090
-9617
-4239
-8750
9514
7204
-54
3016
-6032
2816
7729
3778
6163
-3914
-588
-2188
1404
-290
-4542
-8522
-9340
521
-697
-3493
-5668
-8317
9061
-4803
8909
3685
-5397
-4688
-6298
-4515
-7112
-7218
7642
-9960
6855
2899
3432
-7473
-739
8735
-5995
4593
-1216
5458
7929
-931
-6353
-4349
3824
-5175
-7484
1353
-1530
4930
-2898
4207
-4399
-4183
-8632
6319
-7140
6211
4502
-9854
-8187
-573
8558
-3619
7827
-4733
5661
-6282
-9848
-9996
3599
7245
-706
3582
1633
1609
6708
9881
-5245
-4966
-560
-8865
-4453
-7313
-698
4832
1394
1864
5185
6957
9931
-1477
-2521
1386
-7829
4703
1162
3530
4385
4022
-9778
-3397
2966
5163
-3401
-3316
7342
3003
-6376
5567
-4973
3791
2882
6874
7316
-1161
9321
5428
7903
9218
1154
3569
-5746
-7798
7838
9472
-277
-3106
-2187
-444
-5393
-3597
9444
927
6182
-9142
-1939
606
7561
9673
4485
-1464
4560
-378
8205
1740
-5931
-4167
4088
5147
7532
5967
6012
-8093
-5126
-7773
542
-2085
3962
-3289
-2299
-684
-5021
-9850
2349
5155
-3582
-2935
-8615
3686
9340
-6421
1366
1929
-8684
-9124
703
-4630
-5284
1056
7489
7689
1785
-8671
-627
-1986
-7470
-7163
-1107
-9036
3332
5113
-6751
-7752
7848
5700
1409
9230
8922
-7941
-3620
-1926
2742
2842
6462
6661
988
6222
4249
2551
-9934
-3625
-3303
-9112
8951
9938
3197
7536
-7740
9320
975
-179
-2662
-4946
1515
-101
5253
2349
-704
-1305
9453
-708
3405
4683
-2234
4195
-4140
3390
7882
-3938
-652
-8379
-7562
-407
-2485
4720
-9081
8986
-9437
91
50
-1529
1614
9095
-1371
4524
3643
622
9997
-6645
-3900
-9309
-2525
5716
-8509
1717
-3914
3200
1222
-7704
-7268
9311
9535
-1673
7425
2895
4051
7218
-3042
-5214
6433
-1893
9474
-9042
-9143
8562
106
-813
9026
-654
-5526
5235
4958
-2196
-3371
3309
3811
3436
-9475
6404
9864
4156
-829
-7830
-8559
-9037
-9719
9547
-9005
-2217
-231
-5758
-6749
-4599
8613
6899
-9886
-1412
3658
-662
9414
-1144
-259
8522
-8646
-9810
-6511
-6306
-6157
9496
8134
-7175
-1742
762
-2180
5606
-432
-6844
-7752
-993
-4544
-2285
-9759
-4168
6058
-1496
4802
-9190
-238
8021
-6076
-9562
9352
-7948
7389
3389
-4118
-2713
3440
1414
8892
-2860
5777
-4391
-2427
-7886
-2801
-6095
-215
-2678
8939
-1566
-7728
9090
-168
-4493
-3516
7864
-5177
4239
1948
-725
7536
-5364
273
-6102
6156
-940
-5280
2371
-9755
8356
-2287
-6330
1056
-1074
9450
9844
1442
-2086
-6043
8239
6153
-4442
-1776
-5746
2442
7527
-5187
4503
6822
-9280
-8607
9895
628
1270
267
3391
-1961
-3025
96
-4211
-3659
-2608
-3524
-6392
-8272
-9364
547
5214
7232
2856
-2811
-7862
-246
7393
-1067
2142
-1263
-5501
2498
8271
-6100
-573
9721
-5588
-9558
-772
4292
3854
6813
1077
-4061
8310
-8201
336
-9745
-1054
-9920
1417
-8637
-5326
-673
505
-8112
-9172
-3161
-5924
-4474
9964
9587
-3404
-7765
-1921
9629
8719
1193
996
8869
-7803
-9339
-8005
8640
-4970
7511
-3163
-4106
3403
7645
9147
7767
-341
9960
-6876
6787
7833
-9271
9820
-3118
-1826
-4014
-7584
-360
327
-1173
8139
-7011
-9336
4535
8715
8270
576
-9406
1103
-5676
8167
-6328
4028
108
-4335
-1496
-3917
-9923
7977
1805
-2795
5095
-118
224
2726
-5714
5193
-5905
-1560
6916
9754
-8590
5167
9683
-7560
-993
-3880
3811
5137
7984
6294
-2944
9244
-2792
-874
-5214
2866
-2549
-3770
7681
3415
3693
-1318
4440
-7353
8953
5944
2557
5064
-6015
-7119
3804
-7163
-6898
4685
6144
1990
-2746
-2038
-4334
1084
1870
-6194
-4176
7667
2516
-5564
5412
2829
-4223
6835
-166
-4697
-4132
6728
-7502
-1824
-5255
-3866
5710
-8152
-381
-1972
2903
110
8517
-2974
2501
9159
7675
1140
4385
4917
4779
4067
-2662
-506
-8121
-7991
-5614
-3928
-8281
-4113
9282
-4808
-1297
2107
-646
-437
814
-8847
-2680
6875
-5013
-7084
-3521
-4616
7616
-3873
1063
8451
3290
7427
-7492
-3592
-1906
-2897
-685
6198
2364
6243
-421
-1951
-6258
-5262
3291
6684
-801
-5235
218
-3665
-6477
-8315
2827
71
9440
2841
-4495
-2958
5359
-2908
2851
-8895
4947
789
5677
-8216
203
4527
4371
-4375
-1641
-429
9586
-6023
-6290
-4732
6548
-9336
-6050
-506
3135
-9256
1685
-9480
-1062
-1464
8902
-5320
-7794
-6059
1096
1375
309
-8675
-9293
9695
-7213
9497
-4638
3093
3335
-44
-5537
9643
5496
-5912
-3766
-7466
5116
5554
9025
3577
-8772
-7257
7117
7003
-8258
-6667
-7488
-6132
-5406
-7038
6883
-608
-8315
-1006
8048
-6545
2600
-1164
6840
2572
9398
4244
-888
2179
1405
4869
-5662
3884
-5470
-5539
-8567
5396
-2810
4622
8199
5414
-4641
-2172
-3545
4550
8133
-1622
1222
-2684
-2401
-6570
8051
-4051
8085
7760
-7018
7306
-7539
-2810
5925
-7915
-5057
3267
6120
-4485
-2087
1736
-1630
3524
-2085
8514
1905
-5094
3713
-338
-4782
-3029
-3784
6414
906
2471
-1265
5017
-863
-102
771
-482
4240
3969
7280
-1368
-329
9917
1214
-6448
8096
9064
4849
-7367
-403
8642
-3485
2461
-7138
652
9969
9894
266
321
3284
-8412
6299
-9986
-2113
-7100
-9083
6411
-3455
-5160
-3214
-2564
-420
-7230
446
-9748
-7856
-4680
4936
-9345
-8902
-1775
1616
-4473
-3439
-8679
6390
-4629
7417
3916
-2582
-1985
2367
3945
9089
-4954
-6670
-4782
-3308
1778
-2738
7968
4393
4976
321
1478
-5020
-4712
-8251
-6581
-3015
-3105
4166
6100
9204
1836
2150
-5031
-1138
-8695
-7542
9071
6015
-7227
-2912
9104
6954
806
7407
-8365
-6502
1123
-8374
-8123
774
-2175
-6874
3374
-4179
1751
-5703
-825
2200
-4408
2753
1777
1114
150
-7884
-2574
9651
9005
2683
-5818
-6333
-4185
-6707
-567
-3623
8051
-456
-7125
-4109
-7878
-773
1173
-8785
2480
-9390
-2059
-3712
9155
8508
-4489
194
828
8243
2623
-9366
716
-386
-5658
696
-2082
-6920
-9458
-7717
-9857
-2754
3550
352
7531
5520
-5157
-5474
-9517
-9983
-2452
-475
-6354
4737
3361
9499
-9384
4995
4684
-4864
-66
1250
3688
-2374
6701
-5541
8733
4748
-9467
-2580
6744
-8458
-9855
-6302
-5754
3168
1773
4578
3723
2754
-5078
3413
5965
-2545
-3127
-4547
-2815
-5794
8293
-394
8680
9293
-5146
-985
-7473
5755
-9675
-4135
8295
3382
-9581
-2123
-6838
-8259
325
-4038
-8149
7594
3053
-4442
-4607
2680
9553
-153
3831
-7156
5408
1924
3215
-9852
794
-851
3156
3880
371
1276
2807
-5246
5526
9347
-2082
5430
3052
-1541
5964
6380
-6208
-6954
-9234
-9915
-8737
-4134
6714
-4390
3969
-2375
7359
8789
4857
-2952
-8653
9210
317
2382
3983
-7250
-830
5478
-299
-6134
6475
-6009
5525
-179
-5160
-3278
-2067
1138
6650
266
-9401
5992
6791
-3797
1011
7077
2722
5704
-7178
-3374
-2640
-2294
-3435
-7250
2222
-2864
-6787
9845
-5190
-1332
5562
5618
2066
8334
2261
-557
3729
-4317
-5166
4864
-4178
-3209
-935
5647
-3905
609
2588
-2491
-2643
-4059
6962
9760
-6303
6427
7580
1892
-9773
7805
-3743
3497
-9482
9862
454
5723
-8296
8708
9277
2556
-7549
4393
-6735
654
4144
-1868
-5381
-8500
-4582
-2308
807
-5606
2098
-9054
4069
719
-6324
-304
7507
-7558
3194
-3500
-5810
-2161
733
9175
2777
-3347
7067
-2190
-8781
8537
4522
6951
-3681
-4751
3321
7447
3063
3992
9590
-5590
3381
-3281
5535
-9420
-65
5121
40
-6141
-89
-5816
-2190
5768
-6244
9933
-296
-1924
6460
-1152
8142
-3075
7741
-9551
-6667
-1750
1024
-2976
6546
-4594
7242
-5338
-3405
-1611
971
-7919
5055
7251
-5509
9665
-1764
-7689
8418
8121
2364
4256
443
8532
-4646
-2793
3024
1057
-4601
7455
551
471
-2461
2457
-9309
6081
6389
-9121
1242
4281
-9658
8078
-5189
3996
-1406
5140
1028
5745
-269
7191
-8742
4911
4750
-7859
8909
2512
9029
3764
2226
2931
-9197
9956
-1823
-106
2859
8053
6576
-6761
-7577
-8317
7531
-1276
-371
-6960
570
4137
-3601
-1484
-3625
-4385
137
1179
-4511
-3108
7143
5595
2716
8848
5423
5623
-7551
8125
-2911
-3652
-285
4798
6648
-5809
-6967
-5901
8048
7525
-3632
8614
-6355
-6976
64
-2074
3911
-4791
-4454
3826
-6652
3793
2614
5438
-4525
4819
4193
5703
1665
2862
7130
-175
284
-552
-6790
9836
3337
6402
4243
1248
-4059
5834
-1874
1982
7201
-1930
-3006
-7859
3342
940
-9151
9471
1374
-1146
-952
8447
7850
-2661
6799
-1458
3284
7749
-5890
-5665
-2622
3934
-7132
6354
2420
7395
1074
4407
2356
6900
-6493
7621
-9891
-8894
-2848
-4307
-8270
1098
5926
3374
8964
2889
5033
-8759
1650
4881
-1907
-3377
-3238
-7981
9702
5122
-4440
-8992
9472
8812
-6444
-7191
956
9039
-2949
-7105
-3119
-4909
-2650
-8950
1714
6203
1853
-6595
-3650
1420
1575
-4723
-3674
-749
-8135
-6136
-3650
-3176
9695
-9007
-9628
8299
-6191
-1350
-2582
7355
-5857
-2944
-8213
-730
604
966
-6361
-2715
2593
2012
-2110
-9982
-2931
-7580
5102
-248
7580
4087
-7433
8833
6809
-4421
3440
-2165
7070
698
5305
-7656
8791
-1966
-5237
9315
-4561
-6943
-1548
-3726
4598
9716
-2535
3038
8097
-5152
-8030
-6673
-9632
9318
-3415
-3559
1827
3671
8320
5675
-9530
6333
5070
2059
2846
285
2027
-8539
6981
3746
8477
2593
-5712
4933
8420
-2360
-1972
2835
-4125
-1488
2516
-5716
4047
-3581
6135
-6329
-7586
1570
4824
7608
-1559
-4681
-7612
-1094
6229
-3290
9025
6388
-9716
7197
4931
-2914
4950
5945
-1528
3727
8579
-1665
3061
9664
9795
-4714
-6372
9282
-6875
-5755
4985
9065
-537
-8913
8892
5051
2997
-3456
-4754
-7960
-4563
2569
7858
-5131
-7944
9702
7510
-888
-8739
-2195
-8543
-706
2860
-3878
-6340
3614
6164
9009
4570
-1897
-2528
7856
-9046
-5525
-1068
-8463
9924
3912
-2135
5926
1043
-6721
6521
-9616
-3028
7702
-9686
-4216
7222
-2589
-5794
-9271
-3481
-3678
-8000
3819
-7712
4268
-283
-8165
-4995
-3450
-3779
-4483
-8374
1794
8349
-322
-8220
-19
-7769
-524
-1360
-7967
5257
3871
3247
-9903
-8884
2560
4507
-5584
3397
-8133
8513
-819
34
-3753
-407
6441
6708
9810
7636
-5902
-6248
-6144
-3044
-2935
8027
-7843
-875
-8879
-8445
-6501
4504
2738
5713
946
5584
-2545
4659
4697
7033
-8350
-3087
480
1950
-9913
8312
-3780
-1743
3119
3326
-1128
-8969
763
9504
-9332
5636
-8419
-7008
6087
2683
-6906
-6163
-9536
-5267
-5649
-3476
191
-1167
-1387
-2947
2628
-1150
2422
8738
7598
-1684
1849
-1286
8412
4164
-6996
86
7488
6157
2979
-9253
-7895
3781
-2849
1052
2956
5763
3836
9676
3955
9244
1743
6362
-7260
8391
-5205
8294
7043
-8577
1597
1283
-7616
-7253
4029
-7266
7721
7124
-4086
-8274
-3573
1660
9663
-1691
1554
-5189
9860
-7995
-1832
4610
-2023
-8942
7042
-1841
-4817
2779
8428
-857
-5312
-999
261
2589
4458
9338
-9026
-6243
-2143
-6509
-9861
2991
-8545
7996
-8144
6332
3105
6880
-9070
8358
-3077
-7913
8199
-3093
-9924
-8285
-1345
-2792
4310
9063
-5143
138
5968
-2716
-4264
3991
4814
7376
-8203
5931
3261
-8203
9087
-2226
2920
6139
-9613
-7447
-2124
3083
-8157
-6047
6180
6116
-8539
-6164
-3202
6216
3171
5805
5007
6988
9917
-1767
959
-4306
-1302
2282
-8317
7185
271
3847
372
-7886
6440
8684
6748
7306
-2985
2784
-7940
-4852
-4194
-2625
-2360
3496
-597
-6665
3663
688
-1547
9492
5323
-71
-3933
-6738
5404
7112
6387
9856
2075
7648
1035
-9551
2134
-7870
6352
5257
-4951
-2470
-7845
-8092
1660
-6343
7343
5996
-4031
779
3775
-3549
1030
7824
-7612
8054
1103
8413
-7324
-2878
-3858
5580
-850
5662
-4558
-2386
9931
-7518
7713
-8217
-7804
-8004
-6768
9627
-9113
24
8271
-689
2743
8926
-8850
6375
-9647
482
-6703
3762
5373
-8081
3367
3553
9288
318
-1622
2602
8796
-3394
-2189
-5673
9280
-3973
-9833
-8596
-3177
918
228
-6139
-5945
-6238
-3424
1720
620
-2285
-6963
-7832
7897
2344
-7920
9126
155
7978
5138
595
-8715
-8137
4177
49
-3638
7852
-825
-2065
-6806
9908
455
4141
-7972
-3831
-1142
3370
807
-7534
755
-708
9284
211
4607
-4519
7291
699
327
532
1263
1860
7181
-7961
-8313
9477
9764
-8092
893
5493
-1029
-2207
7728
7897
-3168
5869
1233
-221
3459
7067
5094
-5157
6231
-8492
-5110
-6027
-1962
4692
5649
4454
-886
-5920
8970
8499
5164
-2039
-7620
-8293
-7181
-2030
-964
-5210
-5323
-900
-1168
-340
6779
-2993
3888
-515
8627
-3011
-7355
8958
-9782
2456
-2901
430
531
161
3673
6718
622
-1696
6
-6246
-273
1157
-5485
1800
-4508
5427
-7403
290
-7041
9466
5318
-7642
5250
6200
-1888
6369
-7236
-6724
9355
-5199
-225
8240
7813
-2127
-2124
-4720
-7862
-7620
-5217
1175
7754
-6480
4231
-5134
-3333
7605
-4200
5277
2712
8205
-8038
-5804
-6721
3579
-6312
978
-103
3219
-8647
9313
7675
-4145
-4586
-3906
-2952
-6590
4885
8575
5174
8729
-9549
-1802
-9965
-6694
1530
-6841
2765
6004
9623
9507
-2841
-6680
7484
-8044
3881
6277
-4854
5714
-6317
5928
2551
-9503
4907
-4241
-8957
-676
3430
5235
5389
-5948
-9404
-6552
6402
3651
-3415
5902
-7271
-9752
-9122
5762
-4062
1920
-3557
-8063
7895
-299
1085
-4283
-2571
6265
3857
-7568
5024
2296
-7134
1535
5535
-8162
7137
3390
3373
8329
1967
-4158
4728
6148
-8428
-753
-9223
-1509
2353
8303
7627
-8553
589
-5444
700
432
-1024
-2249
-508
-4880
-3754
1335
-1848
8233
1641
6128
-1929
-7493
5984
3965
-2875
2695
-6274
-5660
9519
-1640
7133
-8085
-7736
1550
-995
8080
7443
1997
-2225
2574
2549
6965
-8296
2573
9286
-5407
-8739
6272
-4925
-7459
7548
-9852
-8422
-5876
2212
-4582
7273
-8822
3778
-6237
-3613
-3273
8877
-8297
-2354
-7799
-1116
-5173
-8383
-7973
1056
2380
4696
-8685
-4871
-3110
-2611
-8631
-9622
9277
9083
-7644
827
3359
272
5417
4533
9881
-2946
888
6227
-1244
9336
291
9031
-3134
-7041
2608
265
2317
5463
3834
5237
-1811
-694
2813
8325
8020
9974
2531
7711
-1431
-1598
5853
3512
6305
515
3757
-8404
-6027
7731
-2962
8361
-2554
-6059
-3659
3404
-2750
4164
8359
-279
3846
-4262
8084
-7952
-9533
8428
-2110
420
3670
-6978
-6152
324
5752
-6097
-3013
-9181
8001
-8757
448
-4052
629
-2007
4592
4505
6003
7698
-367
3112
-4185
-1433
-4521
9308
-9384
-6682
539
5985
-4255
-7001
-1641
-1049
-196
7823
-2446
-809
-5123
3512
1026
-4778
-4590
8564
-8292
-4129
-7858
-5883
-7390
7806
7603
6219
6179
-9809
-8323
2285
8856
-8997
-6196
6564
7651
-2249
8661
-1986
3870
6071
9818
750
-7993
3175
-545
-3290
8438
-2837
-9919
-9538
3843
-5712
2796
1552
-2789
5592
8379
2964
-997
5722
7408
-4070
6340
2573
3576
2268
1057
-6110
4182
8563
6123
-9104
9251
-1035
7846
-836
1290
994
4533
-6125
2044
6039
-9084
-2636
-8886
-9746
4628
7493
-9419
992
1940
-6517
4410
-3124
-8174
7219
-4239
9001
-4925
-8015
4686
4067
-9084
-5540
6999
-4374
-4997
-3282
-165
-4096
-3777
6323
9863
-3731
-1097
-6117
-798
-5991
5858
6819
-6233
-4072
4084
-8919
3408
-432
7499
-6134
7145
-7888
8517
-1356
8263
6585
-9526
-3802
8650
553
-9519
-6190
-6899
4357
-9189
-3631
-3946
-9905
9422
-9424
8180
-5522
1120
790
1913
9487
432
5843
-5472
9824
-1056
8558
8068
3290
-6296
2510
-9794
6566
5572
-2802
9727
8271
-7674
5085
5623
7841
3681
-108
2819
877
7751
3044
8234
-5801
-7781
-5597
8234
-6165
8386
216
-3384
-2619
-5314
-9278
-4315
-937
-8930
-6254
-4960
4068
-2358
8873
4817
-21
4442
-1064
6582
-1816
5975
2728
4934
6121
-353
-335
-5789
-7291
2959
6213
5709
9212
4036
6930
173
2810
-9953
-5108
-4164
-7665
-8758
-3672
-4837
-2268
3662
1291
6688
2738
4224
-1210
2778
-248
-5652
-8801
-3563
-6168
7340
9923
4852
-6951
-5585
-7132
-4042
-992
-2305
-3332
-216
9920
-5664
-6368
-3955
3194
-4178
306
685
6236
7951
-8495
-9380
-9373
-6030
-4652
-292
-5998
6843
-2086
9354
6332
-8388
4896
6181
-635
913
-6367
2183
-6226
-9121
6818
-6078
-9502
-5458
-4818
-2634
2538
6015
6692
5870
-127
7740
7155
9571
9545
-9303
4689
6523
-4583
-665
-3050
2819
-6904
6638
-3544
1054
9963
4929
6825
-9467
-9411
1402
6643
2916
-7893
-7015
4019
1698
-9267
-4145
1381
2818
1311
-4418
6710
-9947
-3124
9537
-1360
3610
-1510
-7291
-3190
-9755
5513
-1098
9512
-2148
-4930
4257
-3494
-764
4152
7504
-8188
-5706
-4145
-7371
3237
-2476
8041
-6830
7112
-3689
-6621
-3709
1281
-5528
2972
387
-1848
-4451
-4938
3143
7155
9871
-2476
3738
-9245
-408
-5869
-2680
8129
974
5856
-5561
5996
-7100
-5119
-3671
1970
8749
-1477
5693
3277
-6566
1416
2764
-7794
8067
-8258
8761
-4940
-4974
651
5226
1571
-5761
-5955
7216
2170
-536
9256
-3655
1707
5978
9554
-5974
-8416
9780
-613
9959
8648
4855
-9469
8472
1955
4082
954
8414
-9043
-6354
-9351
-9321
-6910
-8908
8166
-5270
7794
2650
-7715
-3285
5612
141
-7270
8880
-6705
-482
-1415
-6480
3655
3419
-3476
8410
-1098
1942
-5167
1557
-9655
5520
-2233
8792
-1401
-7595
-9024
1244
8279
9757
-1689
8527
-3059
5548
8275
-6066
-220
6804
-8729
-5962
-1785
-7234
7536
9627
-214
-4506
6335
-8120
4079
8188
-5925
-7725
8456
4791
-6296
39
-5623
-9641
-6533
-4891
-938
2015
2809
1884
-5993
8093
5167
9206
5570
-8020
-7021
-9990
7423
8661
9775
4976
-3341
931
-2875
-1256
-3066
-7102
2434
-8086
9455
-500
1128
-9718
634
4950
-9561
2029
6157
-3500
-5910
-6208
6084
-5197
3031
-6512
1823
-8570
9262
9673
-2756
260
-4837
-2759
-4348
-3813
-5990
5945
24
9538
-712
3121
-1444
5681
-2632
-3822
-4623
9100
8978
2615
-521
9562
-6261
-7722
5377
9688
-1336
-8163
7079
-4698
-2632
8334
8091
-5005
-1498
7559
-641
-6626
4553
-831
7417
-2500
2997
-7457
3280
-1092
-1201
8566
-7902
6325
-2194
-6063
6334
601
-6256
-4308
-1268
6480
-1356
9032
-2117
8458
-5617
-4358
3299
211
-4163
-1065
6389
1527
-161
9585
-667
579
1326
3535
-5971
9761
3502
-6715
3496
1087
5101
4869
7131
2224
6113
-1264
8786
-5305
-2413
-8696
-7009
3099
-7823
-1816
-9677
-5335
-4202
-3079
-6106
6660
1793
7429
-2581
-2931
-7072
-9713
-3405
-9490
-4135
-1357
8672
9143
-4227
1448
512
3188
2781
-3654
-3424
-5753
8262
-615
-7647
-449
4402
1835
-7830
2501
6505
-6021
-72
713
-2667
-3385
5672
-7009
-8499
6653
936
8827
2990
1276
-6404
2821
6010
2242
5362
7907
677
-8188
539
-2931
-6670
-3839
-6330
-6436
-9889
-4089
-8372
298
-9428
-9148
2536
3077
5385
-5941
134
-8734
9357
-8113
-3295
9278
-6629
405
1481
-7440
4863
-4697
4391
-9803
5237
1069
-2195
-3962
-7047
6898
-4772
-3011
-4115
174
-1904
7805
4446
8900
-1495
959
-6395
505
1210
-8522
-7175
292
9853
6045
4314
-8675
-421
-6164
-7766
6592
298
-2460
-1497
-1988
6295
-1668
-8418
-8351
5110
3109
1909
7029
3161
-4725
-4817
-6494
4365
-6561
-845
9131
-2804
-5723
1572
-7302
1272
-9841
2634
4197
1677
-7389
-3860
482
8195
-2980
-436
-6838
-8708
3778
-6837
5233
5887
-1572
2881
2719
-5041
7921
-4489
-3656
6135
9696
-9106
-6878
-3541
-3557
-6275
4983
-9531
7170
9924
-4655
-6996
-4902
4197
-3621
6462
2760
8787
5204
3812
-7368
-5859
6755
8015
547
-9030
-5921
-846
-5882
-4261
-8653
-6259
2346
8495
9101
-124
-1937
6738
7703
1260
7170
3074
9006
84
2707
-6198
-7978
-6511
-7779
5728
7869
-2976
1149
-2110
4229
-1121
5313
-3622
4769
5181
-2953
-5170
-6596
-2600
-9339
-9838
5204
8562
4182
-4500
-388
-3894
-6022
-4280
894
-1574
-6060
1648
-5766
794
-6218
3726
-2014
-7735
8944
2127
3782
8519
948
7723
1838
-203
3747
547
4817
-3636
6720
-881
-6853
-5344
3833
-6692
6165
-1408
-449
-493
-3687
-6672
4464
-565
-1811
6781
-2998
-2806
1833
-5346
-5118
8984
-8812
-5039
-2697
-7583
-7399
5292
-8557
2531
-5118
-5675
-8030
8919
-9029
1157
-7432
2894
1389
8954
-8294
2267
7078
663
6558
-1631
-1094
9233
9832
9716
-950
-8125
4031
-8986
7322
9221
277
8195
-8787
9853
708
-114
-2838
2022
9104
-5467
7309
-8252
-8884
-7007
2531
-8256
-8679
5680
-7693
7918
7086
-2111
-8542
-7037
-3742
6943
4859
4603
-5629
9469
-9398
581
9628
9312
-2665
-6841
5069
-660
-8642
1713
-7199
-3954
-6733
-6772
3066
1545
115
2457
-3183
509
-1550
9177
-110
-2726
-7377
-7884
1740
-4817
8892
1223
4806
-1302
-3346
3679
-100
-1706
4999
-1874
-5127
-3095
2693
-8723
9091
5902
4742
-3199
-5527
700
-7779
-7064
-7998
654
-1002
1051
-7160
-4935
-567
9562
6785
-349
6176
193
-8896
-120
8979
-4676
-2987
-8476
-619
-7122
-8714
2583
66
7386
3820
4197
1118
-571
-9153
-2678
5748
-690
-3393
-7819
-5540
3188
8679
-775
-3585
-959
5494
246
5277
-9685
2782
15
-2396
7082
9105
3609
6952
8108
2406
-8111
4169
487
8555
-6684
-4935
5195
-6989
3520
-7203
7743
9373
9421
-8622
1865
5275
2166
2488
2005
-2346
-3498
-9273
7217
-4190
-4441
-612
512
4342
-4709
3592
-5195
3868
-5612
3985
-1803
-2695
8275
-7236
-1867
8920
-5184
1099
-1892
103
785
-1140
2664
3401
2910
-5696
1423
-5260
-6181
-4633
9367
9341
-1430
101
7081
-2595
-3197
4771
4047
-3016
3781
-5506
-1165
-3989
-9079
5228
-6634
-1612
7906
8241
-3663
3137
-7115
8672
7246
6805
569
-9325
-4701
3159
-812
1096
4404
-6754
-9316
-8656
-2024
-6035
5826
4681
507
5953
4054
1787
570
4531
-8523
-5082
7793
8029
211
-8948
1143
-4193
5000
-947
-1374
2428
-1649
8780
-1057
-7032
7033
3774
2602
-3449
-2370
-6708
-9393
8744
-3733
6349
4161
1314
-3222
-6799
-3901
-7472
1066
-8528
-826
-3750
-1775
-2
-5725
7957
-1819
8605
1842
-565
3250
3184
8969
-6864
-6621
-6547
-7862
3108
-756
-8626
-607
5715
-7259
-9590
-9204
3737
-932
-2877
-1402
-9594
-2935
-4776
-8827
-8215
3376
-7031
6463
-7676
-3332
-247
-5004
-7426
-3557
4404
8656
9247
40
9326
-775
-1397
6720
-7358
7888
-179
-9746
3805
745
5323
3862
5937
-7998
-1705
-8094
-3762
-7171
-1065
7800
-8577
-8075
5435
8088
-4711
8107
-3977
-8375
-6438
6132
5052
9938
-798
2463
8684
-8341
4214
-9277
-9714
6635
-8150
-8312
-2842
-2806
-3999
1840
3924
1247
-9902
-2258
6116
-5785
-350
-4361
-2165
778
1599
3637
8803
6446
1878
6161
9623
9250
-4315
4032
-8666
4593
6879
3418
-6225
-9161
-3917
2276
7202
1726
-2965
-998
7927
384
-8256
2549
1068
-7044
-8286
13
-4585
-8032
7317
-1903
5922
-5087
-6026
-4948
5777
5063
-8851
-93
4363
-6049
-2020
9087
-1825
-3894
8863
-4502
-9326
2793
1783
7478
-1097
-5273
-3390
2804
3344
-6049
5946
-3681
-2020
5099
-9610
-1653
-5230
-7358
890
1344
4970
9011
-8062
7662
-4773
5279
-2133
-5539
1260
58
5686
4109
-6345
-6151
7738
-6697
-6748
-8755
5804
6330
1162
-6866
-9538
327
2978
5169
3554
6563
-6964
-1555
7373
-9594
213
1849
-4066
-231
723
-6924
-9742
5628
-4067
-3157
4029
-2896
4725
8608
-6879
2846
-4912
8589
3909
-6027
577
5953
4770
-8429
-3414
-1598
-7818
-3831
-693
-4861
3327
2577
1092
-7065
1486
-9630
5253
325
-852
3761
-9022
7457
581
-2762
-5420
-215
7528
4534
-3720
2066
-9677
-5571
1921
-5624
-6313
5471
3451
8282
7500
3095
-5343
5133
8339
5112
8537
-7015
3117
-8238
35
-2765
7084
1460
306
5381
724
-5548
-3240
-1651
8106
-7170
7557
2450
1363
-7929
5917
8519
-7640
4659
1295
8245
7872
-59
-6334
3441
2681
-6549
-2860
-8806
-4038
-40
790
-9124
-711
-2171
-46
9388
2858
2697
-6665
9280
-1644
-1597
5765
-9964
-8294
-2122
-6246
8490
8276
-2462
-9861
-8116
-4429
-8499
-1676
-6907
1536
7749
4560
8955
7433
9488
-9380
-8841
946
-7631
5351
-6244
-6764
320
9853
375
-1238
-1229
-5838
5170
5396
846
6714
6070
-1951
590
1313
-2561
-8438
-6202
-8402
6762
-4093
1239
7184
6276
-2606
363
7651
-8278
-6664
-9336
-6451
-6367
537
6066
-2665
3094
5863
6257
-4953
-3071
-5095
9496
-3754
-5030
-4568
-381
-8996
-8323
4213
-8527
8148
-4428
540
-9672
-7022
-3539
8973
3800
-244
-2128
3451
7342
4034
4720
-764
-8224
7137
-4449
-3972
8791
-8198
-263
179
5592
-7185
8801
-1523
-2932
8011
342
126
8464
-4026
9779
7310
-7965
-6831
-2699
-7292
-9743
6003
-6576
-7365
-4907
3002
1174
3298
9801
2731
4330
-5791
-9962
1172
-4231
-1697
-6444
2975
-1753
3589
-3499
-1814
3811
7170
-2301
9973
4636
-3004
1226
-1259
8046
-939
6986
-3202
-669
-6189
-5025
4538
-1031
-4753
-9004
-2491
1874
6508
4804
1973
-4964
-6995
-8137
-1155
8371
1676
8814
5991
766
-2039
-3520
-6896
3164
8395
3675
2949
7256
-8882
-7987
4707
6961
5572
-143
3659
4635
-6166
-9230
8657
8747
2145
6094
4054
-7516
-3740
2990
-3434
-1994
3255
-8786
-8923
9172
-5631
-6032
7284
9233
9085
7449
-5085
9876
3664
-9276
-3201
1435
9534
-6065
3651
5064
3225
3063
-5937
-4511
5481
1448
9043
-9822
8269
-2766
6720
-1423
-9231
-3944
4453
-5018
9387
-2944
7920
37
1091
2931
-2827
5649
9750
-5554
-8181
-6310
-6019
3944
-1516
-2661
2116
-6044
2467
-5179
7383
-9391
-6676
4983
-1291
4219
8731
8809
-7999
-6093
2834
3143
-8144
-6060
-8379
-8794
-9828
446
-1469
-7564
-4408
149
-2241
8491
-2839
-5111
285
3330
3856
-7023
-4929
5207
-4038
9803
-5824
-1532
6745
3857
3507
78
-6173
-9768
-8503
-6778
-2206
-4262
2558
-6234
-9919
5997
-487
9936
-398
4673
-4932
-5914
-1693
4855
1865
7075
4433
2493
8915
-1675
-3636
-3950
-1161
727
-1684
3983
-9527
-2787
-3856
7771
-7592
-241
3331
9432
-5605
-3433
-2413
5282
3269
6504
4683
4348
4610
7341
-3525
-1123
-3178
2233
2636
8268
326
709
-5966
3125
9926
-4853
8163
1681
8175
-8871
-8717
-9177
7185
8565
5421
-5454
-964
5695
5453
9322
-7838
4916
8541
-1486
-3404
2736
8529
9257
-1287
-5135
3537
-1420
7032
-4325
-9703
7752
-1213
5340
-8012
3053
6661
9075
1618
152
9476
9683
-9271
7001
7803
-4872
8982
5092
4627
-1021
8716
-8943
-4549
7057
-9065
-5694
-4204
8668
-1490
1365
1098
4345
1421
-2104
-2739
542
6739
9676
1196
-5310
-1082
-9139
-6376
-7487
-5997
9699
-2461
3162
-4378
-9335
-5811
5050
5227
4592
-3164
-1045
233
9977
-3933
-4968
317
6000
5317
9949
-4971
-8737
3115
-4094
8757
3479
5541
-5311
-7678
5051
2477
-6897
697
-1679
730
-3404
1470
-656
-7132
433
-6585
-7359
7058
3791
5029
-4320
-9547
6183
8654
4980
2426
-5527
-2782
-9995
-2821
-3598
7717
-5859
-6474
8527
-2354
5437
6897
6238
662
-2590
-6148
80
-2645
8664
3491
-9516
-6983
-498
631
-312
-4038
8083
-2750
-1878
-7580
8503
724
-3076
6164
4023
976
-6096
-8890
482
-108
-9774
-8327
-4215
-4115
5954
-1696
-3942
6834
6449
9566
1231
-2175
2730
9007
292
-3247
-6769
4056
-6435
-1150
6959
-8687
6320
-4371
-4923
-65
-9302
-1047
-3900
8691
2959
-6162
9668
8534
-7940
-5568
4502
-4305
7014
9219
-8418
5943
4754
-8130
7329
8973
-3220
-7992
-4506
4772
-2705
4321
8060
4437
8567
8865
-8151
-3185
-5781
-9113
-2130
-8124
4178
-9201
-1945
5621
7915
2971
6306
5792
-3349
8869
105
9506
3136
-710
-8529
3901
-2258
-6769
3267
-47
-4649
-9257
-4576
-9269
-7573
-4198
899
-9879
-7202
-7207
2847
2508
-2198
-4501
-84
-1373
4894
-1032
-3026
6132
4412
-5037
565
-7194
-1766
2292
1753
-3876
4100
1874
-3874
4646
-9376
2818
6132
-8868
318
-5002
-4973
-753
-1643
-8358
-5737
6324
1338
7126
-5257
-3200
7033
-7903
354
-1133
2926
-1240
3415
7106
4121
9521
7206
6245
-6131
-4242
-8774
-7819
-3421
-5239
538
2288
-6499
5758
573
4771
-6535
8494
-4048
-4179
-2940
-3823
-6546
2335
-8799
-8336
6590
9442
1504
-7760
-4604
5802
6638
1194
-9945
9704
6492
-9393
4544
4592
2310
-8160
7063
-4648
1984
-8117
6708
3249
-2791
8642
-9509
-6287
960
9827
8753
-4508
-3022
5994
9086
5089
3254
8960
8866
2203
-8540
3302
-1564
-9422
-9621
-3798
-2911
-3086
-4984
-5172
-1777
-6287
9035
-4330
-7438
281
7566
-4407
-3055
-2020
-3032
-73
845
1643
3442
3963
-9019
9800
947
1235
-4125
-641
-3591
-5764
8009
7371
9604
4573
3625
-6312
-9318
-983
-9254
4377
-8315
-2871
-7363
-8039
-4773
-8863
-1089
-9906
-5308
-1067
6933
1716
-9469
3562
-7800
5356
6460
-8409
2259
5916
513
4340
4629
6502
5291
-3739
5511
-5595
8983
-3873
2565
810
3643
2636
-9297
6856
474
9016
6066
-4291
815
-7039
9223
6590
8660
-29
3164
896
-798
-4928
-6749
1751
937
-1136
6185
-5829
4210
-6057
9995
-6655
-4471
-3992
-4693
7610
3853
3149
-5160
-848
-273
5191
4205
7581
7037
-9034
-1828
4197
5994
-8863
-6793
4625
6144
-7884
-987
910
-340
-9250
3726
4881
3182
4555
-367
2694
8726
7692
3494
-6386
-2149
-4757
-8952
9757
-3455
3008
-8657
1028
-593
-1301
306
7606
3799
1047
-3601
4924
-9322
-5094
2295
7574
2717
1193
-206
-2476
7538
7272
-1803
-5895
-8624
1248
-2910
3450
4293
2445
-6678
-2761
2340
3461
-6874
-5496
7156
46
8338
-5747
-760
2164
4175
-6823
5744
-642
-5762
-9025
-8581
6896
-5288
-1107
7181
-8998
4389
-3148
6268
8836
3387
-2854
366
-1803
-513
3280
-7292
3470
1114
-2957
9297
7192
9929
827
-2480
5120
33
-4010
8519
-4131
6348
1007
-7966
8692
661
531
9544
-9936
7706
6493
-4837
-656
5521
6107
-3131
6453
4361
-7045
279
1493
2666
-8140
-8273
9698
-4084
6400
-2123
1806
-9212
-427
-4321
1184
-4931
9321
-7370
4597
5010
3426
4176
7466
5269
8790
-6773
7622
3082
-9013
-9387
3491
253
7569
5887
-1290
6468
-4078
-7317
4016
5112
6703
-9735
3028
1022
2201
-8419
-1195
-340
1453
-8040
6142
-7316
-9004
-8237
-7657
7791
-6491
-4549
9684
8834
7926
-1345
-9089
-3887
-2832
10000
5281
8931
2763
3604
67
-9733
7639
-2168
-5208
7714
6152
4234
-2763
-9332
5485
4082
3739
-3583
-9752
-6358
-3627
-1472
2727
-2502
-6274
-9980
-3580
8473
8475
-7890
8881
-7699
9571
3180
8000
-2597
40
-328
8321
-7054
7016
4570
-8533
-1680
-4657
-7743
-3006
3270
1508
7936
9296
512
-2743
3482
3950
-4298
-2117
-2601
-2585
8006
-2587
-7309
-1482
-3623
7267
-3158
8153
1883
-332
-2990
-3019
-4389
8965
-8884
9826
2256
4935
-4739
3846
-4568
5636
-8786
-9917
-8177
-1700
-1129
-4468
-641
-8246
-1152
-4153
9097
-7445
-7385
-2371
5239
6124
7691
4566
-6619
4964
6599
61
3138
-3949
7393
-2870
-7166
6501
6533
-7977
-1563
-16
256
841
1592
4317
6820
288
-155
-2500
1119
-8709
4494
7447
6605
-461
3774
-7497
-2986
92
1234
-1570
6297
6144
8610
6285
1648
-8314
5653
-6720
4293
2897
96
501
-2370
100
1517
6952
-1583
-1904
168
-8344
3445
-2919
-9618
9430
5511
-909
-1289
2598
-7958
-2725
8617
-9602
9813
-631
-880
-646
4971
-7681
3297
7243
-7160
-9893
-9290
746
-8718
6021
9671
1785
6534
-5996
3210
1281
8210
-1343
8235
214
9065
-5013
-4015
9834
-277
-9116
6799
2848
9371
9601
3796
7520
7172
-5903
6910
-7342
-7629
-9933
6908
4730
-7769
-5108
4437
2854
-7523
6748
-7229
-4139
3531
4800
6482
8035
3727
3726
7116
7256
-8949
5322
6170
1220
8854
9563
4553
6117
9568
1854
-7448
3601
4282
-7729
-8628
-7755
3562
-8207
8499
5187
9611
7852
2382
-4952
-7347
1348
6245
56
-8546
-3907
-1253
2026
-1642
267
2712
8996
-5028
2307
-2714
-7903
-785
-5554
186
1177
-2166
-453
6322
7515
-520
1657
7326
-356
8867
5921
1267
5226
2000
-3671
-4727
-9125
-2522
1626
-6832
4809
-6257
2321
4652
-9980
5006
-6128
-5932
4549
-5820
7921
-1748
6731
9821
4049
-6554
3291
9836
-8482
-7285
9403
-3163
1036
6876
1961
8867
4216
-6466
-3965
-8435
7852
9862
1928
6046
464
8214
6686
2797
-6941
-2075
-5230
-9156
-57
-6312
9424
-4957
-2320
8125
7573
2835
-7919
-1693
-1638
-734
-108
-9162
-3981
-8053
1706
-8981
8536
-9460
2229
8462
-3837
299
971
-1782
-4727
3200
-3347
-5762
2299
-9735
-1182
-7302
5393
-1357
-2313
3080
1920
-3959
-322
-394
6974
-9249
5244
9674
-3300
-5027
-7363
-5059
-7465
-730
6938
5525
-406
-5253
-9362
-5239
-5495
3950
8194
-4298
-2594
2006
-131
-9082
-2910
-8006
-1765
9461
461
-9968
1629
7867
-4777
-2766
-2309
-8178
-2556
5265
-8293
115
-7748
-5430
-2603
-7537
-6309
-1689
-7530
-9009
-7218
9433
8557
9097
4272
7350
-3311
5843
2439
-4552
2235
709
9463
6433
5731
7399
6970
8319
315
-4430
130
-3658
5432
5066
-8133
7750
-2829
-323
-2480
-364
-9861
1042
1119
7132
4393
4435
4019
9266
5949
2016
8725
-2076
2862
2430
1435
-5320
-1940
-1636
166
-7464
-2475
-9477
2772
-9820
5538
-2714
1350
6883
-2109
-6599
7325
6685
1849
-8318
-9924
-2347
-4805
-3831
8266
-187
1004
-2346
942
7633
371
5356
-7410
-261
-9987
7055
8741
2605
5607
9078
-301
8004
6886
-849
-9234
-1403
-4268
4465
769
-1
4567
-9609
8395
-8443
-1210
-78
-5374
-1083
-8125
-7735
2260
5659
-2169
8216
6740
-9429
6492
2727
1260
2904
9618
-8751
9531
-3299
2082
1982
-7213
8281
-2407
4846
5669
9182
-1314
-9992
-7927
238
-5448
5537
8436
5493
9456
-8350
-777
8282
4183
-6187
-6784
-3939
-7959
-4864
1924
1327
-1673
2607
5189
5823
2550
5095
4842
8730
5304
3075
1400
-3050
501
2642
1735
-6894
1607
9963
-491
-16
-3505
-1421
4283
-2492
2496
-5476
1466
9826
-3251
-2458
3289
8898
4166
-834
1424
-2538
-7723
4012
6557
-4834
-2224
1336
-9693
-4692
6805
-5076
8083
-6575
1213
-114
-7770
-6218
-3349
3935
-3275
9467
7366
3537
2386
8307
1497
-2914
4416
7851
-9063
-8247
1569
-7680
6260
7164
-6662
-939
6970
6547
5762
-3095
-700
-3699
-18
-4480
-588
2055
-6509
-3242
2736
-3690
2178
9270
217
-6488
7276
-9075
-9430
-3287
9003
-1163
212
-4001
1614
2333
-1067
-7263
-352
-8928
3237
-2173
5423
2923
-743
4090
2777
-9427
-9270
-9067
-6481
-5414
2448
-3668
1489
-8362
-1606
-2001
-6801
3904
-2792
-8151
-1299
8091
-67
-9253
3907
-7714
-2371
689
-6488
5161
-736
-1670
1369
-6270
-366
9394
-2491
-6833
954
-7389
4707
-3296
4960
7977
-3319
9895
4975
-1678
-5126
1660
246
-1709
-3508
-7600
-2501
157
8029
2771
1232
-3607
376
2879
-1856
-7451
-4135
9360
9056
-251
5859
1396
4456
5329
-6201
5627
3594
1415
7291
1860
-311
-62
2774
8073
-9321
-7686
7862
9231
7762
-5927
3524
-546
8806
5147
-4554
2592
1057
8030
9435
-7504
6963
6282
3649
-9779
5332
7851
5107
3515
1364
-3299
7469
6748
-1558
-1935
-6407
-3514
3471
9089
-8169
-9107
-431
-5239
8382
-3795
4991
-5444
1807
8708
3755
-8133
-5866
7078
-4512
4654
2896
5212
4565
-1155
4552
-5486
7245
2651
3963
-3560
7274
7027
-5413
7346
8295
3258
2201
-1447
-5423
4820
-5660
7810
-813
7723
-481
2495
2023
4312
-6619
7762
5007
5066
-8115
-2417
-3598
-9774
-6301
-7006
-7783
-7295
-9002
-6488
-1625
-945
-1103
6640
4351
3401
-3107
-5425
-8733
2973
-2627
-3796
1383
4154
-2100
1708
-4166
-2373
7369
8128
409
-9696
-9557
-1469
5688
-990
9496
5698
3082
5166
-2853
-2608
-5740
-6938
-2763
-4606
6437
3919
9268
-6945
3912
8710
-3293
3130
-239
2679
1929
-6596
-3333
4654
1484
5691
-6176
3942
-4428
-5365
9840
8699
-7180
2625
8071
-8891
4692
3676
-4743
-4254
-3263
7225
-2566
4043
6968
-6341
-4164
-4416
3736
2983
3017
-9035
-9892
8221
-1513
-7951
6461
-4186
-3122
-9837
-7583
6417
1485
2803
-9120
4323
-1980
-2046
7549
-2036
3851
5765
5328
-4278
8856
-211
1585
8915
3214
-2329
-9199
1753
-3276
-1760
5834
-1509
-8325
8387
9698
6284
3168
-9657
-5135
-7541
-1554
-1304
-5586
-6688
8969
-2346
-4219
-9243
3084
3251
-9912
-9721
-4319
-9807
-8622
-388
5171
7635
-8078
8993
3075
5237
-8347
-8759
-5578
7039
-5604
4351
3239
9051
-7855
7163
-7868
6238
-7770
2078
-3017
-5792
-7304
3798
-2395
4559
2341
-2631
-9405
-7605
-3218
6548
7717
2859
2921
-5276
-3818
6957
-41
8320
-3718
-6742
9845
-6074
943
625
9969
507
6283
-5649
267
-6461
8918
3712
-2852
-1943
-8801
-9379
-4715
-5847
-9708
-1662
3648
-6145
4525
-2746
6283
1666
-3279
2450
443
10
5387
-2104
-9899
8658
260
-8921
2066
5529
9491
1520
-6900
9293
-4296
1450
1766
8418
7719
-9980
-4429
-4854
9690
2787
9190
-7212
1365
-8757
4771
8083
8858
1136
4396
3301
659
751
-309
-8723
9243
4300
76
-5418
7677
5482
-7222
8382
-3461
5785
2994
7080
4780
915
-2330
3223
-923
823
7132
-7827
4110
2251
-8064
-306
6133
3765
-9564
-5171
-5857
-4921
-1312
4091
-1424
774
-2511
7245
5286
7103
1298
9163
-5507
-8932
7033
-5883
7011
-5575
-6355
5384
-4835
4630
3987
246
555
-793
8851
-6940
-6493
3589
3127
6823
832
3480
-947
-6446
-2683
5039
9340
-3065
-4248
4876
-5998
-8606
-2973
5868
-3892
2159
8517
-1247
-2856
6216
6655
3771
8391
-54
506
4553
-2682
-1387
-8155
-9454
-2819
6480
9486
4422
-7304
5471
-6662
-5651
4416
6499
459
2080
5908
-880
3988
-6868
5190
42
-2585
-8515
-8003
-4311
-1020
-1035
-4498
-6774
-9290
-9972
-1071
4317
-3399
2027
2058
6005
8003
-6389
-2160
-2190
-4740
-8610
9702
-4190
-2843
-9317
9993
-275
6065
3645
8743
-1820
-8683
1593
-5797
340
2006
1073
-637
1650
-158
-6820
-7339
1292
-1871
-9645
2476
-7745
-2792
-8417
-534
-2172
-9986
-4185
-1695
7320
-2366
9123
6602
-1634
-2092
-2741
3486
-8137
613
-4721
-9861
-7222
-1322
-6715
4116
-8310
-2180
-2650
7624
-3237
-6917
5278
946
3014
-8682
-1539
-8138
7567
3642
9219
-6156
-4504
2661
7150
-6627
-9844
-6503
9537
6681
-2503
-2756
-1995
-9492
-7125
-3101
-3041
-2349
-1589
-3177
-554
-2161
4800
-8011
-1262
5310
-5124
4970
-730
-7793
7060
5590
-8080
2252
-5387
-317
-4364
-1550
-1900
-9632
-2000
-8754
-6232
3079
-6478
5898
-2647
-7054
-738
-5781
1814
2424
143
8700
6436
-2610
-8751
-5764
-7138
6824
6541
7841
-6030
8519
-3222
1243
-676
-2078
-2421
5992
-5367
-5036
9278
5392
7987
-585
42
8562
8719
-7190
9532
-9535
-9232
-4712
6015
-2166
5584
3140
3463
-5985
-5565
9655
-6625
-1742
1142
5831
4487
-3135
3515
82
-9273
9446
7475
5843
-1993
5144
41
-3640
4181
-7399
5750
-7564
4563
4539
2919
6285
458
4722
2539
-632
-9661
9580
-6075
6355
-7427
-331
717
4997
818
8443
-414
1305
9252
-9824
1944
6436
3475
-3260
5016
-4946
4249
-433
-8500
-3559
9814
1682
-8240
-3529
-2816
3391
9601
-9132
-8934
4638
-6395
8334
1946
-237
6902
-5492
1036
-6300
7685
4520
-6469
-4868
-2668
-7829
-2634
-3752
300
6460
-2206
4647
4520
-2223
2598
-5011
9723
3173
-5682
-8477
-2883
1393
688
-6497
-156
-7144
-907
5444
12
-7996
-4393
-7479
2754
9840
8926
-897
2992
8827
-6630
1321
-7432
8719
-4545
-4903
-6458
4032
5889
8543
-5979
8636
-2015
-2146
678
-1248
2729
-7761
4687
1199
8478
4176
1163
-3576
1241
-8751
9792
-6756
-3898
2108
-3847
-6173
9220
3097
9989
-5900
-8251
4046
-3530
-8874
-6419
7159
5803
2990
7560
2941
-8863
2475
-9286
8152
6392
4433
-385
-2060
9990
3577
5973
-8274
4385
92
-3349
2152
5910
-9327
1599
9116
5536
9506
3594
4650
8188
504
-8379
5396
-8866
-521
-499
6283
8259
4978
-890
1803
-7791
5662
6226
-9074
-2741
-7152
-5663
8577
-6710
-1271
7876
-6779
-2836
7723
9340
4658
7797
-8069
-5016
-4120
-9052
-2639
-9580
-9349
8547
-3730
-277
8871
8178
-7582
-6662
-6708
-408
5593
-6096
9552
-8737
5286
-1050
7942
2988
1897
8745
-987
-5621
-4355
-9995
-8178
7088
4382
3328
-2322
-2375
1913
-271
-1250
4628
-9433
-4116
5764
4878
-1638
-5454
202
-2011
-4274
2211
652
-2525
-9554
2074
-9955
7448
2591
6655
-4161
-3829
-2541
5181
9961
-8839
-7162
-2796
-146
9025
1595
-4989
-5968
-3641
-9264
-8429
-6356
9277
3225
8837
5517
825
9453
-8072
633
2702
2048
-7448
-5629
7209
2908
-3279
4293
3430
-3973
-8492
-8089
9367
-1574
-3502
-7267
5418
-1102
1283
8972
-1308
2705
-902
535
4459
-7939
4935
-6871
8745
4142
-2595
-3219
-5368
-5061
-5634
6664
7130
-3069
4611
-9743
-4376
-6632
6702
-4638
2360
-7490
2044
314
-3550
-9370
-6509
-1162
-68
8050
8167
1303
-2285
5641
-6794
3514
1071
-3062
-2996
1752
7172
973
-4343
-8709
-5299
-4421
-6466
8018
-954
1385
1583
-6982
5786
8029
4041
4783
2294
-9667
-6606
-4206
-6995
-9404
6457
-7359
-8761
415
3177
5631
5176
-1636
-3064
1299
5247
4105
8601
1795
-8364
5133
-840
-6111
-1029
-6241
8639
-7496
8121
9
-1191
-8760
-2241
3598
-7533
-9679
317
3030
-5624
8519
-780
7295
8662
5121
-484
-7188
-7880
3350
-4198
-1170
9300
1145
1702
-5965
-1379
-1450
-7410
251
1898
2025
-6389
7805
2385
-2880
-9889
-1222
8312
509
-563
9538
-5399
-1742
-123
9558
6630
9484
-2712
-4044
8786
9705
-8172
-3550
8589
1039
-5117
1617
-128
-9579
2766
1564
8938
4937
9654
-3813
6353
-4292
6430
4487
-1459
-3049
-4800
-5313
-6737
-8822
1930
5649
5601
-1249
-9952
-8957
2650
6315
523
7184
794
224
8110
8393
-6488
3952
-5844
2600
-3892
9965
-7231
-2112
7324
-1632
6854
-335
-965
281
-8514
6892
4082
4822
-1745
682
-3341
7100
9646
-7487
-559
8019
7050
-362
33
2824
933
6313
9119
9755
-3355
-9099
-170
-931
1277
5425
7829
-3111
9449
3672
-8385
3127
-1536
7498
8799
-7263
3618
-3656
6252
-1508
3426
-857
-4000
7728
-7079
2136
-160
5243
-1228
4257
-5071
3876
-4872
-5198
2431
6911
-8349
-216
-5256
-967
4248
5786
-4240
-5292
6150
-3811
-1925
8473
-1325
-5154
423
-7014
-4244
-5241
-8899
2170
8302
5193
-6840
-298
2784
4243
4693
-8477
9586
-3222
-6969
1014
3262
-3901
6634
4116
6664
834
-1338
-1577
-3403
6200
9105
1982
-7917
5377
9001
9759
6610
-9890
7490
-4209
5083
6440
-5704
-8457
-7414
6821
-1641
1323
1184
-9178
4524
-516
-6306
3528
-5509
988
-4376
9928
6359
-1540
-4825
-1104
-3760
7648
7830
-6290
-1941
5566
7794
427
-2472
8844
4899
8767
-2390
-5614
-7756
-2041
9883
-4867
-8145
-9184
4290
780
-1470
-1830
5695
-2664
-7196
-4511
-3585
9891
4364
-9118
-3223
1501
-9394
2880
-5742
3765
-3468
1061
-8632
-2631
8305
8230
9312
-5791
4237
93
7336
9394
-4712
8435
-1700
8462
-3006
-6219
6393
-7691
9774
2120
2818
7007
6200
-3395
-7003
-1542
4379
-8185
-302
3360
-8903
8421
-6444
-3225
624
8787
-5662
4138
-1484
277
4792
4821
7571
-2910
8512
-239
-7914
-3362
-8823
-43
-8071
2461
-1447
5594
3100
-2
847
8799
9683
-3128
224
5217
-5404
-4633
-6023
7794
5453
-8002
2188
-7802
1750
809
-7811
7527
1944
-4144
6290
8623
-583
-3567
-5175
-8699
349
715
-6475
-4269
8780
-6456
6764
4965
4867
3091
-7809
-7565
-4699
-9123
6892
1264
-8362
-3137
899
411
-4098
2767
-9198
-900
-7458
-8558
-4659
6622
573
-9175
-4225
-6608
-9417
-3004
3883
9959
-2777
-6226
-1651
-7244
-6899
-4279
5061
-2024
-3433
6576
-7665
-7914
-4127
8178
-9115
-4771
-3548
-8599
-192
-8423
8647
1493
-347
-3830
-4722
9451
-9604
-8625
-568
-7672
2735
2777
233
-2131
1799
7446
-3501
1380
-7441
-1315
-4426
833
5782
-6114
-9000
-8726
-4323
1982
3705
5584
-4994
3854
9276
-1782
3110
458
6498
-3617
4126
1833
-5268
-4877
-3771
-9185
-7294
5899
-5669
-802
4875
9527
2571
1220
4625
6329
1854
7324
-1617
770
7224
3384
-4111
8226
9131
-2230
-1419
-7958
-9653
-3220
6743
2438
6068
4628
-7249
1865
-9672
5668
3553
8972
-9704
6271
-9842
3481
-3661
5847
520
-6023
5049
-9996
5728
-5813
5435
-9257
610
7623
-1765
-5166
-3464
-579
9750
-9000
-5964
6513
-9605
-7314
-6737
6873
9690
8157
-2415
-1724
5879
2329
4911
7870
-284
2186
8166
-5642
-121
-5543
-2838
-5929
-2253
-2876
970
876
-1513
7262
9827
4729
8260
-8763
-2657
-2817
-8095
7846
-8822
7690
-7313
6423
-255
2850
8205
-1048
9223
462
8746
-4398
6335
6584
-1101
-4429
8645
-8272
-1054
9445
-5792
-463
4356
66
4123
-3176
-1147
3556
4916
-1569
2418
6848
-2284
-9838
2282
3757
-4933
-8297
7700
4803
-8063
-6714
-5572
8199
1761
8255
-6534
-3991
572
7001
9136
9101
-392
8137
-410
4070
413
273
5228
8602
-6182
-5153
2457
9360
-2477
-838
-5739
-1544
-1116
3419
-2689
7804
6013
-4145
-5156
-5355
-7579
-79
-7533
-2880
-6015
3826
119
-3114
-865
-4935
-5906
428
9117
3261
3783
-6287
-5778
-9898
2438
810
4700
-4007
-1683
-4819
-9455
1928
-2672
3503
6612
-2980
-9384
9981
-5605
706
4782
3422
5111
-327
6804
-6577
-65
8020
-164
-9533
4440
-2179
6096
-4656
-2686
6800
6516
-993
3166
8744
9609
-8486
9163
-4133
-823
-9530
-7142
2181
8357
6575
5637
-362
7287
942
2540
-8546
-8198
-6726
-5351
-6813
9866
-1399
3092
19
-9613
4206
-7689
-6879
9823
1519
-4280
-5121
3213
8414
-1415
7218
-6375
4100
7627
-2022
8639
-621
-3994
-7062
4909
-3940
2346
-7245
1722
-202
1542
-8270
-8342
6103
3201
-6951
8395
-4688
-4216
-7332
-1559
5775
-9617
-1008
8800
-4843
-8779
1367
-4868
-2839
-9654
1416
2978
-6361
-8068
-2011
-7129
-3980
-9883
-1721
5631
3488
-7674
7044
6084
-679
-1719
9063
6517
9734
-9858
-3781
-6191
-8440
9676
-7824
2651
7864
-4762
-9011
-6562
-9849
-2237
-7373
3941
3553
266
7298
9813
4018
-9581
-1443
8414
-7514
-1238
342
-2946
-1152
-694
-2156
-722
-9004
7611
-7618
5459
-8296
-6555
8424
2069
-9002
6063
-8606
-6138
6386
5394
-9570
6259
4051
2126
4568
2161
-5912
-3576
8086
-9708
-178
-4591
-7636
6331
1076
3481
-8409
-6658
1778
6817
-9457
3667
-1217
2813
2482
5050
-2038
725
-1280
345
-3714
4016
42
7200
-2651
-8481
6885
-2851
8995
9425
7430
7334
5583
9341
-9840
-900
-1611
-9068
8084
1691
-2949
-8399
9258
2205
-151
3827
2992
-6078
5174
4901
-7776
717
-352
2531
5980
-2650
-5608
9070
3978
8900
5966
-2577
-407
5536
-6779
-5604
4318
426
7312
3576
1081
9216
5903
-4661
7449
2324
8520
328
-8408
4616
8350
-3625
6561
-23
146
-1363
8972
-3692
-6844
-5933
-10000
-890
-7133
-5660
-5062
7215
-1991
-6469
31
3947
-7185
8154
3760
-8457
7484
5309
-7749
3833
3147
5036
4231
-9634
-6259
887
9144
6223
-854
17
-7284
-1883
-3894
1226
1272
8133
-562
-3413
-3356
7119
-162
-2160
3063
2795
4855
4663
4015
-2511
5940
6391
-6740
-3434
-6355
-9278
2096
384
-4014
-1389
1142
-3564
-5051
-3940
-5897
-9305
2784
2034
9845
-6818
-7659
-7731
7072
5818
2512
177
-137
-4781
3852
-1215
-3884
1445
2655
1064
-3524
-2117
-2886
-4830
-1468
1321
178
8084
847
-1997
-4885
-3657
1057
-4112
-8357
2253
-1193
-4925
6836
-7392
3058
-4615
7356
9126
-2810
553
-2988
-6717
-4493
3271
-5519
8440
-5678
-3622
-2514
6607
-4196
1917
8644
-1684
-3152
8241
-4553
-4524
-9133
-7476
684
-3179
-9686
-3785
930
2601
-4887
-7440
7384
-8096
4386
88
-7622
-1333
-8845
-4201
-7300
3374
6006
1657
2448
4520
6741
1196
7240
1917
-784
6370
-2515
-2728
-6184
-4108
-6257
5670
-534
-9014
7493
-8585
9457
-649
7647
-9066
9831
-2928
-4506
8719
-2062
8337
1835
-115
-2120
7896
-5668
8861
-4098
954
-5668
-5697
-7936
5060
9293
3392
6047
9377
-6948
-6354
8756
4609
2198
-1043
-9746
-1092
8602
459
-6834
-9062
-268
842
5998
9899
7674
-8893
-2506
-5094
6318
374
7100
9573
-2589
-8851
5336
-7944
-7684
1241
3620
-4079
-5075
-2285
2499
7057
-3256
-9646
1560
70
-6599
-6493
-6398
1666
6602
8313
6246
-9883
-8088
1160
-9937
1810
-8262
-1647
6500
-2374
3747
8447
1664
6760
-9299
-7603
-4547
-9593
3311
8177
-7383
-6136
68
-5008
-2942
-6
-6744
3285
4170
-4444
-2480
5253
3376
2212
-790
-7841
-9684
9298
-4546
6217
-9301
9308
7913
1621
5131
-1413
-8250
5264
5755
8029
6616
-9131
-2754
-5452
-9338
4375
-851
266
-5466
-6069
-3872
-3647
-5427
-4278
5117
-4444
-3087
2496
-6514
269
78
3467
6267
-4243
3468
-419
8362
9015
5845
-3825
597
6735
-5579
-7024
-2221
7901
3479
9610
1312
4197
1416
385
-4316
8305
3562
-8653
251
-8129
9505
6765
8017
2346
8371
-571
-2874
2452
8425
-4745
9760
6635
-8583
7712
1197
3304
5192
5071
-351
4250
-3923
-8989
9626
-3376
-301
4132
-7824
7122
2370
-2075
2605
-6463
5752
6380
-3826
3015
5411
-1864
-1360
-5842
-8311
3139
-5350
-1077
7530
4040
2534
-6194
1002
-423
-4512
3453
4388
7590
-4790
6148
1890
8803
-9620
-5228
5741
-293
-3187
2954
7359
-4248
-4468
9294
-137
-7349
4063
-3958
-1675
-2876
4330
2565
8551
3895
-4409
605
-4654
-5477
-9000
1828
2401
-5664
-1901
-7208
-1290
-5058
6874
-469
-7235
-6222
-718
-5945
2716
-978
5422
3783
5719
9248
4485
5210
-8774
-9830
1736
9130
-1572
-7169
1438
2534
9868
4457
2389
-214
4413
3197
2700
6738
1408
-5578
597
-7764
-4117
-3348
-660
7017
8017
3876
-2158
-4714
2494
-5224
9646
-3209
4472
-5560
9887
-5924
-2774
-1358
-8633
-2160
-5329
9864
2060
-6432
9941
1144
2497
3416
7993
-8749
2341
-8210
8606
-3931
1224
2027
6381
4809
-2088
4494
6219
6444
3817
219
4514
5216
8824
-6442
-4391
-5470
1139
2794
-9050
1614
682
2859
-2239
3200
-2835
-4070
3864
-9941
-7944
-7678
5315
2046
-620
7260
5025
4183
8730
5896
-3503
5227
1949
574
-3441
-1862
4064
8615
7831
-2279
-8527
-979
6825
-3545
-6224
-3680
4946
-8321
3821
-7199
-3229
-6214
1570
8643
-6680
-5420
-888
-9198
-7557
-9590
-148
9076
-8437
-549
6989
1264
2377
2492
1479
5467
3565
4949
9222
1504
1223
-1849
-9756
7909
-1580
-5165
8253
-9534
1750
3405
-4694
-5734
7134
1615
2029
-83
-1728
-6093
768
5442
2851
-1155
9591
-8220
6219
-4831
-4769
1634
4952
9697
-1856
-8155
-3743
2788
8051
6681
-9959
9395
1094
7831
-7098
-6974
-8293
-7730
5448
4356
9705
-3767
8349
1421
-7516
-5368
2817
-9902
822
5858
3227
-2474
6809
-729
-4234
-4335
-257
-4920
-6111
1028
3004
-1536
-5791
-6538
-5218
9227
5802
-6820
-3551
-5306
6823
-8207
-2309
-7002
7169
1689
7690
-2846
6161
-3984
-5617
-7162
-2578
-8907
-6476
4032
-4779
1304
824
6017
-1584
-7879
-8083
-8835
5770
4862
9388
-2256
5951
1127
-8262
-5835
-6621
-7693
-2826
-7716
8390
2731
798
-1626
-904
3155
6128
-1520
-6312
3234
9082
-8773
-4750
-3685
5240
-5955
-1764
-9123
5251
-1473
-5956
6327
6402
-4421
4254
257
4037
394
-9603
397
-454
-109
7910
-5658
5229
-7663
-7662
11
9560
559
9748
-7671
-7642
-5578
-4840
3193
-9592
-8381
4240
-6574
1267
-3282
-7235
5025
786
-4923
8889
-137
3984
7060
1258
2778
-5521
-5702
-1354
-6566
-4164
-91
-4591
7531
7027
1854
2329
-3669
1868
8741
-6301
3635
7601
6585
3959
6739
9494
3469
1191
-5932
4815
-8717
7434
-4273
2626
-9278
-8356
7383
-8204
-1185
4666
3988
-3413
-6121
-6871
-3707
-7885
-9991
3820
-5373
-7539
-980
2237
-6566
-7411
8436
-9555
1148
5228
3024
-5265
7715
-1298
-6077
581
-8900
4827
-9407
-2673
-9002
6657
-28
7277
6173
8255
8878
-2062
-7232
-8216
6767
-8147
8718
5087
-9499
5091
-5295
-4970
5594
8252
-6855
-3636
-9570
-2951
-6082
627
5377
7875
1378
952
9449
-8389
7854
-4535
8948
-8497
-643
5011
3181
3645
3186
-2851
-660
2849
-9847
1495
-312
5863
8800
178
-1418
2493
7283
-2666
4300
237
-4283
8112
-9560
2993
7977
-4846
-5228
-4873
-4452
-4019
-1112
2402
2253
-3248
-4667
9849
-2649
8029
-3370
4397
-3434
-3085
-6795
-6847
8651
-3770
1400
6259
5288
-1772
6421
5760
6111
9775
-6842
-6629
-1477
6809
-4758
44
342
-2689
-7639
-6306
-1033
2453
5123
2823
-4160
-5197
6027
-2871
-8974
-3713
-2699
4886
-2611
-1285
9382
2933
3542
-9967
2486
3577
6771
-3326
-4179
3042
8552
6040
9330
-851
8210
-3275
5782
1099
7027
1148
-5764
3703
-9071
5488
-2028
3306
2012
1339
-617
6343
1282
-6998
-8163
8464
262
-6406
5406
-6513
-3662
9561
3978
3465
-7073
-4277
7407
5096
1394
7297
4826
-1004
-1278
927
6508
9269
2914
-9509
-2920
8159
1902
1332
4087
1478
-2205
1587
1258
-7215
-3683
-2396
-3146
7483
3329
7439
-1733
1925
3475
-5997
-8180
-5592
5301
-1178
-5525
-6538
2678
1880
4168
5087
-8693
5380
5655
937
-9049
-6745
6368
950
2615
4803
3235
-5361
-5584
1128
-4351
-5974
-3934
5412
-4531
830
1864
-5423
-5728
2488
1798
5007
2613
166
-9333
-2509
-3456
-7195
5748
7411
-7938
-6166
6628
1913
-1395
-581
4177
1436
6463
-2822
362
-5838
-7152
-7179
5484
-5647
-2062
-1310
-8822
-9957
-1825
178
-9353
3372
5698
-7101
9919
898
-8229
-7625
-182
-539
7495
-3658
5176
-145
4825
488
-2879
6662
-276
8687
3133
-5705
-5549
-469
7642
3804
1773
-6528
-1273
-4925
9231
9724
-8517
9304
3752
9835
8788
-1532
-1860
9336
5347
5199
6861
8930
-1001
-9253
2482
-6348
-6362
286
1366
-3469
-7703
-1560
2530
6940
3695
-999
3407
-8710
-1634
-7169
6405
3781
-8568
-8359
9334
-7640
7349
-8280
-2443
-1117
-1153
-5540
-8101
-8958
2225
-4337
3254
3179
-4098
-5682
9897
-249
-4598
9397
5664
-6640
-2716
6153
-6141
-8491
-4232
-7649
-2506
7902
7854
-4393
4583
-7065
736
7551
7320
5731
6573
1412
-1652
1152
5932
-1193
-293
-6099
8751
6123
-3461
3030
1504
-7130
-7804
-2037
6433
-1143
-2777
2024
-6645
-2443
-7139
8733
-135
2309
3034
4142
-562
-6811
-8543
7007
-7258
-7318
-7552
-7938
2163
-633
-2507
-8807
3731
1461
5747
7141
-1576
4089
4728
5335
4670
6804
833
1250
1035
7258
-7024
6276
-6140
-4409
-2477
-2580
-5610
-9803
-603
4533
4823
-8974
-1790
-313
2303
-5859
-4791
-5202
6820
7076
-5103
-9390
-3260
-1179
5220
-6305
-3418
108
-8660
3016
-9015
9098
6076
1254
-225
2647
2658
3690
-7108
-2654
-6993
3939
-7934
5396
1517
5633
-3379
-5285
-3663
-1777
3829
6197
-2472
-5433
-4581
711
1819
9146
-3395
-8759
4185
-8226
2552
4179
-2257
-8716
-9309
-7706
-7200
-7155
5044
-9052
-4286
-6281
-8188
-9993
-5012
-9752
4877
2270
2169
-7474
-3951
-4926
8295
-7201
-7227
9269
-9189
-5978
6873
-2647
-1326
1680
-6204
1211
-5857
1451
5705
-5710
-6950
-926
-1181
-1441
4282
-8745
6703
-3618
7108
-5819
4308
7467
-5756
-6229
-9635
7429
8736
1618
7797
1934
-9265
-2427
-5269
-9059
-6460
-9010
-6284
-6822
-3360
-2687
-1835
8361
-5594
-2704
4974
-6998
4394
-5230
466
-5224
-2403
779
-7941
3986
7384
-4218
-5020
-9876
292
-58
-7726
1275
8995
4133
4488
-5150
4907
-1829
-6459
-7745
2931
-6018
-6552
5738
1469
-4671
-4140
-4193
4601
3185
7813
-6095
263
-4574
-8085
-5539
4169
6626
-2767
4104
1166
-1875
-7978
-7369
-9225
830
5925
-2401
-3402
-1642
2693
5325
-745
9615
1777
-4170
-3281
3008
-9301
4266
8583
-717
1750
-307
-9705
3582
4776
-7294
-1930
1503
-5638
4055
-5611
-413
-8539
240
-8526
9571
4151
3328
-9038
-452
7648
5526
3456
5448
-858
-62
-402
-5616
1972
-4846
-3383
2816
-3232
5944
4358
-1013
5967
-398
-2029
-662
-4385
7729
2380
8611
3304
7381
-757
-81
1077
3971
2254
-533
9433
-9903
-510
-1077
-4484
6755
-418
1074
2336
-2612
-9862
-7489
5208
3173
-4530
5093
223
7375
-1497
4514
-7109
4424
3853
5554
4437
-7216
-3361
5887
-7854
-3327
-3121
3416
-7855
5514
2137
5165
5217
4403
-6335
-3445
3441
4089
-9361
-8830
-5094
-3609
-5378
3369
8075
-4061
84
5458
1642
-7889
-2721
-2204
4487
524
5490
-9879
-8037
5323
9976
-7661
654
9711
-2705
353
-6060
9250
-6053
4223
-1041
-4179
-2590
-8080
649
-1691
-1637
-1069
7671
-1205
9997
-1518
651
5746
-4205
8293
7766
-1341
3576
-2606
3715
-1695
-3526
5372
-9171
6617
5143
-2721
6317
-9255
-1572
5829
-3699
-1577
-7264
922
8505
9996
-2282
6484
1335
-8936
9338
-6203
4942
-3763
-9807
-604
-3285
4244
4434
-9334
-5936
-2591
-7141
-7238
5726
-5005
-9328
8300
472
-7467
-6880
4562
4335
-1822
-4800
-401
1273
9414
1466
925
9815
597
185
-9218
-7872
-3717
9075
-6357
5364
6577
2821
8051
-2605
-5950
5022
4439
-1319
6346
2219
540
1885
469
6792
-9267
542
-6199
3980
-4599
5929
2682
-6651
9861
-2453
9455
-8081
-9319
-3108
1750
-7135
955
-3145
9706
-5409
9072
6678
269
8026
5436
7536
-9195
4520
1398
7074
-11
-2002
9538
-1718
-3567
-679
756
1877
-4745
-8348
8218
9230
-9769
-2528
2476
-6327
-9775
-711
-4322
5886
-3520
1178
3976
-5242
1078
-219
7702
3742
3382
-1841
2757
-6152
-4383
-2020
6765
-7686
-875
-2175
-9460
3128
-9228
9059
-8264
-7317
-8029
-6973
-5512
1182
-4482
-772
867
-2860
-2131
-9598
4530
351
6337
7883
-3907
-5007
2459
-9634
2138
7638
5555
3898
-9557
-5085
-3494
3315
-8578
641
6541
5017
-9545
2766
6524
4767
-7063
-8962
3941
9686
9587
9229
3340
-9419
-8974
5091
8181
1573
