15930
-7165
5023
-2823
-681
-3329
-9346
-8639
-6263
-2382
-9445
-657
-9932
-4161
-1398
4069
4702
-8459
-8675
5718
2776
6124
-6929
1541
9327
-5171
2129
9687
4039
7180
-1142
584
5723
8134
6106
6255
-9097
5266
7754
7443
310
2374
-2057
-7956
5767
9505
1217
1189
3022
-1184
-3500
-268
7700
-7401
-2142
-8518
9239
4389
-3085
857
6796
4330
-5899
9054
-2995
-5814
-1765
-8779
2633
-2147
7811
9397
1620
2510
-344
-243
8608
239
-7518
-4535
-458
-2512
9751
-2750
-8557
-5424
-3868
-3390
-7822
8833
-1683
8150
2926
2958
-6459
9978
6543
-9822
6049
9663
9887
-4329
1053
-3011
-5277
8063
-1824
754
2382
9491
1305
5831
7743
2179
-9906
-2531
9245
8795
-6872
-2164
5538
7884
-8097
-2940
-12
-917
-8155
-6315
-411
-6595
5610
-7264
7295
978
-2421
7298
-6374
3114
4231
2735
-4309
-3828
2839
-3648
8099
3574
-67
-8612
7130
2511
5426
-2366
8000
-5525
-9700
8993
-1755
-5663
-2663
2401
-4030
-5700
-5054
4610
1734
5671
7336
-692
6363
-559
5069
-3093
5546
2248
-844
-9201
-8545
-3729
-4629
-9459
-7309
4188
5306
-1896
-2573
-3449
-6981
-763
6864
-9601
6668
9090
-9151
-3482
2926
4158
-8177
1293
-8197
-2974
-3623
8757
-7401
-2232
-9657
-4641
1391
-2788
-848
-3588
6761
-7045
5491
-1959
334
9895
3205
-547
2810
-4640
5815
-4272
-6564
1129
-5796
5733
3194
1230
-7525
4174
-8391
-6645
-5368
4625
-1525
852
-973
6329
4088
399
-5189
837
-7570
8645
221
9950
-7422
-9148
-3178
1163
5462
-564
1156
5398
-5881
5564
-1824
165
-9165
1851
8750
-5873
279
-5933
-4500
-4946
-6673
-8853
-62
-8160
-8272
1488
-9718
-3770
-2214
2747
-1074
1859
2500
-2257
-2262
-1021
-9339
-4283
-5823
7893
-7545
793
-1782
-6507
-9825
-1223
-2692
5127
2728
2935
-6472
-6881
1531
-7021
-942
-1296
-7662
-8183
-6725
2216
1305
7613
678
-3819
-5341
8955
-6744
-7130
988
-1753
4335
-4075
-2700
7546
-8103
3583
-8273
99
6449
-6185
-2928
4062
4536
2805
-4969
3368
-9045
-1102
-2827
-9628
-4733
1870
6881
-748
3210
-7007
5289
-6098
1881
-3348
7916
7206
-1331
5593
-2623
5583
-262
-431
-7127
6056
-5738
-8011
8121
6299
8548
9422
-3411
4841
-8719
586
2601
-8318
7806
3688
-7473
2720
2946
8953
6808
-4061
1713
-6455
4279
-2659
1743
2698
9081
-3080
-6040
-5167
296
1738
8608
7595
3788
-1331
150
4844
7403
7526
2684
1377
9098
9887
-2434
-7560
9375
8645
2772
9622
3363
5282
8191
-4724
1504
4801
-3451
4817
-2956
881
6391
4782
-1679
9258
7344
8030
-2903
-6078
-7455
9828
5741
8258
1052
6134
2504
-7408
-751
1101
3409
4892
-4040
-34
-2339
-1371
623
7476
-7638
-3594
7056
-2883
-8670
6474
-6201
-3261
4617
-1096
-3141
3790
2904
1315
6927
-5038
-3885
7114
8642
6865
-6846
-991
-5858
9262
-9958
-403
2135
8132
5006
1951
321
7603
5365
3188
8463
-7001
4575
731
2316
37
-8551
5151
-9082
-2337
-1438
-3674
9711
-4105
-6266
-7112
-970
-1681
1738
7302
-483
-7205
2541
1037
-2109
5581
7192
7129
-5535
690
-7159
-2119
-1254
167
-5076
4519
-6427
3622
8105
5423
-7019
642
-5412
-8563
-7072
-2003
2683
-3905
-369
4061
5873
814
1464
-8234
7207
3855
2804
-5580
4214
4769
-544
9683
6354
-7722
2576
8092
-5522
-3250
6179
-2614
6636
24
6094
858
-7685
5503
-6748
9085
-2714
4582
5778
-3735
-3827
735
-243
-1298
593
6761
-5049
3880
-3043
5020
-9883
7339
-1290
4649
-5482
8578
4364
-2829
3651
-7647
-9549
6488
1747
788
-4766
-3707
9045
6616
235
-5488
-4693
-4693
-3924
3587
-8963
-496
3700
-5595
3539
-431
8825
7152
-7569
-6335
-8276
-3396
-4488
1060
7477
5656
-2565
-7572
-5234
-4756
-3125
7708
5946
-3867
-5556
-5227
-5603
7935
4486
9906
4940
1965
8863
-8824
9687
-5598
-8442
7713
-6534
-4481
6207
-817
7186
-6385
-3395
-5176
5902
-4600
-9448
608
-4447
6083
-6184
-1179
4752
-6680
4604
9558
6194
1977
475
-3716
-6712
-449
2167
2204
-5337
-5273
3973
-7922
-6537
3195
-844
-7616
-4819
-2877
1600
-680
-5270
5591
-9561
-1053
6403
-828
-1586
6819
-3459
8375
-3056
6545
-6536
1029
-7305
-1656
-6660
-7933
-4649
-1515
8354
-3269
-3160
1102
-9829
-9451
-2899
-6064
-826
-5028
9842
-4522
6639
-7011
2530
9502
4779
-7826
-9960
-339
9108
4092
6445
-9437
9516
9761
2519
-8042
-6811
6085
6763
-168
-98
8215
-8825
6006
-1455
3760
-1439
-7067
2191
1551
489
-4894
3674
-4832
4393
2687
-2394
5862
9313
6180
5142
-9176
-7618
-7635
2358
-3180
-5642
8531
-7524
3108
-9048
2183
4740
593
2312
5837
-5120
9421
2082
6085
-2778
-4804
4552
3250
5738
2181
3002
3643
5631
-2711
-8569
-5927
-7824
4104
-7871
8089
-9656
8549
2399
2429
4437
-4485
-3040
-8920
-7664
3906
-7296
-619
-5169
3217
-9552
2523
708
-2568
-6484
8108
6684
4867
1177
7137
7977
5055
-9440
-1815
-9312
1874
-9634
-5839
4811
9007
1393
-3861
-4100
2681
-6327
-6993
-123
-6759
7814
-6322
-3817
9289
-9204
8094
8651
1899
-617
-470
-5787
-2767
-3087
-7585
7795
7838
-1158
-4516
-2234
-321
5170
-8735
1450
-1607
-3985
-3689
2446
9889
-7930
-3168
-9682
-3333
-8851
-737
1843
9893
749
-1841
-1176
-3830
5265
2083
-7997
-2063
5452
4210
742
4540
-6462
-7991
6804
6308
-4014
-5457
-306
-8422
-1735
5501
9475
-944
-8354
2088
5113
345
-436
1145
-1469
-5873
-5771
-9024
-4363
7743
-8456
164
4514
8765
-2760
-9523
-3014
-2905
157
3179
8397
3342
7922
7803
6978
-3776
-5725
8416
-9749
-3876
-4950
7977
-2652
1464
-7656
-7556
-7818
3305
3479
-2733
7111
2121
-6041
-3920
7185
341
1336
-1873
3158
-9155
-7126
-8520
33
-9988
-8617
2193
-1723
2455
6788
7182
7388
-4340
-3698
-4409
-8810
8813
1989
4614
-121
5774
-1373
-6822
-7972
-8506
17
-946
-400
1109
-2549
-7248
6128
5952
9545
2653
-9013
-5711
-5494
-8961
-3137
-635
-3009
6878
-769
5084
-9423
8019
1663
-862
9605
8727
-7228
8751
546
1891
-9542
-5160
-8676
1488
-8633
6541
9747
298
2189
3509
-4269
3269
8753
-1342
4413
4013
8280
4531
-5582
-5467
-7648
4466
6108
6581
1023
3555
-5998
-2490
-9445
6788
9123
-2566
2974
-781
1928
-6345
-1109
8030
7440
7256
282
2713
336
-6716
5874
-2434
7464
-3170
-8957
-7290
7449
-6382
7814
-2142
-8317
6710
-6222
-8160
-8920
470
8324
-4460
-723
-6101
-5527
-8991
6195
-9927
-116
-1652
744
-9827
4745
-5999
-2986
7157
1705
4269
4451
2528
825
3868
-9203
-8371
-8601
-4444
154
3725
-9667
-4091
4026
-1260
-2857
-9560
-2613
5560
1932
1942
2981
1111
4443
-8801
-5489
2940
9916
-5833
4208
-8354
8193
-3353
1543
-8331
-5165
-4487
3617
-7584
8134
-2206
4628
-2479
-1991
6643
6513
-3675
552
-4224
5431
65
-8463
-8463
-4466
8766
-9544
-4163
-6730
608
-4645
3173
6158
5645
2799
6961
-3394
3790
-4128
-4869
7884
-8494
-3520
1
-7786
7495
-2575
-8121
-1117
7669
-2600
6921
9427
-1782
-1010
5280
2310
-3347
2566
-9570
2501
722
-2842
-6274
3938
6160
-6178
8288
-6639
7195
8490
-697
-5988
2884
9946
8456
-3806
1614
7722
-1934
413
4245
-3786
-8930
7129
-913
-9154
-882
7458
8748
-1905
-3587
-641
-5322
-5937
8982
-8597
-4381
-9821
-8401
-3881
357
-2998
3219
-9481
-6043
-7234
-8195
-6036
803
-9864
-3918
-2639
-6399
9892
-6823
777
5146
-7684
9904
3263
-9150
2554
4942
1126
-7016
815
7176
8462
-8877
-3022
-4516
1729
-4754
8250
804
-991
1466
6251
-6327
1979
1092
-6982
-6556
-6401
-2560
-6277
-9161
8664
8926
1068
8912
-658
7399
3547
-4172
-3569
-1299
3674
-7338
-9567
5536
6974
8978
-938
-5045
6766
5019
-8509
6617
-247
7296
6089
-5252
-237
-722
8858
7674
2464
-595
-3892
-7927
-4261
7007
3881
-2727
-3383
160
-7031
-7322
6644
1695
6699
-8038
58
1541
-4333
1573
1418
-9034
3608
8835
6468
-6539
-4896
-8152
-5219
-7482
6321
-9009
-5700
-7514
-4168
2096
-5025
9052
8847
9221
3684
-2039
3170
7344
-7143
2617
1620
9347
3789
3940
-3264
-2874
-1076
-207
-9498
160
4099
3889
2322
2652
5374
2812
-6381
-9610
-2406
3338
4323
-1858
814
9702
3563
9059
-4616
6563
6984
-3859
1750
-5694
-4560
-9371
-489
-9789
-2827
891
-3888
5000
8935
8053
-6916
4210
9567
-4499
-6203
7794
-1435
7992
5245
-9842
8179
-6043
-3617
-5166
3039
-7619
4721
-5002
-6925
-4295
9001
-7261
-7147
4172
-2929
-560
-4196
-8605
-4841
8203
-1654
-2462
-5224
4537
-6848
7834
-2479
7136
-847
-2065
-3433
-3408
-8196
-72
301
-4578
-5473
1282
2837
12
-522
2642
-4103
9999
3187
-6066
7806
9796
-5886
-1042
7214
1123
-3592
-6989
899
-8647
-5494
7946
-7363
-9442
246
2424
1527
-2995
945
-1405
3502
9224
-9674
-738
7640
3592
4180
9661
1949
1779
-7383
-6314
-5745
1117
2423
1706
6741
-4057
5629
6404
-5612
7402
1111
1528
4642
5884
7672
877
-7729
7071
-6267
803
-1997
1565
-939
577
7915
2860
-7924
8311
-7178
-7192
-8282
-3392
-3329
9466
-6565
5941
9415
-7405
-1256
6987
-1179
8818
-9848
2965
9768
8500
-1366
-8932
9748
-4245
509
-4570
1258
-9275
-8800
-9442
-2511
1274
-1598
6288
4316
5435
-4604
-4816
4988
345
-7581
2309
-3165
-2348
8510
7912
7011
-5593
-6374
5762
4821
-1343
6982
6097
-152
6326
666
4957
8070
-8023
-8718
-4884
-980
3474
2825
773
1142
3553
-1992
4631
-1707
9193
7200
-3971
2633
5127
5330
-7377
6533
6421
1616
640
-7436
5780
5886
4933
2940
9269
-9701
7648
-3584
-2444
5664
-4675
6088
-2976
-4936
6583
1247
5985
-8197
-4826
5912
-29
-6918
-2339
9314
7244
6801
4799
-8827
9882
8489
1813
7489
-6716
594
-616
3924
-5005
1643
8307
5148
425
8210
-5776
1379
697
6969
2720
1971
-3923
-703
196
-8117
2194
-371
-7911
276
-1293
1405
2506
2136
-9096
8639
-6484
2865
2306
-7284
9924
6036
2926
9137
7227
-2376
3237
6988
-2333
9992
-6110
8524
4683
9026
-2273
94
-9768
244
7690
-3371
6734
7592
-1024
9764
508
-6325
8367
-4708
2860
2023
2759
-8087
1835
3407
8367
-9000
-9002
7279
-1802
-4362
-7604
-5462
-4699
-4359
7279
940
7399
-4056
-1892
-6390
2387
696
-4064
2880
-4689
-6839
7126
9828
7886
-4994
-1777
3092
2261
-5569
5736
-112
-5173
4884
7607
-2413
-4706
8208
581
-6838
-6036
-4464
-40
-7199
-8969
-6694
1693
-8373
5542
-9465
7905
3327
5143
-3443
1536
-469
3006
9052
7244
4579
-6293
6005
-3698
8429
5729
-5913
-1794
5324
3848
-3049
7299
-6471
-9934
-510
-668
9295
326
-706
766
1072
7082
-1270
-5489
-1720
-8670
-7354
4731
8672
711
6964
-1924
5558
9610
-4221
-9952
-1203
-8885
-8270
-1187
2414
6980
8548
444
1271
4724
-819
5304
2803
-5944
-7084
-9036
6089
9003
-9573
177
-7696
6157
7450
-595
5620
3373
-9116
-8096
-2381
-7181
987
-7469
5609
5476
8143
-911
-6305
6190
9663
6259
-941
-294
-6203
2187
7300
-5419
1020
-8866
-1487
754
6530
8261
4948
850
2638
-7237
3149
-1598
8857
-5055
3725
-3809
2415
-654
-3102
-4036
-4767
2477
-954
9706
-5076
3194
-8116
8487
-6548
-8509
-2062
-7577
4927
7126
5792
801
4711
2315
-1890
-8011
-8674
-7669
2252
-4439
-5259
-2799
7778
-6471
-6042
6950
3040
1006
6908
8832
2319
-4174
-5494
-3241
-6912
5055
-8719
-1561
6349
-8930
-5972
-3201
7700
-7411
-1914
-9550
2870
-5386
4152
-5383
2895
-4728
-9021
187
7492
3621
7423
-2201
-5478
-2920
-2141
-1369
-536
2297
4146
6177
6451
-9144
7974
3646
8726
6614
2717
6805
-9745
9172
6445
2305
6791
4538
-9474
-4400
3260
5111
1250
9985
-5091
-753
-1168
-576
6762
5882
-4146
-9947
9780
6886
-5395
-6555
-3085
412
7187
-764
-8391
3470
7347
-8047
2295
6136
-5977
-6442
-1514
9561
-946
-5362
9302
1907
6353
-662
9456
-7732
-2590
-9640
-6350
9647
-1239
5340
-4044
2894
4019
8448
-6351
-8474
9967
-3339
2977
-9104
-2034
-8848
-1703
-7587
5781
627
2696
-2327
-5289
-2302
5546
2981
1871
-3655
-9795
-2010
-9587
6593
6969
-8148
-1085
-553
6953
9895
584
-777
-9151
781
6642
9938
-886
4339
-4411
-8299
6549
-392
7687
-5370
4478
-1087
1439
3604
-5695
7419
-5454
3795
5266
-4331
-6468
-5669
7625
4375
2622
2496
5049
727
-9499
8233
-4339
8594
-3193
-2566
9002
8523
4881
4568
4960
-1824
8735
-3313
5167
-2127
-8455
-1439
8299
-3465
-6584
-8337
-348
6811
4936
5111
1568
-9885
-3442
330
5547
7129
1695
-6040
-491
-4365
4710
719
-6332
2592
-6333
-4348
-3432
4758
-1034
2267
-5609
-261
9812
7277
-6857
535
9229
3825
-1051
-33
1641
-4219
9820
-6864
3199
-3100
-1585
2484
690
-9671
-3964
-1573
1658
573
6438
-8481
-667
-9764
6012
-5534
8107
3836
-1479
-6407
-5879
9113
3698
-2165
-2854
6851
459
-7859
-5195
-4063
-240
2349
1569
-5941
-2035
7006
6108
-1228
5726
8340
5636
4618
-3323
-9160
2036
-9655
-8650
3041
5209
4290
5577
9491
1330
-7397
-9887
8595
-6121
4283
-1818
6447
-3604
-9746
4467
5378
-5705
-6747
3695
6414
8133
3716
7956
5690
-3836
744
2519
-7461
-6706
-5819
-125
7693
3718
4454
-1721
4907
-6550
9605
8243
3317
9761
4592
2764
-1805
7471
1904
4351
-8387
5806
4291
-1646
7693
-9794
-3847
-8031
4089
-9696
2707
2572
-7793
3232
-868
9421
-309
-2413
-5257
5439
9239
4549
3023
-1754
4769
-5640
9653
4435
-7898
-1454
2835
61
4918
7083
-7261
8033
-973
-456
-2459
-8873
5264
-6845
-6907
-2952
-3922
-3876
-9069
-5773
9187
-1114
7283
-4003
3011
-6139
-5942
-5449
420
-5837
-7470
4569
-6495
-3286
-6978
-1081
4368
9520
-5331
-6484
-2563
-2624
3809
-751
4882
-9026
3961
-3091
3297
6135
6464
9411
3562
-171
4749
1009
-9985
-5865
-5030
-3467
3269
4797
5898
-1979
-8891
2993
-9156
8687
6145
8351
-9970
5985
2422
-8629
-7762
-1640
-4118
3396
464
2296
-8492
-2031
3794
7428
5044
-5418
4968
-7284
7726
1747
-6760
7156
-6065
6851
3190
-9366
3385
-7460
-9171
1599
9951
5594
-7991
-9478
4543
1191
-7696
7392
-1096
398
-2477
-8544
6004
6658
-3931
4175
1088
7441
3187
9615
-7057
7181
5332
3502
1957
-5102
6471
-4843
-875
-4128
5957
-2216
-2046
8188
-12
6267
-4857
-1268
-7186
-693
-7349
1658
9442
-7553
-6872
5508
-2710
4376
-4904
-418
-8542
-2743
6398
877
9734
6840
1519
-8983
-7147
3451
-9349
4984
155
-9986
5087
-952
2596
1002
5201
-1620
3857
-9384
-3504
-2021
9043
4932
8958
-5097
2224
6158
1788
-6016
5862
3040
3437
9934
17
1846
5182
-7911
7082
-6249
-5610
7697
-1896
-9870
-9719
-5168
-2175
1537
-7006
-429
5458
9523
-4433
299
9889
-3989
-59
-9745
6560
-7687
-5003
-716
-7024
3413
-7853
-6301
7123
1597
-2850
9298
-8020
-7907
9239
-1244
1151
328
-4883
529
-6321
8244
9507
-6397
6674
-4450
-2025
-7877
-7234
-8875
6580
8768
1423
-7179
2879
6293
3705
7092
9085
-6775
8297
187
-8329
-7903
1321
9997
4683
7924
-8814
8414
271
4973
-8325
5406
-1981
7987
-3866
-789
6928
-5068
-3727
-171
-9443
9293
8842
-3450
6926
8536
4810
-1499
-1885
3747
9406
-4530
9623
-3865
-7901
-6315
-6819
-2217
1679
3194
1767
-2877
6951
-9220
7871
8595
-9086
8588
-3033
-5376
-8178
5741
6334
-3609
-6973
1536
-3571
-9515
-2817
-7981
3244
-5198
-2545
-1256
1667
4584
143
-1480
-4587
8981
8076
5838
6127
-4005
-7725
8598
8068
-5055
9221
-939
7008
4299
4409
-2549
-5343
92
7218
-3380
-9636
-5173
-6851
7549
-5928
-4822
-6710
8821
-8072
6931
-2152
9759
-9056
1565
-3048
5169
-6351
-2545
2642
-3192
9880
-1576
-3692
-2007
9614
8769
-3436
-5180
3939
3087
2999
-8974
9665
-771
4204
-9729
9737
-430
-7833
-548
9288
-729
-4856
-5952
-2955
3653
7797
-5373
-4430
5913
-5923
-3376
6880
4496
6277
-942
-6334
4319
-2304
1318
-4410
188
335
9134
-9811
3399
-9389
-3011
-5436
4978
-441
5640
8655
-6265
-7000
-5756
-7435
7649
-911
-5477
-4084
-9820
-3222
364
-1772
2793
-7690
7507
-9959
7088
-2369
5323
-1699
-228
-8904
-4608
8346
-8103
8110
-4068
7425
-2737
-8590
5588
9786
-9970
2853
-1419
-9169
1814
-6627
-3417
-891
5427
-6386
-2556
711
-8390
9528
9760
-88
-6550
-4522
-3698
-6932
1821
9335
2947
1945
3960
1625
4973
8198
-7987
-5707
7971
2478
2335
2450
-1393
-7293
-806
2352
-9988
-373
2664
-6763
9189
-4642
-5492
-546
7486
-3779
-8482
-4368
2861
-6221
2153
-8487
-4104
9475
-1387
-8830
8342
-9561
1215
-7316
6041
9505
-2357
-7168
-6053
1656
362
7170
-2806
679
5866
3691
-3286
8940
-6891
-6566
5744
-6359
-4836
4622
4320
-6670
2953
-397
2116
7464
-304
-3403
-8584
5300
-4026
-7535
-1256
-9765
5141
-9154
-1853
-6711
2499
4415
-3473
-366
-8389
-1754
-6557
4676
-2380
-3092
-3684
9671
-4382
-164
-8963
8167
-8719
-4894
-9921
8667
-2680
331
-1108
-942
3554
-1137
-8616
-3569
9510
-6890
4969
8678
-3744
-1117
-1905
-4795
8040
-6208
6904
-8592
4915
-8748
-8063
-2487
-4019
-6327
7578
-9667
7967
9749
-8699
-1361
6901
2428
1917
-1596
5496
-398
3726
6971
6997
7359
5722
-7649
-4942
3202
5076
2589
9933
3800
4358
6020
-3653
9575
-9433
8361
-5628
-520
9932
-8004
-7214
-7973
-7831
-5866
-2715
2558
3178
-9868
-2375
-2074
-2767
-826
-8624
8469
-7003
-2311
-4728
-4570
8233
-355
8034
6391
678
-4032
520
1682
6234
-4840
8810
-2548
-2249
-7588
6645
5546
8795
9547
8598
-6853
-8826
-6005
7352
5415
8664
522
-5435
-426
-3574
3329
6237
-1509
2738
5270
9777
-8932
9665
-4256
2489
3301
-9697
-3048
946
1004
4692
-7265
454
-2135
-1133
1258
-9777
-3405
-5696
8690
8699
-5312
5087
-329
2922
693
-7031
8853
-7701
129
-2125
-6846
-1408
-9892
3824
-5943
5383
-9310
4681
1740
-5612
-6608
-5748
-2805
-6995
243
5457
-2634
-9773
-4462
-4689
-782
-4062
6390
1686
2115
7396
7777
-1660
8502
-8213
-861
669
7507
5672
-5538
6971
2345
-3529
-6683
979
-3649
9304
3151
-2696
4728
-1719
-6870
-504
-7122
-771
-8751
4732
-4144
1419
8306
-8509
6725
2882
6047
5468
6277
9219
7971
4746
2225
-188
-5834
4823
5230
-2089
5175
-4861
-1176
655
-961
8057
-9286
7645
1378
-7658
6459
7413
1364
-984
-7489
-3035
-8885
3481
-4248
-5206
4467
-6371
2254
5167
-8251
2033
-8816
-3727
3336
1233
2890
-7515
4738
-4604
5895
5931
-8728
-8707
-8543
8273
2523
-7770
1826
2945
-7743
2041
-9097
8433
7928
8287
7012
-6416
-7378
864
1727
172
1619
3599
-9717
3432
8397
2684
-51
6874
-5680
-4239
-4538
-9165
-6869
-2917
-8888
-7253
6450
1361
-2212
-2231
-9791
6828
-4938
2796
-4570
-4286
7027
-7476
1405
-6155
-4672
2976
-7944
-2318
-3635
2954
-9932
6303
-2284
-4051
2408
-2341
-7907
7334
5446
2641
-8665
8527
-6688
6003
-5995
3094
6322
893
5587
1842
6914
-2486
1608
8578
6738
5824
2838
-3764
-5950
-4237
5343
-782
-8515
6902
-7879
-5719
-8547
7087
9525
-8665
-4363
3711
253
8668
-3837
2447
1992
296
-4556
-3258
-6898
-3455
-4065
-5848
-2139
7220
-189
4688
-5970
-1801
187
-5568
8429
-1962
8411
7922
7111
5779
8632
9912
-7339
9592
4388
4779
7496
594
-4936
-110
883
7395
-8671
-9012
5061
8102
5220
5568
-6643
-4981
-603
-2368
4403
6559
4545
4798
-155
6482
9836
-7737
3210
4854
7935
2951
-6131
1382
-9099
-5659
-9629
-6815
4980
-6042
-2466
-2784
-5322
-4383
1435
-7228
5414
875
-4781
8808
4175
5727
-2222
8235
7680
334
6224
5607
6785
-7237
5955
-8320
-2490
5300
-4508
-1601
-2202
-2439
-7896
6468
-3315
-5420
-4757
-3053
6333
1992
-7905
4551
6763
2545
-5269
-7537
408
-7172
-6103
3329
348
-3168
776
1143
5231
703
7147
-7267
-1692
-4848
-1363
6938
-9982
-4622
-9471
6173
-9705
6345
-3214
228
3009
5440
121
6734
-7332
953
1293
-3951
5775
7311
-7176
9338
2869
6684
-3981
964
2978
-1150
8336
-413
-2111
4582
4363
-1865
1696
-8389
1250
-8399
9181
3772
-4411
-3483
-9429
-8491
-7142
9076
3735
-5726
3640
-5260
-785
-8642
-1653
-3829
6146
-2433
8140
1140
-2291
2182
-4150
1919
4405
5556
3479
-9754
-7800
7019
-3941
1376
871
-3030
8002
5057
3404
-3320
-9260
-7725
-8350
-8181
3728
-7427
3058
3754
7453
-3220
4083
-1075
2073
4876
-2559
2662
4877
8121
6143
-9895
3077
9926
-156
5318
5222
-5379
9504
6632
7408
1972
-1064
4008
-3260
-7840
-3718
-1672
-4370
1911
9178
6290
3084
5392
-7204
7049
-3981
-3524
-4206
5654
-9647
2246
4363
6203
2002
-9685
8698
-2621
2883
7071
1554
1257
5399
4551
7343
-7313
-1574
-7787
-3311
6710
-9116
-1898
4271
4779
-8347
-12
-772
-8795
3224
-1759
9602
4938
-8378
-3050
3908
721
-1934
-2862
-1301
712
-3060
934
-3998
-4345
-5770
-6666
-4092
-2730
-3754
1237
1311
2903
-9110
9379
-1908
-1317
-8363
-5036
-1711
2279
-5609
6232
-8551
6867
6095
2120
8346
1471
-7819
-7094
-5182
57
-5310
2
-6920
6632
6781
-8520
-6718
-4939
5127
3333
-4836
9917
-864
-6513
6001
-2978
-363
1890
-8201
1585
6289
-980
-9835
-7692
3212
-381
-3143
7978
322
-6317
-4484
7053
-4600
2829
4867
7601
3927
-8966
-8712
-3548
-5267
-6024
807
7552
238
-3744
-7264
2241
8252
8628
3103
6959
2296
4237
710
3182
-1517
6681
9862
-6383
-9316
2576
-9536
-3848
-9905
3152
6409
2545
1521
-4041
-541
440
-7090
-2094
-5513
3064
9630
-7091
-2909
-5125
8533
827
6654
3743
-2713
-8254
-8994
9989
8760
-1067
-5282
2360
-1602
-3353
4552
-5521
6501
-7969
-193
-7355
-5082
-6908
1230
-950
2829
-7710
8896
8935
7978
9525
317
2626
-5104
5904
5195
-720
-2132
-6251
3429
-7547
-7974
-3981
-2983
-6232
866
-9442
-4373
-9858
5229
8204
-9351
7933
-6133
3164
629
5222
-6115
-3142
2214
-8940
-1566
8292
-9614
-8627
2412
-353
8472
-9602
6778
7198
-5304
7941
-9912
-1282
-5565
-1458
6430
-5173
-39
-1453
3693
4243
-4734
-8837
-9896
-9872
-6067
-2814
1534
-6783
7006
9768
-1595
2883
-3034
3964
9077
-9292
-212
-4956
9662
-3286
-7067
1234
8843
5283
-9721
2853
7476
-540
2944
7085
9117
-4616
2616
-9481
4991
-5165
-4218
-7676
-8695
7059
2745
-6827
8820
7920
-1427
7440
6142
-9465
8322
-383
7382
-8037
-6067
5822
5869
4067
-6586
737
8113
-4289
1396
-963
7006
-1131
7914
8935
5003
-9285
-2407
2458
8623
-7715
1698
-3051
-436
3951
1207
9114
7760
1042
2080
2449
1403
8289
6312
6974
8793
7848
7834
3554
5040
-6678
-3130
-3453
-7042
3369
5732
-8118
-1422
9507
-1222
1434
-3609
-1544
5404
4072
1671
4342
-5325
-1220
2899
1905
4027
8820
3191
7877
8255
6935
3712
-5510
9546
-8300
2028
-2888
-4257
8294
-7974
-3047
7654
4759
-32
4477
5650
3318
1902
-7692
-8522
-6818
-2500
-4159
8805
-965
4387
1616
1190
-6538
6783
9160
-8746
-3611
-9197
3575
-5251
5348
8983
1336
-2097
-8485
3230
-8903
9600
6026
-1806
5887
7375
1522
-9561
-2850
-4390
-1348
-1939
-8301
1556
713
-6578
1658
693
9040
6141
1324
-2788
7475
4058
-2875
5008
-1908
-1609
9947
-7083
-1412
5794
8698
-9684
-355
-1465
9340
4944
9132
-1741
4865
6884
9787
4349
-4010
1706
-4991
-7913
9598
6234
-3796
2302
6724
-6696
9403
-2355
3996
8745
-6843
7056
9121
-9882
-5998
6432
4604
-2286
-8846
4602
-1747
9439
8876
-640
5014
8834
1330
9867
6218
-2776
9216
-4859
3598
-6957
-7730
-992
-7848
9664
-36
-1266
-4557
3888
-7942
609
7558
7206
-5638
-2724
-5381
-8023
-2338
-1775
-5370
-2592
-6891
343
-5531
-1075
-390
9187
-3912
-7004
7983
664
-6311
5298
5938
4597
-774
-5076
-6890
6045
4948
-9261
-4355
2164
-7055
-897
7241
-879
612
-6671
-3633
-70
-1804
-4025
4226
-7320
-5011
-3000
3148
4055
-8258
-1909
2076
-8959
5844
403
817
9450
6179
-6218
-3025
1235
3816
-9194
122
-6567
1748
-1758
-9512
-8419
-9898
9948
3740
-293
1069
-611
-2616
2814
-8435
-5665
-8078
-1856
1718
-8046
7298
-715
9360
3250
-8076
-9735
-2478
-2247
4564
-6644
-6203
179
-5955
-5516
-4767
4537
637
9005
-2023
3852
-5625
2036
-7362
-9466
8289
115
9143
6399
-755
-1086
-1464
-1618
7242
-5772
2808
4585
7190
-3147
6474
8203
-87
-8494
-6241
-8603
9215
-2074
-7078
-7476
9204
-4943
1334
-4370
8669
-300
5467
-2457
-7119
-2434
6079
7120
5972
9198
-7234
-5383
405
-2374
4414
-4967
-5527
213
-2197
1969
-536
6080
-5497
-5392
-3885
3853
-2437
1011
-7315
-4301
3744
-9054
2467
-1083
9376
-3073
7732
-7144
6234
-1205
8964
-9155
-8698
-226
2746
-2527
8107
-500
-3545
1763
-6406
-7119
7662
-5802
1338
-5491
-2158
-5961
7315
1113
2899
1710
9208
-8805
-7095
-9892
-3031
-5295
-364
5272
-6014
1553
4693
-1744
1682
5401
7740
-415
-9030
-5240
-9022
-8486
-1691
9640
-441
7440
4767
-6259
-8872
5938
5421
-196
-1797
5450
3509
-1214
-4128
5119
294
-6241
-8536
-7824
2392
6505
2948
4167
2052
8737
-9605
-3561
3419
-452
-529
-6000
-6212
5186
-8254
1815
8273
3494
5325
8140
2065
-331
-4788
-7450
8797
3377
-6485
-1893
-4253
-3059
1916
-7390
85
-1630
4652
-5071
344
-6480
-2248
-6853
5871
-4166
9393
-806
7183
4255
5964
-8699
-1487
-5192
-1297
-7773
4107
-448
6409
-5885
-4747
5461
-6490
-8167
-6212
-8609
4185
7896
5903
3179
9270
-5990
7478
3010
7750
-8245
3803
7207
-3632
-6792
-7685
-2330
9656
-1322
-5164
-1598
-8279
4571
-9911
6111
9304
-3668
3236
-5810
1351
-6402
3702
-6145
-5853
2993
-9503
-9381
-7303
3930
7355
711
-4137
7174
-8389
7885
9835
805
1390
4861
8060
-7385
1770
7722
626
4666
-8803
-8010
129
-2626
-9192
-7275
-2807
-7936
6066
8285
7131
4757
9404
5975
-3783
6672
-841
-4482
-4699
-1688
-3941
-809
7241
-3173
-2865
2934
232
-1746
-6543
-1911
5537
8931
-9213
5975
-9261
-316
6138
4310
3242
-6832
9416
1774
-1516
1491
-341
7894
5089
8104
2151
1249
5147
2738
-3014
7418
82
-2094
-3215
5281
-4923
2620
-3712
-5583
7205
4809
285
-6743
-7169
3720
4018
-437
-1274
-9567
-1025
-7149
-8431
8876
-874
-1537
-4713
-5546
-8132
9781
-4140
-5286
-7576
-3155
2689
-5797
9836
7609
-4585
8260
-657
-3079
-9758
5268
-8947
-5039
-8672
-2773
-1302
-1284
5716
-4926
-9411
-1432
-78
-6424
5500
3183
-2643
7547
5163
-5150
9685
8242
5674
-9317
-2221
-3399
8199
-8164
-7786
9728
2398
-4732
-3021
-2019
8558
-5315
-5105
-7736
-7200
-3046
-3730
-2506
-8278
5497
5088
5698
6766
2657
6735
6036
-3528
8602
7573
861
4634
3092
-6582
2687
-4071
8258
-508
-8810
-3278
4208
1233
-9031
-8952
9471
3126
-7245
-7391
-7376
-5029
-6260
7454
-6827
-5115
3165
-3709
-8046
-1512
-7401
-4245
9720
3817
5042
2050
157
5423
-3041
4572
-828
-5043
-6892
4707
-5103
7443
-2580
2928
9215
4321
-3710
258
3616
-9740
-2559
-1503
-7434
8229
-108
9178
2339
5801
135
-3372
-2516
5096
1555
1712
1786
9856
-8753
5209
-6251
7102
-3732
3645
-8619
-1708
-8088
672
-8848
-1985
-8517
-1815
-9362
-499
3413
-2818
-1005
8357
7817
-1772
-7709
1525
2784
-5781
-5670
4294
911
9231
6788
960
-5130
1821
9355
-172
9168
-1272
-3995
-250
-2798
2736
-2248
8661
-8459
2848
4577
6745
7864
-3848
721
-1610
6050
-2802
-3556
-2646
9649
-165
3697
-1153
-3239
-4919
-6141
-3027
4461
5545
-4914
2235
7528
-96
-5024
5511
1718
5824
927
-4476
-3281
-7214
-4297
-5142
7853
-7333
7990
-6930
-2203
4633
7831
-9628
-459
4559
-5877
-9596
-6089
5670
9291
-7587
5523
-593
5674
4872
-2106
-4682
-7365
5552
-6077
-5636
-2787
9150
-7143
-6852
7149
7038
4263
2097
-587
2045
-6016
7313
-519
-8046
-6811
-2218
-452
-7400
943
9749
-5861
-3148
9295
-153
1996
6772
-5739
2248
9530
-2880
2890
4829
990
-7215
3260
-3578
1260
-7186
9803
-6403
2447
-9340
5217
9827
3262
7640
9799
851
-3263
2279
8536
-7030
-8814
5120
6449
-8176
-9531
-9492
2806
-9881
2616
5750
5455
7086
-7106
5971
7929
-7511
-2464
-9598
-486
-7566
8989
407
-434
-4448
-8284
9823
-6360
5427
90
-3988
-5700
-5440
4976
6065
2
-6350
-4000
4214
-7697
-7716
-9320
7947
5325
-2117
-6903
-2230
-2559
-6429
4432
-6174
4755
-9954
291
1463
449
4716
-1423
-835
4196
-591
-5270
-1946
3101
-844
8655
4082
4317
-7515
-8863
7935
-5242
-2084
8522
8432
3820
-3517
-3128
7326
-3513
8206
-5193
-8804
1022
6683
2305
-5163
6100
-4624
1149
-3100
-72
-9146
-7798
2257
-7298
489
-2312
5047
-1703
-7565
2151
4070
-9179
5642
8275
4647
6652
-969
6206
2777
6950
-355
4767
-6760
-3411
3604
-3043
5252
-5722
1791
-2552
7351
-7185
1060
535
-3803
4971
-5344
-7262
5646
-9867
-5116
-3958
2846
378
3271
318
-8795
7219
5017
-288
-6249
-6304
2226
-2342
-4068
-3717
-9471
-6517
930
-1691
2095
6958
-3999
7015
1945
-6212
1376
-5299
6880
8432
6349
684
-2717
9755
-9815
-1464
-8470
-1999
-3526
7649
5689
-7268
6577
-1126
-6265
-6532
-6854
-3377
-7406
5523
7157
5173
5535
7649
-1499
-6257
-3836
8985
612
1511
1495
-9112
-2708
-8157
-4430
1150
5158
-194
4835
5098
-5689
-524
-3380
-9521
7268
-1090
7216
1774
4021
-8476
8032
5220
-2512
9378
-4260
-9208
6190
871
1215
-7619
-517
9163
-2207
-9221
-6930
4701
-8972
5746
-571
-1785
-7035
-6140
-6763
299
9270
-6
4662
2327
-3748
-4007
-3650
-7966
-4087
-7312
6951
3021
3003
5780
-5926
-4979
9308
-5020
-7494
-7993
-3561
8657
-6304
-4063
3372
-6663
9170
5051
-7121
-5386
-3838
7435
2864
-3293
-9976
3215
-3435
-3008
20
2693
8515
-3958
1125
1297
-3677
-7078
-4685
-7867
3756
-256
-5880
8263
-592
2358
4584
-785
1487
-2381
4917
-600
1844
1790
5974
9376
3234
-2392
3905
1125
-1814
5726
607
-7756
815
8914
-7576
-3759
3361
4712
9547
-9149
-4540
695
363
-9757
-9484
3683
4357
-9605
-5018
6122
-3760
-3771
-1676
-9938
-4463
5853
3276
3604
-429
7629
-8514
2607
-1539
-5251
1834
3804
-4973
-2897
1812
-1828
-9815
7364
-3821
6061
4568
3848
-3721
-5531
6531
-1404
-206
-3341
7311
-4931
-3577
-1090
1209
4861
636
-9370
9581
-3183
197
2338
-560
6456
-5400
8553
7692
-8306
7664
-9355
2777
-7265
6566
-3501
881
9704
8004
1146
-529
5263
8113
-7986
8246
-6154
1978
6558
-1324
-2641
9215
-8276
-261
4343
-9075
-6601
8096
-2945
6017
-3454
750
-4532
6483
-7687
-8200
8651
-7125
3701
-7066
-4103
-1146
8930
1339
-9208
-4278
5989
8255
6378
4366
3644
2644
-2023
5054
5892
-7761
-174
8139
7639
4050
6181
-3742
9208
8511
-625
-3769
8124
3759
0
7116
-2805
-7857
-2037
2542
662
6671
-4180
8203
-2508
7755
-7015
7246
-5043
8739
-8248
-6508
8721
-2559
-7112
-6107
-8514
-5347
-8689
-4410
-7034
6844
1488
9005
5229
5412
-1284
7756
-2468
2487
-5674
1270
-2611
2206
-4930
4906
5719
-9901
1193
4091
-9283
5134
6229
2986
-4033
-4231
4971
8690
3080
-3828
-8568
-4491
4690
5036
9827
9023
1488
209
-9257
834
5259
-3508
8391
9347
709
-3323
-4695
2182
6940
5757
1542
-5104
2402
-9359
8524
4500
7530
390
5622
2257
-171
-5836
-4790
-5894
5397
1849
-3369
9751
-4706
-6424
9043
7289
3259
1492
-994
-4363
-8630
3255
-1922
3665
3654
8623
-6239
3452
1119
2944
-349
-516
5594
-9068
8003
6123
1619
-3968
8593
-831
4787
7752
3790
-2131
6683
-8406
-3831
5730
4123
4086
-4399
5157
8282
-9740
-2603
5005
4888
5946
5764
3649
9154
-3016
6048
-1286
3849
-2934
-2994
4168
6462
-2554
-1099
-5626
-1839
7752
-5642
5877
-8627
-6373
-9995
8598
9973
5806
2234
-1700
8159
-5267
8683
-6858
-7418
-5046
9267
1257
592
-7901
4813
-3404
9201
2318
-7462
327
-8899
6846
-9182
7955
-4272
-3641
1852
7671
-1413
900
-5190
760
-3065
868
543
-3910
-997
3209
-6986
-8733
-1635
-3493
-2098
-3523
5861
2186
-2236
-4400
-38
-394
7531
-5831
1605
215
2002
8290
-9736
2033
8883
1227
5197
-9907
-8973
-29
-7699
-3716
-3763
1212
5311
3466
6787
-6503
-7658
-3913
-5192
6869
-5946
-4718
5015
-5626
1555
-1038
7173
-8437
-9990
-2985
9398
9299
-1077
-2221
4183
564
-3092
-5384
-2513
-9556
2502
4617
-9874
4404
-6708
-2535
3588
7264
-7065
-3668
-5071
5803
-6794
-4983
6384
-2737
2944
-2122
376
-2893
5168
-7374
-3833
-5073
3951
-161
-8946
3577
9833
4657
-9756
9351
2048
-9414
9029
4360
771
7452
6158
-2322
-377
-6605
7093
2881
2474
-9450
6570
8297
7391
-5927
-976
2622
-3987
-5828
-6045
-6701
-6105
-6231
7195
4523
6822
549
311
-4422
4288
-1017
-4873
9021
-6247
-3657
6546
-3077
-3833
7560
-7443
6267
8824
7872
2449
5777
8929
9694
-2596
-4019
130
2803
8645
-2621
3663
-9911
-3271
-4757
2959
2826
-5105
-5379
776
835
-4502
8047
-9315
-8851
1443
-5697
-858
-1690
-7695
6318
-6003
-3173
-4891
7578
-2476
9819
-2081
4756
-8812
-6205
-1894
7199
491
-6229
-5170
-1137
2395
-7755
-3694
-8765
8612
9858
8345
-9111
9615
-2935
-7352
4857
7339
-5598
8248
5419
3757
-3931
3879
-8066
-1712
8094
6685
-9524
-9199
6606
-1022
-8680
-2411
556
-1344
-3477
-3316
-1575
-1151
-1167
5936
4187
-5938
-6278
3737
-129
-4673
9282
5537
-3942
210
4438
254
8257
8788
-1209
4941
-2122
-8047
-5088
-991
675
3675
-6470
-4166
383
8191
5554
-1922
-2065
-1590
5061
567
-8684
-4966
9212
8012
-9333
8615
8743
-7683
9436
-6507
-2276
-309
8058
9626
9405
-8504
-243
-1909
-8511
6019
-1551
-1295
2557
4473
-2196
-4373
-1450
-512
-2009
8516
9389
1854
-6628
6283
3928
-183
-6699
4393
-9232
5113
7998
-151
-4958
4751
7220
-4153
6672
-4792
-3028
-9760
6036
-3130
-3543
-1240
-4679
-2645
1867
1421
9588
-8105
1204
2387
6484
5318
6193
7774
4157
7658
-6995
3472
6876
-950
-6306
9294
8266
2974
-9310
-8063
-9253
8582
-6854
-3381
-1745
-321
-6467
8871
-9408
8014
-9719
4752
1239
8022
-146
2292
2091
-1715
6731
-6972
8988
5780
-4122
-8775
-7371
1384
1846
4053
-6932
4708
-1276
-1309
6603
6713
-7943
4
2662
3871
-981
-9886
-1345
5303
8475
-1130
-8101
-4933
6965
-436
-4196
-4618
1522
2257
-9649
1166
-3462
3975
-4359
596
8993
-2375
-5932
-9383
2467
-6697
8739
-254
8056
-1601
-2373
978
3361
-5570
-7750
-4742
-9126
8104
-3424
-6017
9012
5685
9832
2702
7973
-8738
9847
-319
6462
9890
-1797
-2904
4593
8910
7451
-9316
4243
-626
-4665
6748
8047
9244
-8769
2711
9931
5503
-4046
2630
-9925
1589
778
-8393
-4897
-8252
-8334
5674
987
6581
4594
6068
-5514
-438
5493
9000
2199
-6622
3352
3652
9553
1071
5296
-407
-5926
1293
-9726
1957
-5453
-5310
9711
5090
-9593
-6237
-9269
-7230
8698
-8956
-4874
1673
-1805
952
9665
8152
1732
-3990
854
284
9051
-7972
-2395
19
-5975
2323
-8826
6015
-7631
1930
-9413
1567
1990
3434
6113
-6617
4636
8209
-4599
-8508
-5037
393
-9135
-2211
-779
-2806
-5098
-3272
6812
-7988
777
5025
2454
597
-6006
-6046
4027
-6889
5998
-8399
8793
-872
2893
1780
-9685
-2942
7332
-7950
-2771
-5452
-7699
7469
-6084
3770
2630
4388
5828
2392
364
-1047
6909
-2337
-567
-9839
-1335
-8050
2725
-9046
-9726
1096
-7039
157
-3243
1483
-5148
-2489
7977
2338
1434
-4775
-4996
-8044
-7604
-5668
-5756
-2109
-3974
5091
-5397
-6743
1793
-6788
2454
8150
-2909
9414
5715
-1658
-1413
-344
-3551
7340
-5455
6698
4178
7581
7846
4430
-890
1699
6093
5280
9212
6000
1841
-7179
530
2976
-2935
-4334
9752
1465
-7682
-8101
9456
1769
-9149
942
-2438
1999
7083
-2826
-2158
8687
6479
-2725
3598
4148
3428
-5176
3997
694
-9363
2047
5090
3128
4977
-5576
-9061
-7949
-9421
1212
1933
-6072
-1723
4122
7897
5952
-5207
4151
-3163
-329
8132
-4163
3636
-4673
8556
-259
-2756
-8875
502
-4290
-3846
8438
-8906
1169
1090
7684
5049
-3168
-1263
4254
7865
-2023
7571
-9844
-2504
3473
1232
-6090
-6337
7583
8405
8938
-1939
4934
3972
-8836
6516
-8755
6647
3338
6716
6946
-5321
5228
2866
-2174
-2298
9682
-3878
4260
-3168
8905
-967
-9254
-2433
-5593
-7901
7115
-9206
1229
-6800
-8998
2342
5635
-2502
-3966
3710
-928
9396
7731
4918
436
4671
-1919
187
146
5088
-5347
-1776
7455
-1657
2402
886
-9064
2070
6392
6381
-9604
-6978
8239
-6599
7183
7477
-7938
-8772
-41
-9172
6021
-3356
-650
221
-8038
-4586
-2297
4023
577
7021
8152
-5615
3414
263
4357
-3846
29
5968
-9875
-5887
2513
3115
1015
-5032
3601
-3131
-6587
-3589
7682
6238
-4529
8557
972
5308
-7856
-4332
1286
2414
2077
1724
-9801
-170
-8047
4444
7865
-577
8995
1154
5870
-7207
4883
-5880
9561
-8326
8918
-1412
4737
8707
3142
8195
-1617
5069
-9759
8511
9646
-8987
8015
6913
8742
-480
-5552
-4938
2822
-1602
-8938
-9067
1499
-7173
4842
-5078
-2210
-365
2192
688
-7390
5622
-5090
-3110
-144
-9999
8975
1427
-4555
-6456
7528
9598
-8971
-6795
3503
-9604
2107
1346
6026
-5512
-2929
-8804
-8065
2283
14
-8099
5115
1191
1869
-9958
-6065
2366
4703
6395
4020
7118
-3794
-7746
-672
9707
3523
2529
8776
-6781
-4212
7862
-575
-9807
7960
-8734
4195
-4392
5165
-9951
-5855
-1009
6288
5712
5886
-3204
-2789
-2968
4126
9504
6270
8355
6018
-5426
-3986
-5268
-2430
-6877
-6732
8634
-9915
-3805
-8448
-4615
5185
-6087
5398
9320
8618
-9988
-1392
1867
-3705
-5057
6247
-6321
-7166
7253
-5544
-6469
-9306
-9049
3551
9988
-9838
-2220
72
-2189
8111
-7977
-5533
7076
-7794
5192
-6507
-8433
9218
-3884
-1441
7109
-3632
2800
-6970
-3841
9598
-865
-9879
6271
7357
-4107
1146
2272
-6275
-3717
-9806
2002
-4619
-3186
9921
560
-2143
-1344
2978
-3841
-9196
1957
5174
8834
5161
-4569
-3091
-7460
-3077
1395
9681
2577
-8894
6458
-9018
5745
2076
8070
-7267
2689
-444
7067
5402
5190
3301
-6227
-4970
-7915
-8462
6729
9987
-3841
5258
-8581
-7195
8237
391
1781
-7607
1783
-7298
-1345
145
-3941
4454
-9587
9835
7556
-1102
-5017
8878
-2479
-2899
-8297
7384
-8416
-4467
5006
6745
-1423
-5432
-856
3643
7319
9675
-604
8988
-7211
-9246
7184
-2859
-890
6891
7435
6639
9204
-2526
8530
5384
-7554
-7119
-9243
9674
-5392
439
3001
-2336
4833
-3573
4559
-9945
-7664
7727
8885
4743
8454
-2427
5563
1024
-3099
-6849
-6808
-2592
-3854
-1447
3109
9826
-4657
6566
-6744
9383
-6507
-1347
-8099
1107
-6276
-9677
9159
9477
4577
9528
4239
-3242
-2838
-5970
-8021
-5639
2067
-8784
6849
7291
-6610
1775
4251
4444
-7072
-4585
-2589
-9144
1983
-4476
8783
-6817
-7489
1977
-3760
-8614
-5400
-1555
-5487
-9247
4111
9238
5664
-4664
-2299
9708
-88
8276
-3811
8693
2026
-1445
-7545
-5519
3040
9977
9253
-1943
-4106
-4481
-4889
6672
6617
-1959
7568
353
-5505
794
7752
3388
-6342
-9551
5860
9474
813
4633
-7806
1409
8634
-2295
-2437
-9520
257
9141
-5016
7924
883
-791
4622
-4507
3076
4644
4779
-2395
-6789
5896
-7617
9971
4888
2106
6059
-4797
5760
9203
-1890
4109
-1309
9112
-4814
-2973
-425
-6481
6626
-8412
-3856
-5147
7116
-2532
9185
-210
-452
-2029
5588
-2803
6072
-1122
-854
4510
-2913
-2002
527
-9811
9901
8378
-8174
-6895
3073
3230
7816
-6681
9994
1972
2856
1778
3059
-999
-5858
3682
-3385
2947
6805
3641
5052
-5579
-4025
-2457
1931
5022
8286
-4074
7281
-193
-5105
-6974
270
8052
-6264
3944
-7221
-2908
8641
69
6301
126
-8810
-2540
1187
324
-474
-3487
-1918
2962
-9828
-6207
-493
-9008
-1572
-4351
1510
-5844
6915
-4720
9495
7672
-6063
9475
-5394
-8096
6920
-2041
4254
3463
6081
3034
-8469
-7204
-1395
6678
-3996
-9960
9332
3466
-8383
-5315
9592
4717
-1579
-6088
5105
4814
-2073
-6863
-7299
-1084
8584
8910
-7445
8002
7564
-1964
8461
1904
-7858
-2057
-7987
134
2177
117
9376
-8413
-4278
4013
4434
-1860
-9126
7509
1404
-5170
7816
3987
6677
-861
-5424
4262
6776
1101
6907
5684
9100
3628
7401
-1277
-8344
4304
430
-5617
5184
-1780
761
7886
3303
9167
7249
8637
-3985
-346
-972
-1534
6066
-752
1269
9493
-7515
3966
-4114
7901
-2870
5235
-3495
-6672
5411
-1047
4331
-9107
-4153
-4325
3481
-7583
-1684
1341
7194
-7038
4830
9518
7502
-7541
-4658
7331
8272
-7503
-3407
2500
-4185
-6749
4404
3122
6707
-3530
-3021
598
-2824
-6147
6895
-8882
226
2502
-3373
-5714
-8285
3928
-7297
732
-9232
-496
-1995
-3025
-6520
-529
1659
-481
151
-5117
4385
6826
8216
-6280
-9938
-8332
-990
9311
8562
7477
-1674
8508
-9048
5363
8486
363
-4927
582
8721
431
-3981
-8393
5204
8470
4919
6094
4404
6457
5032
-140
5065
-5665
-936
6762
592
-6718
3118
8611
9951
-8628
4197
-3793
-4087
-1841
3485
8395
9393
-4449
6294
2538
1149
-8976
6009
2440
-7607
-1966
-7526
-2490
5784
2476
-6950
2819
-4019
-265
-7146
9259
4981
-1756
-6120
2378
-2735
-5046
6677
4693
9267
-8873
9359
7190
3983
-5469
8121
842
-6137
-8600
8210
-1138
-8621
-4876
8873
5729
9464
-6195
7794
2640
151
-6141
-9478
-5383
-667
-8629
-4519
-4191
916
7352
3905
-5662
563
163
-3899
7152
3197
-252
1122
4447
-122
-468
-3162
-7870
2201
-2828
8736
-1050
4620
-1046
1347
8126
8190
-3455
9182
-7197
2375
7850
3099
-1191
-8143
-2604
-8782
-5042
3154
1398
8110
-3911
6911
8939
-3535
4225
-343
8014
4518
2997
-7949
9752
7978
-4962
-8636
6433
-357
-842
-7417
-2988
-1451
-8855
5985
4380
3012
-4506
-9498
9806
-9220
-7825
-2935
4415
-8147
1680
1020
-5220
9809
-2476
2195
5507
-8414
-4609
9541
3273
-9757
3319
8501
2971
9536
6572
3374
6812
-5894
-4292
7215
-6618
-268
7451
412
9939
-6477
-6920
-3720
4001
-2055
-7683
4031
-1474
-9062
536
-9216
-4442
-6926
7675
-407
-1685
-4730
659
6227
3673
-5914
-4320
-6058
-3365
-5147
8281
-9208
-7581
-9524
-9069
-217
2615
-8353
-2344
9778
-5826
7772
-8659
-362
7892
-3784
-4061
3767
-2835
-2807
4472
2030
-2007
6338
542
-4100
6405
9613
7648
5169
6886
6770
-7720
-5922
-4320
4529
-6954
-769
-690
-1619
-4824
3404
-3213
5515
-8302
-1590
5948
2799
-5340
4442
1320
-2835
1545
-20
8924
-2290
-4804
1599
-8772
7819
-1851
1637
5123
-5458
-5227
7833
748
-2793
-3954
-2763
7162
7009
5389
-4401
-3474
3622
-4066
-7794
-9107
6943
-3999
-7688
-798
-3743
387
-2328
5085
2342
-5508
7514
-2957
-4931
1325
-8146
4948
-3920
4533
-8280
-6717
-3948
3398
1612
38
6653
-7675
6974
-7507
3096
5555
-6478
5117
5086
-4276
-4457
-4130
3470
-4432
-3304
3772
1180
219
-9275
-6118
2583
206
-561
-524
-7199
5619
3470
-7758
-5772
-2727
-9271
6279
9357
-4935
3282
122
8222
5371
9842
-2070
-233
3958
-1971
-4516
-4694
3345
9210
-2940
622
-3992
6492
-112
1672
9554
-1885
-8575
953
-1987
6477
8524
-3837
-2782
-9102
-8535
2153
7781
-3153
6874
-5312
-96
-4252
-8863
-3708
8210
9870
-7121
-5101
-3311
-8928
7400
-977
-6166
5093
5866
-704
4496
8307
-5257
7110
-8736
4998
-8886
-8502
-915
-4540
5541
-4632
-7671
9811
-1597
-4650
5718
8087
3439
-9462
659
3625
786
-429
1005
-4595
-4869
9106
-1681
-8848
7925
9422
4710
1648
-2982
-3059
3574
1113
1511
-9887
2314
8549
-5283
7439
132
-4309
-8469
-4639
-4614
4472
-1175
-4720
-9354
-1120
-3105
-9665
-1853
200
7543
-8120
-7707
-5063
-2498
-3626
3007
-3063
-6783
2674
-4141
5594
-76
4962
1816
-8601
9718
3954
-2854
8273
3535
-1299
-3169
-7255
-5297
8300
-7057
-3755
6190
1362
3841
-3273
2303
6840
-2901
-6162
839
640
-6581
6877
9553
8149
1546
-9012
-9643
-3029
9571
5254
-3319
9669
-6569
1867
8092
-5984
-5442
-1363
-637
-2237
8497
7813
7543
6414
5791
6686
-2160
-9360
8580
4042
-1011
-5110
2596
1610
9911
694
-3865
-3792
7233
-990
-7658
6167
-4252
-6245
-5281
-6208
-7233
-8399
5940
-922
8008
-6582
7733
3745
8297
-8245
8128
-9269
-657
-2746
5972
-6125
1976
-5797
3156
5310
-1656
-9943
-9102
7127
-2409
-6311
6387
-8318
2527
-712
-6169
-1429
-7494
4985
-9503
-4713
-2712
-9941
433
5918
-9619
-6766
2289
-2421
-6058
1957
-9233
-3129
-9995
-6083
1633
9223
3655
484
-4476
-3038
-6147
-9733
5005
7731
7716
6402
4666
1582
6
-7932
-954
-4437
-1454
9662
-5498
1638
-5149
8199
-8047
-4946
-3739
-2970
9340
-7208
4207
-7377
-2685
-8617
8431
-8959
-4193
-8158
9421
5637
5355
4907
-5352
8525
2605
-4304
-8809
3043
2018
1464
-422
189
8216
-1664
1538
-6497
4436
7013
-145
7228
-5888
-287
-84
1000
-2933
6524
-235
-2114
8725
-1412
2199
-689
8896
-858
-3605
-2429
4111
1322
5269
351
9301
2244
-3345
-7861
1982
-5461
-2192
-48
-3823
7824
-449
2307
-9761
-1977
-1369
-8363
-1977
6607
9346
-8609
-8088
6451
1082
-7632
8796
1267
-5148
6885
-9014
3883
-7391
3666
8266
9386
7560
-6435
-5638
1492
-1201
752
-3714
-5972
4940
-8797
9020
8473
-5923
288
-1904
2974
8480
5063
-2109
-6107
7045
6531
7668
-6285
-1261
-8405
-4249
-363
-3880
-2819
-2093
8506
-8166
-6885
8226
3955
1521
8560
6993
8220
4261
-2655
-385
-5775
9892
9737
-921
8723
-4193
-1117
-3276
6939
-5114
-3699
-6678
3189
-8180
-4686
-9754
7553
-1100
2377
6694
7918
-8338
9395
194
3867
7648
-800
-1833
5642
4900
-1015
4153
8023
-6211
-5072
-3350
-2715
-6523
1223
-8881
-8597
7462
-374
-2023
-5262
-7059
-3300
-702
-1736
-324
-925
9610
-4152
-1795
7105
-2683
6420
4188
2978
7852
-538
-8259
3932
-6707
-3867
-3656
-7796
-1238
-2573
4548
1742
4941
-1261
-9928
-4979
4307
-6845
-7755
-5780
-4554
-3041
-8435
-7768
5091
-4899
5246
-8649
3884
928
-3415
-2772
-5424
-7674
9422
270
4434
2897
-1278
1556
-1327
-1152
8865
-9368
1726
-859
-4266
278
1869
7507
8396
2307
-5340
7303
6088
2884
7436
-6563
830
5933
2923
2863
6007
4238
-7207
1100
-6739
-4090
1514
6846
5502
-1705
7555
1850
1293
-4981
4482
5162
1619
-7497
-5931
4355
-4533
-9908
-5994
3816
-1786
6991
6330
1778
3593
2007
2557
6615
-7592
8003
7259
608
-8332
1788
-7635
6539
8596
-6832
-5574
-4553
-6893
-1460
6179
-4265
-6884
-6591
-8739
-8257
-3874
-6629
4492
-2210
9962
-3060
-9994
2203
-5059
-9542
1630
-4714
3473
-2615
1783
-951
6416
-387
3347
-9070
-4431
-7500
3708
-3829
-2963
-2145
8591
649
-7387
1499
-101
7463
1778
5099
-5780
22
4347
9259
-4590
-8194
6862
-4658
-8359
4428
-2184
-3904
4913
3959
-7544
1922
199
-5351
9246
4079
-9243
2241
3611
-4143
-2555
772
1632
-5097
5402
-6728
2193
-7017
7987
4608
9044
202
9682
7898
7560
5603
3534
7603
-3258
8213
2906
-3483
-6859
4121
1517
1171
-9562
-5737
8654
-797
-2877
-3339
65
9143
598
-7742
4991
-9631
-4755
-9044
-6473
2627
5340
4839
4422
8081
-1164
-7256
-586
9353
9360
5548
4844
-9226
5518
-2969
2770
7327
-4702
-9480
-1741
4708
-9605
1694
3975
-8049
-7971
-3152
-7769
-2280
-4396
-4574
4084
-9105
-7606
-4960
-2447
4684
-9471
-7838
-8081
4702
8763
3646
-3860
362
-9154
167
2883
-4704
8531
-299
-4409
3658
-2958
9918
3092
2356
-2828
-5323
3154
-3199
1376
-7118
8631
2091
8814
-7445
2535
8944
1179
-5665
2476
-8794
-3693
-5337
3609
6727
9936
7366
-8585
-2712
3809
3525
-1344
8176
-4829
-1631
-5242
-6007
3471
-1764
6116
-4421
-280
-8949
2385
-3959
-9017
-9030
8317
1440
9071
7139
7258
6147
-7208
8291
-2339
8416
-3712
415
-8116
-2571
-2673
-2679
7920
1523
5459
5151
6708
378
-8574
994
-2716
-1737
4265
8993
-8960
4007
3570
8371
8305
3506
-5175
-8248
2847
-995
-1170
4803
-9401
9355
4919
-4800
4828
4088
434
8749
4842
973
5112
2932
1280
4071
3300
-9171
2897
1748
55
-6257
5736
-3733
8651
4025
-544
-9956
5417
-1995
6290
-7500
3506
-7141
9660
-4603
4556
7516
-261
-812
-9684
-8102
7790
-6006
-2922
7676
-8842
66
-6148
-2844
8145
5129
5514
7647
8424
-9693
6449
8788
7145
-1629
-4885
-8275
-4927
-539
-5376
-7349
6345
-3988
2419
-3649
4215
4255
1378
-4954
-3705
8374
-8858
-6906
3622
-509
959
-3888
-369
-7283
4276
-8031
8641
-4075
4584
3102
-3900
-2676
-6750
-3549
7741
4871
3618
4924
3098
-7579
9353
9271
-9049
-1723
9593
-6749
-3285
3013
4592
7458
2331
3883
-534
8937
2110
8183
218
8649
3293
-2739
-1358
8312
-6831
-8272
8
-1103
7723
-3578
7380
3009
-8192
-8223
-1465
8674
-5660
-1951
3780
7798
9074
-4421
-3761
3499
-4282
-1093
-6541
-72
1811
-4013
8415
4294
7544
-4699
-9838
4830
-7296
2941
-759
7823
-8184
-2348
4221
-39
1429
7506
-351
2101
-6604
-3894
-8950
-6854
-5620
-5401
-9862
-1156
-6146
-7412
3895
-2442
6937
8438
8694
-7122
-9079
-429
-7368
5580
-6038
8153
-3298
-1702
5448
-2136
1872
-7267
-7240
4258
-84
3104
8492
-1140
4184
-6812
-4733
-9714
-6775
2790
5168
-545
5994
-4839
-7558
8293
9131
-4366
-4448
3849
2780
-9321
5731
-4460
-524
-8358
7630
1742
-1002
-7837
916
14
8453
2420
4867
6950
-4394
1755
-8089
1495
4190
-8712
1724
3232
-1109
5512
-7944
4993
-5154
-9085
3362
-2677
-2284
13
-3452
5547
5064
384
2925
-7742
-3777
-7691
8359
-8453
-1391
376
-2534
-3979
4767
8048
4237
-1172
-8702
-4407
7327
-6163
-3029
296
723
5238
1928
4396
7002
9714
327
4983
-9516
-6069
7281
-9760
3292
-5285
2589
-2079
-9783
-1583
517
7677
-8933
-3741
-795
-8375
-3968
-1264
739
3064
1998
-3187
1814
-7500
1568
-4161
-9587
4366
7904
-4287
-5396
5265
-8911
-9354
7781
2285
-9246
2987
-1897
-6737
-5511
-4457
-7646
-15
1147
1500
-7784
9123
5053
5015
7647
-3668
4527
5790
5192
-5070
-80
9052
-479
3629
7381
706
6883
-7320
-9111
-9722
-6381
8764
2021
-8399
-8956
4178
-1798
1902
9936
4613
7794
-1285
-745
488
-7941
-6059
-8981
-5954
7607
-7421
-6471
-9048
-8135
6811
2221
-1195
-1466
889
465
787
-8753
8057
4934
6333
-2500
-9031
8418
6607
8217
-6871
9738
-2379
-256
-753
2028
86
-348
6348
-9561
575
-3065
5655
-2092
8814
-531
4977
-5160
-2036
8374
-7122
1850
-4243
-1209
2273
4451
6326
1835
9408
-7526
-5856
-9980
9138
-338
9868
7355
-1895
-3763
-9434
7295
-5272
1755
-5796
1748
-6750
9535
-5898
2894
2674
-6101
8364
1161
-8013
-8846
7920
652
-3970
8419
9004
6380
1006
-735
1608
8681
-7536
-2505
2365
864
-1483
29
4116
-3679
41
-8199
4242
-8178
-4184
-2657
-7981
-7021
-2113
-9525
-8887
495
-2569
-5215
9030
9140
6053
-7963
-8040
1942
-3731
5161
-295
7023
3290
-68
1530
-6046
7249
-7167
3373
-2359
-5395
3985
-4162
-1579
7427
9912
3920
-681
4390
-3125
7077
-2935
1945
-6692
2549
-639
-2406
-1226
6524
-5958
9131
1711
-3048
-2813
-884
8300
-95
147
-3442
-4275
-1460
1319
2751
-9946
-5622
8493
9290
-2304
-8851
251
-5353
-3300
-5689
2815
-9141
-9533
3937
-850
-1669
-4092
-8788
-3781
1969
9243
-2619
6099
-1731
7794
6758
-4823
556
-1035
-9427
9931
8084
-6502
-1319
4014
4829
-4138
-5335
-4836
-5593
1419
9979
-7034
4156
-6127
1792
4522
4352
-389
1126
-1851
-8061
5427
4616
-98
-7437
5281
7213
-2502
-9416
-2912
806
-595
8694
-2330
3172
-1114
-1280
5546
-4324
-4467
5935
-9493
5906
-9042
-9660
6611
7847
-5425
-3823
7062
5576
7658
-3729
-4581
-3458
-2628
-1030
-4418
3507
9541
9326
7644
1050
6310
7739
8562
4035
4089
6828
4691
-380
-2307
8036
-3578
2004
-7362
-9789
7176
-3184
-7102
4002
5434
4336
-4174
5907
-1695
-8469
8903
5286
-4455
-8239
-2437
1156
-3023
-5867
9915
2924
6328
5887
-7443
-6851
-9785
-7230
445
-6587
7975
-6961
6244
4434
-5072
-1206
-6396
9301
6207
-5872
3081
-3464
8996
1264
6898
3093
7524
4178
4451
-1228
-5167
6091
2762
8332
8280
4679
-4612
9044
5867
-7660
999
245
5343
294
-126
8675
9760
-404
7149
-1993
-717
7394
-6152
1057
-8858
-2174
-5623
-1955
-2232
-9523
1049
-4906
8651
6558
1065
236
-5169
-7726
5065
-3879
15
-9363
9988
5252
8388
-6936
1107
-7222
-9564
800
-3511
5861
6330
7393
4713
-5053
-8658
2354
473
-724
9987
3707
7093
-5600
1203
8698
557
-4830
5809
-1041
-6358
5996
737
-5282
-4017
-6312
8793
-290
-8163
2079
-6561
-4329
-6750
-3639
-9310
3525
-3264
3187
3903
6035
-4335
-665
5258
-5502
2262
4728
5803
-7782
-935
3881
-7142
-7864
3424
5898
374
1199
-3019
8386
5775
6173
-3372
-6914
6794
-2138
-9183
4591
8071
4257
-2310
-2620
5027
-9823
8736
-8678
-9152
-3225
-359
4373
-47
-3392
-5685
360
1545
4735
-1904
2482
-5258
5485
4289
-1676
-4074
-6900
9707
6391
4580
9115
-8801
-6179
4156
1614
-8703
6432
-3704
-628
-1481
1185
6775
-5360
-7937
3638
3913
-1761
7458
1874
-1425
-6187
-1849
-4112
3242
8040
-1534
5682
-8201
2856
2512
-5506
7367
5770
-8902
3403
-6487
1340
7307
-8169
3067
6628
-1224
7247
-2350
7472
1280
6779
7959
-7996
-8061
9228
-1451
7767
7313
-5917
8625
-5831
6439
-2599
-463
-9011
5473
3053
-9286
-403
125
6032
6206
29
-5987
-3978
-981
8867
4421
-8340
1998
-8668
7590
8898
2083
8442
9246
4929
5630
-3952
51
3378
-7410
-8693
-9289
-2212
9184
-7995
-6857
3430
4875
-2693
-4891
-3287
-1192
-5990
-7515
9126
-8932
968
-6917
9701
1186
7382
-2803
993
1554
6776
2528
3481
-2836
6570
6882
16
-974
4788
2517
-5359
2313
-450
9092
-1416
-6498
9812
9121
-871
-2908
9963
3048
894
1818
5156
-6327
-4308
-9908
208
263
9403
4478
-9540
4783
-1862
5234
-8552
7148
1589
9288
-6357
510
-730
8509
9124
-7836
2819
-6657
-6329
-468
-2935
-5164
-6203
5078
8605
-5036
-9668
-8624
-6015
-1546
-8735
6007
-8220
-7565
6961
-597
-9371
-410
-3777
6168
-3632
-7970
4062
2291
-8871
-4422
-3447
3200
-7099
8679
-4973
523
-8642
-4640
-6349
-8374
-1874
8967
-7455
-8384
8919
1629
-2182
7128
1116
9891
-5480
7676
-9577
8011
-6771
-7220
-2530
-6671
9628
2153
3357
7623
4999
9320
-493
-9302
4889
-4308
3141
-6743
4083
-2049
9915
-3430
-2392
-751
4264
286
-5045
6394
-1223
1
5025
6745
-9719
-3297
-8963
682
-8820
-3054
-9215
-7982
-9853
7118
3571
786
3281
4282
-1260
-8812
6735
-129
-8372
6476
7829
2409
2965
4664
7001
5628
-7775
6273
3819
-4772
1149
4786
1311
-3722
1256
2672
3456
5947
-3390
-4766
-9090
-1807
5787
-8194
9931
-4992
2891
-7819
-4991
4472
-5002
-8800
-3924
-2953
-4165
-8012
4412
-8479
-6920
8862
-4268
9615
5445
-9915
6499
-2315
2218
-6120
-5062
-8819
-4739
6970
-2237
-6636
6655
7190
-3248
-5584
-5649
-2026
7031
94
-6878
-7267
8183
2291
1057
1117
-2007
-8193
-7831
-4589
134
-123
2509
6946
8065
9738
-2555
6922
4428
-1329
-9808
5450
3620
-3727
-8653
-7021
-5819
-9711
5439
-4945
-8891
-3989
500
-5936
2471
6485
6635
-8791
-8405
6392
18
-7859
-5740
-5663
-9145
3983
-5594
1467
751
5442
-9584
-1630
4738
4769
5574
6891
5972
-5128
-9535
2605
-2912
-9969
-7154
-9794
-8938
-9175
2502
-2906
-9224
7001
-4215
-9243
8301
3483
-7733
1791
5309
-1150
5962
1682
9543
375
-6005
-9405
-31
-2437
8280
7426
-1537
909
7201
5948
9259
4819
158
6292
-1402
-5664
7969
-9104
-6468
-538
-175
-3479
-4226
8329
-308
3307
6135
1535
1840
5415
5341
-6701
2275
1982
3583
304
-4613
-9955
1533
2209
-4156
9186
-5528
-7682
-4927
4535
-9304
7653
4342
3918
3195
-535
-2977
-9802
8697
1743
8140
9279
6200
-8367
-1788
-6514
-210
-4119
679
-8113
-4514
5171
3403
8288
4700
-7175
2011
-8118
3377
9912
1657
-1287
-4347
2437
6880
7683
7276
382
387
-6907
-4022
2895
531
6948
-7790
8246
-6759
-9892
-8200
-4636
-9523
-9324
6557
-8005
6167
-250
-1207
4732
-2885
-8690
8115
2511
5481
4480
7062
-9312
6816
-7027
-2238
9910
5504
-4855
2884
-6611
-5244
-5996
-6495
8693
-7401
-1215
-7985
-2147
5270
310
471
-3465
-1914
-724
7209
-8788
2044
-390
1330
-3051
4429
2834
-7716
4329
1016
-1600
-6397
-5249
2080
8912
-5751
-1985
5173
9447
-9507
-131
2395
-2026
7520
91
7159
-5331
191
-4337
-7951
5872
-4162
-1114
-8342
-5661
7718
-7253
-4247
6397
-8753
-2573
-8239
8087
261
-2892
7453
-209
2279
-9242
-7529
-7115
9865
-4232
-8726
6339
-2437
4941
-9517
3884
-6187
-4407
-2027
9608
6252
-7737
-8952
-7561
1240
-3254
731
-3603
-7927
-7974
5498
9707
6046
5057
3130
4312
-1005
-2364
-9811
5801
-4492
-8835
-2499
5328
999
-8602
-8909
7151
1117
1415
-8115
-927
-8845
-6989
-804
7091
7557
6526
-4756
9327
-3344
8070
6345
-2274
9705
-2981
-6106
-1239
6442
-4214
-3198
6262
-3705
-6715
-5067
8537
-9029
-369
-4637
-9414
-9307
9448
3466
-5861
-5149
-2314
5949
4075
5631
9611
-6819
8551
-9075
-1510
6899
157
-8568
7405
-5550
185
-7135
-7249
2273
-405
-8940
9287
-660
-5553
-7322
-7059
-4438
-5044
-201
6979
9742
7052
-9068
3232
1262
-3776
3240
2476
-7078
-8145
-7639
-9043
2537
7606
-7087
-1683
1516
6810
-7453
-2506
-9015
2382
-5358
-5210
3736
6536
4521
-1197
5044
-8348
2291
476
8336
-1003
-3613
-5058
-6855
4323
-5549
-1864
7752
-1532
-7383
3246
1883
-7742
-3977
8479
4078
3315
-4230
-3242
-6712
-5252
-2339
-8326
-8903
4540
-8189
-9907
4271
-3725
6212
8474
8727
1497
188
-571
667
-4568
9240
107
-4222
1073
-5807
3474
5889
-4395
-206
5971
-9935
7787
505
-6463
6422
5334
1286
3525
7178
2063
-4628
2147
367
-3000
5060
1213
6576
-1449
-1055
6380
4769
8014
-1722
-3634
-4449
8792
-8722
9724
-8499
4356
-4323
8091
-6849
-2615
5776
5108
-9550
3483
-5096
-3486
8745
-4838
-8942
1708
-7647
-2057
-337
-4872
4459
-9333
3295
-8886
-2630
9447
-7611
-6809
5125
-1847
1188
-6212
-5158
-1456
-9302
8249
9395
5396
-2864
3134
5718
-12
-4601
-4061
-1209
9415
3202
-6734
2834
8043
-3446
-4612
-1367
7365
-4255
-4217
-8706
-8632
-1196
8101
3424
-360
4223
208
-7476
5927
-4279
9046
-4562
754
-7086
6342
-1453
5753
4796
-5571
-4758
-5480
-6834
-8317
7439
7638
658
-4177
2313
7874
9341
-3604
-3289
-7664
7477
-76
3631
2257
5921
-8224
-8103
-3726
1002
-3401
-1882
6756
1954
9218
6452
2689
3647
1277
-9384
-3481
-2001
-811
-7576
-6394
-2485
9056
-4676
-3231
-8208
-6291
-5255
7158
-5379
-3433
-8136
7965
-7695
-6758
-2801
1642
5118
9159
9120
2573
1754
-8385
-5777
7513
9453
-2519
3471
-7784
4068
-979
8381
6529
5490
-706
-9346
1798
4287
5825
-5378
1772
-5359
-6223
439
-6881
-999
-4119
1029
-3965
-1377
-9792
3697
9676
-616
7472
-5212
4168
3667
-4328
4681
6684
8667
-856
-7310
2334
4533
8215
2451
-6285
-7831
6369
3525
-2555
-5812
-5501
-8751
-5932
-5498
6711
-9113
8192
3060
-769
-2497
2487
-6471
-3761
1701
-8294
2832
-8041
6872
-8394
2429
-9530
9282
-640
-991
-7932
-4939
9731
4647
-1138
1277
4207
-841
1198
-2653
5595
-8104
-4986
-4054
-1747
8450
-3015
29
-7368
-9400
-7685
6647
-2865
-3471
3223
-6026
787
-9476
-9645
4789
7588
-1682
4111
2158
9830
-6635
8682
-7573
4740
7202
-5105
8812
-627
3395
559
1749
-4100
-553
7197
-9658
-1167
-1001
-2726
-5512
2465
4831
1530
2525
686
8677
1364
-1844
-2696
3755
8523
-5802
-2923
1622
-1876
-9591
-2304
200
-7616
2209
-7191
-5045
9964
-8499
6005
-8514
-4110
-1869
1395
7804
-3528
-1752
5563
12
-3944
-3329
1868
7032
-6836
-3751
-4578
-3792
9835
7044
6923
1901
-4451
-4669
4200
1171
-5539
-5732
9815
-1880
5950
8123
1470
-2828
3909
4383
-1800
-6718
7174
-7371
-6161
-151
8853
3615
2285
-1459
8632
9604
-4808
-4100
169
3480
216
-8551
2981
3965
-7822
-8483
-434
2028
-9555
1460
-4923
9590
1344
-5943
-6144
6272
4038
6006
1335
-8260
4956
7744
-6890
1794
-3274
-9105
-8943
-8345
8233
-1539
4660
5370
-9494
-5175
9101
9151
-1586
-9968
-969
6287
-6120
-8051
24
-7013
4017
4205
9413
-3811
2649
1683
-5869
5709
-8923
-9130
1043
6756
-8907
-3053
2640
-4570
4947
7529
-1292
60
-1416
-4925
6666
-5768
3181
-5881
3039
-7665
9354
6199
72
5656
9210
253
-2454
-4977
9305
6464
2511
-6790
-6448
135
3911
617
7651
-6160
-2681
-3236
-2629
7953
-3708
5519
4866
1601
-2546
-6230
-2096
4400
9894
-4268
-4872
4891
-8544
-4862
5240
6948
-826
-9064
-7339
9241
-7377
1689
2716
-4092
3907
-3527
-8746
-717
-3036
-7511
5155
-8568
-1568
3047
-8132
5883
-8485
6236
384
6422
5784
-608
-2115
7677
9585
6953
2921
-8167
9026
9647
-1528
-5466
-9994
5198
7932
8556
-1707
-3805
-3746
-4708
-5839
1173
-2620
1796
-813
-3519
3223
4746
6452
-5944
2391
-3689
-3015
3922
-6528
7528
9321
6258
3816
-8431
4519
17
-501
-4848
-2380
6231
6283
-7979
192
-99
8248
9342
-3455
-9871
1047
7943
4315
4799
521
1811
5289
-6071
-1289
5723
-5688
-2694
2135
-2423
-1705
5536
2611
3509
5757
3785
-1794
1348
-1460
569
3120
1229
5154
1129
4223
5342
6889
4567
-9632
9203
-4511
5463
2100
3750
-5340
-4490
-4351
-863
7503
4269
2184
8368
7460
-3912
-4689
8768
8024
3344
-8683
-5653
3658
-6140
-8040
6958
-3903
-8407
7842
4393
8998
-630
1397
-2323
4580
4077
2015
5778
9399
-9598
-8363
-5701
-5007
-6472
-8496
-1915
4405
-6733
-5128
8966
1502
4277
-7101
8176
-9892
-2127
6768
-8070
-4447
8478
8281
-6589
8957
9017
9089
5195
4470
-2331
-3770
-1503
2352
5712
7545
-6671
8648
-4762
-7617
3974
-6378
-7072
-3389
9311
6232
-8829
-7985
-3841
714
-1632
9106
9171
-9063
-2569
563
8728
6144
9844
9504
7936
9802
1907
6323
2617
5348
-2657
-5737
-4848
3951
-2275
-3208
-7158
-7075
-7523
-9637
-5043
-1297
-2582
-4107
4260
6448
-5760
-6742
2011
4257
3903
-3584
-6626
5667
9555
2818
-7825
2733
8638
-7459
2969
-8561
-8629
782
2730
-9967
2295
-8486
4617
6346
-7241
-4900
-3731
2406
6676
-1278
-2421
-9553
443
1900
4289
8438
9218
-8182
2807
-4225
-6070
-6509
-9182
1345
9403
-7501
-8954
5926
-4898
7224
7572
-2836
-7623
-7357
-8163
8186
5284
-1484
-5376
-9784
-757
-9322
9829
1241
7962
-3017
6715
5209
-2165
-2194
-6888
-9621
-7120
7585
2658
7946
820
2450
-6939
5574
-6568
9707
4694
5501
2146
828
968
1926
-6088
-3554
9146
988
-6891
6070
-9441
-5260
5971
1394
2149
71
1375
-1546
2139
-5096
8392
795
-7860
-8117
1925
3408
-9824
-8956
-9565
9986
889
1100
-3306
-7136
-8828
-5126
7204
5806
-9810
-9474
-3178
-2876
-5280
3519
-5344
5678
-2434
-648
7360
-9609
-1726
-2956
2875
-9441
-4069
-1669
5868
-7442
-6628
4420
6392
3845
-6453
-8791
-8831
941
3550
-8187
-6620
-6094
7297
-8601
6068
5830
4666
6000
-2511
-1341
-4964
-4110
9008
5019
3906
-8959
-59
1472
-2186
833
-4960
-773
-3061
-3102
7479
-9441
-7762
-512
-7790
-1319
-6721
9869
2809
-5720
7949
-8466
-6764
-2018
-6360
4586
2079
7755
3947
-3866
-4762
-1164
7243
1036
7698
3368
-3160
-8376
-6337
3442
-6012
9911
-7317
2032
668
6615
-8233
-6174
8840
-4181
-2436
-1176
-4667
9435
5439
3999
6459
-8253
-8624
-7441
746
-6437
-313
4975
7567
-1430
1308
-9785
-2137
-2940
2743
5827
6868
8400
2361
-9151
7107
2422
3350
-649
6219
-5877
2268
811
1504
2319
193
7323
1284
-8456
-7420
-148
6704
-686
8335
835
-9283
3536
-4793
3567
7686
-1633
-7348
-6290
620
5971
-5816
-8799
-2706
-5554
-8757
1688
102
-1453
1446
-8593
-3146
9412
2249
-209
2170
7427
6043
8712
-7405
3737
-9230
-7126
7716
2117
4818
-6703
9364
-9630
-6389
-9042
8758
4354
-8638
4946
9783
-3707
-7704
-9248
3021
5074
-2692
9696
-8848
-5661
9059
2699
-7510
5102
-9257
-5361
7971
-6654
-6753
3920
8152
8800
-2244
-3736
-401
-8408
-6025
362
-782
-7074
-1821
-9259
8185
-1782
-839
-7639
-7289
9031
-4011
4699
1591
-9505
45
7132
1823
-730
-4893
717
8209
4093
-8370
9795
1474
747
3226
8001
1797
9379
-77
-3670
-2657
4135
2004
-6986
6791
7403
2037
290
2839
378
1250
8620
3441
2611
-2570
2353
-1531
-3289
2713
845
5805
245
-8597
-8553
8584
-3416
1746
-5922
-817
7632
-3794
736
4603
-165
-8018
9792
-7291
8263
-319
-4857
-2328
-9150
-808
-2474
-753
-3558
-8276
4911
8495
2491
-363
-3943
-980
8622
-1324
-2921
9631
3822
3667
-750
-8565
-3164
-2768
-8281
-4622
-7760
-8580
4905
3941
-402
2621
-6544
6581
3647
4355
-6472
3104
9449
-5539
-8682
9638
-8434
-232
-730
3480
-6054
4581
-4275
-5098
333
-7865
2117
9214
6691
-6122
7340
-2056
3203
-3652
709
2394
-951
-6631
-6596
-3137
-4082
-5756
5021
-2822
-6102
-6022
7947
-3633
8284
8258
48
1974
-4674
2529
5835
3263
-7489
-5114
-2897
-1370
8668
3563
-1492
-9438
2759
-5251
1674
7429
-9413
2672
-915
5273
4190
-8515
-6647
-5940
-5270
2868
-1801
4991
-9512
-5962
4931
6985
-9245
9328
-2195
-1886
9068
-1229
7647
-9344
-9406
-6825
-5262
-2690
2672
1304
-5156
2
-9926
-9496
-78
-2987
-9198
-4437
1364
-2097
7679
-8555
8295
-7421
6498
-652
1550
3411
-8410
75
-6534
-7611
3746
7223
3496
-1943
8347
9763
-3563
-9361
-8546
-7590
1836
3867
657
5972
9580
6270
5410
1107
-7622
-2849
1024
-5326
-4327
4347
-1331
-2429
-8281
-9544
5802
8434
-7869
-693
9763
-4749
-8799
-7046
9996
-7008
-327
-2728
8876
-3844
797
-6506
694
2436
9530
-832
1338
6661
1283
1390
1923
-8821
1189
8855
-6491
3411
7675
-112
-9625
-524
-4591
-5336
5111
-4942
-2693
4135
6152
-5137
1135
2379
-3718
1699
5737
8051
-9768
-2400
-1735
-5306
-5894
-5154
9847
8264
8057
-7609
-4166
312
-3241
2597
1275
3053
-8017
6955
5696
-4508
-2070
-4014
-2139
6331
1238
767
9919
6187
-61
8097
5774
5023
-1019
-954
2138
8003
-3719
5097
-8236
-2138
-4408
3686
-4577
4184
3001
9938
-107
-9682
-2002
-8595
9072
-6646
3118
-9845
1132
-338
-5277
-254
4552
6281
-3416
7466
-8063
6774
-1993
6445
-59
-1951
6593
8399
-9367
9772
-668
-6947
1137
5816
-2690
5295
1287
-4216
-6770
9287
-5454
-997
6553
-1716
4170
7406
-7716
4200
-6858
-9391
-6013
4169
4904
362
1599
-7393
-3056
-5944
792
1882
-3411
-3246
-7762
1923
8692
-6905
9277
5038
-724
-3895
4302
-7598
-2621
-8778
-1526
4767
3321
-1754
-3429
6073
6319
-2843
-194
-8125
-6457
-777
-5129
3831
8432
-7171
-6352
1120
-1277
-7103
-9795
9263
3195
8542
-948
-6494
-5597
7196
-7210
8008
2171
-899
9143
4474
-9441
-5781
2579
-9617
1012
4832
4798
7016
-4301
-584
-2911
-7979
-8080
7705
4136
-8919
8986
3747
-4757
-2633
3162
2671
-2694
2149
1002
5003
9223
8928
7282
8587
8718
3245
-3532
-3977
-8821
-3592
3448
-5523
5451
-3344
-4037
-620
2565
-4786
57
-9875
-4525
-2739
912
2116
5106
9524
-345
-1914
4230
4865
6570
3469
6921
9555
-7708
6460
-3662
-9153
-7467
-69
9974
2665
-7905
18
-3235
-8734
6776
-1185
2338
6951
-9397
-8359
-3859
7249
1860
-146
-6615
-7362
-1481
-4096
1001
-772
-9782
-3560
-5920
4018
-235
929
1054
-15
278
-4172
-7668
4718
-2053
6453
5161
-6353
627
1230
-8250
8216
9210
-7018
1752
-7355
-1443
8836
-4844
-465
-1838
3075
4906
7026
-5196
-9452
6535
-6464
-5239
7700
-2762
-2424
8993
6604
7264
7232
4534
-5839
4144
-7768
6949
1213
-204
9598
3854
2381
9249
2320
-9654
1088
-239
2068
-6838
3247
1414
2052
7527
-4601
-1939
-4078
-6246
-1979
-2085
4634
8113
-956
1852
9796
929
4876
3315
-5634
1466
3193
5353
2745
-401
4928
1169
-5797
-7492
3822
5468
9634
7364
171
-6388
-2694
-7017
-2590
6903
1256
-3298
-5899
-5343
-1659
1395
2811
2280
-899
-5026
-5129
1161
-283
-5352
-6140
5922
-4289
4439
-1934
726
9102
1018
-560
3915
-7892
1713
5974
-4046
-3867
6900
-8581
9029
7175
9129
8134
-3386
6712
-8075
2735
2689
7866
-8338
2462
8911
189
-957
-2354
-3037
-8641
4746
867
-2335
1437
-4940
-5137
5923
3681
-4762
110
2295
-3532
-2035
-6805
3495
6675
5420
9286
1450
6488
5464
-4810
-3035
-7305
-8773
1475
-1635
9461
-7674
-170
-309
-778
9129
7556
-4004
2530
-5922
-9332
8833
-2341
6367
3595
4638
7905
1753
-694
1246
-5043
8206
6019
-3828
-3889
-5190
-7805
1359
-9552
-497
2676
3552
7287
-3978
-4502
5706
3779
4678
8584
6764
2756
-2180
-8093
2288
-5028
1743
-8658
-6054
3065
1820
244
8607
-1769
1023
7250
5375
-1718
-7581
9973
-1106
8241
8191
8358
-4920
289
6631
7615
9307
-5473
-198
300
-6901
-6351
-6301
85
6176
-6808
9376
-8170
3314
-6554
3043
5342
-7575
1032
-3335
-6578
-1665
4536
5309
1398
-9833
-7946
-547
5683
1981
-8992
-7787
5164
-349
-4217
-775
-3760
475
4454
-7998
4952
-4968
-9176
-5428
7178
7427
-1648
6977
6324
5214
282
5514
-5742
194
-9458
-8481
1526
-2948
9107
3720
-9789
9145
-4116
2742
6687
-453
9080
-952
2643
8434
5030
8369
-9890
821
-1555
312
7236
6790
4063
3069
653
-8736
3885
9397
6975
-8431
-3984
-2795
-1258
-31
-6626
-3159
1100
-2554
6605
21
1214
1141
-9807
-2569
8756
-4702
3148
-8581
6354
-366
2787
-8241
-8047
3215
-8099
9857
3773
9936
250
2530
-503
-6265
2799
5016
4994
3326
-6840
9201
4074
-9263
7581
-1278
3518
2076
8710
9207
6486
364
-2114
-5679
-4632
-2768
-9742
3268
-7815
2396
8203
3919
2197
-3618
7775
1926
5133
-4494
-8291
-6380
-8469
-3372
9049
1114
7124
2747
3171
3781
-5013
7451
-9580
3819
1489
5310
-2516
1349
-9603
2110
3951
-9375
-9031
-5215
-7670
8752
-6189
4777
8969
-4714
3042
-6778
-2894
-6291
8189
-6484
-9031
-7330
-817
5872
-2811
-3471
8501
-2154
-5358
9944
-7626
3337
-2994
3535
-3775
5792
-6913
2904
1454
-3237
3777
5694
8978
-9816
-6556
2534
1572
-2740
-6780
-8280
1058
3364
-4463
7828
-7131
-6534
-9459
4943
6641
1172
6748
1716
4100
-8009
5846
-7324
-4910
-2188
5279
-1006
-4366
4997
5500
-1844
-3746
2236
5645
-4646
-893
8937
-7218
-2816
-3896
-5238
3285
1790
3933
-3860
2777
-6184
9523
8035
9787
-3723
5820
-991
-7296
-2759
4803
-1491
81
-1825
-2
55
7798
5294
-171
-6866
9107
1348
-7900
-7273
7968
4908
4006
-641
-6735
-3702
-9138
5724
186
9032
-6480
-4041
-9584
-6904
-3192
6064
-1066
7615
7971
-486
6291
9753
3287
2488
5982
-8945
-315
295
-1571
3708
2949
5089
-2127
-8796
-4465
8725
9622
7147
-1713
-2135
609
-6800
-4934
-4325
-1570
-1296
-5729
-2569
-4087
-7184
3561
-6213
2563
-8375
-2966
4308
-9936
-8829
7739
-6310
-1031
-7579
-1524
-6177
667
-8144
2321
2854
-7326
8526
4830
8637
-1674
1387
-1749
-4841
5908
-846
-6446
972
-7807
2251
9405
8190
7089
7552
8792
8737
-7315
-4905
2394
-5669
-8047
-7541
34
-4985
-4174
-9338
-2076
3489
8068
4272
-8592
-759
6210
7830
-939
-4701
-2877
-4058
8467
-4692
-4994
-4727
-5670
3418
-1377
-109
9233
6290
-9977
-6541
-9232
5807
4681
3587
4980
-2164
-111
-5851
-6799
-2053
-5828
4641
5489
-3050
-1112
672
-2937
-588
6715
63
-1688
2675
4606
-5456
-8743
9755
7677
5414
5769
2702
3620
-7415
1116
-6402
1537
3870
-281
-6496
-2058
5239
1895
-3597
3328
5658
9397
-3377
-4374
-3352
9271
-7424
-7869
-6389
-6349
1247
1278
-1453
3127
7993
8788
1685
5577
-1133
7800
5376
6262
6140
-3975
-2906
-9993
-7109
-181
4457
7167
2519
9758
480
4494
6408
3171
4590
-675
-6731
3093
395
8653
-9653
2357
-1524
2985
-2468
3623
-3897
5405
5611
-685
-8147
-4493
-6687
8035
93
-905
2257
9696
-1282
-2037
-6372
-4103
-1179
-4659
-99
6885
-9173
3494
7364
4057
959
4364
-384
3948
-4912
3381
7197
2331
2589
-6517
7412
-4496
4017
-1098
-5321
-3891
5194
2163
5043
-7634
3321
6761
2818
-9056
506
4781
-8336
1617
5299
2543
3262
-9692
-8287
-2254
-4409
5013
5624
4057
-4649
4257
-6837
599
6717
-3835
4731
-911
-8335
9499
-3402
-4379
1056
-1723
-6322
-1077
7343
7462
-3607
7206
6324
-3524
7581
-5188
-4955
-50
-1389
-9797
-7115
6847
3246
-8737
9983
-2437
-2903
7618
3793
-5401
7977
-9037
-4511
-5131
-8757
-8925
-8012
-9491
-9416
5235
-6580
-5703
-7382
8807
-8064
-8903
3819
3078
-9958
-2283
-229
7602
-6619
-8671
-1834
-2278
6722
5135
-730
-7900
-9330
-2695
635
338
-3421
-9716
-8012
1337
1151
2254
6057
-372
-3903
5035
-8787
-9011
6437
9971
-2020
9590
946
-4097
6751
-8751
-2263
-6040
-5152
6653
4842
8193
9397
-5383
-9544
881
128
2438
6185
-9134
-4871
3938
44
8959
-1594
3480
465
7061
1861
6037
-7853
4916
-4887
-4310
5529
-1775
-632
1661
1295
7856
-1238
-91
8554
7615
-3352
-6893
-5814
5037
-8531
8215
9751
6688
-5489
-9757
-8503
-2659
5107
-931
-2194
-4295
7837
-14
-640
6976
-1180
-6855
1523
-6296
1561
9551
2360
-3354
-6664
8787
2376
2607
-7813
8571
6515
8900
8164
-8522
-459
-4481
7336
94
3760
-619
-9904
-662
-2486
2524
-1050
-2505
1773
1596
-4473
-6915
2976
7718
4781
4038
7135
5260
-5340
704
9409
2165
7199
7035
-9302
675
3865
2523
-9403
-5589
8328
-4360
-9061
-77
-3601
4464
8755
-7030
9321
8897
8276
-7375
-7372
-6986
9345
7623
-4625
-7170
-1027
766
4021
-8194
1815
-3018
6325
9076
157
8464
-3140
7321
-5215
1125
-5715
2113
-7810
5867
-4656
-3392
-3126
-3451
8852
-2394
-4813
-159
-4851
-5790
4903
-7184
-8612
-9635
6752
-2384
7722
3822
423
-9065
6249
-5915
-6343
9372
8315
-5284
-8014
-545
-3095
-8939
2424
-7597
4652
-3728
149
5050
9707
-582
5984
2440
-4430
-2645
8599
9973
-5852
-2749
-5654
-795
-2862
-5510
5542
-6873
3635
6719
5662
9539
-8118
-1997
272
4313
-7422
3183
-6664
-7170
-4347
-4096
-5236
-2487
2329
-6508
-4857
3322
-4124
-9488
2412
1187
-8672
8605
-8660
-439
1527
-7188
-8106
-11
-9580
-9820
-7125
7419
-1738
-5589
4954
2438
-2410
6349
-2794
-6545
286
477
-9642
6821
7602
-9917
1776
-2858
-5185
-7978
6738
4575
-5310
6018
4931
-1778
-8300
4428
9743
-9139
1740
5550
2334
144
-4586
-8911
963
-7202
2503
-6631
-7399
-5093
4592
-8877
5817
-2158
-7946
-1148
-2473
2489
-8147
-2909
-1166
9286
-5867
3810
-660
7951
2400
-4916
8840
2169
-5626
7299
-1734
-494
-8347
-6104
-7374
-588
-9150
-2440
87
4473
3365
3673
-2511
7201
-7161
-3755
-5385
-332
-910
-7615
141
-1137
6814
7357
-2259
-9755
-1669
438
-6081
6374
-2852
1283
176
2961
-6617
-9756
2716
1548
-2575
-5324
-6666
9592
-3126
4606
-9449
4488
7520
412
-5820
6555
-3182
-7012
-1632
-8099
-3038
4889
9273
-1269
6034
7905
-2360
-7644
5606
-5892
3829
7752
-1245
-7631
983
78
4403
-9844
-7735
-268
3076
-6794
7416
255
-884
-966
6355
-3820
9257
-3971
8108
9152
-6176
-583
-1201
8045
5833
-5828
8320
9511
7071
9641
-2693
8062
3573
-5102
7857
-7155
4280
-221
-8924
4526
5139
6884
5619
-7061
-900
-2887
1117
3629
1771
7246
-5929
-814
-2363
-149
-7069
-9882
7346
5339
-4948
5862
7311
8992
-206
3383
-1828
4578
-2308
8365
9002
-7356
-8277
4258
-8711
-9828
-9902
-673
-2489
-2108
1610
8406
-6129
-1281
-9699
4096
-8040
3030
-2515
-1008
7219
-5003
3320
-72
9209
-2534
3709
-3454
6561
-1754
-875
1473
2866
7094
-6798
-4412
-703
1440
-6192
4682
542
-7509
-6544
-5432
-3575
4274
4944
4434
1512
-7870
523
7559
9360
1186
-1968
8410
-5085
4803
2386
-2249
-3241
7864
-4189
-768
-8332
-8504
-9649
6605
-6370
7069
-3042
6450
-1912
-9637
8467
-4016
-540
697
647
-2143
-1611
-1680
-23
-1616
6605
9581
-887
7189
-146
5807
-3511
-4924
1710
1709
1772
6110
7109
-8969
-8015
379
-5602
-1268
-5876
-9841
-4805
5024
-2613
8838
-4858
-1270
-8073
-6043
-9431
6479
-6149
4222
-5465
-4405
4990
-8886
3222
-9691
3613
-8254
-2561
1460
-6305
5354
6487
5113
7485
-6161
-9700
4098
3520
-7167
9864
-4783
-2226
-1601
660
-2813
837
-2523
8842
-3181
9444
-251
-2911
4250
5391
-2408
-7258
7459
8043
4609
5930
-891
1615
-1725
2335
5616
8451
-1700
7440
-8027
-8570
-4060
4948
-4157
2025
9394
4568
3364
-7820
900
7881
6350
-603
-3193
-3434
7196
-8746
-4603
1802
-6302
-4522
-7459
-2161
-3629
616
5205
-6969
7987
-6182
-2988
2956
7247
-301
-4246
-9096
-6580
-940
2074
8820
977
-9681
-7530
-6858
-8191
-286
7353
5487
4205
8458
9672
-6466
851
-2994
937
-2912
2681
-3130
-3992
9407
-5390
-1721
469
-7764
8055
-867
-3407
-5268
-4394
-3950
-2313
-9592
-6699
-6307
6259
-3513
-1608
-5561
-7634
7570
9219
-9486
3740
6704
-3343
-1914
9219
-3213
6454
-5316
-8683
4180
-7679
-26
1267
7943
8751
436
-3587
7186
2737
3959
9353
5325
4330
6345
4566
-961
6907
-5547
9664
2385
-2138
9159
-8379
-8281
8985
-9535
-8617
6439
-4231
-8835
-7882
722
6274
2790
-2438
7133
-4500
6332
6692
8686
8684
7049
-6758
3059
5930
-6702
-7764
-9388
9252
3449
-7312
-6050
-2038
9640
-9991
-1848
-4838
-9820
-4082
5026
-1648
-2920
-3791
-4932
-3334
6800
-4117
-6508
1661
-7950
1488
8703
713
2378
-7444
-7821
407
1358
2727
-4813
6195
-6299
-5180
3032
8018
-5853
-9600
-2079
-1499
-3824
1997
-1282
-6416
-6077
-9794
-9736
794
-5657
4401
-7585
7990
1585
-7444
-4222
6527
8768
-7038
1772
-1262
456
6295
8903
1947
9395
-3266
646
8605
457
3916
6828
7794
9696
-4856
3692
-4929
-9365
4641
8057
2902
4101
-722
938
6407
4209
-5365
-3332
4836
-387
2525
2282
2144
630
-1413
-1816
-335
9878
-4996
-8394
-287
6453
-3427
-7981
-3248
6713
9867
-203
1168
-4040
8667
1442
-4588
7057
5641
-1445
3217
-4500
9401
8767
2855
-9400
3687
521
-8182
6683
-6194
7868
-7458
-8890
-5567
1004
-5207
-3775
-6693
-4425
-5155
4166
-2775
-5520
1504
-6218
6261
44
1289
-4218
7975
-6306
2327
-2015
4918
-6697
327
-3782
7731
3396
-2139
-7500
7424
4502
8474
-4516
-6441
4098
9413
-3943
2174
7017
-3796
1462
5304
2742
-935
2548
2517
-7006
-2509
9032
-1218
-2695
478
-7017
6572
4451
-6144
-6771
8012
-7306
8392
-7946
-4816
8674
541
-2537
5603
668
657
-3917
-9614
-6798
4726
-4148
-6362
4180
3629
-1631
1545
6692
7517
-3170
-8762
1101
2566
-9859
-4163
3048
3957
-8700
-8754
-7701
4724
-2840
-5074
-1344
1821
-3695
-1826
-5791
-9476
-7334
-3987
-3377
3140
-195
-3979
-8501
839
-6812
-444
1418
9278
-749
5058
-3289
-9553
5121
-7058
-8912
5039
-7563
3015
2753
8441
605
8416
-7808
-6731
-5513
7650
3512
-9277
-4885
6181
-1761
4134
-9067
9381
-6525
-7619
-4534
5201
6396
-6478
-3343
6726
9570
-7859
3942
-4599
-8323
-5550
8871
-1973
-34
-3049
-6447
-9323
2268
-2286
3691
8618
9726
-482
9635
4460
6398
9520
-3372
-7128
-3845
-5935
-1108
-9849
-955
9275
-2546
1878
-4253
-4348
503
7486
8727
1285
8984
301
1266
8570
4947
8411
3637
-758
-6439
6841
-8130
-7777
7203
1807
6768
-521
2790
-3770
9517
-7117
9375
2127
-5298
-8388
-2228
8493
-4448
1766
108
-4076
-2288
2595
-6416
-7010
-7686
7101
5619
-1916
-9594
-4651
-8110
2441
-338
564
8133
4700
-9328
-1203
-5363
6961
-468
6791
-4562
-7955
-165
7182
-9069
8755
-5782
9534
-8204
3048
-7075
150
7604
1956
-8223
1702
4186
-1641
4341
8583
9957
-4596
9136
4000
8215
5443
-3302
4792
-462
9308
-8836
303
2213
5549
2
1499
-1965
2817
-7815
-8691
-4121
6914
9063
-3365
9199
-7678
8735
-1746
-7298
-5688
2655
-6157
-7054
-6571
-2020
9025
9810
-4750
6345
-4043
-5142
-6216
-3983
-3636
-6058
7473
476
-4076
5485
-1993
6195
5374
-6214
-1616
-1504
-960
-9741
-6676
-781
5950
-7651
5830
-5582
-6541
-6477
-3480
-5364
-2511
-3705
3361
-9691
-8404
28
8363
-6383
5960
9499
-8190
8523
-3735
-4133
5999
2025
4615
9378
-2230
3786
7497
8436
-1121
8311
-1762
5641
-5428
936
4364
-8323
8411
-2065
-1492
2400
-3586
1305
385
1062
-3786
4015
-5059
6110
7951
8391
4076
9657
7440
4448
-9875
7589
-1466
7110
1580
3315
-6729
-8593
-8350
3124
3190
739
-5397
1600
1427
-2312
8951
899
8257
-2739
-5574
8934
4754
7769
-3442
208
24
-3192
773
-5147
-6932
-5683
5527
3263
8488
-3760
8228
-7920
2778
-8816
-8877
-5561
-4038
-3489
9742
324
6535
1446
6311
-8983
6156
9319
-8943
8007
-5600
-678
-5303
8872
-2422
-7650
8567
7599
-1935
-4475
-6725
-7002
8912
9575
5000
6965
9510
-5828
7078
670
-898
2618
7271
-3647
-9326
4461
-5049
2421
8536
-1316
4997
6147
9785
6692
2230
-4123
-9020
-4152
130
-2556
-7604
-6178
-8956
-6345
7395
7569
5563
-4864
-8396
5744
-5895
-9166
737
-7090
-8100
-6538
-4834
-7685
2316
-2693
-1195
-2873
-296
-8311
-5234
6023
4566
-1380
-5596
3245
-5413
4781
3859
143
-7573
8071
9135
9964
-1259
1456
-578
6503
1172
-4964
3030
3395
-3662
-6262
-6736
-3471
6461
-448
-4067
-8390
6647
6483
4242
-6960
942
2282
-4543
-9932
7741
6051
-6166
-4027
202
-8776
7290
7651
9551
-9959
-5072
-8175
412
-2237
-3600
-5773
1959
-8145
7635
9248
-1602
7366
-7026
-1173
2135
8692
1105
1163
9312
7166
6233
-8233
8398
-1520
-520
908
-4357
7443
-6340
6089
4432
-2861
-7862
-3100
8844
144
-4717
-6291
210
-3602
307
5558
-52
-8278
331
-4136
9596
-5403
3695
-9912
-5461
8858
-2009
8745
-6652
5474
-4853
-3782
4156
-10000
9925
-184
-7446
-8376
1867
2073
5043
5532
6119
1956
-8870
6754
6400
-6211
7837
-6137
5253
5660
9254
-6139
3957
9321
3831
4955
4457
-3405
-7069
8633
8915
-8302
5778
2064
-5842
7107
3546
4327
-6357
-4703
-4641
3203
6992
-9767
9109
-6360
1257
1396
-375
2828
6661
3496
5692
3788
2964
8530
2408
2167
459
6554
1246
-8920
-1065
-2801
4368
-1053
-1794
8914
3564
6792
-9960
-6457
2231
7456
7413
8089
7828
-5031
111
9402
5418
-4501
-3417
-6640
-9950
8630
4303
3896
5453
870
-585
1541
1365
7275
-444
-3394
-1471
-2317
-4733
-9894
-7635
-7682
2534
4232
-3055
-4841
-899
2964
-504
-527
7359
-5602
7308
-2734
-7227
8705
1463
-6645
-4281
-6078
4479
-8021
-2922
9805
3953
-3571
-1710
-9070
5252
-365
-999
5363
-8544
832
6929
-8429
4270
976
3971
2693
7402
-2261
-9702
2770
-4668
-2323
-6816
5309
3718
-1058
-979
9265
8958
7338
-999
-1846
4217
-1719
6902
-6111
-1358
-9860
-7501
-894
-1446
3949
-8873
6952
-5444
3404
-2675
-4888
7800
-7353
-5162
6071
-2317
7685
-1038
-8657
5534
-5983
9717
1316
-3851
3293
-6577
-2065
2276
7957
-3076
4906
444
-7680
8363
5631
-1975
4658
-8223
3158
-4611
-4309
-4882
-2546
-5495
-7106
5815
-8985
-614
2636
1839
-4883
-5650
8600
-2879
3248
-4385
-8289
-4711
-9393
-3883
-2092
-4006
-9069
6012
3767
-3956
-6223
-1068
-2863
-8087
-7782
-8100
-2051
8654
-522
1378
-4886
-1159
2795
6998
-9260
-237
9293
6560
7693
-5153
6317
-4675
592
-7166
-2891
7537
9666
-7571
8760
-2582
6711
-3407
2388
9378
-6401
-2152
2059
9930
81
-7488
-7225
-5253
-1042
-5033
-6410
-9899
-7351
6626
9785
3190
3163
2687
-3906
3681
-559
-7715
-434
7097
5493
8160
-9090
1932
9167
-5
-3601
3486
-8540
4978
-3174
7021
-2825
4808
-7998
-7764
-1871
8889
9914
-9214
-6313
-1527
4133
-9202
304
7088
2324
-690
4493
-300
-2696
-108
-1317
8992
4473
-935
2699
-6351
2951
-2060
-3695
4340
1673
7519
40
6034
-5288
3327
-1341
7166
-3958
454
7669
858
-8049
-3211
3630
-5289
-5796
1454
-7227
7437
-184
-7526
2240
-9593
-9016
-5989
-5132
1163
8767
-7026
-2335
5103
-2212
-344
8392
-7896
1911
-687
9785
-9871
-6803
7824
2033
3943
9433
-1487
2476
-6028
1139
-3181
5794
-8940
-7841
5250
2722
8041
7096
8354
-7992
1253
-7043
-8469
7417
7297
3813
4479
-4276
-4073
-9282
-7289
4862
6495
9645
3972
8158
-5614
-3953
-8707
-9845
2904
2613
3297
-8013
1818
9420
3313
3329
-8678
4643
6345
2442
-5570
7070
-6820
4696
-6844
4283
5670
-5130
-3967
4143
5294
4645
1308
-4452
-1670
-9163
5479
4967
-144
-9526
-1642
2968
-8723
568
-6249
-9488
-571
8388
4086
-5311
6813
-4981
-3812
9578
2891
2998
2193
4546
-2464
-4431
-8711
9655
-9696
1576
6939
2107
-9363
-9845
-6449
-365
6665
-9796
4341
799
1294
4201
6238
4557
-6999
3012
2522
-8205
-4214
-822
-5566
1776
-6024
-6898
-2899
-2510
-4848
-65
-5581
-5757
-2596
-1236
-6808
2891
7352
6433
-1321
3277
-6123
2600
-1430
-5525
3417
5960
5806
-1962
198
5125
5926
-599
-7484
-2897
-7085
690
9503
2809
6189
-5224
-3942
-5032
-4173
7845
-1958
-8537
-1160
-5438
1246
-7650
-9596
6064
-3642
-4129
-4720
-2069
-6730
8872
1967
6988
4070
-708
6264
-2527
1468
-5834
2083
-8929
-3889
6929
-2850
322
-1707
-9931
-547
4061
215
-8093
-6556
-9843
-5896
-1517
8516
-2362
4594
3603
-3215
-1276
6175
-3802
7678
-7909
-9036
6789
3511
3140
-9615
8599
8726
-3547
1500
2800
5077
-8469
-5205
-7017
-7208
-9050
-6527
-6130
-7556
3321
9611
5165
-8654
2758
1844
7453
-2200
-6503
8238
-6719
3500
2987
-2491
-4503
4672
-9765
3648
2290
1679
9868
-5973
-5325
4823
-5047
-6640
6390
-6077
-5003
-1000
-2776
-9208
2911
2471
8887
-5577
-6661
-9634
778
65
9588
-8005
6775
-4755
6676
2901
-8490
7227
8986
-1437
9667
-3124
-1212
-4295
7847
7363
6676
3923
-9982
-6412
-3918
-4992
-1440
-91
-8346
6136
4162
-2886
9710
7506
-3612
-9639
9487
-2684
2021
1777
-5609
7365
-9107
-2723
-8797
-9533
7968
7478
988
8661
-9731
-1766
3148
8737
-3831
9280
2897
-2865
-9319
-4258
-2528
3329
4406
5149
-5747
4812
3033
-2706
9536
-7085
4767
277
1825
8992
8360
-1889
-5303
9735
-8391
-5925
4252
4257
-5502
5816
-8827
892
1138
6151
-5059
3289
9520
5314
-2123
685
-4205
-5560
9886
-4330
-4131
7936
1530
4339
617
5592
-3503
-6281
-3016
-8646
-8189
-7351
-800
5061
5
-8958
846
-4591
1995
-1839
-9399
8766
-4067
-5528
-6399
9856
-3917
9807
4753
-5688
-2867
-6408
3900
-7822
-8003
-2094
-5830
3287
4501
9704
-2009
-5384
-5615
9431
9656
-8197
5998
-5034
1066
-1941
-6731
-6943
1513
-8392
-7595
7816
2626
670
-1332
19
-4581
-5217
-8732
6464
-8927
-9691
-6923
-9209
-1543
1531
-6776
1038
2121
-5776
-3356
9726
8726
5651
543
1813
-5200
-4345
-6501
810
-2607
-4430
-8430
-3245
2502
-4404
2617
7348
-7395
-7912
9981
-2133
5067
-6447
2086
-9779
-4367
-567
-8499
-5869
-6688
-8301
890
1643
-7649
1903
1911
6479
-2874
1271
6947
9086
7473
-501
2860
4181
3103
-8385
907
8274
-4112
-4832
-1457
-8094
3827
-5844
6696
-5913
2937
-6806
-5387
972
2391
-8086
1000
-6988
-2633
6630
-4028
-571
-1266
-1140
5900
-2068
6011
3737
-3421
9755
9170
9936
-9390
8464
-5524
4134
-4850
7829
-1256
-4872
-8813
2569
-8404
-1433
3732
4794
7213
5917
-7288
918
6702
8648
-3755
6117
-6678
-8266
-1999
5548
8668
5960
9242
3112
7475
-3840
5179
9923
-3115
-7507
-1266
-8119
3303
9467
-9503
8212
-1806
2047
-7949
2272
1496
-7612
-1250
-9034
-5210
-3389
5758
-4481
-4795
6229
-9504
4632
-2073
-4017
-2636
3171
-5119
-1228
-5636
4654
6296
1104
-2461
7304
9961
7653
-8724
-6690
-4600
-6356
6035
6953
8907
9894
-2677
1334
-7985
-2262
3409
-8183
-3011
7500
156
-4155
6067
8740
7714
8679
-866
-3805
-2036
3055
-4598
-9663
-2655
-8608
6046
-2989
-4790
-9079
3097
704
7749
8021
7736
8547
-4344
1333
-9407
9199
-1861
8405
2256
-1938
-8988
-2443
-2454
-6162
-7476
1444
-2308
3121
-6528
-6345
-558
2281
-8095
9442
-9117
3733
6216
-592
3811
8467
163
-9708
-5445
6288
-6381
-24
1279
8751
-1585
-2316
-6086
-2176
-1114
9953
1786
-84
2554
-2382
2174
-1148
5806
-7957
8669
-3873
-8613
-1128
-5626
8073
-7639
4825
3055
-5810
8837
140
4665
-5259
-4806
-6418
5564
547
-3467
-8825
2793
-9374
1309
-4053
4490
2058
-4317
4207
6306
1163
-5730
-3294
-4575
-1165
4216
3572
-6324
-4849
8243
-36
3294
3029
9951
8453
6343
-1356
9109
-1149
1949
3066
847
6921
8325
-2278
-1727
-4482
-1371
9608
-8176
-6568
-8462
-2234
3850
2595
5167
9713
-8260
-9921
-9009
-4495
6497
-2756
-2951
6694
-2488
-6025
1357
-8221
9252
-8730
1323
-1592
7388
522
-8482
2559
3959
-8367
9232
-5169
4487
1910
-7767
-3436
-8472
-327
2885
1717
-6437
5800
-2095
-9347
-86
-6108
4515
-8369
9887
1093
-3191
-7251
-2236
-2417
-7169
6212
7682
5871
2158
5590
6337
-5661
-3645
5950
-1079
-5310
-4047
6932
-5724
1281
-9663
2032
3674
-4343
6627
3955
-3261
7304
-4200
-6176
-7307
-5404
2514
4114
2872
-3230
-6862
-9712
7068
-5358
-881
-1010
-5308
-9868
-3014
-2161
7707
-1278
321
-9548
-6214
-4278
-9950
5181
1771
7182
9623
-4917
-593
2688
5685
4540
9587
-4777
4995
-9047
5460
-5517
-7378
5516
3408
-1652
4303
-6830
-4499
-3495
-8387
236
6502
-869
303
-6577
-3701
-8025
-904
-1481
-8412
-1610
-8843
8584
5537
-8538
978
3631
-5103
9051
-22
7196
971
7563
-3857
1977
1905
-4371
2307
1338
2691
3829
-2386
6903
7770
6897
-1272
4795
6434
4693
1422
-2199
-4266
1327
4865
3890
4900
-5948
312
699
-1939
-7487
-6128
8241
-9994
1983
278
-8617
-3641
1472
321
7578
8785
-1952
-8156
-4989
-8950
-9148
4644
8344
-1634
-7461
9961
5512
-8076
-2370
-4648
-7852
-7692
-7161
-1462
-5898
-4088
-6301
1659
5376
-8300
-360
8241
-5412
1408
9258
-5869
1711
362
-8634
7499
1515
-4964
-7633
-1157
-8311
-6513
3478
2782
-6587
-4925
9293
-8519
-211
-2905
-2796
1360
-6505
-3205
6082
-8788
8638
9273
-9728
1744
-6350
5554
-8727
-29
4924
-2487
3344
-4523
2097
-764
-2274
1173
2770
7086
-2166
8432
-1648
4475
-8391
-4121
1649
-6842
372
-8506
-5625
5655
-947
8215
1862
6525
2008
2437
-2489
-3152
-9349
-4774
865
9916
6289
3649
-931
-1701
-4100
3756
-9557
-6276
-1397
3180
7100
-7450
-760
1758
-5390
-526
-8158
-5750
2551
-640
-3023
6461
-1767
1197
-1389
1774
-5736
-14
1620
-1118
7218
3488
6569
-3068
9490
-7132
2813
-7517
-770
7550
-3369
-7662
-7991
-2012
-91
-5979
-3144
1699
-8273
-5773
-1997
4469
7328
-223
-9145
-6832
5793
4134
4881
5981
3091
-2782
-8741
-7541
-2205
-3413
-4730
8908
6959
5910
4695
-3513
5062
1396
-2635
2693
-3237
9392
6146
-190
-6875
9208
5153
-9332
5708
318
-8173
8702
8294
1370
-4561
7402
-2050
620
-1600
9470
3858
2162
4592
-3821
-7604
1007
-4197
6637
-5882
-5776
6730
-391
-5535
1882
3414
-6230
7420
7936
3038
-3162
5245
-4211
-1558
347
686
4379
-1102
7135
7570
-2126
5608
7297
-8788
7955
-6676
8848
7901
-957
8274
-2338
1091
-5147
733
9547
4025
739
-2786
-8154
2651
6651
1706
-7725
-7062
8178
532
4658
-2514
1434
1451
6920
-3644
-5926
2434
-6570
9593
8257
9568
-8830
-2942
-9047
1774
-3472
-5186
5152
-91
-1139
1266
5406
392
-7098
4893
7388
-1727
-4561
7975
6169
-5408
-6630
-586
9066
-9615
8065
-6393
-3187
1991
-4743
-9470
-6077
7859
9222
-7373
1195
8879
7782
-4292
8120
-8074
2481
-6679
-3307
-4063
-5104
-5654
7481
864
-4472
6660
2996
-1937
-307
-2582
924
3030
7571
8935
-1808
3255
6271
-1670
1190
3667
-9933
-126
5539
3437
7398
-9404
-7692
385
6216
7702
-6470
-7672
-2391
-9306
2189
-1522
9197
6611
512
3499
-7724
-5146
-9693
-1063
-1499
5146
-5043
-4965
4189
8945
9913
-703
6435
-2052
9814
1658
-7289
-826
-4928
3106
3359
9381
3054
2493
-9969
6871
-8289
8684
-3360
-7206
-5446
-1287
-2607
-254
4409
85
5493
-4478
6602
-7286
-1017
-7927
378
-6262
-9196
7841
3009
-6481
-6440
6344
-263
-2464
3753
-4544
7053
-1069
-520
4468
7875
-646
3761
2427
-7767
-3830
5085
-8694
7147
1916
7104
-3201
-7017
4958
-5219
-9460
2052
-5983
3643
3626
2631
9963
9768
-9705
-3466
-9546
-9990
-1245
-8409
1654
6891
9834
622
-7272
262
-3832
5344
-6566
-355
-2359
7083
2386
-8800
8730
-7719
-3180
-3935
-4694
-6764
3556
-7491
4396
7837
3941
-6864
-2939
5929
-5089
-7450
-7682
-6729
2828
-5864
3204
6663
2036
-3979
-2976
-2513
-7668
1800
1158
-6190
7154
1884
3550
-2102
8374
1028
4168
6089
-1010
602
4686
4928
2937
5456
-2064
8447
-827
5540
6435
1383
7104
8806
2995
2826
-6262
-4009
6427
-5045
1895
-6852
7909
-30
3242
566
9864
-9591
-613
5232
-7125
6028
-9879
8216
-5686
-1492
-1398
-1194
-3482
-4242
-4832
-8914
-2885
-9812
7034
4317
-6822
8076
9848
1077
-3091
-8635
4868
-445
7218
7932
6876
5535
-3687
-3874
9743
5069
5558
6849
5539
6419
-4530
-4627
1119
3564
-2971
-2101
-9260
9837
-1187
-7900
8851
-1130
3952
1588
-447
-3786
7483
6352
5579
-9125
-4961
5591
4008
-9704
-9329
-9286
-2645
-1631
4153
-2480
-19
-2440
-7166
6613
8967
-1667
-6966
-6178
-4492
2070
-4651
-209
8535
4103
5095
3225
-3485
-9974
-662
3866
6308
-6045
4596
-2743
6264
-3151
456
-615
-4175
-8317
-1954
3748
-8085
4654
6407
7936
2082
7467
-1036
3389
1445
9490
2597
5583
-8896
-6584
-3949
5421
-9255
9611
-7997
-6540
-9148
5316
1846
4733
-5048
-3734
-2006
-7839
-853
3081
-178
7922
3594
-8937
-3086
8861
-3307
-613
-8687
1168
-9185
-9829
3798
4211
-6663
-4370
9757
-1137
-2814
-4022
7458
-5037
-8125
-988
-6295
-7298
3944
8178
-5673
-4955
-3367
843
2231
-3712
-6750
-4737
3403
-5697
737
9643
-1645
8743
6445
-400
6788
-9730
-7616
-6891
-7452
-1799
-7611
-5099
3265
6771
6538
5410
-9387
-3658
4358
7002
7362
2793
4414
-5420
-4681
-5574
-86
-6588
669
-4312
-516
1232
3349
885
8552
287
8975
-1723
-2626
3271
-9649
-9713
-3735
-3041
-4
-925
-5490
1554
-4047
-7610
8164
3800
-6712
8423
-2229
3740
-7779
2447
-7015
-4481
-4087
1014
-80
-9169
-2578
866
-9277
-6142
-8238
1271
6266
-6098
-3055
-9615
-9653
-1397
-6708
7605
6921
-6784
-1583
3552
8597
-320
9375
535
-9141
-1719
-554
-7675
-132
-3104
-9431
6038
1548
-4702
3210
8122
-763
492
8608
-8316
-7490
1753
-4222
-5730
-6033
8841
-8911
-2617
4795
5595
-143
6412
-3913
9138
2821
-2792
3371
1812
-3440
-5148
-4398
-1162
1775
-7817
5352
1782
5510
-9758
-2835
686
-3608
9093
2837
6672
1662
1928
-6346
8958
686
6509
-519
-3673
-4113
1773
-8444
-2026
4511
4039
1876
-409
9406
9478
-5717
-466
7202
-5082
-3317
-426
6477
9894
-968
2912
-5531
4744
-30
3275
8281
-1285
-4884
-6265
-7185
-3268
209
-6100
2920
4417
-3057
2895
-9965
9000
-3022
9680
-3593
544
2850
5564
-1473
-7066
-5830
5654
-6894
-5291
-4823
-1361
4241
-6267
-9157
9208
-9518
1420
-8359
6599
-6582
-5952
-2105
1554
890
2354
6246
3035
9914
2846
8528
-9428
-1720
9914
1118
-7479
8637
-4577
5374
6122
7278
-9047
170
8613
-4943
6927
-2859
124
-1382
-9585
7399
653
-6665
-8472
-9642
4034
6890
-1559
-7947
-97
1803
-1327
5483
3124
-8867
2089
-8182
-5522
-8280
9549
-1786
7247
-120
-8283
9903
5342
-1501
2542
5743
9037
1281
-3748
5845
-1653
-9002
-7562
2670
-3290
929
6599
1826
7210
-9648
8720
-7203
7026
-1339
-4243
6888
5730
7698
7436
4300
5658
-3768
9342
-5842
-1398
3405
-4729
-5034
3053
-4855
-7427
-3047
-3573
-1375
2748
-1840
-9906
2114
2958
8782
-3150
8231
-5562
1110
9313
9508
9295
4619
3895
9323
2942
9431
-183
-4615
4701
-25
-8460
5320
1583
5484
-9712
-623
-9207
-8162
-1661
4200
-7165
-6367
-5104
7570
2903
5466
-6146
-6376
-6104
8220
6185
312
-5405
-9878
-6265
3679
6547
-3458
6859
8849
1162
-6691
8165
6302
529
4889
9649
-4388
-9842
5655
9159
1506
473
8313
8634
-9350
10000
-3121
9690
7396
-6695
7026
5371
1435
8080
2510
6870
-3615
4304
-9790
7953
5795
8184
8573
-679
7354
-9295
9010
-149
109
-4067
-7135
5367
-3772
5584
-2862
-1304
4260
-2956
-590
-2954
8101
4921
-7082
1053
2591
-2940
-9493
3801
-4778
-2236
4204
-1446
-7091
-1578
-5567
-8833
-3395
1865
4698
4178
-1190
-7428
5929
6857
6440
-745
-9211
3662
-9816
1077
2622
1012
-9669
-571
9946
-6008
-7345
-781
1464
-427
6844
-918
-9211
-6417
-5505
3683
-5916
-6595
3394
9072
-1990
1819
-854
1377
2602
6846
-9814
7689
-4372
5389
-8695
3964
-8564
-9099
1478
2345
1716
-499
448
-8727
-2062
8605
-7894
-7133
-8384
-6015
-6001
6457
4486
-50
-4890
-3632
-8197
776
-7659
641
1323
2265
-4430
2161
4387
9189
8017
-193
-3994
-9300
-2957
-6387
7435
-4405
7010
5290
-9911
6246
-4869
6765
8469
5866
7469
-3066
-8192
-1397
-4730
6059
-3594
3675
-9271
-4447
-148
-4095
5648
2871
6409
8259
-1199
6894
488
7677
7099
6505
-8758
-1624
6264
-6288
-6977
-1651
-4498
-4841
-5009
3955
8018
6190
-3229
8789
-7553
9873
-4674
-8560
5726
7188
-195
7131
9774
6955
2162
4226
-9989
1620
8710
-2348
-2243
-1800
-4330
9058
9362
3516
-5548
4100
7597
3334
5613
-4676
-6338
-7560
9035
-1108
2214
-3043
4413
-6798
-6794
-4071
7518
6713
5689
-7067
-8247
-1918
1190
-4882
-5316
-218
9178
5883
867
2182
2517
6749
9632
-8284
8746
-8583
9864
-1008
3422
9499
-2156
-8943
-1060
1325
8923
4667
5272
-9101
-4230
-9206
819
-5976
959
9384
-9462
1520
-4707
-3305
-8293
-5622
-9185
7102
-9105
-2362
-2430
2724
-7525
649
9034
-4253
1076
-9451
9677
6289
4755
-483
-7209
